/home/diego/workspaceNEW/MirageServer/posters/JPEG/Movie Poster 7.jpg
512
408
77
125.218
-1
0
107
226
0.0166254
31
115.419
-1
0
161
230
0.0157014
31
165.665
-1
0
209
261
0.0148772
31
163.578
-1
0
161
264
0.0202103
31
-73.3391
-1
0
120
268
0.00868214
31
80.1985
-1
0
127
292
0.0120325
31
90
-1
0
123
290
0.0113395
31
104.992
-1
0
117
290
0.00953289
31
69.8424
-1
0
224
289
0.0128372
31
95.8067
-1
0
137
288
0.0114446
31
127.033
-1
0
241
287
0.0118339
31
83.6866
-1
0
133
287
0.0110484
31
-72.4567
-1
0
128
305
0.0088081
31
105.068
-1
0
206
285
0.00897577
31
76.8069
-1
0
223
283
0.0144438
31
128.897
-1
0
179
299
0.00885484
31
-174.926
-1
0
141
301
0.0124622
31
146.16
-1
0
171
302
0.0101669
31
66.5204
-1
0
394
108
0.011309
31
138.97
-1
0
101
133
0.0107595
31
109.278
-1
0
142
230
0.0122998
31
-148.257
-1
0
101
142
0.0117917
31
-78.2317
-1
0
192
270
0.011221
31
-139.635
-1
0
163
268
0.0123065
31
-70.6312
-1
0
142
268
0.0128767
31
91.5737
-1
0
209
242
0.0140826
31
-48.9767
-1
0
107
251
0.0118853
31
7.92693
-1
0
143
131
0.00808975
31
60.9272
-1
0
391
107
0.00854759
31
48.4256
-1
0
191
252
0.00839151
31
114.839
-1
0
141
239
0.00848217
31
98.6641
-1
0
131
295
0.00813061
31
-54.5543
-1
0
193
265
0.00801884
31
93.4763
-1
1
208.8
242.4
0.00921324
37.2
-179.293
-1
1
208.8
260.4
0.0100365
37.2
59.0059
-1
1
190.8
253.2
0.00888787
37.2
-79.6513
-1
1
192
270
0.00728548
37.2
133.394
-1
1
160.8
262.8
0.0143511
37.2
-151.621
-1
1
163.2
268.8
0.00816438
37.2
-76.7595
-1
1
121.2
267.6
0.00814679
37.2
-40.6989
-1
1
151.2
273.6
0.00676042
37.2
-42.1087
-1
1
198
150
0.00787871
37.2
-56.4755
-1
1
188.4
266.4
0.0104962
37.2
55.2903
-1
1
142.8
122.4
0.00966943
37.2
109.426
-1
1
142.8
230.4
0.00775179
37.2
-67.6363
-1
1
141.6
267.6
0.0121188
37.2
111.308
-1
1
162
230.4
0.0114992
37.2
81.1496
-1
1
222
283.2
0.011111
37.2
107.471
-1
1
207.6
285.6
0.00758561
37.2
58.6005
-1
1
186
285.6
0.016101
37.2
112.13
-1
1
124.8
225.6
0.00484183
37.2
138.166
-1
1
180
259.2
0.00622304
37.2
74.7449
-1
1
189.6
232.8
0.0050619
37.2
114.305
-1
1
141.6
238.8
0.00528199
37.2
107.158
-1
1
182.4
230.4
0.00560168
37.2
179.459
-1
1
166.8
273.6
0.00523584
37.2
133.736
-1
1
177.6
258
0.00431512
37.2
98.5068
-1
1
220.8
278.4
0.00439327
37.2
124.603
-1
1
144
236.4
0.00430254
37.2
108.347
-1
1
198
282
0.00406597
37.2
127.405
-1
1
182.4
279.6
0.00411332
37.2
59.3814
-1
1
206.4
127.2
0.00404257
37.2
49.7365
-1
2
338.4
151.2
0.00530999
44.64
91.0728
-1
2
208.8
241.92
0.00569089
44.64
122.574
-1
2
177.12
254.88
0.00412554
44.64
109.598
-1
2
162.72
230.4
0.0107006
44.64
171.573
-1
2
208.8
259.2
0.00719793
44.64
105.966
-1
2
181.44
230.4
0.00534423
44.64
75.8141
-1
2
191.52
233.28
0.00563632
44.64
67.281
-1
2
190.08
253.44
0.00747337
44.64
150.422
-1
2
159.84
262.08
0.0110194
44.64
-41.3124
-1
2
197.28
149.76
0.00909075
44.64
120.431
-1
2
180
257.76
0.00697486
44.64
112.543
-1
2
182.88
257.76
0.003726
44.64
-29.3578
-1
2
192.96
263.52
0.00382374
44.64
79.992
-1
3
191.808
233.28
0.00547974
53.568
102.137
-1
3
179.712
231.552
0.0058918
53.568
77
64
255
255
255
253
255
55
253
223
254
127
165
251
255
250
182
93
251
245
123
110
126
223
190
127
62
235
183
59
255
217
118
175
215
231
158
223
210
117
117
127
119
203
126
95
219
220
217
149
221
189
30
157
106
190
159
125
184
244
121
31
223
221
56
177
211
218
207
79
254
158
214
144
250
21
53
202
142
113
118
25
228
215
60
239
204
69
131
117
110
203
173
62
247
9
16
58
247
44
84
250
90
121
161
244
242
94
56
31
209
158
209
79
153
173
24
5
112
29
159
73
16
246
51
156
88
87
38
249
246
237
117
252
48
206
127
105
239
101
125
216
95
125
220
254
187
236
102
107
190
234
240
54
221
255
183
255
107
187
87
237
130
252
102
158
206
56
250
255
110
190
185
225
181
58
245
47
131
167
227
203
232
29
55
29
105
246
113
251
250
215
171
254
242
255
118
135
238
140
143
161
206
77
59
123
175
111
94
188
247
163
110
246
127
174
147
236
218
127
255
123
130
190
231
182
234
45
78
159
217
48
232
239
111
92
49
191
253
122
190
21
168
207
144
43
242
159
13
243
104
245
81
48
254
119
56
40
67
207
131
123
232
146
162
131
72
187
32
138
194
209
1
11
70
129
185
199
204
37
71
211
194
2
137
166
2
0
32
18
179
5
65
177
121
24
228
96
226
94
56
140
209
92
147
111
153
172
8
5
241
93
152
203
22
250
19
181
88
82
114
123
131
205
8
126
33
72
80
132
59
1
47
205
26
55
110
186
109
146
52
249
7
168
165
34
97
95
145
107
231
35
130
52
144
182
113
210
99
67
234
118
243
156
56
115
159
22
126
44
193
193
118
4
204
7
163
172
147
209
40
61
84
103
0
138
135
204
10
63
33
72
208
134
27
161
45
205
2
183
70
186
109
138
52
155
7
136
37
2
97
95
145
107
195
43
131
118
144
176
97
80
115
1
234
246
115
156
40
123
156
22
126
108
193
193
86
5
220
7
160
232
147
209
32
53
80
113
2
202
135
203
10
79
160
80
208
130
58
145
44
205
2
87
101
185
45
138
60
139
69
40
36
82
99
87
17
99
197
43
130
50
176
50
81
192
123
83
234
180
83
60
40
124
152
22
250
236
201
237
70
5
220
71
160
233
19
209
32
52
80
113
2
233
205
174
206
197
254
253
242
244
57
253
70
95
222
119
251
233
224
249
217
170
253
93
75
249
43
106
28
182
252
71
191
103
255
99
125
113
95
255
253
52
213
181
90
30
77
166
235
241
189
85
94
53
215
255
154
205
94
221
63
173
219
47
38
254
135
229
0
32
21
0
12
2
34
11
169
226
2
134
38
27
9
42
36
145
3
132
48
10
68
87
243
107
145
46
162
64
80
176
158
131
41
44
35
131
96
42
44
105
151
81
182
28
80
230
16
4
68
66
96
32
146
17
148
21
12
113
240
42
173
214
254
201
255
183
215
245
63
255
44
203
159
57
183
77
219
245
249
43
240
119
254
121
57
99
61
54
125
89
117
103
215
64
158
121
210
249
189
62
118
223
106
63
213
180
85
115
157
189
30
13
246
61
159
93
56
246
122
141
219
223
40
251
135
69
0
54
1
72
12
0
32
3
41
234
34
135
6
19
45
42
36
209
11
162
49
8
64
95
243
107
131
38
162
0
24
188
44
194
41
12
32
194
96
136
56
233
134
81
62
60
65
194
80
4
68
2
96
168
147
145
149
53
28
115
176
10
12
202
14
201
234
89
252
130
61
218
40
136
28
48
125
233
205
218
189
170
68
80
140
120
107
85
43
112
253
71
183
115
240
80
89
65
83
245
252
32
183
31
104
61
86
150
246
240
141
217
86
5
142
69
131
77
147
197
40
4
85
107
2
177
196
234
153
121
248
248
110
212
104
59
224
138
194
209
206
139
75
201
43
203
207
161
107
158
199
91
183
175
197
5
163
102
211
142
196
175
89
181
229
118
250
110
56
125
211
253
183
147
185
237
28
98
224
29
159
73
150
241
3
151
92
115
97
179
132
238
199
73
232
216
162
245
121
185
6
207
194
115
207
169
192
137
187
171
221
77
111
217
227
74
28
230
237
7
171
86
255
67
69
32
93
155
253
180
223
60
10
150
217
246
251
243
185
236
12
115
245
93
153
73
22
223
23
165
88
115
99
251
150
49
144
36
21
96
236
90
130
11
202
115
34
71
128
17
107
78
167
83
131
46
232
79
230
223
115
235
18
46
162
76
7
178
188
151
37
172
107
135
73
96
163
233
175
65
63
251
96
246
120
240
228
162
108
32
135
19
150
195
36
53
181
46
68
234
17
8
0
90
36
78
203
128
139
172
96
149
205
186
79
138
43
76
7
0
12
133
193
85
89
236
5
142
130
16
152
6
97
142
8
130
237
2
40
20
48
177
21
249
52
164
195
137
101
114
145
69
98
162
0
200
128
101
16
65
209
74
215
205
222
126
33
74
116
174
59
152
252
251
46
183
206
186
111
138
185
61
4
207
228
51
107
223
81
115
127
43
130
108
157
227
113
240
119
157
255
116
115
158
187
113
191
23
117
236
211
162
127
148
220
71
250
204
219
252
173
105
28
85
151
223
195
193
8
30
3
10
84
2
35
0
61
138
26
186
100
26
100
18
52
213
2
134
161
35
98
150
193
72
19
42
136
49
146
52
16
218
67
72
130
224
18
155
28
73
144
28
228
12
193
162
18
5
56
8
176
203
17
243
56
60
16
80
2
201
19
250
81
170
216
136
166
0
107
24
42
91
164
39
204
17
239
71
165
32
196
68
1
97
201
221
121
37
46
42
131
25
150
64
89
144
53
8
233
36
101
92
58
161
85
16
244
109
128
181
9
0
246
5
9
233
14
146
22
161
16
87
36
42
249
223
238
217
255
127
211
251
190
125
180
219
191
249
254
205
250
245
127
110
126
223
154
119
63
251
191
63
255
95
118
175
215
103
23
251
82
125
253
124
246
223
120
31
217
156
253
247
157
173
30
5
248
63
158
77
16
244
123
157
95
95
32
251
69
169
155
88
48
91
93
70
195
134
169
184
81
198
191
234
139
96
34
6
7
177
70
131
205
197
150
109
1
172
22
72
151
22
197
138
0
112
235
126
34
59
165
97
53
220
181
46
147
172
42
87
178
25
116
82
144
234
24
57
121
209
99
242
196
235
27
121
224
152
238
192
201
163
41
202
194
208
204
155
134
169
191
79
15
173
67
220
197
215
191
239
3
166
162
18
130
151
102
111
25
189
238
226
234
62
48
113
179
123
31
51
201
203
32
115
221
255
105
226
21
249
17
39
124
115
209
59
29
153
223
94
55
249
209
62
155
153
214
253
174
94
108
249
173
215
184
27
230
127
194
243
225
118
66
86
125
107
222
111
159
218
249
68
119
219
218
49
209
189
239
102
191
167
117
107
247
242
47
215
252
165
251
206
119
151
190
239
177
189
135
222
196
203
222
93
96
218
250
246
56
185
102
203
194
177
206
138
234
201
189
111
142
141
230
185
75
75
187
38
69
5
50
46
215
39
116
251
82
253
245
244
242
126
184
63
251
142
89
183
157
137
126
181
241
127
159
206
81
254
51
221
92
85
17
251
186
222
110
235
63
189
211
137
63
219
244
251
191
58
125
221
254
183
125
187
245
118
157
124
53
147
121
63
127
219
215
255
151
230
223
82
246
91
253
62
247
223
110
29
209
151
80
101
159
253
159
13
254
5
207
93
58
244
254
173
211
223
46
223
235
214
238
251
255
183
95
149
61
127
117
138
159
249
54
77
220
255
121
238
186
247
219
120
58
123
191
62
253
209
245
163
215
101
158
75
195
125
53
123
54
203
124
191
215
156
223
19
29
205
30
45
111
252
158
255
248
254
121
159
223
219
56
179
24
217
13
252
38
249
252
50
93
144
223
220
223
84
124
234
157
220
124
251
6
124
192
243
233
95
147
240
125
231
22
184
158
122
249
200
223
91
250
49
249
189
243
119
183
183
247
110
159
187
175
199
248
5
251
92
23
211
126
239
113
123
199
222
131
201
8
14
1
10
20
2
2
0
45
202
18
158
68
58
101
18
36
149
2
132
160
35
66
151
193
72
147
42
128
33
144
52
16
202
66
72
130
224
34
154
56
97
148
30
244
12
193
160
16
4
56
1
161
195
17
243
48
60
16
80
2
201
148
234
223
73
184
248
234
244
152
187
242
253
192
17
207
170
139
204
187
107
205
41
238
152
109
91
23
230
69
15
35
78
221
19
253
235
84
191
237
54
249
60
187
55
119
166
63
179
155
189
127
241
209
255
158
72
196
200
43
239
92
71
97
247
249
251
255
223
255
127
223
250
254
125
254
255
255
255
254
252
251
245
127
127
127
223
171
126
191
255
127
63
255
219
118
191
223
111
95
255
86
119
253
252
255
223
255
63
221
190
253
181
173
173
159
133
250
191
159
95
120
244
113
63
223
221
34
255
135
205
72
140
3
74
92
3
59
65
47
204
30
47
108
190
173
58
52
241
7
136
180
34
113
87
177
123
225
63
130
117
144
240
121
202
67
71
250
254
243
156
44
107
158
30
118
44
193
225
86
4
204
71
163
12
153
209
40
61
20
113
0
170
133
254
220
104
217
184
102
88
107
35
168
234
238
115
228
57
195
231
189
105
143
125
75
105
231
215
115
127
63
15
131
69
159
198
221
11
32
253
255
51
103
254
106
113
183
93
127
179
212
211
48
116
237
229
234
174
27
156
148
39
149
249
215
15
58
222
108
235
255
121
211
153
63
216
180
233
61
122
109
221
254
182
61
186
212
114
157
112
37
157
121
59
255
91
215
119
157
230
219
80
114
83
253
116
247
223
110
31
81
151
112
229
141
189
158
12
254
5
207
77
58
244
174
189
83
95
46
219
186
205
251
254
35
204
125
79
255
239
253
248
63
237
222
254
191
22
116
107
190
124
242
43
125
223
243
59
123
251
118
169
135
214
127
250
166
109
250
253
102
253
245
233
191
22
117
126
215
162
187
219
234
21
180
124
201
182
115
251
59
125
153
254
21
234
95
77
248
248
251
244
216
189
110
253
197
55
221
168
171
204
187
106
197
40
174
249
109
221
15
183
109
15
35
126
245
65
125
219
86
179
253
55
243
126
171
54
127
146
124
51
137
189
111
243
249
191
143
76
212
206
43
236
88
71
35
183
192
251
147
127
240
184
254
200
201
171
169
234
226
193
206
155
55
171
190
79
47
173
67
220
197
95
251
239
195
39
162
150
235
151
238
111
25
189
230
227
234
126
176
241
191
123
159
49
232
203
32
115
85
255
125
242
85
185
149
39
60
115
211
43
243
253
247
63
221
102
213
174
246
101
252
255
47
239
198
188
255
166
55
119
122
138
181
36
246
239
249
59
251
59
194
191
168
111
36
254
190
17
125
252
91
218
185
251
220
123
252
164
233
166
199
137
248
30
4
101
248
180
229
56
190
212
190
221
29
249
93
212
55
185
125
122
59
23
223
244
254
94
236
89
191
247
252
59
167
124
192
243
169
118
243
126
124
111
220
105
94
86
189
202
70
223
250
23
81
189
239
103
191
133
245
47
199
243
35
247
236
165
250
20
113
23
254
207
241
185
197
158
197
207
131
121
201
146
162
202
8
177
132
207
130
209
3
10
96
137
189
7
206
141
78
83
71
218
153
102
129
2
2
86
183
163
65
49
113
156
239
100
226
62
40
198
217
89
25
227
217
140
8
85
245
93
152
203
23
248
151
181
88
117
147
91
78
136
138
93
234
217
222
229
25
187
95
221
146
196
107
234
233
221
57
107
142
45
238
89
45
206
58
46
85
67
63
126
119
167
125
91
82
255
239
54
147
252
232
126
143
142
77
179
221
72
126
181
237
255
181
234
209
250
171
255
93
13
19
182
27
217
207
239
55
123
253
254
29
156
94
223
191
92
239
233
235
213
185
47
228
61
198
115
109
223
51
53
127
67
62
127
215
103
253
248
118
123
249
53
113
253
255
126
223
150
117
111
159
189
31
133
248
55
159
77
80
242
59
255
89
15
38
254
128
250
85
105
249
184
174
88
107
59
169
234
238
113
196
25
199
133
174
43
142
108
10
249
230
215
115
255
63
39
161
86
223
215
252
9
96
189
126
35
103
106
170
125
191
217
124
147
64
211
48
242
69
224
239
174
77
220
148
7
212
113
209
55
224
9
163
146
0
78
4
199
143
197
47
198
19
132
118
174
159
65
100
37
22
135
116
7
91
215
157
46
3
154
18
8
132
5
99
154
128
12
238
74
32
25
36
161
189
92
53
172
209
168
161
152
145
91
48
146
57
56
0
57
24
85
24
234
235
223
238
219
255
127
211
219
191
85
30
207
159
253
126
237
235
245
125
103
94
255
186
114
127
255
61
62
255
91
54
41
215
103
87
251
82
115
253
244
214
221
120
63
217
30
253
229
157
173
24
12
248
31
159
77
24
244
113
189
90
95
34
251
196
203
143
125
232
218
250
228
56
187
109
207
154
241
79
170
41
137
57
111
14
141
238
185
75
203
187
238
197
3
50
46
247
55
117
123
83
255
253
246
242
126
184
63
219
158
249
177
221
140
30
181
209
127
159
235
209
252
49
189
92
84
19
251
194
207
207
91
238
158
210
131
186
21
52
202
159
241
118
153
228
215
61
103
196
71
162
115
111
139
173
46
255
9
48
122
247
36
84
250
82
121
165
244
210
222
56
31
209
22
209
79
153
173
24
5
248
29
159
73
16
246
51
189
88
87
34
249
132
170
215
75
232
216
160
245
249
185
6
223
194
51
219
168
138
129
235
43
205
5
111
221
203
74
28
166
45
143
139
70
255
64
69
180
93
154
237
180
223
28
40
182
249
114
187
225
185
236
173
115
245
29
153
72
6
251
23
165
120
83
99
255
144
250
215
89
60
120
168
244
216
187
224
219
66
193
223
139
251
196
235
171
205
169
111
158
201
27
55
162
205
15
163
246
223
46
237
63
92
188
233
118
250
94
34
191
219
240
59
241
184
236
124
115
224
159
29
73
134
240
131
183
124
119
97
183
94
56
177
164
222
107
42
101
73
40
210
53
112
132
202
242
249
73
131
208
205
145
203
136
143
88
248
199
130
110
191
206
5
177
245
175
60
226
205
69
201
21
215
40
77
7
175
105
254
118
201
198
226
247
120
49
198
27
135
241
13
43
116
70
201
217
239
221
254
119
223
254
61
255
252
219
223
253
247
233
235
213
61
111
76
205
238
120
111
255
187
59
255
75
54
63
247
103
28
251
82
117
253
244
82
222
122
62
221
158
221
181
157
173
30
5
248
191
156
77
16
244
57
159
92
87
34
251
243
213
220
62
255
170
95
56
242
1
253
251
174
249
6
25
237
183
62
212
107
239
131
116
230
255
249
127
251
53
224
45
158
109
148
222
74
49
176
127
63
202
155
11
221
57
223
13
129
182
83
133
104
190
215
109
120
183
189
155
184
199
182
93
0
8
131
135
201
201
210
236
28
169
6
85
177
70
171
224
106
17
17
66
196
41
238
72
47
138
16
7
194
139
59
111
71
167
117
250
18
243
205
22
209
244
68
10
73
6
41
227
153
36
90
5
240
31
156
65
16
112
43
185
72
7
32
254
251
221
239
215
223
109
215
248
255
117
222
223
191
253
254
253
251
245
127
103
126
255
186
124
63
255
55
59
255
219
126
191
215
111
119
223
210
119
253
254
215
221
254
63
221
30
253
181
141
181
218
140
250
191
141
93
120
180
97
191
223
223
46
254
67
210
130
43
237
146
142
128
34
59
32
203
170
67
5
25
100
195
37
150
192
37
3
123
70
131
235
47
147
40
161
114
247
36
28
177
122
60
33
224
98
74
56
137
209
16
209
95
25
172
24
1
112
24
157
73
16
242
51
156
92
86
32
177
223
251
95
223
254
153
223
160
122
159
127
251
191
115
125
248
52
147
124
191
111
252
129
250
169
127
243
251
238
235
247
187
242
125
92
215
95
121
250
253
247
223
249
127
247
142
218
63
143
143
23
231
252
135
159
239
87
247
56
95
125
63
177
189
219
217
220
126
255
169
95
56
250
1
253
251
174
255
6
89
255
151
60
244
111
207
131
116
166
255
249
123
251
41
228
45
159
109
148
222
79
113
177
119
55
219
223
31
221
29
221
29
142
182
83
133
104
190
215
105
120
182
189
187
56
79
166
93
16
42
151
215
232
157
160
225
202
185
90
23
209
116
219
224
114
193
235
42
221
45
79
223
155
74
52
166
140
206
147
222
119
3
69
52
92
186
239
70
237
84
193
54
109
166
153
227
186
237
169
243
182
29
25
89
70
122
19
229
104
103
97
126
251
221
239
255
255
253
223
153
254
111
61
222
191
236
126
253
255
247
125
119
126
255
186
124
63
255
191
59
251
91
119
191
199
239
223
219
210
119
253
247
210
223
126
255
221
30
253
181
221
188
154
13
248
191
157
125
56
180
121
191
223
223
62
249
112
34
147
63
152
192
172
229
192
170
200
189
225
198
155
42
251
128
227
66
207
175
79
159
216
77
246
171
3
142
163
198
111
47
111
191
29
188
109
110
41
68
176
174
111
241
47
247
184
236
120
115
240
30
28
65
134
248
131
177
60
102
161
102
146
58
210
119
32
16
172
230
206
187
242
115
103
161
210
154
255
130
111
219
15
142
237
157
207
31
119
235
6
132
160
254
89
175
108
159
93
60
37
198
109
66
177
63
203
229
30
148
232
229
116
208
98
30
167
105
198
240
129
213
124
117
128
54
243
221
186
95
39
70
221
139
191
229
45
235
167
202
38
63
191
183
52
27
190
175
243
111
113
247
243
63
83
123
198
127
143
175
51
116
178
141
250
255
115
255
231
233
191
80
189
111
245
138
186
157
252
163
252
231
57
179
254
123
187
245
157
222
3
193
4
10
197
136
15
24
42
3
41
202
168
79
36
1
133
55
36
20
72
119
2
96
64
247
153
36
16
10
2
1
222
4
211
160
16
72
234
104
100
92
60
41
149
80
245
111
144
174
24
5
178
25
220
67
56
178
50
53
24
211
32
74
43
222
76
138
159
249
128
25
63
81
166
233
190
122
108
253
238
246
37
176
196
86
155
117
99
149
113
43
255
91
159
97
159
102
219
146
114
83
249
52
247
223
110
13
85
150
244
231
148
189
24
4
250
133
207
73
24
178
182
191
81
95
38
219
154
218
214
247
255
57
13
190
222
57
218
123
191
222
110
217
255
214
109
216
76
158
171
125
7
223
243
43
215
73
244
239
223
45
252
254
87
119
161
119
113
95
118
63
205
133
221
213
204
183
92
132
98
191
159
73
128
240
181
159
93
79
164
126
194
200
206
219
238
156
80
3
62
49
52
203
158
241
126
153
228
215
53
227
204
167
170
115
111
154
181
47
211
9
51
110
215
38
84
250
82
123
233
244
210
222
56
15
209
22
241
207
153
172
24
5
248
29
159
73
16
242
51
189
88
87
34
249
122
221
237
252
38
236
127
77
253
239
253
136
221
229
124
254
157
92
112
111
190
249
210
43
253
215
163
189
91
243
60
169
194
150
191
233
170
109
242
113
50
238
245
233
183
31
117
62
223
138
178
75
232
157
117
124
153
183
123
251
63
246
219
179
131
194
2
43
237
18
142
138
34
59
48
203
170
67
4
25
100
131
37
146
192
4
137
123
70
147
251
47
147
8
161
114
211
164
92
179
123
52
33
228
98
74
8
13
209
16
208
93
153
172
24
1
116
24
157
73
16
242
51
157
92
87
34
57
128
8
130
135
201
200
208
200
28
137
6
87
178
70
235
224
106
21
21
66
196
13
143
73
47
154
48
7
210
11
59
126
87
39
125
218
18
119
205
20
209
84
20
10
73
6
169
243
137
36
90
5
248
7
140
65
16
112
58
169
72
7
32
250
20
232
95
205
248
249
251
252
248
157
78
221
199
55
217
232
171
197
223
43
196
73
238
249
109
237
12
183
127
75
51
255
245
69
125
219
118
251
253
181
211
220
59
54
255
150
124
115
137
61
127
177
249
183
156
76
212
254
42
236
88
15
39
254
179
221
110
255
255
110
223
171
222
77
253
251
47
107
86
188
245
231
126
247
119
170
181
118
254
239
231
123
255
187
226
187
226
109
30
223
255
53
248
253
91
222
177
251
216
27
222
92
203
191
211
137
248
55
149
113
232
183
113
58
254
214
186
189
11
217
207
237
55
123
245
250
189
220
94
207
31
60
111
233
169
221
185
47
68
93
196
115
111
223
17
52
127
67
62
57
214
99
249
248
118
123
217
53
113
253
186
63
221
150
117
238
157
185
31
133
248
53
158
76
17
246
59
255
81
31
6
250
219
218
214
94
255
41
85
62
254
61
244
251
175
219
38
89
254
246
61
249
232
206
171
61
34
187
241
59
255
73
244
111
219
111
180
254
70
117
49
247
215
207
122
31
217
21
221
213
204
183
94
132
106
190
159
77
56
180
183
159
221
77
134
223
219
218
214
94
63
57
85
58
254
61
244
251
175
219
70
219
230
246
61
121
236
206
169
63
43
171
243
59
255
73
112
109
219
103
180
254
87
127
181
245
215
223
250
31
216
147
73
197
136
181
95
132
104
190
143
77
48
244
167
222
220
84
166
221
7
236
131
47
217
232
165
142
217
13
232
249
98
79
207
137
139
44
163
18
229
15
47
199
103
255
17
167
171
98
75
71
159
235
105
48
61
128
255
45
109
60
174
227
109
113
191
227
96
214
233
250
149
230
104
162
111
141
198
35
162
229
149
78
3
12
130
39
217
200
208
8
24
9
6
87
162
70
201
161
98
87
21
66
196
12
139
81
107
158
48
3
214
11
42
63
86
39
125
210
115
127
201
20
209
212
24
10
73
6
168
247
137
52
90
5
248
7
141
65
16
114
58
173
72
7
34
250
130
194
130
211
205
144
132
138
50
187
48
203
170
195
6
25
100
131
37
147
200
172
175
123
66
146
243
43
147
9
33
118
247
166
20
48
114
116
35
244
66
74
8
14
208
20
209
215
25
172
24
5
116
24
157
73
16
242
51
157
88
85
34
249
