/home/diego/workspaceNEW/MirageServer/posters/JPEG/Movie Poster 8.jpg
512
745
37
-67.3233
-1
0
226
629
0.0127429
31
-69.8435
-1
0
231
629
0.00856079
31
-64.179
-1
0
378
101
0.00880024
31
-64.9831
-1
0
192
626
0.0109419
31
-77.9517
-1
0
188
621
0.00865427
31
-67.0381
-1
0
196
625
0.00652401
31
-94.3736
-1
0
178
631
0.00701054
31
133.32
-1
0
397
334
0.00817583
31
-15.8025
-1
0
106
209
0.0069075
31
-71.6837
-1
0
227
634
0.00681957
31
-87.8132
-1
0
165
616
0.00738709
31
-83.6888
-1
0
220
621
0.0063969
31
-83.7742
-1
1
219.6
622.8
0.00659407
37.2
-80.0581
-1
1
188.4
621.6
0.0059079
37.2
-86.4965
-1
1
165.6
616.8
0.00700815
37.2
18.1161
-1
1
136.8
225.6
0.00645971
37.2
5.16847
-1
1
133.2
230.4
0.00521215
37.2
77.1756
-1
1
207.6
570
0.00426089
37.2
-82.9638
-1
1
187.2
618
0.00404314
37.2
-175.486
-1
1
390
127.2
0.00306958
37.2
-84.5768
-1
1
169.2
622.8
0.00308677
37.2
60.8324
-1
2
208.8
568.8
0.00285487
44.64
112.59
-1
2
295.2
300.96
0.00192055
44.64
22.2606
-1
2
144
228.96
0.00171416
44.64
34.6409
-1
3
281.664
191.808
0.00117532
53.568
-27.8755
-1
3
212.544
271.296
0.00135293
53.568
125.942
-1
3
290.304
300.672
0.00107748
53.568
114.747
-1
3
293.76
302.4
0.00189992
53.568
59.9058
-1
3
207.36
570.24
0.0015316
53.568
28.4052
-1
3
186.624
243.648
0.000987367
53.568
134.229
-1
4
282.01
223.949
0.000620985
64.2816
66.9606
-1
4
238.464
213.581
0.000901219
64.2816
126.027
-1
4
294.451
300.672
0.00191366
64.2816
-3.07333
-1
4
211.507
271.642
0.00105515
64.2816
67.5294
-1
4
234.317
219.802
0.000869694
64.2816
145.125
-1
4
286.157
217.728
0.000721883
64.2816
102.407
-1
5
256.297
266.25
0.000638342
77.1379
37
64
206
208
138
177
254
176
222
209
10
235
41
202
130
198
166
91
233
213
60
199
143
181
114
88
70
215
187
111
210
47
55
51
199
36
222
203
82
125
233
247
112
74
48
45
215
28
245
63
153
172
24
5
240
189
156
97
16
178
49
191
92
87
48
186
206
220
234
185
254
221
222
193
43
235
41
202
218
192
230
253
233
213
61
231
143
181
114
120
71
215
187
111
211
31
55
51
199
36
95
219
82
125
233
246
114
94
56
45
215
28
245
63
157
172
24
5
240
29
156
73
16
242
49
189
92
87
32
186
82
5
137
150
0
132
92
33
3
230
17
2
144
229
16
2
4
67
0
227
138
172
66
195
216
2
166
108
0
160
145
73
67
54
16
32
11
72
34
74
48
96
165
233
134
16
197
15
19
136
24
67
36
24
28
73
9
51
19
177
0
50
65
234
254
220
170
185
255
247
223
217
158
231
157
250
147
204
179
95
217
213
58
87
142
183
214
88
47
215
191
111
211
59
119
59
199
172
159
203
210
125
233
119
112
88
116
41
215
28
181
63
159
172
24
5
248
189
156
115
16
178
57
191
93
215
56
250
222
218
255
253
255
251
219
248
158
191
253
254
207
216
223
249
251
213
63
111
238
143
174
121
111
223
191
47
215
11
118
191
247
37
221
219
82
127
237
119
242
94
249
63
221
30
249
181
159
173
30
133
248
191
157
107
80
244
49
191
92
87
50
255
254
220
235
249
255
247
223
217
159
231
189
190
147
204
255
255
217
213
58
71
158
183
214
121
63
215
191
111
211
123
119
187
199
172
159
203
210
125
237
119
50
93
116
61
215
28
181
63
159
172
26
5
250
189
156
115
16
242
121
191
93
223
58
242
76
15
196
148
202
143
34
51
52
116
86
23
158
255
186
70
224
221
89
100
220
141
194
243
74
122
188
14
248
0
58
105
87
37
85
187
83
122
197
84
84
84
24
14
205
12
229
207
153
36
24
4
240
29
156
73
24
118
51
189
72
23
32
250
4
3
0
128
1
18
160
66
0
152
2
67
128
17
128
3
194
9
5
65
192
36
192
83
65
10
128
6
80
8
33
64
86
36
84
186
80
122
129
212
208
84
24
14
192
4
193
79
153
44
24
5
240
29
157
73
16
242
51
189
72
87
32
250
9
2
4
160
0
39
36
102
97
36
64
0
88
165
49
2
196
104
1
224
96
192
65
144
76
40
140
136
96
132
185
193
80
36
17
168
9
104
0
72
44
1
28
3
68
20
198
76
25
40
9
4
114
28
24
9
40
226
19
144
72
66
96
224
197
33
138
17
216
130
14
192
2
171
1
10
194
195
130
11
200
65
33
199
139
165
67
73
70
86
187
111
128
12
163
2
87
4
149
171
0
44
97
86
96
72
56
169
215
88
181
63
25
172
24
1
224
25
28
73
16
178
17
177
28
83
96
226
222
248
223
253
255
251
255
254
252
191
253
251
255
220
246
251
251
213
127
111
110
223
174
61
47
255
191
63
223
75
118
191
243
103
156
251
82
119
253
247
218
222
250
62
219
31
217
181
221
189
94
133
249
191
159
111
208
252
57
159
93
31
50
191
223
216
222
253
255
243
255
252
60
189
253
219
143
217
246
251
235
213
61
111
110
141
174
57
47
255
187
63
223
79
118
191
243
37
60
251
82
117
253
247
83
222
251
63
219
30
221
181
205
189
86
165
248
191
148
105
208
252
57
191
92
87
54
191
221
216
222
221
255
241
253
244
58
191
125
251
142
251
230
233
235
213
61
111
109
141
174
56
47
127
187
123
221
79
246
63
241
101
60
251
82
117
253
247
83
222
122
63
219
30
220
181
141
173
86
133
248
191
149
77
144
244
57
191
92
87
34
187
255
216
254
253
255
253
219
240
190
255
125
222
159
218
254
253
251
213
125
111
110
151
174
121
47
255
191
111
215
91
118
191
243
37
93
251
82
117
237
246
114
94
120
63
223
30
253
181
157
173
30
133
248
191
156
73
208
244
49
189
93
95
34
187
220
218
207
253
255
127
255
254
188
191
124
219
159
218
246
239
251
245
127
111
110
159
174
61
47
255
191
63
223
75
118
191
243
103
126
251
82
119
253
247
219
94
122
63
219
158
217
181
141
189
94
133
249
191
159
77
208
252
49
159
221
95
50
191
35
22
64
162
23
0
13
9
39
66
17
32
61
14
32
85
224
246
1
240
0
50
144
32
68
148
160
9
18
24
57
73
80
36
86
154
66
112
1
68
4
66
28
9
212
20
196
76
144
44
16
4
98
25
148
73
16
114
51
188
88
86
32
120
35
6
0
162
13
8
4
73
37
64
10
4
32
13
104
133
227
116
5
96
192
2
17
116
68
156
32
9
146
2
41
65
80
36
86
154
64
34
129
196
132
84
24
139
68
66
228
76
136
36
16
0
112
29
133
73
16
114
35
180
72
86
32
120
3
23
0
2
204
134
7
2
34
4
1
64
128
75
4
17
102
99
0
132
194
39
17
71
66
128
12
13
18
40
200
1
6
46
146
146
32
8
7
72
4
66
24
201
64
72
132
207
80
36
16
0
32
0
10
131
49
50
18
148
64
209
52
105
223
250
223
253
254
253
255
248
191
191
127
219
223
254
254
248
251
213
127
111
110
157
174
57
111
255
191
63
223
75
118
191
243
101
125
251
86
119
253
247
243
94
249
63
223
30
253
181
205
173
86
165
248
191
151
109
208
244
49
253
221
95
50
191
64
73
16
154
1
74
36
102
1
0
47
132
32
135
204
170
227
0
1
68
7
128
229
2
73
13
128
8
3
132
136
64
240
38
97
186
1
2
129
204
178
210
16
167
84
18
38
204
129
36
118
0
32
31
131
1
144
224
41
176
88
70
34
232
238
222
230
221
255
247
143
241
44
255
48
219
159
202
179
79
249
245
125
103
124
143
254
121
14
255
191
47
211
90
118
191
227
37
95
187
82
124
237
118
116
76
112
63
223
28
217
181
156
172
24
5
242
191
156
73
144
244
49
157
92
87
32
186
35
7
0
50
201
130
3
10
98
68
1
66
162
107
0
21
98
35
4
100
194
46
25
103
86
146
2
13
130
40
8
1
18
167
12
154
0
8
7
142
133
98
8
200
72
72
192
135
64
36
16
0
37
0
142
163
17
114
18
149
64
4
48
57
93
249
223
121
252
243
251
252
216
191
214
253
239
241
201
200
107
205
191
111
236
109
238
223
175
255
123
183
111
71
99
191
223
67
157
191
127
189
253
125
121
92
187
47
255
169
255
247
191
189
15
247
249
253
156
77
84
254
63
207
216
151
241
254
34
22
96
162
23
4
5
9
166
70
41
0
45
8
52
85
246
244
1
112
208
34
145
102
84
136
161
9
18
56
49
105
0
44
22
186
194
112
1
212
34
66
20
137
208
84
228
78
144
164
16
12
98
24
156
73
16
178
51
156
90
86
40
248
221
254
119
41
220
114
167
252
248
59
202
63
236
183
203
249
235
205
187
96
233
193
174
184
206
221
121
163
255
79
107
127
121
197
221
251
117
247
45
118
127
84
90
22
77
139
78
209
140
125
94
180
221
191
142
105
204
252
141
140
220
71
54
180
253
62
247
101
248
254
167
244
248
189
202
119
207
125
219
165
251
237
239
107
245
79
62
253
223
127
29
246
236
23
99
222
127
107
101
188
221
178
253
124
125
20
58
182
237
227
191
225
168
253
205
123
241
255
156
69
110
252
215
165
234
215
109
126
93
185
223
125
246
251
251
252
216
159
214
191
255
214
171
250
251
221
187
127
111
253
198
215
175
255
254
189
95
67
118
170
223
111
253
255
95
127
253
117
121
125
251
126
223
189
255
183
191
190
15
247
241
191
156
109
84
254
63
255
125
79
247
246
93
249
223
121
244
251
255
250
248
159
212
255
239
253
205
216
251
237
187
110
230
109
198
255
175
255
127
253
109
71
114
187
223
79
189
255
95
61
253
125
121
220
187
63
127
185
127
247
191
189
63
247
248
253
158
77
116
254
63
239
248
207
241
182
195
7
128
118
193
130
78
10
34
65
1
66
162
235
0
21
98
35
36
71
2
45
145
99
70
154
34
15
146
40
0
5
18
167
60
155
0
12
23
206
69
226
24
201
137
8
201
159
65
36
16
16
97
2
174
171
25
122
48
23
8
53
145
41
183
250
211
55
189
232
187
220
250
189
130
253
39
95
198
217
235
198
37
99
197
33
231
118
205
223
241
43
211
10
99
127
215
36
85
186
82
48
233
116
112
92
56
175
213
16
245
111
153
172
24
1
240
29
156
73
16
242
51
189
88
87
32
250
126
249
255
125
34
183
248
227
250
180
247
187
223
242
249
218
244
171
123
239
191
191
85
215
159
106
231
253
64
244
244
242
227
62
103
190
219
62
242
125
250
127
177
238
249
119
147
111
185
174
136
75
240
29
25
81
55
243
83
191
123
242
235
251
187
252
125
231
191
189
219
9
254
127
215
250
255
122
116
92
254
183
118
243
247
126
243
127
189
187
247
127
126
251
245
239
215
236
14
222
250
121
249
255
217
223
253
77
209
117
241
111
189
174
154
15
248
21
159
93
56
246
243
189
251
159
40
255
253
251
255
125
252
255
255
250
252
157
215
255
239
255
223
217
251
253
251
110
127
239
194
247
175
255
247
255
255
71
246
175
223
103
213
255
215
127
253
125
125
253
187
119
253
185
255
63
189
189
159
247
248
191
158
69
112
254
123
191
248
231
181
254
252
62
119
229
252
255
171
249
252
253
218
119
207
125
219
228
251
237
207
106
253
111
158
252
223
254
189
183
236
222
115
223
111
105
111
191
220
186
253
125
221
84
219
190
237
163
251
115
172
189
205
171
243
191
159
93
100
254
83
253
234
135
40
254
187
244
253
247
63
181
221
9
246
255
245
248
255
122
52
92
255
247
126
251
247
118
243
127
188
255
247
127
127
253
245
239
199
236
142
222
218
121
249
255
122
223
253
109
209
117
245
111
159
175
154
15
248
21
158
85
56
247
243
157
251
223
40
255
124
63
255
125
50
23
248
231
194
166
243
176
95
226
187
90
242
139
99
239
183
127
85
215
159
107
231
221
66
252
244
250
231
62
103
191
219
60
243
92
184
125
181
238
255
127
147
111
255
174
169
219
242
29
57
85
69
243
83
243
123
242
233
235
126
249
255
255
118
55
253
183
215
254
245
187
255
218
191
94
246
223
122
255
255
255
195
255
191
107
247
255
127
245
246
239
207
125
183
247
255
125
240
117
122
223
247
127
255
181
215
111
191
191
159
207
248
189
158
93
119
247
127
223
251
255
175
247
