/home/diego/workspaceNEW/MirageServer/posters/JPEG/Movie Poster 121.jpg
512
759
228
17.2457
-1
0
244
632
0.010722
31
29.3578
-1
0
324
630
0.00968905
31
100.926
-1
0
294
652
0.0110539
31
108.039
-1
0
280
652
0.0140267
31
113.199
-1
0
264
652
0.0133583
31
75.348
-1
0
240
652
0.0131247
31
83.8953
-1
0
231
652
0.0107918
31
84.0572
-1
0
226
652
0.0145545
31
95.7007
-1
0
219
652
0.0130162
31
99.0855
-1
0
190
652
0.0149431
31
61.3799
-1
0
246
651
0.0156699
31
95.3195
-1
0
214
651
0.0160057
31
97.5083
-1
0
201
651
0.016742
31
101.032
-1
0
186
651
0.0165068
31
-60.8657
-1
0
325
628
0.0132501
31
145.045
-1
0
159
651
0.0118075
31
78.9457
-1
0
319
647
0.0115547
31
73.9484
-1
0
314
645
0.0108443
31
148.844
-1
0
167
645
0.0139269
31
-54.1302
-1
0
324
625
0.00687421
31
-178.639
-1
0
162
635
0.0142429
31
107.103
-1
0
217
633
0.0118022
31
161.484
-1
0
173
633
0.0130468
31
49.1849
-1
0
299
632
0.00943848
31
-131.769
-1
0
294
625
0.00796234
31
-34.7468
-1
0
240
625
0.0121753
31
-150.824
-1
0
172
625
0.0116839
31
-125.887
-1
0
215
624
0.0133391
31
-116.565
-1
0
183
624
0.0169335
31
-108.097
-1
0
179
619
0.0157428
31
-81.615
-1
0
242
615
0.0132822
31
-84.8674
-1
0
219
624
0.0097866
31
-113.983
-1
0
178
615
0.0165208
31
-123.254
-1
0
186
616
0.00838736
31
-132.519
-1
0
174
615
0.0126846
31
-118.369
-1
0
281
614
0.0106482
31
-145.548
-1
0
271
614
0.0169986
31
-63.2263
-1
0
246
614
0.0130862
31
-89.8664
-1
0
221
614
0.0141855
31
-141.699
-1
0
269
612
0.0197364
31
-109.277
-1
0
191
612
0.0205732
31
-35.3112
-1
0
353
608
0.0105364
31
-72.2895
-1
0
340
608
0.0108927
31
-78.5441
-1
0
329
608
0.0123293
31
-105.617
-1
0
286
608
0.0149538
31
-125.328
-1
0
269
608
0.00973435
31
-95.6462
-1
0
208
608
0.017675
31
-100.866
-1
0
191
608
0.0107021
31
-176.258
-1
0
160
641
0.00780079
31
81.7154
-1
0
323
652
0.0137848
31
97.8602
-1
0
305
652
0.0169869
31
107.741
-1
0
284
652
0.0139908
31
99.4092
-1
0
206
652
0.0124657
31
-106.362
-1
0
297
614
0.00882413
31
112.551
-1
0
171
645
0.00903114
31
133.332
-1
0
213
634
0.00892849
31
-76.9254
-1
0
327
613
0.00811592
31
-128.884
-1
0
185
618
0.0076649
31
-94.5235
-1
0
300
615
0.0133174
31
-100.496
-1
0
218
614
0.0126847
31
-99.6079
-1
0
203
614
0.0118931
31
-98.8543
-1
0
206
613
0.0176804
31
-103.373
-1
0
291
608
0.0102907
31
-88.2504
-1
0
236
608
0.00949448
31
-114.669
-1
0
284
613
0.012395
31
-96.4854
-1
0
212
610
0.0120388
31
-60.9787
-1
0
253
609
0.0110259
31
-83.1105
-1
0
229
609
0.00882302
31
100.681
-1
0
302
649
0.0144968
31
-74.5139
-1
0
334
608
0.00920438
31
101.111
-1
0
300
650
0.0265061
31
-124.928
-1
0
271
608
0.0115974
31
-82.6898
-1
0
227
608
0.00838879
31
-96.9112
-1
0
184
608
0.0100527
31
79.3104
-1
0
329
651
0.00775824
31
66.0646
-1
0
339
651
0.00691553
31
103.485
-1
0
269
652
0.0122424
31
100.356
-1
0
299
652
0.0144719
31
84.3885
-1
0
318
652
0.00866809
31
-9.36845
-1
0
244
624
0.00666003
31
-74.0546
-1
0
298
624
0.00670877
31
61.6238
-1
0
99
172
0.000211321
31
-43.9409
-1
0
340
616
0.00143788
31
39.6311
-1
0
146
340
0.000279525
31
122.354
-1
0
291
638
0.00229775
31
46.0016
-1
0
345
652
0.00590637
31
116.565
-1
0
304
628
0.00339943
31
-67.3801
-1
0
321
615
0.00577107
31
92.0052
-1
0
173
652
0.000836197
31
19.2968
-1
0
250
628
0.00240912
31
59.5225
-1
0
236
637
0.00200045
31
-122.963
-1
0
171
608
0.0025202
31
56.2774
-1
0
102
167
0.000321104
31
-4.02964
-1
0
343
624
0.00214638
31
-95.5567
-1
0
215
608
0.00141873
31
90.5293
-1
0
176
650
0.00162266
31
-85.7932
-1
0
306
608
0.00448682
31
-83.0295
-1
0
318
608
0.000818508
31
-50.6307
-1
0
347
608
0.00641242
31
-132.671
-1
0
168
610
0.00387378
31
-88.391
-1
0
309
610
0.00588183
31
-83.4224
-1
0
315
610
0.0026857
31
-138.447
-1
0
167
612
0.00130992
31
94.9894
-1
0
178
647
0.000467263
31
-89.1376
-1
0
309
612
0.00105729
31
37.5161
-1
0
335
636
0.00341876
31
-26.0754
-1
0
319
625
0.00639278
31
67.2737
-1
0
316
634
0.00509596
31
-86.4703
-1
1
308.4
608.4
0.00453153
37.2
-179.434
-1
1
162
633.6
0.0136467
37.2
131.889
-1
1
216
632.4
0.0130654
37.2
172.26
-1
1
172.8
632.4
0.0116805
37.2
-37.3918
-1
1
240
624
0.00970576
37.2
-126.168
-1
1
216
624
0.0107482
37.2
-151.756
-1
1
172.8
624
0.0100164
37.2
-109.058
-1
1
180
618
0.0171927
37.2
-138.07
-1
1
271.2
614.4
0.0130956
37.2
-63.5047
-1
1
246
614.4
0.0131756
37.2
-79.7593
-1
1
242.4
614.4
0.0155722
37.2
-91.107
-1
1
220.8
614.4
0.0170715
37.2
-110.191
-1
1
193.2
614.4
0.012446
37.2
-114.314
-1
1
177.6
614.4
0.0148302
37.2
-127.942
-1
1
174
614.4
0.0121952
37.2
-128.55
-1
1
268.8
610.8
0.0161086
37.2
66.8014
-1
1
300
631.2
0.0068614
37.2
-47.1949
-1
1
348
607.2
0.00593431
37.2
-102.119
-1
1
291.6
607.2
0.00813014
37.2
-120.336
-1
1
271.2
607.2
0.00928527
37.2
-86.9406
-1
1
226.8
607.2
0.00796463
37.2
152.471
-1
1
212.4
633.6
0.00753878
37.2
16.5688
-1
1
244.8
632.4
0.010165
37.2
-62.0764
-1
1
324
625.2
0.00735688
37.2
-138.954
-1
1
295.2
624
0.00822254
37.2
-127.304
-1
1
182.4
624
0.0143629
37.2
-50.8489
-1
1
319.2
622.8
0.00642458
37.2
-102.995
-1
1
298.8
622.8
0.00576286
37.2
-15.2551
-1
1
243.6
622.8
0.0117166
37.2
-98.4889
-1
1
219.6
622.8
0.00900281
37.2
-125.263
-1
1
184.8
616.8
0.0076812
37.2
-75.1508
-1
1
321.6
614.4
0.00505937
37.2
-96.284
-1
1
300
614.4
0.0118695
37.2
-108.483
-1
1
296.4
614.4
0.00756249
37.2
-119.833
-1
1
280.8
614.4
0.00819597
37.2
-100.851
-1
1
217.2
614.4
0.0106668
37.2
-105.402
-1
1
202.8
614.4
0.00908024
37.2
-106.906
-1
1
190.8
610.8
0.0269398
37.2
-34.5595
-1
1
352.8
608.4
0.010156
37.2
-69.4986
-1
1
339.6
608.4
0.0129489
37.2
-74.0071
-1
1
334.8
608.4
0.00930075
37.2
-78.9449
-1
1
328.8
608.4
0.0170248
37.2
-68.0825
-1
1
253.2
608.4
0.00897973
37.2
-88.4602
-1
1
236.4
608.4
0.0101471
37.2
-96.2852
-1
1
206.4
608.4
0.0194583
37.2
-104.334
-1
1
190.8
608.4
0.0180706
37.2
-104.444
-1
1
184.8
608.4
0.0109652
37.2
-103.98
-1
1
285.6
607.2
0.0113705
37.2
-96.755
-1
1
212.4
609.6
0.0125032
37.2
-5.04245
-1
1
324
628.8
0.0113724
37.2
-86.6042
-1
1
229.2
609.6
0.0106107
37.2
-104.149
-1
1
188.4
608.4
0.0198314
37.2
-116.153
-1
1
284.4
614.4
0.0131859
37.2
-97.32
-1
1
206.4
610.8
0.0264052
37.2
73.664
-1
1
316.8
633.6
0.00479027
37.2
-110.436
-1
1
284.4
612
0.0124825
37.2
-80.5597
-1
1
327.6
612
0.00862844
37.2
-96.5819
-1
1
211.2
607.2
0.0115493
37.2
-115.832
-1
1
186
614.4
0.00832667
37.2
-101.522
-1
1
207.6
614.4
0.0141231
37.2
-139.614
-1
1
166.8
612
0.00134407
37.2
-82.5133
-1
1
315.6
608.4
0.0023919
37.2
-57.866
-1
1
254.4
612
0.00200419
37.2
40.6483
-1
1
145.2
338.4
0.000397479
37.2
-167.8
-1
1
304.8
627.6
0.00424899
37.2
8.03166
-1
1
249.6
627.6
0.00314565
37.2
-5.18378
-1
1
343.2
624
0.00209299
37.2
-120.471
-1
1
171.6
607.2
0.00272347
37.2
-133.815
-1
1
168
609.6
0.00412737
37.2
-94.0787
-1
1
214.8
607.2
0.00350478
37.2
32.5457
-1
1
334.8
636
0.00251931
37.2
52.75
-1
1
236.4
637.2
0.00179518
37.2
-88.7005
-1
1
306
607.2
0.00442868
37.2
-81.4975
-1
1
318
607.2
0.00232369
37.2
-46.0267
-1
1
339.6
615.6
0.00122332
37.2
-103.169
-1
2
299.52
614.88
0.0116343
44.64
-109.111
-1
2
296.64
614.88
0.010237
44.64
-62.6874
-1
2
244.8
614.88
0.0157395
44.64
-73.4469
-1
2
241.92
614.88
0.0128822
44.64
-95.9206
-1
2
220.32
614.88
0.0163926
44.64
-98.7878
-1
2
217.44
614.88
0.0145008
44.64
-107.151
-1
2
207.36
614.88
0.0120825
44.64
-110.714
-1
2
203.04
614.88
0.00967363
44.64
-111.386
-1
2
192.96
614.88
0.00977543
44.64
-112.055
-1
2
185.76
614.88
0.012715
44.64
-119.967
-1
2
177.12
614.88
0.021381
44.64
-128.172
-1
2
174.24
614.88
0.0156985
44.64
-80.9506
-1
2
326.88
612
0.0126231
44.64
-110.186
-1
2
288
612
0.0141428
44.64
-110.487
-1
2
185.76
612
0.017641
44.64
-48.9348
-1
2
342.72
610.56
0.0123959
44.64
-121.444
-1
2
269.28
610.56
0.0177976
44.64
-91.0292
-1
2
228.96
610.56
0.0155492
44.64
-68.4829
-1
2
338.4
609.12
0.0128486
44.64
-81.264
-1
2
326.88
609.12
0.0139068
44.64
-101.601
-1
2
205.92
609.12
0.0225645
44.64
-105.576
-1
2
191.52
609.12
0.0203438
44.64
-91.3791
-1
2
226.08
607.68
0.00973323
44.64
-106.328
-1
2
187.2
607.68
0.0144481
44.64
-76.893
-1
2
321.12
614.88
0.00390812
44.64
-122.947
-1
2
280.8
614.88
0.0073385
44.64
43.7298
-1
2
144
338.4
0.000511578
44.64
-94.3306
-1
2
211.68
606.24
0.00833181
44.64
-123.522
-1
2
171.36
607.68
0.00563091
44.64
-110.739
-1
2
182.88
607.68
0.00944472
44.64
-92.7006
-1
2
214.56
607.68
0.0051168
44.64
-85.9544
-1
2
237.6
607.68
0.00950125
44.64
-107.13
-1
2
283.68
607.68
0.00926245
44.64
-101.961
-1
2
292.32
607.68
0.00750664
44.64
-78.7928
-1
2
318.24
607.68
0.00311079
44.64
-43.6845
-1
2
348.48
607.68
0.00848757
44.64
-34.8907
-1
2
352.8
607.68
0.00711884
44.64
-132.216
-1
2
168.48
609.12
0.00498094
44.64
-72.9823
-1
2
253.44
609.12
0.00909825
44.64
-87.8838
-1
2
308.16
609.12
0.00638788
44.64
-78.2264
-1
2
315.36
609.12
0.00348269
44.64
-46.152
-1
2
341.28
613.44
0.00138671
44.64
-75.2254
-1
2
313.92
613.44
0.00140661
44.64
41.6496
-1
2
146.88
325.44
0.00026811
44.64
121.836
-1
3
198.72
298.944
0.000132464
53.568
228
64
195
2
0
3
201
192
6
136
42
1
40
10
128
103
130
0
75
1
36
4
10
161
138
96
66
213
25
41
146
10
3
16
16
39
85
155
0
0
111
6
36
96
40
41
5
24
124
177
0
132
16
32
5
2
132
171
8
40
0
49
12
69
48
34
3
0
8
10
1
10
4
6
34
0
37
0
8
43
4
18
66
18
0
32
2
192
136
34
4
128
8
9
179
8
8
65
144
164
16
218
2
64
3
210
130
194
8
1
0
28
64
204
65
32
82
4
12
0
167
10
152
32
40
24
8
4
34
225
1
11
135
21
201
203
133
250
10
164
43
66
146
220
105
168
173
85
32
2
196
5
194
195
75
119
145
110
16
2
18
91
223
52
81
184
16
104
232
96
112
28
56
39
245
22
245
111
153
172
24
5
242
29
156
65
0
242
51
189
88
87
32
250
72
11
135
221
38
219
142
240
172
188
43
131
217
244
123
227
165
221
104
110
204
189
66
243
13
223
183
60
16
194
54
154
247
52
87
184
80
122
232
101
228
93
49
47
245
134
245
111
152
172
24
7
242
29
157
73
0
242
19
189
88
87
32
250
90
201
15
221
38
249
223
240
156
191
127
154
221
52
127
234
157
221
122
239
142
245
198
242
173
247
183
252
69
231
55
186
243
60
213
235
94
123
248
113
242
255
245
63
247
182
245
63
159
169
31
199
248
29
157
92
81
243
59
249
121
95
98
247
194
222
130
143
255
242
134
159
54
249
44
207
130
212
39
45
109
215
45
19
192
5
238
113
66
207
185
38
215
67
51
127
245
32
209
48
115
112
232
225
114
94
58
46
213
20
245
109
152
172
24
5
240
29
156
73
16
242
51
157
88
87
38
251
194
192
130
175
201
192
142
128
60
43
40
203
138
229
38
41
109
87
37
99
200
133
162
105
74
223
185
38
211
2
51
26
215
36
81
48
83
104
232
224
114
94
56
43
213
20
245
125
153
140
24
5
240
29
156
73
16
242
51
189
88
87
32
250
195
204
130
143
200
196
142
129
40
111
40
203
130
109
22
44
109
97
37
99
200
133
50
112
90
223
185
38
193
130
35
3
199
36
83
48
83
104
232
232
114
94
56
175
213
16
245
125
153
140
24
1
240
29
156
73
16
242
51
189
88
87
32
250
202
10
131
179
170
217
140
132
12
167
59
142
147
164
123
170
13
88
37
99
204
181
230
17
9
223
181
42
64
130
51
26
243
36
65
40
83
104
232
96
112
92
48
47
213
22
245
47
153
140
24
5
242
29
156
73
16
242
51
189
88
87
32
250
9
72
78
153
10
89
133
240
188
166
46
138
153
189
123
171
9
124
97
99
204
214
206
176
9
117
149
34
121
130
51
83
249
4
83
168
82
106
233
104
118
60
56
47
84
118
116
105
153
172
24
5
208
29
157
72
24
226
51
188
72
214
32
250
129
218
204
202
255
251
213
62
62
61
44
205
175
125
110
169
111
215
185
41
196
69
234
121
43
223
25
54
255
67
19
111
215
225
217
112
119
211
253
53
247
223
106
63
221
150
245
235
152
181
30
4
244
173
159
77
16
246
54
175
208
95
6
255
66
14
130
147
136
196
128
133
12
229
43
6
128
133
91
166
13
72
33
227
204
164
214
1
89
221
145
34
16
18
51
19
227
36
81
56
83
104
232
96
96
92
48
175
213
16
245
111
153
140
24
1
240
29
156
73
16
242
51
189
72
87
32
250
0
10
135
153
10
213
132
177
12
231
42
138
209
132
123
162
129
88
97
99
220
164
70
144
25
93
149
34
0
130
51
210
227
36
83
40
88
104
232
96
112
28
48
47
212
54
181
105
153
168
24
1
242
29
156
88
16
242
19
189
88
86
32
250
8
202
6
137
8
81
164
209
44
178
40
138
145
180
123
171
193
88
97
98
200
150
78
240
9
93
29
32
17
134
51
210
241
2
83
40
80
104
109
32
54
52
48
47
84
246
116
225
24
172
24
5
211
29
140
72
16
224
35
180
72
86
32
242
0
7
32
128
64
78
34
71
0
68
10
4
0
4
25
165
68
104
193
68
80
32
16
130
80
0
12
196
128
150
8
64
32
16
67
168
1
2
4
0
132
16
16
130
68
98
38
76
16
32
192
8
19
88
0
1
2
0
3
176
2
2
104
96
134
202
64
165
221
168
134
216
28
25
46
123
130
83
196
233
99
213
61
101
64
12
170
112
46
223
25
35
215
11
35
60
212
39
124
250
82
113
45
180
243
214
56
31
201
22
252
213
137
165
88
4
217
30
143
9
16
240
35
188
92
87
32
185
35
7
32
2
200
132
5
1
38
68
1
66
128
105
16
4
68
34
0
224
82
34
146
96
90
176
20
40
128
152
65
1
70
36
64
154
0
0
0
74
36
0
24
139
64
80
244
15
17
164
16
8
48
24
156
1
40
114
16
149
64
215
40
232
2
3
68
130
201
128
0
0
38
4
2
2
156
121
48
0
68
83
0
160
192
102
128
96
10
144
0
88
184
136
17
1
22
100
82
136
0
64
16
72
4
17
24
3
64
4
192
71
16
4
153
0
50
24
136
9
40
114
50
181
64
23
36
72
7
2
1
1
221
128
130
200
128
11
128
102
128
64
161
65
66
85
1
68
192
7
138
72
6
136
8
5
146
8
33
26
119
36
28
187
16
120
5
148
192
64
16
10
64
68
128
209
24
44
24
4
83
24
140
65
16
32
51
156
72
22
32
113
64
3
0
128
64
10
38
71
4
0
10
4
16
4
25
162
5
8
65
68
64
0
0
130
88
0
140
68
0
128
24
64
96
16
67
168
0
2
4
0
4
16
20
2
68
230
164
76
16
40
128
0
51
89
1
24
0
66
3
176
64
66
96
96
7
132
128
2
201
128
7
13
34
99
40
106
128
111
134
5
75
33
33
64
192
39
90
97
86
213
25
47
130
8
1
65
135
36
69
186
0
40
41
108
96
72
56
169
213
80
245
79
17
172
24
0
240
24
28
1
24
178
51
185
24
87
32
106
1
5
0
0
0
2
36
6
0
64
15
0
0
165
0
2
4
8
1
224
128
0
64
131
88
0
128
64
0
128
0
65
16
16
32
32
1
8
0
8
0
32
24
162
36
0
70
74
17
0
41
0
17
88
48
8
11
67
3
144
0
2
64
232
5
2
1
0
201
136
3
72
160
4
2
4
129
8
160
1
2
37
1
64
192
34
24
65
4
128
12
5
0
8
1
1
16
4
70
138
0
34
5
12
132
32
20
3
64
64
164
3
0
36
16
0
35
24
13
0
0
34
19
180
8
6
32
96
1
6
16
2
201
136
6
0
2
0
42
64
128
69
72
16
71
2
132
0
64
32
9
64
64
20
9
72
130
10
129
16
0
4
72
0
0
2
6
136
1
16
8
129
4
2
180
4
0
1
1
32
36
0
3
163
1
0
0
32
0
1
32
8
2
0
0
138
137
128
0
1
6
32
1
4
0
6
13
32
0
34
0
144
192
0
25
64
80
128
0
8
2
138
9
64
161
164
67
2
8
2
9
10
130
0
0
136
16
80
160
1
17
68
144
0
52
0
64
33
16
98
2
52
0
66
34
65
197
5
130
16
0
2
32
70
0
0
1
0
66
225
130
2
64
72
5
101
10
141
96
3
78
130
130
72
0
12
0
1
114
7
48
170
0
44
7
196
128
34
24
130
138
24
65
142
65
32
112
20
65
90
4
10
153
56
33
24
72
20
1
233
2
2
129
130
8
130
2
6
70
34
0
4
49
2
51
2
74
2
1
0
192
33
75
7
0
128
136
13
2
136
1
64
21
36
3
186
0
64
1
64
0
64
20
8
64
4
129
78
17
44
24
0
50
24
28
9
0
98
3
148
8
6
32
96
3
194
0
138
137
128
130
0
2
0
0
68
0
14
5
49
68
34
0
128
192
32
8
64
64
128
0
72
150
10
137
1
180
4
91
0
32
2
8
128
131
0
0
0
64
80
160
68
0
20
16
0
36
0
136
1
16
2
34
36
0
67
34
65
35
5
8
10
7
12
2
5
2
66
17
4
16
12
44
54
68
50
0
212
16
50
145
0
80
0
168
8
2
184
137
1
128
44
64
170
138
66
0
200
130
202
20
136
16
86
160
76
19
32
16
12
34
25
81
1
16
35
59
176
24
210
42
97
66
1
8
146
6
131
10
1
6
34
19
0
24
0
49
18
84
18
0
212
138
48
193
3
8
128
168
76
2
168
157
64
80
44
2
170
10
72
0
66
128
65
20
8
0
12
128
78
19
44
16
5
34
24
20
89
8
51
51
144
8
18
32
225
16
5
133
148
0
6
40
103
0
64
83
4
64
97
18
2
12
72
128
101
80
37
194
195
88
10
144
196
0
0
0
9
70
16
80
168
149
72
192
64
80
0
25
134
225
0
227
78
27
168
9
3
240
24
24
73
9
115
19
177
72
23
96
234
0
3
0
16
1
18
4
6
2
2
1
0
0
4
33
3
4
10
128
128
192
32
64
3
64
0
128
68
0
0
9
64
12
16
146
160
0
0
2
0
0
32
16
0
36
196
133
78
16
40
24
4
34
8
90
0
19
3
18
148
0
34
96
64
66
1
0
146
202
134
10
1
38
34
1
2
153
97
48
18
116
3
0
228
200
164
17
98
24
128
172
12
130
152
145
64
82
44
2
186
10
104
0
64
4
64
20
8
192
84
192
79
17
44
16
0
34
24
28
89
24
50
19
144
8
22
32
232
35
7
0
2
201
132
7
1
34
68
1
2
136
105
36
5
102
35
0
228
208
34
17
100
82
160
140
12
146
24
65
1
2
44
66
186
64
0
1
200
132
66
24
139
64
80
128
79
16
36
16
8
34
24
139
1
40
114
19
148
72
86
40
105
98
5
128
18
200
134
2
3
66
32
0
6
160
195
18
4
98
3
1
68
200
167
19
71
90
128
172
12
130
136
1
64
71
36
6
186
0
40
1
68
0
64
16
138
64
80
129
79
25
44
24
0
112
24
28
65
16
50
19
176
8
86
32
232
35
6
0
2
13
132
133
2
34
110
0
65
0
11
33
21
70
118
0
128
192
6
25
105
80
144
32
3
18
24
1
67
5
164
26
48
48
8
33
40
64
66
8
136
64
80
144
75
24
44
24
5
52
0
156
65
16
50
50
148
194
215
40
235
130
202
1
71
169
216
131
9
142
25
10
79
129
63
216
164
98
197
5
41
196
38
136
124
109
158
5
35
150
11
3
94
87
228
93
26
96
186
233
134
193
84
8
191
192
130
252
49
129
53
16
32
236
5
142
41
16
82
50
172
64
87
32
188
69
5
163
212
32
6
120
103
0
230
67
4
66
192
19
6
8
72
0
71
26
173
230
131
88
2
146
12
0
128
32
9
71
20
48
170
144
40
194
72
80
32
177
134
163
0
129
110
27
168
57
67
112
24
20
64
1
114
115
217
72
22
33
250
0
5
128
0
1
130
0
7
6
66
1
0
0
72
32
5
12
91
0
0
192
39
208
99
0
16
128
76
16
0
1
64
71
16
81
168
0
72
0
64
32
0
20
137
193
20
161
79
16
172
24
4
178
24
156
1
1
34
51
177
0
83
32
106
3
202
69
70
185
152
133
8
186
25
42
73
172
55
204
145
99
196
173
41
196
38
136
125
109
158
5
35
62
11
1
76
151
228
92
18
98
187
169
182
229
212
40
63
196
130
252
83
129
181
20
4
236
5
143
41
16
210
50
173
80
87
32
190
3
5
4
2
204
130
7
0
34
4
1
66
140
105
4
1
100
99
0
244
192
38
17
103
66
48
133
12
178
8
65
65
150
44
0
186
10
8
0
72
100
0
24
139
197
80
244
79
16
164
24
0
112
24
24
1
56
50
19
145
8
215
36
232
223
218
207
253
255
251
223
248
30
255
123
218
159
252
254
248
235
213
61
111
206
141
174
121
47
223
187
47
215
11
51
63
247
167
92
219
82
255
255
246
243
94
232
127
223
142
253
177
221
173
30
181
201
255
159
235
208
252
49
63
92
85
48
190
65
11
151
209
200
138
166
118
8
4
98
3
130
193
139
0
235
77
169
102
198
45
202
243
74
223
19
36
144
0
34
79
87
39
81
187
16
108
109
68
117
116
184
39
77
8
253
231
152
172
24
20
241
93
156
73
65
106
19
189
72
71
1
250
65
15
162
16
65
134
166
67
32
68
2
2
128
201
9
5
194
105
33
70
214
47
88
83
82
218
21
4
16
0
32
65
71
38
83
186
16
40
109
72
96
52
48
167
69
88
53
239
25
172
24
8
241
29
140
65
17
226
115
181
72
87
33
250
3
132
128
10
13
66
1
6
2
110
8
197
0
77
6
37
77
98
1
144
192
35
209
98
64
161
176
2
19
0
35
65
197
36
81
176
51
0
105
104
96
76
56
171
212
80
181
111
25
172
24
0
240
24
156
65
16
178
51
185
24
215
34
234
3
222
76
74
61
248
145
24
250
25
6
205
174
31
76
169
107
246
173
57
196
102
203
117
97
223
17
54
127
75
3
111
159
228
209
48
118
26
233
53
245
220
42
55
213
130
117
107
176
181
29
4
244
133
159
13
48
242
182
175
80
87
36
218
3
5
128
0
77
130
5
22
2
4
1
70
128
76
6
5
108
35
32
144
208
39
82
67
66
114
176
78
16
24
1
65
207
44
65
184
82
8
104
104
112
24
48
175
213
112
181
111
153
172
24
1
240
25
156
65
16
178
51
181
24
87
32
106
163
133
128
2
205
134
7
2
2
71
49
66
130
73
4
5
108
35
36
213
192
39
51
67
82
119
181
46
146
26
65
65
199
44
64
186
74
8
232
232
96
88
56
139
209
80
181
79
145
172
24
1
240
25
28
65
16
178
51
177
24
87
32
234
34
134
128
35
221
192
142
13
6
107
40
110
160
70
38
53
75
23
33
144
192
39
83
73
70
213
185
47
146
58
35
66
199
164
95
186
114
56
105
100
96
72
48
169
213
84
181
111
24
172
24
5
240
25
220
65
16
178
51
189
24
87
32
122
162
199
0
130
200
140
4
1
134
69
41
74
147
100
20
36
101
2
4
64
194
34
178
64
90
151
165
42
131
154
3
0
198
36
66
154
66
0
107
202
66
90
0
139
208
80
180
15
145
172
16
0
112
25
148
65
16
242
48
61
88
87
34
248
2
10
130
129
9
140
132
3
142
162
43
66
131
64
121
37
69
101
32
2
196
38
16
67
67
215
149
42
16
138
3
82
199
36
83
168
82
40
232
96
112
92
48
175
212
84
181
111
153
172
24
1
240
29
156
65
16
114
51
189
88
87
32
250
64
203
134
221
34
223
158
224
56
244
47
139
152
245
123
170
165
221
32
102
204
165
194
115
13
223
177
124
80
2
55
59
247
52
81
184
82
120
232
96
112
28
56
47
245
150
245
111
153
172
24
5
240
29
157
73
16
242
51
189
88
87
32
250
131
72
139
153
14
217
133
128
40
167
59
142
155
172
123
170
1
88
33
227
204
180
198
48
9
199
149
34
65
130
51
91
243
44
81
40
90
106
232
104
114
92
56
47
212
22
245
107
153
168
24
5
240
29
157
72
16
242
51
189
88
86
32
250
2
6
0
2
12
6
0
3
2
64
0
1
0
65
0
5
76
96
1
128
192
32
25
66
64
144
4
0
146
16
1
64
7
40
18
48
106
0
0
0
96
0
16
137
64
64
164
79
16
36
24
0
160
24
152
1
18
98
18
149
64
23
32
232
13
2
132
129
201
129
32
116
0
96
66
5
144
80
131
0
74
24
129
64
200
128
142
176
10
8
24
0
144
0
49
79
93
35
81
184
16
226
5
4
145
32
24
6
72
132
72
193
9
36
88
36
211
30
140
8
0
96
35
148
72
6
32
112
68
1
136
16
0
2
32
70
1
162
35
128
0
129
11
2
0
72
1
65
2
128
68
3
77
128
132
0
0
0
0
64
48
16
32
170
0
8
0
2
160
34
48
128
2
16
0
232
17
40
48
16
17
89
37
0
145
64
41
240
72
2
64
227
97
7
160
16
65
134
34
67
36
64
2
4
0
205
33
5
72
41
1
70
210
39
88
67
82
24
0
4
0
144
0
64
70
6
67
168
16
8
69
72
36
32
16
134
69
64
33
206
24
44
24
8
179
24
136
1
17
98
67
181
74
71
40
98
35
5
0
2
201
12
3
9
34
68
2
2
176
106
36
21
102
51
1
148
80
38
17
100
82
128
8
8
130
24
1
1
2
44
64
186
0
10
1
200
132
82
28
131
64
82
128
77
144
36
16
12
34
25
9
1
56
50
19
180
8
86
32
73
2
3
0
2
4
0
2
5
0
2
0
0
0
0
32
3
4
66
1
144
192
32
80
66
64
128
132
0
16
0
1
64
7
44
146
160
9
8
0
64
0
0
20
9
64
68
161
78
16
40
24
4
34
24
24
9
1
34
19
149
0
19
96
106
0
7
128
130
9
134
0
3
6
64
2
64
0
65
0
5
76
67
0
128
208
38
208
67
80
16
128
76
16
0
1
64
71
32
18
160
0
8
0
64
96
0
16
131
193
64
181
79
16
164
24
8
176
8
152
1
16
114
50
149
64
23
32
106
35
7
32
2
7
134
2
19
6
64
1
0
0
24
32
5
76
51
0
144
208
38
80
67
80
48
144
76
16
16
129
64
143
44
18
168
194
8
0
64
32
0
16
143
193
112
181
79
16
172
24
8
48
24
152
1
48
50
50
149
2
83
44
74
3
5
128
2
5
134
7
22
34
68
1
0
8
9
2
5
76
99
0
144
208
39
82
99
80
32
128
76
16
16
193
65
207
44
18
168
0
8
0
72
36
0
24
139
209
112
181
79
16
172
24
8
48
24
24
65
56
50
51
145
0
211
44
106
3
0
128
138
13
66
1
6
32
46
8
5
8
109
6
33
77
102
1
160
192
33
192
98
72
129
144
0
146
0
35
65
213
36
81
176
51
64
105
104
96
72
24
9
212
16
245
111
25
172
24
0
224
24
156
9
24
178
51
185
24
87
32
232
64
3
151
148
0
66
12
102
2
132
43
3
0
229
27
34
237
11
96
102
68
165
66
195
73
79
181
108
0
128
2
64
215
48
65
184
16
40
232
104
112
28
48
175
245
16
245
110
153
172
24
1
240
29
156
73
16
242
19
181
88
87
32
250
3
4
0
130
13
6
5
6
38
110
0
65
8
11
0
21
76
102
0
160
192
32
88
107
64
144
16
3
18
24
1
67
21
164
18
48
50
8
33
104
100
66
10
137
192
80
208
75
16
172
24
0
116
0
156
1
56
50
50
149
128
215
32
235
1
1
132
130
9
130
4
6
38
4
41
64
12
105
16
1
77
99
32
160
192
101
192
99
66
117
129
108
48
0
1
65
215
36
83
168
0
72
104
72
100
16
56
43
213
16
245
79
16
172
24
1
240
24
28
73
24
50
51
177
24
87
32
106
92
73
139
221
34
91
220
230
25
166
127
156
81
132
91
234
137
220
48
111
14
181
198
147
13
199
182
236
65
39
54
58
243
20
245
235
90
127
202
113
178
124
181
108
183
158
129
46
155
168
59
199
184
29
181
72
209
227
57
251
89
86
99
242
64
3
130
156
1
194
12
6
6
192
35
2
128
200
43
3
13
121
32
70
76
165
82
67
64
209
145
108
16
0
18
1
199
52
83
168
16
104
232
96
32
28
48
47
213
84
181
110
152
172
24
5
242
29
156
65
17
242
51
181
88
87
32
250
0
5
160
144
9
196
136
3
6
226
9
6
128
68
17
39
5
97
32
2
208
38
82
67
80
212
145
44
16
18
3
66
71
52
83
168
16
40
104
64
96
0
48
171
213
80
181
111
25
172
24
1
176
25
28
65
16
50
51
181
8
87
40
234
65
15
130
16
73
138
167
114
0
68
2
3
130
201
137
9
202
109
161
70
198
45
202
67
74
251
19
36
16
0
32
73
199
39
81
186
16
40
109
108
96
52
56
167
77
24
53
239
152
172
24
20
241
93
156
65
1
234
51
189
72
71
33
250
1
5
162
17
9
196
140
11
2
226
41
2
128
68
33
37
5
33
32
2
208
36
82
67
82
213
145
44
16
18
3
82
199
20
83
168
16
40
232
96
112
92
48
171
213
80
181
111
153
172
24
1
240
25
156
65
16
242
51
189
24
87
40
234
3
218
204
74
61
248
129
24
186
25
6
205
174
31
76
169
107
214
169
57
196
38
203
117
33
159
17
38
127
75
3
110
151
228
217
48
118
90
233
52
241
220
42
55
213
134
117
107
145
181
28
4
244
5
158
73
16
242
54
141
80
87
36
218
64
11
130
29
1
195
140
134
6
130
43
130
144
200
43
35
13
125
32
70
76
167
198
67
65
193
177
108
16
0
18
18
247
52
83
168
16
104
232
96
112
28
48
47
213
84
145
110
153
172
24
5
240
29
156
65
16
242
51
189
88
87
32
250
2
1
0
146
206
194
10
0
6
6
1
6
144
68
52
49
108
35
0
212
194
39
82
67
64
214
181
44
2
186
19
64
199
44
71
154
10
40
232
74
32
72
52
41
213
88
181
111
145
172
24
1
240
25
28
65
16
178
51
181
24
87
32
234
130
65
1
130
202
136
6
0
38
3
41
74
153
97
52
49
101
66
4
224
10
32
34
96
74
151
181
42
130
138
19
0
208
36
82
154
10
64
42
194
4
72
28
9
208
28
244
12
145
172
16
0
96
25
20
73
24
50
48
56
88
87
32
232
226
69
0
171
197
4
14
137
6
67
41
10
0
130
39
23
102
86
5
68
10
128
164
8
14
133
187
41
147
8
48
57
96
36
28
155
66
100
1
198
2
74
16
8
210
28
192
20
25
44
16
5
96
24
132
105
144
240
33
28
92
86
34
177
217
9
143
21
38
249
223
240
24
191
127
218
222
245
88
170
173
205
118
231
236
229
230
243
169
127
181
254
104
7
118
59
243
56
80
232
94
107
232
249
112
92
185
47
213
50
245
111
155
172
27
135
248
29
157
73
88
243
51
249
120
23
32
254
1
204
139
25
137
201
141
203
138
227
43
202
146
204
109
173
5
53
36
3
212
4
16
67
83
215
145
46
16
2
3
83
207
20
81
168
18
104
232
96
114
28
48
175
213
86
181
111
153
172
24
5
240
29
156
65
16
242
51
189
88
87
32
250
163
196
0
2
201
132
133
1
34
69
41
74
130
73
4
45
101
98
36
192
210
38
50
96
82
151
5
42
145
26
3
1
199
36
64
154
66
0
107
234
82
90
8
139
208
80
181
15
145
172
16
8
240
25
156
65
16
242
50
189
88
87
34
249
199
5
130
16
193
2
4
206
34
35
1
66
2
203
134
11
74
101
36
5
10
133
32
32
70
147
153
43
146
8
0
1
16
39
20
219
0
36
7
198
0
98
40
201
137
88
64
148
81
36
80
20
1
90
36
162
152
56
32
61
12
84
16
171
2
3
8
184
0
16
4
7
4
130
1
0
16
4
49
3
4
90
1
196
0
48
64
3
8
0
128
64
16
160
24
0
0
16
146
160
1
72
0
64
0
2
20
0
6
132
2
78
18
40
48
4
34
24
113
24
131
35
11
208
1
2
66
98
5
6
1
41
152
184
165
120
8
184
202
3
192
21
137
1
139
77
161
96
192
36
202
121
77
221
17
162
20
2
33
79
87
130
85
40
20
184
45
38
100
52
58
167
101
129
116
227
24
44
56
48
209
29
140
8
0
200
3
165
72
71
37
118
65
5
130
21
201
130
3
70
0
37
1
6
130
201
3
3
96
117
17
102
202
143
202
33
14
138
168
14
144
12
32
15
119
39
20
187
2
34
5
214
144
64
24
10
201
24
201
135
25
44
24
5
113
88
156
67
16
122
51
156
72
22
34
249
56
18
93
143
46
181
155
120
246
254
80
1
157
56
57
67
230
215
193
40
200
32
202
248
8
168
168
14
90
65
49
127
245
36
85
56
86
120
161
116
240
92
122
14
212
132
192
109
153
172
24
5
240
29
156
73
16
242
51
156
88
86
32
255
65
1
132
16
0
130
96
118
0
132
5
4
0
201
1
2
8
104
128
102
130
41
192
131
8
32
130
4
0
0
0
65
94
18
49
168
0
40
2
8
16
32
24
6
34
0
65
74
17
32
56
4
49
24
28
0
25
34
59
153
72
6
1
227
194
10
131
155
86
82
10
254
6
226
19
20
1
134
155
227
106
212
25
108
10
129
236
56
15
136
170
9
211
8
50
127
113
37
117
219
66
118
5
214
146
64
24
30
74
142
64
180
153
45
86
4
96
31
133
73
144
240
41
28
92
6
34
177
0
5
0
16
0
66
4
7
0
66
10
4
16
68
41
35
1
8
128
128
2
48
16
131
80
4
0
0
0
0
24
64
0
18
81
0
0
66
2
0
0
49
4
0
4
4
36
74
16
8
32
4
19
73
64
0
3
3
2
32
0
32
65
64
72
3
128
152
66
151
2
7
36
2
0
4
16
32
57
3
76
120
1
100
192
49
80
3
0
0
140
12
0
128
16
64
84
6
67
170
0
64
5
64
160
1
20
12
81
220
1
78
25
44
24
4
51
25
148
9
16
98
43
181
72
66
32
227
128
10
7
129
136
200
164
240
40
189
42
67
194
245
219
160
11
72
229
99
204
132
46
176
75
95
17
162
168
2
35
87
241
2
81
56
17
162
237
164
245
52
56
167
76
18
126
225
8
140
120
48
209
31
141
8
4
232
3
164
72
87
33
248
195
204
2
11
201
64
134
136
10
131
41
206
162
78
102
189
67
51
52
7
14
131
62
72
71
215
59
43
147
42
3
19
160
167
93
219
2
69
239
174
34
90
40
121
149
90
60
176
193
140
16
37
157
3
164
227
144
248
32
60
28
84
50
169
2
2
2
131
201
128
130
129
2
170
2
68
144
0
33
16
68
19
0
128
192
1
143
73
2
128
40
6
2
128
1
86
37
164
72
0
49
64
0
2
128
64
4
8
64
4
128
73
25
72
24
5
54
0
156
195
0
98
50
176
0
19
0
97
227
197
0
27
200
130
134
129
66
35
41
206
160
70
7
56
102
199
5
70
202
167
139
70
78
222
189
47
147
10
35
122
231
38
85
186
82
56
109
246
114
74
24
143
213
28
181
79
153
172
24
5
240
29
156
65
16
242
51
189
88
87
34
249
5
6
69
33
153
184
167
88
40
124
162
3
192
57
201
1
130
109
129
96
232
100
10
120
68
188
25
162
60
2
33
79
215
194
209
40
16
184
45
38
100
52
58
167
101
129
116
97
24
172
56
32
209
29
142
8
0
200
147
164
200
87
37
122
67
0
129
18
201
130
14
12
130
35
1
0
128
199
4
3
10
37
0
65
138
39
74
73
68
210
136
47
18
40
1
64
87
164
20
155
0
40
39
70
32
104
40
41
149
88
165
27
16
172
16
4
33
24
20
34
16
50
50
189
8
85
48
106
0
1
128
128
9
130
4
7
38
64
41
70
130
109
2
37
100
35
32
64
192
37
210
99
82
66
128
78
16
128
1
65
215
36
83
168
16
8
232
96
112
28
56
175
213
16
245
111
153
172
24
1
240
29
156
73
16
242
51
189
88
87
32
250
1
2
133
129
136
192
164
240
32
44
42
7
128
37
155
32
11
104
225
32
192
4
10
224
74
125
17
32
168
2
35
71
221
2
81
32
17
128
109
40
100
52
56
39
68
16
116
225
24
140
56
48
209
29
12
8
12
224
3
161
64
71
33
106
67
1
0
18
2
130
2
0
0
130
3
0
144
64
41
3
68
81
1
198
76
32
64
66
0
130
132
12
0
0
16
16
242
36
81
168
91
72
192
96
224
92
16
8
212
84
129
78
153
172
24
5
240
29
156
65
17
242
51
189
88
86
32
250
64
3
4
144
64
146
6
2
36
2
2
2
129
97
57
3
64
89
97
102
198
37
64
99
72
86
133
4
16
128
16
0
214
38
83
168
80
104
69
64
112
52
48
47
85
20
245
79
153
172
24
0
240
29
156
89
17
226
51
189
72
87
32
250
212
11
131
213
232
210
239
238
8
249
90
95
195
213
203
170
235
213
61
111
206
141
238
123
15
222
186
47
208
11
50
63
119
39
85
251
82
127
239
214
80
116
152
62
205
14
237
183
221
44
24
181
241
127
156
75
80
252
49
189
76
21
49
250
195
207
130
31
200
202
130
131
74
33
0
207
130
199
198
40
106
197
37
103
204
173
171
115
74
222
61
47
211
10
35
126
215
39
117
186
82
58
109
244
211
94
24
143
217
16
253
231
137
36
88
4
240
30
140
73
16
240
51
189
88
87
34
251
3
7
0
18
0
134
2
1
0
70
0
2
128
65
1
2
68
1
1
196
64
32
192
66
88
16
128
4
0
0
0
1
194
38
65
168
17
8
64
72
32
32
16
139
84
16
165
78
25
172
24
0
240
24
28
1
1
226
19
177
72
86
32
234
64
1
8
144
0
130
6
2
4
2
2
0
144
96
25
2
64
9
1
230
66
37
192
67
88
80
133
4
0
128
16
0
82
6
65
168
17
72
65
72
48
48
48
43
69
20
229
78
25
172
24
0
240
29
156
9
17
98
51
181
72
19
32
234
224
15
130
19
200
142
134
195
10
105
10
71
130
199
203
132
107
197
37
102
204
167
139
119
75
222
61
47
146
10
35
90
71
38
85
186
80
58
237
84
224
84
24
175
69
22
181
199
153
44
24
0
240
29
141
73
16
240
51
189
88
87
32
250
1
2
132
0
137
129
37
112
32
44
10
7
128
45
11
0
11
57
193
96
224
4
202
224
0
124
24
0
184
2
35
65
95
2
81
32
17
232
13
8
100
52
28
38
69
32
100
225
24
8
24
4
211
28
12
8
8
32
3
177
0
71
32
98
3
7
0
18
0
134
6
1
0
70
0
2
128
97
1
6
68
9
1
196
64
32
192
66
88
0
132
4
0
0
1
1
198
38
65
168
1
8
0
72
36
32
24
139
84
16
165
78
24
172
24
0
176
24
24
1
9
98
19
177
8
83
32
106
66
2
129
146
8
2
0
6
70
34
1
4
1
130
19
2
66
2
0
64
138
129
205
3
26
128
136
9
130
136
1
74
33
36
0
186
0
2
5
74
128
64
0
136
0
24
1
204
17
44
24
0
48
24
20
67
0
96
1
16
8
68
34
97
69
1
0
24
0
66
6
70
0
2
11
4
16
164
9
34
1
0
0
100
2
160
196
2
8
128
140
8
0
8
16
72
112
20
1
138
0
98
1
64
34
32
28
32
4
158
36
76
17
32
114
4
1
24
4
10
152
32
41
56
8
6
34
224
2
1
8
130
7
8
6
0
6
0
15
4
16
4
104
17
69
18
0
148
0
48
128
64
0
212
8
72
16
0
136
1
16
4
209
0
3
66
0
64
0
145
20
33
4
6
228
12
17
0
145
4
40
9
195
129
17
2
40
48
0
2
4
72
67
3
130
18
65
130
2
2
0
2
2
2
128
192
1
3
68
41
33
198
78
37
0
67
66
82
130
4
16
0
32
0
194
38
81
160
17
8
69
96
96
52
16
137
85
80
129
206
25
172
24
1
241
29
156
65
17
226
51
181
72
82
0
104
135
132
129
2
201
192
6
76
32
1
40
110
130
71
134
33
75
37
37
1
192
37
106
97
70
215
25
39
146
10
3
65
151
38
85
186
0
40
109
164
96
96
56
169
213
80
245
227
17
164
24
0
241
24
28
9
24
178
51
185
8
87
32
106
4
0
128
176
0
0
32
70
0
162
0
0
64
161
3
2
8
8
129
64
8
128
108
130
12
0
128
128
0
132
32
65
80
16
32
40
1
160
1
8
0
34
24
128
2
16
66
200
17
32
96
16
1
88
32
8
136
64
1
176
8
2
64
227
4
2
1
128
200
128
7
73
132
0
2
2
129
2
144
1
66
69
1
64
192
38
24
65
4
128
12
5
18
136
1
72
2
6
86
186
0
40
5
4
4
96
20
129
64
64
36
195
16
36
16
0
35
24
12
0
0
34
19
184
8
6
32
112
197
5
130
16
0
2
64
70
2
226
1
0
2
129
130
2
8
0
32
71
10
141
100
3
78
130
130
72
0
12
0
1
114
22
48
170
0
44
7
194
0
34
24
194
170
24
65
142
81
32
112
148
1
88
52
10
153
56
33
25
12
52
1
235
3
2
0
2
201
128
130
0
2
0
2
64
128
66
0
17
100
34
4
144
192
32
1
64
2
128
64
72
130
8
129
1
52
36
88
128
32
66
0
128
129
16
8
0
64
0
128
77
0
36
16
4
48
0
73
1
18
82
18
164
0
19
32
72
2
2
128
130
201
130
2
14
6
32
2
4
49
74
35
1
74
18
1
0
192
35
203
3
2
128
8
13
146
136
1
64
5
38
71
186
0
0
5
68
4
64
20
8
64
68
161
207
16
36
24
0
34
24
156
1
0
98
3
148
8
6
32
96
66
5
0
146
7
130
10
1
6
98
17
0
144
64
33
22
68
19
0
212
202
48
145
67
16
128
160
76
18
184
145
64
66
44
18
170
74
72
0
64
0
64
20
8
64
20
128
79
16
44
16
5
34
24
92
73
0
50
19
144
8
82
32
97
3
138
0
194
169
152
132
0
46
81
34
65
128
27
76
149
98
198
5
41
196
38
136
113
105
150
1
39
22
10
1
77
151
230
88
16
96
26
169
134
193
212
40
135
192
130
124
67
129
181
20
0
228
5
143
41
16
82
50
173
64
87
32
250
84
1
139
149
32
70
88
230
0
230
85
148
64
128
19
2
12
72
32
111
10
173
198
131
9
3
178
76
64
36
48
57
98
20
49
170
22
104
194
64
48
40
177
46
179
20
65
110
27
168
59
195
176
24
52
64
1
99
59
217
72
22
65
226
80
1
128
148
0
2
24
38
2
192
87
4
64
161
19
2
12
75
64
167
0
165
194
131
136
18
144
76
0
132
144
9
87
16
81
168
28
72
194
64
80
16
177
6
161
4
225
110
27
168
9
3
240
25
24
73
3
115
19
241
72
19
96
234
0
3
128
16
1
2
0
7
2
0
1
2
0
64
34
3
12
3
0
128
192
37
66
67
0
0
144
76
0
0
128
64
215
16
81
168
0
72
0
64
32
0
24
3
197
84
165
79
16
168
24
5
178
24
24
9
1
115
19
181
0
83
32
106
3
3
4
130
207
130
6
2
38
0
1
2
140
105
32
17
100
51
0
244
192
102
1
99
2
144
128
76
50
8
129
65
22
36
18
138
66
72
0
64
36
0
24
9
193
64
228
79
16
164
24
0
32
24
152
9
24
50
51
149
8
83
32
106
66
1
0
146
207
130
10
1
6
98
17
2
144
64
49
23
108
19
0
212
202
160
145
66
0
144
176
76
146
184
177
64
66
36
22
186
74
104
0
64
32
64
20
9
193
20
193
79
17
172
24
1
34
24
156
73
16
50
51
145
24
87
32
226
194
1
128
146
201
130
2
7
6
99
1
66
130
194
18
20
102
3
5
197
200
165
163
67
10
130
160
15
146
136
1
64
71
36
22
186
18
32
1
196
64
64
16
138
192
20
129
79
25
44
24
1
112
24
156
65
16
114
51
185
72
86
32
232
3
210
68
138
157
184
132
24
62
17
6
201
172
127
76
1
107
198
165
49
196
102
137
113
97
223
17
54
62
11
1
69
151
230
80
16
99
24
185
36
101
222
42
167
213
16
116
67
128
181
25
0
244
5
139
13
24
246
54
173
80
87
36
218
2
6
0
2
137
128
4
1
2
0
11
4
128
5
0
16
68
10
0
144
64
32
0
64
80
0
0
72
128
160
137
0
0
48
64
0
9
0
0
8
5
16
16
129
68
64
166
12
0
0
129
8
52
0
64
129
43
3
18
176
0
2
68
72
209
11
135
213
232
218
255
238
8
191
91
223
147
253
219
170
235
213
61
111
14
141
238
57
15
223
187
46
212
11
50
63
119
39
117
251
82
255
255
214
208
124
168
126
207
14
253
179
221
141
92
181
209
255
157
107
209
252
49
63
92
85
17
254
3
5
128
154
76
66
0
6
48
108
8
5
8
109
6
33
69
98
1
162
192
33
64
98
66
130
128
0
146
0
3
65
215
34
81
176
51
64
73
96
96
124
24
139
212
16
229
79
25
172
24
0
240
25
28
73
25
178
51
189
88
87
34
232
3
152
204
202
29
122
192
30
62
16
30
197
44
127
78
169
111
214
161
49
196
107
203
115
97
203
16
2
127
9
3
109
151
102
81
48
119
90
249
52
241
220
42
39
213
18
117
107
145
180
25
4
244
5
155
9
50
242
54
189
80
87
36
218
65
11
130
21
0
66
140
134
34
160
35
130
2
192
43
3
45
99
32
71
76
165
86
3
65
83
177
108
16
0
2
83
231
52
83
168
80
104
232
96
112
28
48
47
213
84
145
110
153
172
24
5
240
29
156
65
16
242
51
181
88
87
32
250
69
0
128
136
0
66
32
70
0
34
32
0
64
129
131
130
8
8
129
68
8
128
108
0
76
129
8
1
1
12
32
65
112
2
20
170
0
36
5
128
130
34
24
0
2
18
64
192
17
32
118
16
1
88
37
8
144
104
1
48
12
70
34
225
195
64
0
3
201
192
6
136
10
1
41
74
128
71
64
49
3
1
36
4
10
132
138
64
70
213
25
41
146
42
3
21
48
165
93
155
0
0
111
134
35
96
40
105
4
24
252
177
64
132
16
32
133
2
132
163
0
40
48
32
4
68
48
32
64
7
128
144
64
6
38
7
0
64
2
4
0
196
49
1
68
105
1
196
82
33
16
131
82
0
12
68
0
128
8
0
68
2
67
168
1
2
4
64
4
32
16
130
68
72
131
206
16
36
8
0
35
88
0
129
1
10
3
180
0
66
0
96
3
6
0
2
137
128
0
9
2
64
2
4
128
74
32
53
68
34
1
16
192
34
26
64
80
128
0
9
130
136
1
69
37
166
75
2
0
0
3
138
129
0
0
136
64
64
160
1
17
4
16
0
36
0
4
33
16
64
2
52
0
6
32
96
3
4
0
2
207
2
6
9
6
66
1
0
48
74
32
21
100
50
0
144
64
162
17
2
82
128
224
72
146
24
137
64
0
44
2
186
0
0
1
72
0
66
20
136
64
80
128
76
16
36
16
4
34
24
88
1
16
34
19
176
8
66
32
65
68
3
128
152
64
2
38
70
0
2
1
4
16
164
41
2
0
8
1
68
2
161
64
3
8
0
136
68
0
132
16
1
112
16
65
170
0
64
4
72
36
32
20
0
68
28
1
78
17
40
24
4
35
88
16
2
136
106
3
176
8
66
96
96
2
7
0
130
9
18
0
3
0
74
2
4
0
64
0
5
4
2
1
144
192
32
25
66
16
128
0
0
2
0
1
64
6
130
210
32
33
72
2
0
128
32
0
200
64
4
128
75
18
40
24
0
38
0
74
16
3
66
22
148
0
114
104
97
195
5
130
16
65
2
12
206
2
35
33
2
2
129
130
11
10
68
36
5
10
141
100
3
70
131
187
41
147
40
0
0
80
7
52
219
0
36
7
198
0
98
40
201
139
88
1
156
65
160
112
16
1
90
36
170
144
56
32
28
12
84
17
163
0
3
0
2
1
130
0
2
2
0
3
0
0
16
32
1
4
2
0
128
192
32
0
67
0
0
128
76
0
0
129
64
14
16
80
128
1
8
2
64
128
0
16
1
32
68
128
78
16
34
8
4
34
8
90
1
19
67
18
148
0
67
96
73
3
5
0
18
201
130
2
1
38
64
1
2
160
75
4
21
100
35
4
212
192
34
17
66
82
128
160
12
146
152
129
65
2
44
66
186
0
0
1
200
128
66
20
137
64
80
128
79
17
36
16
0
32
24
13
1
24
50
51
176
8
86
32
105
64
3
128
16
64
130
34
7
32
0
2
4
16
192
57
3
76
121
1
102
194
37
80
67
2
16
4
4
0
128
16
0
86
6
67
168
1
72
69
64
164
48
20
2
69
76
33
206
24
44
24
4
179
89
8
137
17
98
3
181
72
67
1
98
2
3
0
18
1
2
2
7
0
10
0
0
0
65
2
1
68
3
1
128
192
33
64
66
0
128
128
4
16
0
1
64
87
2
81
32
33
8
2
64
96
32
16
9
64
20
165
79
16
40
24
0
160
24
156
9
3
98
19
149
0
83
32
96
2
3
0
2
9
2
4
7
0
10
0
65
0
65
0
1
76
2
1
144
192
32
8
66
66
130
0
0
146
0
1
64
7
34
16
32
33
0
34
0
96
32
0
137
64
4
181
75
17
36
24
0
164
8
156
9
19
98
50
149
0
83
32
104
3
134
0
130
13
132
128
0
6
78
0
65
0
75
0
5
76
98
5
144
192
32
153
107
64
146
0
2
18
16
1
71
7
166
26
16
115
0
41
32
65
64
2
137
192
16
209
75
16
60
24
0
244
0
156
65
18
50
50
149
64
87
32
107
2
3
128
130
9
130
0
7
2
0
3
0
0
65
2
1
108
3
0
128
192
37
66
67
64
0
128
76
16
0
129
64
23
52
82
160
0
8
0
64
96
16
16
131
193
84
181
79
17
164
24
0
48
24
152
9
16
114
50
181
0
83
32
74
3
7
0
2
201
134
0
3
34
64
1
2
128
73
0
21
100
35
0
144
192
38
16
67
82
16
128
76
16
24
129
65
134
36
2
168
0
8
0
72
32
0
24
131
193
80
181
79
16
164
24
8
48
24
152
1
48
114
50
149
0
83
32
74
3
5
128
2
201
134
6
2
38
4
57
66
136
109
4
20
100
35
32
244
194
39
210
99
82
214
165
108
2
152
129
65
151
44
2
154
2
8
32
72
96
0
56
171
213
80
181
79
17
164
24
0
112
24
28
65
24
50
51
177
24
87
32
234
214
218
207
221
255
219
223
248
30
251
123
219
159
252
222
248
235
213
61
111
78
141
174
121
47
223
59
47
215
11
50
63
247
167
92
91
82
255
255
246
243
126
233
127
223
142
253
177
205
141
22
181
217
255
159
235
208
252
48
63
92
85
19
191
193
11
146
213
192
66
164
246
8
165
74
7
130
197
139
10
107
77
169
103
78
173
194
211
75
95
146
36
144
2
34
15
87
39
113
187
16
108
239
68
113
52
184
39
77
8
125
231
153
164
57
181
209
94
156
203
65
120
49
185
72
69
1
250
65
15
146
85
64
138
165
230
8
196
34
3
130
201
139
10
106
73
161
70
78
173
194
195
75
123
147
36
0
0
34
9
215
39
113
185
16
44
239
76
113
52
184
167
77
24
253
239
153
172
24
21
241
95
156
195
1
234
51
181
72
69
1
250
65
15
162
80
64
134
36
67
0
64
2
3
130
193
11
14
66
9
161
70
86
45
82
67
82
90
147
36
0
0
0
1
198
39
65
184
16
40
111
76
96
52
48
167
77
24
181
239
153
172
24
24
241
93
156
65
1
234
83
181
72
69
1
122
76
9
139
217
34
95
216
231
11
162
59
134
80
132
123
234
141
217
96
239
14
181
198
147
9
69
182
108
65
230
54
58
242
20
213
170
90
106
202
97
176
125
53
44
183
150
161
110
159
168
24
7
178
29
157
88
17
227
59
253
89
82
96
242
64
9
130
148
0
70
12
39
2
192
59
0
18
229
19
34
45
11
32
231
68
165
66
131
217
71
181
108
0
128
130
64
215
48
65
168
24
8
232
104
112
28
56
175
213
20
245
110
153
172
24
3
240
29
24
73
0
243
19
177
88
87
32
234
3
7
128
18
73
134
4
7
6
66
41
66
130
76
6
5
109
35
32
192
208
39
210
67
82
87
177
110
16
152
128
65
199
52
67
170
0
8
232
104
96
24
48
171
213
80
181
111
145
172
24
1
240
25
156
65
16
242
51
181
88
87
32
106
3
5
128
18
201
134
6
6
2
5
17
70
130
77
6
20
108
35
32
197
194
39
194
67
90
210
180
110
2
152
129
65
199
44
65
154
2
8
104
72
96
72
48
171
213
80
181
111
145
172
24
1
240
24
28
65
16
242
51
177
24
87
32
234
67
5
128
18
201
134
14
7
6
103
1
70
130
205
22
20
108
35
32
196
202
39
82
67
82
210
180
110
130
152
129
65
199
44
67
186
66
40
104
74
96
72
16
137
213
88
181
79
145
172
24
1
240
24
156
65
16
242
51
181
88
87
32
234
3
133
128
26
13
66
128
6
16
110
24
5
0
76
7
37
77
98
1
146
192
35
192
66
64
3
128
0
145
0
3
67
199
34
81
176
115
0
105
96
96
124
18
139
212
16
181
111
25
172
24
1
240
25
156
65
19
178
51
181
88
87
34
232
1
5
128
130
13
194
4
22
38
68
1
68
0
77
34
5
109
99
32
160
192
37
82
99
66
83
144
76
16
0
128
65
215
52
83
168
2
8
104
64
112
24
56
171
213
80
245
111
145
172
24
1
240
24
152
65
24
50
51
181
24
83
32
234
68
2
0
144
10
139
2
68
2
34
3
4
16
130
169
66
0
16
0
0
138
48
136
9
12
128
136
13
0
8
25
72
48
134
84
138
0
226
7
6
128
35
68
0
0
142
0
2
4
36
112
4
39
88
5
10
128
42
8
48
9
4
34
33
64
7
130
148
0
66
12
7
2
192
43
2
0
192
3
35
45
35
32
198
64
165
82
195
64
65
145
108
0
0
2
65
199
52
83
168
16
72
232
64
96
24
48
175
245
16
245
110
152
172
24
1
240
25
156
65
17
115
19
181
88
87
32
106
3
5
128
18
201
134
6
7
6
71
49
66
130
73
22
20
108
35
32
197
194
39
210
67
90
211
181
110
2
152
129
64
199
44
65
154
2
8
104
72
96
72
48
171
213
80
181
111
145
172
24
1
240
24
28
65
16
242
51
177
24
87
32
234
3
2
0
130
13
0
132
2
34
78
0
65
8
75
0
1
76
98
1
176
192
32
9
107
64
146
16
2
18
0
1
67
23
162
24
48
49
0
33
32
100
66
10
137
64
16
209
75
16
44
24
0
116
0
156
9
27
50
50
149
0
87
32
106
3
7
128
2
9
134
4
7
6
64
9
2
128
76
6
5
77
35
32
192
192
39
210
67
82
84
144
108
16
16
129
65
135
52
67
168
0
8
104
72
96
8
48
171
213
80
181
79
16
172
24
1
240
24
152
65
16
114
51
181
24
83
32
106
3
1
0
34
1
136
4
0
34
0
15
4
16
38
36
17
68
42
1
208
2
32
0
0
0
132
128
72
0
32
136
1
16
20
0
0
1
66
0
74
0
128
28
1
68
92
230
12
17
0
0
4
36
0
66
137
25
3
25
176
0
2
64
64
3
132
128
130
13
2
132
6
32
108
0
65
0
75
2
5
76
98
1
146
192
33
201
99
64
131
16
2
18
0
1
67
151
34
16
48
51
0
32
32
96
66
10
137
208
16
209
75
24
172
24
0
244
8
156
65
27
50
50
149
0
87
32
106
65
7
130
16
64
134
32
67
0
64
2
7
128
197
1
4
66
9
161
70
214
45
80
195
90
90
0
4
0
128
0
0
70
35
65
184
17
8
79
72
36
48
16
135
77
24
165
239
24
36
24
16
241
88
152
1
1
106
19
181
72
103
1
106
1
197
128
26
9
130
4
6
2
4
1
206
130
77
6
13
108
99
32
129
192
39
194
99
66
114
144
78
17
8
0
65
215
36
81
168
18
8
232
104
114
30
56
171
213
16
181
111
153
172
24
5
240
29
152
65
16
178
51
181
24
87
34
235
3
5
0
18
201
134
6
3
38
68
1
2
136
105
0
21
108
35
0
212
194
38
17
99
82
144
180
76
130
152
129
65
2
44
2
186
2
8
1
72
36
66
24
137
193
80
132
79
17
164
16
0
96
24
28
65
24
114
51
149
24
87
32
106
3
7
128
2
13
130
4
6
34
0
1
0
128
73
34
5
76
51
0
144
192
39
194
99
0
0
128
76
48
0
129
65
151
52
16
168
0
72
0
64
36
1
28
1
193
80
245
79
16
172
24
4
50
24
152
1
40
51
19
149
0
83
36
74
226
14
130
23
200
206
134
135
10
97
42
67
130
199
194
164
107
197
37
67
204
175
175
71
78
223
189
47
146
10
35
126
231
39
84
186
82
48
237
244
113
84
56
175
205
22
189
207
153
172
88
5
240
31
157
73
16
242
51
189
88
87
32
248
64
9
130
146
65
130
6
3
4
2
2
2
146
192
57
2
68
25
33
70
70
39
64
67
82
82
133
4
0
128
16
0
66
6
67
168
17
72
71
64
96
52
48
11
85
92
37
206
25
172
24
4
241
29
140
73
17
98
51
181
72
87
0
234
76
9
139
217
34
87
220
230
1
166
27
132
81
132
59
234
9
88
64
111
14
177
198
131
13
197
182
76
65
230
54
58
98
20
213
171
18
110
202
80
48
121
245
44
55
156
1
46
159
168
58
71
178
29
52
80
145
227
57
249
89
90
99
242
0
2
12
131
174
149
130
48
126
254
18
7
153
57
57
2
70
215
129
40
200
33
203
120
73
128
168
38
30
65
17
127
245
36
81
48
87
90
168
96
240
92
106
46
212
132
208
105
153
172
24
5
244
29
156
73
16
242
51
188
88
87
32
254
67
2
16
0
201
136
6
64
2
0
2
0
0
1
4
17
68
2
1
4
8
128
136
32
70
128
8
72
144
8
9
1
16
4
80
10
0
2
5
194
132
2
8
1
0
8
72
148
0
4
80
36
3
90
135
171
128
8
0
16
4
68
50
33
195
205
2
11
193
64
14
136
42
3
41
206
130
143
102
185
3
53
52
5
10
128
36
32
70
215
25
41
147
42
2
17
176
165
93
219
32
101
111
166
35
106
40
121
159
26
252
180
65
132
82
52
137
66
164
170
152
168
32
60
28
84
18
169
71
0
129
27
201
130
14
12
2
43
1
136
128
199
134
3
11
101
32
0
138
37
74
73
68
192
186
39
18
40
1
71
87
165
20
59
0
168
39
102
32
106
32
105
151
88
189
19
16
140
24
32
37
88
188
162
16
42
50
157
8
85
48
114
194
193
130
31
201
194
218
131
6
43
41
207
130
194
7
56
102
211
37
70
206
175
131
71
78
223
183
47
211
10
51
122
231
36
85
186
82
56
233
244
114
74
48
15
213
20
181
111
153
172
24
5
240
28
156
73
16
242
51
189
88
87
34
249
194
204
130
23
200
142
134
131
26
41
14
79
130
199
70
24
107
199
37
99
204
175
171
87
78
222
189
47
210
10
51
126
215
39
84
186
82
58
237
244
81
94
24
175
221
20
189
207
153
172
24
5
240
31
157
73
16
242
51
189
88
87
34
250
129
129
128
148
1
66
0
22
38
64
5
70
2
205
6
45
109
35
32
199
192
37
226
99
66
83
144
78
16
2
2
97
223
52
83
170
18
8
232
96
112
28
56
175
213
16
245
111
153
172
24
1
240
29
152
65
16
242
51
189
88
87
32
234
66
0
128
178
9
2
0
15
6
34
2
4
1
138
3
22
66
18
1
0
200
131
206
11
2
128
136
9
18
136
1
70
33
164
67
50
33
130
5
66
128
64
4
8
64
20
1
201
81
44
24
0
52
24
148
65
16
32
35
176
8
70
34
97
3
6
130
3
201
128
128
129
2
65
2
71
144
74
33
20
68
19
0
144
192
6
155
73
18
128
8
6
130
160
1
86
39
164
72
16
49
202
10
10
193
16
0
8
0
4
152
193
81
72
24
5
54
0
152
227
3
66
146
36
0
85
0
73
67
11
130
18
65
130
2
2
0
2
2
2
130
192
33
3
68
73
33
198
78
165
0
3
66
130
130
4
16
0
32
16
242
38
80
160
81
72
197
96
224
116
16
8
209
84
129
206
153
172
24
5
240
29
157
65
17
242
51
181
88
86
32
232
64
11
130
146
65
130
6
3
36
2
2
2
146
224
49
3
64
89
33
102
70
47
64
99
66
82
135
4
16
128
16
0
214
6
67
168
17
72
71
64
96
52
48
47
85
92
245
207
25
172
24
4
243
29
156
73
17
242
51
181
72
87
1
250
193
5
130
21
200
130
67
198
0
165
3
6
130
201
3
3
96
109
25
102
202
141
202
73
14
138
190
14
208
0
32
15
119
39
20
187
18
47
71
198
208
96
24
10
201
24
201
147
25
12
24
53
113
90
156
195
17
120
49
189
76
20
16
249
2
5
128
146
73
2
4
7
0
66
0
0
0
65
2
1
4
3
1
146
194
37
16
67
82
2
130
4
128
0
1
64
7
2
16
32
49
0
66
0
96
32
16
201
64
20
165
75
17
44
24
0
180
8
88
9
19
98
51
181
0
115
0
104
2
5
128
18
73
2
4
7
2
64
0
65
0
65
0
1
4
2
0
144
192
36
8
67
66
130
0
2
144
0
1
64
23
34
16
32
49
0
34
0
96
32
8
193
192
20
213
75
17
172
24
0
180
8
152
9
19
82
54
149
0
115
0
72
64
1
139
153
32
82
88
230
2
162
23
132
80
128
11
2
12
64
32
79
14
161
198
131
9
1
146
12
64
36
18
58
115
20
49
170
18
104
194
64
48
40
177
36
183
28
65
110
27
168
59
71
176
25
52
72
17
99
59
249
72
48
65
226
80
1
138
144
32
82
26
102
2
162
23
4
80
160
3
2
12
0
0
199
14
161
198
131
9
2
144
76
0
132
2
8
87
20
65
168
24
72
194
64
176
48
177
38
163
4
225
110
27
168
41
71
176
25
24
72
1
99
19
241
72
50
97
234
3
5
128
6
0
130
0
7
34
0
1
2
128
1
2
19
108
3
0
128
192
37
66
67
0
0
144
76
0
32
128
64
151
52
81
168
0
8
0
64
32
0
56
3
133
20
245
79
17
168
8
5
48
24
24
73
17
51
18
181
0
83
32
74
3
1
128
6
1
130
4
6
34
0
1
2
128
65
2
17
108
35
0
144
192
37
66
67
0
16
144
76
0
32
128
65
151
52
81
160
0
8
0
64
36
16
56
3
197
80
245
79
16
164
8
5
48
24
24
73
24
51
19
181
0
83
36
74
3
7
0
2
1
130
4
2
34
0
1
66
128
73
32
17
100
35
0
144
192
36
1
99
66
16
192
76
16
8
128
65
150
52
16
138
0
72
0
64
100
0
24
1
193
80
245
79
16
164
24
4
48
24
152
1
24
51
50
149
0
83
36
74
3
5
0
2
1
130
4
3
34
64
1
66
128
73
36
21
100
35
0
148
192
36
17
99
66
16
193
76
16
8
128
65
134
36
80
138
0
8
0
64
96
0
24
129
193
80
245
79
16
164
24
4
112
24
152
1
16
50
50
181
24
83
32
74
3
1
0
146
201
130
6
2
38
64
1
2
152
105
32
21
100
51
0
212
194
38
17
99
2
144
225
76
18
40
129
65
22
36
18
138
0
72
0
72
36
0
28
9
193
84
245
79
17
164
16
4
34
24
24
9
24
50
51
149
8
83
32
106
66
5
0
18
201
130
6
3
38
98
1
2
128
233
0
23
100
35
0
212
202
166
17
67
82
144
177
76
130
152
129
64
66
44
2
186
0
8
0
72
32
64
16
137
193
80
129
79
17
172
16
0
96
24
28
65
24
50
51
149
8
83
32
106
66
5
128
146
201
130
10
3
6
98
1
2
128
194
34
21
108
19
0
214
202
167
147
67
18
146
176
76
146
24
129
64
71
36
22
186
82
104
0
64
64
64
16
137
193
84
129
79
25
172
24
1
112
24
156
65
16
114
51
181
24
87
32
106
194
5
128
18
201
130
2
3
6
99
2
66
162
194
2
20
102
3
5
210
200
167
131
67
18
146
176
15
146
8
129
66
71
36
84
186
18
40
33
196
64
64
16
139
193
20
129
79
153
172
24
1
112
24
156
65
16
114
51
181
24
87
32
232
65
15
130
20
64
6
36
67
0
64
2
7
130
229
3
2
38
9
161
70
70
173
66
195
90
90
146
4
0
0
0
0
70
35
97
176
17
8
70
72
100
48
56
227
109
24
165
238
25
160
56
80
241
88
24
138
1
106
19
177
72
101
1
106
3
1
128
146
13
2
132
6
34
0
0
65
0
77
2
1
77
98
0
162
192
33
72
99
66
130
0
2
146
0
1
65
151
34
16
32
49
0
106
32
100
32
10
201
212
16
245
79
16
172
24
0
244
8
152
73
27
50
50
149
0
115
36
104
195
5
128
18
201
134
14
3
38
99
33
66
130
233
4
22
100
35
36
213
202
39
243
99
82
146
161
110
2
152
129
64
199
44
2
186
2
8
32
200
64
74
48
137
209
80
181
79
17
172
24
1
96
24
28
65
24
114
51
145
24
87
32
106
197
9
130
85
200
66
234
198
8
165
3
79
130
197
203
170
104
205
61
103
14
141
238
27
15
218
186
46
208
3
50
63
119
39
117
251
82
255
239
86
208
116
152
126
203
12
233
177
221
140
88
181
209
255
156
235
81
124
49
63
76
21
17
250
3
213
68
138
13
136
4
26
54
80
12
193
44
125
4
13
109
118
33
176
196
106
201
99
96
215
17
50
63
8
1
65
159
98
209
48
98
72
123
32
101
159
42
163
213
16
245
111
144
180
153
8
244
1
154
13
59
150
54
191
16
87
36
74
0
3
128
150
0
66
12
7
2
64
41
0
0
192
2
34
45
3
32
132
192
37
66
195
72
67
145
108
0
0
130
65
215
52
81
168
24
72
234
64
96
24
48
43
245
20
245
111
144
168
8
7
240
24
24
73
1
115
19
177
88
83
32
106
193
11
146
85
192
74
230
230
8
165
75
7
130
229
11
170
47
73
185
103
14
173
230
131
75
95
147
38
128
2
50
15
87
39
113
185
16
108
238
68
113
52
184
103
237
8
125
167
153
128
121
245
209
94
156
202
65
120
49
185
76
37
17
250
65
15
130
84
64
6
36
67
0
192
2
3
130
225
11
14
46
9
161
103
94
173
82
67
91
90
147
36
0
0
2
0
198
35
97
176
17
12
206
72
96
52
56
231
237
24
245
238
153
160
56
17
241
92
152
202
1
234
83
181
72
101
1
234
3
133
128
18
1
194
4
6
2
65
1
196
130
77
6
29
109
35
32
197
192
39
242
67
82
83
176
110
16
0
128
65
135
52
81
170
0
8
104
104
96
24
56
171
213
80
181
111
145
172
24
5
240
24
152
65
16
242
51
181
24
87
32
106
3
1
128
18
201
194
8
6
38
3
1
70
146
109
6
52
108
51
32
197
194
39
211
99
82
210
176
110
2
170
130
97
215
36
3
154
2
8
104
72
96
72
60
169
213
80
181
111
17
172
24
1
240
24
28
65
24
178
51
177
24
87
32
234
64
7
130
148
0
66
12
7
2
192
1
132
18
196
35
10
45
3
32
199
68
37
82
195
81
83
176
108
0
128
130
64
199
52
81
168
88
72
232
96
112
28
48
175
213
20
181
110
153
172
24
5
240
29
152
73
17
243
19
181
88
87
32
234
195
133
128
18
201
134
14
6
6
39
33
202
130
201
6
30
108
35
36
197
202
39
243
67
90
211
181
110
2
152
129
96
199
44
0
186
2
8
104
234
96
74
48
169
209
88
181
111
17
172
24
1
240
24
156
65
16
242
51
185
24
87
32
235
64
3
130
16
64
130
34
2
0
0
2
6
144
196
1
2
68
9
33
70
70
45
64
67
2
90
146
4
0
128
0
0
86
3
67
160
1
8
70
64
36
32
16
2
77
76
163
206
24
40
24
16
179
88
24
131
1
106
19
181
72
97
1
106
3
134
0
2
141
128
128
0
34
80
0
65
128
89
0
21
76
98
4
144
192
32
136
99
64
147
17
34
22
8
1
65
151
162
88
16
112
0
106
32
97
0
8
201
192
16
241
79
16
180
24
4
180
0
152
1
17
82
50
133
64
87
36
91
2
2
12
131
175
145
130
32
60
254
22
71
152
57
25
0
4
211
1
160
192
32
202
120
73
0
136
38
28
65
17
95
245
160
81
48
119
72
168
32
240
84
104
14
212
132
208
105
153
200
24
5
244
13
156
73
18
226
51
188
64
87
32
254
195
141
130
30
1
194
28
6
2
225
9
206
130
205
6
47
109
35
32
199
198
39
114
67
67
87
176
110
17
2
130
97
199
52
81
186
82
8
232
96
112
28
56
171
213
80
181
111
153
172
24
5
240
29
156
65
16
243
51
189
88
87
34
234
194
217
130
159
205
138
222
131
30
105
40
207
130
198
70
61
102
215
37
71
204
175
163
115
14
222
179
47
211
10
51
126
231
39
116
186
82
122
233
244
211
94
16
15
217
22
189
79
137
164
88
5
240
30
157
73
16
242
51
189
88
87
34
249
195
197
128
18
201
134
14
3
6
103
33
202
130
200
6
31
108
115
36
197
202
167
243
99
90
215
181
110
146
26
131
96
199
36
4
186
66
40
104
224
96
74
48
171
209
80
181
111
153
172
24
1
240
24
156
65
16
242
51
189
88
87
32
235
3
133
128
150
1
194
12
6
34
64
1
198
130
205
38
11
109
35
32
199
192
37
82
99
66
83
176
110
16
0
130
65
215
52
83
168
18
8
232
96
112
28
56
171
213
80
245
111
153
172
24
1
240
29
152
65
16
243
51
181
24
87
32
234
81
13
130
21
32
66
24
167
2
226
59
4
0
229
11
162
45
3
32
199
14
165
198
131
89
87
177
108
0
6
130
18
243
52
81
168
26
8
234
64
112
28
57
175
181
16
229
110
153
168
24
3
240
29
24
73
1
115
51
177
88
82
32
234
3
135
128
26
77
66
128
22
16
88
0
69
0
92
6
37
77
98
1
146
192
43
209
67
66
3
128
2
145
0
3
67
135
34
81
48
115
0
106
96
96
60
26
139
212
16
181
111
24
172
24
5
240
24
152
65
19
178
55
181
80
119
38
104
3
1
128
146
73
66
0
6
52
72
8
5
2
205
6
45
4
99
33
162
196
45
192
99
66
2
130
4
144
0
0
65
215
34
81
48
51
0
74
96
64
60
24
203
212
16
229
79
25
172
24
1
240
24
152
73
27
178
51
181
16
119
2
232
64
11
130
80
64
130
36
3
32
128
2
2
146
224
59
11
68
25
33
102
78
175
82
67
2
90
151
36
0
128
48
0
214
39
67
169
17
76
70
64
32
52
56
99
93
92
53
238
25
168
24
21
243
93
156
203
17
234
51
181
72
117
1
234
197
203
207
213
248
90
222
230
24
191
59
219
154
245
203
234
107
213
61
111
14
141
238
121
47
223
59
47
213
11
50
63
247
167
125
91
82
255
255
246
243
124
232
127
223
30
125
177
205
141
86
181
217
255
149
235
209
252
33
63
92
85
17
190
199
218
207
221
255
91
223
250
62
191
59
219
159
252
239
233
235
213
60
47
78
141
174
120
47
223
59
63
215
75
54
63
247
231
124
91
82
247
255
182
243
126
232
127
223
142
221
177
205
157
86
181
221
247
135
235
209
252
48
31
92
93
19
191
194
201
130
151
201
202
134
131
30
57
46
79
130
198
70
57
103
215
37
67
204
173
170
115
74
222
177
47
210
10
35
126
247
39
85
186
82
122
233
244
83
92
16
47
221
22
253
111
153
172
24
1
240
31
156
73
16
242
51
189
88
87
34
248
72
11
138
217
34
95
154
167
14
162
59
132
81
132
123
226
29
81
96
207
14
177
70
131
9
69
182
108
0
198
150
18
226
20
195
168
90
106
202
64
176
125
53
44
183
158
161
110
159
168
152
71
178
29
157
88
1
227
19
181
89
114
104
226
64
11
130
18
65
130
0
2
0
10
2
2
130
192
33
3
68
9
33
198
78
173
64
67
66
82
131
4
0
0
32
0
66
2
83
160
17
12
70
64
96
52
48
11
85
84
161
206
25
168
24
1
241
29
156
193
17
98
51
181
72
114
1
234
65
11
130
16
65
130
6
2
0
130
2
2
146
192
41
3
68
57
33
70
78
45
64
67
2
82
147
4
0
0
48
0
66
6
67
169
17
76
70
64
32
52
52
107
69
92
37
238
25
168
24
20
243
93
156
195
17
106
51
181
72
113
1
106
197
13
130
85
200
194
218
198
8
165
3
78
130
193
3
43
96
77
57
103
14
141
206
73
14
202
190
46
208
11
50
63
119
39
21
123
18
111
239
214
208
96
8
30
201
28
233
179
217
12
24
53
209
126
156
235
81
120
49
61
76
20
17
251
65
3
130
16
64
130
2
2
0
2
2
6
144
196
41
3
68
41
33
198
74
37
64
67
2
80
130
4
0
0
48
1
66
2
83
169
17
76
70
72
32
32
20
8
69
92
35
206
25
40
24
4
179
89
24
131
17
106
19
181
8
112
1
98
3
6
0
131
137
200
130
5
24
249
6
69
128
53
9
36
12
19
0
144
192
33
203
104
65
80
8
38
16
3
3
71
149
160
81
32
115
202
168
34
96
20
8
42
197
20
244
105
153
200
24
5
180
13
152
201
18
67
182
180
64
83
32
74
5
47
231
168
0
110
36
118
33
196
194
5
64
181
153
131
203
76
163
96
224
4
72
147
77
57
20
128
0
4
48
65
213
2
85
170
16
120
77
4
36
52
56
167
68
128
103
238
24
44
56
20
242
29
140
8
0
224
3
165
72
71
33
242
