/home/diego/workspaceNEW/MirageServer/posters/JPEG/Movie Poster 4.jpg
512
786
264
118.673
-1
0
286
216
0.00360994
31
-6.27433
-1
0
353
250
0.0069267
31
-125.754
-1
0
134
158
0.0170299
31
113.076
-1
0
291
215
0.00548448
31
-102.963
-1
0
114
128
0.00471756
31
-158.675
-1
0
300
313
0.00464576
31
53.8374
-1
0
385
307
0.00492563
31
-147.579
-1
0
111
151
0.00926758
31
5.00064
-1
0
295
274
0.00593974
31
121.945
-1
0
303
217
0.00812598
31
-105.859
-1
0
281
247
0.00499047
31
67.0113
-1
0
296
186
0.00674694
31
-175.882
-1
0
223
202
0.00379947
31
88.1655
-1
0
294
227
0.00450916
31
-135
-1
0
115
100
0.00475537
31
155.556
-1
0
406
587
0.00595972
31
-135.567
-1
0
143
156
0.00366801
31
-159.842
-1
0
136
152
0.00968681
31
-134.444
-1
0
105
152
0.00767388
31
-125.166
-1
0
100
152
0.008733
31
88.986
-1
0
320
277
0.00440562
31
-111.15
-1
0
137
159
0.0131874
31
53.6698
-1
0
383
307
0.00512501
31
113.044
-1
0
299
213
0.00557479
31
-109.204
-1
0
143
159
0.00376519
31
111.943
-1
0
297
213
0.00894523
31
-24.8352
-1
0
359
261
0.00398289
31
117.168
-1
0
284
212
0.00667927
31
-107.393
-1
0
135
161
0.0140735
31
45.6031
-1
0
377
306
0.00368864
31
-164.476
-1
0
134
151
0.0118224
31
-101.788
-1
0
117
161
0.0120598
31
-158.714
-1
0
117
151
0.011321
31
-102.856
-1
0
111
161
0.0111474
31
-94.1223
-1
0
379
262
0.00540538
31
84.1226
-1
0
267
680
0.00364668
31
-107.879
-1
0
208
125
0.00318421
31
91.1233
-1
0
263
688
0.00314684
31
114.928
-1
0
302
688
0.002654
31
113.629
-1
0
302
680
0.00256244
31
-75.0184
-1
0
296
269
0.0025789
31
-86.9303
-1
0
154
135
0.00265927
31
53.7074
-1
0
345
680
0.00255812
31
105.068
-1
0
386
679
0.00265367
31
-155.772
-1
0
325
363
0.00254469
31
-86.5623
-1
0
138
117
0.00325724
31
85.9144
-1
0
285
680
0.00295547
31
17.8787
-1
0
411
679
0.00270151
31
-95.8935
-1
0
196
134
0.00304568
31
-38.3131
-1
0
346
320
0.00327428
31
178.069
-1
0
167
100
0.00325188
31
153.435
-1
0
376
687
0.00275222
31
94.9697
-1
0
274
665
0.00342887
31
-95.0006
-1
0
133
139
0.00343148
31
105.06
-1
0
321
215
0.00346117
31
24.8637
-1
0
270
673
0.00270892
31
116.188
-1
0
298
688
0.00282552
31
166.387
-1
0
240
105
0.00272532
31
90
-1
0
174
105
0.00337402
31
149.184
-1
0
306
206
0.00266882
31
-15.7209
-1
0
135
337
0.00266432
31
-22.0113
-1
0
357
260
0.00269713
31
64.6538
-1
0
355
679
0.00254008
31
-146.041
-1
0
117
105
0.00359265
31
129.44
-1
0
374
672
0.00253634
31
25.9103
-1
0
370
308
0.0032216
31
-55.4077
-1
0
344
315
0.00290166
31
113.875
-1
0
285
664
0.00235762
31
138.106
-1
0
327
269
0.00232669
31
128.998
-1
0
218
105
0.00242404
31
78.0707
-1
0
322
680
0.00246016
31
74.4759
-1
0
254
688
0.00228724
31
96.1322
-1
1
295.2
186
0.00497417
37.2
-30.2564
-1
1
295.2
273.6
0.00283034
37.2
-14.4642
-1
1
134.4
336
0.00234654
37.2
-81.9409
-1
1
367.2
294
0.00621738
37.2
-97.5563
-1
1
379.2
261.6
0.00329351
37.2
-107.546
-1
1
134.4
160.8
0.00587346
37.2
113.595
-1
1
290.4
194.4
0.00229495
37.2
-86.8202
-1
1
369.6
292.8
0.00707114
37.2
-100.035
-1
1
133.2
138
0.00242403
37.2
-174.262
-1
1
218.4
198
0.0030064
37.2
98.6804
-1
1
294
226.8
0.00308758
37.2
-118.443
-1
1
142.8
158.4
0.00211736
37.2
-112.736
-1
1
136.8
158.4
0.00625319
37.2
-137.816
-1
1
313.2
256.8
0.00453454
37.2
50.2538
-1
1
385.2
307.2
0.00432045
37.2
170.492
-1
1
222
202.8
0.0038778
37.2
25.2584
-1
1
370.8
308.4
0.00327402
37.2
175.121
-1
1
216
204
0.00242201
37.2
-160.689
-1
1
300
312
0.00246073
37.2
134.756
-1
1
304.8
205.2
0.00317598
37.2
-136.79
-1
1
136.8
152.4
0.00272134
37.2
121.648
-1
1
284.4
212.4
0.00647872
37.2
115.866
-1
1
320.4
277.2
0.00355914
37.2
126.353
-1
1
296.4
212.4
0.00480053
37.2
-132.91
-1
1
134.4
151.2
0.0041139
37.2
113.362
-1
1
290.4
214.8
0.00426873
37.2
119.653
-1
1
285.6
216
0.00427247
37.2
-88.399
-1
1
324
289.2
0.00239814
37.2
122.032
-1
1
303.6
217.2
0.00392867
37.2
112.637
-1
1
320.4
216
0.0018733
37.2
-52.4314
-1
1
343.2
314.4
0.00167561
37.2
-104.5
-1
1
296.4
270
0.00198328
37.2
111.353
-1
1
318
219.6
0.00134429
37.2
172.057
-1
1
325.2
362.4
0.00178133
37.2
111.508
-1
1
304.8
220.8
0.00178086
37.2
6.31393
-1
1
379.2
394.8
0.00129461
37.2
-129.987
-1
1
142.8
156
0.0014419
37.2
-98.572
-1
1
196.8
133.2
0.00178432
37.2
5.71059
-1
1
373.2
292.8
0.0019229
37.2
-85.2364
-1
1
152.4
157.2
0.00126093
37.2
-29.9457
-1
1
360
260.4
0.00184048
37.2
149.036
-1
1
313.2
200.4
0.00163378
37.2
-97.2014
-1
1
144
138
0.00131906
37.2
-156.719
-1
1
319.2
254.4
0.00165189
37.2
104.826
-1
1
303.6
228
0.00154244
37.2
-172.372
-1
1
219.6
194.4
0.00186285
37.2
-84.6442
-1
1
156
136.8
0.00162158
37.2
-154.312
-1
1
253.2
267.6
0.00160895
37.2
-97.125
-1
1
147.6
160.8
0.00155719
37.2
148.019
-1
1
320.4
235.2
0.00195277
37.2
126.396
-1
1
248.4
165.6
0.00125797
37.2
14.444
-1
2
352.8
216
0.00131927
44.64
114.88
-1
2
303.84
217.44
0.00210116
44.64
130.347
-1
2
326.88
217.44
0.00101049
44.64
-34.3166
-1
2
152.64
339.84
0.00106048
44.64
153.083
-1
2
214.56
204.48
0.00221047
44.64
174.572
-1
2
218.88
194.4
0.00211447
44.64
108.505
-1
2
305.28
220.32
0.00143732
44.64
115.586
-1
2
318.24
220.32
0.00118671
44.64
-77.7898
-1
2
332.64
292.32
0.00352287
44.64
125.64
-1
2
298.08
213.12
0.00264934
44.64
135
-1
2
324
194.4
0.00112856
44.64
-129.583
-1
2
313.92
289.44
0.000995124
44.64
-101.08
-1
2
322.56
288
0.00268394
44.64
90.9548
-1
2
252
228.96
0.000975094
44.64
126.729
-1
2
293.76
211.68
0.00235453
44.64
-172.266
-1
2
313.92
280.8
0.00217534
44.64
116.162
-1
2
289.44
194.4
0.00226356
44.64
118.059
-1
2
319.68
216
0.00124792
44.64
125.423
-1
2
305.28
204.48
0.0022077
44.64
100.305
-1
2
295.2
185.76
0.00363072
44.64
108.175
-1
2
295.2
226.08
0.00190099
44.64
153.825
-1
2
321.12
276.48
0.00219392
44.64
105.322
-1
2
302.4
228.96
0.00202075
44.64
92.1747
-1
2
250.56
231.84
0.000976724
44.64
113.454
-1
2
275.04
197.28
0.00133166
44.64
135
-1
2
313.92
200.16
0.0010055
44.64
-149.859
-1
2
295.2
273.6
0.00174898
44.64
29.9622
-1
2
354.24
234.72
0.00209831
44.64
141.368
-1
2
218.88
175.68
0.0023443
44.64
146.881
-1
2
321.12
236.16
0.00182818
44.64
178.898
-1
2
283.68
246.24
0.00407895
44.64
164.846
-1
2
324
361.44
0.00161159
44.64
121.511
-1
2
247.68
165.6
0.00101396
44.64
-174.116
-1
2
319.68
250.56
0.00114301
44.64
116.565
-1
2
316.8
192.96
0.00126997
44.64
-139.525
-1
2
296.64
269.28
0.00101006
44.64
-6.6613
-1
2
354.24
252
0.000933146
44.64
113.739
-1
2
276.48
192.96
0.000931051
44.64
172.737
-1
2
220.32
197.28
0.00425168
44.64
-78.9298
-1
2
151.2
158.4
0.00123311
44.64
-145.241
-1
2
313.92
257.76
0.004008
44.64
179.089
-1
2
266.4
378.72
0.00187212
44.64
7.49586
-1
2
352.8
208.8
0.000896022
44.64
104.693
-1
2
208.8
259.2
0.00117786
44.64
120.046
-1
2
286.56
216
0.00467897
44.64
160.927
-1
2
221.76
201.6
0.00353961
44.64
-11.3099
-1
2
358.56
260.64
0.00087941
44.64
-126.87
-1
2
300.96
262.08
0.000948359
44.64
-154.622
-1
2
322.56
262.08
0.00182414
44.64
122.3
-1
2
285.12
211.68
0.00389388
44.64
-75.5476
-1
2
365.76
293.76
0.00380253
44.64
142.028
-1
2
326.88
267.84
0.000778728
44.64
-160.115
-1
2
252
266.4
0.000818826
44.64
-59.2159
-1
2
290.88
252
0.000707512
44.64
108.935
-1
2
300.96
194.4
0.000705476
44.64
89.1208
-1
2
253.44
221.76
0.000702974
44.64
108.828
-1
3
262.656
228.096
0.000629453
53.568
122.005
-1
3
283.392
212.544
0.00296079
53.568
119.667
-1
3
304.128
203.904
0.00160573
53.568
146.061
-1
3
221.184
202.176
0.00237044
53.568
100.77
-1
3
295.488
184.896
0.00285568
53.568
-166.881
-1
3
262.656
248.832
0.000679375
53.568
160.534
-1
3
281.664
245.376
0.00349274
53.568
111.063
-1
3
293.76
226.368
0.000830973
53.568
122.179
-1
3
297.216
212.544
0.00148525
53.568
122.196
-1
3
286.848
212.544
0.00285987
53.568
-162.269
-1
3
298.944
312.768
0.000921622
53.568
176.566
-1
3
293.76
278.208
0.00134718
53.568
172.694
-1
3
323.136
245.376
0.000767855
53.568
145.552
-1
3
321.408
235.008
0.0013361
53.568
91.7806
-1
3
252.288
221.184
0.00065168
53.568
-154.654
-1
3
312.768
257.472
0.00328269
53.568
146.524
-1
3
212.544
203.904
0.00187981
53.568
106.361
-1
3
314.496
191.808
0.000985074
53.568
104.036
-1
3
209.088
259.2
0.00085934
53.568
-175.48
-1
3
319.68
250.56
0.000811015
53.568
-125.049
-1
3
297.216
260.928
0.00149938
53.568
-163.761
-1
3
321.408
260.928
0.00123466
53.568
96.7262
-1
3
250.56
229.824
0.00116291
53.568
-145.008
-1
3
288.576
279.936
0.00106066
53.568
160.331
-1
3
330.048
240.192
0.000779462
53.568
118.465
-1
3
283.392
217.728
0.00275611
53.568
114.753
-1
3
298.944
195.264
0.00100603
53.568
116.565
-1
3
288.576
195.264
0.001444
53.568
111.286
-1
3
321.408
193.536
0.0012932
53.568
116.025
-1
3
276.48
193.536
0.000934211
53.568
-177.928
-1
3
266.112
378.432
0.00197542
53.568
125.455
-1
3
319.68
216
0.00132719
53.568
164.564
-1
3
319.68
243.648
0.000867669
53.568
121.211
-1
3
292.032
210.816
0.00151246
53.568
160.758
-1
3
324.864
267.84
0.000634089
53.568
105.504
-1
3
302.4
228.096
0.000921779
53.568
96.2004
-1
3
247.104
231.552
0.00127371
53.568
140.572
-1
3
317.952
359.424
0.000859298
53.568
99.5703
-1
3
297.216
177.984
0.0012798
53.568
-173.853
-1
3
300.672
273.024
0.000860928
53.568
-177.019
-1
3
321.408
276.48
0.0018765
53.568
132.544
-1
3
217.728
176.256
0.00261067
53.568
121.844
-1
3
312.768
228.096
0.000744976
53.568
142.125
-1
3
323.136
361.152
0.00135759
53.568
130.224
-1
3
324.864
224.64
0.00076673
53.568
127.373
-1
3
324.864
217.728
0.00158629
53.568
161.384
-1
3
219.456
196.992
0.00282947
53.568
-157.891
-1
3
312.768
281.664
0.002552
53.568
115.694
-1
3
273.024
196.992
0.000798604
53.568
111.758
-1
3
302.4
217.728
0.000860842
53.568
-166.527
-1
3
324.864
259.2
0.000873832
53.568
122.455
-1
3
317.952
219.456
0.00139537
53.568
-133.517
-1
3
312.768
290.304
0.00116516
53.568
-81.2359
-1
3
331.776
292.032
0.00265578
53.568
154.786
-1
3
330.048
235.008
0.000623459
53.568
-103.671
-1
3
290.304
252.288
0.000615342
53.568
-147.465
-1
4
298.598
259.2
0.00199029
64.2816
152.22
-1
4
284.083
246.758
0.00306482
64.2816
112.775
-1
4
308.966
217.728
0.000492496
64.2816
97.386
-1
4
252.979
221.875
0.000771917
64.2816
116.878
-1
4
296.525
211.507
0.00128291
64.2816
121.47
-1
4
286.157
211.507
0.00166279
64.2816
112.993
-1
4
263.347
226.022
0.000604936
64.2816
-172.6
-1
4
288.23
279.936
0.000909874
64.2816
100.751
-1
4
207.36
259.2
0.000838924
64.2816
111.289
-1
4
294.451
226.022
0.00079373
64.2816
101.136
-1
4
250.906
228.096
0.00148225
64.2816
106.869
-1
4
302.746
228.096
0.00122978
64.2816
-171.803
-1
4
294.451
308.966
0.000513555
64.2816
118.48
-1
4
292.378
215.654
0.000932684
64.2816
100.88
-1
4
246.758
230.17
0.00154664
64.2816
-178.512
-1
4
290.304
252.979
0.000534177
64.2816
119.924
-1
4
302.746
203.213
0.00129339
64.2816
121.745
-1
4
282.01
230.17
0.000496671
64.2816
134.802
-1
4
221.875
203.213
0.00114995
64.2816
147.792
-1
4
211.507
203.213
0.00137654
64.2816
113.07
-1
4
292.378
232.243
0.00125185
64.2816
112.529
-1
4
302.746
217.728
0.000623195
64.2816
-168.14
-1
4
294.451
277.862
0.00119383
64.2816
-164.795
-1
4
298.598
311.04
0.000715362
64.2816
151.953
-1
4
279.936
302.746
0.000776877
64.2816
155.212
-1
4
261.274
296.525
0.000494964
64.2816
107.14
-1
4
226.022
217.728
0.00046265
64.2816
154.256
-1
5
261.274
296.11
0.000553518
77.1379
160.039
-1
5
261.274
248.832
0.000678077
77.1379
264
64
85
50
85
30
16
130
46
112
227
46
81
51
236
35
129
18
226
195
2
96
201
229
195
230
200
40
228
253
10
12
225
72
91
36
4
190
28
56
33
124
108
74
57
15
243
48
193
79
26
172
24
7
96
24
29
77
8
179
19
145
120
70
32
99
65
14
150
12
33
74
36
71
33
144
2
129
2
177
15
139
111
170
169
205
128
13
87
179
81
93
217
100
37
4
130
68
157
17
97
32
17
136
232
96
101
28
56
167
45
193
119
238
153
192
108
17
244
76
154
200
19
219
23
165
80
99
1
74
10
2
5
136
14
93
130
37
13
82
26
4
25
52
121
160
197
24
65
176
192
112
140
112
89
128
0
64
0
210
27
218
245
56
83
40
94
98
136
0
132
21
20
14
84
134
224
104
155
8
153
5
178
29
141
89
0
66
3
180
64
94
34
240
85
50
85
30
56
128
43
116
226
62
113
51
236
43
135
66
242
195
194
32
233
227
195
164
200
40
236
157
8
12
233
104
255
44
4
190
28
56
1
252
222
74
25
14
240
48
193
79
58
164
24
3
96
24
28
73
14
243
19
144
120
70
34
241
122
60
239
179
223
231
211
15
246
101
214
119
255
254
179
84
250
181
121
242
245
37
155
119
86
250
248
15
210
155
115
239
207
47
87
186
90
114
237
94
80
85
16
14
197
13
229
79
153
172
24
13
240
29
156
73
16
242
51
189
88
23
32
248
193
15
146
16
1
66
36
198
32
128
40
133
18
165
163
170
235
24
33
103
72
129
228
51
74
79
177
40
81
6
50
0
240
36
117
186
16
96
65
228
112
84
56
47
221
20
101
236
153
172
88
5
240
30
148
73
144
240
35
189
88
86
32
250
203
137
138
87
38
157
222
128
59
191
63
202
158
228
114
90
164
211
52
235
142
61
99
123
233
86
183
126
64
107
183
114
215
60
20
234
90
121
234
243
80
221
125
109
211
20
245
127
153
172
24
7
248
29
157
73
17
243
51
189
121
51
32
250
33
14
101
1
200
156
163
113
252
84
38
71
205
121
89
165
194
229
207
96
244
98
25
244
93
40
12
2
238
150
9
222
229
110
66
56
80
50
141
168
223
84
24
150
64
226
80
65
169
45
136
8
208
29
143
9
56
228
99
188
194
86
44
249
195
205
138
127
33
128
92
131
49
251
41
203
130
201
36
15
1
57
188
143
142
175
126
59
97
223
163
38
83
33
32
22
115
179
62
97
115
173
118
162
82
234
168
249
187
88
93
179
73
203
118
117
77
226
173
174
147
253
241
31
213
116
147
179
20
50
213
158
60
129
26
117
86
186
0
21
69
2
147
83
246
198
192
34
193
33
199
139
200
0
164
76
16
76
185
106
117
36
151
190
84
112
1
117
80
74
19
14
112
180
193
79
152
44
24
3
176
24
156
73
134
179
27
156
88
70
34
241
220
57
155
223
118
67
218
246
91
161
85
189
83
198
155
250
187
215
56
79
15
189
230
155
175
202
186
79
83
105
190
62
119
55
53
251
94
127
222
87
147
233
197
126
171
158
137
190
223
174
127
247
185
254
180
234
209
255
57
91
93
44
147
247
133
38
101
37
252
176
175
120
224
29
224
113
236
59
128
1
162
236
143
104
249
64
41
252
76
57
13
179
252
12
97
159
120
100
28
186
81
48
33
157
109
66
26
159
192
225
218
81
8
181
84
33
96
158
142
13
172
246
19
132
200
215
36
56
82
89
18
246
228
138
94
2
2
1
59
66
130
194
64
16
116
195
60
199
6
45
129
67
238
214
235
109
18
42
128
48
18
53
92
159
74
76
194
213
1
202
145
73
169
30
157
15
193
166
16
3
104
96
189
235
81
115
48
187
88
53
16
168
69
42
179
133
216
206
163
254
200
124
194
117
195
71
155
128
234
9
195
4
241
5
206
201
90
120
60
135
128
136
35
207
77
33
77
179
20
178
237
92
217
84
16
142
73
32
185
225
184
36
88
1
241
30
28
65
70
120
7
161
10
7
32
126
221
249
255
125
54
123
253
254
249
191
253
250
79
231
214
202
155
205
255
111
175
253
230
191
173
127
247
247
109
111
118
238
223
91
188
239
223
189
249
119
126
238
251
127
255
189
119
251
255
255
47
247
201
253
126
92
220
159
255
203
253
187
241
182
205
248
238
205
255
243
247
252
61
253
172
253
223
191
191
239
233
253
121
111
253
85
254
249
101
111
185
119
125
79
55
231
221
113
215
251
82
249
253
119
118
29
106
63
213
29
253
99
157
236
30
5
241
253
156
79
88
254
187
189
217
87
54
254
0
6
36
128
139
93
130
133
44
84
10
5
16
60
121
164
68
56
65
160
208
50
156
96
88
32
4
64
160
210
27
210
101
32
67
32
81
66
8
8
132
21
20
134
68
230
226
65
152
8
152
8
150
13
137
25
35
64
3
180
66
2
8
104
33
6
5
3
200
204
163
56
184
84
6
69
128
61
73
165
66
100
129
32
208
34
26
224
80
32
12
0
188
2
11
71
61
66
65
48
17
130
13
136
213
52
8
134
64
226
104
193
33
5
9
40
149
13
139
8
48
64
34
172
194
7
36
216
40
14
101
130
202
157
163
97
236
84
34
65
221
57
120
228
210
244
199
96
244
112
25
244
93
168
12
22
174
208
25
219
229
100
66
184
208
114
129
140
198
85
24
134
64
226
208
65
153
45
141
8
242
29
143
25
40
118
3
188
74
214
40
249
56
34
101
130
254
157
3
113
238
86
114
16
221
59
248
196
210
244
67
32
240
112
144
244
220
160
44
29
174
216
93
201
116
108
86
186
220
114
129
204
196
85
16
142
64
166
192
77
154
45
141
8
114
29
143
89
44
118
19
188
74
222
104
249
197
236
139
5
232
90
186
228
88
187
174
223
194
165
202
168
129
9
191
15
77
133
38
152
235
79
157
162
197
15
34
22
248
17
108
233
30
183
237
188
211
28
56
190
251
122
186
176
169
205
110
247
217
255
13
226
214
221
1
44
92
80
114
169
14
0
12
136
35
89
146
37
29
146
31
4
24
52
121
160
133
24
1
96
192
112
132
48
61
132
136
64
68
194
29
88
112
16
65
40
82
98
136
8
176
21
92
12
84
134
192
104
155
9
22
5
154
29
213
24
144
66
43
188
65
10
98
240
203
201
138
87
38
153
216
128
59
167
53
202
154
224
118
90
132
243
52
243
142
53
67
91
169
86
183
126
64
107
183
98
215
60
4
234
90
121
234
251
112
253
125
109
211
84
181
111
157
172
24
71
248
29
156
73
17
243
51
189
121
59
96
250
52
38
176
142
56
132
10
101
70
126
16
53
33
11
155
54
242
130
194
128
209
35
211
135
216
40
228
77
0
156
233
200
237
36
70
182
212
50
129
252
194
78
17
142
240
50
129
79
185
172
152
9
176
28
157
81
2
243
19
176
122
70
42
97
12
2
8
136
34
89
130
68
37
146
7
4
16
52
121
160
132
24
1
96
192
112
132
48
25
0
128
64
0
198
29
80
112
16
193
40
82
98
128
8
144
21
28
12
84
134
192
72
27
9
28
5
146
93
213
24
16
66
59
188
65
138
106
241
52
38
176
158
56
132
10
101
70
126
120
53
33
11
151
54
242
130
194
128
209
35
211
150
216
40
228
77
0
156
233
232
237
36
71
182
212
58
129
252
210
78
17
142
240
178
129
79
185
44
24
9
160
24
156
81
6
243
19
148
122
70
42
113
16
40
155
139
0
90
144
167
91
176
94
149
80
22
139
178
111
130
128
137
133
1
111
129
233
65
24
204
3
139
131
106
181
0
97
48
63
202
201
112
176
20
161
38
23
150
39
236
155
104
111
215
180
13
48
202
198
115
10
224
89
1
96
238
84
51
85
150
52
178
46
112
199
56
83
49
229
23
144
82
242
199
67
104
201
163
193
150
200
8
228
205
18
136
161
232
83
44
38
190
76
56
1
84
124
192
49
47
198
160
133
79
178
164
153
0
96
24
159
89
0
114
19
217
104
6
32
242
6
0
8
8
35
89
158
101
17
130
63
4
16
4
73
162
137
24
0
64
128
48
196
0
109
133
128
0
65
130
27
88
240
16
65
40
82
98
136
0
50
28
16
44
84
150
164
104
27
8
30
5
152
29
148
8
144
66
43
188
64
22
34
240
67
193
136
26
39
147
94
0
34
163
37
202
152
96
38
27
132
35
32
211
143
119
67
195
192
82
243
126
1
36
133
96
223
60
131
172
90
8
234
105
114
10
60
41
149
116
183
111
153
170
24
7
240
25
88
65
19
243
51
181
56
243
226
235
1
14
5
3
201
200
163
120
184
21
6
69
128
61
73
161
66
100
129
32
212
98
138
224
105
160
12
2
188
3
11
79
61
66
65
48
21
130
13
136
213
52
10
134
64
226
104
193
33
5
9
44
149
13
139
8
56
64
34
172
192
7
38
216
3
196
8
14
35
216
154
12
25
146
61
140
16
20
109
170
137
16
4
153
132
34
228
18
97
133
129
0
81
43
21
90
224
52
69
186
82
114
136
176
242
94
49
46
150
150
160
106
153
171
30
5
248
29
149
64
144
226
59
188
88
86
34
251
33
134
101
1
200
204
163
121
252
85
134
71
201
121
88
165
194
108
199
32
244
98
24
244
89
40
12
130
236
146
11
223
253
106
67
56
80
130
13
168
221
52
24
134
64
98
120
193
169
13
137
40
209
29
137
9
60
228
3
172
194
215
44
217
3
204
8
14
35
217
152
12
25
178
63
132
48
30
109
162
137
16
0
153
132
50
228
2
97
133
129
0
83
43
31
90
240
36
85
186
82
90
200
48
178
92
57
46
148
150
164
106
153
174
30
5
184
29
149
64
16
226
59
188
88
86
34
250
7
134
130
41
137
240
162
204
40
193
129
206
128
17
3
9
8
13
129
67
130
37
206
113
100
218
16
103
21
34
3
19
151
210
89
8
49
201
108
34
33
40
56
96
245
25
121
51
24
152
56
37
209
192
184
104
17
202
50
133
64
87
55
91
15
197
44
60
15
161
249
82
48
46
129
200
8
73
37
13
132
124
39
242
224
102
144
123
70
58
131
82
89
4
49
83
219
48
152
40
82
108
48
41
122
42
30
15
210
81
211
75
24
152
24
5
64
92
156
0
27
131
51
191
208
243
2
163
248
157
142
214
102
87
220
183
55
253
125
201
30
255
54
142
61
211
124
239
246
47
231
179
123
127
183
126
121
241
246
235
215
61
48
181
215
92
250
253
112
125
185
111
255
52
247
110
157
168
27
199
244
29
156
205
83
247
115
255
123
119
1
250
15
5
174
180
15
165
93
123
53
238
213
6
155
236
51
70
140
92
99
242
250
126
210
123
30
190
146
112
120
117
52
203
87
120
17
40
210
109
120
11
60
169
253
43
206
21
231
107
25
138
24
141
210
28
156
12
25
131
123
153
3
31
8
226
42
37
235
119
55
225
89
29
220
129
215
53
241
214
169
231
139
20
2
219
143
58
231
23
37
138
130
1
82
123
62
40
14
44
53
250
218
123
201
85
208
253
151
110
196
5
169
110
25
174
91
5
248
157
188
64
16
34
63
191
41
22
164
218
35
229
169
62
29
166
223
77
196
234
185
248
33
74
135
79
139
116
3
83
130
43
211
95
68
139
134
39
83
57
33
78
199
172
156
186
210
56
97
55
122
106
48
233
214
81
149
107
25
172
24
1
209
24
188
0
16
162
115
159
104
87
34
251
122
49
179
150
66
135
14
39
71
230
83
16
221
164
59
82
127
211
120
238
154
29
195
199
153
84
190
108
2
248
212
168
7
47
35
31
136
76
102
74
36
65
229
105
15
172
37
175
214
128
169
218
38
56
48
223
73
63
88
81
105
41
88
230
70
3
8
48
111
146
26
8
32
2
149
0
152
80
32
1
128
29
1
212
192
35
128
115
68
136
136
5
80
0
49
72
215
60
84
170
66
120
129
84
208
26
24
15
209
28
193
79
25
172
24
5
113
93
156
9
16
242
51
157
72
87
32
249
85
170
247
9
216
215
131
252
219
188
158
189
65
31
155
232
203
101
202
34
217
3
206
141
79
100
12
5
61
79
91
79
253
11
197
190
20
178
79
60
118
85
66
38
21
178
37
225
178
44
205
177
179
57
156
67
100
104
10
104
218
197
102
244
18
216
16
143
175
200
84
32
31
37
63
203
159
189
92
154
125
210
36
161
142
12
128
97
107
223
177
122
113
163
210
61
146
52
113
16
67
75
234
98
243
159
169
47
156
22
252
47
129
129
209
133
252
15
159
73
17
242
50
249
80
69
2
254
131
197
12
12
39
93
29
26
167
198
45
192
11
57
100
175
141
116
36
57
18
82
180
34
97
181
129
16
53
50
20
25
208
112
184
200
194
72
2
169
55
171
56
191
150
18
116
108
0
179
118
12
8
0
166
12
185
2
32
92
65
220
14
187
250
251
238
223
255
191
95
249
254
63
189
250
191
222
254
221
251
213
127
111
207
159
131
125
47
223
191
47
215
219
54
174
211
45
86
251
66
125
237
118
114
223
112
63
221
158
253
151
157
165
28
5
233
191
159
75
80
254
49
189
92
87
50
251
14
203
37
172
174
189
173
124
140
94
211
0
73
125
93
132
136
124
67
114
244
98
144
243
95
184
132
144
121
148
49
201
207
56
194
168
222
34
128
41
220
62
19
142
212
51
197
75
58
172
153
9
83
29
157
16
33
194
115
189
226
215
42
251
4
226
211
73
160
212
4
229
2
180
45
152
208
180
159
74
233
192
40
40
9
129
70
129
220
69
157
105
37
140
18
8
149
20
65
138
64
208
43
126
38
27
40
55
52
132
252
36
17
173
173
63
50
24
146
75
0
66
24
20
88
69
96
250
72
7
142
212
98
151
254
51
48
208
5
193
26
240
49
10
44
219
41
231
198
45
193
243
73
90
166
92
64
4
180
98
215
50
80
32
83
72
208
96
80
60
56
46
209
20
195
111
153
200
24
5
240
93
152
201
19
243
51
181
80
115
1
234
66
2
13
138
202
21
2
161
230
102
51
6
153
48
121
96
68
211
65
228
72
208
136
160
24
128
140
8
130
152
25
24
112
44
66
186
74
66
5
202
150
83
4
14
64
142
192
4
147
45
16
4
50
25
133
91
16
96
41
60
72
6
34
241
158
250
223
127
62
249
216
184
219
187
244
249
238
83
196
218
127
199
254
155
229
125
231
223
169
127
243
255
127
111
231
254
223
248
188
116
255
189
250
117
251
222
235
127
187
165
251
127
187
255
175
195
252
165
251
93
87
215
190
207
251
123
229
223
171
205
174
95
55
125
217
191
157
223
117
202
139
216
22
175
136
116
122
191
62
255
246
119
121
163
151
48
93
112
54
137
238
56
217
224
223
45
218
185
250
255
179
253
147
114
177
126
59
154
159
143
209
189
252
20
113
163
115
127
119
253
142
251
4
203
13
88
0
122
166
119
41
146
202
132
64
53
201
163
137
72
139
110
132
112
76
147
77
84
4
132
5
6
57
82
242
18
209
40
16
170
204
32
190
52
24
36
118
230
71
106
26
9
44
117
145
93
205
28
5
202
11
165
64
82
67
242
71
1
129
8
87
130
3
14
128
2
129
32
32
8
37
3
128
53
3
212
192
35
80
71
68
128
140
13
18
8
33
64
237
44
198
170
90
56
1
116
138
74
16
8
208
112
129
78
24
44
24
5
112
25
220
65
16
162
51
188
24
86
34
121
20
34
80
2
200
200
6
0
74
0
15
116
240
55
204
16
235
3
0
128
193
32
3
193
193
84
72
13
34
142
137
64
151
36
65
154
8
26
233
14
37
20
8
35
69
4
180
47
145
164
9
0
176
5
26
11
0
82
18
161
8
71
32
74
19
204
0
135
201
200
130
32
90
113
22
79
188
119
72
176
102
19
132
32
196
40
139
96
105
144
8
34
174
75
11
127
151
227
113
48
119
203
238
34
197
149
74
2
0
6
120
97
129
65
73
36
188
3
139
171
47
80
174
40
192
13
6
221
46
45
233
247
55
233
89
61
220
225
215
181
185
206
169
230
139
20
2
83
159
58
231
55
61
154
146
1
82
123
62
168
202
44
53
250
222
123
203
21
208
253
213
106
198
21
173
106
25
174
91
13
248
29
156
8
16
162
127
251
41
15
162
218
22
1
80
134
153
200
215
109
30
64
31
117
177
94
152
116
235
148
0
64
197
43
194
98
108
222
144
45
82
138
27
41
23
36
85
154
82
90
201
84
113
212
17
35
197
4
253
111
153
164
25
5
240
28
156
73
16
114
50
185
72
7
32
250
253
248
243
125
252
104
249
254
216
189
248
251
231
203
207
251
251
237
191
91
111
143
239
157
175
255
127
171
223
15
98
191
251
175
125
255
127
183
253
255
251
126
243
126
219
59
27
177
236
255
127
243
217
191
37
101
228
188
165
251
188
71
183
191
112
117
185
30
0
7
88
115
83
106
41
132
64
192
20
59
246
194
64
131
219
164
81
135
216
2
230
200
3
28
184
96
226
4
132
190
154
44
194
241
82
202
21
138
178
118
161
110
147
172
24
67
224
25
28
65
149
179
83
184
120
114
106
161
28
33
253
148
50
71
184
103
80
132
215
21
81
116
155
98
251
216
67
98
213
33
195
215
221
8
164
141
64
140
53
232
71
36
69
186
94
122
201
84
120
84
17
46
197
36
167
111
153
172
25
5
240
29
156
73
16
242
51
185
88
23
32
250
16
168
147
143
0
66
164
167
83
176
94
149
64
22
139
186
111
130
160
137
129
1
111
129
201
77
248
204
3
130
131
110
133
0
113
48
61
202
232
96
113
28
33
34
47
148
55
108
155
232
111
211
180
13
48
193
70
123
14
224
80
65
64
206
53
252
255
203
60
221
209
254
255
252
30
253
77
31
223
239
251
244
250
43
212
107
222
239
105
231
52
38
61
91
83
111
255
102
247
254
86
187
255
124
115
220
42
166
21
178
117
231
177
60
191
9
184
189
156
87
52
242
106
127
218
213
46
254
252
191
255
117
48
127
253
247
217
191
255
243
71
209
218
234
177
205
255
107
183
237
230
223
189
111
183
247
76
245
246
254
239
27
228
239
223
191
249
245
248
60
243
247
251
163
147
107
187
255
175
219
248
125
159
84
103
223
87
239
255
183
237
254
10
207
170
221
39
215
217
135
61
246
21
142
153
92
63
47
140
253
56
251
150
55
214
123
57
210
150
118
85
243
63
115
231
56
211
72
211
75
234
35
178
63
101
124
151
212
241
107
157
136
24
13
183
93
156
80
17
195
123
191
115
219
10
243
3
145
16
62
13
130
14
8
66
0
161
226
160
67
4
17
100
35
32
209
193
37
67
67
192
87
241
110
18
36
129
64
159
52
208
176
41
8
232
97
96
26
56
41
213
81
183
79
144
238
8
7
240
8
88
65
19
179
151
181
16
115
228
74
64
8
129
130
202
79
2
39
70
0
30
4
17
182
59
224
194
16
65
36
64
145
207
128
90
128
12
8
162
136
26
8
37
36
67
186
8
66
5
72
128
21
4
2
68
134
32
196
145
44
201
12
18
25
17
27
0
96
8
48
72
4
34
224
4
203
199
24
16
90
164
87
169
146
42
128
65
181
221
171
139
76
163
111
132
97
76
51
77
197
5
37
17
14
34
72
244
6
117
170
16
186
109
36
166
54
56
39
22
150
117
226
24
40
60
16
209
29
165
12
16
232
35
172
72
86
33
242
24
26
18
231
250
225
168
241
30
249
82
87
144
68
249
240
102
214
137
10
204
12
143
89
46
152
58
10
214
67
59
127
101
165
125
17
116
247
205
22
145
68
66
30
74
134
200
177
140
93
92
181
190
134
140
105
128
64
170
140
196
15
34
180
148
250
87
101
252
250
167
248
248
29
250
123
239
113
219
160
251
205
239
110
229
77
139
244
239
127
125
247
236
6
227
254
223
97
93
190
92
186
253
117
253
92
59
55
205
163
254
101
168
181
141
163
240
191
143
73
70
252
23
173
88
71
36
126
37
234
101
0
157
173
13
120
236
31
170
123
233
77
220
229
195
116
71
32
244
102
152
252
79
188
37
35
154
10
113
25
90
44
223
186
80
50
169
188
244
84
26
175
212
114
244
85
168
189
16
0
232
157
141
1
40
178
51
188
220
215
32
176
26
3
134
240
38
181
96
51
37
124
80
3
158
248
51
6
252
218
97
234
242
124
194
115
26
26
183
120
124
212
180
201
87
114
17
32
87
76
112
64
116
33
253
15
76
132
243
207
26
136
153
141
242
28
154
93
11
211
115
215
67
123
8
250
55
54
101
32
20
164
167
120
224
79
240
113
109
43
128
69
234
228
7
113
241
64
185
116
76
189
45
187
62
30
97
201
84
108
156
154
72
56
41
157
109
64
58
175
192
1
116
109
8
180
24
8
224
16
142
13
40
50
19
152
202
151
44
58
219
200
138
189
235
83
218
132
27
235
53
206
146
160
39
186
4
27
56
155
14
213
230
8
173
130
250
122
193
97
159
127
183
144
153
65
191
207
234
251
210
171
237
88
178
30
193
57
223
202
58
247
157
67
116
230
217
223
184
120
181
184
210
229
28
41
255
144
18
79
56
119
208
174
214
52
81
228
155
98
251
217
67
98
213
53
195
215
221
74
164
141
64
142
51
234
87
36
69
190
94
122
201
116
120
92
52
46
213
52
167
111
155
172
24
5
240
29
156
73
16
242
51
185
88
23
32
250
4
42
19
201
200
192
160
244
72
186
202
21
64
133
217
160
139
72
203
10
205
8
14
153
207
8
14
132
133
142
42
30
112
3
125
171
20
182
205
4
163
116
128
22
110
166
8
176
136
45
100
243
145
95
5
74
196
72
10
96
76
68
99
180
5
195
16
105
192
240
162
192
8
129
5
206
192
21
141
9
8
73
169
79
134
45
74
80
109
94
25
238
20
6
3
23
151
147
121
10
0
233
108
34
33
56
56
97
117
24
127
35
24
216
33
53
209
229
184
40
17
203
16
165
80
115
53
234
0
0
8
8
9
219
166
69
8
2
14
4
16
4
105
160
133
24
129
64
196
48
140
2
73
0
8
68
64
0
25
66
245
16
209
40
16
98
128
0
178
21
20
4
84
150
128
74
155
8
26
5
176
93
213
8
17
66
43
188
64
18
66
240
55
246
121
10
53
152
19
88
210
176
181
184
97
19
204
115
226
134
6
25
129
34
65
22
197
128
225
13
83
8
65
104
168
44
228
190
90
58
129
244
210
222
56
143
144
114
0
111
185
175
9
1
120
29
223
65
16
242
55
188
120
86
38
217
68
43
23
73
192
193
162
245
72
154
202
21
80
132
217
162
203
72
203
78
77
136
14
153
207
8
14
196
4
142
58
30
120
19
109
171
28
182
205
4
177
52
144
22
110
166
10
176
137
13
108
243
147
95
5
72
198
72
11
228
76
6
99
180
71
6
129
24
205
162
3
26
128
38
129
6
128
200
33
5
128
125
3
86
224
39
18
67
70
160
136
4
144
0
33
67
207
56
209
168
82
42
4
96
192
10
16
142
209
120
129
79
24
44
24
5
241
93
156
65
16
162
51
189
24
215
34
121
210
153
154
246
103
130
94
2
39
131
21
202
191
162
54
91
244
211
60
253
10
29
227
99
175
214
251
127
82
168
148
32
150
61
54
223
74
93
214
215
64
203
61
105
155
28
245
191
213
162
16
151
104
96
190
239
81
127
48
93
89
61
16
250
165
60
243
7
220
196
131
245
218
221
130
119
227
71
219
229
235
229
195
2
209
7
63
220
122
120
60
39
214
31
35
126
77
45
77
190
82
178
237
20
217
84
2
142
205
96
184
229
185
60
24
1
240
31
156
65
20
112
50
173
74
23
32
250
0
2
0
128
8
153
130
1
0
2
2
4
16
20
121
160
4
24
193
128
192
48
8
192
80
0
0
68
0
196
153
80
100
16
67
32
17
66
136
8
128
21
20
6
68
198
130
75
153
72
24
4
178
77
137
1
19
67
2
180
64
2
66
224
8
2
8
128
11
155
162
69
12
2
10
4
16
52
121
160
132
24
1
96
196
48
136
96
9
0
8
68
0
196
29
64
117
16
81
40
16
98
128
0
144
21
84
4
68
134
192
75
155
8
24
4
50
93
137
25
17
66
43
180
64
10
0
224
202
217
170
248
55
123
216
95
29
130
141
236
115
196
126
239
137
85
114
223
6
63
117
67
37
87
179
44
83
118
54
160
206
30
223
203
194
108
234
113
112
253
180
105
151
93
55
110
223
186
58
69
242
61
244
88
17
179
113
255
57
121
201
234
138
201
138
87
38
153
220
128
123
191
61
202
154
192
118
91
132
211
52
251
142
181
99
90
169
87
183
122
66
127
183
50
215
60
148
234
218
121
234
241
114
255
125
109
243
84
245
127
153
174
24
71
248
29
157
73
17
243
51
189
121
123
96
250
210
89
146
246
103
2
88
10
70
3
49
242
178
194
100
90
118
147
60
215
7
143
129
71
198
218
227
77
82
170
180
56
18
45
36
223
74
124
195
212
194
202
181
73
139
28
129
14
197
167
16
133
104
18
189
235
80
115
49
185
28
52
176
185
3
151
0
30
45
130
6
8
34
0
165
234
160
89
4
17
4
35
32
209
192
39
67
66
64
215
209
110
18
32
129
64
159
60
208
32
75
8
232
97
96
26
56
41
213
81
181
111
16
174
8
5
240
25
216
65
49
179
183
181
48
83
164
74
210
217
146
246
119
10
94
3
71
65
49
218
190
194
68
90
118
215
60
223
14
141
129
99
207
218
235
93
18
40
180
40
146
37
60
223
66
124
134
213
195
202
177
73
187
28
201
158
197
167
16
149
104
114
191
235
81
255
49
123
92
116
146
187
192
9
146
20
0
66
36
231
0
160
43
132
18
164
3
162
239
8
33
71
14
168
100
146
73
79
160
8
65
6
34
48
240
36
101
186
18
96
193
244
114
92
56
46
212
22
101
110
153
172
94
5
240
29
148
73
144
242
33
188
88
86
32
250
49
53
25
30
34
133
24
37
211
162
61
180
48
6
137
114
246
130
2
146
209
34
87
135
216
0
228
77
3
184
205
98
239
44
4
190
154
26
131
252
146
90
5
138
176
118
129
78
185
174
24
7
48
25
29
65
16
115
59
184
56
82
98
225
0
6
4
128
201
156
130
1
44
84
2
69
136
121
89
133
68
42
193
160
212
34
24
114
82
40
4
66
172
144
9
70
231
98
66
32
81
2
4
136
197
20
24
134
64
226
194
195
153
68
152
8
116
13
139
9
51
64
2
164
66
66
0
105
52
48
117
150
22
129
15
116
214
190
208
49
253
47
145
82
250
198
66
161
217
35
195
237
200
48
228
15
10
140
241
235
95
44
38
190
94
56
33
92
116
64
49
47
135
32
69
79
27
172
24
1
96
24
156
93
8
114
51
217
88
23
32
246
144
250
85
67
188
188
166
240
232
159
106
219
198
19
220
129
98
197
173
41
12
0
40
216
233
223
61
163
143
10
33
30
240
69
252
155
92
187
173
166
231
86
42
183
146
130
92
17
136
149
100
34
77
167
143
44
196
220
0
68
84
87
100
189
52
54
244
159
22
133
10
53
70
238
49
49
189
2
147
86
246
210
64
160
217
35
211
236
152
32
228
77
18
156
245
234
103
44
102
190
220
120
33
84
52
74
37
142
130
52
129
79
154
172
24
1
50
24
28
89
8
51
19
240
90
70
40
227
0
6
4
128
200
156
130
1
36
84
2
69
140
121
89
5
100
232
193
160
208
98
24
114
82
40
4
70
188
144
9
199
247
98
66
32
81
2
4
136
197
22
24
134
64
226
194
195
152
13
152
8
116
13
139
73
19
64
34
180
66
71
2
249
53
34
85
139
152
128
11
96
198
46
16
51
237
43
147
2
242
163
195
32
233
37
203
236
216
32
236
15
10
140
225
75
127
36
70
190
20
56
33
124
228
74
16
142
80
48
193
77
153
172
24
1
112
24
29
81
8
242
19
144
216
214
32
113
20
34
85
131
24
128
143
96
198
190
80
51
237
35
145
66
242
131
67
32
201
101
203
236
200
48
228
47
10
140
225
107
95
36
4
190
92
56
33
124
116
66
56
15
215
48
209
95
27
172
24
1
112
24
157
73
12
242
19
145
88
87
32
246
198
233
203
223
116
82
220
143
27
219
61
216
2
150
134
251
139
212
60
47
14
137
230
35
111
199
171
47
151
41
18
58
244
37
52
251
82
117
167
245
82
238
40
125
158
30
213
220
209
173
94
5
89
59
183
202
144
240
32
30
92
84
50
249
20
178
209
143
190
145
138
53
66
186
1
53
245
22
179
81
242
214
64
138
193
49
71
220
200
0
224
77
22
76
157
102
255
36
23
190
88
122
9
119
16
72
64
14
244
132
129
79
152
44
24
7
178
24
156
73
16
115
18
149
88
71
34
243
22
32
81
6
200
200
6
1
106
0
15
116
180
39
140
48
235
3
0
0
193
33
3
68
196
212
120
77
34
170
131
96
149
36
69
158
8
26
233
86
37
212
8
35
101
84
244
111
145
164
9
2
176
5
24
73
8
115
18
161
24
71
32
74
66
0
129
131
202
68
2
133
206
32
2
6
17
102
59
160
70
18
0
0
72
129
14
4
90
128
12
8
130
136
27
74
37
36
67
18
0
66
7
74
128
80
4
10
64
14
128
128
145
12
88
4
22
11
5
195
128
96
0
56
76
4
34
240
242
47
243
210
67
30
15
11
199
103
49
178
179
170
182
94
26
51
110
29
27
215
83
71
211
243
255
45
2
184
68
136
130
14
70
191
136
28
39
76
100
107
165
233
179
120
21
143
118
174
176
218
35
25
127
150
96
126
80
81
59
213
249
90
23
164
85
6
200
200
2
32
106
0
23
118
252
55
204
16
235
131
0
160
193
101
3
228
216
84
88
95
42
138
139
100
151
100
69
158
8
26
233
94
37
156
8
163
197
16
244
109
145
164
9
6
176
5
24
75
8
115
18
161
24
71
32
202
2
193
12
138
6
93
20
53
39
70
61
128
24
61
125
164
69
210
68
168
0
112
164
34
104
5
1
72
53
128
153
49
240
80
144
128
67
66
0
160
178
155
24
12
20
150
64
76
19
9
87
4
56
9
131
28
145
195
40
28
80
218
106
161
20
50
212
199
250
145
130
116
70
16
22
119
245
22
155
64
122
215
72
40
193
37
203
208
168
80
56
15
182
204
147
110
223
36
87
154
84
90
169
86
81
85
65
22
197
132
241
109
155
188
137
1
178
29
154
89
0
114
50
141
88
31
36
254
12
3
173
221
40
151
254
97
12
238
91
146
209
100
153
2
137
93
33
99
198
45
194
123
77
223
151
54
80
6
55
75
215
20
85
170
82
120
232
52
112
124
185
47
247
20
245
107
27
172
24
5
241
29
156
72
0
226
51
189
72
87
33
242
0
6
4
128
202
13
130
1
44
80
2
5
16
112
121
165
68
58
193
160
212
32
24
98
80
0
0
64
128
212
153
66
101
50
67
32
81
66
136
136
133
21
20
6
64
198
194
75
152
72
152
12
182
77
137
9
3
67
2
180
66
34
0
104
200
9
142
215
96
211
250
55
49
177
7
192
146
240
34
10
45
139
56
207
207
45
99
211
195
91
146
254
64
4
182
98
223
51
80
33
91
72
250
96
112
60
185
47
249
28
247
111
153
202
8
71
241
93
152
201
23
243
51
183
80
115
193
234
163
20
20
6
205
168
7
24
162
5
129
98
174
75
4
21
116
167
7
208
240
6
17
101
210
58
232
78
178
16
201
101
74
44
2
22
203
0
0
203
77
194
24
139
192
113
166
77
32
54
16
8
100
8
74
129
56
50
183
148
178
150
44
72
5
3
21
80
0
18
34
64
33
6
2
0
64
49
137
3
130
108
129
108
130
96
64
178
76
128
0
4
32
4
9
65
82
18
208
40
0
170
0
0
132
34
24
4
32
128
65
74
16
40
48
48
3
88
143
8
1
74
11
132
64
2
99
113
18
168
155
11
8
90
130
166
91
176
86
148
112
54
27
178
79
130
129
136
196
17
207
133
233
65
28
132
39
203
155
106
149
140
65
36
127
130
237
96
160
21
225
32
21
134
53
225
187
104
175
198
180
5
120
219
70
96
10
97
80
1
82
198
50
49
178
150
34
7
28
39
198
226
57
48
49
194
17
86
127
146
96
146
147
182
213
135
152
1
230
72
2
184
212
232
107
44
7
182
223
8
34
76
32
73
181
171
164
116
129
78
179
174
153
203
50
24
16
81
0
115
83
209
58
48
104
98
71
1
128
16
205
162
7
90
128
34
131
2
128
205
0
1
132
109
3
84
194
39
128
67
70
218
136
68
144
0
33
64
95
48
80
169
2
40
132
64
80
48
24
11
197
88
133
79
24
172
24
5
113
93
157
1
17
178
51
189
8
87
32
248
11
197
170
184
7
227
252
15
53
202
193
236
58
204
36
15
141
56
33
215
182
125
240
99
117
95
243
180
81
118
38
161
206
18
157
168
147
108
248
49
120
104
188
105
247
21
247
110
25
170
24
69
224
29
124
76
27
179
119
187
19
243
137
74
36
182
246
131
252
245
134
241
110
85
2
127
204
87
187
69
251
231
233
32
209
69
31
244
202
125
61
47
188
30
147
87
213
100
215
186
80
48
237
116
101
84
42
183
69
224
252
101
152
189
156
9
242
157
154
73
0
242
18
133
90
87
36
250
218
217
154
246
103
154
94
3
47
131
21
202
191
162
54
90
124
147
60
253
14
31
227
103
175
211
251
127
19
184
150
32
150
61
54
223
202
93
254
247
64
219
53
105
155
28
245
191
213
162
16
135
98
97
182
239
81
255
48
125
121
93
18
251
68
3
136
80
65
146
34
77
160
34
129
0
128
209
6
3
136
13
9
70
202
39
66
19
68
194
130
76
16
0
33
0
215
18
80
171
0
40
70
64
64
42
24
5
241
92
129
79
25
172
24
5
113
89
156
11
17
250
51
157
72
87
33
251
214
59
242
212
54
15
93
67
39
68
3
114
23
202
176
87
242
215
36
111
7
45
192
99
142
154
178
93
18
40
212
105
22
55
52
154
128
124
211
85
65
225
189
75
171
12
245
78
196
164
48
213
98
24
190
75
16
50
114
159
89
61
181
250
0
3
16
8
0
26
34
64
1
2
2
4
80
4
105
162
132
8
129
68
192
48
4
146
81
0
0
196
0
132
41
80
96
18
65
40
16
226
0
8
128
52
16
4
116
198
2
74
27
8
48
36
51
93
201
0
1
74
11
164
64
66
67
97
26
144
92
155
171
221
208
1
63
245
5
142
157
126
61
84
253
146
96
34
204
116
218
97
185
213
241
122
122
251
215
227
151
228
83
32
115
73
248
122
112
29
108
37
213
20
245
111
157
140
153
13
182
13
152
93
24
242
59
189
89
95
40
250
167
231
104
58
21
48
33
90
164
66
161
242
161
75
164
103
194
116
7
67
67
118
16
118
68
130
163
9
18
8
33
81
242
6
214
170
64
56
1
244
230
106
56
137
208
83
209
79
26
172
16
0
112
25
205
81
16
178
51
158
88
210
106
57
5
34
133
32
8
178
36
82
48
58
194
71
194
165
130
3
128
109
129
97
224
69
74
219
68
8
152
214
104
5
33
71
95
144
208
32
53
168
32
32
76
36
26
38
225
1
199
75
24
108
40
54
213
93
92
8
30
138
151
133
72
83
101
122
54
34
81
135
186
145
130
37
206
177
18
55
181
54
187
80
250
147
64
40
201
33
203
212
216
144
252
11
6
136
153
110
213
44
71
190
88
90
137
86
68
85
0
14
197
164
161
109
153
44
137
1
178
25
156
73
0
114
18
157
88
87
34
250
18
48
17
38
136
192
12
0
67
34
25
52
160
6
128
18
255
2
0
144
201
32
67
69
196
212
240
105
2
170
137
96
23
172
69
182
41
8
105
70
32
64
37
105
133
16
164
47
147
166
9
2
164
16
120
97
0
51
19
177
56
83
96
66
252
186
255
245
58
127
251
254
253
252
222
245
127
61
251
238
251
221
251
107
245
103
230
255
221
127
180
191
124
207
119
239
223
100
117
190
86
122
249
124
252
93
123
62
213
167
247
111
185
172
28
5
240
29
156
77
16
246
51
189
91
87
32
250
254
121
219
246
50
2
88
43
87
139
117
242
55
194
148
122
242
147
60
223
7
141
225
7
143
138
227
15
66
168
180
184
98
39
52
255
78
124
195
212
210
202
181
75
138
30
1
238
207
166
19
215
104
26
189
203
192
242
49
251
93
52
179
187
250
221
154
246
103
30
92
11
87
195
53
250
190
130
38
94
127
147
60
221
15
151
225
7
191
215
251
111
67
184
246
40
130
45
36
223
202
125
199
244
82
202
181
105
155
28
53
190
215
170
18
149
104
49
246
235
208
243
49
121
93
85
26
187
52
34
85
131
248
216
130
225
78
49
22
119
253
55
155
80
250
129
73
32
201
5
139
244
222
212
28
47
166
138
19
46
149
36
69
186
80
90
169
84
85
85
8
22
197
132
252
101
153
45
137
1
240
29
154
73
0
114
18
157
72
23
32
218
54
36
81
6
200
136
2
1
106
32
7
54
180
39
200
80
234
131
0
32
201
4
3
68
212
212
248
45
162
170
139
32
147
164
69
190
40
26
169
94
32
212
8
161
69
20
228
45
145
164
8
2
176
29
24
105
24
114
19
185
24
7
32
202
194
203
11
219
3
90
6
137
15
163
43
202
147
150
254
235
195
85
60
13
14
145
236
0
77
199
155
43
19
10
18
24
176
6
215
219
64
93
239
242
34
126
32
121
150
30
116
176
213
169
52
52
11
29
167
170
144
120
32
60
93
84
48
186
54
54
115
151
62
149
152
165
198
226
17
54
181
18
179
86
114
146
66
146
217
50
215
76
152
128
228
11
2
153
213
126
103
44
5
190
218
120
161
86
176
72
97
142
128
164
129
111
155
172
24
13
182
24
156
73
0
114
51
156
120
22
40
255
51
181
216
142
23
132
93
14
247
68
21
48
61
42
164
84
246
182
0
176
131
114
211
103
244
128
224
89
50
249
221
105
151
236
134
158
170
72
19
95
2
203
77
73
144
20
193
78
147
166
139
15
52
0
112
85
56
51
122
152
185
158
174
201
94
73
11
220
34
91
92
99
11
130
95
150
81
148
89
234
129
213
24
110
6
60
192
83
45
212
166
76
68
142
62
56
82
54
125
203
66
127
202
80
176
253
149
46
22
142
101
46
135
41
19
133
40
29
183
10
65
98
56
249
73
12
34
178
70
201
139
221
118
90
218
199
31
210
61
152
19
146
255
250
137
212
56
47
6
153
230
35
47
195
138
13
87
41
28
58
180
37
52
219
82
119
135
180
146
255
169
92
154
158
65
174
215
173
118
149
25
117
183
202
208
234
40
124
89
84
50
249
165
254
125
97
249
252
167
217
184
127
234
123
198
127
204
245
227
237
175
97
253
166
58
124
229
255
125
235
220
15
99
118
219
4
93
254
82
187
233
244
122
92
58
191
213
99
254
117
185
173
24
37
248
29
143
73
16
240
51
189
94
87
32
184
54
52
249
151
30
133
153
37
214
238
19
48
189
10
179
86
242
214
66
179
153
50
211
78
152
160
228
11
82
153
245
110
103
44
36
190
218
120
161
94
144
64
101
142
130
36
129
79
153
172
24
13
48
24
157
65
16
114
59
185
123
22
40
246
160
15
39
22
0
77
165
163
204
212
110
71
19
117
88
166
181
42
199
131
116
174
52
214
217
126
133
192
160
146
74
144
234
56
99
180
157
10
200
204
217
53
16
166
196
99
167
110
169
172
137
75
240
31
25
65
39
114
87
181
106
22
40
72
55
182
105
26
53
152
17
60
194
32
181
176
97
27
132
87
226
196
2
89
129
34
195
6
197
160
224
11
19
24
65
104
143
44
212
190
74
56
161
245
210
218
48
143
144
114
161
79
147
164
25
8
112
25
223
65
48
242
51
188
88
214
38
217
22
32
81
14
152
200
18
8
202
32
23
54
180
39
140
80
250
3
0
144
201
0
3
68
204
212
252
13
2
170
139
40
149
172
69
190
42
26
201
86
32
220
5
33
69
20
164
45
145
166
9
2
160
21
24
105
8
115
26
185
56
7
96
202
51
48
217
7
17
128
149
12
211
160
21
180
177
30
131
82
242
162
2
147
129
35
87
71
208
128
228
11
2
185
201
106
175
44
6
190
90
24
1
94
80
74
0
138
144
112
129
79
185
174
136
11
48
24
28
65
48
114
50
156
56
22
34
219
55
182
101
162
20
180
7
120
228
68
248
112
109
63
148
101
226
228
7
113
177
66
209
116
76
172
45
29
126
28
97
201
212
108
156
154
74
56
41
157
109
192
58
175
196
0
116
109
26
180
25
8
224
24
158
13
40
178
51
156
88
215
44
250
180
62
103
131
254
213
130
241
218
241
22
119
235
22
251
229
234
213
71
34
221
132
175
252
15
92
60
43
214
79
19
126
117
36
85
186
86
115
233
214
209
85
74
30
193
38
232
53
153
44
25
5
240
159
156
73
16
112
51
188
72
23
36
252
19
150
84
134
191
232
5
56
54
85
158
113
44
125
4
21
125
246
132
176
224
104
168
96
234
189
81
122
190
75
193
109
29
224
120
20
100
208
57
15
101
149
75
39
204
0
252
73
128
245
205
12
230
130
138
13
42
22
166
135
194
15
36
94
181
62
100
135
252
221
135
241
106
117
26
127
238
63
218
229
235
213
45
32
217
197
187
244
78
125
29
59
190
30
19
31
149
100
85
186
80
80
233
84
101
85
42
183
197
4
252
37
152
173
141
13
242
159
154
73
32
112
19
181
88
87
36
250
189
254
125
97
249
252
183
217
184
127
238
251
238
127
204
253
227
237
175
105
253
98
186
124
231
255
125
251
253
15
227
127
219
96
92
254
114
179
233
244
254
94
58
191
213
99
254
117
169
173
28
37
248
157
143
73
16
244
55
188
222
87
32
184
54
50
101
154
31
129
5
125
231
32
144
176
125
35
180
83
250
212
67
112
193
98
195
39
76
137
224
25
58
152
25
232
221
44
22
186
74
120
33
116
116
202
56
15
84
20
229
79
17
164
152
0
98
24
158
77
24
242
51
157
88
86
32
251
50
53
177
158
55
132
157
45
198
228
61
176
53
10
147
86
118
146
64
147
147
51
215
71
152
128
228
73
2
184
213
106
167
172
6
150
222
24
3
223
34
75
165
200
144
112
129
79
179
174
137
11
54
0
120
81
32
115
114
216
58
214
42
77
179
117
237
84
20
46
93
114
227
69
149
192
79
237
20
15
164
100
22
101
50
110
112
231
254
170
166
158
114
60
120
41
194
127
52
158
138
44
82
221
95
234
153
203
202
120
229
14
1
164
82
74
104
24
22
5
57
182
113
155
250
182
47
169
69
35
131
61
8
96
44
196
1
170
193
137
64
197
139
3
139
72
161
66
235
169
78
154
68
93
147
161
65
4
35
70
215
18
117
170
17
176
105
38
44
40
56
39
119
145
247
106
24
172
104
115
209
94
20
8
132
202
3
133
76
71
97
98
108
239
250
218
51
95
85
75
167
198
173
184
51
154
252
223
219
181
103
79
23
87
80
119
85
247
183
45
83
154
86
225
130
6
199
138
194
124
235
124
50
223
52
229
151
92
53
238
221
172
176
28
242
29
246
84
48
242
115
189
91
217
41
251
26
144
92
142
171
217
28
1
63
106
7
78
189
102
124
80
255
146
32
176
196
116
75
104
177
213
241
123
42
235
215
103
151
212
87
48
114
200
234
114
112
221
108
41
245
20
245
111
145
238
24
7
166
13
220
89
26
115
186
189
25
91
32
238
59
245
253
124
55
167
125
27
231
196
245
224
111
73
52
95
253
174
99
215
178
126
80
247
212
191
247
252
122
176
228
233
142
124
162
190
203
40
248
125
124
75
183
235
247
113
183
110
184
186
137
75
242
28
124
85
61
179
87
219
187
215
236
90
2
67
12
138
2
157
6
1
38
70
63
4
24
52
121
36
4
82
0
164
64
112
129
32
24
0
128
72
32
128
157
17
176
20
209
128
67
66
0
192
166
19
28
4
20
134
192
76
19
41
149
4
58
9
195
25
18
67
42
148
64
194
106
225
165
231
105
56
21
48
41
90
164
78
160
242
161
75
164
79
194
116
7
99
67
230
16
114
68
130
163
9
18
8
33
81
242
6
214
170
0
56
1
244
230
106
56
141
208
80
209
79
24
172
16
0
96
29
205
1
16
178
51
159
88
214
43
57
14
213
206
216
7
225
220
27
55
202
141
232
46
229
36
31
141
62
36
147
70
124
112
99
97
87
243
112
121
114
166
33
222
82
147
160
187
109
250
113
112
172
190
105
247
21
247
110
153
170
26
71
248
29
92
93
27
147
127
191
27
243
201
202
62
52
125
134
23
133
21
13
231
68
181
112
61
43
180
85
242
246
2
112
145
114
209
103
220
128
224
29
58
248
221
105
21
108
150
158
202
120
1
215
36
195
125
9
128
4
212
79
18
182
145
12
34
16
246
93
40
50
50
216
57
158
44
88
227
253
237
84
20
14
89
74
227
69
181
202
78
233
4
31
162
101
54
103
54
111
112
103
254
163
167
63
115
60
64
41
134
110
36
222
138
44
210
253
210
234
185
203
154
120
245
14
81
164
2
74
104
24
53
6
57
182
113
187
56
244
143
235
81
14
144
46
9
74
38
164
90
176
94
133
32
53
11
178
109
138
129
208
192
129
239
144
201
93
216
202
97
7
131
102
157
49
97
52
29
130
232
104
120
28
57
167
69
177
183
108
187
194
79
135
244
15
80
201
71
243
135
241
16
99
64
78
62
50
97
146
31
153
5
125
199
48
182
48
125
18
176
83
251
212
67
80
193
50
225
55
76
137
224
9
18
152
25
104
221
44
86
190
74
112
33
84
112
87
48
15
196
4
197
78
145
164
153
4
114
29
159
73
16
114
51
188
88
22
36
250
250
121
154
182
103
10
92
11
71
131
53
250
183
130
36
94
118
147
60
223
15
159
225
71
159
215
251
111
66
184
244
40
2
45
36
223
74
125
199
212
66
202
181
105
155
28
21
190
215
170
16
149
104
57
181
235
80
243
49
121
125
20
16
187
68
3
21
208
0
130
34
71
32
0
2
4
64
113
137
3
130
77
129
108
130
41
64
147
76
136
130
132
0
0
41
64
86
18
113
40
0
234
4
0
132
32
24
6
98
140
65
74
16
32
40
112
3
88
23
8
1
74
11
132
64
6
35
113
8
221
170
88
55
123
252
95
133
130
173
204
99
196
46
239
141
92
114
95
22
63
116
151
37
87
183
44
81
22
54
32
206
30
223
142
194
108
234
113
56
249
180
109
183
125
53
238
157
186
50
85
240
61
244
80
145
179
121
191
49
121
205
250
179
222
94
71
255
216
223
216
62
253
61
219
174
125
198
253
239
213
60
43
204
79
171
124
111
223
57
63
255
43
83
127
215
229
124
91
82
249
253
247
115
222
106
63
221
30
252
49
141
181
22
37
252
183
142
111
80
244
48
61
220
95
48
190
13
6
133
32
8
178
162
80
48
58
192
67
192
49
128
1
128
109
129
97
224
69
74
249
64
40
8
214
120
5
33
71
223
208
208
32
53
168
32
33
204
38
26
7
241
65
211
75
56
216
40
53
245
93
216
8
62
138
151
132
192
211
100
91
191
255
124
116
255
191
255
88
190
125
237
251
175
91
228
93
246
255
63
123
247
110
144
127
231
255
243
127
126
123
231
239
159
255
222
190
243
249
251
247
127
223
251
255
249
83
253
111
168
183
24
13
232
181
159
77
48
246
247
191
250
255
165
158
55
50
125
131
156
148
143
184
198
174
17
50
237
43
147
82
242
199
66
50
217
36
203
236
204
176
244
43
2
153
97
127
119
44
20
190
90
56
33
94
112
66
32
142
210
48
209
95
155
172
24
1
112
24
156
81
0
114
51
153
216
215
32
246
250
121
154
246
55
2
88
11
87
139
113
242
179
130
164
90
118
147
52
223
15
159
225
71
143
154
227
13
66
168
180
56
98
47
36
255
74
124
195
212
210
202
181
105
155
28
1
238
205
166
16
133
104
26
189
195
80
242
49
249
29
20
178
187
90
24
154
171
234
91
146
164
90
176
86
21
60
52
75
176
125
138
89
208
200
145
207
144
233
9
248
200
225
199
139
234
189
40
65
100
127
67
200
96
178
29
145
28
84
135
162
108
155
72
207
131
180
13
208
217
71
241
175
240
80
2
66
197
199
253
235
88
53
82
85
78
243
133
173
248
110
249
134
91
139
101
62
127
46
239
98
39
229
231
215
61
115
44
64
41
150
15
164
206
74
61
119
253
114
186
184
225
191
88
117
174
83
174
43
215
121
121
118
6
121
190
112
95
57
244
245
219
9
215
143
120
37
179
237
122
161
142
193
192
34
201
36
11
140
45
39
95
50
110
64
215
64
127
243
172
80
0
96
17
222
30
128
172
17
44
112
105
120
106
58
47
247
113
23
110
56
170
56
87
112
24
92
68
49
178
23
159
48
243
193
90
62
48
109
147
31
149
29
61
214
238
147
48
253
46
177
86
250
214
66
179
217
50
203
237
156
176
246
11
82
217
245
235
79
44
6
190
90
120
33
94
112
64
101
46
198
36
193
95
155
172
24
5
114
24
156
81
16
114
51
153
89
23
40
246
68
42
19
205
248
216
162
244
72
144
74
21
65
84
217
160
139
68
137
46
204
8
140
153
79
140
8
133
132
14
27
30
112
7
125
155
20
246
207
6
129
52
129
22
44
142
72
176
138
37
101
241
145
95
135
10
196
72
0
100
72
68
35
180
152
154
20
199
191
249
208
177
26
25
22
85
174
84
104
209
124
214
12
152
196
40
173
120
171
26
112
74
212
79
159
126
93
229
120
88
86
243
201
151
209
213
75
30
200
134
248
17
129
85
87
37
252
135
139
73
18
82
178
47
64
15
38
188
254
49
241
244
54
46
95
79
67
197
149
242
95
194
182
91
250
215
60
111
7
173
224
99
141
219
243
95
82
44
244
105
151
55
52
155
194
124
243
215
64
235
189
107
171
28
245
110
213
166
48
215
96
56
182
79
80
191
113
219
89
53
177
251
210
216
26
239
239
218
222
128
27
187
57
202
166
132
110
187
253
215
60
159
142
157
175
72
229
215
251
127
151
99
247
55
147
181
248
85
235
237
238
227
99
206
227
121
191
30
252
53
198
219
118
247
172
227
247
235
209
157
184
127
245
121
146
183
55
180
97
14
21
172
7
92
230
68
189
244
109
15
148
117
242
228
67
112
177
34
211
100
4
168
108
13
50
24
65
233
133
44
215
158
202
56
9
255
15
218
16
171
212
114
180
111
144
52
153
8
112
24
156
65
56
178
50
184
184
214
46
89
141
54
117
33
217
248
163
216
168
61
194
119
228
31
226
113
235
237
167
64
233
38
26
116
196
252
125
235
208
14
99
215
95
4
69
190
16
184
233
124
108
84
58
167
197
97
182
101
184
172
24
37
240
29
156
65
48
240
19
173
216
215
32
122
172
242
117
129
184
157
175
88
239
63
170
122
253
111
252
229
243
245
231
99
197
114
24
124
69
255
55
59
158
207
51
222
211
196
79
190
80
248
249
118
124
92
104
47
213
118
244
123
152
173
24
1
226
29
141
89
24
242
179
189
220
87
32
186
62
48
105
147
63
149
157
41
214
238
145
50
189
78
177
86
250
214
66
50
217
114
203
110
156
176
246
43
82
217
117
123
71
172
151
190
90
120
97
94
112
64
101
44
214
4
209
95
27
172
24
5
242
24
156
81
16
114
59
157
217
151
40
246
55
48
121
7
159
128
145
12
198
164
149
52
177
14
129
86
242
182
2
18
201
34
211
68
212
160
228
11
18
185
73
107
135
44
6
190
90
24
1
94
16
64
0
136
192
80
129
79
153
44
153
9
48
24
156
65
48
114
51
153
56
151
34
218
254
121
155
246
23
3
89
171
215
203
245
242
51
138
176
126
242
151
52
95
7
159
229
7
175
138
226
15
82
248
244
121
98
39
52
255
86
124
195
212
210
202
181
104
154
30
1
238
223
174
50
149
104
28
188
65
208
178
115
251
29
20
178
187
55
54
101
160
60
180
7
120
228
68
249
112
237
63
148
85
242
244
67
96
241
98
210
116
76
168
36
27
126
24
113
233
213
100
148
154
66
120
1
214
84
194
24
143
212
0
244
79
26
180
25
8
96
24
158
13
40
242
51
156
88
215
44
248
122
249
255
124
38
87
92
71
243
162
221
188
127
244
63
218
253
147
122
255
7
255
101
151
189
215
247
253
99
255
246
232
215
60
39
223
202
124
250
127
58
203
245
109
183
252
183
110
223
170
142
199
250
29
118
93
209
247
121
223
121
121
251
242
51
213
125
94
55
54
93
26
247
126
181
233
47
123
20
31
254
230
230
177
240
110
81
119
240
191
231
126
123
123
229
233
202
108
134
180
255
56
242
125
126
202
187
239
244
113
245
111
177
166
152
75
232
24
222
85
63
179
119
159
250
215
172
251
182
186
109
131
254
221
130
233
222
241
62
127
255
119
210
240
242
213
69
35
205
32
175
116
173
214
61
43
246
155
19
126
183
36
85
186
94
123
233
246
208
93
0
62
208
6
248
37
153
173
137
1
240
29
156
73
16
242
51
188
88
87
36
252
54
54
123
19
187
149
144
169
214
241
23
54
181
18
177
86
242
146
2
146
217
50
223
84
156
144
244
43
2
185
213
126
39
172
5
190
218
120
233
94
240
81
65
12
192
228
129
111
155
172
25
13
240
25
156
65
16
114
51
157
120
23
40
255
62
52
105
147
191
149
157
169
214
238
17
50
189
106
179
86
250
214
66
50
217
114
219
110
156
144
244
43
82
217
117
122
71
172
6
190
218
120
33
94
112
65
100
44
212
4
145
79
155
172
24
5
114
24
156
81
16
114
51
157
91
151
40
246
64
9
138
28
32
66
88
230
2
160
15
132
16
244
11
170
173
128
0
66
78
168
228
131
73
11
160
72
65
4
2
114
241
52
65
186
82
98
194
244
146
28
24
46
244
22
129
110
153
172
94
5
240
29
148
73
145
242
59
189
88
70
34
248
57
23
116
86
35
23
125
50
179
116
85
17
28
249
0
70
246
154
194
106
240
238
192
183
216
42
228
88
104
80
253
105
250
124
32
180
215
88
16
220
220
139
153
134
224
160
195
79
43
39
25
141
112
24
155
77
41
247
123
217
122
134
35
253
19
213
24
94
39
88
220
19
51
154
12
193
4
70
109
27
237
146
160
147
197
60
81
67
225
87
243
120
89
107
135
96
222
16
153
164
178
72
234
113
112
156
62
105
183
84
181
111
185
170
24
71
184
13
248
73
23
147
62
191
50
115
225
234
26
144
88
142
43
201
28
9
107
106
11
230
188
102
108
81
255
146
32
144
199
52
67
106
193
85
243
123
2
235
215
102
95
180
95
22
106
232
234
119
32
93
109
105
182
20
245
111
145
238
24
7
166
5
92
73
26
115
182
181
25
123
160
98
165
54
117
33
248
252
163
248
232
125
202
127
197
87
202
97
235
237
135
98
253
32
26
220
212
255
181
235
196
14
99
255
207
4
85
190
16
184
233
124
124
84
58
167
245
97
188
101
152
172
8
33
240
29
156
65
52
242
19
173
218
87
96
250
9
221
186
88
39
123
125
127
145
130
173
200
18
220
36
207
141
252
123
95
54
63
112
151
97
119
247
236
85
2
54
32
206
30
147
142
195
124
250
113
58
251
176
111
247
125
183
110
153
170
54
87
232
29
214
80
145
243
123
159
121
243
205
250
254
121
251
246
51
23
88
47
215
203
117
240
55
162
150
94
242
151
124
95
7
157
229
23
189
131
226
15
67
249
52
232
98
38
36
255
206
124
195
244
210
202
181
105
155
30
1
238
223
172
51
213
104
29
181
94
208
242
113
249
93
20
179
187
62
50
101
162
23
165
7
73
230
68
209
48
253
43
180
85
242
244
3
112
161
82
209
116
92
136
236
29
58
184
125
169
20
108
150
158
194
120
1
87
36
195
28
9
192
4
228
13
16
180
144
12
98
16
158
29
40
50
51
152
88
159
44
248
191
255
125
118
127
191
127
90
255
125
253
251
239
123
228
93
246
247
62
123
247
111
177
127
231
255
243
255
126
127
245
239
223
255
254
190
254
249
251
247
127
223
251
239
249
113
255
111
172
183
24
79
232
181
159
77
57
183
247
191
250
255
173
222
12
209
158
222
55
113
220
27
51
154
45
129
14
199
37
27
189
222
160
147
70
124
80
227
225
87
243
120
89
98
166
96
222
18
147
164
187
72
250
113
112
172
190
105
183
85
247
110
153
186
26
71
248
25
92
77
31
179
127
191
57
115
229
202
231
237
235
88
18
86
93
206
179
167
173
168
95
233
166
95
137
53
58
111
46
255
118
39
119
231
183
61
67
57
86
41
131
31
164
207
138
61
119
254
50
234
188
233
159
88
21
174
85
168
50
223
89
121
116
102
185
190
121
127
61
244
219
251
1
215
159
90
37
51
253
58
177
158
37
192
6
217
37
11
13
238
228
95
50
126
100
179
192
119
243
248
121
2
224
49
218
18
144
164
83
8
114
105
120
42
186
39
247
113
215
110
56
170
56
87
240
24
220
68
49
243
119
159
120
243
197
218
165
254
125
97
248
252
255
216
248
127
238
123
196
127
204
229
227
237
175
107
253
98
56
252
229
255
245
251
220
15
99
127
219
68
93
254
82
179
233
246
250
92
58
183
245
227
244
119
137
173
28
37
248
29
143
73
16
242
51
173
216
87
33
184
250
21
163
148
22
39
93
91
134
198
145
84
83
204
48
87
182
117
70
103
50
61
240
3
30
170
166
13
18
188
124
233
66
55
54
155
130
108
82
223
0
234
149
202
170
24
129
78
84
36
144
203
98
56
52
83
153
50
113
187
11
148
171
171
19
209
24
30
9
136
92
0
19
42
133
232
164
67
4
27
109
162
32
147
135
38
65
75
225
23
243
106
3
47
193
98
223
188
13
6
10
40
234
123
112
206
40
105
183
80
181
111
145
234
24
7
164
9
88
65
19
179
190
181
48
115
160
195
54
48
107
131
190
149
157
184
214
190
241
50
237
10
147
86
242
213
66
50
201
118
203
124
204
180
245
43
82
153
113
123
119
44
149
190
94
120
33
94
112
64
33
44
212
0
209
95
155
172
24
1
240
25
156
81
16
114
51
157
216
151
32
246
55
180
105
10
31
132
133
12
230
68
149
248
237
47
148
85
242
100
3
112
241
98
211
100
92
160
228
9
50
24
65
105
135
44
134
158
74
56
1
252
70
90
24
136
208
80
129
79
153
44
153
9
112
24
157
81
56
178
51
184
152
215
46
217
55
180
105
26
31
152
17
108
214
36
149
176
233
90
132
84
242
244
3
80
193
34
195
70
76
160
228
9
82
24
73
105
135
44
212
190
74
58
129
124
210
222
16
141
208
16
129
79
147
172
25
0
112
29
221
65
48
242
51
189
88
215
38
217
62
52
125
166
23
165
27
73
231
70
209
48
189
42
180
85
242
214
3
112
161
114
209
100
28
152
232
25
114
56
125
169
20
108
150
158
194
120
1
87
36
195
93
9
64
4
224
13
18
180
16
12
34
16
182
93
8
50
59
152
25
143
44
243
62
51
101
146
31
177
5
92
230
32
148
48
125
82
180
81
250
212
67
112
193
114
195
118
76
136
228
9
50
8
25
104
215
44
150
190
66
112
33
84
52
193
28
15
68
196
229
79
144
164
152
4
98
24
158
73
24
50
51
157
88
7
36
250
147
222
76
111
255
216
223
136
186
125
60
219
174
125
76
189
231
247
60
41
204
111
170
120
109
223
57
63
255
43
83
127
151
229
124
91
114
249
253
247
115
222
106
63
221
26
252
49
137
149
22
5
252
167
143
111
16
246
178
61
212
95
48
190
18
48
89
38
153
136
24
8
202
32
23
54
177
6
136
80
122
130
0
144
201
38
195
68
204
144
240
41
2
170
131
40
23
172
69
158
42
26
201
86
32
212
5
41
197
20
165
47
147
174
25
3
176
21
124
105
0
50
50
185
56
23
32
202
27
213
28
222
35
89
220
3
51
218
45
195
188
102
109
93
253
178
160
147
213
116
81
99
177
87
243
120
92
127
215
115
207
48
91
164
242
72
250
113
112
221
108
109
182
84
245
111
145
234
24
7
186
13
216
73
19
243
126
189
51
123
168
226
62
52
105
19
159
133
145
137
214
226
151
50
189
98
177
86
242
150
2
50
217
50
219
100
156
144
244
43
2
217
85
122
103
44
6
190
218
120
161
94
240
81
68
8
192
100
129
79
153
172
24
13
114
25
157
73
16
114
51
189
90
23
40
250
147
210
92
70
63
57
208
16
50
21
22
71
14
123
100
241
116
246
132
185
197
104
161
114
169
146
97
91
254
107
215
101
151
240
216
84
102
90
250
245
213
157
75
23
192
6
240
111
129
247
15
4
252
5
155
77
50
83
54
15
208
31
38
217
182
42
101
131
250
216
135
236
238
81
190
127
255
119
218
240
251
145
111
96
201
65
171
116
126
221
25
59
238
138
19
47
149
100
69
154
90
113
237
92
117
85
56
55
197
4
252
37
153
164
137
32
240
31
158
105
56
116
51
189
72
23
32
218
189
254
125
105
248
252
255
248
248
127
238
251
204
127
204
249
227
237
175
106
253
96
168
248
237
255
243
251
255
15
99
127
211
68
93
254
82
179
249
246
254
222
58
183
245
131
244
87
153
173
28
37
248
29
143
73
16
246
51
173
216
87
33
184
2
6
0
130
201
6
2
1
38
64
2
4
16
55
121
37
70
51
0
132
64
2
17
96
82
128
8
12
162
136
9
80
32
36
66
144
0
66
5
136
133
17
0
130
64
198
192
76
0
37
144
8
50
8
139
139
0
98
2
20
64
70
34
72
63
54
109
160
54
189
35
120
228
86
243
112
125
57
176
68
226
212
71
104
240
112
128
116
76
184
37
9
118
24
113
233
84
100
212
154
66
120
1
84
180
192
24
15
64
132
240
77
155
173
16
4
96
29
143
73
16
114
51
156
72
151
32
248
89
69
92
86
35
27
125
58
179
52
85
145
30
253
68
10
164
186
94
255
246
238
160
183
232
42
230
92
104
1
252
105
218
126
32
252
199
27
146
253
218
191
153
14
240
163
195
78
171
167
31
71
120
28
159
77
57
247
123
223
120
182
163
249
161
5
124
22
1
77
81
58
178
69
14
71
30
127
96
37
36
34
198
179
116
110
48
230
209
38
196
82
104
210
198
97
142
122
67
164
191
10
218
232
220
181
30
162
224
114
165
111
177
174
137
79
240
13
24
69
63
51
119
185
162
183
173
200
109
237
251
88
19
95
117
75
167
198
173
186
115
154
252
223
203
245
35
79
55
214
80
7
85
247
183
45
83
26
86
97
194
6
247
170
130
124
227
124
50
223
52
229
183
84
53
238
209
172
48
28
242
29
254
84
48
242
115
189
91
213
107
251
55
166
81
167
184
204
134
1
106
69
31
126
188
55
142
116
251
131
32
160
193
96
19
100
220
213
113
59
166
186
211
43
151
228
69
158
234
88
233
94
101
92
40
169
213
16
252
45
145
172
9
13
244
5
156
105
24
114
18
189
88
87
32
250
2
2
0
130
201
10
2
1
38
64
2
4
16
54
105
52
70
18
0
132
64
0
17
0
80
128
8
12
130
136
9
64
32
4
67
128
0
66
5
72
132
17
4
0
68
198
192
76
1
36
128
12
54
1
195
139
0
98
10
52
0
2
34
64
18
176
16
46
153
136
12
8
75
2
19
54
160
6
142
80
254
130
0
144
193
36
67
68
196
148
240
105
2
42
195
32
135
172
69
158
40
8
233
86
32
88
37
41
245
20
181
47
145
166
24
7
164
1
88
97
0
51
18
177
56
67
96
66
18
48
17
38
157
136
12
8
195
2
19
54
160
6
128
16
254
2
0
144
201
36
195
68
196
148
240
105
2
170
201
40
7
172
69
158
42
8
233
86
32
64
5
41
133
16
181
47
147
166
24
2
164
0
124
97
0
51
18
177
56
23
96
66
250
125
154
50
23
19
92
139
215
203
117
250
50
138
166
94
254
147
60
223
15
151
225
7
191
215
251
45
83
57
244
40
66
46
36
255
66
125
135
244
82
202
181
105
155
28
5
254
223
174
50
149
104
25
245
195
208
242
57
249
29
20
152
187
224
11
39
208
32
31
76
35
141
194
43
6
83
244
120
166
149
136
102
239
22
174
112
151
217
86
135
200
0
150
152
144
106
62
66
174
201
10
194
200
216
52
176
175
196
102
167
110
153
169
128
75
242
29
153
89
1
115
83
181
106
50
73
250
54
50
101
158
63
129
5
93
230
56
144
49
125
127
181
85
250
212
67
112
193
106
195
118
68
136
228
25
58
152
57
108
215
44
7
190
66
120
49
116
52
74
24
15
84
244
229
79
153
164
24
4
160
24
158
73
24
242
59
157
88
71
34
243
54
38
97
3
250
213
130
201
206
49
147
126
249
54
187
116
250
145
3
112
201
51
131
84
156
144
156
43
166
154
19
10
135
44
69
190
90
122
201
92
68
85
16
30
197
196
168
37
153
44
137
13
242
29
156
105
0
114
19
157
88
87
34
90
1
215
159
90
53
51
253
58
51
158
33
192
14
217
37
11
13
238
164
63
34
108
100
179
192
119
243
240
121
0
224
49
218
18
144
164
89
8
114
97
124
42
186
39
183
113
215
110
56
186
40
87
240
24
216
68
55
179
23
151
120
243
197
90
18
32
89
38
152
136
26
9
202
0
23
54
180
38
139
80
250
131
0
144
201
36
67
68
205
144
240
41
2
170
131
40
151
172
69
158
42
27
233
86
160
220
5
9
197
20
188
45
145
166
9
3
176
21
28
105
16
114
58
185
24
7
32
234
92
11
9
220
34
91
92
99
11
130
91
150
81
196
121
226
133
209
26
111
6
60
192
67
13
214
166
76
0
142
62
56
82
54
125
139
66
126
202
80
16
241
181
110
7
142
37
46
151
41
48
197
42
29
151
10
193
98
57
249
77
12
3
178
194
203
139
219
97
90
6
141
15
163
41
138
19
150
238
171
3
85
60
15
14
145
230
0
69
199
137
45
147
40
18
8
176
135
210
203
64
81
167
162
34
122
32
113
23
158
21
176
85
137
54
52
21
115
167
170
145
232
32
60
93
84
19
249
19
212
24
30
13
200
88
8
67
42
129
232
164
66
36
25
110
162
32
144
135
36
67
75
224
23
243
107
19
47
197
102
223
180
157
22
10
168
234
115
32
202
45
105
183
85
181
111
145
230
24
7
164
1
120
65
19
179
190
177
56
115
162
67
238
233
203
91
119
83
219
143
223
163
61
190
51
194
167
254
155
151
60
31
15
159
231
15
51
199
255
47
83
251
30
58
227
143
175
223
218
125
255
247
50
235
229
120
187
94
17
190
223
174
118
215
31
235
244
246
209
252
104
95
125
252
219
179
91
217
223
92
54
51
93
86
243
134
133
136
95
232
54
91
157
245
50
111
38
255
66
167
175
227
182
92
113
109
124
105
215
30
181
207
10
109
210
123
50
235
253
105
191
124
229
46
215
170
58
215
40
121
116
94
217
191
121
251
121
248
211
243
51
245
124
94
63
183
93
50
247
94
52
249
175
123
20
93
246
247
230
179
241
126
145
119
248
55
231
127
127
89
213
105
210
108
134
180
254
24
243
253
126
206
187
175
208
112
245
79
179
189
152
9
232
24
158
85
62
183
119
159
250
247
46
251
54
160
73
35
219
200
147
9
206
1
151
126
253
118
250
112
123
151
2
80
205
50
131
100
189
212
116
43
130
170
19
40
151
44
69
158
106
123
201
84
64
213
20
41
213
84
189
53
145
172
25
4
240
21
156
105
16
114
50
189
88
23
32
250
165
238
117
101
248
252
175
249
232
125
235
127
225
95
200
229
163
237
231
98
253
40
18
220
221
255
183
171
196
30
99
223
207
36
93
186
208
186
233
127
125
92
56
175
245
51
253
127
152
173
24
3
240
29
156
65
0
242
19
189
218
87
32
250
62
54
105
35
191
144
147
137
198
177
151
118
249
90
161
84
242
150
3
82
201
50
131
84
156
146
244
43
70
186
87
122
7
172
69
190
90
120
233
94
224
81
16
12
192
68
145
111
153
172
25
5
240
29
156
65
16
114
51
157
88
23
32
251
62
52
121
223
191
149
221
137
246
242
149
50
189
122
177
84
242
150
2
114
195
114
223
126
156
144
244
59
114
249
85
126
183
172
7
190
90
120
105
86
48
73
108
12
212
132
209
79
153
172
24
5
178
24
156
73
16
242
59
157
88
23
32
250
36
226
117
229
185
156
175
73
238
127
171
123
253
127
248
85
179
245
102
98
213
42
16
126
85
223
183
59
158
186
55
222
215
228
79
190
208
248
249
127
101
92
104
175
245
86
245
111
152
173
24
1
242
29
157
73
0
242
19
189
122
87
32
58
121
21
125
84
34
7
95
51
210
238
81
16
95
233
16
6
116
215
86
111
178
237
208
183
152
42
166
92
104
144
244
105
106
60
36
191
222
120
18
221
84
202
153
142
226
32
193
79
27
168
25
207
96
24
156
77
73
119
115
219
123
182
41
255
255
253
253
116
126
191
95
122
251
125
253
251
239
251
228
93
179
245
62
251
247
109
113
255
239
255
243
255
127
127
245
239
223
255
180
255
254
125
251
247
127
255
251
239
249
17
247
111
189
247
9
207
232
189
159
77
125
183
247
159
251
255
189
255
182
226
125
231
250
220
147
201
238
81
255
126
253
119
216
244
243
149
71
115
205
96
179
116
253
223
117
59
238
186
19
186
183
108
71
158
90
123
233
252
215
92
56
191
208
22
252
39
153
173
153
9
240
21
156
121
16
242
50
189
88
87
32
248
165
254
117
109
248
252
255
120
248
127
235
123
237
127
204
225
163
237
167
98
245
104
24
254
237
255
183
187
222
15
99
127
219
100
93
186
82
186
249
255
255
92
56
191
245
115
252
123
137
173
24
3
248
29
159
73
16
242
51
189
216
87
32
184
182
162
101
167
250
216
135
73
238
17
254
127
253
119
210
240
251
133
7
113
205
96
171
116
252
223
29
59
238
138
19
172
149
108
71
154
74
49
233
220
69
212
24
63
197
6
252
53
153
165
137
32
240
23
158
105
24
118
50
188
88
23
32
248
88
9
154
223
42
67
210
230
19
160
23
4
16
244
43
226
238
146
16
66
142
169
198
131
73
8
160
76
64
129
157
126
255
54
97
58
82
66
194
86
144
29
213
6
100
134
193
110
153
44
91
5
176
29
145
73
17
115
59
189
88
38
35
250
62
54
121
99
191
149
147
137
222
243
151
118
181
82
177
116
242
151
2
82
193
50
147
84
156
146
245
43
70
187
87
122
167
172
69
190
90
120
233
94
240
93
112
12
208
196
145
111
155
172
25
13
240
29
156
81
16
242
51
157
88
23
40
251
61
254
125
125
248
184
255
120
248
63
239
251
237
127
204
225
163
237
175
106
229
104
8
254
237
255
183
191
239
15
99
127
223
100
93
186
82
187
249
127
127
94
59
191
245
163
253
123
137
173
28
7
248
29
159
73
20
242
51
189
216
87
33
188
120
21
252
222
55
63
93
51
167
198
81
144
31
232
52
95
252
223
96
255
54
255
208
183
153
115
247
92
120
240
244
233
202
60
182
174
203
104
242
97
60
203
245
175
183
52
247
110
150
162
152
79
98
25
222
93
9
179
115
219
123
251
172
250
51
52
105
51
159
132
147
8
198
100
149
52
173
74
145
84
250
182
2
82
235
34
211
70
212
144
228
9
82
184
73
107
135
172
7
190
122
56
65
94
0
64
20
200
208
80
129
79
153
44
152
9
240
24
220
113
48
50
51
185
24
151
42
219
182
250
93
207
190
189
223
56
254
63
59
250
173
83
220
209
242
215
108
43
197
96
129
126
237
151
231
59
127
59
117
127
247
236
220
158
90
120
249
247
247
94
107
63
212
134
213
79
154
189
28
5
240
157
159
73
16
242
50
159
88
95
36
253
254
57
251
242
23
3
217
111
215
170
253
244
51
138
178
126
242
85
54
95
135
63
229
15
45
130
230
15
82
233
116
106
103
46
180
255
54
124
195
245
82
235
245
104
154
30
1
238
223
172
58
133
120
29
188
80
208
178
123
251
25
28
179
255
254
121
251
250
55
23
88
175
215
234
245
184
51
130
182
222
218
215
120
95
15
215
229
63
61
131
234
13
83
249
52
232
226
14
180
255
210
125
199
245
242
202
245
105
155
28
1
238
223
172
62
149
104
61
245
222
208
242
121
219
93
20
186
179
190
250
93
199
254
217
211
104
254
21
254
255
253
127
252
240
243
213
15
107
197
96
171
116
237
222
37
59
255
203
83
63
182
100
92
218
90
115
233
246
211
221
88
63
208
22
252
39
137
189
149
5
248
21
143
105
48
242
50
188
88
95
38
249
62
162
105
35
187
216
131
9
206
17
151
126
253
118
178
116
251
149
3
112
201
50
131
116
156
214
116
43
166
186
23
42
151
44
69
158
90
123
233
84
64
93
24
44
213
68
189
39
155
172
25
5
242
21
156
105
16
242
50
189
88
95
32
250
113
21
253
84
34
23
95
51
243
238
85
16
94
225
16
6
180
195
86
239
146
237
208
183
216
42
166
92
104
145
252
105
122
60
36
255
202
56
18
217
80
234
153
142
162
32
193
79
27
168
26
79
104
24
158
77
25
119
123
219
122
54
43
251
80
9
154
93
40
67
88
166
18
160
31
133
16
212
11
170
173
130
16
66
142
169
196
131
73
10
162
76
65
1
153
126
243
54
97
58
82
66
194
118
146
60
153
46
244
22
129
110
153
40
91
69
176
29
148
73
17
243
59
185
88
38
35
249
112
39
245
215
200
206
163
101
250
116
6
85
93
119
155
132
127
163
203
38
212
105
95
246
216
107
76
254
44
152
193
238
223
99
67
180
220
146
253
108
245
20
24
134
69
96
253
79
185
172
201
75
240
29
24
73
46
126
83
181
90
71
33
216
81
51
215
93
248
163
242
116
90
188
206
21
196
213
139
99
246
199
219
38
205
45
79
223
202
106
230
206
72
77
249
110
255
39
117
191
94
186
245
117
217
92
154
6
237
166
203
79
185
172
9
71
240
60
157
73
86
250
19
191
88
102
39
252
30
51
227
253
62
227
219
120
196
186
211
53
209
70
153
114
184
221
66
82
199
45
198
223
141
222
166
157
66
238
55
254
87
60
117
186
94
122
235
119
56
124
209
110
231
133
161
111
154
174
25
199
242
29
156
65
68
243
19
251
120
71
161
246
81
59
215
87
248
147
211
240
218
181
87
95
254
247
139
104
246
195
218
46
207
45
199
215
202
106
238
254
108
13
221
127
255
39
69
191
94
91
255
124
209
93
137
6
233
170
201
111
157
172
9
199
240
61
152
203
101
255
51
159
120
103
35
252
123
253
254
94
119
175
95
63
215
238
189
185
63
202
61
95
255
183
114
151
255
63
211
167
211
119
231
125
91
216
244
233
203
44
199
183
222
124
243
125
120
95
247
47
151
117
181
111
191
174
152
15
242
61
220
211
120
179
127
187
187
253
168
242
