/home/diego/workspaceNEW/MirageServer/posters/JPEG/Movie Poster 9.jpg
512
712
113
-166.293
-1
0
308
581
0.00449968
31
38.9275
-1
0
335
580
0.0035482
31
114.128
-1
0
298
603
0.00380489
31
-142.792
-1
0
305
582
0.00525118
31
-177.614
-1
0
351
582
0.00401426
31
-5.42916
-1
0
399
582
0.00338985
31
-168.996
-1
0
281
583
0.0034105
31
-15.7512
-1
0
328
584
0.00443063
31
-130.236
-1
0
347
584
0.00473151
31
-173.307
-1
0
276
606
0.00413578
31
11.9356
-1
0
385
433
0.00338575
31
30.129
-1
0
381
434
0.00322721
31
0
-1
0
387
435
0.00221582
31
-115.292
-1
0
317
170
0.00211402
31
23.6294
-1
0
324
581
0.00263306
31
96.3694
-1
0
364
601
0.00272659
31
58.9378
-1
0
341
414
0.00245111
31
176.055
-1
0
277
595
0.00218634
31
70.2955
-1
0
322
612
0.00284789
31
-167.648
-1
0
319
197
0.00187241
31
175.646
-1
0
282
601
0.00178966
31
90.2091
-1
0
367
604
0.00197967
31
-90.8032
-1
0
284
315
0.0015723
31
-3.3274
-1
0
410
603
0.00183445
31
-38.2204
-1
0
126
105
0.00150734
31
-19.8552
-1
0
128
101
0.00149945
31
-114.984
-1
0
337
176
0.00151822
31
-118.938
-1
0
325
174
0.0016393
31
143.82
-1
0
152
561
0.00119962
31
-114.209
-1
0
283
280
0.00121252
31
161.384
-1
0
263
332
0.00118614
31
-116.182
-1
0
288
278
0.00119094
31
54.2726
-1
1
342
415.2
0.00187487
37.2
124.778
-1
1
346.8
583.2
0.0026242
37.2
56.5922
-1
1
327.6
583.2
0.00330909
37.2
128.66
-1
1
350.4
582
0.00230338
37.2
153.853
-1
1
304.8
582
0.00277886
37.2
169.902
-1
1
302.4
582
0.00165195
37.2
168.611
-1
1
282
582
0.00178205
37.2
64.5024
-1
1
324
580.8
0.00234276
37.2
130.236
-1
1
308.4
580.8
0.00264635
37.2
72.0506
-1
1
336
579.6
0.00224021
37.2
14.4594
-1
1
385.2
433.2
0.00190039
37.2
-116.766
-1
1
324
175.2
0.000768575
37.2
166.931
-1
1
264
331.2
0.000822867
37.2
-72.8015
-1
1
142.8
297.6
0.0008176
37.2
-122.829
-1
1
283.2
279.6
0.00104114
37.2
-135
-1
1
288
277.2
0.000864851
37.2
-101.047
-1
1
284.4
314.4
0.00116891
37.2
-177.221
-1
1
301.2
267.6
0.00096143
37.2
-70.5829
-1
1
259.2
133.2
0.000754236
37.2
67.1095
-1
1
330
577.2
0.00119266
37.2
-43.7958
-1
1
158.4
312
0.0008542
37.2
-106.832
-1
1
316.8
169.2
0.000764046
37.2
-67.148
-1
1
225.6
121.2
0.00110027
37.2
-156.113
-1
1
319.2
196.8
0.00121113
37.2
-112.8
-1
1
336
176.4
0.000826609
37.2
-93.6782
-1
1
360
159.6
0.000810103
37.2
169.732
-1
2
263.52
331.2
0.000642386
44.64
-66.46
-1
2
144
298.08
0.000759141
44.64
-131.682
-1
2
283.68
279.36
0.000859221
44.64
-91.8823
-1
2
171.36
483.84
0.000559919
44.64
-143.13
-1
2
288
277.92
0.000922879
44.64
-43.4089
-1
2
158.4
312.48
0.000650479
44.64
-179.021
-1
2
300.96
267.84
0.000849463
44.64
-93.8692
-1
2
360
159.84
0.000595959
44.64
-125.491
-1
2
283.68
283.68
0.000675663
44.64
-108.004
-1
2
283.68
313.92
0.000745338
44.64
55.9295
-1
2
342.72
414.72
0.00123904
44.64
-25.641
-1
2
213.12
328.32
0.000551781
44.64
57.616
-1
2
260.64
555.84
0.000458705
44.64
-179.637
-1
2
246.24
290.88
0.000467204
44.64
-143.263
-1
2
319.68
195.84
0.000522895
44.64
-101.31
-1
2
270.72
292.32
0.000485249
44.64
-167.347
-1
2
241.92
306.72
0.000542076
44.64
163.369
-1
2
257.76
326.88
0.000546809
44.64
-120.579
-1
2
269.28
282.24
0.000408244
44.64
-177.089
-1
3
300.672
267.84
0.000699666
53.568
-147.938
-1
3
288.576
278.208
0.000877677
53.568
-171.45
-1
3
240.192
305.856
0.000446991
53.568
170.423
-1
3
257.472
326.592
0.000428197
53.568
-110.289
-1
3
269.568
292.032
0.000429225
53.568
-129.806
-1
3
276.48
283.392
0.000414267
53.568
178.741
-1
3
222.912
336.96
0.00037557
53.568
-139.497
-1
3
269.568
281.664
0.000377725
53.568
-118.61
-1
3
283.392
314.496
0.00036718
53.568
174.341
-1
3
305.856
260.928
0.000387847
53.568
-148.393
-1
3
259.2
283.392
0.000372866
53.568
-37.9716
-1
3
209.088
328.32
0.000300368
53.568
176.26
-1
3
264.384
336.96
0.000290703
53.568
-153.199
-1
4
286.157
279.936
0.000995953
64.2816
-172.405
-1
4
300.672
267.494
0.000623191
64.2816
-120.964
-1
4
269.568
288.23
0.000382267
64.2816
-119.055
-1
4
269.568
292.378
0.000313491
64.2816
-80.5377
-1
4
209.434
327.629
0.000298877
64.2816
-123.53
-1
4
286.157
296.525
0.000272782
64.2816
-160.615
-1
4
215.654
304.819
0.000259311
64.2816
178.152
-1
4
228.096
342.144
0.000188935
64.2816
-173.191
-1
4
238.464
304.819
0.000368685
64.2816
-127.314
-1
4
284.083
313.114
0.000220314
64.2816
-152.14
-1
4
277.862
279.936
0.000356663
64.2816
177.553
-1
4
223.949
337.997
0.000391376
64.2816
-155.072
-1
4
259.2
284.083
0.000364517
64.2816
-172.154
-1
4
236.39
317.261
0.000198602
64.2816
173.66
-1
4
306.893
259.2
0.000397659
64.2816
172.689
-1
4
257.126
327.629
0.000311069
64.2816
-132.769
-1
4
215.654
327.629
0.000413617
64.2816
-137.337
-1
4
271.642
282.01
0.000304284
64.2816
-165.7
-1
5
258.785
283.669
0.000315149
77.1379
-135
-1
5
268.739
288.645
0.000369081
77.1379
-176.543
-1
5
251.32
288.645
0.000191428
77.1379
177.483
-1
5
256.297
325.97
0.000214148
77.1379
177.969
-1
5
263.762
335.923
0.000170953
77.1379
113
64
82
1
144
210
66
131
70
7
71
2
9
0
49
198
52
82
95
19
32
134
134
63
81
71
146
215
230
77
2
168
156
0
6
14
131
134
0
72
86
64
32
161
164
97
53
92
53
174
86
162
161
94
34
64
112
147
73
43
82
51
33
121
217
66
142
170
96
161
255
253
162
201
60
89
254
119
153
22
251
229
144
92
197
240
229
80
158
112
53
136
8
131
252
214
63
222
165
224
223
160
117
210
169
180
207
21
86
20
64
135
242
97
190
125
141
13
214
133
201
57
6
192
167
164
75
31
44
92
69
49
17
28
0
0
32
78
98
0
129
37
64
195
161
19
102
162
129
68
10
168
84
3
196
136
226
73
2
8
168
32
112
38
54
186
0
34
1
212
130
66
24
130
104
82
193
78
129
36
112
0
32
24
21
73
144
114
3
156
24
70
35
241
82
9
154
218
66
195
70
7
67
34
13
4
16
198
47
26
95
19
56
134
14
189
195
3
138
68
218
76
2
168
158
32
135
7
145
35
0
68
70
66
32
161
133
97
61
156
37
174
87
8
171
214
55
105
112
147
65
43
72
115
9
33
209
194
242
81
9
218
198
5
92
129
167
7
57
138
159
230
54
94
253
210
100
246
14
254
48
6
222
215
247
121
131
186
214
32
130
62
130
207
202
68
242
74
34
203
165
105
149
92
181
30
215
136
144
67
42
17
52
251
153
51
112
59
61
248
216
162
141
206
230
73
249
253
167
248
185
189
170
203
142
121
235
13
137
125
239
43
252
103
90
249
67
127
29
182
124
71
35
87
223
194
219
32
85
185
253
46
125
60
106
183
213
113
127
243
184
220
24
37
213
221
156
76
62
214
183
165
210
215
36
126
218
217
155
223
98
211
218
163
79
163
63
158
147
198
123
250
189
211
124
15
14
189
230
11
139
215
183
126
3
235
150
58
243
55
103
255
218
125
254
119
114
125
229
127
191
30
189
191
223
138
177
247
255
127
188
251
81
255
113
123
125
125
145
254
201
14
196
35
201
232
35
196
57
117
70
15
136
189
202
161
203
40
153
96
232
193
170
56
67
120
24
162
248
3
43
71
145
195
113
112
49
195
61
10
221
181
90
22
77
129
110
177
9
64
111
60
213
207
138
172
58
204
175
172
192
7
6
222
82
197
10
95
39
210
222
129
19
194
61
138
152
6
5
62
13
19
56
159
6
127
192
99
97
215
211
125
23
43
142
48
150
243
185
65
227
77
254
33
35
171
173
105
183
156
117
62
87
154
51
199
157
224
240
174
91
143
120
91
49
105
151
130
226
205
130
255
195
66
218
143
14
235
41
207
178
198
38
191
109
19
60
151
14
175
119
11
87
199
243
47
147
187
182
54
227
167
127
243
51
101
254
246
66
108
164
104
159
94
189
190
221
140
90
85
245
123
180
235
209
248
113
63
28
116
147
171
61
185
255
253
50
125
249
254
253
156
214
181
127
248
251
234
251
220
227
107
245
126
231
183
189
43
246
144
109
215
254
251
255
106
101
254
223
122
249
125
253
93
255
54
254
183
243
110
187
172
239
223
242
29
157
93
46
242
127
251
251
143
231
255
253
249
255
125
54
119
253
254
245
158
253
185
127
253
187
254
251
220
123
111
117
223
231
183
255
107
246
217
111
213
254
187
255
108
37
255
222
125
209
125
122
207
191
62
254
181
195
110
191
172
95
199
248
31
156
93
252
246
123
223
127
142
34
243
60
187
255
253
54
125
249
255
221
252
214
245
125
120
251
238
251
252
227
107
245
122
215
223
185
59
246
146
109
215
255
254
239
106
231
188
223
250
249
125
249
93
247
54
246
231
51
111
187
190
175
203
242
29
156
85
54
243
255
255
251
191
237
222
43
22
101
162
159
176
3
25
228
122
146
115
173
27
32
69
194
244
1
80
224
98
153
116
68
152
96
3
158
88
41
203
93
36
214
178
115
122
1
68
196
84
26
142
64
5
192
77
152
60
24
4
114
29
207
73
0
114
55
156
74
87
36
121
46
38
96
161
202
236
162
133
45
111
74
70
216
37
123
164
137
40
3
224
249
64
30
88
92
12
28
163
192
150
59
214
37
168
79
10
249
162
45
14
140
20
84
136
68
67
170
17
25
76
24
8
215
85
8
49
158
192
3
180
206
211
104
224
6
35
193
56
8
128
0
14
194
32
1
52
80
115
131
18
8
2
2
66
193
32
66
71
132
128
132
73
2
168
1
64
151
60
69
174
24
24
73
84
0
24
24
0
208
84
161
111
25
172
9
3
240
24
24
73
0
242
19
149
56
87
98
91
12
33
129
56
0
67
36
103
1
128
204
4
80
132
147
34
137
8
227
68
1
33
64
131
88
77
132
132
64
134
58
192
204
18
33
170
1
104
73
68
56
49
52
35
69
53
39
238
25
32
105
20
240
28
16
0
30
162
11
177
8
67
97
234
211
221
223
223
96
74
223
166
27
229
61
219
30
251
206
250
239
211
60
111
14
173
230
35
235
207
243
127
227
43
214
63
178
55
116
251
82
87
254
255
243
255
169
119
185
30
253
174
205
172
87
215
249
127
181
207
89
255
113
123
88
116
147
251
15
6
196
168
95
50
39
30
37
124
112
35
9
59
39
5
201
125
33
112
224
99
218
114
68
249
153
39
120
16
33
203
215
32
84
170
83
120
33
116
100
30
58
175
213
17
215
79
152
172
24
5
240
29
156
73
16
242
51
189
88
87
32
122
163
142
97
161
200
204
131
201
172
71
34
78
201
41
123
165
192
101
3
96
88
66
26
96
94
212
29
33
130
154
51
27
5
108
79
154
64
50
45
14
164
84
24
137
85
90
120
145
25
44
16
8
209
21
141
40
24
224
32
188
72
215
40
248
211
5
146
22
193
66
79
14
2
101
41
66
178
239
6
30
111
35
52
7
14
173
226
3
210
199
243
111
130
40
194
45
135
39
36
187
0
4
118
206
96
104
172
235
173
24
253
174
81
164
88
85
97
90
20
227
89
58
112
59
24
117
145
234
7
32
89
36
200
200
18
72
98
32
7
52
208
119
172
80
106
1
0
64
193
36
2
67
196
144
144
79
34
42
3
96
151
36
65
186
10
88
233
86
96
29
24
1
213
20
245
111
153
172
9
7
240
29
24
73
16
242
51
189
88
87
32
218
114
17
24
158
39
138
95
9
7
64
61
128
189
110
36
86
253
151
32
213
130
55
193
99
216
215
225
125
18
184
212
41
134
44
16
158
202
72
226
91
32
203
181
105
149
28
245
14
147
166
145
13
32
24
182
75
25
115
50
185
24
87
32
218
28
202
207
237
58
249
248
246
25
186
122
157
82
180
219
234
171
220
185
107
204
153
238
185
47
205
42
162
93
71
63
255
245
243
125
121
119
247
253
182
243
124
235
62
126
134
91
241
223
89
126
181
221
223
151
76
212
204
43
236
93
78
3
183
37
199
101
72
20
180
167
112
160
70
225
200
204
57
132
5
194
237
7
109
178
98
16
241
76
60
5
172
116
4
97
9
222
70
220
138
64
56
25
8
60
2
56
167
85
240
118
7
24
189
48
8
112
156
142
4
56
194
51
141
80
215
44
250
39
247
105
8
21
156
7
88
167
6
129
232
193
25
148
23
203
101
35
105
178
102
82
103
85
245
5
45
50
24
65
9
134
14
199
142
0
56
107
30
36
90
48
161
21
120
53
47
16
188
176
8
48
17
246
16
48
178
50
189
216
215
108
250
7
6
1
2
153
132
1
9
160
74
2
36
129
67
169
5
66
36
1
0
192
34
24
64
84
128
0
1
18
8
41
64
101
36
71
186
0
50
1
68
132
64
24
138
64
66
128
79
16
44
24
0
32
25
141
9
16
98
19
188
72
70
32
112
2
2
65
162
159
152
130
9
100
90
2
36
185
6
169
97
194
84
1
16
192
48
136
120
68
128
32
1
146
72
57
75
117
36
223
178
113
114
9
84
132
84
16
8
64
134
192
77
152
44
24
4
162
29
141
73
16
98
51
188
72
71
32
112
13
171
231
68
60
59
241
126
248
156
214
119
75
125
219
200
138
76
227
42
245
108
192
243
111
42
20
146
124
76
42
207
223
114
85
184
116
58
217
53
221
61
155
22
232
163
243
235
56
189
141
211
209
29
159
12
38
194
23
175
106
15
37
222
253
249
255
95
254
123
223
254
223
149
255
251
239
255
222
248
251
215
126
127
63
143
167
191
239
127
255
127
255
15
246
62
250
111
109
223
94
55
255
255
123
94
185
63
223
58
253
180
141
189
87
247
248
191
149
79
240
252
113
127
252
125
161
190
4
162
101
168
200
252
166
85
40
22
138
4
64
117
221
161
201
72
131
96
193
96
8
241
76
93
12
132
96
6
59
64
213
0
85
170
16
114
233
36
52
20
24
39
85
148
246
107
153
44
24
4
240
29
156
9
16
194
3
165
72
87
96
242
252
251
247
223
247
123
223
254
223
187
251
255
255
214
251
250
251
215
126
127
95
159
167
190
175
127
255
255
215
207
246
190
250
47
255
255
94
119
255
245
123
93
247
63
223
63
189
180
206
191
215
247
250
191
149
91
192
252
113
127
125
125
177
190
76
1
129
24
0
67
36
119
1
128
204
5
80
132
147
34
137
8
195
68
16
33
64
131
88
76
132
132
64
132
58
0
206
18
33
168
16
104
73
64
56
33
52
35
101
52
39
110
25
40
41
4
240
24
24
0
7
162
27
177
8
67
97
234
61
53
249
158
18
7
85
79
199
196
5
176
53
174
180
86
255
246
0
101
51
240
244
39
220
163
224
89
115
184
220
105
128
4
180
190
130
88
3
93
18
203
189
224
178
20
69
78
147
44
235
13
50
24
52
85
56
50
107
249
27
150
47
251
44
38
117
160
185
180
162
89
101
90
194
112
229
51
201
69
210
140
197
72
241
112
24
248
84
156
65
129
124
206
41
219
108
64
223
170
117
250
41
20
236
84
26
132
64
133
210
65
154
61
152
40
242
21
207
89
6
194
151
132
74
83
108
16
55
117
249
158
19
6
93
78
231
68
5
176
61
170
166
94
254
246
0
101
19
248
240
35
220
162
224
89
115
56
220
105
128
4
52
190
130
88
19
253
18
203
189
225
176
16
197
78
147
166
243
13
48
24
52
69
56
178
121
251
25
212
47
219
243
245
56
94
33
6
92
11
67
67
161
234
166
203
132
31
246
163
36
215
7
174
17
71
214
130
227
93
3
60
196
33
162
62
6
158
138
44
210
253
2
202
177
201
178
88
129
14
193
166
16
75
104
24
124
67
17
179
112
31
56
240
187
169
114
245
145
222
97
6
94
11
231
66
33
170
183
194
164
31
182
163
52
23
7
47
81
71
214
210
243
93
2
184
196
32
130
23
38
159
128
12
210
69
34
234
165
233
187
92
149
15
209
162
48
91
32
80
125
211
17
59
80
55
56
113
219
75
246
249
186
223
98
71
92
135
207
225
61
254
23
198
54
254
189
147
124
159
31
191
247
7
223
215
247
127
3
186
214
186
130
63
35
223
138
77
250
255
114
57
165
233
191
28
181
46
215
170
163
219
242
123
48
211
81
191
112
123
57
117
153
202
60
50
113
161
25
177
160
121
69
218
194
53
245
22
233
81
210
156
193
72
193
112
9
208
196
152
96
129
78
204
169
219
124
68
223
186
53
250
9
84
164
85
82
4
100
135
66
69
154
61
60
36
242
21
207
89
6
226
135
132
75
11
104
16
119
117
120
94
53
2
89
26
98
68
181
178
108
203
132
31
246
167
4
215
7
172
17
102
196
34
226
89
18
60
200
33
250
54
20
190
138
56
210
253
146
202
153
203
240
16
193
78
129
166
16
71
104
24
25
65
57
179
113
155
56
118
167
137
61
246
124
40
51
185
161
120
125
144
198
48
124
58
233
197
226
184
195
120
245
114
129
244
33
56
97
137
124
78
253
241
248
68
197
158
83
122
137
92
184
213
92
6
84
231
82
79
187
45
21
4
122
29
203
77
50
242
63
172
89
139
36
217
56
185
255
252
54
125
249
254
253
156
214
181
127
252
251
238
251
220
227
107
116
126
228
183
189
43
246
144
109
215
126
250
255
106
103
252
223
122
217
124
252
93
255
46
222
183
99
110
187
172
207
207
242
29
157
93
62
242
127
251
123
159
42
255
6
18
65
130
159
176
131
24
164
26
2
39
169
79
169
65
66
244
1
48
192
34
8
112
64
136
32
1
146
8
57
66
87
36
214
178
112
122
1
68
196
84
26
14
64
196
192
79
152
44
24
4
178
29
157
73
16
34
51
188
72
7
32
112
4
34
117
40
216
94
38
65
32
22
10
22
64
117
217
160
195
72
131
96
197
32
0
210
76
204
4
129
192
142
59
64
87
0
71
170
16
50
201
84
36
20
24
38
100
198
230
111
153
44
8
0
240
29
156
73
20
226
19
164
72
71
96
240
197
221
206
125
253
106
255
250
56
185
252
255
238
253
198
169
225
237
191
127
111
143
174
57
103
255
123
55
253
15
34
63
250
99
60
251
86
55
253
245
211
254
186
62
217
27
253
177
201
151
86
181
217
255
141
111
216
252
173
63
220
84
151
153
252
251
255
223
246
91
221
254
223
149
253
254
127
254
255
250
251
215
126
127
63
191
231
183
175
255
247
59
231
223
214
190
250
111
101
223
222
119
255
255
251
223
249
127
189
190
253
190
207
175
199
215
248
191
151
79
240
252
121
127
125
92
167
255
252
253
255
221
119
127
221
255
223
213
255
255
127
222
223
254
251
212
126
95
63
143
247
183
255
239
247
187
247
223
254
186
234
47
103
255
222
55
251
253
251
95
177
190
253
63
189
174
239
175
199
219
248
191
149
87
240
254
121
127
127
92
175
219
114
21
24
150
103
130
94
9
71
66
61
162
189
206
36
87
245
151
32
213
138
55
195
103
196
199
227
125
18
56
212
41
130
44
20
158
202
72
226
87
32
203
53
105
149
28
245
15
145
166
16
5
32
24
188
203
24
51
50
185
24
84
48
234
57
253
255
253
54
127
253
254
217
222
220
253
127
188
255
254
251
220
251
107
244
93
231
191
189
239
246
177
127
87
126
235
205
108
189
253
255
127
249
125
123
221
255
63
255
183
119
238
191
190
127
223
250
61
158
85
246
246
127
251
255
207
111
246
50
50
81
134
127
147
143
25
230
122
19
52
189
30
177
85
246
215
0
112
193
33
195
118
200
128
232
77
18
24
245
107
215
36
85
190
82
120
161
116
112
92
24
14
213
4
193
79
153
172
24
5
242
29
156
73
16
242
51
157
88
87
32
250
29
250
92
40
51
185
161
120
121
154
198
53
116
30
233
225
226
188
131
88
229
112
137
244
229
56
96
137
126
78
233
243
252
68
221
186
85
250
137
116
187
85
90
6
84
167
66
101
152
61
60
36
250
29
207
73
54
226
175
172
89
139
38
81
78
168
139
125
251
216
254
205
89
171
219
252
240
70
235
202
139
17
57
95
143
61
206
89
37
223
26
39
70
47
55
30
87
167
125
155
114
255
239
54
49
124
224
104
23
157
61
51
221
238
58
101
209
213
253
42
208
234
186
237
77
15
177
182
43
22
68
130
159
177
1
24
228
92
130
99
173
91
32
69
226
246
1
240
224
98
145
118
64
184
96
3
58
24
97
65
95
44
214
178
83
120
33
68
228
64
26
15
192
65
208
79
24
188
24
4
242
28
156
73
48
50
55
149
72
87
36
89
51
54
93
6
254
156
31
16
226
15
19
82
172
47
36
81
246
231
4
224
193
98
1
108
232
180
237
95
22
8
249
97
84
108
76
158
75
56
161
94
84
192
24
15
193
96
244
29
145
164
16
4
96
9
159
73
24
114
50
188
120
23
32
184
39
134
33
161
201
220
131
201
172
71
2
70
129
41
89
165
201
116
5
96
192
66
154
96
86
149
25
33
150
26
3
27
4
196
95
138
64
50
45
2
164
84
24
137
84
66
116
145
152
44
16
8
211
21
133
41
0
64
32
172
64
87
40
56
7
6
1
2
25
128
1
9
160
10
2
5
128
67
129
5
66
100
1
0
192
34
24
66
68
128
32
1
18
8
41
64
71
36
86
178
48
58
1
68
192
64
24
138
64
64
128
79
16
36
24
0
32
24
157
1
16
34
19
180
72
71
32
112
12
41
155
152
0
71
37
111
5
194
79
148
81
230
187
226
203
84
33
99
134
36
196
3
93
143
176
9
64
136
50
105
215
6
85
186
18
120
201
116
48
92
52
43
212
20
101
110
153
172
24
5
240
29
156
73
16
242
51
185
88
87
32
250
4
35
117
160
88
78
34
65
224
28
74
23
65
101
155
96
226
77
131
100
69
32
0
210
204
204
148
129
128
14
59
72
86
0
85
186
16
58
201
84
4
84
24
6
100
134
229
111
152
44
8
1
240
29
28
73
4
226
19
173
72
71
33
240
197
253
207
93
253
122
223
248
184
61
252
235
206
221
70
169
161
237
63
127
110
205
46
248
103
255
155
178
253
7
34
63
250
123
188
251
90
55
255
183
219
254
186
63
217
123
253
145
137
151
86
245
217
255
143
46
209
220
181
63
220
84
151
185
252
249
255
223
54
95
221
254
223
181
253
189
127
254
255
254
251
212
126
127
63
155
231
183
255
239
247
57
255
251
94
187
248
45
103
254
222
119
219
253
250
223
245
62
189
190
237
44
143
175
199
223
248
63
151
95
240
246
121
127
125
76
38
255
122
57
234
247
55
183
91
63
215
251
85
252
191
202
54
94
190
215
112
219
255
63
195
127
153
218
242
63
82
249
245
234
199
60
21
190
219
121
250
117
120
93
245
111
247
21
181
111
157
174
24
7
240
29
156
65
16
243
115
191
121
87
160
250
252
253
255
221
54
127
253
255
223
212
253
189
127
158
223
238
251
212
122
127
63
139
245
183
255
239
245
185
119
223
94
187
232
45
39
254
222
119
217
253
122
223
179
182
189
187
189
108
175
175
239
155
248
63
148
85
240
246
121
255
123
196
46
218
76
169
139
121
249
250
254
233
153
187
202
254
242
68
201
200
139
29
187
79
142
61
206
89
103
214
27
39
86
75
35
30
95
135
221
203
118
255
239
22
48
116
224
124
119
141
61
179
223
157
56
245
217
245
237
170
81
202
190
239
77
31
241
182
57
255
239
237
54
127
253
254
221
222
222
221
127
188
255
238
187
220
251
107
244
85
231
183
189
125
182
144
125
215
126
251
221
108
253
252
223
127
249
125
121
221
255
62
255
167
119
238
191
185
255
223
250
29
158
84
246
246
127
255
251
207
106
246
12
33
155
152
0
67
44
111
1
194
75
148
17
198
187
226
235
84
33
99
134
33
196
3
77
207
162
13
64
136
48
104
215
6
85
186
16
120
201
116
48
92
52
43
86
20
101
110
153
172
56
5
240
29
28
73
16
242
51
185
88
87
33
242
254
249
255
223
246
79
221
238
223
229
253
254
127
254
254
254
251
214
126
127
63
191
231
55
159
255
247
59
227
251
86
187
242
45
101
254
222
119
251
253
114
95
245
127
189
62
253
46
207
175
215
207
250
31
148
87
240
246
113
123
125
92
34
251
242
81
136
158
87
130
94
11
70
99
49
186
191
202
38
95
246
215
48
149
10
191
195
103
70
214
243
45
18
56
212
41
130
36
150
187
194
108
2
85
32
202
37
105
149
28
229
15
209
166
16
5
32
24
188
235
24
51
48
27
24
84
48
235
68
1
129
24
0
67
36
119
1
128
77
4
80
132
19
34
137
8
195
68
16
161
70
131
72
108
148
132
0
132
26
8
204
16
33
168
16
40
72
0
48
32
52
38
101
52
39
110
25
40
41
7
145
24
24
0
0
98
27
177
8
71
96
226
205
205
138
125
105
66
252
206
57
187
45
239
146
198
163
235
137
25
184
15
143
157
238
43
103
207
146
39
209
105
62
87
247
147
61
97
51
253
254
182
114
46
236
120
191
29
89
179
93
202
126
245
221
226
244
238
211
205
237
15
13
117
147
183
43
4
44
173
175
189
189
121
189
253
223
11
157
61
121
5
173
253
99
112
252
38
210
112
93
252
181
58
120
211
119
235
223
44
83
56
211
104
232
121
120
92
56
175
213
53
244
111
153
172
24
5
240
29
156
73
16
242
51
189
90
87
32
250
28
41
255
189
34
215
248
231
205
130
215
180
85
164
187
234
185
136
99
239
23
53
71
151
157
89
182
221
64
222
182
170
79
60
103
174
222
126
201
92
184
93
181
46
247
117
179
110
187
174
137
195
242
29
28
89
4
243
27
249
121
59
104
226
6
6
32
161
221
156
135
73
44
66
138
102
129
29
201
21
194
116
1
64
192
2
152
112
68
148
25
33
150
10
3
27
4
196
223
138
96
114
41
6
165
84
24
137
68
130
244
1
152
61
16
0
176
21
207
41
0
64
34
172
64
87
44
120
250
249
147
215
255
75
92
139
207
171
59
250
183
198
118
250
255
151
60
215
14
189
167
14
143
215
243
107
147
170
246
58
82
173
93
223
74
117
234
215
98
72
229
121
159
30
189
62
199
174
16
199
234
23
180
251
193
114
48
123
93
93
176
190
29
253
251
253
48
233
253
235
75
203
203
248
210
198
201
218
171
205
32
111
7
45
198
211
237
223
179
253
66
46
54
57
214
20
125
155
16
124
233
117
49
92
185
111
255
28
245
62
155
172
56
215
240
29
188
73
0
242
51
235
89
87
33
178
141
43
117
36
120
46
162
226
40
28
194
87
196
117
218
32
226
201
131
96
101
36
0
242
205
10
148
211
236
6
59
64
87
16
69
186
16
58
201
212
221
20
24
22
224
102
227
77
153
36
8
7
240
31
159
73
20
242
19
165
72
87
34
248
254
253
251
223
50
77
93
239
223
231
61
188
127
230
254
254
251
214
62
111
31
185
247
47
255
207
247
57
195
251
126
60
226
47
44
223
202
119
211
254
147
223
229
122
187
30
237
190
197
165
118
215
40
31
181
111
208
246
105
123
125
12
51
183
57
207
239
201
54
127
245
254
221
222
222
149
93
60
123
238
155
220
251
107
116
83
228
183
57
125
20
144
125
215
126
251
253
104
245
248
223
122
217
61
124
93
255
62
87
167
119
236
191
185
223
141
250
29
158
92
228
230
107
253
219
143
46
246
252
253
239
220
54
127
89
255
223
212
255
189
127
188
255
238
187
212
122
111
60
219
244
183
125
237
189
25
123
223
126
169
232
45
55
254
222
115
217
125
186
221
245
191
223
190
229
108
159
173
223
143
248
31
150
85
240
246
121
252
123
142
46
251
92
249
251
253
48
255
252
251
73
194
251
184
215
134
217
218
235
205
35
111
15
53
198
211
205
223
179
237
67
46
54
57
214
20
253
155
90
124
233
117
48
92
185
47
247
28
245
62
155
172
48
199
240
29
60
73
64
242
51
249
89
87
97
178
132
43
117
116
112
46
42
99
224
28
194
87
70
113
218
0
226
205
135
103
69
172
0
210
205
154
180
209
232
14
50
72
86
32
84
186
16
58
201
212
220
84
24
6
225
6
225
111
153
164
8
7
240
29
157
73
4
242
19
189
72
87
33
250
242
249
155
223
247
65
92
143
207
171
57
250
55
198
118
250
255
150
52
151
15
189
167
14
207
215
243
43
147
187
150
56
226
45
60
223
74
117
227
247
114
202
229
121
159
30
189
60
199
174
86
133
42
27
180
235
208
114
48
121
93
84
176
178
250
233
255
159
50
79
89
239
223
229
127
188
127
174
255
254
251
150
118
111
30
154
229
38
255
239
183
57
195
251
94
57
224
45
101
255
206
119
219
254
178
223
245
122
190
62
173
60
199
164
215
135
184
31
181
71
216
242
121
121
125
68
34
183
253
125
117
124
119
47
127
122
181
84
255
51
125
254
252
254
242
221
31
108
63
187
128
54
78
238
239
157
251
124
124
169
242
37
52
255
194
115
145
221
154
219
157
31
232
175
205
78
141
165
87
133
106
62
151
77
120
254
121
158
125
6
34
185
254
109
255
159
50
79
89
239
223
230
255
188
127
174
255
254
251
148
114
111
31
155
229
167
253
237
182
25
67
251
126
184
224
45
37
255
142
119
195
124
186
223
245
58
190
62
161
44
223
172
247
159
58
31
53
87
216
242
121
120
127
12
42
183
242
81
136
158
87
2
92
11
70
99
17
170
187
202
38
95
246
215
52
149
10
191
195
39
70
146
242
13
146
56
20
41
194
36
150
187
66
108
2
87
0
202
36
73
147
28
197
15
81
166
16
5
32
24
188
75
16
50
48
27
28
84
50
251
40
138
239
233
54
119
177
254
253
158
222
149
93
60
123
238
155
220
235
107
244
83
206
183
105
125
20
144
125
211
62
219
253
104
251
176
95
122
249
56
125
125
247
62
87
167
119
234
191
185
223
133
210
29
156
92
174
230
47
253
67
207
46
246
124
41
251
157
50
87
249
239
199
238
251
180
113
166
187
254
251
144
114
111
31
145
230
143
157
193
182
137
67
252
62
186
97
12
39
255
158
126
193
92
186
73
245
40
182
190
1
60
223
172
255
223
50
29
52
80
192
242
121
120
127
12
107
246
197
205
154
125
96
194
248
198
25
171
161
200
194
192
167
187
141
9
184
15
143
173
102
11
103
211
179
231
65
39
166
54
247
147
189
73
50
237
254
51
243
46
237
104
187
29
27
178
93
218
126
247
221
247
116
226
215
139
252
107
53
113
211
167
4
35
117
188
16
42
46
123
192
24
202
23
65
101
155
64
227
205
131
100
64
164
0
210
76
220
176
137
128
14
58
72
86
4
85
186
16
122
201
116
36
84
24
38
101
132
229
79
152
36
24
5
224
28
156
73
0
242
19
189
88
71
33
242
122
205
239
140
54
127
85
255
221
196
255
156
93
188
127
238
185
212
115
109
60
211
246
180
61
237
156
24
123
215
126
169
192
44
37
254
206
115
201
124
58
221
117
63
222
182
100
108
159
164
223
141
250
31
150
92
248
230
105
248
123
142
46
250
56
138
239
136
38
127
177
246
189
212
222
149
93
188
123
238
217
220
75
108
116
210
228
177
121
109
28
144
125
214
126
185
252
104
241
248
94
114
201
56
124
21
127
62
84
166
100
236
191
41
223
141
218
29
158
92
104
228
43
248
75
143
46
250
242
249
171
159
55
68
93
143
223
235
61
188
51
134
223
254
187
214
116
31
14
138
229
12
125
199
243
43
147
187
30
58
224
45
63
255
202
119
195
247
18
202
165
122
158
30
136
60
193
174
86
129
40
27
181
123
208
242
56
120
125
84
50
179
242
217
139
159
55
69
220
143
223
235
57
184
51
134
119
254
187
214
52
23
14
154
231
14
93
199
243
43
147
187
22
58
224
45
62
251
218
117
227
247
50
74
165
120
158
30
141
60
197
174
86
133
40
26
180
123
144
242
56
121
93
84
50
179
218
217
154
223
39
211
220
183
87
171
113
138
182
194
39
90
61
147
120
159
15
189
199
139
129
87
243
124
83
229
246
50
207
28
153
101
255
77
242
97
112
75
231
121
183
29
151
63
223
202
26
199
182
233
120
251
199
179
253
83
53
121
209
71
226
69
235
150
23
71
93
143
231
231
61
218
63
170
54
126
187
84
52
119
10
151
246
38
29
215
183
59
147
187
22
41
192
44
55
219
130
109
235
223
114
201
109
105
151
28
245
60
213
172
18
5
200
26
180
75
152
50
49
57
29
84
56
186
126
245
253
254
55
253
93
95
231
199
213
184
255
154
182
95
251
246
114
125
59
85
210
55
189
247
243
61
115
249
92
169
135
68
183
222
202
125
251
95
50
203
245
105
183
156
245
62
215
190
183
143
98
177
246
117
56
182
121
223
251
221
126
251
253
125
253
252
113
47
127
255
245
108
253
187
127
239
158
254
242
221
83
103
127
175
240
54
95
170
230
153
211
28
124
169
226
37
52
255
210
126
145
253
218
222
25
158
250
63
193
78
153
164
90
13
104
30
157
73
24
242
121
188
94
70
42
249
92
251
251
253
54
255
125
251
201
134
251
186
211
132
221
218
187
205
35
111
15
181
198
147
205
223
183
173
67
46
54
184
210
4
245
187
74
124
233
117
56
92
177
45
247
158
245
62
155
172
49
199
240
29
53
73
64
242
25
249
89
87
96
242
226
1
136
150
55
2
93
15
6
99
145
138
51
200
38
95
170
85
36
85
10
151
226
35
70
131
178
11
19
56
20
41
195
36
20
219
66
124
2
215
2
202
52
73
147
28
197
14
81
166
16
5
96
24
180
75
144
178
49
29
92
84
34
251
122
41
239
140
22
79
25
239
221
198
223
148
93
172
255
238
187
84
115
108
60
211
230
180
29
233
188
153
99
222
126
169
240
44
103
254
206
119
129
92
186
221
117
46
86
190
100
108
159
172
223
143
250
31
21
92
232
230
41
248
125
142
42
242
253
125
253
124
119
47
127
122
245
124
253
179
127
239
182
94
242
253
95
109
127
255
192
54
95
170
230
153
250
92
124
169
242
37
52
255
194
127
145
253
218
207
157
30
234
63
193
78
141
164
90
5
104
30
159
77
88
246
121
188
125
6
34
249
126
41
251
185
50
87
153
239
199
230
219
180
81
132
187
254
155
212
66
111
26
147
198
150
157
129
188
137
67
252
62
186
101
12
103
255
218
126
129
94
186
73
245
40
54
190
1
44
159
172
191
143
50
29
52
80
192
226
89
248
125
30
106
242
221
255
127
125
52
254
121
122
201
199
253
186
199
153
204
251
226
205
63
111
46
164
224
179
205
255
179
189
83
42
118
57
210
36
244
251
66
125
225
245
186
222
185
63
243
27
245
46
155
173
48
7
120
29
183
69
16
242
49
255
88
86
34
187
40
138
238
137
6
125
129
247
189
220
94
133
25
60
123
228
153
92
195
42
244
82
220
241
121
125
28
0
125
210
30
219
253
104
99
160
86
114
201
40
253
53
118
62
84
166
116
224
191
57
223
9
147
29
140
28
54
192
47
252
67
143
46
242
212
43
117
148
48
14
42
115
192
28
194
87
71
241
208
2
226
205
199
101
68
172
128
210
205
154
181
146
72
14
50
72
82
36
84
186
20
58
193
212
212
84
57
7
225
38
225
111
153
164
9
3
240
29
157
73
4
242
19
185
72
87
32
250
179
245
250
54
23
132
93
15
247
199
181
250
191
234
166
95
254
183
52
151
131
127
243
111
246
147
243
63
19
185
212
41
135
172
46
223
170
125
115
255
64
203
229
233
155
92
149
63
213
174
18
13
108
0
116
247
56
51
240
59
191
221
184
235
122
104
235
159
50
71
89
239
223
230
127
156
121
174
251
254
187
212
114
111
26
147
228
12
253
229
190
25
67
251
126
187
96
44
37
255
202
119
129
94
178
203
245
42
190
62
128
60
223
172
87
135
58
31
181
83
208
242
57
120
125
12
42
183
122
41
171
169
2
117
169
239
197
198
211
148
81
132
59
230
219
92
67
102
56
147
214
149
29
169
188
136
67
214
62
136
100
12
199
190
154
106
201
88
184
81
53
40
86
124
33
44
159
44
154
9
242
29
20
80
128
226
9
248
107
222
106
242
122
216
171
143
55
71
221
239
199
230
189
156
49
140
59
254
187
212
82
95
10
147
230
12
125
193
188
9
83
185
62
58
225
44
55
219
210
119
129
87
50
75
117
40
150
30
128
60
223
172
86
133
56
27
180
82
144
242
41
120
93
4
42
243
104
41
171
185
2
255
33
247
205
198
211
148
81
132
187
230
155
92
67
70
60
147
86
149
29
249
156
132
65
214
62
136
68
12
71
174
154
106
201
88
184
85
52
174
87
116
37
110
191
44
136
11
242
29
20
80
128
226
75
249
107
215
104
242
208
43
197
148
32
14
40
123
208
184
114
19
67
177
208
34
162
197
231
103
68
164
192
147
77
154
181
130
72
130
50
200
82
36
116
186
92
56
225
244
244
92
185
175
225
6
225
111
155
172
25
3
240
29
156
73
4
242
19
249
72
86
32
250
80
3
149
148
32
34
41
123
192
56
82
23
65
133
146
2
162
69
193
33
64
172
192
147
72
154
144
0
16
0
48
72
83
36
117
184
20
104
192
68
68
84
59
39
229
4
229
111
152
164
25
1
240
28
156
73
0
114
19
185
72
86
32
250
