/home/diego/workspaceNEW/MirageServer/posters/JPEG/Movie Poster 3.jpg
512
773
164
-67.1663
-1
0
176
604
0.00908593
31
83.7742
-1
0
147
596
0.0104078
31
-6.50563
-1
0
402
546
0.00964417
31
16.6992
-1
0
401
544
0.0126683
31
80.8552
-1
0
413
536
0.0130485
31
4.28915
-1
0
214
525
0.00962675
31
166.908
-1
0
219
601
0.00738274
31
-160.821
-1
0
228
603
0.00763862
31
-111.058
-1
0
338
533
0.00748758
31
-111.027
-1
0
334
523
0.00737002
31
8.0732
-1
0
239
524
0.0082248
31
103.325
-1
0
327
618
0.00833641
31
176.6
-1
0
234
603
0.00597483
31
91.5911
-1
0
371
620
0.00551775
31
15.5241
-1
0
161
620
0.00661248
31
-87.8184
-1
0
189
605
0.00518825
31
-97.5946
-1
0
195
605
0.00598409
31
27.4076
-1
0
397
618
0.00623445
31
179.31
-1
0
222
601
0.00647981
31
-54.2461
-1
0
136
603
0.00608999
31
-160.463
-1
0
298
618
0.00629807
31
157.977
-1
0
282
620
0.00659232
31
-154.772
-1
0
233
605
0.00695227
31
-94.6859
-1
0
204
605
0.00536951
31
92.0237
-1
0
192
596
0.0055653
31
90
-1
0
139
600
0.00654359
31
77.0424
-1
0
145
599
0.00631453
31
-147.593
-1
0
344
534
0.00563011
31
68.3109
-1
0
136
600
0.00551657
31
96.5999
-1
0
218
598
0.0061013
31
-90
-1
0
141
605
0.00612346
31
126.401
-1
0
223
597
0.0052614
31
145.685
-1
0
229
599
0.00591865
31
136.762
-1
0
232
597
0.00549949
31
-8.60139
-1
0
238
528
0.00613556
31
-63.4349
-1
0
158
605
0.00512934
31
-75.7841
-1
0
164
605
0.00507178
31
-76.6398
-1
0
181
605
0.00492919
31
88.6801
-1
0
172
598
0.00487844
31
-96.671
-1
0
330
529
0.0051587
31
-178.21
-1
0
330
623
0.00470239
31
-64.8407
-1
0
186
617
0.00451745
31
-92.0454
-1
0
210
605
0.00513047
31
48.2397
-1
0
265
618
0.00489926
31
52.3738
-1
0
129
601
0.00486137
31
82.875
-1
0
152
596
0.00454797
31
90.1969
-1
0
170
596
0.00497589
31
-173.387
-1
0
170
620
0.0050036
31
-147.579
-1
1
226.8
604.8
0.00409232
37.2
-115.821
-1
1
195.6
604.8
0.00467658
37.2
-66.0375
-1
1
189.6
604.8
0.00390786
37.2
-67.433
-1
1
186
616.8
0.0044041
37.2
-79.6952
-1
1
262.8
616.8
0.00419786
37.2
-110.556
-1
1
297.6
618
0.00545868
37.2
146.31
-1
1
327.6
618
0.00709244
37.2
2.1211
-1
1
265.2
619.2
0.00596601
37.2
-15.9454
-1
1
124.8
620.4
0.00446992
37.2
-2.38594
-1
1
160.8
620.4
0.00633821
37.2
-159.444
-1
1
170.4
620.4
0.0045381
37.2
154.799
-1
1
282
620.4
0.00462869
37.2
161.075
-1
1
330
620.4
0.00700384
37.2
19.6538
-1
1
355.2
620.4
0.00428845
37.2
149.967
-1
1
381.6
620.4
0.00631856
37.2
-106.429
-1
1
208.8
604.8
0.00420628
37.2
2.68378
-1
1
238.8
524.4
0.00411408
37.2
9.92625
-1
1
214.8
525.6
0.00510512
37.2
80.9421
-1
1
154.8
595.2
0.00392867
37.2
-5.44033
-1
1
175.2
603.6
0.00651804
37.2
-178.831
-1
1
228
602.4
0.0076222
37.2
25.1148
-1
1
135.6
602.4
0.00739941
37.2
-98.5959
-1
1
330
528
0.00388065
37.2
175.544
-1
1
222
601.2
0.00622771
37.2
173.367
-1
1
219.6
601.2
0.00678154
37.2
87.9816
-1
1
200.4
595.2
0.0039356
37.2
86.4677
-1
1
145.2
596.4
0.0067399
37.2
161.259
-1
1
229.2
600
0.00689967
37.2
76.1713
-1
1
145.2
600
0.00569213
37.2
66.9911
-1
1
136.8
600
0.0060689
37.2
90.5305
-1
1
163.2
596.4
0.00534818
37.2
66.8014
-1
1
130.8
597.6
0.0043744
37.2
142.892
-1
1
231.6
596.4
0.0046259
37.2
96.2419
-1
1
217.2
596.4
0.00488119
37.2
86.0817
-1
1
180
596.4
0.00395513
37.2
90.6662
-1
1
208.8
596.4
0.00449781
37.2
170.362
-1
1
234
602.4
0.00343533
37.2
-25.71
-1
1
157.2
604.8
0.00349404
37.2
-16.6992
-1
1
164.4
604.8
0.0035592
37.2
88.7326
-1
1
171.6
596.4
0.00362556
37.2
-55.1755
-1
1
182.4
604.8
0.00344308
37.2
-68.1986
-1
1
134.4
604.8
0.00362079
37.2
91.4086
-1
1
192
595.2
0.00353229
37.2
45.4182
-1
1
128.4
601.2
0.00362081
37.2
-169.854
-1
1
234
604.8
0.00318644
37.2
74.1676
-1
1
172.8
601.2
0.00324368
37.2
-111.961
-1
1
337.2
532.8
0.00327802
37.2
85.5559
-1
1
202.8
596.4
0.00319133
37.2
166.715
-1
2
234.72
604.8
0.00180746
44.64
-66.3706
-1
2
187.2
622.08
0.00203587
44.64
-88.0251
-1
2
262.08
616.32
0.00240968
44.64
-92.4896
-1
2
201.6
629.28
0.00209418
44.64
83.1429
-1
2
154.08
596.16
0.00421757
44.64
-1.41442
-1
2
355.68
617.76
0.00231453
44.64
-131.009
-1
2
328.32
617.76
0.00257796
44.64
-12.926
-1
2
159.84
622.08
0.00279875
44.64
63.4349
-1
2
223.2
620.64
0.00275716
44.64
-97.9629
-1
2
329.76
528.48
0.00237722
44.64
-109.29
-1
2
298.08
617.76
0.00219668
44.64
-51.5463
-1
2
264.96
619.2
0.00441966
44.64
165.203
-1
2
228.96
600.48
0.0070691
44.64
-156.801
-1
2
272.16
617.76
0.00223372
44.64
-73.6105
-1
2
227.52
617.76
0.00390899
44.64
14.4208
-1
2
214.56
525.6
0.00263754
44.64
90.9602
-1
2
162.72
596.16
0.00394551
44.64
-2.86241
-1
2
149.76
604.8
0.0029469
44.64
8.39293
-1
2
154.08
604.8
0.00298454
44.64
84.9204
-1
2
167.04
604.8
0.00199896
44.64
151.39
-1
2
220.32
600.48
0.00605433
44.64
-64.44
-1
2
224.64
617.76
0.00381533
44.64
87.8789
-1
2
174.24
604.8
0.00352364
44.64
109.335
-1
2
205.92
600.48
0.00333874
44.64
63.4349
-1
2
182.88
604.8
0.00284369
44.64
91.2189
-1
2
171.36
596.16
0.00244338
44.64
80.3401
-1
2
174.24
600.48
0.00477494
44.64
165.256
-1
2
280.8
622.08
0.00213489
44.64
-128.29
-1
2
200.16
617.76
0.00217146
44.64
81.7808
-1
2
159.84
600.48
0.00397798
44.64
52.5946
-1
2
188.64
604.8
0.0027061
44.64
-109.916
-1
2
334.08
521.28
0.00198378
44.64
127.875
-1
2
195.84
604.8
0.00376532
44.64
-74.4275
-1
2
194.4
617.76
0.00256501
44.64
172.875
-1
2
200.16
604.8
0.00321963
44.64
-133.452
-1
2
213.12
604.8
0.00211296
44.64
-19.29
-1
2
154.08
617.76
0.00470127
44.64
-158.199
-1
2
226.08
604.8
0.00472934
44.64
101.659
-1
2
213.12
599.04
0.00298624
44.64
90
-1
2
167.04
599.04
0.00234172
44.64
87.0941
-1
2
180
596.16
0.00270977
44.64
147.529
-1
2
224.64
597.6
0.0067646
44.64
90.6903
-1
2
200.16
596.16
0.00380303
44.64
149.845
-1
2
230.4
596.16
0.0033965
44.64
-170.34
-1
2
171.36
620.64
0.00457851
44.64
83.1572
-1
2
144
597.6
0.00981387
44.64
104.381
-1
2
216
597.6
0.00353158
44.64
93.5035
-1
2
208.8
597.6
0.00413457
44.64
80.5377
-1
2
190.08
597.6
0.00332027
44.64
-110.996
-1
2
336.96
532.8
0.00173757
44.64
60.2551
-1
2
185.76
604.8
0.00168753
44.64
93.2892
-1
3
205.632
597.888
0.00354222
53.568
90
-1
3
174.528
596.16
0.00341024
53.568
-60.3269
-1
3
312.768
428.544
0.00249614
53.568
87.7275
-1
3
188.352
597.888
0.00282202
53.568
96.8428
-1
3
216
597.888
0.00335125
53.568
151.535
-1
3
229.824
596.16
0.00304745
53.568
140.371
-1
3
224.64
596.16
0.00444138
53.568
88.8065
-1
3
209.088
596.16
0.00233831
53.568
89.076
-1
3
200.448
596.16
0.0028026
53.568
86.2111
-1
3
179.712
596.16
0.00294941
53.568
89.2043
-1
3
171.072
596.16
0.00202645
53.568
83.9275
-1
3
214.272
594.432
0.00139982
53.568
-95.7273
-1
3
328.32
527.04
0.00147483
53.568
-106.06
-1
3
331.776
521.856
0.00124923
53.568
-51.3402
-1
4
277.862
514.253
0.000694057
64.2816
25.0169
-1
4
300.672
429.235
0.000770621
64.2816
42.176
-1
4
300.672
433.382
0.000616762
64.2816
164
64
150
250
87
111
252
58
238
216
251
25
168
251
238
115
204
185
243
199
191
189
69
206
41
124
231
223
127
251
255
15
226
180
242
239
254
223
110
181
255
183
239
222
170
127
219
251
254
149
228
213
86
240
201
231
143
239
214
220
132
14
116
125
183
189
201
201
142
221
234
219
250
246
25
187
110
205
18
244
111
234
229
217
61
239
204
145
230
153
107
111
170
206
193
71
62
51
249
49
85
249
83
119
204
240
210
222
88
62
217
30
195
254
157
13
94
5
249
93
149
73
145
250
43
188
92
86
2
249
34
204
138
11
0
220
132
5
235
131
8
202
144
39
47
14
141
34
98
153
148
86
91
197
241
85
21
34
5
186
131
66
143
216
203
4
184
8
234
42
36
60
36
169
23
112
53
163
115
202
168
74
150
1
120
182
63
67
214
101
179
249
200
74
0
136
139
137
2
205
132
55
31
154
30
133
17
132
59
170
157
2
224
141
148
21
70
193
217
85
29
100
1
202
22
2
141
24
227
32
60
76
234
32
96
53
103
33
23
244
53
232
246
200
169
219
151
73
120
146
71
3
14
97
35
73
76
70
132
203
131
137
192
65
132
237
141
153
168
203
211
180
127
168
137
68
230
39
76
133
102
128
79
215
29
32
133
142
18
26
212
49
107
232
80
37
238
32
115
60
32
63
157
116
60
176
25
136
92
49
145
219
156
106
145
192
32
61
84
85
0
250
2
3
0
130
1
74
4
3
1
0
14
5
16
52
105
128
141
26
129
144
192
0
1
67
80
20
0
4
32
130
8
64
156
32
65
32
33
66
8
8
37
21
28
1
68
5
118
206
17
0
137
12
178
5
200
8
35
67
6
180
0
67
4
72
59
245
253
254
55
172
125
43
247
238
249
184
173
175
148
94
187
183
226
121
191
127
211
111
221
247
247
191
123
249
237
237
207
220
167
54
175
188
242
127
124
234
239
233
183
49
117
123
243
226
185
202
228
25
126
28
109
183
255
251
187
243
233
70
250
221
170
254
119
126
92
23
215
106
153
236
35
198
62
191
253
255
123
223
151
31
115
31
215
95
246
239
83
247
238
224
199
190
207
37
235
36
234
113
120
220
54
233
223
125
183
238
252
242
158
203
228
61
242
209
147
179
247
183
59
113
222
234
9
48
152
34
63
179
58
28
208
186
132
38
224
16
35
19
158
43
195
144
225
55
83
215
192
32
212
198
64
100
229
226
143
24
195
164
187
8
168
105
120
29
54
33
245
113
183
111
184
238
136
15
242
29
88
81
54
179
151
181
186
211
108
74
188
184
254
163
255
115
186
181
124
251
214
239
254
50
43
201
253
187
97
211
245
213
119
220
243
127
249
250
201
215
247
227
205
44
71
254
219
112
233
124
120
92
112
63
213
117
247
109
153
238
24
7
240
29
216
89
22
243
55
189
90
211
104
250
8
9
143
26
2
71
117
102
213
132
68
132
83
164
55
10
139
88
99
103
18
23
194
167
90
40
148
128
96
192
56
136
214
38
3
184
19
104
64
104
56
121
52
39
93
116
37
238
25
168
153
21
240
28
28
8
25
226
59
185
73
87
2
250
210
216
144
174
205
74
31
38
207
37
89
223
175
237
94
184
255
131
127
245
46
143
171
44
239
223
255
111
195
163
235
236
145
173
111
95
75
165
236
110
43
202
161
251
223
56
190
181
193
196
211
176
237
246
38
187
201
252
161
121
180
69
18
166
227
213
168
126
29
164
125
27
213
239
201
235
162
207
4
31
175
39
37
211
255
46
211
111
80
255
243
47
82
51
225
231
203
174
174
53
179
44
122
127
104
234
179
233
247
113
183
123
120
230
24
73
228
152
252
97
59
179
247
155
186
247
169
42
218
249
223
121
255
251
243
252
253
179
247
254
255
241
254
249
219
221
63
127
142
127
238
125
239
223
127
191
127
71
62
186
151
207
213
207
94
255
253
243
218
253
251
125
209
191
125
179
223
157
151
245
249
245
247
127
81
252
185
255
121
31
215
255
250
255
178
253
55
103
252
159
87
251
249
233
99
196
39
255
189
223
228
159
247
189
117
155
199
79
243
230
81
118
254
247
239
179
255
33
189
108
234
225
98
111
247
105
191
23
183
127
222
250
120
223
242
253
124
209
199
179
215
243
31
120
221
46
214
249
91
255
253
122
255
216
219
185
255
255
231
215
206
249
251
167
191
95
111
140
44
156
231
223
123
235
199
43
226
191
248
231
126
223
126
183
255
247
211
222
227
127
255
27
188
180
205
255
86
243
221
231
199
227
212
220
228
46
220
124
179
157
237
253
251
125
248
124
255
204
217
191
175
255
243
214
239
249
235
173
63
79
47
139
63
156
247
223
255
171
199
47
126
182
224
175
111
223
218
183
239
255
219
254
224
126
255
127
190
176
237
223
118
247
217
247
165
227
212
252
233
47
253
124
179
185
93
59
183
85
120
247
239
246
209
188
210
85
67
84
155
64
191
205
235
10
245
47
206
223
202
127
23
230
12
71
255
206
79
27
233
53
244
188
254
45
125
37
227
183
239
225
191
235
62
251
237
251
247
254
154
64
103
203
215
199
227
239
197
86
123
157
252
126
51
239
125
47
213
110
223
177
63
238
174
222
191
183
114
89
183
127
211
127
121
255
243
63
123
243
254
237
207
238
109
55
167
252
250
127
120
253
253
233
191
53
247
107
247
226
59
222
230
13
254
148
233
183
255
251
187
173
153
70
229
254
84
14
217
42
39
216
235
21
174
107
238
127
206
185
247
163
191
180
117
198
57
228
195
127
89
251
175
14
194
53
154
77
66
214
9
144
253
237
111
158
58
183
253
123
254
197
160
247
128
122
221
231
75
143
62
189
148
36
190
241
245
8
213
37
171
52
4
98
253
246
209
174
214
209
66
133
2
2
137
40
243
219
176
13
102
159
249
127
150
134
64
21
104
239
79
58
32
100
191
45
96
89
120
164
179
171
175
49
23
235
123
234
43
211
249
28
120
68
255
179
255
251
170
179
193
238
179
220
42
39
172
236
159
165
91
253
127
221
162
14
74
190
189
171
52
147
253
35
247
204
249
127
253
230
67
179
235
255
175
184
97
52
255
11
232
233
91
28
163
171
245
51
191
123
187
202
137
139
244
141
56
225
103
179
247
241
178
243
108
206
250
27
178
242
127
123
12
23
199
58
217
228
127
196
54
95
253
223
107
215
231
23
115
95
134
95
247
239
18
246
246
224
79
190
223
45
233
124
232
97
108
73
247
105
215
125
183
239
254
254
152
199
226
253
250
217
131
179
215
151
59
123
220
106
215
253
219
127
253
248
251
216
217
191
237
255
226
223
207
251
163
165
63
95
47
175
47
156
231
255
255
191
215
47
106
62
250
175
108
223
90
183
255
255
219
126
171
126
251
123
155
176
237
223
118
247
217
255
229
227
208
252
173
63
252
244
179
189
207
206
202
125
255
250
223
142
189
187
61
219
158
255
111
253
233
213
61
127
76
143
166
57
111
223
187
47
215
43
50
62
241
45
92
251
82
119
237
244
243
94
56
63
223
158
221
189
205
173
94
5
249
63
157
73
144
246
51
189
92
87
50
185
203
223
110
249
238
191
126
209
61
127
45
138
158
252
124
239
196
253
29
238
254
213
176
57
111
78
171
94
253
85
60
51
242
103
150
235
66
119
148
242
210
223
88
30
211
158
194
151
141
13
22
5
105
253
143
79
145
254
57
156
93
94
26
177
72
201
206
217
234
255
250
247
61
251
94
141
31
244
123
238
229
217
89
110
222
221
230
187
107
74
170
22
221
199
62
187
251
39
85
249
83
119
212
240
210
255
220
30
219
158
195
254
157
13
94
149
249
93
157
205
209
254
43
188
93
30
2
177
7
182
80
32
221
176
133
88
162
63
128
107
236
27
164
17
224
231
135
144
225
6
11
125
198
184
105
111
30
13
225
71
159
232
156
22
112
184
41
39
77
66
10
9
80
113
180
83
56
116
24
4
228
160
206
97
54
146
150
134
152
215
36
89
248
205
238
223
226
191
242
183
61
253
126
221
158
245
125
238
228
217
93
111
222
221
230
179
123
106
170
22
125
209
60
191
251
103
116
249
87
127
213
244
210
255
216
30
216
158
203
215
141
13
94
149
249
95
157
205
81
254
123
188
91
94
2
249
251
254
110
79
255
255
215
56
255
53
252
249
191
255
108
237
247
247
127
253
253
79
187
253
227
111
237
190
255
95
255
191
249
109
70
255
219
115
253
255
219
223
90
63
216
255
254
23
173
167
94
13
248
191
159
205
112
246
183
188
250
94
38
217
151
251
211
111
253
120
244
218
91
145
238
255
98
215
204
249
235
196
189
91
71
140
173
19
231
223
81
171
215
15
130
63
184
167
125
218
114
151
239
183
211
254
170
119
220
155
124
164
201
247
103
245
216
167
163
107
208
216
164
46
92
116
151
156
250
250
125
253
254
191
223
240
239
63
251
218
207
113
124
249
181
229
126
235
255
118
33
254
237
247
255
255
255
191
247
250
243
220
206
79
218
57
248
243
126
94
235
61
247
122
244
63
190
255
144
67
232
189
159
93
92
247
17
191
252
211
104
188
215
250
93
246
191
184
95
56
255
119
253
250
175
127
212
90
179
215
60
123
174
124
194
123
205
215
243
127
126
43
93
111
147
244
212
186
230
249
251
247
116
222
235
109
183
24
245
63
147
175
145
131
236
189
255
125
104
246
179
251
248
215
180
254
222
250
89
244
254
186
94
121
222
59
123
218
207
80
212
216
183
215
124
107
206
117
160
90
237
215
243
127
214
235
183
254
211
180
220
255
126
249
234
247
114
222
227
125
247
30
245
127
159
191
25
67
232
189
159
121
64
243
51
255
124
87
112
190
40
13
164
150
3
15
101
127
149
84
70
133
51
156
62
134
138
60
225
65
116
46
208
247
89
42
132
0
112
192
24
200
206
38
99
176
23
74
201
44
248
181
52
39
76
117
37
238
185
160
169
12
242
29
153
0
49
226
63
189
75
7
5
218
214
250
87
239
252
122
174
240
107
27
122
251
239
115
222
184
243
199
252
45
69
204
33
220
239
223
127
251
175
174
162
190
242
229
220
215
124
181
255
181
231
94
171
253
253
138
252
181
194
245
133
243
205
231
143
255
70
221
16
102
84
85
117
61
246
250
87
111
252
122
196
194
251
29
56
251
239
247
222
185
243
199
255
175
69
142
45
220
239
223
127
171
239
143
234
182
240
239
110
215
126
183
255
180
95
222
162
255
223
234
62
180
233
245
198
242
201
231
175
239
214
220
4
14
124
117
19
188
246
250
87
239
253
122
255
152
127
25
248
251
239
119
196
185
243
199
189
63
77
204
173
124
231
223
123
187
255
43
226
191
178
231
252
215
127
181
255
183
103
94
171
253
223
155
220
149
232
215
86
243
205
231
175
239
198
220
164
15
220
117
183
28
205
221
78
125
255
251
255
240
57
191
125
219
158
252
108
235
225
221
61
111
206
191
164
57
111
223
191
62
213
71
62
63
242
37
84
251
82
127
245
247
210
222
120
62
223
158
204
55
141
173
22
5
249
255
143
75
208
254
59
189
93
86
50
185
29
49
255
17
34
115
186
244
112
174
195
70
220
37
163
66
253
169
67
227
241
117
67
214
201
122
244
254
72
4
247
226
95
24
197
174
27
56
232
120
120
92
61
46
247
117
183
111
187
174
8
71
240
29
88
73
30
243
19
181
120
243
96
234
154
238
3
243
42
248
228
163
89
249
218
253
242
84
72
184
237
139
165
219
199
60
173
219
255
94
83
230
70
103
171
223
175
162
120
32
125
206
250
162
193
61
227
108
223
23
119
227
203
219
9
199
254
5
105
104
71
211
215
227
147
123
193
14
215
240
223
63
255
224
218
152
251
187
213
255
174
195
131
89
250
135
24
150
201
143
207
109
230
218
250
127
218
43
235
62
95
237
61
247
126
189
127
119
81
200
203
74
203
29
201
55
205
94
26
165
252
178
156
235
216
190
191
155
188
5
178
183
215
251
91
127
253
248
254
216
91
187
237
255
226
215
205
251
227
135
63
223
15
173
47
28
231
223
251
175
215
47
170
54
250
167
252
223
122
191
255
247
219
126
171
124
255
219
158
183
205
223
118
247
221
247
231
235
212
253
189
63
124
116
179
189
205
187
135
217
86
107
233
246
141
174
194
191
211
204
187
235
152
125
227
199
111
189
66
203
203
122
150
196
0
198
126
131
223
27
247
173
28
238
223
41
220
61
215
38
127
125
35
243
190
122
169
247
211
253
88
82
111
141
151
227
189
249
199
103
221
203
222
93
106
91
240
230
57
184
126
215
30
246
235
232
231
155
185
46
196
61
236
243
123
74
130
86
237
195
30
127
247
115
97
240
119
210
223
252
211
61
221
22
236
134
195
239
141
45
79
213
255
95
153
203
87
254
63
172
89
44
3
253
217
205
142
93
234
219
254
230
25
191
127
141
18
228
111
234
237
153
57
239
76
157
230
155
107
111
170
110
193
71
62
59
249
37
69
249
83
119
236
252
210
94
56
62
223
190
239
254
157
140
94
133
249
93
149
73
209
250
43
189
92
86
2
240
205
205
14
93
238
219
222
208
57
191
173
203
218
252
109
171
233
221
61
111
206
173
166
57
111
223
187
46
213
7
58
63
242
37
84
251
82
119
229
246
82
94
56
62
223
30
220
55
141
173
86
5
249
95
141
73
144
246
51
189
92
86
34
185
156
58
179
245
186
253
252
243
89
249
255
87
211
212
216
240
181
207
239
75
212
44
46
219
255
78
231
246
76
247
191
254
111
177
120
52
253
254
232
231
217
61
243
118
236
167
191
107
172
223
237
255
246
255
155
73
71
219
215
231
115
63
197
252
222
249
239
248
55
123
125
190
245
171
217
188
127
198
54
251
157
223
115
223
47
213
103
191
199
127
243
255
91
246
254
234
223
26
223
175
255
108
248
113
108
109
247
105
255
117
247
254
254
170
26
215
226
253
124
93
207
183
215
243
61
249
219
102
253
253
255
125
178
109
249
238
217
173
255
191
118
238
239
254
171
184
63
79
63
159
231
158
255
239
247
251
195
119
254
190
232
63
109
255
215
247
217
255
155
253
253
126
254
255
47
180
237
175
119
247
216
159
181
100
240
253
105
123
255
44
147
181
190
251
119
239
255
184
255
249
255
91
250
251
239
127
204
253
243
215
189
61
103
76
169
124
239
223
123
127
255
123
230
189
178
231
252
215
230
255
255
181
231
222
235
253
255
155
252
149
198
151
149
240
235
231
239
255
68
220
244
110
214
125
183
29
243
248
219
127
255
224
219
216
223
187
213
255
175
75
131
121
250
215
62
30
79
175
143
124
230
222
251
63
223
107
239
62
215
237
189
223
118
125
255
119
113
200
235
122
223
157
249
53
205
159
26
165
249
178
188
235
208
188
188
31
60
13
178
183
250
120
255
247
182
113
92
251
219
235
255
250
255
166
242
250
251
214
62
123
11
220
173
60
175
215
251
187
215
127
190
62
112
231
188
223
78
117
127
215
80
193
237
125
143
12
124
180
207
189
86
247
200
186
166
111
216
52
169
91
93
28
80
190
220
123
179
245
244
113
169
254
201
159
250
63
67
192
219
235
251
204
239
79
109
140
164
156
207
223
191
161
151
78
50
155
96
7
253
251
84
244
237
229
104
100
179
62
111
143
56
180
206
189
116
243
195
191
132
65
196
184
1
67
76
70
97
54
206
168
73
167
235
201
218
137
189
187
255
127
187
38
248
224
129
25
252
19
204
115
166
108
53
215
153
183
110
235
63
158
63
249
79
97
255
219
248
191
217
189
229
105
231
79
188
59
239
207
139
103
223
69
125
190
94
79
190
233
33
31
240
30
163
247
190
119
36
244
252
22
115
221
173
201
238
93
4
29
173
171
188
159
241
45
119
215
242
127
243
246
109
52
228
51
143
120
168
36
255
29
250
233
121
46
59
247
255
97
159
110
120
219
44
95
244
224
250
197
55
211
214
135
242
243
205
74
179
215
158
127
175
176
220
24
243
147
189
232
174
125
36
61
245
163
46
155
167
111
119
127
230
103
231
126
127
53
205
50
191
252
138
20
250
29
250
235
91
74
171
237
182
115
151
63
249
219
24
75
116
128
248
117
51
243
246
151
176
240
207
89
58
244
186
223
63
247
220
151
87
251
189
237
110
214
39
127
253
214
248
155
215
121
119
159
225
71
226
255
95
125
237
230
239
184
190
101
255
253
250
243
82
79
227
236
182
213
151
127
254
250
30
79
244
169
248
93
151
179
254
223
251
120
207
223
156
58
215
101
62
123
249
242
217
189
254
247
207
53
218
226
179
205
254
43
229
109
228
223
237
111
247
242
108
103
255
254
127
121
253
116
255
187
248
245
221
157
251
55
238
167
255
107
174
243
239
247
248
255
154
76
102
223
151
239
235
63
101
254
162
200
40
103
239
252
219
185
221
189
126
223
163
94
92
164
145
41
126
147
252
47
251
220
121
127
141
166
70
243
11
254
175
185
75
116
255
11
232
185
251
188
227
175
213
115
191
115
187
218
139
11
253
133
217
240
119
211
254
249
242
151
172
222
134
200
10
231
169
200
254
9
157
185
126
255
179
55
216
160
129
9
245
155
205
46
203
93
113
94
17
167
78
227
43
246
143
185
107
96
183
139
232
182
217
188
225
225
229
119
191
115
235
202
171
227
221
69
249
184
87
195
191
233
34
51
177
206
23
251
147
93
124
218
221
22
139
149
41
233
194
219
143
153
173
231
42
159
199
47
70
207
227
119
247
127
5
46
194
103
151
187
237
135
120
156
250
111
99
62
171
255
189
248
181
239
240
254
12
211
180
225
154
195
55
219
146
7
240
241
215
123
186
248
170
99
255
252
215
189
221
191
254
255
163
30
86
189
217
239
127
155
253
39
255
93
117
255
127
167
87
211
107
254
143
171
207
117
255
61
237
55
121
220
227
253
215
113
63
243
251
254
155
137
253
165
252
241
118
178
247
255
186
147
188
222
223
249
219
125
246
121
249
248
217
159
255
254
242
206
239
251
163
221
63
95
47
157
167
28
239
239
251
235
215
111
254
63
242
181
253
223
90
255
237
247
219
254
255
124
251
31
154
180
207
159
118
247
217
247
245
99
208
189
185
110
253
188
211
189
8
1
134
26
2
71
36
102
133
132
4
133
19
172
55
14
139
56
97
101
48
151
209
167
90
57
148
0
64
192
56
192
198
38
35
184
19
72
64
104
56
97
52
39
93
116
39
238
25
32
184
20
242
28
156
0
25
226
43
185
73
71
0
234
2
11
128
0
1
10
4
7
0
0
6
5
16
180
41
0
76
8
1
212
64
4
1
195
82
8
0
0
32
132
136
64
156
34
65
160
9
2
0
8
164
21
24
3
68
197
38
206
17
32
137
12
178
13
75
8
35
67
7
180
0
35
4
72
201
205
138
89
234
223
254
231
25
255
78
142
210
212
111
170
205
153
61
198
222
157
174
155
123
127
190
230
193
7
58
50
227
51
69
105
83
119
236
122
210
254
24
62
221
190
167
179
157
141
30
21
249
93
157
193
209
250
59
189
92
118
2
177
57
156
244
70
171
205
215
57
255
85
223
127
253
125
92
116
255
179
242
178
247
111
219
231
249
126
85
126
44
223
207
239
143
251
97
20
142
139
250
47
125
189
239
231
173
113
191
107
167
210
169
234
182
5
26
151
111
95
254
227
179
173
141
78
123
156
170
126
63
230
125
31
209
254
216
249
34
142
38
95
175
247
179
219
183
47
251
95
117
255
243
167
83
117
237
231
79
175
189
53
255
189
232
127
121
238
227
239
191
113
55
251
121
242
122
223
228
60
190
0
151
179
255
223
191
231
137
246
60
41
247
212
42
207
240
103
31
241
86
85
215
118
248
244
254
147
208
43
215
61
202
227
249
90
64
94
108
255
159
238
135
243
97
16
182
203
218
30
209
181
197
98
173
6
237
107
199
96
235
255
190
69
56
95
111
95
250
233
195
45
131
206
157
178
31
25
42
81
186
244
250
190
211
198
92
116
123
194
253
170
99
227
245
240
71
222
201
127
245
250
72
198
247
242
223
24
69
172
95
56
232
120
120
93
121
47
245
117
183
111
187
172
8
71
242
29
28
81
22
243
19
181
120
211
96
250
59
148
232
126
55
237
125
63
213
250
249
185
189
142
47
95
191
183
178
219
189
127
211
127
117
255
243
183
91
113
253
239
79
236
189
53
247
253
248
119
121
238
255
233
191
149
63
123
127
242
58
143
230
164
254
52
219
163
255
219
187
239
185
102
59
212
232
254
55
165
125
47
213
254
249
185
189
142
61
94
191
183
242
219
184
127
211
127
125
253
243
183
91
241
125
239
207
236
191
53
247
253
248
127
120
238
247
233
191
145
55
123
127
242
56
143
230
164
254
116
203
163
255
219
187
239
184
54
199
220
203
253
255
250
223
152
189
251
188
251
171
223
79
173
233
245
61
95
204
143
174
57
103
223
187
39
215
11
35
63
243
37
92
251
82
119
237
244
243
222
58
62
221
27
220
241
137
173
94
5
249
255
157
75
144
244
59
189
92
87
50
185
201
207
142
89
234
219
254
246
57
187
110
140
210
244
111
170
197
153
61
239
206
149
110
155
75
110
170
206
197
71
186
51
251
39
84
105
83
119
196
242
210
126
88
62
211
190
195
183
157
13
30
5
249
93
149
203
209
254
43
188
92
114
2
249
91
208
204
190
55
161
93
58
181
175
253
249
175
175
4
91
171
119
48
123
174
111
195
111
109
255
243
55
122
107
109
239
223
252
189
51
55
237
250
119
124
236
239
107
191
17
125
123
186
242
56
135
236
188
252
76
121
183
191
251
185
151
165
166
216
75
206
213
234
187
250
247
61
251
86
143
158
244
123
234
228
217
93
239
94
157
238
187
107
74
170
222
205
197
62
190
251
35
116
121
87
127
212
244
210
255
220
30
219
142
75
151
157
9
94
181
251
95
159
205
209
252
59
189
93
62
3
253
200
207
142
223
234
159
242
167
57
249
118
143
158
240
107
234
228
153
249
239
222
189
239
179
91
74
138
134
109
193
60
54
255
35
96
113
87
95
214
244
210
127
216
30
217
142
75
243
157
9
94
245
247
95
157
206
83
254
123
189
89
126
3
249
196
200
142
217
232
223
254
199
57
187
44
140
210
244
127
170
233
217
61
111
206
141
174
57
111
95
191
110
213
7
58
54
241
39
85
235
82
119
237
246
210
222
56
62
223
158
201
182
157
141
94
5
249
95
149
75
144
252
41
189
92
86
18
187
192
201
138
95
224
154
246
167
25
185
110
201
146
247
78
170
129
9
189
207
206
173
239
147
91
75
138
166
65
129
40
22
255
35
96
113
87
31
230
252
210
62
184
166
217
63
11
227
153
200
26
209
213
93
153
202
83
251
51
189
88
118
147
249
90
216
93
237
63
185
222
41
191
187
255
218
253
52
124
90
189
215
124
123
140
117
194
121
173
223
251
127
126
227
53
238
215
244
191
121
126
121
248
115
112
221
239
109
183
133
245
63
159
155
155
135
252
181
255
125
89
246
187
255
81
31
48
254
235
220
238
95
255
255
215
184
252
125
188
251
175
255
110
237
225
245
127
255
253
207
191
245
115
111
233
62
255
91
107
191
251
109
86
255
219
51
253
253
219
223
90
191
217
123
253
149
173
183
94
13
249
191
159
195
48
246
247
190
218
214
38
217
207
205
142
253
235
223
254
227
25
255
127
223
154
252
110
238
225
221
61
111
206
141
174
57
111
206
171
46
213
7
58
63
243
39
84
251
82
119
229
246
210
254
24
62
219
158
201
183
157
173
30
5
249
95
159
75
208
254
59
188
92
86
50
185
231
220
206
127
255
250
223
152
189
125
188
251
175
223
110
237
225
245
61
255
236
143
190
125
103
239
235
55
223
27
107
63
251
45
212
251
83
119
237
245
211
222
26
191
217
27
220
213
141
191
94
5
249
191
159
203
80
244
191
190
220
86
54
185
99
212
170
127
53
164
253
11
177
251
249
235
170
139
4
31
171
55
183
219
186
47
211
127
116
255
243
55
91
49
97
103
207
173
60
53
247
173
248
127
123
234
187
235
255
81
191
123
121
234
56
13
228
156
252
100
59
179
247
223
186
247
169
94
153
253
92
70
254
169
119
48
123
21
255
123
236
127
204
80
247
243
60
253
175
108
131
244
233
126
81
254
126
111
223
45
154
125
49
86
207
217
250
95
125
149
239
119
173
41
254
39
135
215
161
238
252
167
11
175
127
31
254
235
241
171
165
206
61
253
124
70
254
173
215
48
123
85
223
127
252
127
204
212
255
243
254
184
247
124
131
244
249
126
85
254
108
127
223
45
158
249
121
86
207
219
250
31
125
157
239
231
165
171
255
39
167
215
129
238
188
229
27
239
111
95
254
235
243
171
237
206
205
202
142
221
234
219
254
224
57
191
46
207
210
244
111
234
233
221
61
111
76
141
174
57
111
223
187
110
213
7
58
63
243
35
84
251
82
119
229
244
210
222
56
62
223
158
201
181
141
173
30
5
249
127
159
75
208
252
57
189
92
86
50
185
187
251
92
79
255
185
223
184
255
29
252
251
175
127
196
125
247
247
126
189
125
94
161
244
227
127
127
127
255
123
198
189
154
237
220
215
239
29
255
181
127
223
235
127
221
235
252
21
230
215
133
238
238
167
203
255
110
157
244
79
246
253
188
28
247
255
245
102
253
42
5
90
235
21
168
251
111
255
198
189
243
167
111
53
119
206
57
247
215
255
125
251
191
26
194
228
152
239
110
223
104
20
191
252
111
222
58
247
204
123
188
196
224
181
196
216
104
166
135
175
44
252
196
38
254
84
180
24
199
206
139
125
255
250
223
136
189
251
168
239
139
220
111
173
233
253
61
95
204
143
190
57
103
223
187
47
215
27
43
63
243
37
93
251
82
119
237
246
210
94
56
62
221
222
221
181
137
173
94
5
249
127
159
75
144
242
51
189
92
87
50
185
200
9
155
215
106
91
240
231
89
177
46
71
18
242
251
226
130
17
184
15
198
61
239
211
107
74
0
6
108
201
30
110
183
3
96
112
55
218
254
180
211
53
228
118
168
6
81
235
221
232
171
213
215
79
153
202
87
126
54
237
65
60
145
220
226
191
162
118
61
118
92
23
245
254
168
225
43
207
22
15
153
229
107
155
247
15
123
159
83
127
183
167
87
181
162
198
79
174
239
53
251
60
234
101
104
108
50
239
223
113
55
235
120
242
28
91
229
60
254
16
151
179
215
151
254
241
136
122
248
75
238
213
234
191
250
243
29
253
118
155
159
248
123
238
224
221
125
111
222
157
206
59
63
74
187
54
220
213
62
191
115
39
116
121
86
127
245
244
211
255
253
30
203
142
73
243
143
137
95
149
219
127
159
78
81
252
123
221
93
14
1
191
49
50
185
2
63
115
147
60
214
62
148
99
97
88
35
5
126
167
194
144
241
51
83
214
208
49
244
238
16
212
199
226
207
44
195
180
223
8
232
105
120
93
50
143
213
113
183
111
186
238
136
11
242
29
88
81
54
179
151
181
186
211
108
74
207
220
206
125
255
251
223
250
189
251
254
255
175
223
238
237
233
213
61
127
204
143
174
121
111
223
187
39
223
75
58
127
243
39
92
251
118
119
237
244
211
222
90
62
217
31
221
243
141
173
94
5
249
255
143
203
208
252
59
191
92
87
50
185
35
204
234
127
37
180
253
8
185
253
172
233
170
59
5
15
139
189
188
155
252
47
247
127
117
255
195
55
95
49
97
119
239
248
44
48
247
189
240
189
123
126
43
239
191
81
31
123
57
235
56
13
253
4
253
100
51
243
247
223
186
215
168
223
251
253
251
127
255
228
219
152
255
223
149
255
175
202
111
125
254
247
58
94
110
175
150
125
230
250
255
127
215
123
254
63
231
239
189
223
250
61
255
119
251
206
251
222
223
217
185
55
237
159
26
165
248
182
156
227
208
182
253
31
254
205
182
179
250
120
255
245
182
105
124
253
207
235
251
190
127
132
254
250
255
212
127
107
14
216
175
60
175
223
243
187
211
231
62
190
112
229
189
223
78
119
249
215
51
201
245
127
206
143
124
180
207
149
247
247
74
191
167
125
200
180
41
122
93
14
16
182
122
29
187
245
203
239
127
107
205
111
219
22
243
204
59
94
255
221
25
70
62
157
194
91
95
222
250
140
210
211
126
169
71
39
89
121
70
111
204
74
16
197
213
106
207
29
237
191
223
0
25
149
227
63
156
65
65
250
121
249
85
15
19
246
205
205
138
89
234
223
250
227
25
187
70
143
210
244
111
234
201
153
61
239
79
141
46
155
123
94
190
230
193
71
58
54
243
51
69
107
83
119
237
254
210
254
216
62
217
190
139
179
157
77
30
213
217
95
157
203
211
248
57
189
92
54
3
187
147
253
95
93
172
216
217
0
123
133
189
202
206
121
68
185
237
227
62
187
135
108
99
239
229
119
119
127
111
47
195
119
151
254
168
94
74
57
250
187
243
190
169
253
187
122
253
63
193
219
6
67
252
133
178
111
57
215
240
47
240
241
215
219
221
246
93
72
248
123
55
244
121
61
252
191
76
55
206
234
203
204
153
108
121
193
166
176
233
109
153
241
237
79
235
41
216
80
149
226
95
179
189
125
126
158
187
55
245
179
246
108
187
173
79
230
216
255
218
77
238
252
15
220
220
210
102
221
50
251
202
95
55
240
220
159
223
155
189
252
174
86
37
127
149
215
122
155
151
127
247
95
225
71
226
63
87
123
175
242
239
254
191
23
255
29
250
179
91
110
227
252
150
247
151
123
254
251
30
195
252
165
254
254
23
243
254
223
115
121
254
223
245
125
255
85
80
106
127
254
217
191
238
191
227
205
202
170
139
45
254
15
63
175
110
142
237
127
223
183
73
15
98
63
74
27
165
255
182
191
255
125
120
252
171
247
175
123
61
178
239
146
111
243
201
255
108
166
255
188
237
107
175
181
221
142
28
170
95
217
42
81
153
176
218
190
83
150
221
116
91
192
253
138
98
178
245
112
71
222
217
119
245
250
200
199
247
250
223
24
71
172
94
56
232
120
120
93
113
47
245
116
183
111
187
238
137
67
242
29
92
81
6
243
19
189
248
211
104
254
252
243
59
253
244
113
255
252
216
187
249
190
97
20
219
234
251
220
255
78
120
176
164
156
204
253
187
169
215
2
55
187
232
4
157
251
84
245
233
117
58
78
179
54
118
175
152
52
138
189
119
183
216
191
134
81
192
232
41
78
92
70
103
180
158
248
75
239
191
120
217
136
95
59
253
251
175
91
76
248
177
214
60
155
71
252
161
120
239
151
243
59
255
107
239
127
178
244
156
211
126
119
250
247
243
223
235
125
154
151
252
61
199
255
23
135
204
167
239
125
208
247
188
95
221
93
182
157
11
216
206
127
55
177
253
56
189
190
253
185
173
175
45
79
137
189
186
59
172
119
194
127
101
253
243
55
127
97
109
255
223
248
189
49
247
253
248
59
120
238
239
109
183
177
85
123
63
250
58
135
236
189
252
108
59
167
191
223
187
159
164
150
45
252
237
200
54
127
81
119
241
254
212
248
79
185
254
207
137
124
251
185
181
85
120
179
253
113
156
150
125
93
92
233
205
88
247
232
222
126
249
57
254
191
111
165
151
240
117
235
182
248
175
222
225
125
123
28
62
134
255
255
251
217
78
223
250
56
187
183
223
229
217
221
223
175
155
127
243
204
243
255
255
246
118
83
14
159
254
13
175
223
255
107
211
251
126
190
101
175
255
223
186
103
239
215
89
69
231
104
143
124
185
181
252
158
218
177
250
183
52
115
208
48
225
123
191
29
152
182
1
3
128
0
1
10
32
6
0
0
2
4
16
164
10
2
68
8
1
212
65
132
65
131
66
8
0
128
0
132
136
64
28
34
65
160
9
2
5
8
140
48
28
3
68
101
38
204
17
32
9
4
82
29
72
8
3
65
7
176
0
98
64
72
196
207
138
249
232
218
250
199
57
251
4
206
210
245
239
171
201
201
61
111
206
141
46
25
111
95
187
110
197
7
58
54
243
51
85
235
82
119
237
246
210
126
56
62
219
158
203
179
221
141
30
53
217
127
159
203
209
252
41
189
92
119
19
187
179
221
245
70
168
204
223
32
235
69
95
207
238
125
68
188
253
163
118
177
182
111
115
231
249
127
245
254
46
183
195
109
143
253
105
28
142
137
250
235
93
156
169
227
173
120
253
47
163
210
169
235
244
5
58
231
111
87
210
225
178
245
217
206
177
237
245
68
40
204
209
99
251
69
23
205
222
117
84
188
191
163
182
163
182
109
115
199
249
126
85
254
45
183
203
111
135
249
105
20
174
139
250
42
221
156
169
227
185
112
253
47
241
210
169
251
244
69
58
231
111
223
210
233
178
253
219
206
124
31
238
253
254
183
255
243
61
255
126
27
159
248
187
78
249
221
121
110
126
221
206
57
63
223
187
117
252
87
62
191
83
227
189
123
214
253
119
119
52
229
255
127
79
140
93
179
207
141
31
181
203
254
142
239
209
236
121
223
223
13
25
182
58
210
239
171
63
181
159
24
255
255
249
216
239
41
53
95
221
255
96
59
248
117
218
121
237
247
251
255
127
241
125
235
151
216
158
37
255
237
176
107
100
79
239
105
151
17
213
91
254
154
152
139
102
177
125
125
109
182
215
219
179
223
124
118
190
184
155
231
255
241
217
140
223
175
223
126
243
206
251
249
251
246
62
19
111
159
238
77
175
215
255
107
215
251
254
191
37
173
159
223
126
119
235
95
121
77
231
120
223
79
185
181
255
190
94
247
254
183
244
115
208
48
188
123
189
157
240
182
255
31
238
245
254
183
255
243
61
255
84
155
159
249
179
78
233
221
57
111
62
221
206
57
47
255
187
55
252
85
62
191
83
227
188
251
118
253
119
119
117
227
255
127
79
140
89
179
79
157
127
181
219
254
174
110
217
252
121
223
207
13
21
182
235
220
236
79
255
187
95
28
189
63
164
235
174
249
38
77
168
245
63
253
248
79
58
125
102
251
59
54
255
89
125
39
223
237
158
123
66
117
181
183
223
238
106
31
217
249
221
145
29
151
30
4
77
254
159
175
184
246
191
159
220
223
54
187
248
11
255
213
234
127
249
247
125
255
86
223
223
244
123
206
255
221
253
111
126
221
238
187
59
122
182
182
236
215
62
255
119
99
126
121
214
255
255
252
213
125
249
126
203
142
73
243
207
9
255
245
219
127
159
222
197
252
115
223
95
61
19
190
196
202
202
249
232
218
250
192
57
251
44
206
194
245
255
171
193
221
61
111
206
141
46
57
111
223
187
103
213
15
58
55
243
51
85
235
82
119
237
246
210
126
56
62
219
158
217
177
157
141
30
53
217
255
143
107
144
252
57
189
92
86
50
185
220
75
206
221
234
191
250
243
61
255
86
155
158
240
251
202
232
221
189
111
14
221
238
59
111
95
191
118
253
71
62
63
115
99
124
123
86
255
245
118
210
255
249
62
203
142
73
179
207
141
126
181
217
127
159
206
209
252
57
253
93
12
19
183
174
201
110
225
175
253
210
169
189
217
254
127
153
118
121
228
145
25
95
219
244
122
150
244
113
126
21
178
236
211
63
154
238
122
75
192
255
91
248
184
249
61
243
190
213
231
190
51
175
159
143
73
221
133
201
56
55
195
254
189
99
59
168
158
245
253
255
117
48
110
125
255
249
253
244
251
79
235
150
142
187
236
247
111
127
207
118
191
219
123
183
243
105
21
98
239
207
59
36
255
159
189
241
253
126
254
187
183
251
113
127
254
249
164
107
251
208
30
28
68
252
190
119
251
254
247
137
255
220
11
222
221
234
255
250
247
61
251
86
159
158
244
251
202
232
217
121
111
78
221
206
187
107
90
190
126
220
71
62
62
115
51
117
123
86
255
245
118
208
245
217
62
79
142
75
179
157
13
30
181
217
127
159
207
81
252
57
223
93
45
19
247
248
171
247
221
98
223
253
231
221
253
82
217
95
240
219
206
191
217
251
111
254
253
238
187
219
123
183
246
109
209
62
255
231
83
111
113
213
255
254
108
253
125
241
246
255
174
89
251
255
137
255
251
243
95
159
220
197
254
83
235
215
125
9
254
57
254
126
79
239
89
158
185
250
186
175
239
124
117
111
237
255
178
98
178
213
114
21
254
211
125
245
250
237
87
231
118
255
44
71
52
219
48
232
117
122
92
122
63
213
247
183
109
185
239
24
7
244
29
220
73
22
243
183
189
122
83
40
250
235
220
110
43
223
237
219
152
189
239
172
238
175
105
100
253
128
117
63
243
252
119
63
108
117
255
251
55
251
127
127
183
239
237
159
127
250
111
253
191
218
223
110
169
211
91
248
49
189
222
26
45
253
181
220
231
56
182
255
190
191
223
190
137
250
59
255
247
255
243
219
248
255
155
251
127
255
204
243
117
255
215
63
127
78
255
142
124
175
223
123
127
222
123
118
190
114
239
253
223
118
125
255
87
101
69
255
124
207
141
253
181
206
157
16
165
251
247
172
255
200
60
241
95
93
29
176
182
42
254
171
235
55
189
157
157
221
250
240
168
241
26
125
223
157
191
234
155
245
87
95
221
209
117
253
167
95
245
245
242
207
152
207
36
255
252
232
97
104
95
99
189
183
229
23
123
190
251
172
11
246
165
251
116
54
243
223
215
251
219
236
87
220
249
171
253
55
115
248
255
221
186
255
190
115
148
251
235
153
220
123
223
31
159
231
158
167
79
242
233
209
103
190
186
233
56
247
239
222
119
233
245
122
125
247
62
254
247
39
252
255
187
239
215
218
191
244
80
214
177
173
127
125
58
199
214
154
251
138
79
191
249
218
156
223
147
149
252
174
82
109
249
189
151
62
219
135
63
231
95
225
87
119
63
87
107
135
54
159
236
235
86
91
27
250
51
251
127
227
125
147
253
187
63
191
219
143
71
252
165
250
251
83
211
190
207
113
123
246
223
234
177
238
125
55
115
220
150
245
190
252
173
111
205
55
111
153
124
115
251
179
255
127
191
102
127
183
178
89
87
190
230
223
250
191
117
255
61
120
53
120
232
254
111
223
117
55
250
124
250
94
195
193
188
124
92
159
167
239
223
191
251
204
226
235
220
238
79
255
191
219
156
189
125
180
235
174
251
102
205
168
245
63
191
252
207
190
124
99
251
191
55
255
89
125
55
255
237
158
127
218
55
181
255
219
222
74
158
217
123
217
145
189
157
94
13
93
255
159
239
48
244
247
31
254
215
54
249
204
203
206
249
254
187
250
242
57
191
84
154
222
240
255
203
200
221
61
110
78
221
142
57
111
219
191
103
221
71
62
63
243
163
21
235
82
255
245
118
242
254
248
94
219
142
203
179
221
141
30
181
217
255
159
235
209
252
57
159
92
87
19
183
205
204
142
217
234
223
250
194
57
255
46
203
146
240
238
234
225
217
61
111
206
141
174
57
111
207
171
102
213
15
58
63
243
51
92
235
82
127
237
246
210
254
120
62
219
158
217
179
221
173
30
53
217
95
159
75
208
252
57
188
92
84
18
185
58
218
253
233
62
189
223
56
191
255
125
216
221
56
125
95
221
223
120
59
172
117
202
121
237
213
251
254
127
241
117
235
151
208
219
33
255
249
248
99
100
223
239
109
151
148
85
123
158
155
153
135
246
181
255
125
109
246
191
223
211
223
92
246
199
220
206
221
255
186
223
152
189
251
172
235
139
219
238
205
233
253
61
63
204
143
174
121
103
223
187
39
221
9
42
63
255
35
220
251
82
119
237
245
210
254
42
62
217
158
217
145
157
173
30
5
217
255
159
235
16
252
59
63
92
85
50
249
26
152
207
253
55
249
223
60
191
255
127
152
157
60
125
219
157
223
184
59
140
117
202
121
173
213
243
119
126
99
117
239
151
208
185
33
126
249
248
115
112
221
239
109
183
148
117
123
223
154
187
135
190
181
254
124
93
182
191
255
209
159
84
246
188
188
255
69
56
253
254
245
219
189
254
253
214
53
218
224
183
201
254
43
245
125
239
221
249
111
237
246
108
215
223
254
239
217
105
116
254
187
248
183
251
157
235
183
174
167
191
107
191
251
239
255
252
221
155
77
118
223
254
236
243
59
109
222
205
203
142
89
234
219
250
246
57
187
47
206
210
244
107
234
128
153
61
239
79
189
47
155
107
74
142
166
197
71
62
54
251
51
68
105
83
119
214
242
210
126
88
30
217
174
203
179
157
77
30
117
217
95
159
202
211
253
57
189
92
50
3
249
227
222
238
79
255
191
223
156
189
253
188
235
175
251
102
141
160
245
127
191
252
207
63
124
115
235
189
54
255
25
107
55
255
237
78
127
218
55
181
255
223
222
106
158
217
251
217
17
189
157
94
9
221
255
159
239
48
246
247
157
254
215
58
249
199
220
206
95
255
187
215
188
189
61
180
251
175
251
110
205
232
245
61
191
252
207
174
57
99
251
187
55
253
89
106
63
223
111
148
251
82
119
181
247
210
222
74
31
217
186
217
145
157
189
94
5
221
255
159
203
112
244
191
63
220
85
54
249
205
201
138
93
235
219
250
230
29
191
86
223
146
252
239
232
235
221
189
111
78
143
238
123
111
223
186
38
213
75
62
63
247
35
124
251
86
255
239
246
211
254
248
62
219
158
217
179
205
173
94
181
217
127
159
75
209
252
57
189
93
29
19
191
48
50
245
2
172
117
131
61
230
54
145
98
237
123
19
5
253
163
226
146
241
99
83
198
208
113
245
250
168
150
195
226
207
24
195
36
221
8
232
105
124
28
51
167
245
113
183
111
186
238
137
11
246
29
88
81
46
179
215
177
186
211
108
74
248
171
255
213
234
95
253
247
125
255
82
223
95
245
250
206
191
221
253
111
254
221
238
187
251
255
182
182
237
211
62
255
119
115
126
121
222
247
254
252
213
125
241
126
251
142
73
243
223
137
255
243
219
127
159
222
197
252
99
255
223
61
27
190
197
220
206
93
255
185
213
186
191
189
36
251
142
251
238
205
232
245
61
59
92
207
174
121
99
187
147
50
253
73
26
63
251
99
20
251
82
119
183
247
210
254
106
31
217
178
217
145
153
173
30
181
93
191
159
79
16
244
57
63
220
85
38
249
197
239
206
217
232
216
252
193
57
251
46
203
210
241
239
139
201
201
189
107
79
141
46
249
111
95
179
99
197
15
58
55
243
50
92
235
82
255
255
246
242
126
40
62
219
150
217
179
217
205
30
117
217
223
143
105
144
240
57
61
92
117
3
187
37
62
118
101
249
168
163
208
232
61
194
103
230
93
201
1
242
169
207
66
253
47
27
221
211
126
92
230
172
6
227
214
79
249
79
53
181
186
237
12
205
20
18
134
233
97
187
115
168
215
136
123
245
255
152
65
38
95
215
165
226
103
165
94
197
207
206
221
251
217
216
242
57
249
14
223
146
212
238
233
233
221
189
43
206
141
174
121
111
223
51
99
213
75
58
63
247
35
124
251
82
255
255
246
211
254
106
62
219
134
217
179
201
173
94
181
217
223
143
107
144
240
49
63
92
85
3
187
163
204
238
95
239
157
209
158
191
253
36
235
191
251
102
205
232
180
62
179
124
206
190
125
115
179
23
50
253
25
90
55
255
111
14
122
210
55
183
190
211
254
72
158
217
114
217
145
169
141
94
13
93
159
141
79
184
244
224
61
222
213
10
249
27
219
207
233
55
249
223
56
189
222
254
136
157
60
109
219
141
255
184
63
172
117
198
113
45
245
251
116
125
99
117
187
151
208
249
33
119
121
248
49
116
31
255
109
55
133
117
119
158
155
63
37
186
229
255
124
117
198
62
255
209
223
84
246
122
218
175
233
231
189
142
153
191
219
122
202
157
48
127
93
221
223
121
191
220
117
210
112
237
213
121
126
62
240
53
186
215
88
219
37
255
105
188
97
100
95
127
61
215
132
213
117
190
153
152
13
242
229
255
255
77
214
118
191
83
219
92
250
197
204
206
93
253
217
209
184
191
253
38
251
142
251
238
205
232
245
60
43
220
207
174
57
99
187
145
50
253
11
26
63
251
99
84
242
82
119
255
254
211
190
42
31
217
50
217
145
137
173
94
53
221
159
143
75
48
244
40
63
220
85
38
249
197
206
206
221
253
153
213
218
63
253
36
251
138
251
238
205
233
245
60
43
204
143
174
121
99
215
147
35
253
9
26
63
243
35
84
251
82
247
247
246
210
254
42
63
217
150
217
145
217
173
30
53
221
255
159
107
16
244
49
63
92
85
38
251
197
205
138
217
232
217
216
224
25
255
46
223
210
240
239
234
225
217
189
43
79
141
174
25
111
95
179
98
197
15
58
55
243
51
93
235
82
247
239
246
210
254
104
62
219
150
249
179
201
205
30
181
217
95
143
107
144
208
57
61
92
116
3
185
196
235
142
217
232
221
248
192
57
255
46
203
210
240
255
170
137
201
189
107
79
141
46
217
111
95
183
98
197
15
58
55
243
50
93
235
82
255
239
246
242
126
40
62
223
150
217
179
217
205
30
117
217
95
143
104
144
240
57
61
92
117
3
187
197
204
206
93
253
205
213
184
191
117
44
255
143
255
238
237
169
245
60
43
222
207
190
105
107
247
17
51
253
27
26
63
255
99
116
242
82
215
255
190
211
190
42
183
153
50
253
177
129
165
94
61
221
223
143
79
56
244
104
63
218
85
38
249
60
234
109
221
170
221
157
177
223
190
123
159
221
118
95
234
189
131
98
170
253
116
66
222
217
119
181
250
76
223
247
234
207
56
71
164
222
56
232
120
120
92
97
175
245
246
181
111
187
236
137
3
244
29
156
81
6
243
19
189
250
211
104
254
141
250
109
77
238
217
158
176
250
63
175
239
252
119
127
233
181
171
106
178
253
115
31
220
209
125
253
254
205
223
247
246
255
56
71
52
218
178
232
127
122
92
106
63
245
247
183
105
185
238
8
7
244
29
220
89
22
243
183
189
250
211
96
248
169
132
254
85
171
197
209
53
183
253
4
71
158
125
50
5
252
251
195
163
245
111
251
119
112
42
148
86
120
213
219
231
207
106
2
52
247
152
249
252
93
29
74
166
209
112
247
107
185
236
152
9
244
29
152
77
63
243
119
189
250
183
44
250
249
253
255
255
127
183
251
254
244
253
244
249
127
251
182
223
242
253
127
107
252
255
230
63
46
170
230
159
127
81
117
239
247
109
52
255
215
119
177
253
218
207
219
30
218
55
203
79
157
173
94
133
120
62
159
77
208
246
123
158
219
86
34
253
251
245
239
255
127
183
127
126
244
255
253
249
239
235
182
95
242
245
63
127
251
255
247
63
46
235
235
191
91
113
116
239
243
109
188
255
211
125
177
245
90
202
255
79
218
31
211
95
157
174
30
5
104
188
159
77
216
182
115
158
255
214
178
185
