/home/diego/workspaceNEW/MirageServer/posters/JPEG/Movie Poster 122.jpg
512
766
335
146.31
-1
0
222
562
0.00192411
31
76.293
-1
0
272
562
0.00213701
31
4.57392
-1
0
317
565
0.00304609
31
87.8562
-1
0
276
603
0.00237362
31
80.5377
-1
0
205
644
0.00340073
31
-110.772
-1
0
231
659
0.00265058
31
-54.4623
-1
0
263
643
0.00215076
31
-103.241
-1
0
185
661
0.00479424
31
-95.8263
-1
0
139
658
0.00223339
31
-119.476
-1
0
109
639
0.00256208
31
-162.646
-1
0
210
561
0.00253535
31
91.7098
-1
0
261
601
0.00275698
31
26.5651
-1
0
310
563
0.00199735
31
-172.108
-1
0
169
561
0.00200681
31
-93.0128
-1
0
320
643
0.00318809
31
-130.03
-1
0
228
637
0.00208356
31
-110.973
-1
0
190
637
0.002581
31
129.094
-1
0
224
572
0.00385594
31
-136.397
-1
0
227
658
0.00287698
31
60.6422
-1
0
148
666
0.00203071
31
96.3402
-1
0
229
566
0.00229613
31
-172.569
-1
0
100
394
0.00197803
31
-43.8767
-1
0
331
642
0.00214784
31
-91.7357
-1
0
252
640
0.00326419
31
-61.5571
-1
0
289
661
0.0026785
31
-105.781
-1
0
274
658
0.00269725
31
-162.897
-1
0
115
661
0.00228474
31
180
-1
0
106
661
0.00216396
31
-140.906
-1
0
347
661
0.00241605
31
180
-1
0
315
644
0.00293811
31
-105.124
-1
0
103
636
0.00238971
31
-73.6105
-1
0
373
664
0.00340355
31
-83.211
-1
0
205
638
0.00505588
31
96.9112
-1
0
369
646
0.00231308
31
-116.075
-1
0
312
637
0.00258859
31
141.71
-1
0
252
666
0.00221569
31
-19.29
-1
0
206
663
0.00470031
31
4.57392
-1
0
210
666
0.00198609
31
117.699
-1
0
235
646
0.00222608
31
-47.4195
-1
0
276
639
0.00225741
31
-58.5704
-1
0
148
659
0.00193167
31
-104.534
-1
0
139
638
0.00356482
31
-177.474
-1
0
199
575
0.00196023
31
-111.038
-1
0
407
663
0.00203836
31
151.699
-1
0
365
645
0.00200684
31
92.3641
-1
0
261
603
0.00244763
31
-112.932
-1
0
210
575
0.00235571
31
-122.005
-1
0
231
662
0.00198995
31
-65.556
-1
0
271
576
0.00199728
31
-116.565
-1
0
254
640
0.00307329
31
79.3803
-1
0
193
666
0.00333605
31
-37.4506
-1
0
152
639
0.00260222
31
99.4623
-1
0
278
666
0.00362839
31
-113.025
-1
0
234
658
0.00273773
31
75.5432
-1
0
264
597
0.00306405
31
-58.7271
-1
0
177
143
0.00216392
31
-117.88
-1
0
185
143
0.00205197
31
66.1613
-1
0
314
597
0.00197403
31
-83.5412
-1
0
193
659
0.00247133
31
-41.1859
-1
0
281
644
0.00218786
31
-61.1443
-1
0
147
638
0.0048225
31
101.514
-1
0
197
601
0.00503101
31
94.8739
-1
0
207
601
0.00312654
31
79.0459
-1
0
260
667
0.00223418
31
140.194
-1
0
178
646
0.00212552
31
-111.371
-1
0
188
582
0.00245097
31
-79.6952
-1
0
197
660
0.0033601
31
-95.4923
-1
0
188
660
0.0033215
31
-130.533
-1
0
180
583
0.00356492
31
-18.4349
-1
0
209
664
0.00256555
31
-91.9525
-1
0
369
638
0.00292299
31
170.538
-1
0
126
643
0.00226494
31
148.109
-1
0
170
603
0.0021257
31
119.801
-1
0
175
603
0.00200842
31
-72.4744
-1
0
265
661
0.00270092
31
116.123
-1
0
182
603
0.00360275
31
-106.001
-1
0
254
583
0.00202809
31
120.665
-1
0
184
603
0.00297175
31
104.136
-1
0
202
603
0.00355779
31
136.848
-1
0
350
667
0.00207011
31
-75.4258
-1
0
297
583
0.0021536
31
-110.256
-1
0
187
584
0.00240114
31
80.151
-1
0
225
603
0.00192819
31
95.9469
-1
0
255
603
0.00253159
31
66.8014
-1
0
361
668
0.00214924
31
-104.574
-1
0
209
585
0.00518915
31
-77.125
-1
0
143
660
0.00387557
31
116.565
-1
0
139
645
0.00206859
31
85.3999
-1
0
293
604
0.00235523
31
33.1785
-1
0
147
645
0.00255874
31
86.6981
-1
0
323
604
0.002362
31
68.1314
-1
0
329
604
0.00204652
31
165.619
-1
0
345
667
0.00208029
31
81.2538
-1
0
266
645
0.00266237
31
151.991
-1
0
228
645
0.00233904
31
-142.722
-1
0
199
561
0.00185954
31
108.279
-1
0
325
325
0.00192239
31
-129.341
-1
0
295
110
0.00187659
31
-81.573
-1
0
292
659
0.00192011
31
109.496
-1
0
236
603
0.00187958
31
-58.4957
-1
0
323
584
0.00191246
31
-120.256
-1
0
118
660
0.0019037
31
60.6422
-1
0
373
668
0.00190744
31
90
-1
0
268
604
0.00188696
31
125.059
-1
0
255
562
0.00188573
31
-132.436
-1
0
236
583
0.00168887
31
52.6961
-1
0
240
645
0.00179368
31
109.654
-1
0
414
646
0.00178454
31
81.6341
-1
0
302
668
0.00180889
31
120.964
-1
0
234
667
0.00182844
31
-90
-1
0
266
637
0.00173585
31
-105.255
-1
0
183
659
0.00178369
31
18.2251
-1
0
339
604
0.00180153
31
-139.899
-1
0
199
583
0.00170151
31
-84.3518
-1
0
377
637
0.00171749
31
52.7652
-1
0
409
667
0.00182619
31
7.37377
-1
0
150
108
0.0017261
31
-122.845
-1
0
255
576
0.00170251
31
112.739
-1
0
191
603
0.00184159
31
79.2869
-1
0
198
668
0.00170808
31
-27.6995
-1
0
318
588
0.00179416
31
116.565
-1
0
274
667
0.00181172
31
82.2782
-1
0
205
646
0.00166859
31
90
-1
1
267.6
592.8
0.00338985
37.2
84.7718
-1
1
277.2
602.4
0.00288852
37.2
-72.4744
-1
1
283.2
585.6
0.00283009
37.2
-167.217
-1
1
172.8
582
0.0022414
37.2
-171.87
-1
1
201.6
564
0.00227945
37.2
31.4296
-1
1
336
603.6
0.00212727
37.2
92.5138
-1
1
260.4
602.4
0.00210511
37.2
95.2443
-1
1
255.6
602.4
0.00236997
37.2
80.5377
-1
1
316.8
603.6
0.00263904
37.2
80.8112
-1
1
324
603.6
0.00217367
37.2
108.576
-1
1
201.6
602.4
0.00300955
37.2
110.442
-1
1
198
600
0.00423616
37.2
91.3169
-1
1
268.8
603.6
0.00215295
37.2
-43.0251
-1
1
264
588
0.00248823
37.2
-8.35435
-1
1
332.4
586.8
0.00239993
37.2
-79.8245
-1
1
264
585.6
0.00269081
37.2
-140.042
-1
1
208.8
584.4
0.00353068
37.2
-136.809
-1
1
188.4
583.2
0.00279212
37.2
-104.036
-1
1
132
638.4
0.00220353
37.2
-62.7549
-1
1
177.6
142.8
0.0020844
37.2
-163.202
-1
1
205.2
582
0.0015841
37.2
106.984
-1
1
325.2
325.2
0.00148264
37.2
129.699
-1
1
222
561.6
0.00119804
37.2
-175.711
-1
1
199.2
560.4
0.00114928
37.2
152.928
-1
1
210
560.4
0.00161565
37.2
166.967
-1
1
169.2
561.6
0.00129908
37.2
102.875
-1
1
246
602.4
0.00203325
37.2
93.1798
-1
1
271.2
561.6
0.00123579
37.2
-108.569
-1
1
184.8
142.8
0.00189759
37.2
56.5436
-1
1
204
318
0.00146139
37.2
112.041
-1
1
212.4
340.8
0.00203463
37.2
-145.176
-1
1
254.4
639.6
0.00126296
37.2
114.829
-1
1
229.2
565.2
0.00173014
37.2
104.327
-1
1
200.4
340.8
0.0011344
37.2
-123.69
-1
1
252
639.6
0.00144597
37.2
-14.8265
-1
1
318
586.8
0.00182731
37.2
-70.0169
-1
1
216
638.4
0.00168566
37.2
80.0738
-1
1
310.8
561.6
0.00115879
37.2
2.42377
-1
1
337.2
590.4
0.0014897
37.2
73.2374
-1
1
314.4
561.6
0.0012154
37.2
-160.56
-1
1
254.4
642
0.00152616
37.2
-69.7751
-1
1
205.2
638.4
0.00191553
37.2
78.9965
-1
1
319.2
597.6
0.00115692
37.2
66.2505
-1
1
205.2
643.2
0.00183057
37.2
-95.3558
-1
1
139.2
636
0.00139398
37.2
151.699
-1
1
132
644.4
0.00115634
37.2
76.6075
-1
1
309.6
564
0.00155224
37.2
-120.964
-1
1
320.4
643.2
0.00156467
37.2
95.3051
-1
1
208.8
603.6
0.00143935
37.2
83.3915
-1
1
282
603.6
0.00121466
37.2
81.8175
-1
1
292.8
603.6
0.00203286
37.2
123.69
-1
1
139.2
644.4
0.00182115
37.2
84.4368
-1
1
304.8
603.6
0.00130934
37.2
110.45
-1
1
236.4
602.4
0.00148877
37.2
65.7541
-1
1
328.8
603.6
0.00177272
37.2
87.9727
-1
1
225.6
602.4
0.00126345
37.2
24.2459
-1
1
338.4
603.6
0.00153949
37.2
109.817
-1
1
190.8
602.4
0.00145309
37.2
-174.616
-1
1
165.6
582
0.00188191
37.2
122.471
-1
1
182.4
602.4
0.00205129
37.2
-139.044
-1
1
180
582
0.00197086
37.2
135.96
-1
1
175.2
602.4
0.00152221
37.2
-131.634
-1
1
220.8
582
0.00136675
37.2
73.7398
-1
1
210
644.4
0.00111929
37.2
151.064
-1
1
170.4
602.4
0.00181858
37.2
-167.471
-1
1
126
643.2
0.00109364
37.2
-114.228
-1
1
213.6
583.2
0.00194093
37.2
-144.583
-1
1
237.6
583.2
0.00175819
37.2
-122.005
-1
1
240
644.4
0.00159382
37.2
106.869
-1
1
246
598.8
0.00191992
37.2
-103.878
-1
1
255.6
583.2
0.00165731
37.2
-95.4403
-1
1
276
583.2
0.00114495
37.2
-80.5377
-1
1
270
588
0.00122672
37.2
-72.7585
-1
1
290.4
583.2
0.00125516
37.2
-52.3058
-1
1
297.6
583.2
0.0017281
37.2
-49.3987
-1
1
331.2
642
0.00118161
37.2
-13.2405
-1
1
324
583.2
0.00125056
37.2
-174.908
-1
1
165.6
585.6
0.00146262
37.2
-88.0909
-1
1
270
585.6
0.00129936
37.2
57.75
-1
1
211.2
313.2
0.00106438
37.2
-80.8112
-1
1
376.8
637.2
0.00107411
37.2
-166.171
-1
1
200.4
582
0.00107214
37.2
-151.46
-1
1
180
586.8
0.00105814
37.2
-150.461
-1
2
247.68
583.2
0.0011021
44.64
-90
-1
2
266.4
583.2
0.00160879
44.64
11.7029
-1
2
334.08
584.64
0.00234711
44.64
56.3099
-1
2
283.68
587.52
0.000788846
44.64
107.723
-1
2
325.44
325.44
0.000899236
44.64
88.3397
-1
2
269.28
596.16
0.00132904
44.64
71.8544
-1
2
316.8
565.92
0.00102172
44.64
83.9515
-1
2
266.4
597.6
0.00110628
44.64
128.437
-1
2
221.76
564.48
0.00111503
44.64
161.917
-1
2
172.8
564.48
0.00127924
44.64
117.655
-1
2
211.68
341.28
0.00119828
44.64
83.8534
-1
2
313.92
561.6
0.00075324
44.64
-179.653
-1
2
165.6
583.2
0.00157341
44.64
-164.268
-1
2
180
583.2
0.00169087
44.64
102.212
-1
2
200.16
341.28
0.00094165
44.64
-179.132
-1
2
188.64
583.2
0.00177716
44.64
-176.309
-1
2
201.6
583.2
0.00125953
44.64
124.056
-1
2
216
338.4
0.00123997
44.64
-55.3048
-1
2
266.4
201.6
0.000585236
44.64
-170.538
-1
2
213.12
583.2
0.000923433
44.64
116.565
-1
2
221.76
583.2
0.00172746
44.64
170.34
-1
2
237.6
583.2
0.00143154
44.64
-114.677
-1
2
256.32
583.2
0.00153461
44.64
52.125
-1
2
276.48
583.2
0.00127716
44.64
94.3987
-1
2
290.88
583.2
0.000977462
44.64
51.0725
-1
2
298.08
583.2
0.000994511
44.64
39.2894
-1
2
316.8
584.64
0.0013354
44.64
19.6041
-1
2
324
584.64
0.00204586
44.64
24.1241
-1
2
254.88
198.72
0.000625753
44.64
178.325
-1
2
165.6
586.08
0.00149955
44.64
34.0829
-1
2
250.56
205.92
0.00073252
44.64
-172.2
-1
2
180
586.08
0.00193314
44.64
-130.601
-1
2
269.28
586.08
0.00215955
44.64
62.6223
-1
2
210.24
313.92
0.000919839
44.64
13.3925
-1
2
336.96
586.08
0.00231092
44.64
96.0618
-1
2
272.16
561.6
0.000604049
44.64
114.228
-1
2
263.52
587.52
0.00185798
44.64
32.0603
-1
2
230.4
216
0.000624193
44.64
31.0322
-1
2
338.4
603.36
0.00156596
44.64
68.9021
-1
2
328.32
603.36
0.00192938
44.64
118.56
-1
2
224.64
564.48
0.00162409
44.64
87.5559
-1
2
316.8
603.36
0.00131655
44.64
87.3805
-1
2
305.28
603.36
0.00152214
44.64
88.2851
-1
2
280.8
603.36
0.00155729
44.64
92.5261
-1
2
256.32
603.36
0.00188359
44.64
96.9635
-1
2
208.8
603.36
0.00181868
44.64
106.858
-1
2
200.16
603.36
0.0025086
44.64
41.0548
-1
2
318.24
587.52
0.00176206
44.64
88.2212
-1
2
277.92
601.92
0.00308468
44.64
89.3806
-1
2
269.28
601.92
0.00215235
44.64
96.946
-1
2
259.2
601.92
0.00247021
44.64
107.013
-1
2
237.6
601.92
0.00189017
44.64
93.7084
-1
2
224.64
601.92
0.00148891
44.64
110.854
-1
2
191.52
601.92
0.00183898
44.64
61.9821
-1
2
204.48
318.24
0.00136694
44.64
121.866
-1
2
182.88
601.92
0.000942284
44.64
143.881
-1
2
174.24
601.92
0.00184137
44.64
147.031
-1
2
171.36
601.92
0.00217617
44.64
85.7778
-1
2
318.24
600.48
0.00301639
44.64
108.925
-1
2
205.92
600.48
0.00268588
44.64
114.874
-1
2
197.28
599.04
0.00238237
44.64
110.158
-1
2
228.96
565.92
0.000705176
44.64
79.1597
-1
2
313.92
594.72
0.00127411
44.64
19.2077
-1
2
336.96
593.28
0.00195384
44.64
76.0922
-1
2
312.48
565.92
0.00126544
44.64
70.0169
-1
2
313.92
591.84
0.00134732
44.64
10.6406
-1
2
336.96
588.96
0.00164615
44.64
83.7289
-1
3
311.04
587.52
0.00117696
53.568
81.3629
-1
3
307.584
585.792
0.00199671
53.568
106.777
-1
3
238.464
561.6
0.000540715
53.568
113.199
-1
3
228.096
563.328
0.000486426
53.568
157.426
-1
3
179.712
565.056
0.000408731
53.568
172.684
-1
3
171.072
582.336
0.00142715
53.568
176.479
-1
3
247.104
584.064
0.00119934
53.568
24.7416
-1
3
255.744
179.712
0.00073984
53.568
17.1027
-1
3
266.112
200.448
0.000561945
53.568
89.0452
-1
3
283.392
587.52
0.000928727
53.568
120.206
-1
3
210.816
340.416
0.000595545
53.568
62.3411
-1
3
209.088
312.768
0.00105624
53.568
66.7688
-1
3
203.904
317.952
0.00105215
53.568
101.607
-1
3
323.136
326.592
0.000695427
53.568
98.9726
-1
3
200.448
340.416
0.000882072
53.568
26.6725
-1
3
254.016
198.72
0.000534482
53.568
154.819
-1
3
229.824
343.872
0.000442347
53.568
-171.411
-1
3
279.936
202.176
0.000390401
53.568
157.901
-1
3
228.096
349.056
0.000571832
53.568
58.4778
-1
3
293.76
492.48
0.000450857
53.568
42.8613
-1
3
247.104
214.272
0.000712383
53.568
122.957
-1
3
221.184
563.328
0.000641698
53.568
127.476
-1
3
221.184
571.968
0.000578751
53.568
166.724
-1
3
176.256
573.696
0.000560775
53.568
117.897
-1
3
228.096
573.696
0.000395602
53.568
31.7294
-1
3
229.824
216
0.00067829
53.568
54.6197
-1
3
317.952
575.424
0.000422523
53.568
173.946
-1
3
200.448
582.336
0.000998026
53.568
145.125
-1
3
210.816
582.336
0.000917697
53.568
114.864
-1
3
222.912
582.336
0.00123579
53.568
161.288
-1
3
236.736
582.336
0.00119996
53.568
177.483
-1
3
179.712
584.064
0.00179569
53.568
167.638
-1
3
188.352
584.064
0.00148222
53.568
159.624
-1
3
257.472
584.064
0.0014254
53.568
82.0565
-1
3
276.48
584.064
0.00140454
53.568
84.4007
-1
3
288.576
584.064
0.00113613
53.568
72.6995
-1
3
298.944
584.064
0.00128478
53.568
33.589
-1
3
336.96
592.704
0.00114957
53.568
83.1183
-1
3
312.768
592.704
0.000756254
53.568
119.358
-1
3
210.816
590.976
0.000386034
53.568
34.1861
-1
3
330.048
587.52
0.00203184
53.568
75.9638
-1
3
300.672
587.52
0.00103282
53.568
109.654
-1
3
267.84
587.52
0.00145134
53.568
27.6292
-1
3
335.232
585.792
0.00199612
53.568
107.447
-1
3
262.656
585.792
0.00236696
53.568
42.4739
-1
3
324.864
584.064
0.00158972
53.568
61.1892
-1
3
316.224
584.064
0.00108039
53.568
155.508
-1
3
267.84
492.48
0.000367786
53.568
108.325
-1
4
238.464
561.946
0.000290167
64.2816
128.66
-1
4
213.581
340.07
0.000390963
64.2816
152.015
-1
4
230.17
344.218
0.000661899
64.2816
154.29
-1
4
228.096
348.365
0.00077101
64.2816
76.5242
-1
4
203.213
319.334
0.000779727
64.2816
116.042
-1
4
219.802
317.261
0.000313908
64.2816
69.6051
-1
4
209.434
313.114
0.000739404
64.2816
31.0086
-1
4
248.832
205.286
0.000365927
64.2816
79.0889
-1
4
294.451
495.59
0.000541484
64.2816
136.948
-1
4
267.494
495.59
0.000339236
64.2816
78.3312
-1
4
294.451
491.443
0.000393405
64.2816
32.0501
-1
4
230.17
215.654
0.000654751
64.2816
178.909
-1
4
273.715
275.789
0.000203383
64.2816
128.157
-1
5
266.25
495.176
0.000173794
77.1379
335
64
186
241
124
199
183
49
223
185
215
19
253
250
191
94
244
84
247
182
86
211
115
122
177
118
176
255
247
59
255
251
255
184
202
108
142
214
223
81
219
253
91
203
247
63
212
117
180
76
175
191
147
15
248
138
222
81
56
179
252
27
63
159
174
152
188
251
119
229
54
109
249
252
253
221
210
253
127
175
251
239
251
252
223
111
125
218
228
188
173
191
183
145
255
222
126
191
120
101
127
255
214
119
217
253
223
93
255
62
202
167
106
244
172
53
255
177
202
191
132
92
236
180
107
250
223
15
38
183
41
190
110
97
189
249
163
124
248
189
214
125
236
61
73
165
138
237
203
250
245
99
95
253
97
56
72
182
124
87
225
215
255
200
217
36
255
187
249
51
253
21
106
182
85
227
91
115
186
223
141
41
244
165
219
92
54
199
191
135
226
155
108
94
68
34
196
16
248
154
6
2
34
49
39
98
138
243
166
1
64
171
33
228
201
69
19
241
66
66
152
111
160
12
129
64
215
48
70
162
83
24
161
116
244
30
24
135
209
80
215
79
153
172
24
1
240
29
153
73
18
243
51
181
88
83
32
232
165
246
243
41
220
96
175
220
200
171
232
254
227
69
135
185
11
45
163
83
111
171
126
220
198
207
95
163
135
46
35
222
173
143
207
159
56
180
109
183
111
104
50
241
247
121
191
177
120
190
104
115
209
183
116
96
164
136
197
167
188
215
253
90
104
211
190
219
126
119
203
215
166
222
8
140
23
220
51
125
95
245
123
46
214
127
214
119
46
230
38
12
151
82
118
251
231
71
159
141
82
116
94
97
50
105
214
124
85
252
193
238
94
60
28
213
179
112
156
211
209
238
122
143
81
249
31
240
234
44
171
163
238
213
155
141
222
255
19
94
211
10
51
84
24
53
24
151
220
21
94
77
191
210
62
39
134
249
119
191
103
189
79
67
254
255
238
26
193
68
69
216
131
76
153
49
255
76
24
103
151
225
124
242
212
90
210
61
231
157
120
247
33
157
147
31
205
234
205
158
218
14
170
77
34
205
15
189
119
39
226
150
246
47
119
207
194
111
103
46
147
18
226
102
239
47
203
53
58
36
238
233
123
124
50
235
220
115
181
254
184
154
88
81
240
45
92
67
191
178
198
179
182
244
129
96
3
201
8
90
13
88
193
10
142
0
175
68
32
93
76
177
103
134
4
18
70
42
164
6
103
134
99
8
151
34
2
120
186
46
73
156
66
2
202
192
131
252
16
200
212
82
164
78
129
47
86
0
184
5
197
65
145
114
36
62
16
84
131
24
3
151
16
34
157
136
3
8
162
5
1
98
160
91
164
17
98
103
4
64
193
38
17
103
68
146
5
15
22
40
65
65
150
36
30
154
32
24
9
140
65
192
24
129
192
64
180
79
16
180
24
0
96
0
158
1
48
50
50
133
72
215
36
89
58
249
255
222
54
27
221
54
215
134
245
240
127
248
52
218
253
147
114
191
23
125
225
199
189
119
247
124
111
252
212
233
158
124
160
206
206
76
250
121
112
223
181
105
183
60
149
110
247
186
139
207
56
1
121
87
127
183
122
251
49
249
205
203
69
36
192
16
201
130
6
0
32
32
0
35
128
103
134
1
64
41
33
196
201
37
67
195
66
88
152
101
0
12
131
65
223
48
69
162
17
24
105
124
96
24
56
163
213
80
183
111
25
164
8
4
240
24
24
1
18
243
19
181
24
83
32
74
45
190
239
105
62
253
161
244
249
188
214
245
77
57
251
229
152
236
203
171
245
83
126
253
249
40
4
146
125
85
125
223
253
88
207
36
255
186
185
61
221
21
91
150
80
227
83
107
186
125
143
11
246
157
219
92
46
198
207
204
235
219
110
223
122
185
187
223
38
87
220
183
215
162
221
188
119
212
59
250
255
147
122
223
31
189
231
151
157
87
246
252
67
255
214
250
239
62
103
254
222
124
250
117
56
93
245
110
191
188
167
110
255
170
175
223
242
29
112
83
85
243
123
251
121
121
203
250
243
18
178
167
253
36
175
148
198
239
209
10
227
141
19
23
127
231
107
209
121
135
223
92
142
125
253
234
146
181
227
135
69
173
159
127
217
173
36
75
108
64
35
185
207
105
159
49
122
206
24
163
197
250
92
243
194
61
145
17
174
147
24
102
213
253
222
124
53
106
125
254
51
189
237
251
230
221
134
27
43
205
190
111
47
141
227
51
111
223
243
123
127
47
230
45
215
53
52
251
66
189
250
117
115
234
187
119
191
25
255
190
193
178
126
247
201
254
182
174
209
191
57
95
125
101
151
251
195
249
147
63
20
98
253
222
208
141
169
239
98
207
134
187
43
100
182
71
39
143
103
15
231
255
183
163
211
46
98
37
215
63
125
255
50
44
250
245
123
110
183
107
191
113
63
254
232
178
122
211
192
190
52
64
157
177
49
123
60
117
147
171
190
250
117
142
255
105
21
186
254
16
252
251
109
59
204
249
115
198
103
48
113
194
165
180
170
173
105
185
255
90
194
188
184
109
244
246
239
16
177
245
255
223
59
159
92
179
252
76
162
183
199
138
120
190
135
77
108
180
45
120
58
70
38
93
64
203
207
219
252
218
217
114
254
54
63
28
205
245
93
168
27
197
122
46
198
111
137
255
47
247
151
60
55
143
2
122
210
47
215
187
90
55
255
119
48
252
169
127
93
170
245
235
147
173
151
209
185
61
142
91
81
102
58
159
120
101
133
182
131
196
8
42
13
104
36
132
16
164
44
140
0
141
79
187
71
110
1
64
40
130
236
8
101
205
12
0
211
35
35
103
177
164
177
80
35
131
40
162
42
202
56
185
86
83
46
176
73
80
118
36
140
134
164
32
145
160
169
60
148
70
22
161
188
250
119
161
23
117
169
255
221
223
250
245
103
10
219
245
251
212
231
105
49
18
172
124
173
189
127
171
223
95
119
254
100
108
253
223
118
247
109
149
217
68
119
62
74
167
56
244
174
61
118
148
234
183
164
85
192
176
33
234
223
159
40
182
195
5
146
22
1
2
4
206
2
160
1
2
18
226
130
18
106
18
32
7
10
173
224
35
78
131
178
9
130
40
16
72
19
38
52
186
0
76
3
198
0
98
40
67
170
28
65
206
81
164
120
20
48
26
180
75
17
112
49
57
76
20
33
250
30
234
138
239
38
240
216
133
28
154
82
253
17
22
121
248
29
154
128
155
197
48
239
91
173
155
118
227
71
247
183
246
231
184
239
4
255
255
232
49
235
124
227
124
182
135
19
123
251
251
62
195
244
5
252
112
151
211
190
205
119
123
226
183
242
15
163
183
201
70
13
207
206
103
155
126
243
237
18
60
127
37
99
86
126
143
218
76
22
255
251
43
130
154
98
143
71
175
71
127
152
172
255
78
100
112
228
251
205
88
189
177
220
140
152
249
215
255
28
243
73
60
209
51
158
117
153
110
66
10
162
245
233
204
38
77
140
161
75
4
145
212
27
166
29
25
75
66
142
171
206
25
29
200
142
46
18
160
17
206
39
183
99
59
0
170
230
66
40
52
193
226
109
206
173
51
220
200
249
33
183
93
181
178
65
106
211
181
104
70
17
118
65
217
159
88
204
234
227
90
190
12
44
205
143
205
125
41
100
125
187
38
230
111
2
99
34
238
47
108
249
2
112
33
246
99
219
45
18
38
222
233
255
190
158
67
93
122
245
199
252
156
24
84
241
253
140
195
121
158
58
175
208
244
151
249
84
80
95
136
31
19
5
254
150
58
176
176
61
138
167
75
91
212
65
16
72
210
172
40
14
161
232
73
145
73
81
123
248
4
148
234
86
116
5
112
50
194
14
28
22
148
64
204
19
44
94
4
40
24
197
91
144
32
45
28
92
212
34
177
12
2
202
136
23
49
0
86
52
186
128
16
64
144
179
67
72
84
1
40
193
144
238
57
12
129
8
1
81
77
49
67
117
6
150
170
82
116
5
20
176
66
18
14
18
132
64
192
25
44
94
4
16
24
132
8
144
96
43
156
73
6
34
243
71
200
138
8
78
154
26
98
130
38
53
152
208
136
93
10
64
81
58
132
136
23
136
73
47
208
45
45
17
13
16
122
65
12
141
139
74
61
39
26
178
202
32
13
19
158
16
145
19
172
18
132
41
89
133
2
208
98
58
120
88
144
114
183
157
41
199
85
182
169
248
112
88
25
223
87
218
117
64
96
32
77
62
235
143
44
130
219
175
94
151
178
108
103
54
60
94
117
124
219
78
127
250
151
217
253
253
127
235
46
255
59
143
151
1
247
201
158
30
44
77
87
16
235
101
63
129
190
3
131
68
2
77
138
2
0
38
4
5
66
172
123
36
17
100
35
0
180
195
103
83
102
64
146
212
29
58
40
193
65
151
108
66
158
74
8
123
76
100
25
56
1
209
80
245
79
144
164
136
0
240
0
152
11
56
50
50
181
24
87
36
75
48
2
17
146
8
76
32
231
198
52
122
5
1
20
89
162
127
198
197
72
132
170
172
150
153
157
5
10
130
130
19
222
32
38
99
60
5
130
72
194
129
84
0
182
4
162
36
236
128
33
229
8
182
31
134
81
129
112
1
112
64
6
0
252
248
41
147
247
192
196
237
225
206
135
123
90
243
192
83
58
127
3
127
71
62
175
231
196
155
255
247
170
130
162
242
186
102
47
77
223
157
45
238
72
104
116
181
251
239
56
191
181
255
140
137
243
211
255
28
243
69
184
81
115
60
117
209
238
208
75
146
27
192
74
2
134
74
161
42
142
34
144
79
186
101
130
172
157
14
129
45
132
195
69
125
104
129
130
130
16
168
11
97
37
41
132
110
224
34
20
32
241
28
250
62
164
224
193
100
114
148
75
98
227
135
89
132
36
52
96
209
72
201
248
222
127
245
114
116
214
122
189
172
235
174
187
166
251
111
247
189
111
45
141
111
61
167
127
249
191
255
79
226
39
213
37
53
243
115
253
253
117
115
222
58
63
159
25
127
180
221
192
126
181
217
254
182
238
214
252
45
95
93
85
20
250
20
251
92
74
177
89
38
112
218
16
174
54
100
55
204
176
247
130
203
12
69
210
129
148
225
69
77
72
173
14
130
32
152
66
193
228
68
18
141
112
186
149
26
55
84
231
54
228
179
53
175
48
184
29
203
25
22
120
46
36
88
66
102
88
202
234
139
250
62
90
92
142
92
186
46
238
115
150
254
235
11
212
188
27
133
213
109
26
37
215
147
179
79
235
23
230
149
144
183
97
126
223
250
51
114
253
227
125
183
134
117
233
215
251
174
215
157
53
254
190
151
233
188
95
77
57
213
254
74
234
202
235
62
123
250
134
125
186
46
140
25
146
255
251
11
220
185
170
141
209
109
24
37
197
153
163
223
99
55
247
177
128
215
97
123
247
237
115
178
223
102
125
23
158
118
241
223
233
254
23
159
245
231
254
214
237
173
124
221
74
86
183
148
250
81
71
248
8
166
232
218
25
254
251
230
19
196
184
115
131
174
9
69
12
169
212
237
223
109
171
174
46
131
62
190
237
108
214
124
153
169
245
207
94
171
55
232
35
156
85
162
247
33
243
120
135
11
107
70
249
148
96
124
87
116
28
138
138
138
227
255
249
218
129
220
155
82
127
179
70
123
241
27
211
249
155
205
55
207
92
45
215
63
39
222
235
183
182
87
235
207
85
127
255
237
50
233
116
98
124
215
198
187
51
255
221
28
37
215
229
253
250
214
219
182
173
101
59
112
182
66
203
0
218
97
26
6
3
142
0
59
130
1
86
92
128
5
195
108
204
6
47
128
87
73
215
141
12
20
168
0
0
146
63
66
138
65
26
198
0
160
62
177
125
149
238
181
78
146
161
149
0
35
77
147
154
65
99
16
181
96
115
48
122
1
21
145
20
21
66
1
94
162
4
128
65
98
201
132
19
110
100
162
3
194
46
96
71
70
155
134
10
18
8
0
76
151
38
48
186
0
8
123
68
69
32
186
227
136
80
181
110
16
164
72
64
240
24
28
1
41
50
18
179
8
117
165
74
178
63
49
86
32
12
92
35
203
64
63
81
86
114
88
148
244
130
36
131
150
44
161
71
221
158
231
91
38
186
212
120
2
60
96
158
200
26
218
204
193
21
177
231
168
6
181
111
129
167
129
75
114
5
155
73
33
115
82
177
120
53
161
218
49
246
49
47
145
224
165
248
216
153
236
253
96
21
197
177
107
164
167
17
241
34
45
212
229
61
101
163
71
6
227
190
236
12
237
148
60
176
105
189
123
92
51
167
116
115
62
100
170
255
103
107
248
134
72
65
166
177
134
224
178
199
229
12
4
3
1
196
232
200
226
96
8
16
74
87
192
117
200
160
1
73
140
40
198
40
136
210
45
94
2
208
172
38
3
76
22
211
121
0
36
130
222
6
133
180
139
87
108
130
253
99
2
81
101
242
141
198
139
170
71
77
18
67
64
39
149
60
69
37
128
25
201
130
2
0
2
32
4
47
128
194
135
2
64
43
1
134
201
165
67
194
66
80
152
101
128
12
131
67
223
48
69
162
17
24
233
124
112
28
24
7
213
80
167
111
153
172
24
5
240
29
24
65
18
243
51
181
24
83
32
202
240
207
134
223
99
7
64
167
7
192
17
138
146
240
39
14
100
147
56
159
30
189
199
35
26
66
242
76
17
152
156
40
238
39
48
185
66
76
86
96
146
107
189
94
155
28
65
174
85
136
57
213
51
122
176
206
65
255
112
87
81
116
147
251
105
17
159
219
75
215
195
254
230
238
32
0
63
232
49
79
78
247
120
38
210
127
204
175
10
227
167
44
18
72
84
123
127
7
147
57
16
228
119
74
52
97
236
78
21
188
209
207
31
172
24
213
183
120
156
211
121
110
122
159
217
189
153
242
195
206
134
201
236
182
142
145
41
255
33
202
142
161
55
9
132
109
60
175
140
197
90
121
75
83
59
118
189
33
51
23
247
209
218
65
80
237
180
163
230
110
106
157
187
28
217
145
92
216
24
53
69
231
157
174
217
141
176
39
212
81
16
183
225
221
247
84
81
46
117
90
228
101
133
203
239
249
134
15
43
109
255
111
62
143
114
247
19
255
151
182
248
16
66
133
223
39
34
253
128
173
118
109
125
170
186
247
187
121
125
183
112
130
168
248
193
250
190
142
121
188
113
95
190
117
149
218
135
240
2
37
156
224
172
208
8
175
168
235
194
7
212
57
1
108
167
195
233
34
63
200
197
95
39
227
17
38
227
150
231
152
255
4
57
173
233
167
107
108
34
233
246
115
62
49
104
222
48
99
212
135
104
112
134
147
150
162
180
243
100
46
194
73
138
95
230
210
90
133
74
163
21
142
146
192
19
26
44
193
56
207
14
175
199
5
13
211
190
45
3
172
18
48
146
47
101
219
74
45
198
82
176
122
177
104
147
28
9
54
213
136
16
69
49
249
180
234
81
123
49
127
125
117
50
251
148
233
90
26
17
89
116
162
94
160
110
176
50
150
204
234
83
2
229
155
7
150
165
135
163
7
197
161
67
207
130
240
184
14
102
246
23
30
227
252
122
191
181
55
190
119
54
236
235
239
231
210
220
15
97
80
150
241
173
112
57
112
225
136
64
217
155
219
84
102
207
214
198
142
40
140
67
204
59
57
87
101
123
70
70
63
71
79
46
198
38
12
19
6
50
242
231
7
159
157
18
38
79
97
50
106
150
104
95
218
145
254
220
60
26
209
177
113
20
211
209
170
106
171
84
225
83
224
7
38
64
32
217
2
38
66
32
0
128
99
128
99
128
1
64
41
129
208
193
5
9
67
70
24
24
197
160
12
129
64
159
32
68
162
49
8
33
4
108
0
24
129
65
81
214
79
24
228
8
0
240
24
88
9
46
19
23
181
8
83
36
74
45
252
239
189
63
127
253
254
253
254
253
189
125
61
255
239
155
252
99
123
245
115
246
191
125
253
181
183
123
95
127
251
221
44
215
186
214
120
233
125
122
94
123
175
213
113
247
111
185
172
26
13
240
29
156
93
48
242
59
189
250
215
42
250
40
202
37
237
234
253
167
121
221
125
222
207
209
124
125
164
171
221
235
106
244
43
138
252
125
125
29
166
253
199
59
223
223
227
81
48
119
251
237
60
121
125
122
55
85
183
255
99
169
221
141
45
245
29
142
73
54
226
183
173
210
79
36
254
71
33
64
32
213
170
38
64
32
0
193
50
204
107
132
17
224
41
7
244
43
198
1
96
70
152
136
221
242
44
160
128
18
44
4
154
9
40
1
222
12
128
24
201
192
89
230
12
80
36
16
0
96
20
2
41
24
179
17
176
8
18
48
72
211
75
131
23
101
202
30
174
202
169
251
201
226
196
76
170
37
131
62
215
78
143
231
135
195
111
239
46
1
166
162
26
234
61
96
61
94
46
230
232
106
94
177
175
223
123
189
126
169
138
89
131
241
127
93
195
193
251
151
240
56
84
144
72
42
172
170
227
174
213
218
133
253
255
2
205
153
70
57
117
89
251
217
155
221
63
95
93
53
218
54
167
78
243
191
182
103
235
47
21
251
255
239
62
89
101
70
108
215
196
27
51
253
88
26
101
247
133
188
240
151
211
254
175
231
59
250
182
210
9
147
150
64
2
10
138
194
130
19
6
179
229
18
58
118
131
60
71
14
141
193
7
142
210
254
13
130
170
162
56
114
37
68
191
10
46
198
204
0
72
17
74
217
24
161
174
217
172
16
145
113
91
20
195
64
122
49
57
92
84
18
250
100
38
160
0
200
134
34
69
0
98
0
34
128
3
131
4
64
9
129
196
217
5
90
193
82
0
12
165
0
156
33
66
199
0
71
162
145
8
37
100
96
20
16
131
85
112
3
193
24
44
8
8
241
29
24
1
6
224
83
180
10
83
104
104
77
34
196
16
219
147
38
20
32
34
2
54
144
174
163
67
64
57
129
212
233
117
74
193
0
96
136
133
0
76
17
65
223
0
213
162
17
88
5
76
100
21
28
1
85
117
231
67
30
44
8
4
243
29
88
1
42
162
23
181
8
210
96
74
7
238
72
40
53
248
164
64
45
146
237
248
0
27
205
239
1
120
167
217
37
114
164
112
37
5
5
97
117
46
3
16
176
216
253
138
33
154
233
183
171
190
58
241
54
211
54
40
106
255
183
40
216
133
227
60
50
131
172
228
57
250
46
9
242
250
213
230
252
250
36
55
88
25
126
251
239
183
222
184
123
195
253
237
77
141
235
213
235
95
25
167
239
143
162
140
149
231
124
243
109
151
173
180
109
212
187
183
205
131
126
240
226
245
239
242
197
167
171
173
70
252
7
224
94
87
116
222
74
73
138
250
66
11
94
2
38
34
61
138
154
230
62
90
84
19
48
246
14
253
67
3
3
194
162
77
3
168
148
32
146
55
67
139
11
76
214
66
34
187
180
105
31
30
229
174
213
160
144
68
35
89
113
187
89
239
57
51
25
112
211
227
210
75
146
23
97
202
14
170
142
161
251
203
163
136
80
186
55
131
126
215
14
143
227
5
93
207
237
46
2
162
130
152
234
61
96
61
84
40
228
232
106
92
177
171
175
123
189
47
170
130
153
131
241
127
189
195
65
251
23
240
56
86
144
92
112
155
131
31
205
194
142
190
194
137
184
77
99
196
3
169
119
167
106
150
214
47
103
135
194
111
239
46
145
22
226
22
239
47
107
61
88
36
238
225
107
76
178
175
205
123
189
238
184
138
88
67
241
62
28
195
199
178
151
179
48
100
128
72
83
5
138
62
67
2
95
6
2
230
29
128
18
206
7
30
37
51
16
214
10
173
193
35
74
194
226
77
82
40
236
33
34
55
20
187
3
76
86
88
2
234
157
104
159
24
197
78
85
170
24
133
33
88
52
195
89
59
121
187
24
164
147
226
202
232
139
250
62
123
216
143
93
186
61
174
115
150
127
235
9
212
184
155
132
212
109
27
37
215
147
35
87
235
23
242
177
144
215
96
126
223
234
51
242
255
227
125
182
150
53
233
255
251
174
215
157
53
247
190
151
225
173
127
125
120
215
183
5
32
1
1
200
192
138
8
136
35
43
36
192
7
137
32
65
41
3
80
200
35
10
204
64
69
173
46
0
138
35
70
109
44
71
14
24
168
233
78
40
84
32
171
196
114
180
51
152
236
24
1
244
29
28
65
0
50
147
176
40
87
96
104
133
46
84
0
200
106
32
114
24
88
70
87
64
53
202
160
98
72
133
96
65
128
169
240
106
8
8
128
236
6
43
77
112
99
81
248
5
178
13
148
213
148
26
150
72
130
106
192
129
117
69
180
201
30
139
9
6
72
1
164
68
6
36
188
197
212
80
45
217
128
55
200
50
109
36
203
134
75
134
29
98
231
181
96
200
169
170
40
102
203
185
111
211
9
97
103
209
165
20
251
50
177
37
246
83
202
8
139
209
24
220
21
137
164
90
36
104
26
140
105
144
248
35
188
92
86
50
185
229
38
246
1
200
134
162
69
32
109
2
67
194
163
130
5
98
233
157
101
217
13
58
249
90
10
44
79
192
13
33
103
101
39
116
187
16
178
5
214
209
70
24
134
73
24
72
213
137
36
88
48
112
94
141
73
16
248
35
172
90
70
34
249
74
2
0
153
203
195
6
105
140
162
59
12
145
140
57
38
21
85
106
70
138
179
206
12
13
197
141
46
16
194
23
222
163
157
195
41
0
200
102
194
34
49
100
33
21
254
45
51
30
200
145
33
183
249
180
242
65
42
147
240
41
70
20
116
76
34
208
129
200
131
38
69
44
34
10
6
145
166
187
65
226
89
193
100
201
5
26
121
2
72
44
77
128
140
49
194
117
7
87
187
16
242
5
70
36
84
20
6
69
76
70
197
152
44
24
32
242
93
141
73
0
104
3
180
72
70
32
112
195
201
138
91
201
194
194
134
10
1
4
206
146
230
6
56
13
3
56
150
78
173
195
67
66
82
154
102
129
34
130
2
151
147
65
33
51
13
238
32
96
60
168
97
157
28
183
163
213
200
25
245
149
65
88
235
83
217
48
49
16
113
147
203
76
34
144
1
218
131
38
68
32
34
2
6
208
134
171
65
194
89
1
64
201
21
10
73
6
72
40
77
128
12
49
66
85
6
87
171
0
242
5
70
164
65
84
14
69
76
2
133
156
44
24
4
114
29
141
73
0
104
3
180
72
70
32
96
68
34
128
129
200
146
166
5
12
170
2
38
145
6
187
64
64
9
65
196
201
21
74
209
64
64
24
133
0
136
33
194
71
0
71
170
17
122
13
68
32
20
16
12
85
68
3
193
25
44
152
0
243
29
220
81
0
98
19
181
72
83
96
98
16
11
16
64
33
152
36
99
142
16
106
65
131
20
92
0
103
201
175
13
192
6
128
81
79
212
13
100
20
128
0
8
134
2
96
132
100
10
4
128
109
22
50
167
12
226
20
198
162
17
173
184
34
69
139
0
3
90
22
196
64
69
5
90
68
10
130
153
200
154
134
133
12
163
34
10
146
208
123
136
68
9
121
198
204
133
78
201
83
65
28
102
128
133
131
6
111
147
67
33
89
135
164
10
160
52
64
30
93
238
27
145
157
72
136
48
23
237
217
178
67
77
129
52
196
112
80
100
66
73
138
186
67
10
86
6
34
34
45
138
158
226
38
58
68
19
48
246
15
253
67
35
2
195
162
125
35
168
148
33
146
55
3
203
11
76
86
74
34
171
188
105
21
28
229
142
85
168
16
68
33
89
112
191
89
191
57
51
25
112
211
225
69
168
204
8
217
138
34
20
56
37
6
239
142
127
174
201
0
41
129
181
229
71
74
225
67
106
152
23
120
12
1
65
159
104
66
162
19
26
149
60
222
63
26
7
209
115
231
75
185
44
137
0
241
29
217
12
58
182
55
181
24
211
38
203
68
43
128
25
200
138
2
128
42
162
3
170
128
195
207
3
0
11
32
134
205
165
67
192
65
80
152
101
128
12
129
2
215
16
85
162
16
26
225
116
224
30
56
7
213
84
147
79
153
172
8
1
240
29
25
73
18
243
19
181
88
83
96
235
5
212
24
10
148
68
0
20
50
14
44
136
0
139
135
43
73
98
160
160
73
130
29
0
64
37
29
96
145
14
130
1
192
16
149
226
0
5
43
113
50
138
46
161
22
240
52
244
48
244
114
52
140
138
0
130
186
1
40
16
28
192
108
161
66
11
130
210
226
82
68
7
2
0
45
0
18
210
50
56
5
131
56
150
7
61
3
3
146
71
131
108
128
168
130
0
166
55
3
129
73
68
78
192
34
41
176
65
157
76
183
142
85
138
128
211
51
72
80
219
83
91
80
23
64
112
209
72
146
11
16
214
33
26
4
10
134
144
58
67
35
28
88
54
119
147
172
29
4
46
129
70
9
199
197
8
22
162
2
88
34
46
99
180
116
8
202
192
99
21
48
117
132
198
52
110
224
161
177
0
178
3
171
210
1
114
54
116
96
84
4
88
132
234
0
40
1
88
166
64
9
24
234
251
64
23
204
160
1
8
167
9
5
0
8
72
69
85
9
161
5
14
3
68
156
146
105
0
36
154
173
162
47
54
32
241
54
211
54
225
98
241
101
48
133
71
107
40
6
73
132
96
4
99
241
6
79
168
204
128
219
155
22
34
42
37
23
114
158
127
174
72
64
51
0
244
197
85
67
225
2
98
136
95
168
204
149
97
159
116
84
170
74
90
145
124
212
31
92
15
209
28
231
79
157
172
137
5
114
29
153
77
56
247
51
181
88
219
34
201
66
212
138
63
5
194
220
143
18
170
16
141
32
134
15
27
13
87
176
155
136
141
207
11
1
209
250
4
19
97
129
86
163
177
185
113
55
205
98
35
34
106
231
104
63
148
9
251
88
218
122
149
157
224
252
226
211
171
190
83
21
97
147
39
198
32
136
178
223
138
14
1
6
35
3
50
130
198
166
81
80
3
0
212
139
133
3
73
70
210
248
111
130
172
161
0
7
180
86
139
74
120
129
86
0
74
16
73
209
92
165
29
209
174
16
1
96
21
117
121
16
51
49
181
24
83
48
104
198
97
130
63
213
162
42
9
0
43
209
190
162
194
134
91
96
9
1
214
11
133
67
9
70
138
234
141
210
44
160
32
82
165
28
155
11
124
5
214
2
74
20
72
219
29
139
31
89
44
16
5
96
20
52
105
144
178
49
185
28
86
50
161
193
1
68
20
193
106
34
118
32
5
110
71
10
105
130
33
3
77
165
103
70
235
160
98
74
111
133
52
184
2
2
8
158
83
81
160
17
0
222
129
100
52
186
35
228
50
245
110
24
164
9
20
209
127
24
140
41
46
19
163
0
86
37
72
151
248
251
41
156
120
237
220
200
171
235
254
227
197
207
249
211
36
183
83
47
198
111
220
167
207
103
171
195
47
99
186
63
142
207
223
40
191
237
247
42
204
50
120
118
123
53
177
250
62
34
242
200
183
100
113
148
184
141
170
188
214
247
20
23
249
221
110
252
232
126
52
90
25
93
249
236
119
206
216
127
195
184
164
197
105
227
212
233
95
249
255
239
47
231
44
151
229
125
246
111
19
249
117
119
222
187
111
253
148
255
127
163
246
79
199
236
167
27
237
78
247
30
235
120
103
118
238
250
249
187
94
54
87
93
191
211
130
125
152
87
212
23
218
189
215
122
31
22
189
230
135
169
215
247
124
65
250
214
40
206
29
161
239
222
93
250
113
50
187
181
125
191
60
181
110
215
170
175
223
184
121
116
215
81
251
121
123
121
253
221
218
68
41
163
144
0
207
68
103
133
228
15
148
83
164
187
74
139
81
99
103
158
173
194
131
89
79
148
12
0
140
18
72
199
38
99
186
0
104
235
92
48
57
180
35
149
60
37
238
25
172
169
13
243
29
24
8
0
226
51
249
73
87
33
234
197
206
130
141
200
202
134
227
11
193
42
207
146
181
207
168
137
65
184
39
76
13
206
193
75
85
25
38
161
14
26
23
151
51
113
1
52
206
239
36
101
61
40
35
61
30
124
161
196
192
105
181
151
103
8
170
71
204
18
97
80
101
21
110
80
8
155
149
232
138
126
116
142
161
111
8
195
213
25
2
53
77
122
71
142
13
74
137
203
207
141
238
64
129
1
174
247
21
66
45
18
137
230
194
120
60
161
167
237
122
157
51
155
136
169
243
117
253
29
251
81
126
51
185
96
20
81
254
76
43
202
217
34
155
174
228
12
178
35
186
144
50
251
194
0
153
104
238
141
117
71
211
9
64
168
109
0
204
181
146
247
20
199
170
81
122
225
112
164
95
116
44
247
150
211
111
159
172
24
7
242
29
221
89
0
227
19
181
89
91
96
243
197
6
180
1
200
142
38
81
40
105
10
75
194
101
2
5
100
105
185
100
216
5
26
200
82
72
28
230
128
4
163
6
69
129
90
9
0
160
45
2
101
4
8
135
77
72
254
145
20
68
24
56
197
254
10
171
66
76
147
164
198
71
16
108
35
213
24
42
23
88
29
8
130
6
173
140
32
12
45
55
71
118
2
80
42
178
145
4
36
133
229
9
19
42
65
33
160
12
157
206
2
41
0
219
34
202
52
41
22
210
36
60
19
42
50
4
40
17
230
32
176
162
40
60
61
210
106
161
71
4
138
10
4
70
5
134
166
166
41
136
2
139
23
15
73
98
32
161
137
195
126
13
24
97
157
105
17
25
194
66
197
140
135
102
2
4
39
106
34
10
32
169
23
120
52
232
115
232
58
16
20
24
112
210
184
32
40
16
188
208
72
227
197
164
136
24
201
130
6
3
34
43
0
106
130
194
166
9
72
43
33
132
201
133
83
65
82
82
152
103
128
12
129
64
207
32
68
162
83
24
161
124
80
30
24
143
209
80
167
79
153
172
24
5
240
29
152
65
18
243
51
181
88
83
34
235
186
249
121
238
255
127
221
139
247
93
253
251
63
126
244
221
251
182
126
189
117
86
177
118
182
223
249
59
255
251
214
249
128
236
158
222
254
113
249
125
123
223
119
121
221
85
244
108
231
183
215
141
250
55
254
125
56
246
254
31
255
223
190
154
210
201
206
214
99
138
84
10
62
1
31
203
190
255
68
24
37
147
60
191
6
45
161
99
35
222
195
93
126
43
132
37
150
247
48
208
99
79
222
148
83
191
169
99
173
30
253
174
197
131
83
213
61
98
187
175
89
95
120
63
16
37
151
202
77
249
73
61
149
104
124
248
216
170
252
191
224
133
207
171
169
76
179
212
105
138
79
156
165
125
251
225
209
7
162
52
216
59
189
255
63
189
101
117
59
238
187
59
95
241
46
240
40
118
122
246
201
254
108
32
214
169
173
250
60
102
231
7
196
42
131
81
8
218
46
199
8
163
43
128
194
133
75
170
1
9
172
139
143
165
110
139
65
71
143
230
0
167
3
86
107
146
97
33
24
140
230
130
98
60
160
225
182
122
23
235
114
202
40
243
149
93
121
154
71
75
146
100
32
112
209
110
7
228
202
45
53
240
216
149
49
186
140
253
8
7
167
235
9
104
130
155
129
98
127
74
101
21
22
115
93
111
163
70
149
216
173
166
122
185
235
55
107
46
106
104
182
117
55
123
56
250
126
7
148
129
120
44
158
131
174
199
57
123
230
227
149
251
84
102
176
40
36
112
74
21
110
123
6
119
212
152
123
202
165
109
101
42
161
246
235
63
85
235
189
14
194
32
144
70
100
214
5
146
153
244
79
150
186
183
232
34
254
196
160
181
231
248
104
7
131
9
38
216
0
38
88
119
37
216
211
249
131
85
220
98
193
254
202
165
249
223
227
197
19
186
111
197
63
87
78
143
238
220
143
255
191
170
211
11
98
62
247
175
117
127
90
189
239
246
122
124
160
127
221
56
189
177
220
140
25
241
213
255
156
227
65
188
177
59
220
85
149
254
1
217
154
91
205
202
205
94
218
10
168
205
34
205
79
185
103
39
179
150
198
47
15
207
227
103
102
76
209
7
226
98
239
46
201
21
18
38
238
224
123
126
146
234
92
115
181
239
249
158
26
81
176
13
92
67
147
146
174
171
48
117
131
64
92
42
147
245
56
114
168
231
24
186
74
21
19
198
219
226
43
221
137
75
204
173
206
27
15
202
162
135
66
99
51
222
115
163
117
51
117
254
233
118
200
116
209
110
239
135
163
235
217
44
124
149
246
29
188
72
128
242
51
253
76
70
35
246
83
65
92
30
65
2
84
10
99
0
13
132
60
231
4
26
39
3
48
38
6
108
129
99
194
214
195
93
42
42
140
33
146
119
49
146
35
72
82
64
36
169
157
97
173
28
229
110
65
162
33
214
40
0
56
143
25
47
58
187
24
36
147
202
68
34
1
1
72
130
130
72
192
162
43
4
193
6
153
32
64
9
67
66
192
33
76
206
196
196
141
175
0
138
33
86
103
172
71
170
24
168
233
78
40
84
32
170
197
112
145
107
153
172
8
3
244
29
28
65
0
114
19
180
72
87
96
122
211
213
138
31
229
128
223
164
218
133
53
202
162
155
6
26
47
231
62
159
40
135
231
69
170
243
253
46
19
40
194
59
167
61
32
245
222
13
102
233
82
74
33
171
187
120
153
181
123
138
25
179
245
234
188
227
113
255
48
89
240
213
22
251
115
85
253
156
63
23
91
127
247
110
149
190
109
201
55
95
246
247
66
50
222
247
211
38
220
162
246
93
19
60
221
107
203
44
151
190
218
120
194
125
114
94
13
142
181
48
225
79
147
174
24
7
176
25
156
83
24
178
123
59
120
212
42
251
194
201
138
223
99
75
216
131
31
193
31
207
146
246
123
170
47
19
56
47
6
189
198
99
59
215
147
62
6
235
22
59
151
55
113
81
82
79
254
32
241
61
237
115
191
30
253
175
213
136
59
213
159
71
185
238
81
127
120
127
85
61
145
250
69
38
155
9
200
146
166
68
32
166
34
0
192
3
171
1
66
105
161
68
233
5
74
209
66
96
12
165
0
12
33
67
245
6
85
170
16
56
37
92
48
16
56
7
85
208
18
197
25
44
24
4
177
29
140
65
16
232
11
180
72
211
96
242
135
250
10
109
189
248
184
208
24
155
168
239
194
7
196
169
0
108
167
155
197
38
45
88
101
14
39
227
213
39
163
86
230
152
252
68
117
191
233
183
203
62
34
252
242
115
186
49
232
223
48
35
220
167
233
96
22
147
182
166
244
114
38
45
76
2
17
33
200
185
162
68
8
58
194
5
208
4
169
96
130
89
137
0
200
49
74
88
12
136
8
199
8
69
57
70
117
145
93
33
53
226
13
2
132
20
78
0
101
135
235
19
62
76
56
36
167
245
29
40
70
74
159
164
192
10
115
116
28
251
80
234
16
89
36
98
78
18
106
248
52
54
252
248
119
154
165
201
7
80
161
22
137
93
101
233
7
206
240
144
144
70
109
150
1
82
169
228
175
95
176
117
118
151
54
228
194
245
229
244
98
5
227
93
130
209
0
228
89
122
97
0
133
250
219
105
252
120
163
220
232
179
232
254
226
87
207
169
139
44
171
91
239
163
110
156
231
207
95
163
199
47
35
214
189
142
207
223
56
179
237
183
107
126
50
240
245
251
63
177
248
254
110
115
209
183
116
96
148
168
133
175
188
87
247
91
101
38
241
32
88
162
38
73
192
0
193
50
224
3
130
81
194
41
3
84
225
37
83
199
212
136
200
141
2
12
33
192
15
12
68
190
8
56
1
76
44
64
16
129
101
97
167
79
56
38
8
10
98
24
88
1
4
34
23
145
40
67
104
66
198
170
194
32
217
42
32
71
96
33
131
98
226
227
166
73
74
41
35
209
193
5
115
211
70
10
152
143
194
12
163
66
159
36
70
186
24
48
169
244
204
92
24
9
209
85
243
77
152
172
8
1
240
29
88
73
16
243
19
181
24
83
96
75
196
42
130
1
200
146
166
161
8
163
10
14
194
229
11
40
69
9
185
134
207
133
75
201
195
84
24
230
128
7
131
6
95
147
65
1
25
143
111
2
36
52
40
48
13
108
63
177
94
72
40
242
149
235
72
170
71
77
128
33
4
113
81
102
114
17
146
247
2
134
216
7
198
238
17
21
147
194
147
86
126
211
32
7
134
47
195
71
158
218
246
79
2
184
244
106
71
54
101
191
176
108
226
77
96
72
181
106
171
20
129
111
216
174
24
215
242
24
60
65
1
51
83
243
57
117
129
106
58
249
155
222
38
87
93
34
215
134
117
216
127
242
52
90
125
147
118
191
135
126
193
199
189
247
247
125
99
251
212
232
134
60
163
222
206
93
250
121
50
219
181
105
183
60
181
110
215
170
131
207
184
25
120
87
113
243
122
219
121
249
206
219
204
42
147
245
56
98
232
239
24
186
194
55
66
196
203
226
234
221
169
75
205
141
236
27
15
138
178
131
82
71
51
222
115
163
117
177
117
254
225
244
216
116
242
126
235
7
67
251
217
44
124
149
208
31
157
72
134
248
183
253
76
22
33
182
197
36
192
8
216
194
34
68
96
33
133
186
224
163
134
3
74
33
33
197
73
133
67
192
68
89
153
175
192
14
163
1
223
36
69
186
24
56
233
124
112
92
56
131
209
81
183
109
153
172
8
5
240
29
24
65
18
243
19
181
24
83
96
235
196
226
194
27
216
210
34
197
72
163
129
190
240
146
143
74
74
129
33
198
201
165
71
144
197
81
153
175
131
14
163
82
219
4
69
186
88
56
233
116
96
94
56
47
213
20
179
109
153
172
8
7
240
29
24
73
2
243
19
181
88
83
98
107
231
229
224
52
217
130
42
65
0
99
193
122
226
195
134
92
232
9
39
213
11
165
51
65
86
218
251
175
194
60
162
32
135
172
4
155
10
60
97
86
8
74
16
201
209
89
183
31
217
164
16
1
96
20
52
97
16
179
49
177
24
83
50
235
206
115
160
180
221
162
46
73
4
35
193
122
226
194
166
91
234
25
39
213
11
167
35
29
6
218
250
175
210
44
162
128
2
164
222
155
98
60
65
87
8
74
16
73
211
93
167
31
88
174
16
1
96
20
244
105
144
179
49
181
28
83
50
35
68
42
146
1
216
128
166
240
74
170
2
50
192
130
139
64
234
65
161
64
201
133
11
201
74
88
56
45
128
12
161
18
93
6
85
187
16
184
37
68
160
84
16
6
69
164
2
213
152
44
24
48
178
29
13
65
2
104
3
181
72
67
32
98
84
34
147
3
216
130
162
225
66
170
130
54
224
130
137
0
98
129
195
68
201
5
11
197
210
24
120
141
0
140
161
18
109
6
69
186
16
184
13
84
160
64
16
134
69
164
2
197
152
44
24
48
176
29
12
65
6
120
3
164
8
67
96
98
197
38
146
17
216
18
34
199
64
97
129
114
226
146
130
2
234
161
33
197
201
133
115
208
214
91
185
175
128
12
163
66
207
36
68
186
80
56
161
124
112
92
56
135
209
81
179
109
153
172
24
5
240
29
152
65
16
243
19
181
88
83
32
106
68
34
147
9
200
192
170
196
72
187
2
13
192
4
139
160
79
73
137
10
200
1
78
217
137
72
42
230
4
5
161
86
117
147
121
1
61
166
44
2
165
36
66
38
47
142
26
177
28
88
108
114
135
228
44
170
199
76
134
164
196
99
81
38
5
130
151
101
248
240
171
92
56
187
194
77
192
81
139
1
10
109
169
34
236
45
74
249
97
203
26
166
92
65
33
199
95
195
93
49
53
185
237
38
109
116
106
167
101
129
251
115
184
220
56
33
245
197
156
105
6
202
151
165
194
71
33
118
196
42
130
83
200
210
130
132
8
163
10
14
146
198
11
42
5
11
184
134
15
149
79
201
130
66
154
230
128
132
130
18
47
147
65
33
25
141
110
2
32
48
224
112
61
92
11
177
95
72
40
247
151
235
88
242
71
77
144
33
4
113
209
70
114
221
154
126
33
10
88
11
2
192
21
166
50
198
76
30
54
147
60
223
6
47
209
71
183
214
226
77
18
58
132
96
130
55
33
159
163
14
194
81
130
234
181
233
187
28
165
110
197
163
48
223
40
96
242
195
81
123
120
123
49
101
147
3
82
29
146
254
99
2
92
7
3
226
41
130
50
194
38
30
54
19
48
215
14
189
209
3
150
194
226
77
18
40
148
96
130
55
48
187
131
76
210
193
2
235
181
105
187
28
133
78
213
162
48
215
98
120
52
195
81
187
113
179
57
112
147
107
99
3
145
150
65
130
3
14
198
68
1
69
33
73
18
19
126
39
32
7
130
45
82
67
212
202
194
12
2
168
65
73
135
39
115
184
0
8
106
76
101
96
176
227
165
24
181
111
16
162
137
74
240
24
60
3
41
50
83
179
8
87
181
74
45
238
239
169
63
255
183
127
253
254
252
189
249
61
253
239
139
125
99
104
244
87
222
245
125
253
157
167
125
215
59
203
221
44
215
186
86
120
233
60
122
125
58
175
85
177
119
107
185
172
24
13
241
29
156
28
48
226
59
189
218
215
42
250
58
25
17
118
35
11
92
11
198
0
27
16
51
198
108
210
118
151
36
87
134
62
128
71
141
150
231
77
18
170
212
104
2
60
100
158
128
78
194
197
128
217
181
105
174
30
165
110
193
162
48
199
42
21
55
65
1
51
114
251
57
44
129
42
68
33
163
152
0
199
4
103
1
224
13
144
83
132
147
74
139
0
98
7
153
133
198
131
93
69
148
36
0
140
18
72
197
4
101
186
16
104
107
84
48
48
52
35
23
52
53
238
27
172
169
17
177
25
28
8
0
98
19
249
73
85
32
234
190
245
109
166
191
101
95
153
247
85
253
255
45
94
180
117
243
244
86
113
113
242
177
118
36
254
241
27
255
123
95
185
128
108
150
222
226
113
89
245
91
203
95
59
212
21
244
76
141
183
147
13
248
178
158
93
56
182
125
158
59
159
46
152
58
249
250
222
55
87
220
35
87
194
189
184
63
218
61
94
253
147
114
159
151
126
209
71
189
87
247
125
99
255
212
224
134
60
131
222
202
92
250
121
50
219
245
109
151
52
181
110
215
170
139
207
186
25
248
85
49
243
122
255
121
249
204
203
186
241
124
222
55
49
217
57
247
3
181
250
191
90
244
93
242
182
102
219
55
126
177
118
176
183
243
59
119
251
213
184
202
108
134
222
202
89
251
245
218
219
247
77
144
117
177
79
179
191
147
13
120
25
222
81
48
179
118
159
59
223
174
155
58
185
251
222
55
215
93
63
215
134
253
188
127
222
55
126
255
150
98
219
183
63
211
215
185
119
247
189
67
251
214
232
143
46
167
190
218
88
250
125
120
253
245
109
183
117
181
111
191
174
139
207
242
29
248
85
49
243
123
255
123
249
237
218
68
47
26
19
176
144
170
193
74
186
3
54
224
130
203
66
74
129
128
134
205
165
71
192
193
80
185
173
2
14
163
50
99
4
69
186
24
58
233
84
240
84
48
174
245
68
131
111
153
172
24
7
240
29
24
73
22
115
19
181
88
83
96
234
189
253
111
229
55
109
249
254
253
221
255
249
111
25
220
237
251
244
119
107
52
74
164
52
45
191
39
187
255
91
118
189
240
109
252
222
214
119
217
245
223
223
191
31
202
51
120
124
136
181
87
141
232
191
135
77
184
180
97
250
223
31
38
185
8
142
37
229
234
253
167
125
189
125
254
77
217
125
120
164
137
93
251
40
244
43
202
249
121
127
29
166
124
215
59
207
223
99
81
48
119
243
237
44
121
53
122
39
69
167
255
99
185
213
205
44
245
93
158
8
55
194
183
173
194
79
36
254
135
206
65
161
221
152
134
73
40
123
42
111
128
87
236
97
192
213
13
96
204
36
138
120
70
222
41
39
150
10
35
31
215
165
92
155
98
115
237
182
195
92
8
31
209
30
252
17
128
53
16
36
225
181
143
43
16
240
50
188
92
87
50
184
58
154
238
199
238
157
208
49
254
189
86
95
223
117
122
212
244
211
107
187
245
119
195
245
251
122
244
254
108
215
215
230
223
104
67
52
255
91
248
120
221
93
115
63
213
230
247
111
187
237
137
11
244
13
155
89
54
243
55
189
114
91
108
254
213
253
223
92
32
26
93
118
211
191
53
219
78
241
134
26
45
195
190
47
6
237
226
155
169
119
247
126
109
45
196
109
223
115
44
229
206
189
242
125
115
174
171
255
187
48
85
111
243
162
111
215
104
90
191
14
247
223
122
79
253
245
195
255
190
242
117
166
63
109
177
123
214
92
246
117
109
26
220
245
251
244
103
120
113
2
180
116
44
189
109
25
255
251
119
253
128
108
191
254
246
113
169
245
251
221
115
159
200
131
248
108
168
181
223
136
248
150
142
81
176
178
47
220
219
15
36
189
170
222
238
107
255
181
221
159
254
255
60
235
191
90
55
93
247
247
123
155
244
55
219
127
115
107
244
38
95
81
247
230
239
44
206
52
255
121
233
117
122
95
114
175
213
117
151
111
185
252
24
13
244
29
156
81
18
242
247
191
250
223
46
251
225
221
255
95
33
70
125
223
183
237
45
203
135
233
150
15
47
103
190
47
30
175
246
39
121
255
183
58
123
57
66
45
195
55
38
253
130
173
118
125
115
234
169
243
191
120
125
190
101
130
126
251
201
250
180
238
249
189
113
91
191
117
145
251
13
34
149
161
216
168
162
92
56
57
66
69
192
69
137
1
66
77
129
32
232
33
74
217
12
136
8
198
92
65
57
207
119
211
93
33
53
235
45
38
205
36
74
2
97
135
203
83
56
84
56
36
231
228
29
169
78
142
151
160
194
15
51
116
250
203
163
235
238
87
207
131
206
159
59
78
243
76
123
252
21
179
126
214
118
159
21
94
191
215
127
44
134
246
246
146
102
191
207
77
248
109
238
43
41
125
229
121
223
254
188
181
238
159
144
255
155
231
204
243
65
205
80
39
247
249
217
50
249
119
127
252
54
119
121
255
245
222
240
145
125
185
219
230
251
252
203
111
120
250
244
182
29
169
167
153
123
212
126
185
112
100
55
255
215
116
145
253
254
78
187
158
74
163
66
108
175
173
223
137
234
30
159
93
232
244
107
222
95
134
40
179
13
138
151
109
184
224
173
220
56
187
234
77
192
69
139
161
43
236
161
42
228
45
78
217
101
253
51
166
92
71
35
215
127
226
125
48
117
189
233
38
121
116
106
175
111
129
127
115
184
220
56
33
244
157
156
72
150
194
183
173
194
71
33
246
124
63
255
245
54
119
121
255
245
252
246
21
93
185
251
230
250
252
203
111
124
242
244
182
25
169
164
144
120
208
126
251
120
100
119
254
215
122
145
252
252
85
251
158
66
163
67
108
191
173
255
137
250
31
159
93
236
244
107
220
223
134
40
243
149
237
223
92
34
27
93
42
115
159
253
251
222
243
68
10
36
131
60
191
151
109
224
227
185
35
227
254
109
57
196
105
255
122
36
230
222
125
242
253
242
190
169
111
186
50
213
111
211
171
43
215
120
89
127
78
127
215
126
123
249
180
195
255
242
217
171
247
230
94
222
169
222
203
123
94
227
196
91
188
21
199
126
222
30
157
135
220
191
215
127
236
198
179
182
186
98
63
207
79
222
47
238
19
49
124
177
252
255
142
188
181
207
155
144
243
153
231
204
243
81
93
120
107
118
185
217
182
103
37
224
48
213
162
46
73
64
35
193
50
224
195
130
19
192
41
3
212
43
165
83
13
70
136
250
173
210
60
160
0
3
172
148
155
8
60
1
86
8
64
16
201
211
89
131
31
88
174
16
0
96
16
116
97
152
178
17
177
28
82
240
34
133
254
253
109
188
252
61
252
248
31
200
191
193
29
143
169
139
108
251
104
120
195
86
156
237
253
30
176
221
3
99
140
205
88
173
237
156
181
233
53
123
174
59
183
119
241
188
112
58
149
110
114
201
255
30
4
180
136
15
207
254
199
111
182
81
21
147
22
64
66
71
46
66
224
57
129
98
197
2
58
103
7
32
23
134
45
224
131
200
235
226
76
2
8
64
73
255
39
113
185
24
8
118
236
98
104
185
235
143
24
117
238
152
160
105
195
240
24
60
195
73
186
83
251
24
116
145
106
20
40
85
34
216
200
166
101
72
0
78
117
96
55
201
224
99
10
129
100
65
8
141
192
234
12
8
129
232
10
9
28
60
67
101
146
53
146
13
148
141
20
24
2
76
39
110
196
169
36
235
176
240
6
1
9
78
72
15
224
8
6
37
76
125
119
119
252
54
119
57
255
245
254
248
177
77
185
145
230
251
252
203
111
120
242
244
182
156
169
167
145
121
214
126
185
120
100
183
255
215
116
17
253
126
68
187
190
102
163
66
108
170
173
254
137
234
62
142
93
236
246
107
222
223
134
40
177
227
207
230
91
197
86
199
189
190
253
180
251
175
251
6
14
107
165
125
191
122
207
255
36
18
243
91
38
191
152
66
15
223
111
32
241
86
21
119
124
116
106
170
255
155
120
89
180
125
136
223
249
209
250
212
238
249
252
228
95
222
245
157
91
77
34
194
33
217
177
162
192
8
186
130
50
208
210
171
65
202
57
161
198
201
149
15
209
6
24
25
165
128
14
51
18
219
2
213
170
16
120
37
116
224
20
24
4
85
85
18
193
24
44
24
4
243
29
200
65
18
224
3
181
72
83
96
106
199
164
200
32
217
154
32
70
0
33
133
122
226
243
134
72
202
41
39
213
193
5
99
81
70
26
152
175
194
12
160
96
151
36
68
154
66
56
169
254
88
26
24
135
209
89
183
79
153
172
24
5
112
29
152
65
16
243
51
181
88
83
34
203
207
32
200
32
219
170
32
70
32
33
133
118
250
251
166
81
202
57
39
245
227
5
99
115
70
26
152
143
226
44
144
97
151
36
68
154
66
120
233
94
200
25
28
1
209
93
247
15
153
172
8
5
112
29
152
73
56
243
49
181
88
83
36
203
4
34
17
32
144
232
164
120
136
24
234
113
64
21
201
128
203
12
135
72
65
0
12
208
205
29
13
225
4
14
33
156
72
18
237
142
36
178
13
4
41
20
50
183
102
227
62
208
34
53
101
240
0
215
71
32
134
8
134
224
12
71
101
20
198
33
200
48
216
130
34
67
96
1
133
126
242
214
166
89
232
137
39
213
11
133
19
81
70
218
184
175
194
174
162
160
151
172
70
154
74
56
201
86
8
88
16
73
209
93
183
13
217
172
16
1
112
21
144
105
16
243
49
181
88
83
48
234
92
42
210
27
50
145
138
225
74
186
3
182
240
182
249
66
66
145
9
206
141
149
71
213
137
80
188
45
2
206
181
18
115
4
69
186
80
122
161
84
160
85
116
46
23
132
2
63
159
172
56
5
178
29
157
73
0
226
19
181
89
91
96
114
206
49
194
53
213
162
42
207
4
43
193
58
226
194
130
91
232
93
39
215
11
143
231
27
6
138
250
175
210
36
160
160
114
167
28
155
67
116
5
214
8
66
16
72
203
29
139
150
88
44
16
5
96
190
180
105
144
176
49
151
28
86
50
33
79
42
76
33
201
154
162
64
40
161
198
114
216
59
233
64
200
41
35
212
237
103
75
244
85
56
29
167
96
142
35
82
159
42
69
170
91
26
237
60
236
21
56
5
81
113
50
227
185
172
8
4
241
29
201
65
58
224
23
181
8
211
96
74
220
42
147
245
56
114
232
231
88
186
66
21
83
196
219
226
235
220
169
75
204
173
236
27
15
202
178
135
90
71
51
222
115
130
117
49
117
254
233
116
216
116
243
126
239
135
99
251
251
108
126
149
244
29
188
72
198
250
167
253
76
22
33
182
69
38
214
9
216
129
162
192
106
44
2
55
208
227
169
65
106
65
129
96
201
133
11
201
142
24
60
173
128
12
177
87
81
7
85
186
16
240
37
116
164
84
24
6
69
20
74
213
152
44
24
52
242
28
12
73
2
248
3
164
88
71
32
97
210
251
147
255
48
210
220
139
194
187
41
219
195
210
150
58
127
199
36
75
134
45
98
91
207
223
247
111
3
170
182
126
199
54
119
190
122
124
234
245
98
94
177
111
191
20
181
111
217
174
24
67
240
29
188
65
17
243
51
191
120
117
163
251
84
34
210
1
216
130
162
192
66
41
2
55
208
230
179
80
226
195
131
100
201
133
15
217
206
8
60
79
130
140
185
86
117
39
68
191
16
178
5
86
197
64
24
6
73
76
138
149
136
36
88
52
114
30
140
73
0
120
3
164
72
7
32
96
82
17
154
246
67
2
88
142
7
160
5
132
54
206
35
26
126
19
16
215
10
173
199
35
134
202
242
93
82
168
220
97
23
55
54
187
3
76
82
85
0
104
149
104
171
28
193
110
93
170
56
215
112
120
52
203
89
63
49
155
25
52
147
235
244
54
114
39
216
132
162
193
98
121
32
123
198
99
130
21
98
199
173
97
201
13
59
120
222
154
61
111
150
12
161
118
117
165
92
159
16
176
37
214
69
66
24
159
201
8
216
21
136
164
88
33
112
30
156
105
16
248
51
132
92
87
32
249
218
9
154
214
3
3
92
3
23
128
61
194
54
238
38
94
55
19
52
151
6
63
225
99
51
199
227
93
50
232
148
32
150
55
32
214
162
77
210
213
17
169
181
97
175
28
245
238
197
162
243
223
58
66
48
206
89
63
120
123
49
44
145
202
133
252
125
41
148
248
253
252
248
15
205
254
225
13
207
169
139
108
243
64
124
194
118
156
229
253
23
177
217
7
99
168
220
88
207
206
138
183
233
53
58
254
58
183
119
115
188
48
186
190
110
114
201
191
84
52
188
136
173
171
190
215
239
179
149
244
81
63
248
164
255
200
50
109
41
251
134
75
134
25
98
231
165
99
203
40
42
120
238
223
243
107
211
41
225
127
247
165
28
250
16
177
97
247
83
74
8
135
241
16
217
31
137
164
24
33
240
154
156
97
16
250
51
141
92
87
35
249
149
119
85
16
200
8
3
112
98
37
134
87
204
113
192
0
102
224
133
32
73
168
40
226
202
58
65
74
168
14
201
125
90
102
80
186
0
18
23
220
213
146
8
134
64
34
200
69
129
37
65
68
104
26
11
9
44
112
2
56
72
22
39
153
194
141
130
94
65
2
84
135
3
129
21
142
34
198
6
30
36
3
56
215
15
175
243
3
82
66
210
77
3
184
138
0
134
63
32
219
139
12
86
192
2
186
176
232
153
88
45
174
81
130
81
217
17
98
112
162
81
59
112
115
48
112
147
75
218
217
154
246
39
11
92
11
23
129
29
192
50
214
100
90
63
151
60
95
6
61
225
67
175
222
227
93
87
107
148
40
146
183
56
219
99
79
210
213
83
251
245
105
171
28
237
46
197
179
115
215
104
98
183
235
81
59
120
107
49
61
151
154
224
139
247
215
32
22
217
199
166
223
1
203
143
225
22
15
62
225
254
47
30
239
114
239
25
211
183
62
12
184
38
166
87
119
46
121
208
61
242
233
85
106
161
255
187
120
89
191
85
138
56
243
65
122
190
254
217
127
112
95
119
117
153
251
68
36
155
19
16
144
162
97
66
162
130
54
240
134
137
66
74
1
131
7
201
37
67
197
217
80
188
141
2
142
131
50
75
4
69
190
24
56
201
84
112
84
48
166
37
100
33
111
155
172
40
3
176
29
88
73
22
114
19
181
72
19
96
234
194
205
138
91
193
74
194
135
10
161
5
142
130
199
15
187
13
3
56
151
15
141
103
3
67
82
218
102
129
46
130
2
159
179
65
97
59
15
222
32
64
60
168
104
157
92
47
179
85
202
8
245
149
99
120
170
91
13
180
51
20
113
211
75
199
9
138
83
201
130
66
134
8
161
36
74
146
227
2
10
68
11
57
151
79
141
107
67
82
67
26
102
128
133
130
2
159
155
64
97
59
141
118
170
224
54
168
193
25
88
27
147
85
72
8
240
213
107
73
170
95
77
133
49
4
112
209
75
196
46
146
19
200
130
166
133
8
163
10
14
130
198
131
42
0
11
184
134
139
141
75
201
210
64
154
230
128
140
130
6
47
147
65
33
25
140
102
2
32
32
32
224
47
76
11
177
84
72
40
243
151
106
120
162
71
77
148
33
4
96
209
66
196
138
130
89
200
155
162
129
8
59
2
10
210
208
107
136
68
9
185
134
207
149
11
201
11
80
26
230
132
5
147
6
71
131
73
1
25
199
239
2
164
52
64
21
93
142
27
145
214
76
8
244
151
239
73
163
71
76
128
37
196
113
81
100
64
10
147
129
232
146
166
229
8
59
10
79
192
21
11
0
133
201
153
40
200
85
14
216
74
68
24
230
140
69
59
86
117
209
217
1
53
231
44
2
101
4
74
20
101
140
94
145
30
89
60
52
135
229
143
170
198
76
130
4
196
75
80
52
14
234
11
237
62
248
248
9
220
186
82
205
81
20
125
249
25
204
203
155
196
48
76
91
45
221
39
135
79
227
55
222
197
248
255
1
127
254
232
51
233
124
99
124
55
199
50
123
251
251
62
67
172
5
254
120
151
195
190
207
243
79
98
183
13
6
148
33
201
160
162
92
56
251
194
69
128
109
169
1
2
109
137
34
236
37
90
121
96
104
8
166
92
65
33
199
95
193
93
33
53
235
237
38
237
52
74
6
101
193
251
115
184
92
24
37
247
229
156
105
14
14
151
165
130
15
33
118
146
219
147
255
32
154
220
10
74
187
41
203
163
198
196
58
119
215
36
75
134
45
194
91
143
223
243
111
83
42
246
110
215
182
125
190
114
124
234
247
98
94
177
111
191
20
181
111
217
174
24
71
240
29
188
65
17
243
51
191
120
117
163
251
198
15
130
83
200
194
130
135
8
163
34
14
130
194
3
42
4
11
184
150
79
141
95
201
82
66
154
102
128
4
130
2
47
147
65
33
57
140
110
66
32
32
32
192
29
92
171
179
92
202
8
243
151
235
88
234
71
77
213
53
4
112
209
74
199
210
76
171
223
184
135
8
58
63
168
234
172
111
228
121
193
245
29
48
200
96
138
120
102
212
41
63
191
11
35
63
146
229
220
219
98
113
61
182
103
222
10
25
85
26
252
17
128
181
16
36
201
181
143
43
24
180
176
60
220
215
54
185
80
2
17
2
72
138
170
105
194
186
42
69
193
68
153
48
102
199
153
6
196
33
72
203
201
196
45
78
2
138
33
78
71
133
77
61
16
168
237
66
97
84
32
175
229
8
181
111
156
172
24
1
245
125
28
195
68
126
18
165
80
87
112
118
18
49
145
214
34
2
92
11
199
2
57
16
55
194
52
82
118
150
36
87
134
44
192
3
140
134
227
93
2
168
212
104
18
52
54
190
136
76
210
197
32
74
181
105
170
20
165
78
192
162
16
195
34
24
60
73
1
51
19
211
57
116
161
40
82
17
154
246
97
2
88
14
54
170
1
160
54
194
163
27
118
147
48
215
131
45
195
35
134
130
226
93
82
40
164
96
87
55
52
183
35
108
82
85
0
234
157
72
171
28
193
79
89
174
56
215
32
24
60
203
25
59
59
155
24
36
147
227
210
217
154
254
35
2
92
11
3
131
61
200
54
194
36
26
61
147
52
223
6
188
224
3
165
215
227
127
83
42
164
40
146
183
60
203
163
77
210
243
2
234
181
105
187
28
245
62
199
162
50
215
108
96
116
238
209
155
112
91
53
116
147
171
199
239
130
91
201
82
194
135
10
163
2
238
130
194
75
138
72
11
61
151
15
141
127
137
211
83
91
102
129
10
130
18
171
147
65
65
57
143
111
2
128
54
160
208
27
95
27
177
85
74
32
244
21
227
97
162
87
77
196
55
4
113
211
75
13
190
230
101
189
241
161
252
56
185
194
109
224
93
139
161
235
237
227
42
245
47
78
249
65
121
16
166
124
71
35
215
255
226
249
48
117
186
249
39
253
52
106
166
77
225
91
115
184
220
8
33
246
157
152
72
38
194
151
167
194
79
165
94
45
38
101
32
220
182
35
122
224
62
194
51
233
105
128
69
130
109
199
112
241
70
24
245
6
56
12
133
248
20
33
193
90
40
198
186
89
56
1
156
204
100
26
142
64
97
130
75
40
37
24
0
227
28
79
1
46
162
23
148
170
150
104
48
68
40
139
153
0
199
4
231
1
226
13
148
83
134
155
234
139
0
97
67
137
133
198
129
89
197
156
37
1
136
18
74
197
4
101
170
16
108
105
84
48
112
52
35
23
20
53
232
27
172
57
145
145
25
52
72
16
226
43
249
73
85
32
234
37
38
241
32
88
162
39
79
192
0
195
50
224
3
131
81
202
45
3
80
161
5
83
199
214
152
216
141
2
12
33
192
15
12
71
158
8
56
1
94
44
64
20
129
69
121
151
79
24
174
8
10
114
28
92
65
40
178
19
177
8
87
96
74
125
55
255
249
50
119
39
247
244
254
122
149
93
189
155
230
243
252
203
106
124
243
212
182
153
41
164
144
121
212
125
251
105
4
215
190
213
114
145
252
254
85
155
190
86
163
67
110
187
45
255
9
242
29
159
93
172
246
107
220
219
198
42
240
7
32
225
32
217
162
36
78
192
0
193
114
224
67
134
17
202
13
35
80
225
5
67
197
198
153
89
173
194
12
33
192
143
4
68
154
8
48
33
86
40
64
48
129
209
89
183
77
24
174
8
2
112
28
92
1
8
178
19
177
8
87
96
74
190
245
109
198
255
125
87
89
246
85
159
113
61
94
244
213
251
244
86
112
117
178
176
54
36
191
225
27
247
123
93
233
136
44
150
254
194
115
129
245
83
223
87
31
208
70
228
76
133
183
215
12
122
191
151
81
48
178
123
158
123
158
46
216
58
185
237
222
55
157
93
63
215
230
253
184
191
254
180
94
187
214
98
251
151
127
211
103
189
247
247
63
115
249
212
232
135
46
167
190
202
89
251
125
120
251
245
105
183
116
181
111
183
174
137
79
242
29
252
93
57
179
123
251
59
251
237
218
186
154
238
195
174
157
208
51
127
223
86
206
223
113
126
92
244
211
106
187
213
119
83
247
251
114
245
254
108
215
215
226
223
120
195
36
223
91
248
121
252
29
115
63
213
102
247
111
187
236
137
11
240
29
219
93
54
247
55
189
114
219
108
218
120
63
119
247
54
119
121
247
245
252
122
21
93
185
249
230
242
220
75
111
124
250
245
182
29
169
166
152
122
214
126
187
112
100
119
250
215
126
209
253
254
85
187
158
202
167
66
110
143
173
223
141
250
31
159
93
136
246
123
220
95
6
40
177
178
249
155
255
38
202
220
3
219
171
121
218
247
198
84
122
127
199
36
75
134
45
227
79
141
215
247
111
67
170
246
106
199
190
108
191
254
124
250
245
98
94
177
105
191
20
181
111
219
170
24
199
240
29
60
65
17
243
115
251
121
117
163
251
90
17
154
246
39
131
88
15
71
170
81
144
63
226
34
90
124
151
48
215
130
61
195
107
142
130
226
95
18
232
244
104
87
181
52
191
171
108
82
85
64
200
253
105
171
28
193
111
215
170
24
215
98
24
60
207
73
51
115
219
57
53
145
227
171
222
238
75
191
245
209
159
191
253
36
235
191
123
39
93
255
247
251
187
244
119
255
127
115
123
117
34
127
81
243
231
207
110
199
244
243
89
249
124
123
95
122
191
213
113
211
239
185
188
152
13
244
13
156
65
50
242
247
189
218
223
46
219
50
121
153
246
38
138
92
11
67
234
17
144
246
194
4
90
118
131
4
211
134
44
193
79
221
130
226
95
2
184
252
104
66
190
60
190
170
110
210
215
194
202
149
72
186
20
129
79
209
162
16
199
104
24
61
65
17
179
115
251
57
116
163
163
50
53
145
118
38
134
92
11
194
234
57
192
247
194
36
18
116
131
36
211
134
60
65
79
156
130
231
79
2
184
244
104
34
188
44
158
234
108
226
195
34
74
181
105
170
20
149
79
210
162
16
199
98
16
61
65
1
51
83
243
57
116
193
32
24
154
190
193
46
221
208
51
95
147
87
86
223
116
122
208
252
155
98
187
213
117
195
211
249
114
244
254
108
215
215
234
223
120
195
164
222
90
232
112
240
29
113
47
213
38
247
111
187
238
137
15
242
29
217
89
22
243
55
189
115
27
108
222
189
239
254
125
34
253
245
247
189
245
254
253
223
253
255
238
189
184
251
251
253
127
127
183
241
127
213
242
109
215
255
247
239
91
99
100
223
155
248
61
255
63
255
183
253
243
63
107
191
203
239
255
242
95
217
84
127
223
255
239
243
251
207
222
18
81
153
246
38
2
92
10
195
2
17
128
63
194
52
26
116
150
36
211
130
60
65
7
140
146
227
93
2
184
252
104
18
188
180
158
234
108
210
195
0
202
181
105
186
28
133
78
210
162
16
199
34
16
116
81
137
51
83
219
57
116
209
35
125
48
245
6
19
193
3
108
230
32
222
53
125
63
137
118
242
180
67
80
249
3
199
165
148
168
232
29
106
216
73
237
189
44
37
190
14
50
1
92
156
81
28
2
68
163
192
76
185
38
203
12
50
24
84
65
40
114
175
184
24
6
38
88
178
113
57
222
54
13
92
35
71
234
121
154
117
194
22
122
118
210
68
211
15
184
225
142
157
130
231
73
3
184
244
232
98
60
38
254
206
108
194
247
130
202
181
73
178
22
129
94
211
174
146
195
42
25
53
81
129
179
81
122
61
112
234
165
194
201
130
95
69
66
88
142
1
129
133
238
162
198
38
43
9
1
56
151
15
141
103
3
7
87
210
37
131
46
134
0
158
183
49
65
42
77
222
33
35
185
165
97
191
93
63
170
85
194
106
247
149
226
112
174
91
13
212
115
37
113
151
75
45
54
101
32
220
191
35
120
224
62
194
51
201
81
217
65
130
109
195
96
241
102
24
252
70
56
13
132
220
84
33
204
90
104
222
184
125
178
5
37
236
100
26
143
64
227
194
73
40
53
24
0
195
188
143
9
6
162
151
150
202
198
108
49
62
51
121
42
19
179
35
108
196
6
211
52
117
14
185
82
242
148
67
84
163
115
193
22
140
168
228
141
98
140
125
232
28
12
133
158
8
122
1
94
172
65
149
0
68
237
1
14
30
44
129
12
50
28
117
81
40
162
25
216
41
142
108
80
109
54
101
48
220
55
43
122
240
62
194
51
105
201
144
71
194
109
195
96
249
230
24
158
70
40
174
131
216
84
41
207
107
40
214
187
125
178
1
245
220
68
26
142
64
227
130
73
56
37
24
0
226
28
15
17
14
162
151
148
206
214
104
48
108
54
230
48
93
39
160
255
180
186
194
49
96
193
131
7
226
236
195
82
241
167
92
191
70
40
164
134
216
85
41
198
111
42
214
180
117
178
37
244
222
70
26
142
64
227
131
203
56
108
24
1
240
60
157
73
6
160
135
150
202
70
38
117
13
62
230
37
157
161
160
252
56
184
194
117
224
93
139
197
226
108
195
2
245
47
222
249
35
40
0
134
124
69
41
199
127
226
253
48
53
186
233
53
221
52
90
134
72
227
75
195
184
124
24
37
246
157
153
73
38
130
151
167
138
15
38
94
249
254
223
239
254
251
255
253
123
249
124
223
175
119
207
249
235
215
61
111
204
141
175
124
111
223
59
63
255
75
51
63
247
103
125
251
86
119
253
117
115
222
251
63
223
158
253
181
141
189
94
165
249
191
159
239
208
252
43
159
92
79
50
191
146
249
155
119
38
136
220
10
218
171
57
219
247
198
84
90
127
199
36
11
134
45
227
79
173
223
247
111
67
43
246
106
199
190
124
190
122
124
250
245
82
94
177
105
187
20
181
111
217
174
24
199
240
29
61
65
17
243
115
251
120
117
163
251
250
216
219
239
254
249
219
189
223
251
126
223
191
86
251
249
255
215
61
111
204
157
175
124
47
223
187
47
215
75
63
63
247
165
125
251
118
119
237
247
211
92
251
62
223
158
217
53
141
189
94
133
248
191
157
107
208
246
59
191
93
31
50
181
90
17
147
246
55
130
88
11
66
170
81
144
191
194
32
90
118
215
32
211
130
61
195
75
142
146
226
93
18
104
244
104
87
182
60
191
42
108
82
85
64
74
181
72
171
20
193
79
211
170
24
199
98
24
60
73
9
51
115
219
57
53
145
227
211
157
146
118
1
2
92
14
3
129
129
235
162
198
6
27
45
3
52
215
15
175
227
3
102
219
242
109
19
44
134
32
142
183
56
211
163
13
82
69
1
170
189
105
171
29
191
190
69
146
114
247
1
226
112
162
219
27
244
99
53
97
147
75
135
210
69
43
221
184
135
24
42
31
168
106
172
127
228
89
194
245
13
48
200
68
10
120
102
212
57
55
190
43
41
23
146
228
220
155
98
113
61
183
71
94
10
25
213
18
252
17
128
181
16
36
109
165
143
43
24
180
178
188
216
215
54
57
13
190
230
101
189
248
161
252
56
249
202
125
236
93
203
161
171
237
235
58
245
109
78
249
97
107
16
182
124
71
35
215
255
226
253
48
117
186
249
39
253
52
106
166
77
163
123
227
184
252
9
33
244
189
153
76
38
194
151
167
194
71
165
94
189
252
109
164
55
125
249
126
253
223
255
241
127
57
240
229
243
244
87
105
48
82
180
52
45
173
45
153
127
95
124
185
116
108
188
218
214
119
153
245
223
223
127
31
202
167
216
124
141
181
86
5
104
159
135
77
152
246
43
220
95
158
32
185
126
48
241
6
19
129
1
111
198
32
215
52
117
138
131
86
122
150
66
80
153
3
195
133
156
168
236
13
2
152
68
168
13
44
36
190
142
58
1
92
152
193
21
138
0
37
129
78
19
38
137
138
50
24
84
81
96
114
27
216
41
6
32
86
226
200
139
159
203
198
159
141
222
239
41
142
179
206
255
238
235
85
49
71
204
167
231
12
91
223
191
47
211
139
51
127
227
37
87
187
82
120
233
126
114
92
48
43
213
28
181
127
153
172
24
5
240
29
156
65
16
242
51
189
92
87
32
250
220
58
215
245
57
115
248
254
24
186
194
55
66
212
203
226
234
221
251
75
237
141
238
155
15
10
178
135
92
71
51
254
123
163
125
113
117
254
225
244
216
100
251
62
235
135
67
251
185
109
126
149
240
31
159
72
214
250
183
223
76
22
33
182
206
115
226
117
247
34
42
219
64
171
193
58
226
194
162
91
234
157
47
87
107
143
167
31
6
219
251
175
210
36
34
146
122
37
156
187
83
124
69
213
72
74
58
30
203
29
139
28
8
174
16
5
96
190
220
73
144
178
53
159
28
86
176
51
191
246
109
238
255
127
23
121
254
84
255
113
125
30
252
245
243
244
95
120
113
114
180
52
61
237
233
25
255
123
117
249
160
108
214
254
198
115
161
253
251
223
95
31
212
135
244
76
141
181
215
13
250
31
135
81
48
242
123
156
219
158
44
216
231
53
243
49
221
160
44
73
64
99
193
122
226
194
130
85
234
45
39
84
171
133
19
93
214
218
251
175
194
60
162
32
7
164
92
159
42
60
105
86
8
72
16
201
209
89
183
31
217
174
16
5
96
21
116
97
16
178
17
189
28
87
120
106
198
32
249
33
217
160
32
73
224
35
129
126
230
231
166
81
226
9
39
84
139
5
19
85
198
222
249
175
194
46
162
160
151
164
71
158
10
56
233
86
8
88
24
73
209
93
183
13
217
172
16
1
112
21
116
105
24
242
49
189
24
87
112
74
199
38
211
33
217
160
160
206
96
33
129
114
226
211
162
81
234
169
39
81
203
133
115
85
198
154
216
175
194
12
35
66
151
36
68
154
72
56
169
86
72
88
56
1
209
89
179
13
153
172
8
5
112
29
92
65
16
242
17
189
24
87
96
90
196
40
219
49
216
192
162
236
72
163
228
186
226
227
131
74
203
9
35
67
205
133
79
212
198
95
153
171
194
14
35
66
223
4
69
186
24
56
233
116
120
92
56
35
213
17
183
109
153
172
8
1
240
29
92
73
16
242
19
185
24
87
96
74
76
42
211
33
216
209
160
236
72
187
194
50
242
178
139
64
202
137
163
66
201
133
79
209
134
89
121
175
192
140
35
26
93
6
69
186
16
248
45
84
104
84
48
6
69
5
18
229
153
44
8
52
242
29
204
73
4
248
7
165
72
87
96
90
68
58
211
1
216
224
162
212
202
170
130
55
224
131
139
81
234
197
163
66
201
133
79
205
198
89
124
173
130
14
163
22
85
6
87
190
16
184
45
84
232
84
48
2
69
112
26
245
152
44
24
48
240
29
12
73
20
184
3
165
88
71
32
98
77
54
230
48
93
35
41
254
176
186
192
51
108
201
131
71
224
237
195
114
241
175
92
191
70
40
162
134
216
69
33
198
123
42
150
177
117
180
37
244
222
70
26
142
74
225
67
203
56
108
24
1
224
60
157
73
150
160
135
150
206
70
34
117
206
34
243
33
216
176
32
79
96
33
129
114
242
242
162
81
234
137
35
81
203
133
83
213
198
154
216
175
194
140
35
194
151
36
70
154
72
56
233
86
104
88
56
1
209
93
183
45
153
172
8
5
242
29
88
73
16
242
17
181
88
87
96
90
229
38
243
33
216
226
164
207
224
33
129
114
226
195
162
81
203
41
35
83
233
133
115
213
214
219
217
175
194
12
35
66
143
4
69
186
24
56
105
94
104
88
56
161
213
81
183
109
152
172
8
5
240
29
92
65
16
242
19
181
24
87
96
74
197
162
211
57
24
192
162
204
192
163
193
190
226
163
131
90
203
1
35
67
201
133
71
133
196
217
249
175
3
14
35
66
223
4
69
186
24
56
233
124
108
92
56
33
213
81
183
109
153
172
8
7
240
29
92
65
0
242
19
177
24
83
96
106
92
42
83
139
146
209
162
225
202
170
130
54
241
34
251
194
218
145
227
66
205
53
79
196
157
80
61
173
2
206
51
26
119
4
69
190
24
122
237
116
160
85
52
46
85
180
16
101
155
172
8
5
178
29
29
89
4
242
19
181
89
83
96
114
77
42
219
49
217
208
163
236
200
162
194
54
240
242
139
66
202
9
163
66
233
149
79
213
86
57
88
165
192
140
35
154
223
6
69
170
16
56
109
92
232
84
56
4
85
113
19
229
187
44
9
4
240
29
76
65
36
240
7
181
8
211
96
90
116
42
243
129
216
192
162
197
74
104
130
55
240
226
155
208
250
129
195
66
217
133
31
205
214
24
120
175
130
140
163
86
109
39
71
186
16
178
45
84
229
84
16
134
77
20
8
213
152
44
24
48
242
31
13
73
4
248
3
165
24
71
32
96
135
238
65
35
253
184
135
72
40
25
130
107
170
95
236
81
226
245
13
48
205
36
10
120
70
222
25
39
150
10
33
7
151
229
92
155
96
123
173
182
197
86
10
31
209
2
252
17
128
181
16
36
225
149
143
41
16
240
50
189
88
87
48
56
212
50
211
7
216
128
162
228
74
41
2
119
226
71
147
80
250
195
135
64
201
141
47
220
206
24
124
207
130
12
171
86
117
37
92
191
16
182
13
214
197
64
16
14
201
12
136
149
136
36
88
33
240
30
28
73
0
120
19
164
92
71
32
120
181
247
87
119
248
164
170
193
106
57
33
123
230
115
134
25
114
199
164
99
201
45
35
124
206
154
247
123
151
44
225
54
247
37
92
190
80
48
225
245
199
78
24
159
249
16
217
31
136
164
88
35
240
30
156
105
0
242
19
149
88
87
34
249
183
247
85
127
252
164
254
209
114
125
33
251
238
83
134
25
114
199
36
99
207
44
51
126
206
159
247
123
223
42
227
62
247
37
28
190
114
49
251
245
71
74
26
223
249
16
217
95
136
164
88
3
240
158
156
105
16
242
51
159
92
87
35
249
231
53
249
49
221
160
43
73
192
67
193
50
226
194
128
81
234
45
39
84
43
133
19
93
198
220
251
173
210
62
98
160
2
172
157
159
10
60
105
86
40
64
48
201
211
89
182
29
216
174
16
1
96
20
116
97
144
178
145
189
28
87
240
34
92
34
211
137
216
193
162
236
66
170
194
55
240
6
171
80
106
129
131
66
201
5
79
213
142
216
120
141
130
140
179
26
93
6
69
186
16
248
13
84
36
68
16
6
69
133
0
229
152
44
8
52
178
29
12
73
4
104
3
165
72
71
96
114
84
50
211
1
216
128
162
237
194
42
130
55
225
70
155
80
122
197
131
64
201
5
15
205
206
152
124
141
130
140
163
94
101
4
69
190
24
176
13
84
32
64
16
134
69
96
136
213
152
44
8
32
176
28
12
65
4
120
3
180
88
71
96
112
63
254
117
172
63
125
53
123
252
84
254
117
109
30
252
245
251
244
79
120
241
2
176
52
45
189
109
25
255
91
125
237
128
108
246
222
198
114
137
245
223
223
83
159
192
131
228
76
136
53
215
8
234
191
135
81
32
242
43
156
218
142
46
253
127
53
241
48
213
162
47
76
192
34
193
50
225
199
134
83
202
45
3
84
43
133
67
157
198
152
250
141
194
44
96
136
74
12
148
191
9
60
1
86
8
64
20
137
215
89
167
30
26
174
16
2
96
28
84
65
136
178
17
185
28
215
224
34
13
62
246
101
61
243
172
254
56
184
202
117
98
93
203
161
171
204
171
75
229
45
206
251
71
111
50
166
92
71
35
223
127
226
253
48
117
190
233
53
125
116
122
46
239
163
247
235
184
252
60
21
244
189
156
72
6
210
183
167
202
87
165
126
125
55
119
249
54
119
43
255
244
254
250
149
93
189
217
230
243
252
203
110
124
242
212
182
29
169
166
144
121
212
124
187
104
36
247
190
215
114
145
253
254
85
155
190
86
163
66
110
190
45
223
137
242
29
157
93
236
246
107
220
223
198
42
176
109
53
229
48
213
162
47
120
224
42
192
50
225
199
128
67
194
45
67
84
121
135
18
157
198
168
234
141
210
20
32
136
74
44
150
191
9
52
1
85
76
66
18
139
195
113
134
94
56
38
24
0
96
28
92
1
136
178
23
152
44
214
104
48
13
158
246
101
189
248
161
252
56
185
234
125
224
93
203
161
171
205
235
11
245
45
206
249
97
107
16
182
124
71
35
223
255
226
125
48
117
186
249
39
253
52
106
166
237
163
251
115
184
254
57
49
244
157
157
76
6
194
183
167
194
71
165
94
124
51
245
48
22
165
41
120
228
46
193
50
229
136
176
67
242
253
67
100
57
246
82
157
140
184
230
141
82
28
112
168
74
12
158
191
8
60
1
85
60
64
22
15
66
101
131
95
26
44
24
0
98
188
28
81
136
178
19
155
108
150
104
179
124
55
245
48
150
165
41
121
228
46
208
50
237
137
177
71
242
237
67
100
121
214
82
189
140
168
166
141
82
28
112
136
74
12
158
191
8
60
1
85
28
64
22
142
66
97
130
94
58
44
24
0
98
188
28
89
136
178
19
154
108
214
104
51
63
254
109
164
63
125
55
125
189
84
255
112
93
61
252
229
243
244
95
104
244
82
176
48
61
173
173
25
255
91
125
233
208
100
214
218
194
115
137
215
147
223
88
31
196
134
244
76
137
181
86
12
104
29
135
77
176
246
43
188
89
30
44
248
191
244
109
164
255
63
55
124
188
84
255
113
125
30
252
245
243
244
87
96
240
82
176
52
45
169
168
27
255
89
125
233
212
100
150
218
194
115
129
245
211
223
94
31
208
6
228
76
141
181
215
12
106
189
151
65
56
182
59
188
219
158
46
249
58
241
253
222
55
157
93
11
247
230
149
184
191
250
180
94
250
182
98
251
151
126
209
103
181
179
247
63
123
249
212
232
135
110
134
190
202
120
243
125
120
203
245
105
183
116
245
111
151
174
152
79
106
25
254
93
56
243
123
223
59
255
169
219
178
177
219
246
54
192
220
35
86
203
125
250
239
194
148
90
127
199
36
219
135
45
227
79
173
215
243
127
66
187
230
106
199
46
61
190
254
124
250
117
112
200
177
233
191
20
181
111
219
174
24
195
224
24
60
89
17
243
115
251
121
117
225
254
186
241
155
254
54
17
92
131
83
170
57
154
55
198
54
90
116
210
4
155
11
188
225
15
140
130
226
73
67
249
244
104
226
188
156
254
238
109
194
241
82
202
245
104
178
20
129
94
211
170
18
199
42
24
116
113
145
179
121
91
61
112
226
163
227
222
214
79
253
218
134
144
123
89
44
235
174
123
206
189
235
247
61
191
69
79
187
116
99
223
121
63
191
10
194
55
214
101
93
243
82
81
253
244
119
94
58
191
221
26
252
229
136
181
92
5
240
175
143
207
16
244
50
61
88
85
52
250
253
255
127
239
254
127
247
250
253
221
126
255
255
255
255
236
243
213
253
110
116
221
172
248
239
255
59
191
255
91
126
191
242
103
253
219
215
247
253
189
247
223
255
55
95
142
124
181
207
181
247
189
219
191
143
207
236
252
105
110
223
143
55
180
61
55
245
32
20
165
33
125
196
70
211
52
237
47
145
70
250
108
67
96
179
102
210
247
156
184
100
137
114
156
97
136
79
12
199
158
136
56
1
94
44
64
20
142
68
233
35
15
26
44
129
8
114
28
20
81
40
162
81
153
40
135
108
114
186
218
238
203
46
221
208
179
63
211
22
206
159
112
126
221
252
187
106
187
213
119
83
247
179
119
245
250
108
215
215
226
223
120
195
164
219
90
248
112
252
29
112
63
213
116
247
111
191
236
136
11
242
29
219
93
22
243
51
189
115
251
108
218
135
246
69
35
221
168
135
88
40
29
168
123
174
127
196
89
226
229
13
48
193
68
8
120
70
222
57
55
190
10
33
23
146
229
220
155
96
120
45
182
71
78
10
25
209
16
252
17
128
181
16
4
96
182
143
41
24
180
178
156
220
87
54
57
135
246
65
35
253
184
135
72
42
25
130
123
174
91
196
81
226
229
13
33
197
36
10
120
70
222
57
39
158
10
33
5
151
229
92
154
96
250
173
182
197
86
10
31
193
0
252
17
128
181
16
36
224
133
143
41
16
242
50
173
88
87
52
56
68
40
139
153
0
68
164
231
1
226
4
148
81
134
155
202
203
8
225
67
136
145
206
129
93
213
156
33
65
138
50
74
197
4
101
170
16
232
105
118
48
16
52
32
23
20
37
232
27
168
56
17
176
29
52
80
16
224
43
249
73
87
96
226
171
222
238
107
191
253
209
154
191
213
132
235
190
59
102
221
255
183
45
251
245
71
251
117
115
127
113
47
127
83
227
247
143
108
67
182
243
89
233
124
123
95
122
191
213
113
247
111
185
189
152
13
244
13
154
65
50
242
247
189
218
223
46
219
251
222
223
239
255
251
250
184
123
217
126
223
174
119
207
249
235
215
61
111
76
205
175
124
111
223
59
63
255
75
50
63
247
101
125
251
87
119
253
245
115
220
251
63
221
158
252
181
141
189
94
133
249
191
158
239
208
252
57
191
92
95
54
190
20
161
155
148
32
198
252
102
19
132
13
212
66
7
147
10
171
65
160
43
135
45
66
195
201
215
150
109
0
168
18
104
215
20
101
170
16
24
235
116
112
60
177
99
183
16
53
111
153
168
41
67
240
29
60
72
16
243
51
249
88
119
97
234
207
221
239
125
247
123
223
222
185
231
173
234
207
253
230
239
137
245
62
127
46
223
246
58
103
255
187
63
243
59
54
59
215
55
245
251
82
125
255
247
114
254
56
125
159
94
125
181
221
172
30
181
217
255
180
238
217
252
113
63
93
213
145
250
5
169
155
221
32
202
248
102
11
132
5
220
146
38
159
10
171
1
160
43
134
45
66
195
73
215
150
111
1
170
18
107
215
22
101
186
16
88
234
124
112
60
185
99
183
20
117
111
153
168
41
71
240
29
60
64
17
243
51
249
88
119
33
250
7
6
1
40
156
248
160
88
8
58
234
5
192
5
73
161
192
76
129
0
192
0
136
72
76
132
0
2
148
7
41
95
117
128
221
32
52
162
41
2
166
20
10
136
68
130
96
65
26
125
24
0
148
5
77
9
6
0
142
160
128
66
102
36
250
218
206
239
255
253
218
153
127
251
127
219
191
90
127
253
242
215
61
255
204
21
175
124
111
207
187
63
223
123
63
191
247
229
222
251
115
127
237
247
211
223
127
62
219
142
216
53
157
189
30
5
250
183
159
235
208
246
59
190
93
95
50
181
191
245
125
228
255
125
87
92
182
85
253
113
61
94
244
245
251
244
87
112
112
114
176
54
44
175
225
27
255
121
93
233
128
108
150
254
194
115
145
245
83
223
95
31
208
6
244
76
141
181
215
13
122
29
151
65
56
178
123
158
219
158
46
248
191
49
125
150
255
13
95
124
246
68
253
113
61
127
182
84
242
180
66
112
113
242
178
54
28
170
228
27
251
248
93
233
189
44
6
190
198
112
145
221
86
219
21
143
192
34
197
78
145
166
223
9
112
24
151
81
56
114
115
152
250
150
46
217
58
177
251
150
22
133
93
47
215
231
85
240
191
234
180
94
126
147
98
211
151
63
211
71
188
147
247
63
66
249
244
232
199
46
38
190
138
125
115
125
112
203
245
105
179
52
181
111
211
174
153
207
224
24
124
85
24
179
123
251
59
189
233
234
63
240
109
174
223
173
23
124
246
68
221
49
125
63
188
212
242
244
67
112
241
66
176
52
92
168
236
25
251
248
125
233
188
108
22
190
198
114
129
253
158
219
31
138
208
51
192
76
153
38
219
8
112
28
151
93
56
182
43
184
186
198
38
217
226
204
131
159
201
198
159
141
221
239
41
207
179
238
179
174
235
21
53
71
204
135
247
77
95
223
189
47
195
138
51
63
231
37
71
187
82
125
237
124
114
92
48
171
213
28
189
125
153
172
24
5
241
29
156
67
16
242
51
189
92
87
32
250
109
42
231
97
120
55
163
246
240
188
198
53
77
189
187
227
130
236
203
106
245
195
94
190
95
40
140
150
236
197
121
223
125
72
199
188
93
178
145
124
220
85
90
150
64
227
195
73
184
45
141
11
242
29
157
85
38
230
23
156
234
134
108
252
50
49
155
246
54
132
92
3
71
234
49
240
239
194
20
90
118
199
36
211
135
44
193
79
220
130
230
95
2
184
244
104
103
44
60
190
234
44
194
213
66
202
181
201
146
20
129
79
211
174
24
195
96
24
61
81
17
51
115
219
56
52
224
235
50
53
113
86
191
132
95
45
198
42
241
48
61
74
148
86
242
150
66
210
219
170
129
38
156
138
230
25
146
184
245
104
98
44
4
190
202
48
3
221
10
74
149
202
192
52
129
78
147
166
24
3
96
24
148
65
128
114
115
152
120
86
34
241
63
48
117
38
219
197
35
108
198
36
215
53
125
42
153
116
250
180
67
80
249
2
134
37
156
168
236
13
114
152
73
169
45
44
69
190
134
50
1
92
156
81
21
130
64
49
168
76
187
38
217
8
242
28
20
65
40
50
47
184
186
134
38
89
58
49
25
150
54
21
88
39
199
234
57
180
61
194
51
118
116
146
64
211
15
178
229
14
156
130
230
89
3
184
253
232
98
44
134
190
202
124
194
213
130
74
149
72
146
22
129
110
147
174
144
67
34
25
116
81
128
115
113
249
61
114
234
161
58
49
147
246
54
134
216
43
67
203
81
240
247
194
16
90
126
215
32
219
135
61
195
79
140
146
242
79
2
248
244
106
71
174
60
190
254
124
226
85
64
74
181
105
187
20
145
111
219
174
24
199
98
16
60
65
1
51
83
219
57
125
225
239
50
53
217
246
54
132
88
35
66
235
81
242
191
194
148
82
118
215
4
211
135
44
195
79
140
130
226
95
2
56
252
104
71
44
52
190
238
124
211
213
192
202
149
72
178
20
129
79
147
174
25
199
96
24
60
73
0
51
115
219
57
118
163
239
178
241
219
158
54
20
88
135
214
170
53
184
63
226
22
90
118
146
16
211
11
242
229
14
184
131
230
89
67
185
244
104
226
44
140
246
203
125
18
253
146
202
181
72
146
20
129
94
147
174
18
67
104
24
116
89
152
243
121
89
61
240
234
163
61
51
245
32
20
165
33
120
228
4
210
48
237
41
144
71
242
109
67
100
113
102
194
245
140
168
4
157
122
12
120
137
94
76
212
190
4
56
1
92
44
64
30
135
64
225
67
70
58
36
137
8
98
28
30
29
40
162
19
152
72
134
44
112
61
55
117
48
22
165
37
121
196
6
208
48
237
136
177
71
242
125
67
100
121
118
210
245
140
168
164
141
82
28
120
136
74
12
135
190
8
56
1
84
60
192
22
143
68
225
38
78
58
36
152
8
98
28
30
17
40
162
27
152
72
134
108
242
108
51
117
176
212
183
43
123
228
62
192
51
237
137
144
71
210
109
195
100
121
214
16
149
206
168
174
133
216
84
112
136
74
12
214
191
141
60
1
85
124
66
18
143
66
225
130
92
58
36
24
0
98
188
30
17
140
162
19
152
110
214
104
49
141
62
231
101
125
123
165
254
184
188
202
117
78
29
203
229
235
237
235
107
245
7
238
251
75
110
24
150
124
71
35
223
125
97
253
48
117
178
237
53
221
20
90
182
205
163
247
233
184
125
92
5
240
191
159
77
38
214
167
175
202
87
36
126
125
49
245
48
148
161
45
122
192
46
193
50
229
131
130
83
250
109
67
64
57
134
82
221
134
184
246
137
82
12
96
168
74
12
158
191
8
60
1
85
44
64
20
139
211
113
134
29
26
172
24
2
98
28
92
81
136
178
17
153
60
215
104
50
118
50
113
143
217
128
139
108
198
40
211
53
245
74
155
80
250
132
67
80
201
3
135
148
158
168
236
13
130
156
97
174
109
44
5
190
94
48
1
92
56
64
17
142
68
161
136
77
185
44
217
1
48
24
156
65
0
114
59
152
56
6
32
116
13
62
230
97
125
119
161
254
188
188
198
117
79
29
171
229
234
253
203
42
245
71
222
251
3
40
28
150
124
71
115
223
125
97
215
48
117
178
253
53
221
21
90
150
73
227
243
235
184
124
221
13
242
61
156
77
54
214
167
175
202
15
36
222
108
51
245
48
212
165
45
123
228
46
192
50
225
129
144
67
210
109
195
100
121
198
18
149
142
184
174
141
82
20
112
136
74
12
214
191
8
60
1
85
108
64
18
143
67
97
166
95
58
36
24
0
98
156
30
17
12
178
19
153
110
214
104
50
127
52
241
38
23
160
3
109
198
32
211
52
241
10
131
86
250
20
3
80
169
3
195
5
156
136
236
141
82
184
109
232
13
44
4
190
142
56
1
94
136
65
21
136
65
37
128
13
27
46
153
141
114
24
124
65
104
50
51
248
40
7
40
78
13
190
231
97
188
253
165
246
184
188
206
117
206
29
203
229
235
236
235
42
245
71
222
249
107
109
20
182
124
71
35
223
255
226
253
48
117
186
249
53
253
20
122
182
77
227
127
227
184
252
141
9
244
189
153
77
38
214
135
167
202
71
36
94
62
48
241
34
23
161
35
108
198
36
213
52
253
10
147
86
250
20
67
80
169
19
195
101
156
168
236
141
82
248
117
232
5
44
5
190
142
120
1
94
8
193
85
8
64
37
129
13
59
38
153
12
98
24
92
81
40
50
59
216
41
135
40
87
45
62
231
97
124
119
161
254
240
188
194
117
73
89
155
229
226
237
203
106
241
7
94
255
78
40
12
134
124
85
43
222
109
40
215
180
117
178
237
53
221
84
90
150
64
227
131
235
184
124
140
9
240
61
156
65
38
226
151
158
202
7
36
252
109
50
231
49
252
55
47
254
240
190
194
51
205
193
147
67
130
237
203
98
249
199
94
191
206
40
174
149
216
68
57
218
123
8
214
191
93
60
1
245
220
70
26
158
66
225
131
89
56
44
24
3
114
188
157
89
132
162
23
158
238
214
100
48
23
49
24
24
1
8
20
70
66
2
157
48
112
132
140
82
230
18
2
212
11
160
129
2
204
0
224
73
2
12
200
32
16
36
4
190
2
98
3
92
50
194
28
9
4
20
164
78
129
36
82
4
40
24
1
1
144
51
41
56
24
2
34
161
61
244
125
172
191
61
53
125
188
84
255
112
93
61
252
213
251
252
71
96
240
82
176
48
110
169
160
25
255
25
125
233
212
100
212
218
194
115
129
215
150
223
24
31
208
134
244
76
153
165
86
12
104
29
151
77
56
242
59
188
88
30
38
249
30
251
254
217
46
93
216
163
127
178
23
206
223
116
127
248
253
155
98
242
213
117
83
247
159
87
245
250
108
254
215
226
151
92
195
174
218
88
248
120
124
29
117
45
213
116
247
111
159
174
137
15
242
29
216
89
22
243
51
189
121
251
104
250
20
33
155
156
16
66
124
103
83
128
85
150
192
198
147
26
171
67
160
35
135
45
194
195
201
215
150
105
64
170
22
104
151
20
117
170
22
72
234
117
112
60
181
97
183
20
181
111
155
172
169
67
240
29
56
72
28
179
51
249
56
119
97
234
20
169
155
220
32
74
248
102
91
128
71
214
194
198
159
58
171
67
160
67
7
45
194
195
201
215
183
105
64
42
18
104
151
20
117
170
18
72
234
117
112
60
177
97
183
20
181
111
155
172
41
67
240
29
60
72
17
243
51
251
88
119
97
234
135
246
85
34
221
168
167
88
104
25
130
123
174
27
196
17
226
231
165
49
225
100
11
120
68
222
121
39
190
10
99
69
151
228
220
146
113
248
173
53
229
84
58
9
193
1
252
81
128
181
24
36
228
165
143
41
24
178
182
173
216
87
36
122
58
179
180
10
31
177
128
19
231
2
145
38
252
88
61
85
252
163
98
208
241
118
83
199
212
48
244
220
34
246
205
224
143
124
195
142
200
8
104
105
44
25
52
169
85
241
183
111
186
254
137
11
178
1
88
81
46
179
214
149
50
251
236
74
135
246
69
35
221
168
167
88
40
31
160
123
174
43
196
17
226
229
133
49
225
68
8
120
68
222
121
51
190
10
97
21
146
228
220
178
112
184
45
181
69
78
10
137
209
81
220
81
128
181
16
36
224
164
143
41
24
180
182
140
220
87
52
57
250
216
206
207
255
249
218
177
127
217
62
255
191
86
255
253
235
215
60
47
77
159
175
124
47
223
57
47
223
75
63
62
247
101
93
251
82
119
237
245
211
221
74
62
221
158
252
181
141
189
94
5
248
191
159
107
80
244
56
61
93
29
34
185
5
38
69
32
25
56
165
120
48
26
194
53
64
23
201
1
194
12
129
0
225
96
8
208
100
136
0
129
92
4
41
73
124
64
220
160
53
178
1
20
197
20
26
134
68
131
194
73
58
61
24
0
32
5
207
9
6
66
15
164
74
7
100
80
17
49
17
152
19
1
4
126
66
0
145
48
112
196
129
82
230
16
1
208
3
32
193
131
204
0
224
8
2
12
136
9
120
36
20
186
8
96
1
196
2
66
20
10
64
20
129
78
16
36
17
4
34
24
20
65
8
34
11
144
8
6
34
97
5
38
1
32
25
56
165
120
16
26
202
53
64
31
201
161
194
108
129
0
225
32
136
208
100
168
0
129
92
0
41
89
124
64
221
160
53
178
9
20
193
20
26
134
68
131
2
73
186
61
24
0
160
5
207
1
6
66
14
164
64
135
100
16
226
204
138
139
201
196
143
137
223
235
40
254
179
238
251
236
203
17
53
71
204
135
255
108
95
215
187
47
211
138
51
59
231
37
79
187
18
125
237
124
114
92
48
171
215
28
253
181
153
172
24
5
241
29
156
107
16
240
51
189
92
87
32
250
250
59
215
214
118
79
209
171
255
213
54
215
63
251
250
254
250
215
60
47
70
143
225
119
111
219
149
61
254
106
22
40
150
103
113
242
118
94
223
116
245
125
187
119
137
14
245
238
205
164
137
221
211
63
159
207
113
252
113
63
89
29
21
218
16
49
17
146
17
1
1
126
70
0
129
48
113
66
161
66
242
20
67
80
3
160
193
134
132
40
224
9
18
140
8
9
120
36
20
186
0
96
1
196
4
64
20
10
64
53
129
78
16
36
24
4
34
24
20
65
8
50
3
144
8
6
32
65
