/home/diego/workspaceNEW/MirageServer/posters/JPEG/Movie Poster 6.jpg
512
780
218
36.9509
-1
0
157
250
0.0216261
31
58.4486
-1
0
170
135
0.0119352
31
153.039
-1
0
200
250
0.0162285
31
75.2564
-1
0
185
272
0.0141902
31
-171.87
-1
0
228
281
0.0151844
31
115.178
-1
0
266
264
0.0137542
31
47.1211
-1
0
152
274
0.0223694
31
-107.987
-1
0
206
282
0.0166218
31
31.3633
-1
0
142
249
0.0147709
31
92.7363
-1
0
190
135
0.0187065
31
-92.5638
-1
0
213
359
0.0131733
31
23.9625
-1
0
277
346
0.0126232
31
-70.5462
-1
0
146
284
0.0134606
31
17.9453
-1
0
145
272
0.0153148
31
-35.0905
-1
0
100
417
0.0149745
31
109.188
-1
0
107
177
0.0116189
31
153.004
-1
0
198
257
0.0154301
31
-46.0649
-1
0
103
422
0.0148483
31
14.7436
-1
0
161
275
0.0146526
31
78.9895
-1
0
100
435
0.012985
31
-65.6807
-1
0
112
283
0.0142352
31
80.5377
-1
0
100
280
0.0130021
31
-88.5346
-1
0
217
228
0.0154438
31
134.265
-1
0
198
538
0.0132054
31
-94.0856
-1
0
168
281
0.0126144
31
-85.0094
-1
0
236
167
0.0119278
31
46.6555
-1
0
173
269
0.0119041
31
49.3987
-1
0
256
199
0.0132598
31
-75.7597
-1
0
183
284
0.0119089
31
-100.585
-1
0
118
286
0.014387
31
78.5034
-1
0
259
273
0.00979986
31
103.196
-1
0
221
275
0.0112298
31
-31.4641
-1
0
156
260
0.0099599
31
53.4404
-1
0
259
350
0.0108113
31
-176.375
-1
0
302
228
0.0108321
31
-26.764
-1
0
107
312
0.0114284
31
0
-1
0
176
250
0.0103177
31
116.664
-1
0
268
266
0.00992821
31
129.806
-1
0
146
142
0.0101964
31
41.1859
-1
0
166
247
0.0112127
31
-164.412
-1
0
275
138
0.0101547
31
57.5288
-1
0
126
119
0.0102692
31
-104.426
-1
0
289
234
0.0110647
31
11.3099
-1
0
288
527
0.0100157
31
-50.7824
-1
0
212
154
0.0102692
31
-127.36
-1
0
210
155
0.00959467
31
35.3918
-1
0
123
380
0.0093684
31
-134.374
-1
0
310
342
0.00962553
31
-68.7162
-1
0
176
235
0.00939977
31
-64.7989
-1
0
168
259
0.00975522
31
98.5028
-1
0
151
128
0.00956594
31
81.0736
-1
0
101
272
0.00951343
31
77.4957
-1
0
234
268
0.0097311
31
104.036
-1
0
265
121
0.00973426
31
-46.6603
-1
0
251
289
0.00936422
31
-116.387
-1
0
131
223
0.00931263
31
-87.69
-1
0
205
235
0.00934044
31
27.165
-1
1
152.4
272.4
0.0152341
37.2
-13.0919
-1
1
186
274.8
0.0208138
37.2
119.055
-1
1
145.2
141.6
0.00750065
37.2
-57.0948
-1
1
212.4
154.8
0.00936925
37.2
140.236
-1
1
274.8
198
0.00809782
37.2
113.552
-1
1
152.4
127.2
0.00802908
37.2
10.4796
-1
1
288
526.8
0.0102502
37.2
-18.0834
-1
1
176.4
258
0.0101353
37.2
83.3161
-1
1
169.2
199.2
0.00943839
37.2
-113.986
-1
1
289.2
234
0.00902521
37.2
-95.8906
-1
1
216
228
0.0112949
37.2
-117.446
-1
1
130.8
222
0.00962837
37.2
-73.3008
-1
1
168
280.8
0.0146396
37.2
16.3429
-1
1
258
351.6
0.0079834
37.2
14.7436
-1
1
183.6
273.6
0.01403
37.2
157.521
-1
1
254.4
133.2
0.0098758
37.2
78.3926
-1
1
170.4
134.4
0.00893402
37.2
104.808
-1
1
238.8
430.8
0.00900794
37.2
93.6914
-1
1
190.8
199.2
0.00978822
37.2
-23.7495
-1
1
277.2
346.8
0.0120696
37.2
90.8814
-1
1
190.8
135.6
0.014305
37.2
95.2901
-1
1
256.8
199.2
0.00939427
37.2
150.018
-1
1
316.8
412.8
0.00771019
37.2
-166.399
-1
1
274.8
136.8
0.0080505
37.2
122.769
-1
1
205.2
272.4
0.0104477
37.2
-150.101
-1
1
261.6
160.8
0.00850679
37.2
-83.8352
-1
1
235.2
166.8
0.0087008
37.2
-89.7623
-1
1
213.6
360
0.0102229
37.2
-16.5348
-1
1
162
274.8
0.0103152
37.2
-77.3633
-1
1
232.8
379.2
0.00768482
37.2
71.0535
-1
1
232.8
268.8
0.010929
37.2
-147.745
-1
1
291.6
343.2
0.00824449
37.2
110.586
-1
1
266.4
264
0.0094021
37.2
-26.1468
-1
1
156
259.2
0.00771022
37.2
-75.4736
-1
1
176.4
234
0.00908844
37.2
-102.969
-1
1
343.2
541.2
0.00856774
37.2
-46.4321
-1
1
176.4
249.6
0.00977829
37.2
11.3639
-1
1
171.6
501.6
0.0077664
37.2
9.46232
-1
1
154.8
268.8
0.00847062
37.2
-92.7079
-1
1
205.2
282
0.0111635
37.2
-71.4966
-1
1
182.4
284.4
0.00833232
37.2
-55.7028
-1
1
145.2
284.4
0.0114418
37.2
25.2857
-1
1
284.4
526.8
0.0116377
37.2
108.6
-1
1
198
534
0.00932697
37.2
-174.953
-1
1
301.2
228
0.00918401
37.2
5.25781
-1
1
145.2
272.4
0.0116415
37.2
-10.0975
-1
1
252
289.2
0.0088203
37.2
-35.0165
-1
1
138
283.2
0.0127035
37.2
85.5673
-1
1
222
274.8
0.00746742
37.2
46.7899
-1
1
261.6
352.8
0.00740861
37.2
-85.0106
-1
1
205.2
235.2
0.00740367
37.2
80.4586
-1
1
207.6
126
0.00730747
37.2
-72.8697
-1
1
129.6
286.8
0.0073337
37.2
-158.459
-1
1
266.4
141.6
0.00726553
37.2
29.4502
-1
2
285.12
527.04
0.0151851
44.64
-3.11084
-1
2
252
288
0.0105355
44.64
-179.431
-1
2
300.96
227.52
0.00844046
44.64
-130.263
-1
2
290.88
344.16
0.00803102
44.64
-57.8043
-1
2
276.48
347.04
0.0129474
44.64
-97.7652
-1
2
145.44
151.2
0.00819081
44.64
-0.6662
-1
2
154.08
269.28
0.0115794
44.64
11.8887
-1
2
262.08
351.36
0.00761328
44.64
-125.311
-1
2
289.44
233.28
0.0075097
44.64
-82.9945
-1
2
177.12
233.28
0.00832627
44.64
-101.371
-1
2
342.72
541.44
0.00665522
44.64
-43.5797
-1
2
237.6
358.56
0.00754565
44.64
-64.1931
-1
2
182.88
285.12
0.00740454
44.64
-57.4259
-1
2
168.48
279.36
0.00741987
44.64
0.447614
-1
2
146.88
272.16
0.00998762
44.64
-0.603091
-1
2
151.2
272.16
0.0178225
44.64
-19.44
-1
2
184.32
273.6
0.0105778
44.64
119.31
-1
2
204.48
273.6
0.00670036
44.64
64.4861
-1
2
250.56
269.28
0.00706659
44.64
112.797
-1
2
257.76
198.72
0.00759359
44.64
150.29
-1
2
276.48
198.72
0.010485
44.64
80.1589
-1
2
169.92
200.16
0.0112518
44.64
-163.258
-1
2
246.24
214.56
0.00676463
44.64
86.8452
-1
2
191.52
200.16
0.0091194
44.64
-72.6176
-1
2
231.84
378.72
0.00679956
44.64
-86.0548
-1
2
205.92
280.8
0.0100091
44.64
-71.3688
-1
2
161.28
282.24
0.00666373
44.64
-46.1535
-1
2
144
283.68
0.00760948
44.64
-99.4623
-1
2
253.44
207.36
0.00577397
44.64
-77.7253
-1
2
234.72
167.04
0.00644112
44.64
-75.8135
-1
2
165.6
226.08
0.00567372
44.64
94.6355
-1
2
227.52
201.6
0.00606267
44.64
139.708
-1
2
247.68
200.16
0.00621668
44.64
-136.58
-1
2
303.84
344.16
0.00599145
44.64
112.665
-1
2
269.28
266.4
0.00574668
44.64
180
-1
2
316.8
413.28
0.00622976
44.64
11.3099
-1
2
171.36
501.12
0.00597581
44.64
107.166
-1
2
266.4
264.96
0.0064273
44.64
-87.5104
-1
2
204.48
233.28
0.00594956
44.64
-7.12502
-1
2
288
478.08
0.00564202
44.64
86.5132
-1
2
168.48
191.52
0.00579135
44.64
103.841
-1
2
256.32
190.08
0.00590928
44.64
89.326
-1
2
149.76
195.84
0.00544396
44.64
-37.0304
-1
2
156.96
259.2
0.00548308
44.64
-95.5826
-1
2
187.2
228.96
0.00537142
44.64
-169.537
-1
2
277.92
148.32
0.0054435
44.64
141.147
-1
3
274.752
198.72
0.00763404
53.568
88.6361
-1
3
190.08
200.448
0.007058
53.568
-38.7325
-1
3
183.168
274.752
0.00700866
53.568
18.6874
-1
3
285.12
525.312
0.012444
53.568
-179.519
-1
3
298.944
226.368
0.00836184
53.568
-85.7544
-1
3
176.256
231.552
0.00599204
53.568
-45.4621
-1
3
236.736
357.696
0.00649135
53.568
-85.9623
-1
3
184.896
228.096
0.00617858
53.568
109.549
-1
3
267.84
273.024
0.00596674
53.568
-63.4349
-1
3
183.168
285.12
0.00619108
53.568
168.871
-1
3
316.224
411.264
0.00668128
53.568
-13.1726
-1
3
250.56
286.848
0.0082717
53.568
-46.4321
-1
3
222.912
281.664
0.00686926
53.568
-83.6228
-1
3
214.272
228.096
0.00801021
53.568
-7.85331
-1
3
292.032
532.224
0.00802325
53.568
131.845
-1
3
257.472
198.72
0.00638461
53.568
90.674
-1
3
226.368
200.448
0.00808868
53.568
114.835
-1
3
254.016
190.08
0.00588037
53.568
-56.6894
-1
3
177.984
248.832
0.0064259
53.568
104.211
-1
3
264.384
266.112
0.00676378
53.568
-151.928
-1
3
295.488
535.68
0.00643584
53.568
-138.685
-1
3
298.944
347.328
0.0113551
53.568
-115.278
-1
3
276.48
347.328
0.0135658
53.568
-134.425
-1
3
302.4
345.6
0.011236
53.568
-65.2727
-1
3
203.904
279.936
0.00597579
53.568
-136.779
-1
3
290.304
343.872
0.00865332
53.568
-141.654
-1
3
285.12
343.872
0.0117758
53.568
-138.991
-1
3
288.576
231.552
0.0054437
53.568
-91.2232
-1
3
203.904
233.28
0.00523295
53.568
-168.794
-1
3
245.376
212.544
0.00516395
53.568
-134.31
-1
3
250.56
207.36
0.00496993
53.568
94.3987
-1
3
203.904
274.752
0.00495683
53.568
42.9667
-1
3
172.8
354.24
0.00495553
53.568
110.556
-1
3
247.104
198.72
0.00483127
53.568
-101.929
-1
4
269.568
221.875
0.00436793
64.2816
-50.4403
-1
4
226.022
286.157
0.00575699
64.2816
98.3991
-1
4
236.39
427.162
0.00554043
64.2816
-22.1663
-1
4
255.053
352.512
0.00770604
64.2816
-30.7355
-1
4
250.906
356.659
0.00592474
64.2816
35.5377
-1
4
292.378
532.915
0.00675256
64.2816
22.2936
-1
4
252.979
286.157
0.00789318
64.2816
179.33
-1
4
298.598
228.096
0.00586444
64.2816
-54.6197
-1
4
236.39
358.733
0.00545991
64.2816
-94.3354
-1
4
205.286
232.243
0.00484292
64.2816
28.3342
-1
4
284.083
524.621
0.00809256
64.2816
-39.5226
-1
4
223.949
282.01
0.00927974
64.2816
-94.7636
-1
4
275.789
348.365
0.0120575
64.2816
59.6499
-1
4
267.494
288.23
0.00492763
64.2816
-161.847
-1
4
250.906
207.36
0.0083659
64.2816
26.5651
-1
4
205.286
275.789
0.00688963
64.2816
-134.792
-1
4
300.672
346.291
0.0106306
64.2816
-134.061
-1
4
288.23
344.218
0.011131
64.2816
21.9059
-1
4
221.875
522.547
0.00547239
64.2816
41.4552
-1
4
244.685
275.789
0.00426175
64.2816
-111.346
-1
4
261.274
228.096
0.00405233
64.2816
56.6788
-1
4
213.581
553.651
0.00400123
64.2816
55.3943
-1
4
205.286
532.915
0.0039743
64.2816
39.7422
-1
5
251.32
283.669
0.00500549
77.1379
-33.9436
-1
5
251.32
355.83
0.00751947
77.1379
76.5043
-1
5
268.739
276.204
0.00496184
77.1379
60.69
-1
5
268.739
286.157
0.00546718
77.1379
218
64
82
89
154
247
199
136
92
3
14
67
57
8
178
198
36
56
117
147
52
214
142
61
131
67
142
199
227
109
18
34
148
33
50
167
25
27
67
69
202
195
34
232
165
105
142
30
253
30
199
130
16
197
46
128
180
235
193
51
56
179
17
56
145
160
188
43
183
213
32
77
160
247
221
217
66
23
211
180
219
226
186
205
203
47
92
141
198
208
153
104
148
128
12
206
62
142
79
33
103
176
212
250
201
4
221
53
147
54
237
166
41
105
169
37
237
251
211
31
159
88
70
104
19
237
75
7
33
254
69
10
147
9
200
194
166
198
8
170
42
9
192
229
139
168
205
73
161
38
200
5
78
137
206
77
8
228
128
4
34
7
117
3
89
41
16
164
109
2
37
36
40
35
77
152
127
176
89
72
104
244
145
88
4
234
199
72
3
160
68
68
81
224
153
217
158
95
38
89
220
182
123
157
45
203
30
242
111
235
191
246
252
47
30
158
101
182
235
127
247
122
253
67
214
54
248
115
57
116
87
85
250
245
115
255
235
63
190
246
93
252
173
155
126
247
220
175
151
206
151
245
108
111
117
109
133
187
50
200
9
139
2
220
150
1
207
134
31
140
145
52
125
154
223
3
114
233
134
87
91
69
249
213
29
44
7
187
159
160
133
204
107
14
202
139
238
10
32
157
101
33
23
254
52
177
215
200
163
170
175
5
99
182
112
67
8
105
241
217
88
230
68
9
8
208
34
91
84
114
11
32
15
22
80
212
252
226
137
89
100
205
15
180
192
131
9
86
149
72
0
14
22
0
194
22
81
138
0
122
203
82
48
177
180
39
181
140
37
46
147
173
33
20
27
93
146
2
17
99
57
53
73
49
37
234
250
221
187
223
39
69
93
159
255
231
61
138
63
142
63
223
255
246
112
43
30
223
247
47
57
247
247
58
83
251
86
43
199
142
179
116
146
77
250
123
50
251
229
121
191
92
53
188
215
138
254
157
158
155
244
246
185
176
121
123
191
157
143
250
153
200
206
223
38
125
240
180
61
253
124
157
30
185
95
174
173
216
249
235
60
232
238
184
105
111
149
50
125
67
55
255
245
112
49
112
87
211
248
48
247
191
251
63
222
150
123
96
155
201
127
133
220
31
147
76
155
229
41
221
85
7
6
255
66
193
152
58
67
130
78
11
7
2
9
172
178
198
36
26
103
19
32
213
10
55
193
7
70
214
227
13
3
162
132
32
130
142
3
23
35
76
66
66
34
202
52
105
151
93
165
62
81
130
16
4
38
0
112
163
25
179
176
49
16
112
147
2
250
217
239
217
254
125
217
249
190
255
119
222
159
248
126
239
254
213
125
111
14
221
174
56
47
155
183
58
223
75
54
187
243
102
158
219
82
119
253
246
210
223
120
30
219
142
217
181
157
173
22
5
248
191
135
93
144
244
41
31
93
31
34
187
67
6
131
3
200
128
131
132
66
175
2
7
128
139
131
16
74
71
128
34
200
5
203
105
74
192
24
39
18
8
1
79
23
166
85
49
52
136
47
78
100
64
8
136
5
0
73
147
16
76
24
33
181
8
28
227
8
34
146
49
136
21
48
110
223
245
214
127
246
97
251
244
91
133
117
223
206
187
134
122
127
223
60
239
47
173
231
52
173
127
255
251
255
39
246
61
150
117
61
223
207
125
250
245
91
203
187
127
187
25
255
60
205
147
119
247
248
246
178
239
249
191
57
91
125
111
151
191
163
205
109
174
190
108
217
11
253
95
124
223
143
105
94
189
131
116
37
97
116
102
176
118
127
255
21
51
255
51
115
233
150
236
95
218
242
113
249
189
247
254
58
249
212
18
245
109
153
180
24
9
200
7
158
13
56
182
114
189
214
223
42
249
23
253
219
222
54
223
221
23
91
198
53
216
94
130
254
219
173
215
48
47
6
125
102
195
233
215
179
125
115
43
22
41
150
22
181
202
138
93
250
115
178
191
237
105
183
28
117
46
215
184
35
215
56
37
53
78
25
178
120
123
89
125
207
251
4
100
51
165
136
196
174
193
8
239
104
13
193
4
209
54
137
72
165
98
217
32
62
8
92
221
63
231
1
167
51
215
65
144
127
43
176
228
105
38
97
100
100
233
103
16
62
51
8
204
120
33
231
212
44
96
140
138
67
161
142
71
57
166
85
37
16
30
193
202
46
36
3
32
41
36
128
71
141
34
45
11
160
148
139
43
67
131
208
85
233
108
0
42
131
0
207
17
65
167
1
136
234
72
32
24
49
163
165
121
183
47
144
230
40
99
165
88
88
195
67
43
151
177
56
99
225
66
69
142
154
201
200
212
162
197
41
223
0
204
146
128
179
9
201
253
185
47
200
21
126
89
110
193
58
102
21
72
56
19
117
147
30
9
48
245
45
34
65
34
72
28
27
140
89
176
93
24
62
52
195
224
132
234
144
204
34
140
68
93
19
179
85
32
117
189
136
196
47
100
40
175
73
157
196
37
153
50
105
104
131
96
169
161
78
136
220
125
189
255
73
135
243
215
81
177
37
43
28
161
105
94
44
0
41
171
103
16
126
49
9
204
106
35
228
92
52
100
142
207
11
241
216
71
96
166
62
249
171
221
55
221
217
63
223
199
213
252
127
138
125
222
189
214
114
159
23
83
246
135
189
243
247
125
87
251
222
168
204
60
175
206
206
127
202
121
186
223
245
105
183
124
181
62
247
186
191
207
186
21
117
86
240
179
122
123
59
217
234
251
134
211
8
219
253
144
142
129
38
67
161
234
162
82
36
29
16
163
44
151
199
55
19
66
70
87
227
111
151
60
129
18
174
158
214
138
208
24
234
227
98
42
32
201
209
92
147
15
152
255
144
1
112
225
216
243
19
211
246
151
56
243
252
73
167
252
111
108
62
124
221
211
243
94
172
235
78
93
108
189
233
236
38
184
117
66
52
254
230
253
119
241
253
63
234
113
244
120
159
204
250
53
249
181
123
206
58
189
214
243
246
124
168
191
86
11
200
183
142
77
190
145
126
14
246
223
110
177
251
221
175
223
38
221
217
183
159
247
117
216
31
184
127
238
157
214
120
47
190
95
230
59
57
247
183
62
125
243
86
63
229
127
185
89
222
79
250
59
179
255
239
127
191
158
89
186
223
153
247
223
159
175
183
254
241
230
104
123
247
205
15
183
211
219
206
223
239
144
222
132
62
249
53
203
142
251
71
154
236
215
61
239
78
237
230
48
75
219
179
122
253
9
51
59
243
36
84
250
83
121
241
244
242
94
56
63
209
134
217
21
153
173
28
5
240
31
159
77
16
246
49
157
92
87
32
251
58
205
138
254
7
76
92
7
27
224
127
148
50
198
76
254
61
18
52
211
7
168
229
3
191
207
227
73
67
187
182
104
162
190
101
246
175
71
234
247
34
252
181
105
190
22
183
110
195
162
83
199
172
23
48
97
145
179
121
251
57
36
145
166
173
206
230
197
191
45
253
248
189
253
254
219
159
125
91
236
161
252
127
107
244
110
254
120
127
239
23
50
253
85
119
255
247
113
124
248
214
127
249
189
215
254
251
190
204
162
221
89
137
181
95
141
216
158
159
76
56
212
123
156
222
15
32
252
197
238
222
95
232
154
222
132
58
185
37
203
142
243
78
139
45
203
188
175
205
237
103
185
193
95
191
126
109
13
129
54
243
49
116
113
91
153
242
246
246
30
40
63
249
202
219
31
153
205
12
103
244
95
155
207
23
255
51
157
88
118
33
251
146
153
155
87
38
65
221
174
219
129
31
223
55
198
11
186
63
198
48
27
14
175
231
135
233
215
246
58
3
107
214
46
87
62
41
84
31
13
250
83
113
253
229
123
175
52
61
62
243
154
111
215
180
130
52
230
213
51
120
123
53
45
129
254
120
142
178
199
233
207
243
229
157
253
78
93
147
126
219
236
123
147
249
11
220
15
223
93
59
206
30
38
78
219
31
238
7
227
107
49
181
223
239
62
241
53
231
246
45
166
61
243
253
64
255
249
183
71
184
242
103
78
238
233
195
45
153
254
143
205
238
241
159
125
217
210
61
223
190
207
154
236
106
237
129
92
53
99
70
222
238
122
111
223
51
35
220
79
58
123
119
114
29
235
82
127
249
180
82
252
120
62
222
22
245
241
217
172
26
5
200
31
156
72
144
208
57
191
76
31
32
186
136
218
70
235
191
121
164
188
61
184
250
187
184
22
111
233
235
220
169
218
77
144
143
56
3
93
113
32
223
71
55
246
249
36
125
112
87
247
233
118
51
95
126
63
92
151
94
241
140
221
94
37
222
159
141
73
146
224
173
188
93
79
38
20
153
193
76
94
38
127
117
54
53
20
125
197
30
189
116
238
173
218
125
237
52
250
224
179
41
111
133
144
125
82
86
169
216
120
33
240
71
80
216
252
126
157
57
55
212
166
118
110
141
161
207
12
248
29
146
12
57
247
43
220
121
30
36
218
139
205
78
252
7
110
221
146
61
207
125
207
14
237
100
175
173
124
53
231
38
236
180
51
111
255
51
114
249
19
58
57
242
115
60
217
67
103
218
181
83
254
190
123
222
18
116
238
201
177
86
148
200
95
132
12
153
148
97
63
84
116
3
185
52
59
245
212
54
15
21
114
198
4
223
22
93
245
222
112
247
198
66
100
7
140
129
247
142
124
244
217
166
174
214
237
146
109
113
158
76
82
219
95
21
145
153
55
236
168
228
76
130
165
193
202
50
30
18
73
104
115
17
121
120
5
36
220
199
253
250
125
52
244
93
214
99
239
169
234
206
203
150
27
29
107
54
219
175
237
115
139
199
119
247
251
67
63
230
103
135
156
190
79
170
173
250
123
106
234
163
233
191
88
183
59
80
218
40
243
228
240
112
116
191
179
209
87
188
241
223
239
2
131
8
134
175
216
150
1
6
65
31
66
176
86
36
17
13
147
36
145
130
36
129
96
64
215
209
42
18
42
131
33
150
164
81
16
66
72
234
66
32
25
32
105
149
20
244
47
145
138
16
5
180
1
248
235
17
115
48
53
16
81
32
74
232
207
238
253
32
95
125
231
61
253
126
157
27
189
222
238
139
212
189
111
12
136
228
59
111
207
134
19
127
67
58
127
240
103
124
251
86
247
213
180
211
254
185
62
190
134
76
248
201
33
126
181
201
31
167
12
208
236
41
252
93
4
3
181
246
115
83
190
64
6
13
139
198
102
1
146
23
231
214
30
118
135
36
100
10
140
16
6
222
222
255
89
131
186
226
120
194
61
102
255
136
44
194
206
6
74
17
219
251
88
164
12
193
164
80
211
66
26
52
203
136
248
81
57
124
68
50
49
68
73
76
216
32
27
84
98
35
38
15
146
16
245
252
74
137
81
36
101
15
244
192
35
77
87
149
88
32
14
26
0
210
22
81
138
0
120
211
82
48
185
184
39
181
28
229
46
19
164
49
20
9
89
147
14
24
99
57
61
72
112
33
234
191
253
111
111
183
25
221
168
251
159
253
251
255
127
207
216
171
151
62
59
101
126
129
124
253
255
247
59
239
123
119
63
214
237
45
223
254
125
251
61
123
222
249
127
223
179
252
125
239
191
23
199
248
7
191
109
84
246
188
93
253
207
178
183
82
209
152
255
231
128
92
9
7
1
21
204
178
198
4
28
116
147
20
214
142
47
131
99
102
130
226
77
83
41
140
40
150
183
56
91
99
77
82
243
3
235
133
72
152
28
201
30
197
130
19
133
44
128
240
235
81
179
56
219
16
108
147
137
196
59
247
212
48
55
44
115
33
254
169
210
199
133
150
11
169
205
235
111
150
141
66
219
207
95
191
254
20
12
48
200
87
17
126
171
64
252
245
101
116
106
56
63
191
140
85
255
24
173
56
211
99
124
158
78
128
222
19
223
92
85
1
178
16
170
151
199
232
216
160
227
74
185
82
87
211
117
217
160
254
203
233
43
196
13
202
211
203
90
20
198
12
130
147
222
215
0
65
52
93
154
233
36
197
20
129
54
233
166
187
235
187
237
141
243
244
13
155
89
70
218
18
229
80
87
97
254
70
201
138
216
33
214
92
7
53
226
45
136
18
252
55
15
141
121
32
111
142
119
210
35
65
215
147
116
81
160
20
1
151
18
147
32
83
76
250
33
114
58
176
97
183
20
117
234
91
136
56
81
209
93
252
156
17
195
123
255
81
241
203
250
197
5
150
213
65
70
112
231
48
229
69
141
2
249
2
46
44
74
57
111
14
173
230
51
74
10
146
90
241
1
42
39
247
51
48
123
19
69
86
214
211
170
152
214
235
24
75
174
73
0
127
181
81
90
144
206
217
253
41
93
92
36
3
235
135
212
110
105
255
176
223
152
182
191
180
235
142
105
38
29
72
253
63
187
232
111
250
120
36
247
123
119
125
57
97
55
215
251
156
69
114
189
127
59
123
234
106
253
211
81
89
19
57
221
26
37
237
224
254
231
59
212
254
159
214
215
184
191
220
43
159
215
98
95
240
231
222
149
86
87
215
246
218
234
127
223
248
47
6
13
234
211
187
218
22
198
108
203
22
238
23
115
99
81
87
223
223
20
209
181
193
118
169
174
109
231
255
33
239
251
213
111
190
222
85
92
122
111
65
61
17
254
5
254
85
108
57
184
37
88
57
92
174
249
236
127
236
201
235
237
161
40
229
108
88
115
69
253
65
247
125
74
65
69
159
64
245
176
53
216
249
61
101
159
58
167
125
147
253
107
160
181
41
60
240
149
155
13
62
158
151
175
218
199
37
90
96
70
12
130
237
158
6
53
54
127
32
9
137
155
20
5
106
215
61
36
216
3
187
57
90
145
185
46
151
25
33
111
193
37
84
179
83
48
37
118
240
86
40
143
209
136
208
69
153
173
28
0
116
29
143
203
16
242
35
157
88
87
32
251
84
35
144
25
144
144
46
101
64
162
201
48
208
134
131
66
155
9
98
198
139
53
67
133
216
84
252
237
0
172
161
130
79
20
133
174
9
56
97
70
40
64
53
41
117
189
167
47
26
174
8
3
178
24
88
81
0
35
27
145
40
227
104
98
184
43
101
102
48
107
32
127
192
16
246
117
109
51
204
226
178
132
207
125
117
40
225
182
137
11
196
145
110
206
32
204
220
109
100
190
77
26
153
149
221
245
187
151
232
167
118
110
168
183
237
202
242
31
155
12
78
247
23
224
106
70
164
95
216
9
221
212
234
249
121
112
92
53
87
95
223
241
220
200
250
213
125
105
206
205
162
249
43
58
183
190
236
135
54
173
211
101
116
251
70
127
249
86
209
220
153
31
201
142
233
183
139
165
87
132
232
31
159
77
64
246
59
249
88
23
32
255
194
205
142
215
35
213
216
167
31
241
61
203
154
240
115
174
173
211
60
175
14
141
230
51
123
87
147
126
85
35
22
63
247
53
48
80
82
77
250
162
115
63
233
127
155
28
217
186
205
137
87
149
221
75
176
206
81
211
48
93
81
125
0
251
137
207
130
86
3
73
200
150
29
153
10
205
18
14
100
175
45
90
133
139
68
42
228
35
65
79
34
66
17
66
190
17
252
50
121
176
115
70
202
164
211
60
62
46
154
22
111
110
137
32
126
5
242
15
156
64
147
211
39
181
85
127
3
171
187
220
108
165
255
253
223
25
191
103
189
236
191
124
116
125
181
245
118
241
246
118
186
109
55
247
225
127
126
127
87
239
135
252
159
30
234
121
250
187
115
221
111
105
213
84
253
59
151
222
152
13
254
165
220
117
56
151
242
191
243
223
44
222
197
46
147
165
200
106
162
228
72
93
66
87
192
17
203
128
235
201
169
36
64
129
46
208
207
217
25
224
140
6
42
31
52
113
121
177
52
242
173
4
229
20
26
150
109
138
218
208
136
21
77
183
211
231
9
235
198
76
0
36
68
71
52
116
237
158
254
213
254
63
241
247
60
253
70
207
158
249
251
237
226
253
221
43
252
205
254
243
43
42
136
18
252
65
63
255
255
99
116
240
87
251
213
244
215
31
90
22
200
166
203
201
141
45
94
29
217
63
159
77
54
252
63
156
219
30
38
249
67
0
128
30
201
194
12
2
0
35
9
14
162
198
6
41
109
43
33
212
201
135
67
65
66
94
249
110
144
6
162
0
223
36
81
186
1
8
104
96
96
72
52
43
213
81
183
111
24
174
24
5
240
24
24
65
18
179
51
177
24
83
32
106
186
209
155
139
38
85
221
143
199
199
61
136
55
138
55
223
223
246
112
75
26
208
246
5
185
213
245
121
83
249
86
41
133
20
179
206
202
77
234
123
50
203
101
105
183
28
53
44
215
138
183
143
58
129
244
118
176
178
120
89
125
221
78
251
235
245
108
10
23
95
23
153
231
198
189
170
189
30
125
111
217
181
118
221
59
214
17
100
53
245
253
41
115
222
94
176
200
12
135
206
202
121
109
90
56
217
116
61
23
125
52
44
151
175
144
12
186
57
196
87
56
176
121
61
63
219
108
26
187
251
111
253
255
123
223
234
223
159
253
249
127
124
253
248
187
148
62
123
230
122
164
126
47
255
243
59
255
235
127
255
242
239
125
223
126
119
251
255
115
255
253
127
223
143
221
127
207
191
87
199
250
23
135
109
224
246
248
223
253
223
179
188
135
212
78
105
255
180
223
144
58
255
36
203
142
123
38
29
77
255
189
171
234
127
190
120
38
247
51
119
253
115
243
55
247
243
156
65
115
253
127
187
119
234
106
253
211
152
219
147
77
221
30
37
221
226
142
239
187
220
248
15
214
251
187
191
45
214
119
201
180
245
167
248
181
221
168
203
205
61
181
109
239
253
239
43
240
102
158
249
124
253
61
118
125
86
115
31
222
67
189
184
208
249
125
45
119
79
122
183
87
176
124
247
8
157
60
45
242
184
142
69
56
220
114
143
211
207
46
186
147
217
204
212
38
26
89
226
62
79
87
218
142
105
94
24
236
213
52
111
6
237
194
114
109
154
179
58
254
7
50
41
215
102
28
219
66
127
250
116
209
254
185
95
211
28
241
111
155
164
26
133
232
31
159
77
89
246
57
251
92
23
32
251
197
77
154
245
33
66
120
230
16
225
69
141
18
229
134
170
45
24
180
239
15
173
231
51
107
10
146
82
65
39
170
103
179
51
49
113
55
199
210
244
210
188
153
82
171
28
107
234
73
96
127
181
221
94
176
204
211
251
41
121
92
32
147
239
215
121
219
22
54
79
29
162
194
39
121
182
95
174
214
122
113
194
54
253
43
148
161
134
142
247
255
219
194
190
246
105
80
44
36
255
78
124
129
220
82
200
189
59
154
24
164
236
199
165
19
134
104
26
54
71
192
113
49
88
125
148
96
190
220
203
206
221
242
95
210
183
63
253
116
221
30
251
254
238
249
219
125
175
31
221
239
59
59
91
187
126
253
223
190
63
241
99
117
251
86
119
255
246
215
255
232
94
155
158
123
178
205
237
95
149
223
127
135
206
211
252
105
95
93
125
19
255
70
201
138
216
32
22
92
7
37
226
45
136
18
176
63
15
13
59
32
139
134
245
80
3
81
87
147
116
1
160
20
64
135
16
211
32
177
72
226
33
34
62
48
97
183
84
87
107
91
202
56
23
149
73
249
156
19
195
51
245
81
241
75
235
218
201
206
253
235
91
114
166
56
241
117
202
158
241
78
138
236
153
61
239
78
237
231
50
111
91
179
58
255
7
50
59
211
39
80
248
83
121
244
240
242
254
185
31
209
30
243
111
153
173
31
5
248
31
159
73
81
244
49
189
92
119
34
251
221
142
254
213
122
127
243
246
57
253
86
223
30
251
250
238
234
217
221
107
117
237
238
178
107
42
24
146
253
71
63
127
255
99
116
240
87
251
221
252
215
189
218
22
201
134
107
233
141
37
127
157
217
31
155
76
126
252
35
253
91
30
39
255
171
223
109
224
55
63
245
91
181
93
44
203
15
121
116
141
128
253
189
107
116
126
184
114
119
255
1
18
253
83
48
249
210
98
154
248
243
120
249
177
215
255
58
191
208
82
84
203
137
189
30
12
217
53
143
12
57
212
115
159
82
223
46
185
223
245
206
127
55
179
94
172
49
155
245
250
190
170
38
90
137
185
60
223
43
247
227
48
37
119
251
191
123
125
246
33
223
124
180
235
219
125
240
253
122
235
253
125
147
29
215
60
31
174
26
71
201
253
248
236
218
247
189
223
61
251
250
203
58
244
105
139
54
93
219
133
203
198
53
152
125
2
127
222
221
214
32
249
23
112
119
132
253
213
245
249
7
251
223
56
132
220
205
206
202
81
234
123
50
219
101
57
151
156
180
60
151
186
135
79
186
129
116
119
176
179
88
121
119
219
110
243
121
157
238
249
54
245
253
55
245
238
93
156
95
140
55
111
153
124
115
251
191
119
247
191
57
111
166
182
89
215
254
227
207
30
191
109
223
109
248
121
122
233
247
172
151
113
55
123
63
250
186
203
226
189
124
84
191
183
123
219
251
251
203
230
216
10
215
215
98
95
242
245
124
253
70
87
95
180
251
226
254
213
217
111
92
153
238
176
9
42
188
30
236
195
62
190
117
37
119
250
86
115
221
212
213
85
92
22
201
166
105
228
157
45
255
181
242
31
159
77
80
124
35
253
73
14
32
250
43
204
8
170
3
77
209
14
31
196
30
132
17
28
125
246
207
84
1
0
4
18
204
33
125
149
16
9
83
219
30
121
132
38
81
218
114
67
201
56
176
149
84
32
20
150
36
228
159
40
215
12
186
5
164
64
176
224
42
248
81
143
46
242
205
201
206
223
251
223
218
162
61
253
117
219
158
251
255
238
232
219
61
239
79
221
174
57
43
123
187
127
253
75
182
55
243
119
52
243
83
255
255
254
246
255
236
31
219
158
219
177
205
237
86
181
221
255
143
239
216
253
57
61
221
125
51
191
250
248
203
250
54
127
89
175
215
186
118
176
127
146
127
218
255
214
123
251
166
215
237
159
175
211
247
171
79
211
246
234
213
174
167
119
127
117
253
114
250
223
247
125
31
231
49
238
255
169
255
215
254
61
247
220
213
244
237
223
255
153
216
247
216
216
78
201
254
127
210
241
63
247
55
206
31
56
127
239
254
212
125
111
14
208
172
56
45
153
61
58
255
67
55
187
208
102
223
219
82
119
253
118
178
223
124
31
83
158
112
180
141
173
86
5
248
63
135
77
144
244
41
189
93
95
34
187
156
218
206
197
254
249
250
240
60
91
214
95
222
112
251
233
240
221
253
174
125
85
143
248
43
58
59
242
252
71
190
183
127
113
221
225
119
247
253
181
221
29
223
30
217
167
250
241
175
93
30
181
219
255
139
77
94
221
63
175
87
59
6
189
188
237
239
82
54
95
81
179
255
21
95
254
255
255
92
236
153
129
126
255
55
222
177
247
251
119
21
186
237
159
214
184
154
111
97
222
206
27
255
60
221
189
185
183
157
106
117
175
167
165
135
218
217
15
139
30
124
245
112
125
251
185
76
222
220
171
167
244
112
54
44
119
129
159
121
218
67
149
150
10
169
205
123
111
6
141
98
219
207
223
191
238
69
4
48
136
87
51
124
139
72
60
228
101
124
106
185
63
255
140
87
190
218
169
60
211
97
125
151
76
193
222
17
223
92
85
65
250
197
207
78
220
225
95
116
211
53
85
45
202
14
253
100
173
137
221
60
111
6
204
160
114
110
215
27
120
253
38
30
49
146
83
145
203
66
85
254
177
119
187
184
119
253
140
244
172
69
181
87
148
201
119
130
142
81
220
104
15
84
125
23
184
110
141
238
238
243
223
209
15
189
69
151
254
191
254
254
252
186
181
89
127
183
95
210
119
55
250
88
31
126
251
94
169
135
231
87
219
226
95
223
62
209
253
84
72
217
31
225
175
221
38
155
157
243
21
255
183
120
246
122
189
219
157
186
219
197
238
222
95
232
152
254
128
59
177
37
203
142
243
206
154
44
139
188
175
143
237
99
249
227
95
255
254
109
47
131
54
211
145
96
103
83
157
250
246
242
158
40
119
185
94
223
55
153
203
40
119
252
95
155
239
23
255
51
61
120
113
17
251
210
2
130
131
201
128
130
132
6
169
18
87
176
10
3
16
110
19
32
2
200
5
203
104
10
192
56
39
146
40
19
79
23
165
89
49
52
200
111
2
101
64
109
72
5
4
249
177
82
204
25
165
151
2
188
235
72
48
178
49
4
5
48
110
110
245
108
154
55
55
29
51
167
198
189
178
189
154
52
79
144
117
114
253
51
214
209
103
29
117
157
57
50
222
92
225
202
44
135
206
202
120
161
91
56
219
117
45
151
124
52
45
22
172
145
13
58
57
250
22
56
179
121
93
251
217
108
250
66
6
0
154
201
138
6
1
34
96
40
10
128
103
12
49
69
35
0
144
206
37
26
66
64
196
129
47
130
42
1
64
151
134
83
32
32
136
110
226
38
52
8
225
20
82
245
67
145
196
8
0
180
1
88
171
25
98
146
52
16
80
48
72
129
205
16
126
33
106
248
134
25
152
46
197
2
70
108
171
45
26
133
143
71
40
229
18
97
79
131
64
81
102
170
113
252
50
121
240
55
66
202
160
211
188
186
98
190
23
55
110
137
226
126
5
248
15
176
64
147
211
39
167
17
114
131
234
241
222
239
251
252
190
231
179
188
127
112
219
143
251
221
141
106
231
189
42
244
111
156
127
123
255
55
55
255
25
113
255
247
231
92
113
119
181
117
124
247
254
170
159
91
146
89
211
169
181
94
152
237
47
143
205
216
252
107
159
222
199
41
181
68
41
136
144
0
91
68
102
1
34
47
144
80
196
254
194
137
24
32
197
15
180
64
131
77
87
147
73
0
142
150
64
194
22
69
138
0
104
227
82
48
177
180
97
55
28
39
46
147
164
48
84
34
93
18
0
16
99
49
177
73
112
97
234
246
41
237
148
54
15
29
34
198
100
95
22
95
191
22
114
241
209
70
229
11
212
193
39
158
228
172
25
42
190
94
233
144
44
36
254
206
122
145
222
20
217
157
43
140
12
228
44
211
36
129
138
98
26
150
31
104
118
49
120
89
20
34
254
100
35
163
145
232
18
174
231
64
162
201
50
241
198
147
66
147
9
99
198
91
181
71
214
222
68
182
173
128
140
162
130
111
4
71
170
24
56
97
72
40
64
48
172
245
173
151
79
26
172
8
67
242
24
92
81
4
227
17
149
72
211
104
98
5
34
21
0
0
82
38
70
96
2
130
0
64
37
128
3
203
105
131
100
192
65
72
193
196
85
29
132
32
12
1
64
20
0
193
170
8
40
45
64
100
0
56
161
69
96
52
108
16
172
40
0
240
24
72
8
12
34
3
148
8
19
100
106
115
33
231
30
2
192
65
110
195
164
249
184
125
171
133
250
227
32
2
115
171
168
231
135
156
171
134
157
35
140
80
13
177
46
37
190
10
32
83
222
46
107
189
106
10
50
73
46
9
164
99
199
50
24
52
68
168
178
3
248
185
70
34
233
147
68
8
3
137
128
142
128
18
235
48
66
162
33
0
16
100
3
4
147
200
32
173
72
108
130
41
11
130
9
9
127
113
164
28
89
114
105
35
210
210
66
8
8
130
22
64
17
1
73
16
5
124
0
173
107
144
112
48
24
84
22
34
189
122
241
249
222
54
223
93
47
215
199
53
152
31
154
54
222
189
214
120
111
142
113
226
35
189
211
245
125
119
249
212
169
135
60
182
206
202
89
226
123
50
219
229
125
179
156
245
46
215
171
167
143
56
25
182
246
112
243
120
95
121
157
126
251
141
205
78
221
32
127
252
246
57
254
108
205
78
61
255
171
137
248
189
235
117
232
108
186
105
111
151
146
125
71
59
119
241
114
61
97
87
247
248
188
119
190
58
62
254
146
87
104
137
233
126
21
217
95
147
76
159
197
43
173
84
98
35
179
137
205
143
96
0
127
253
210
57
223
46
203
66
13
110
169
139
124
181
107
100
100
120
122
101
255
19
34
93
3
58
113
214
66
220
105
18
237
253
176
115
254
58
63
215
18
117
235
153
184
58
20
201
29
141
12
145
144
35
175
84
23
1
186
171
205
108
168
23
126
129
27
61
66
254
234
42
41
108
173
129
125
37
241
116
86
144
114
117
223
17
35
251
22
42
193
150
100
211
136
115
72
233
176
230
157
62
169
212
19
246
109
154
188
24
12
208
21
201
24
56
146
55
188
18
211
44
203
197
73
146
117
192
2
120
198
32
169
33
203
130
225
130
43
32
9
189
231
15
141
103
27
70
11
146
98
193
36
162
22
243
51
52
251
17
165
86
230
195
42
56
82
234
30
75
146
73
192
114
117
81
90
176
234
147
249
33
21
92
112
19
169
30
65
8
190
7
192
92
12
151
170
249
184
49
78
53
118
185
18
0
211
139
58
197
15
60
199
227
57
83
249
181
232
67
188
45
255
175
109
98
127
42
234
245
105
182
21
165
62
83
170
18
71
44
16
116
112
153
179
251
251
61
42
161
166
130
195
8
130
167
152
6
1
3
1
61
66
184
22
100
16
5
19
36
145
130
36
129
64
64
215
145
47
2
42
131
0
150
164
80
2
107
72
234
2
32
25
40
105
149
28
244
47
81
138
16
4
52
1
250
171
17
115
48
53
0
81
48
74
87
245
219
90
54
151
92
7
115
198
61
152
94
178
180
90
201
210
48
239
15
117
99
35
237
215
165
125
99
41
148
32
146
20
180
202
74
89
243
115
50
219
45
105
183
28
85
46
215
168
35
7
56
25
176
94
16
243
56
93
89
209
120
251
149
54
85
69
153
160
163
120
42
81
206
119
134
127
192
33
226
197
133
35
215
44
170
248
104
62
64
74
188
11
11
31
127
66
124
154
20
187
91
150
85
16
138
134
224
34
248
19
136
85
49
52
252
138
140
73
40
88
182
142
192
23
165
28
47
236
168
8
23
107
21
26
1
198
173
226
34
142
36
111
137
52
34
209
33
22
81
67
69
245
145
33
82
62
70
65
142
44
215
170
10
72
233
57
112
185
52
41
149
81
52
105
24
174
8
13
210
29
120
0
56
162
55
185
137
211
108
74
89
199
14
222
35
83
124
54
49
220
124
137
30
188
36
234
173
218
189
239
6
168
228
51
105
79
163
84
93
67
188
49
240
51
60
241
87
117
82
244
83
235
185
127
190
150
79
110
13
161
126
133
232
74
166
140
211
215
43
222
85
110
3
177
207
253
202
125
55
241
216
140
121
163
173
232
254
154
239
251
137
190
62
219
47
249
119
31
229
215
243
251
87
127
246
179
191
156
191
207
219
125
250
119
58
255
237
121
183
95
63
58
221
218
54
103
220
181
240
116
177
179
249
127
189
249
255
203
199
5
130
53
201
98
46
140
0
163
137
38
162
197
2
35
137
41
33
215
75
173
67
66
70
78
210
42
144
4
163
2
207
54
85
170
17
40
104
96
96
104
56
171
213
81
183
111
24
174
24
1
240
28
88
65
17
179
17
181
24
115
160
74
195
204
130
27
200
74
2
134
10
171
40
202
146
160
78
170
237
3
37
195
76
135
238
8
75
79
189
42
129
2
51
102
215
36
65
56
83
40
236
226
242
94
56
47
209
22
181
237
153
172
24
5
244
31
156
73
16
240
49
189
92
86
2
251
131
203
12
96
47
56
216
146
56
27
180
203
170
81
100
137
132
221
45
187
68
102
161
122
101
26
35
50
223
5
33
112
254
98
220
88
114
127
176
177
211
254
58
29
210
135
210
95
137
185
20
5
72
21
207
73
19
208
54
158
84
83
34
185
205
253
255
253
54
55
249
222
177
223
229
250
79
185
182
95
168
253
63
111
38
221
246
123
47
187
187
127
125
105
118
43
215
119
188
203
82
125
119
183
247
235
254
95
187
24
81
190
92
188
126
149
81
246
180
78
248
158
113
207
221
221
55
251
197
233
146
117
96
66
120
198
120
187
32
203
66
225
198
171
34
9
189
207
15
141
103
155
71
11
187
163
193
7
162
22
242
51
60
251
17
181
103
244
210
106
56
94
250
95
75
176
73
201
118
119
201
94
36
234
151
249
1
20
92
112
147
169
181
36
84
7
153
136
161
120
170
37
110
117
174
127
192
36
98
68
133
97
197
110
169
109
106
190
5
31
62
11
9
127
58
228
112
26
4
155
249
158
213
148
137
134
232
34
252
3
129
117
65
44
252
132
136
13
40
86
178
168
200
23
37
156
130
195
0
34
135
136
6
9
2
3
57
202
170
70
100
17
5
19
36
213
10
36
129
64
68
215
209
47
18
42
1
0
146
164
80
130
107
72
42
130
32
58
40
105
149
28
244
15
81
130
16
4
100
1
234
170
17
115
48
53
16
83
176
74
242
222
230
251
253
182
198
179
62
127
120
91
175
251
23
61
245
215
253
190
253
207
159
123
122
111
59
54
255
83
226
255
227
99
158
113
247
117
125
244
119
78
186
159
93
128
219
215
200
253
28
137
253
190
142
203
82
244
103
159
94
86
24
189
45
236
233
121
51
253
123
77
221
191
201
252
241
12
252
238
155
124
243
75
190
115
218
95
61
235
166
167
87
243
119
234
199
142
239
143
167
191
233
59
250
255
247
105
183
247
53
59
191
186
62
109
227
149
254
52
176
226
255
239
251
223
235
183
222
200
198
253
38
105
240
166
61
253
92
159
31
188
127
234
185
88
121
235
47
221
239
57
11
95
146
178
249
199
190
255
181
243
115
113
119
223
253
126
247
63
253
126
159
23
123
176
223
200
255
245
215
223
176
252
203
245
41
115
221
109
19
239
106
225
105
218
38
31
95
1
119
198
21
154
29
186
124
94
152
243
92
173
10
240
209
34
29
213
189
29
99
250
84
57
130
20
150
234
202
89
130
121
178
219
117
121
151
156
196
44
151
169
150
15
58
25
183
94
48
243
57
93
89
216
122
251
223
229
206
121
119
115
94
188
57
187
253
186
62
190
38
206
137
153
62
223
41
243
231
56
37
119
251
179
251
125
182
35
217
56
148
235
255
117
241
113
122
239
255
61
215
29
215
124
63
239
30
7
201
253
246
220
218
247
189
93
61
187
250
155
6
205
136
152
32
216
28
7
35
194
33
136
16
162
47
11
13
42
32
141
5
85
83
67
81
85
145
116
1
164
148
1
135
16
211
32
185
72
234
32
34
62
60
97
183
84
119
110
83
202
40
7
183
73
120
158
19
195
18
53
17
241
72
235
204
35
163
241
232
50
166
235
192
115
203
54
227
212
147
0
145
137
107
86
123
165
82
210
210
110
152
174
128
148
34
194
79
4
71
171
89
56
109
76
108
32
16
174
197
105
135
79
24
174
136
67
243
92
92
81
4
250
19
149
72
83
104
88
1
34
133
0
200
194
166
68
224
2
170
68
192
37
128
32
195
1
35
100
192
65
74
197
204
69
13
172
32
6
1
0
85
4
1
138
8
40
45
8
36
64
56
35
69
104
52
229
24
172
8
0
240
24
28
9
12
98
2
132
64
23
96
104
170
138
138
227
175
181
216
147
60
251
34
202
147
200
50
109
20
223
109
219
212
23
255
123
51
138
34
38
86
241
53
210
103
162
222
33
243
111
232
161
210
108
118
76
210
6
211
251
220
216
24
5
246
133
157
120
147
242
115
191
87
91
8
187
129
223
31
104
0
120
229
218
57
223
42
202
66
9
236
171
207
236
165
105
36
64
60
250
101
255
51
226
93
2
34
113
208
66
216
104
17
238
237
160
242
254
58
55
246
18
116
228
136
153
54
52
200
29
143
12
145
216
35
175
84
87
3
187
169
215
108
160
21
53
165
90
181
215
44
202
15
57
180
15
203
124
165
105
48
114
120
114
117
255
17
50
125
18
112
145
208
70
146
168
211
120
49
184
94
59
58
181
208
81
84
228
24
185
60
12
216
157
206
28
56
180
99
159
218
215
44
251
106
227
73
218
38
87
30
7
99
134
53
136
29
178
53
90
137
210
56
173
2
241
101
38
141
213
189
61
35
250
30
40
144
12
135
202
74
88
162
112
34
203
124
125
151
156
116
44
23
169
54
7
58
25
246
94
144
242
56
93
89
216
122
243
106
231
105
218
38
87
95
7
103
198
61
136
29
178
61
95
153
246
120
173
26
241
81
38
29
213
189
61
35
248
20
33
128
12
151
234
202
88
162
121
50
203
116
61
151
156
116
108
23
169
150
15
42
25
246
30
16
227
57
93
89
216
122
243
238
229
108
26
87
87
7
155
165
194
168
170
57
142
253
111
139
53
119
212
25
210
21
36
84
245
157
33
147
218
62
144
200
12
135
239
194
116
37
124
58
75
116
41
87
125
52
236
61
173
146
12
139
25
196
18
152
160
105
60
63
218
104
50
192
203
220
216
32
91
116
115
33
113
45
202
14
245
246
171
131
208
60
111
14
236
161
51
107
87
147
58
253
7
26
65
146
86
176
74
64
213
114
179
54
187
168
119
188
158
117
170
65
193
119
244
73
250
130
14
153
253
97
15
85
112
135
184
11
205
24
126
33
90
114
6
61
16
108
141
20
127
109
190
37
186
145
196
100
123
193
51
113
76
192
84
121
98
204
97
150
16
65
224
115
74
216
120
186
159
56
101
116
151
231
110
153
162
27
13
248
77
219
137
51
195
63
189
80
98
167
201
141
249
95
65
254
185
243
240
121
159
230
79
206
113
232
233
198
237
255
47
117
116
32
240
235
58
63
242
252
71
254
51
254
66
220
229
95
255
253
177
223
157
90
22
241
103
210
245
191
157
10
119
217
237
141
77
62
156
55
175
84
155
103
185
33
215
118
205
161
213
135
241
175
213
40
207
141
125
117
45
239
245
111
110
114
110
158
112
124
255
21
56
61
26
83
31
214
103
123
154
208
120
127
44
55
57
56
183
93
160
124
167
8
157
84
45
178
154
142
77
57
212
98
143
210
207
47
250
220
233
222
221
98
95
240
231
61
241
119
221
30
242
255
238
249
216
125
239
31
253
239
187
59
91
179
255
109
207
190
255
243
119
117
251
87
247
255
246
214
191
253
126
155
158
123
178
207
237
127
245
223
95
179
206
219
253
105
127
93
125
147
255
50
170
239
207
42
221
209
174
223
180
94
221
125
119
95
168
255
198
122
43
212
41
111
151
249
255
20
178
111
219
83
238
149
239
99
84
126
147
251
62
249
93
225
182
157
162
189
107
187
172
207
203
180
7
18
93
100
242
138
249
242
77
102
222
222
233
206
255
235
91
248
166
61
241
119
255
158
242
239
234
169
153
61
239
15
221
239
59
43
91
179
59
237
207
182
63
243
231
125
219
83
255
255
254
247
255
237
126
155
158
123
179
205
237
119
181
223
95
181
238
216
253
41
125
93
125
147
191
66
4
0
50
201
138
6
9
34
35
40
2
128
71
4
51
5
35
0
16
200
33
90
66
68
198
8
39
2
40
1
64
151
130
82
32
33
136
38
162
102
54
40
225
20
82
117
67
80
72
24
0
181
65
121
170
25
34
146
180
0
82
112
72
13
205
110
233
32
125
244
214
57
222
46
205
92
53
237
171
137
232
157
235
245
104
60
187
109
111
3
208
109
71
59
115
240
82
121
104
82
243
216
184
215
190
58
54
118
146
70
234
137
105
126
117
217
93
131
12
159
199
43
172
81
114
67
177
137
207
108
224
32
189
165
82
189
223
46
193
15
57
124
133
199
252
173
107
228
114
56
115
101
191
5
50
125
66
57
209
210
66
218
40
113
122
185
160
215
54
58
55
208
198
84
195
137
185
52
4
248
29
143
12
17
214
35
141
82
95
4
187
7
205
40
136
23
58
5
26
45
66
175
226
42
156
108
143
129
117
36
149
16
84
144
97
69
245
153
36
48
30
10
17
136
4
211
170
66
72
169
33
98
63
62
169
149
18
116
236
18
190
16
12
209
29
201
16
56
162
51
188
8
209
44
74
90
217
111
253
54
243
219
186
157
159
249
220
95
140
117
235
181
221
126
255
166
120
228
187
45
239
167
254
93
119
118
187
250
125
191
217
222
127
216
241
90
239
247
62
182
191
245
62
143
155
118
199
234
253
180
92
209
183
59
218
117
222
130
183
196
235
218
95
232
152
254
192
123
179
45
234
230
243
206
186
167
131
188
175
143
237
99
217
225
87
251
255
103
47
131
54
151
149
100
99
115
159
250
247
242
62
41
117
191
90
255
63
217
203
40
115
253
79
251
239
23
255
176
37
124
113
243
203
204
233
79
57
200
219
250
192
120
139
195
222
222
97
233
200
202
9
63
103
199
101
7
254
239
91
191
191
201
143
51
50
246
71
77
219
90
63
253
116
248
124
56
14
211
126
211
127
153
172
24
71
249
29
29
73
24
254
51
189
92
87
98
187
133
254
214
111
253
248
252
148
57
93
108
235
174
255
198
169
235
234
189
175
109
140
63
56
99
127
59
179
255
71
226
55
216
99
125
241
119
117
253
188
115
222
58
191
223
19
254
244
201
213
94
53
205
167
142
237
150
253
39
47
222
119
48
186
45
254
125
73
252
189
191
216
249
223
132
174
205
29
237
73
202
237
187
108
120
85
18
240
165
244
121
244
252
71
119
59
222
80
159
207
144
249
253
57
60
157
126
53
117
249
252
53
188
159
40
127
187
253
94
101
60
142
159
143
215
223
109
146
195
202
198
251
201
154
194
130
62
121
34
75
190
251
77
28
102
147
189
166
205
143
139
123
66
219
59
39
222
11
163
119
243
167
92
177
115
117
247
116
231
86
8
95
89
150
217
215
201
237
24
4
245
31
141
235
18
252
55
189
92
69
48
177
70
33
136
152
0
66
78
71
35
34
41
128
80
224
182
114
137
8
32
103
139
241
96
11
92
199
167
109
1
172
48
64
83
150
5
171
0
236
119
90
34
226
44
105
54
28
101
58
83
172
50
84
33
89
52
10
153
106
33
49
76
112
113
162
250
233
239
203
98
95
83
163
255
197
87
222
223
179
126
254
223
211
124
237
30
213
243
164
255
215
157
59
239
251
214
169
144
108
67
222
206
91
254
122
180
157
237
245
149
30
244
172
215
137
135
203
155
7
51
255
120
245
120
121
123
217
92
223
130
0
8
3
141
144
142
128
18
171
48
64
160
3
0
16
102
130
21
145
201
0
173
72
96
128
104
15
82
9
161
118
113
164
28
19
114
241
37
210
210
66
8
8
146
22
64
17
25
108
18
4
108
0
205
105
144
112
162
156
92
18
34
181
68
33
136
152
0
75
110
71
1
34
171
128
80
224
174
226
137
24
33
197
143
177
96
3
93
71
131
109
1
140
49
64
83
22
69
138
0
96
227
202
34
176
180
97
54
30
39
42
19
236
48
68
3
93
112
8
145
235
1
177
9
114
97
226
197
5
130
53
201
98
174
206
0
171
137
106
226
197
130
11
137
41
39
87
106
175
102
18
70
223
179
166
208
6
34
2
207
51
84
171
17
40
104
100
104
104
56
235
245
89
183
111
24
174
24
5
209
92
92
65
17
186
21
181
28
119
161
106
133
238
109
124
168
252
117
64
57
117
14
203
206
125
124
137
137
233
175
233
253
108
24
241
241
127
149
246
108
151
227
181
146
122
67
32
219
155
248
56
124
188
56
167
245
113
254
99
169
197
128
106
252
29
139
13
63
215
83
181
242
243
109
250
196
235
155
121
232
90
242
199
73
177
167
234
210
242
238
170
233
137
63
223
15
141
111
147
199
95
219
239
193
15
130
54
187
63
68
239
90
63
239
246
250
62
56
119
217
127
27
167
221
236
14
87
209
95
209
203
21
249
129
53
92
113
211
219
128
251
31
73
232
248
226
240
248
155
38
207
198
81
207
169
70
203
255
46
85
103
15
212
227
118
61
226
205
6
162
50
254
74
203
229
85
155
237
176
251
30
58
150
241
242
147
245
187
221
8
115
217
237
201
217
23
221
22
165
118
243
103
249
204
237
222
93
235
91
250
199
59
187
174
239
158
242
239
250
237
155
61
255
15
253
111
59
163
95
251
127
237
79
182
54
255
103
125
251
82
119
255
118
242
255
252
127
223
159
123
182
221
237
94
245
217
127
149
207
211
253
233
63
93
121
147
187
122
33
237
178
22
15
85
39
229
100
93
20
95
173
22
70
209
80
83
245
59
211
227
39
28
170
140
29
106
156
60
233
209
44
6
186
74
122
17
220
86
195
149
43
192
28
101
78
19
36
155
136
96
24
23
28
72
246
35
248
73
22
42
232
197
141
206
53
77
106
242
222
184
161
198
239
110
253
66
171
233
41
55
215
108
171
110
182
101
123
216
166
249
7
35
118
223
43
96
254
83
35
237
252
216
156
56
174
217
113
171
110
185
172
90
5
249
95
152
73
24
244
39
189
24
23
34
219
196
42
179
213
96
158
168
227
9
189
99
195
211
176
217
138
236
201
111
111
142
13
110
219
223
219
191
238
4
134
48
94
247
49
100
43
88
254
236
230
208
28
48
62
187
14
81
235
153
169
60
211
241
93
157
74
68
250
19
253
88
85
1
255
49
207
119
205
224
213
167
241
43
213
45
202
156
61
221
44
231
245
236
110
50
68
144
240
122
125
29
124
189
26
90
27
214
85
81
154
208
216
252
46
55
25
57
183
125
136
252
37
137
141
53
61
177
90
142
79
104
222
112
13
82
197
13
250
222
233
222
127
227
217
248
194
57
185
110
251
190
242
235
250
235
155
189
111
79
221
47
59
167
223
243
247
239
111
190
54
178
227
108
243
119
255
255
244
243
127
252
118
251
31
91
182
205
205
118
245
219
87
173
239
223
253
45
173
93
125
147
187
237
196
236
24
87
119
39
94
181
102
172
168
2
156
166
111
193
124
63
100
120
211
52
49
86
229
141
37
241
94
122
65
232
4
150
234
2
112
37
252
114
139
62
167
84
122
116
204
28
172
30
28
217
121
134
1
56
188
35
156
218
214
46
249
196
233
139
125
0
66
248
198
88
171
229
237
66
129
198
170
11
8
183
207
15
137
101
155
101
11
178
131
65
7
34
118
249
19
45
251
27
191
205
180
218
238
56
126
186
127
43
248
73
106
126
247
201
95
52
8
151
233
173
253
28
114
195
163
130
193
8
58
197
136
6
9
35
3
41
202
162
70
100
25
5
19
36
213
10
38
33
96
68
215
193
47
19
34
1
0
146
166
80
2
99
72
34
162
34
170
56
105
149
93
180
7
81
130
16
4
101
1
226
171
17
179
176
181
16
115
176
10
196
43
163
241
232
114
175
201
200
187
202
103
195
69
91
129
137
41
111
87
246
173
118
210
213
127
159
230
192
150
35
210
111
59
71
171
89
56
237
76
104
52
48
174
197
105
151
107
184
172
136
67
241
93
28
81
4
242
19
181
72
87
224
122
138
203
138
243
175
181
248
145
60
219
42
202
146
80
112
173
4
251
109
219
220
55
119
121
33
10
163
38
84
82
181
146
111
50
218
33
83
127
232
161
210
124
114
28
210
199
211
115
156
217
28
5
247
141
223
216
19
211
55
151
83
122
8
185
197
233
43
117
232
114
251
204
185
187
133
239
67
113
70
139
169
169
127
87
126
169
54
154
117
255
179
230
193
135
35
182
202
59
6
235
91
49
237
252
88
60
48
191
209
121
187
126
137
175
94
67
217
95
156
65
148
242
55
189
124
87
162
187
70
33
138
185
0
130
204
198
1
175
1
140
82
196
179
90
137
88
32
103
139
181
110
11
76
194
166
79
3
172
56
83
119
150
28
171
16
236
71
82
2
106
36
104
147
28
65
178
89
40
56
117
35
88
52
106
153
170
33
153
93
112
115
163
129
222
21
40
0
248
37
94
41
215
40
200
66
17
204
171
207
236
165
105
100
64
44
145
77
255
1
226
117
2
42
25
208
2
208
40
16
226
173
160
246
30
58
55
84
18
116
228
152
153
108
52
240
29
135
8
149
208
3
172
80
87
71
251
254
237
237
218
2
95
81
131
239
70
63
154
31
179
126
254
217
210
126
173
31
214
177
38
191
215
149
57
171
251
22
168
128
110
67
206
202
85
255
122
182
189
229
249
21
158
116
164
215
173
135
200
139
23
162
190
120
228
104
121
127
217
88
250
149
44
85
7
217
136
119
104
122
37
255
119
238
127
192
32
226
33
149
97
239
108
137
97
111
190
1
63
238
11
65
63
50
229
116
154
6
155
249
158
213
148
137
135
232
2
252
3
129
37
1
36
252
151
139
45
120
126
178
168
200
22
37
156
69
119
85
56
216
42
39
122
97
100
232
1
68
241
132
1
231
237
173
100
104
193
32
176
206
253
137
252
185
4
72
9
144
7
208
187
0
176
53
197
38
130
58
151
109
136
244
196
0
165
101
116
65
250
7
11
108
172
1
134
72
70
117
56
199
201
79
125
245
248
250
200
57
187
175
232
202
225
77
171
137
13
61
215
206
173
38
59
103
223
179
183
81
39
34
50
250
50
93
235
91
53
248
181
242
126
56
111
215
23
211
58
153
175
30
71
217
93
221
72
145
242
55
191
92
119
161
187
30
41
138
189
34
81
248
167
29
234
223
180
81
166
59
242
29
26
80
219
15
144
231
155
185
0
242
208
65
231
190
250
125
16
33
96
63
79
200
80
144
189
245
104
166
135
99
108
223
106
239
215
158
29
112
92
199
67
173
249
13
42
195
198
213
254
125
77
244
191
179
240
251
85
5
202
205
57
220
9
166
237
254
108
116
69
18
240
235
116
29
252
253
14
82
57
222
85
217
203
192
187
188
57
183
158
59
183
245
186
252
53
136
157
33
63
249
253
159
79
124
222
24
47
208
215
111
251
129
237
222
79
249
120
252
214
121
153
172
239
46
247
206
169
235
168
189
191
69
204
47
251
99
95
115
178
253
71
162
55
254
99
61
241
119
181
253
180
119
252
58
63
255
211
255
244
233
247
126
245
216
143
142
77
159
221
174
15
84
53
129
186
16
251
87
75
240
190
166
241
200
158
98
219
197
113
223
136
214
193
235
46
85
101
3
212
201
124
61
180
172
134
162
154
254
73
201
149
92
186
253
32
255
94
179
183
117
226
154
117
170
157
173
243
145
175
139
219
70
205
18
101
118
99
103
179
120
32
239
25
3
3
217
238
212
174
213
180
121
173
155
74
202
21
83
98
130
71
207
175
12
168
182
13
67
141
56
234
255
44
37
191
22
46
65
126
184
74
149
10
23
180
1
239
27
44
57
129
176
24
28
92
72
162
59
249
25
71
34
247
68
33
155
16
0
130
108
71
1
162
169
128
82
228
162
10
129
8
35
71
139
181
102
139
92
195
166
237
0
140
48
64
115
22
4
171
0
236
103
202
34
34
52
105
54
92
5
186
91
168
48
118
99
89
116
8
153
106
1
177
9
112
65
226
76
107
207
213
114
27
249
246
60
156
110
149
95
248
249
234
162
220
221
47
78
249
228
179
43
42
130
20
125
201
60
61
122
99
116
251
86
119
151
244
211
247
217
22
234
174
73
206
141
37
127
245
89
95
135
78
208
238
43
254
73
12
35
177
226
207
146
215
233
202
194
139
62
217
46
75
162
249
75
189
230
147
189
159
196
47
191
115
115
207
115
38
158
11
130
55
191
163
121
113
118
95
255
180
243
116
42
222
73
134
89
247
201
141
92
21
245
7
141
235
19
248
166
45
82
101
145
217
233
222
238
219
255
181
85
181
62
117
60
74
158
253
54
77
245
247
121
186
249
215
155
253
58
103
189
122
253
85
215
231
207
110
146
124
218
81
126
251
118
155
74
191
221
236
255
145
156
221
158
12
254
185
154
95
51
245
249
31
210
249
12
252
194
207
130
215
233
138
194
139
62
121
42
75
174
249
107
189
102
147
189
150
204
47
139
123
99
223
115
38
158
3
130
119
255
227
89
49
114
117
255
228
231
116
42
95
73
134
249
215
201
197
88
5
245
7
143
235
19
244
182
61
84
101
145
121
73
222
119
232
0
126
33
87
121
220
104
141
70
177
204
171
231
236
173
109
52
192
124
179
205
45
9
128
125
6
56
81
240
66
240
184
81
246
5
224
214
30
58
183
90
147
98
228
136
33
102
52
232
61
135
12
148
252
3
172
90
86
71
185
240
223
246
223
239
183
196
183
62
217
60
203
174
253
7
45
231
215
253
191
220
47
191
115
114
79
115
54
255
81
130
55
255
99
56
113
118
85
127
244
87
126
170
254
221
148
89
215
205
21
94
189
253
174
142
207
83
252
102
159
82
109
135
249
241
223
246
223
253
183
245
247
63
221
44
219
174
255
198
141
227
215
189
47
92
111
255
115
123
111
18
54
255
89
74
63
255
99
56
241
246
223
127
180
87
254
170
246
221
130
93
211
205
21
95
188
221
230
139
239
115
220
110
15
210
109
151
223
7
196
136
186
7
216
8
5
33
227
33
200
146
2
36
11
136
43
32
145
131
117
115
75
81
19
145
39
3
60
129
65
135
144
211
0
107
72
234
34
98
42
44
105
147
84
119
107
81
202
24
6
231
65
120
178
19
195
146
181
17
241
218
75
199
199
128
116
229
98
127
222
160
9
169
235
98
205
6
9
137
41
47
215
106
171
102
146
70
127
211
166
209
6
34
1
223
57
4
171
91
48
104
237
88
40
56
175
213
121
183
110
25
174
24
7
209
92
220
1
17
243
55
157
56
119
160
90
58
234
231
206
238
221
209
47
223
52
31
157
61
126
125
236
255
182
122
58
214
59
159
215
251
253
21
46
231
219
87
238
133
239
99
86
222
19
251
126
185
221
229
55
29
246
189
107
165
165
207
203
190
15
150
211
52
226
234
61
243
77
36
222
250
218
175
223
110
119
219
183
222
254
126
157
31
252
121
238
21
215
124
190
220
215
164
183
187
231
173
54
253
211
86
250
227
44
209
117
223
83
248
241
242
93
247
62
212
166
209
111
191
169
159
143
255
61
159
223
69
246
123
222
123
156
78
252
88
201
138
252
34
91
124
39
25
240
127
136
18
180
124
234
181
154
120
207
15
184
229
147
249
79
131
216
69
229
188
160
240
50
112
232
203
87
210
240
178
191
241
127
190
143
71
110
197
195
231
215
104
95
179
140
147
227
105
254
89
40
131
241
193
110
83
215
248
14
130
192
106
125
34
75
194
243
194
161
226
229
141
39
77
140
41
112
79
138
41
43
150
10
59
23
114
39
84
251
80
114
133
244
211
86
24
30
200
10
200
149
137
37
84
37
89
31
143
75
16
120
49
60
92
86
32
185
137
247
127
65
254
55
174
240
121
31
40
75
206
113
224
73
207
237
239
175
117
116
57
252
226
127
63
242
252
70
182
16
94
74
220
197
89
124
125
161
125
71
122
63
211
228
86
213
172
221
12
118
203
237
142
77
23
221
22
135
87
123
101
186
76
201
138
185
3
209
252
135
61
234
45
136
18
130
109
235
137
24
49
207
15
209
118
25
97
69
139
100
81
71
54
50
248
16
159
225
19
109
232
48
50
43
116
45
55
31
87
186
31
200
54
53
223
93
244
220
147
203
41
253
93
250
73
162
208
50
85
244
252
42
38
118
64
52
250
17
77
209
84
128
239
204
239
100
64
136
40
146
206
93
29
244
173
4
32
204
80
99
80
57
76
176
53
197
101
150
155
151
77
138
254
204
0
181
69
210
65
126
7
9
197
252
1
130
68
70
69
60
9
13
144
178
3
75
32
66
3
64
2
4
48
230
233
240
230
18
1
64
199
12
137
99
79
152
32
13
82
2
186
97
18
38
85
154
1
66
77
68
129
213
28
66
76
22
103
238
193
36
80
20
162
29
128
9
24
34
43
161
8
14
35
224
15
216
142
169
255
243
212
158
61
186
164
233
10
152
47
205
141
252
123
218
224
83
254
57
103
121
89
118
125
69
55
231
221
248
155
104
114
117
172
51
114
159
126
61
85
213
83
224
220
218
222
5
217
253
209
92
178
132
175
191
209
219
6
219
11
222
174
233
255
245
244
151
61
251
164
201
10
89
39
141
141
252
121
219
244
65
126
121
99
123
25
38
125
85
33
247
237
114
154
32
83
113
44
33
115
62
58
191
213
209
83
195
24
217
94
13
245
237
219
72
179
194
175
159
210
243
14
219
205
237
207
109
48
123
120
214
121
154
228
173
66
161
239
235
130
204
189
109
13
192
100
152
165
9
171
144
205
71
54
48
248
81
61
251
91
119
149
181
146
238
58
30
122
159
74
252
205
33
118
247
73
255
167
12
214
236
41
236
93
6
83
177
35
140
224
102
72
142
87
3
246
93
38
65
170
123
84
20
106
163
181
177
213
47
89
119
115
155
21
39
110
153
1
101
135
235
106
176
239
24
161
60
241
222
40
199
201
80
253
75
161
164
137
8
100
4
155
1
54
242
118
173
210
23
32
219
195
193
8
58
205
128
14
8
34
35
169
234
162
74
36
25
5
51
36
213
138
34
33
104
68
215
227
111
147
32
161
0
146
148
152
1
35
8
34
226
98
234
40
105
210
89
182
19
80
202
16
4
109
193
228
163
17
147
180
52
20
114
146
9
136
207
14
235
239
249
250
145
60
219
36
207
130
82
109
173
0
251
189
219
212
45
127
123
33
91
3
38
93
83
35
87
239
50
218
33
115
91
236
160
211
62
122
62
211
87
91
115
153
217
28
5
253
237
153
200
19
211
247
175
82
123
130
251
197
205
138
117
233
226
252
214
57
169
237
201
194
205
6
169
137
41
55
211
239
175
102
155
98
127
147
230
193
7
34
118
255
57
0
104
83
37
232
186
122
60
56
175
253
113
183
107
25
238
26
7
217
93
152
64
19
211
183
189
56
115
128
234
196
233
131
61
32
98
248
198
216
187
224
237
66
129
198
171
11
8
191
79
13
136
101
159
197
27
191
130
65
6
34
86
248
13
109
255
24
182
237
244
218
110
56
62
251
123
42
248
105
169
102
115
201
95
36
72
150
249
1
188
124
86
67
163
213
54
85
52
220
42
39
124
97
101
232
19
76
97
134
1
233
109
165
100
104
233
40
160
206
237
153
251
184
0
105
77
16
113
80
186
8
160
53
199
101
130
26
147
237
8
252
0
0
180
65
98
65
250
6
13
108
28
1
18
204
70
52
124
237
214
239
201
238
151
159
176
190
127
12
74
223
125
51
77
149
253
254
162
248
213
26
248
186
116
189
118
172
215
87
243
215
216
154
97
218
253
188
107
116
15
74
188
213
232
212
81
190
221
136
47
223
249
156
223
63
220
82
29
214
217
76
254
240
5
182
149
195
71
158
167
6
237
25
143
151
236
19
62
125
43
96
215
120
135
246
128
218
111
252
110
128
150
230
179
239
57
67
165
153
8
232
104
120
8
53
170
245
112
167
109
153
138
152
11
242
94
24
209
11
243
83
177
62
114
8
106
58
202
166
207
239
221
145
167
142
116
31
140
187
254
127
236
63
246
98
178
244
23
223
109
27
224
132
14
183
211
95
206
167
172
67
20
215
66
234
106
154
93
197
46
221
246
165
171
255
204
157
137
182
13
156
211
33
242
242
189
243
221
14
253
42
32
0
170
15
129
13
11
231
98
25
36
185
110
53
116
215
50
65
208
147
86
25
79
210
196
98
13
2
218
253
192
75
174
15
158
11
110
73
74
12
65
68
40
86
93
36
175
84
102
144
0
38
0
68
17
8
34
210
176
137
202
234
32
129
207
130
87
233
200
192
143
58
153
174
111
162
209
107
173
111
147
189
159
78
47
175
115
99
95
83
38
151
3
2
54
191
39
112
112
115
83
239
164
211
116
42
86
201
7
89
231
201
141
92
53
213
15
137
235
19
240
166
47
80
117
129
89
225
223
246
223
239
157
196
189
62
241
12
203
174
253
102
141
111
183
253
191
94
239
255
115
115
127
82
54
255
81
194
39
159
103
114
112
83
83
127
228
87
127
202
246
221
143
93
135
141
81
223
60
213
174
139
239
51
252
228
31
210
109
135
219
224
238
119
235
248
126
166
251
252
249
106
255
167
247
221
173
115
197
253
47
85
142
189
125
123
223
13
167
255
139
34
222
226
103
127
241
117
158
237
180
127
92
50
183
221
147
126
225
232
189
252
185
221
47
141
201
86
252
103
172
94
86
53
188
26
26
144
166
111
10
6
3
83
88
82
101
52
86
40
16
244
147
128
144
197
53
193
67
194
72
224
205
10
224
141
225
15
176
81
48
125
74
200
64
197
149
87
73
197
5
231
79
210
102
137
6
230
5
91
201
7
115
151
177
2
59
208
74
205
201
138
81
35
211
248
134
25
179
39
200
18
146
97
170
9
25
188
143
133
21
228
19
97
87
129
102
65
103
150
115
187
16
160
96
115
73
232
184
240
61
49
36
179
22
19
107
155
234
58
21
253
77
248
192
19
211
63
253
89
179
64
203
184
218
84
231
255
249
162
249
254
25
254
95
175
21
94
189
255
215
255
120
76
2
171
124
239
221
125
106
255
67
179
174
221
237
122
92
119
179
173
247
221
213
90
31
73
167
254
149
168
21
223
32
248
167
143
105
16
244
165
172
84
79
36
252
250
146
230
167
239
245
139
189
62
95
80
79
191
108
51
117
124
223
89
244
248
23
190
120
58
120
120
126
220
211
247
191
109
109
95
53
223
117
109
100
93
69
86
30
201
165
250
181
156
29
220
5
242
190
156
121
144
244
35
156
86
79
40
176
242
11
196
166
1
10
4
7
127
81
22
99
174
179
22
22
124
131
97
181
69
5
115
99
209
75
88
111
42
144
128
161
159
37
114
176
111
72
165
236
197
149
48
163
201
17
119
237
209
160
137
8
228
15
187
141
62
119
23
181
26
87
20
74
45
222
174
233
61
245
164
87
61
216
172
201
8
25
47
141
137
252
185
232
240
65
126
121
97
109
9
166
125
21
33
199
205
112
251
0
211
241
45
35
119
62
58
183
93
209
95
226
24
217
126
13
245
237
147
12
146
198
239
135
210
75
14
219
76
33
154
21
2
193
248
231
3
171
129
6
210
164
163
98
172
11
96
199
27
149
71
201
208
80
242
232
64
142
182
50
111
20
5
239
26
109
104
88
48
72
53
46
167
124
131
63
25
234
56
7
240
88
92
73
18
115
57
177
45
51
96
226
248
13
178
151
3
197
140
175
14
235
153
143
178
164
35
46
125
155
96
215
92
133
119
129
147
127
241
106
0
150
230
179
235
52
103
188
155
108
232
108
112
92
52
174
223
53
143
125
153
170
24
11
242
31
28
65
2
243
87
177
30
86
8
106
