
600
570
235
35.3401
-1
0
241
408
0.00372678
31
-45
-1
0
416
227
0.00638609
31
53.9017
-1
0
151
218
0.00648263
31
134.669
-1
0
465
228
0.0110999
31
136.425
-1
0
480
225
0.00412575
31
-76.7184
-1
0
149
235
0.0056204
31
61.049
-1
0
152
216
0.00792846
31
177.274
-1
0
446
392
0.00411312
31
70.821
-1
0
155
213
0.00518932
31
-149.899
-1
0
450
207
0.00448922
31
-135
-1
0
447
217
0.00569998
31
-142.253
-1
0
381
332
0.00428995
31
-64.7989
-1
0
418
228
0.00619696
31
-76.3832
-1
0
239
371
0.00405926
31
170.356
-1
0
456
206
0.00722017
31
26.811
-1
0
147
214
0.0048567
31
-55.6197
-1
0
394
346
0.00604794
31
4.76364
-1
0
359
286
0.0039026
31
125.327
-1
0
219
323
0.00418352
31
-78.9765
-1
0
422
230
0.00556828
31
-123.69
-1
0
398
235
0.00597699
31
14.7197
-1
0
129
212
0.00786826
31
-38.047
-1
0
335
267
0.00567699
31
146.699
-1
0
473
202
0.00646934
31
147.026
-1
0
476
202
0.0068669
31
-104.845
-1
0
320
250
0.00270801
31
102.236
-1
0
368
288
0.00360667
31
109.956
-1
0
214
318
0.00304755
31
167.905
-1
0
259
280
0.00334736
31
-145.856
-1
0
422
365
0.00298599
31
-116.565
-1
0
370
426
0.00244924
31
-103.083
-1
0
225
362
0.00357981
31
-113.806
-1
0
412
235
0.00301265
31
70.5069
-1
0
430
411
0.00245057
31
86.1859
-1
0
436
372
0.00271903
31
79.7778
-1
0
220
315
0.00354083
31
-123.541
-1
0
412
208
0.00252362
31
145.268
-1
0
462
202
0.00313264
31
134.287
-1
0
450
368
0.00327512
31
179.465
-1
0
473
234
0.00274566
31
-27.3239
-1
0
299
230
0.00305709
31
146.821
-1
0
433
361
0.0029377
31
102.095
-1
0
438
336
0.00275614
31
-117.216
-1
0
405
241
0.0035724
31
-29.5641
-1
0
391
461
0.00272829
31
-34.0641
-1
0
394
467
0.00350551
31
47.7792
-1
0
437
383
0.00244712
31
169.287
-1
0
444
393
0.00319205
31
126.304
-1
0
446
373
0.00253343
31
-90
-1
0
414
233
0.00293671
31
19.938
-1
0
146
209
0.00251495
31
148.799
-1
0
463
204
0.00252552
31
-33.4533
-1
0
344
269
0.00281655
31
-174.413
-1
0
452
200
0.00298493
31
-117.327
-1
0
402
213
0.00306744
31
-112.891
-1
0
399
210
0.00234694
31
79.5085
-1
0
432
429
0.00242561
31
78.8571
-1
0
484
379
0.00235396
31
97.9893
-1
1
435.6
372
0.00256438
37.2
-134.526
-1
1
397.2
235.2
0.00393318
37.2
-77.3474
-1
1
415.2
226.8
0.00300599
37.2
103.473
-1
1
440.4
372
0.00295144
37.2
96.0885
-1
1
438
372
0.00329412
37.2
-170.194
-1
1
447.6
216
0.00343501
37.2
149.115
-1
1
465.6
228
0.00502848
37.2
151.489
-1
1
464.4
230.4
0.00448193
37.2
175.121
-1
1
456
205.2
0.00307164
37.2
-34.992
-1
1
334.8
267.6
0.00322433
37.2
152.496
-1
1
475.2
202.8
0.00304865
37.2
-158.908
-1
1
381.6
332.4
0.00189811
37.2
10.6603
-1
1
148.8
219.6
0.00224968
37.2
177.51
-1
1
259.2
280.8
0.0021833
37.2
-61.3051
-1
1
148.8
234
0.00227361
37.2
-87.8789
-1
1
417.6
226.8
0.00212828
37.2
31.7236
-1
1
151.2
217.2
0.00231389
37.2
59.9667
-1
1
436.8
382.8
0.00252682
37.2
35.8377
-1
1
358.8
286.8
0.00236364
37.2
-93.0128
-1
1
422.4
229.2
0.00207106
37.2
-74.1406
-1
1
238.8
370.8
0.00205307
37.2
16.5873
-1
1
146.4
214.8
0.00233992
37.2
133.781
-1
1
450
367.2
0.00251176
37.2
-165.689
-1
1
422.4
364.8
0.00232018
37.2
161.061
-1
1
444
393.6
0.00199429
37.2
-119.954
-1
1
414
232.8
0.00252308
37.2
11.684
-1
1
128.4
213.6
0.00238807
37.2
-123.69
-1
1
411.6
234
0.00244711
37.2
-104.47
-1
1
254.4
276
0.00228383
37.2
12.6843
-1
1
129.6
211.2
0.00255887
37.2
114.905
-1
1
218.4
322.8
0.00227318
37.2
151.612
-1
1
472.8
202.8
0.00240879
37.2
-126.651
-1
1
411.6
207.6
0.0024578
37.2
-49.4556
-1
1
332.4
265.2
0.0023026
37.2
-122.347
-1
1
404.4
241.2
0.00174681
37.2
17.3279
-1
1
146.4
217.2
0.00186107
37.2
-147.552
-1
1
384
222
0.00175455
37.2
29.2639
-1
1
147.6
208.8
0.00175431
37.2
-159.567
-1
1
450
206.4
0.00187947
37.2
153.576
-1
1
423.6
352.8
0.00144583
37.2
-107.969
-1
1
387.6
357.6
0.00151918
37.2
-117.843
-1
1
402
213.6
0.00151564
37.2
24.1791
-1
1
240
408
0.00170407
37.2
144.56
-1
1
433.2
361.2
0.00163087
37.2
122.692
-1
1
368.4
289.2
0.00170012
37.2
79.992
-1
1
432
429.6
0.00146317
37.2
-102.995
-1
1
417.6
384
0.00145984
37.2
-159.146
-1
1
409.2
354
0.00146428
37.2
160.296
-1
1
462
202.8
0.00159077
37.2
133.132
-1
1
446.4
373.2
0.0016446
37.2
43.4
-1
1
420
424.8
0.00155649
37.2
-40.5251
-1
2
334.08
267.84
0.00205069
44.64
-72.1811
-1
2
259.2
280.8
0.00169232
44.64
112.225
-1
2
439.2
371.52
0.00199732
44.64
-126.444
-1
2
413.28
233.28
0.00182525
44.64
93.1798
-1
2
360
288
0.00166466
44.64
82.0928
-1
2
437.76
383.04
0.00170744
44.64
179.119
-1
2
455.04
201.6
0.00156156
44.64
-179.021
-1
2
453.6
221.76
0.00179236
44.64
-146.31
-1
2
384.48
221.76
0.00166907
44.64
1.39718
-1
2
148.32
218.88
0.00152914
44.64
-120.964
-1
2
404.64
217.44
0.00181936
44.64
15.2551
-1
2
151.2
217.44
0.00195304
44.64
175.878
-1
2
447.84
216
0.00201037
44.64
12.9381
-1
2
146.88
216
0.00247141
44.64
35.3948
-1
2
152.64
213.12
0.00191763
44.64
45.8551
-1
2
306.72
316.8
0.00121527
44.64
-167.705
-1
2
423.36
365.76
0.00141455
44.64
48.7241
-1
2
318.24
311.04
0.00125181
44.64
55.4915
-1
2
316.8
282.24
0.00128382
44.64
27.3682
-1
2
303.84
286.56
0.00116277
44.64
-149.3
-1
2
390.24
227.52
0.00132948
44.64
-169.046
-1
2
390.24
378.72
0.00129344
44.64
-116.565
-1
2
417.6
383.04
0.000828951
44.64
-70.1278
-1
2
239.04
371.52
0.000997622
44.64
-164.427
-1
2
450.72
205.92
0.00107546
44.64
70.0169
-1
2
224.64
325.44
0.00109582
44.64
87.6785
-1
2
437.76
390.24
0.00106832
44.64
48.1548
-1
2
312.48
285.12
0.0011245
44.64
81.2026
-1
2
358.56
293.76
0.00103479
44.64
136.831
-1
2
440.64
345.6
0.00108008
44.64
30.7355
-1
2
146.88
208.8
0.001014
44.64
178.466
-1
2
375.84
326.88
0.00111089
44.64
157.348
-1
2
447.84
387.36
0.00103225
44.64
140.738
-1
2
433.44
361.44
0.000881723
44.64
148.736
-1
2
443.52
393.12
0.00110556
44.64
-95.7106
-1
2
352.8
390.24
0.000914484
44.64
-134.526
-1
2
403.2
240.48
0.000934193
44.64
50.4281
-1
2
315.36
315.36
0.00100515
44.64
133.234
-1
2
452.16
365.76
0.000978835
44.64
28.5828
-1
2
169.92
201.6
0.000930971
44.64
32.6508
-1
2
300.96
289.44
0.00111773
44.64
158.518
-1
2
452.16
381.6
0.001064
44.64
145.856
-1
2
368.64
288
0.000983858
44.64
-137.49
-1
2
387.36
357.12
0.00111517
44.64
42.4105
-1
2
419.04
424.8
0.000949087
44.64
-111.448
-1
2
396
348.48
0.000989079
44.64
-157.659
-1
2
398.88
275.04
0.000850402
44.64
51.3402
-1
2
174.24
174.24
0.000811892
44.64
-2.04541
-1
2
334.08
275.04
0.000813737
44.64
-94.8991
-1
3
352.512
390.528
0.000642244
53.568
33.2395
-1
3
172.8
193.536
0.000720055
53.568
13.2079
-1
3
300.672
288.576
0.000954012
53.568
-147.995
-1
3
418.176
381.888
0.000681332
53.568
59.1911
-1
3
214.272
311.04
0.000634278
53.568
-134.182
-1
3
411.264
231.552
0.00125373
53.568
132.51
-1
3
357.696
286.848
0.000920176
53.568
18.869
-1
3
304.128
286.848
0.00107044
53.568
45
-1
3
317.952
311.04
0.00127962
53.568
39.9364
-1
3
311.04
285.12
0.000961937
53.568
40.2364
-1
3
176.256
183.168
0.000699368
53.568
28.5707
-1
3
297.216
312.768
0.000636806
53.568
47.2026
-1
3
316.224
281.664
0.000960187
53.568
-57.8043
-1
3
259.2
281.664
0.00157182
53.568
47.406
-1
3
174.528
174.528
0.000623009
53.568
111.038
-1
3
359.424
293.76
0.000733212
53.568
-153.048
-1
3
392.256
380.16
0.000761015
53.568
37.2664
-1
3
314.496
314.496
0.00108621
53.568
40.3051
-1
3
304.128
319.68
0.000948274
53.568
-159.069
-1
3
397.44
274.752
0.000772406
53.568
-144.3
-1
3
416.448
205.632
0.00133831
53.568
-105.819
-1
3
359.424
383.616
0.000617411
53.568
35.8584
-1
3
307.584
316.224
0.00121466
53.568
-80.3112
-1
3
254.016
273.024
0.00092747
53.568
-136.397
-1
3
387.072
355.968
0.000705889
53.568
67.9638
-1
3
330.048
305.856
0.000685681
53.568
-144.689
-1
3
383.616
221.184
0.00117134
53.568
60.3409
-1
3
219.456
319.68
0.00118147
53.568
-48.0128
-1
3
333.504
267.84
0.00105896
53.568
-62.8428
-1
3
240.192
369.792
0.000587738
53.568
-81.4088
-1
3
345.6
397.44
0.00059967
53.568
-63.8058
-1
3
238.464
336.96
0.000535023
53.568
-177.879
-1
3
374.976
326.592
0.000561676
53.568
-144.782
-1
3
406.08
395.712
0.000515806
53.568
-153.258
-1
3
371.52
340.416
0.000583794
53.568
-178.652
-1
3
421.632
364.608
0.000590616
53.568
-100.646
-1
3
229.824
343.872
0.000511235
53.568
39.5362
-1
4
319.334
311.04
0.000755747
64.2816
34.3078
-1
4
315.187
315.187
0.000630834
64.2816
-5.52754
-1
4
304.819
286.157
0.000868884
64.2816
0
-1
4
311.04
284.083
0.000798497
64.2816
24.444
-1
4
317.261
282.01
0.000665111
64.2816
30.8849
-1
4
308.966
317.261
0.000848531
64.2816
45
-1
4
217.728
319.334
0.000688048
64.2816
-71.9395
-1
4
261.274
279.936
0.00102539
64.2816
-58.9125
-1
4
250.906
279.936
0.00154887
64.2816
24.2744
-1
4
296.525
313.114
0.000763577
64.2816
-161.647
-1
4
396.058
273.715
0.000558711
64.2816
-69.1142
-1
4
252.979
273.715
0.00117756
64.2816
-5.19443
-1
4
300.672
290.304
0.000572437
64.2816
-146.31
-1
4
383.616
221.875
0.000831843
64.2816
29.9667
-1
4
302.746
319.334
0.000740401
64.2816
139.667
-1
4
358.733
294.451
0.000470224
64.2816
-4.08562
-1
4
294.451
292.378
0.0004454
64.2816
63.0939
-1
4
329.702
306.893
0.000439067
64.2816
-9.78241
-1
4
284.083
290.304
0.000441111
64.2816
169.315
-1
4
358.733
286.157
0.000438435
64.2816
-59.1115
-1
4
236.39
337.997
0.00040117
64.2816
-69.5672
-1
4
333.85
267.494
0.000436677
64.2816
-46.5074
-1
4
282.01
257.126
0.000411969
64.2816
154.933
-1
5
358.318
293.622
0.000300258
77.1379
-73.8108
-1
5
320.993
276.204
0.000512091
77.1379
24.9864
-1
5
303.575
320.993
0.00037237
77.1379
16.2202
-1
5
296.11
311.04
0.000597968
77.1379
49.8645
-1
5
325.97
308.552
0.000303725
77.1379
-27.2996
-1
5
296.11
278.692
0.000481781
77.1379
-26.822
-1
5
298.598
288.645
0.000648762
77.1379
-24.7751
-1
5
311.04
283.669
0.000645152
77.1379
-41.4965
-1
5
316.017
281.18
0.000595169
77.1379
-55.6539
-1
5
261.274
281.18
0.000527315
77.1379
-47.2197
-1
5
251.32
281.18
0.00116614
77.1379
-49.3987
-1
5
251.32
273.715
0.0010069
77.1379
34.7432
-1
5
320.993
311.04
0.000460026
77.1379
21.8014
-1
5
313.528
313.528
0.000640283
77.1379
20.0261
-1
5
298.598
318.505
0.000787622
77.1379
-40.0794
-1
5
283.669
256.297
0.000277542
77.1379
-85.6013
-1
5
330.947
276.204
0.000254513
77.1379
235
64
80
11
147
214
32
130
218
34
67
128
87
134
210
144
25
18
38
195
56
15
6
13
195
195
201
144
152
76
2
160
148
41
22
53
49
153
12
78
202
64
161
56
177
98
171
140
233
46
211
128
33
215
49
72
56
202
65
107
24
73
65
37
81
243
210
89
146
154
66
74
70
135
199
162
41
128
51
194
126
251
255
147
52
199
6
159
101
7
199
199
239
77
131
168
154
96
32
47
102
223
10
100
71
194
34
67
36
105
31
94
5
238
197
32
82
84
34
27
37
211
145
120
32
53
29
116
16
160
250
249
255
254
55
111
93
62
215
133
253
249
127
250
182
254
255
246
126
255
55
255
229
55
191
239
231
255
123
255
246
169
138
47
166
254
207
125
242
253
122
223
247
111
191
63
183
110
255
166
223
207
248
61
246
85
249
183
127
251
187
252
191
223
109
174
229
168
92
63
39
126
252
124
202
181
109
63
220
239
195
77
203
108
245
65
201
247
13
236
8
149
123
76
49
201
221
71
213
186
84
250
149
52
254
215
26
167
85
179
102
201
186
52
169
8
227
61
143
12
108
172
7
252
218
198
38
92
61
238
101
170
26
127
39
126
252
124
250
181
125
63
220
236
235
244
195
104
245
66
153
183
29
253
13
151
127
222
113
205
217
100
117
186
86
114
189
124
255
214
58
175
84
179
116
235
169
37
93
12
224
29
143
13
40
230
35
188
218
199
34
254
173
190
247
225
252
255
167
252
249
253
206
127
207
61
203
229
235
237
187
106
244
5
238
248
111
237
24
166
252
71
35
223
253
225
93
49
117
243
237
52
125
84
122
182
77
131
127
225
184
125
93
37
241
191
156
73
118
252
167
172
202
87
36
254
251
249
254
254
55
111
93
46
215
197
253
248
127
250
54
222
255
183
126
255
55
255
229
55
191
255
247
255
123
255
246
169
202
47
38
255
207
125
242
253
122
219
245
111
187
57
183
110
255
166
223
203
232
28
246
85
249
247
121
251
187
252
187
223
251
221
154
159
227
71
90
133
31
231
61
158
22
238
111
254
255
146
48
199
14
187
231
34
59
199
242
121
211
187
222
59
224
53
21
255
194
71
202
254
50
219
189
120
191
30
237
60
221
174
86
5
248
31
148
227
209
243
57
57
93
84
50
249
250
249
255
246
118
71
93
39
215
197
245
240
127
235
22
94
255
211
118
247
55
175
241
167
255
255
247
255
99
188
244
168
194
63
38
223
206
61
242
253
90
202
181
235
251
56
183
110
239
166
211
203
104
30
52
85
249
183
113
251
63
181
153
235
50
247
116
182
191
148
31
9
231
78
49
114
173
107
20
84
246
163
70
176
211
102
17
110
212
130
231
95
42
184
237
224
146
236
14
158
234
56
178
253
70
202
25
201
208
80
212
79
146
166
144
11
96
16
95
89
8
243
82
144
58
210
106
41
58
245
24
126
55
176
218
9
82
154
117
248
36
66
5
83
118
214
4
219
195
42
129
86
224
138
226
217
87
57
229
120
162
60
156
182
255
24
130
245
218
202
147
72
242
151
131
79
187
191
26
71
108
0
253
73
18
243
127
222
120
114
162
177
122
49
253
254
54
63
94
39
87
230
117
144
125
226
63
94
180
211
114
255
55
253
81
151
157
35
230
221
99
252
244
232
199
60
134
191
203
120
210
121
186
203
245
109
247
188
195
110
159
174
139
207
98
29
27
93
93
247
123
219
123
250
106
227
225
13
147
22
1
78
85
79
199
160
47
176
51
202
238
254
235
22
36
71
6
171
245
7
95
199
135
13
3
168
24
104
162
7
100
190
0
6
195
220
130
250
180
225
186
94
37
238
209
160
114
220
48
25
53
130
145
58
97
123
57
116
145
234
7
4
0
0
201
0
2
0
2
98
41
52
0
11
128
48
96
32
5
192
9
128
128
0
68
148
169
9
146
14
1
1
0
36
85
154
0
32
1
222
0
64
24
137
192
24
164
12
17
44
16
4
96
24
132
65
16
114
49
176
8
86
32
232
179
246
117
34
223
172
7
88
238
101
254
127
173
127
204
245
243
180
71
112
249
162
185
52
86
236
109
43
243
154
99
237
232
45
70
190
66
50
37
254
95
214
24
143
68
115
236
5
137
37
80
8
96
30
143
65
56
240
33
188
218
70
34
216
187
253
255
254
55
125
221
123
247
221
253
249
127
122
244
254
251
246
126
123
183
126
241
119
189
255
247
59
127
251
246
253
134
108
182
254
254
121
251
253
123
223
255
127
250
53
245
111
175
183
223
207
250
30
190
85
112
246
127
223
251
223
175
255
194
217
138
223
247
66
220
135
94
225
61
250
179
198
119
251
59
215
60
159
15
141
231
11
47
215
187
43
147
171
150
55
162
167
55
219
90
93
254
119
115
122
229
120
159
28
153
180
197
139
86
245
157
226
180
226
209
125
120
127
93
117
147
187
197
238
198
69
217
138
230
216
40
49
32
123
130
251
198
9
42
101
189
45
79
141
170
104
102
223
27
39
191
11
2
7
87
231
124
219
0
181
127
150
69
226
42
215
169
8
125
145
68
213
116
176
77
226
134
174
216
28
160
15
76
69
149
57
130
216
8
79
239
216
218
1
62
177
31
206
154
92
108
189
29
179
60
155
134
63
251
105
37
215
211
126
87
127
151
118
135
248
219
68
242
73
234
51
113
189
100
105
149
92
189
59
213
219
154
13
188
229
248
243
51
83
254
63
241
57
148
218
85
233
219
220
16
75
117
110
67
196
175
176
83
202
206
234
139
20
32
71
7
184
228
3
77
167
131
41
99
42
86
41
178
22
117
202
0
80
243
253
178
191
189
97
188
30
117
238
211
166
103
215
56
29
53
0
185
178
105
123
25
244
229
217
22
35
49
144
2
7
13
79
135
34
139
52
81
164
177
86
240
16
66
64
129
178
208
3
92
128
164
73
0
172
29
200
96
28
71
174
128
98
1
76
4
1
20
8
100
116
129
78
18
44
152
1
50
24
20
81
8
98
19
176
40
70
42
96
186
245
255
247
55
213
221
75
246
255
253
251
255
106
180
126
251
213
38
107
198
46
195
127
125
223
247
59
82
187
119
235
215
36
117
190
210
120
233
125
112
92
57
47
215
20
245
111
153
172
24
5
240
29
156
73
16
242
51
189
88
87
32
250
198
233
139
240
64
90
220
199
8
170
43
208
82
196
204
234
1
73
61
79
135
253
108
11
15
199
131
7
67
47
48
90
114
150
220
171
122
126
247
178
194
126
184
104
147
30
65
250
91
172
50
213
73
93
229
10
209
234
35
255
76
112
211
179
41
54
101
42
221
110
39
88
228
92
234
53
109
47
236
229
235
244
3
100
96
66
136
116
78
253
41
1
250
10
59
73
212
100
85
186
80
114
13
116
117
84
26
47
68
19
244
196
152
36
24
4
224
29
141
73
24
176
35
188
88
71
32
240
33
22
101
42
221
46
39
88
228
92
234
51
45
47
142
101
227
244
3
100
112
66
152
116
78
237
61
33
250
10
99
73
212
100
85
186
82
48
45
124
116
84
26
175
84
18
244
196
152
36
24
4
224
29
140
73
24
176
35
188
88
71
32
240
88
154
255
205
254
247
251
244
61
255
94
207
221
116
123
233
255
223
249
110
244
85
206
249
171
104
56
254
253
71
255
255
247
97
217
121
87
255
252
113
245
93
223
62
245
134
219
125
158
153
31
165
242
253
156
77
85
254
59
207
85
31
6
246
28
42
101
201
168
249
166
121
185
184
222
21
221
117
217
160
137
137
203
42
244
112
202
250
105
124
20
244
108
199
63
206
95
82
65
32
124
250
248
32
125
53
235
38
101
167
247
107
186
217
173
111
182
93
218
28
39
70
159
229
194
11
101
86
131
212
136
175
207
192
218
0
31
231
21
206
138
72
38
61
172
119
52
211
142
61
194
105
100
215
251
110
83
35
215
39
151
181
153
1
115
73
234
99
97
200
109
105
151
28
253
63
157
218
24
5
244
225
252
227
25
147
178
187
145
251
144
235
196
10
131
193
202
91
134
240
14
251
26
71
147
212
123
160
65
85
220
6
76
141
142
200
11
68
26
70
148
203
27
31
99
163
93
73
84
247
207
134
17
52
64
62
13
142
108
177
133
77
16
180
151
255
141
226
65
72
32
44
68
12
16
180
187
253
155
94
39
153
221
10
219
147
63
234
190
254
108
90
189
179
36
155
134
126
65
199
177
119
243
122
42
251
214
114
159
60
97
228
254
73
250
121
112
157
237
105
183
116
181
111
243
170
169
79
254
13
120
85
55
243
246
127
59
249
201
202
4
10
0
169
40
216
160
101
24
186
74
5
64
20
217
160
1
72
129
8
197
32
78
216
9
8
0
194
4
6
35
70
117
144
89
32
53
242
233
32
192
52
2
4
118
134
34
115
26
73
60
48
196
93
155
8
134
195
7
164
64
82
99
244
75
4
136
58
85
162
38
79
0
34
128
16
32
128
171
67
202
84
17
68
136
131
206
49
76
136
168
13
82
8
49
72
81
38
21
187
2
112
5
86
48
66
24
8
87
156
1
132
25
44
26
4
33
24
132
9
144
160
43
156
72
6
32
241
21
245
125
92
48
31
81
114
34
68
165
240
76
121
236
219
160
236
4
109
7
120
96
163
141
162
128
89
105
44
84
105
178
80
244
170
194
122
147
253
214
159
57
7
176
18
193
78
145
165
39
78
120
29
147
13
56
211
51
190
89
214
103
249
235
223
108
236
127
191
255
25
61
93
223
235
191
125
108
77
181
253
253
255
244
119
210
115
117
254
217
118
124
119
127
225
159
121
210
240
247
91
248
121
124
159
123
191
245
87
247
111
189
191
153
13
249
125
219
93
58
247
119
191
243
223
174
218
45
239
111
233
48
245
229
124
217
220
206
181
65
53
217
226
139
236
195
106
245
104
76
211
189
253
20
145
109
199
51
219
223
66
117
186
92
250
217
60
61
53
187
182
116
161
119
106
59
61
239
251
216
29
142
4
36
194
75
207
203
207
111
246
211
209
92
247
231
2
90
136
50
81
21
203
174
251
38
25
100
215
60
181
72
205
161
96
98
210
249
127
251
40
144
49
146
101
16
241
99
77
22
241
211
202
24
89
217
28
216
21
197
133
16
5
104
226
143
235
89
252
48
29
84
85
18
185
241
223
182
85
233
94
212
199
174
21
175
75
30
249
98
189
253
163
111
247
86
175
55
119
210
127
245
106
197
150
226
114
207
44
67
190
82
48
232
252
120
92
56
191
213
112
183
110
185
172
28
9
240
29
152
65
16
243
51
189
120
87
32
250
173
46
117
160
217
110
39
120
252
93
238
113
109
123
200
229
235
244
143
100
113
10
168
116
110
253
57
131
254
10
99
237
80
103
124
186
80
114
45
220
221
212
26
151
72
3
124
196
137
37
94
0
232
30
143
9
152
252
35
172
72
7
32
184
163
205
233
46
71
74
17
15
251
64
150
237
62
110
110
252
235
182
35
212
68
7
241
103
119
217
120
9
227
26
74
105
132
44
69
222
106
82
201
124
241
221
28
139
221
82
181
108
145
164
90
12
240
21
156
65
56
242
50
189
24
87
34
219
122
52
249
190
31
7
31
77
199
98
249
48
125
166
179
118
247
150
66
80
153
147
215
12
212
205
232
205
66
185
253
238
97
172
7
190
138
112
161
94
58
202
117
171
198
29
132
13
153
174
146
11
96
24
20
89
152
178
121
184
59
6
40
224
186
250
94
231
191
253
216
161
94
217
126
255
191
115
217
252
127
214
252
171
197
108
175
122
169
223
115
123
127
235
247
255
183
229
125
208
119
219
249
245
209
93
235
126
233
134
251
111
143
253
223
133
252
7
159
109
86
247
190
239
83
31
32
254
251
244
109
135
255
55
31
152
250
95
177
123
175
235
100
93
224
247
60
245
104
196
161
116
238
254
249
59
251
26
116
57
208
109
156
251
90
117
145
245
214
206
26
31
217
24
216
92
136
181
16
5
104
190
143
73
24
182
49
156
92
86
38
185
1
14
4
2
201
136
4
16
44
85
2
67
136
121
104
5
102
115
5
224
196
6
153
113
66
60
9
6
184
2
1
69
94
36
82
48
81
66
173
136
197
84
24
143
64
66
244
193
136
4
24
4
244
13
139
9
16
112
51
180
64
87
0
120
37
37
113
148
18
77
29
79
163
68
143
52
85
46
160
119
161
124
2
97
51
56
112
34
92
164
160
89
48
60
92
105
32
52
53
170
128
106
131
220
18
129
28
162
166
18
229
110
1
36
114
12
34
24
52
5
184
50
123
184
139
134
43
224
165
175
230
69
172
220
209
114
185
213
246
217
206
121
76
172
160
169
103
251
245
111
242
247
127
127
5
182
108
159
67
111
159
120
65
190
222
26
249
188
253
60
185
167
209
114
247
107
185
172
137
9
240
29
155
77
58
214
115
189
250
215
44
222
9
155
238
213
63
241
245
118
60
149
222
217
174
125
35
77
169
253
123
251
244
111
231
115
45
127
145
54
124
69
53
239
223
120
113
184
86
121
248
53
121
61
251
63
221
161
215
107
185
191
157
5
240
29
154
77
51
243
55
159
216
127
164
222
161
222
100
33
253
252
166
81
57
89
234
79
204
125
76
165
133
232
239
240
245
98
57
248
67
125
89
242
253
22
235
215
216
120
219
36
253
176
232
161
127
28
58
191
212
227
254
113
168
223
12
10
216
141
202
9
54
209
151
164
242
211
108
24
250
25
154
159
99
79
90
167
31
228
127
156
55
238
123
254
255
146
48
230
15
153
231
34
155
199
250
105
195
251
222
59
224
37
53
255
194
119
202
222
50
221
245
58
159
30
229
44
223
172
87
133
186
31
148
195
208
243
41
120
93
12
50
240
58
173
247
162
3
79
133
79
255
68
190
117
127
62
250
244
251
178
97
100
116
81
245
103
255
253
89
57
107
218
94
233
132
102
103
154
194
82
253
92
245
213
124
35
77
22
117
236
157
164
203
12
242
23
149
77
56
244
98
189
91
15
40
218
37
101
113
84
49
6
117
78
163
68
173
176
6
251
132
95
171
100
36
111
51
168
240
35
92
163
131
25
51
40
64
9
130
22
52
186
128
88
19
221
70
170
185
227
178
16
69
78
17
166
119
92
96
24
182
4
56
178
115
223
88
212
175
219
191
253
125
246
63
125
121
123
255
125
255
247
255
126
244
244
243
214
118
107
247
126
225
126
189
191
231
59
126
251
255
239
151
236
52
254
246
123
249
253
219
221
255
127
232
7
253
111
175
183
223
143
250
31
159
77
56
246
115
251
251
31
44
254
173
54
117
162
221
110
39
120
228
92
234
113
109
127
208
197
235
244
135
100
113
66
185
52
94
253
57
3
250
26
113
205
80
103
84
186
80
112
61
220
125
84
26
143
76
3
252
196
136
37
92
12
224
30
143
73
184
244
35
188
74
7
36
184
198
235
234
248
112
94
76
199
37
199
41
138
83
242
182
235
137
89
61
111
15
253
116
19
95
199
151
37
135
172
50
128
178
150
214
139
64
124
119
178
34
42
176
125
159
222
85
170
85
173
52
208
67
81
167
186
145
236
97
31
93
112
219
187
179
246
116
70
255
184
23
24
238
53
183
123
175
123
228
85
242
247
15
240
231
46
153
118
230
190
101
59
246
27
193
109
218
108
84
158
74
50
177
255
215
222
8
159
208
98
252
15
129
181
16
4
104
29
143
73
48
242
51
156
216
86
36
185
214
233
147
152
200
74
8
71
67
35
177
250
86
225
134
152
253
131
36
199
199
165
34
131
206
211
243
111
131
142
170
96
215
36
69
170
74
116
233
118
224
94
48
9
209
28
245
111
153
172
24
3
240
29
28
73
16
242
19
189
88
87
96
235
223
253
255
212
254
87
92
135
34
103
45
248
94
226
230
253
237
247
52
231
199
245
52
51
158
215
243
127
195
123
246
115
211
36
85
250
90
116
249
246
114
93
124
47
213
28
245
111
157
172
26
5
242
29
148
73
24
242
49
189
89
95
32
250
251
255
239
255
255
189
255
185
221
253
253
251
255
252
127
254
181
255
127
255
254
255
147
245
187
127
255
254
255
247
246
191
203
125
71
255
223
127
248
125
126
95
247
191
221
123
191
63
191
143
153
207
251
255
157
245
97
247
119
251
251
255
190
222
40
174
109
168
18
125
37
77
237
68
238
180
125
61
255
231
155
116
99
96
176
82
124
52
85
253
21
177
107
222
127
201
133
76
199
154
128
114
169
62
44
85
116
165
84
243
116
104
185
172
172
8
242
29
214
20
56
226
99
188
203
223
108
218
56
175
231
232
48
255
161
127
221
212
222
213
81
61
217
236
139
220
203
106
244
72
236
247
63
189
4
132
109
194
58
201
212
70
113
154
84
242
217
60
157
117
153
182
108
167
117
234
139
53
239
216
243
29
134
28
100
234
75
237
75
79
47
254
118
54
177
144
24
134
11
69
6
102
147
20
193
76
147
86
244
101
66
66
217
37
210
67
220
160
164
77
0
156
217
75
103
52
87
174
152
40
1
78
4
64
20
136
64
0
129
79
24
44
24
9
50
24
28
81
0
50
19
176
74
214
40
96
113
5
187
94
1
198
93
79
195
230
41
176
51
202
167
126
239
22
48
71
14
191
246
7
92
131
230
13
3
40
92
41
226
6
37
191
128
108
82
92
34
234
181
224
190
28
1
46
87
170
122
213
32
24
52
194
153
58
121
251
57
100
187
227
56
207
245
232
0
111
161
127
253
84
206
213
125
61
220
236
235
84
227
104
244
72
216
247
127
253
4
148
111
146
58
205
212
70
113
154
132
242
217
60
181
253
185
167
125
146
116
238
139
37
239
152
240
29
135
12
40
230
107
233
82
79
47
254
56
239
101
232
32
255
161
127
221
84
222
213
81
53
221
236
139
76
195
104
244
104
200
247
125
253
4
148
109
194
58
201
220
70
113
154
132
250
217
60
189
181
185
167
125
163
116
234
139
53
237
216
211
29
142
28
108
238
75
233
67
79
47
254
58
48
121
167
223
133
219
137
214
111
214
119
253
78
177
116
246
150
7
210
193
50
141
110
190
138
230
11
210
251
253
255
103
172
14
190
122
115
9
222
211
65
84
72
192
22
128
95
137
44
24
5
250
20
156
97
16
242
59
184
24
30
34
177
121
36
253
43
217
173
39
125
252
100
222
49
237
175
155
198
227
85
211
96
249
195
219
188
94
232
172
143
250
157
121
239
217
36
68
190
22
179
37
126
220
214
24
134
69
51
76
193
187
44
27
8
112
29
157
77
56
244
43
184
218
134
42
252
125
36
245
59
216
164
39
124
224
101
212
63
237
175
135
70
234
101
67
96
249
195
219
188
94
168
188
143
251
29
105
239
221
44
4
190
22
178
37
126
94
66
28
138
81
49
73
193
187
44
25
8
112
28
29
65
40
180
35
184
154
198
42
253
179
116
117
38
223
172
7
73
238
101
191
123
175
111
228
117
242
183
7
112
253
42
185
124
86
174
224
11
210
25
97
109
227
172
86
158
194
51
161
222
219
222
24
139
192
83
204
7
137
36
16
8
104
31
143
65
56
242
115
188
154
86
42
248
196
235
139
248
81
90
108
206
24
186
170
186
67
194
239
235
11
77
185
15
14
189
68
27
7
199
179
37
17
8
34
90
115
18
221
235
48
254
231
52
226
110
176
125
63
158
17
250
223
172
60
245
129
125
253
10
145
232
41
63
92
116
211
179
33
22
101
34
221
102
39
88
164
124
136
55
45
111
128
69
235
244
7
96
240
2
152
116
78
253
61
9
218
26
115
89
208
36
85
186
82
48
45
124
116
84
26
143
68
16
244
69
136
36
24
4
240
28
140
73
24
240
35
188
88
71
32
248
122
161
238
254
47
23
90
47
247
242
213
178
61
250
63
94
176
147
114
210
245
119
209
119
148
34
228
31
106
253
253
234
207
44
6
190
223
120
224
124
250
95
117
13
209
245
131
79
191
174
153
15
242
29
221
89
16
243
127
189
123
219
234
219
62
252
253
254
54
125
93
127
247
254
253
248
125
58
252
254
251
244
98
123
245
114
209
127
189
191
231
187
127
251
125
235
199
108
151
254
254
121
249
125
250
223
247
61
246
183
245
111
191
191
159
143
250
29
191
85
48
242
123
223
251
223
110
255
192
10
2
197
232
26
130
192
26
121
2
71
146
84
74
160
100
209
156
44
76
141
138
88
43
214
27
102
132
75
19
95
19
163
120
81
116
223
239
134
193
180
202
86
9
142
104
145
197
85
85
180
141
231
143
171
71
76
160
45
68
13
17
188
173
158
103
37
253
253
163
252
189
253
254
95
205
61
203
165
235
253
219
104
244
67
174
248
109
253
29
182
252
87
107
223
253
97
125
48
119
179
237
60
253
84
122
182
205
163
254
97
168
189
93
41
241
191
159
77
118
244
167
172
218
71
36
252
117
53
185
222
16
134
93
78
195
198
5
180
81
206
133
94
186
86
16
70
134
57
194
3
220
130
226
77
67
40
92
41
135
22
181
138
130
108
83
93
50
234
181
96
54
24
133
110
83
174
59
215
32
24
116
83
217
170
123
251
25
164
251
227
58
249
255
254
55
63
93
62
247
222
253
185
127
186
252
222
255
246
114
123
183
126
209
55
189
191
231
221
123
249
244
233
218
108
183
254
254
125
241
125
122
223
247
111
182
183
245
110
191
191
159
143
234
29
255
85
120
183
127
251
251
222
174
255
5
238
100
64
252
191
38
113
57
92
234
67
200
125
220
165
129
233
239
168
245
96
24
242
85
127
5
246
172
86
163
209
218
88
195
40
220
186
248
169
126
60
58
183
244
227
246
107
168
247
140
74
234
93
203
25
38
195
215
164
226
243
108
24
163
222
80
35
221
200
135
136
234
29
42
107
174
107
198
17
111
39
189
53
232
15
59
108
98
255
89
39
190
10
67
23
23
231
88
17
49
129
127
174
101
84
42
211
73
88
124
145
224
85
80
48
197
226
138
163
126
28
132
39
134
221
149
8
94
249
217
220
50
203
93
110
211
134
61
188
85
230
191
250
177
198
16
102
7
121
66
131
205
130
230
221
99
40
92
41
150
22
149
174
10
122
210
117
50
187
189
97
182
30
229
110
215
174
171
215
32
25
53
95
25
179
123
251
121
244
231
243
67
4
16
162
201
128
6
64
2
98
41
2
160
9
132
49
98
97
5
64
201
128
9
8
4
132
169
11
146
12
161
65
97
164
84
186
0
96
33
214
2
64
24
137
80
26
228
13
145
36
16
4
96
24
132
65
16
50
49
180
24
86
32
232
58
253
253
254
55
61
93
127
255
254
253
249
127
58
252
222
251
246
118
123
245
126
241
119
189
191
231
59
127
249
117
235
215
108
182
254
254
123
249
253
250
223
255
63
246
151
245
111
191
191
159
143
250
29
191
93
56
246
123
255
251
223
46
255
135
204
129
44
95
74
1
14
131
0
149
244
59
142
46
253
233
52
34
212
64
3
176
33
70
221
185
9
147
58
10
104
132
44
69
154
74
96
201
124
33
216
28
11
221
92
180
108
145
164
88
4
224
29
20
1
24
178
49
184
24
87
34
235
178
209
72
30
39
25
93
8
247
131
189
234
191
62
100
127
149
179
38
147
135
118
209
102
245
215
245
59
115
251
215
96
151
252
130
222
234
73
250
251
114
219
229
105
148
84
181
111
179
170
145
15
252
1
248
125
57
179
244
123
185
251
236
202
250
24
154
159
67
71
94
167
87
230
93
156
49
142
59
254
255
146
16
214
15
145
231
10
191
197
250
9
195
251
254
107
225
37
21
251
90
119
203
126
18
217
197
40
159
30
229
44
223
172
95
133
186
31
180
195
208
243
41
120
93
12
50
228
20
49
93
220
54
27
94
114
114
6
181
144
92
113
148
82
244
194
2
232
135
112
64
243
172
2
230
221
104
44
213
105
210
84
148
174
74
120
147
85
182
139
153
15
176
132
193
78
147
164
3
71
40
25
155
77
24
247
59
223
120
50
102
241
186
221
255
254
55
213
221
75
247
255
61
218
191
40
52
95
255
212
38
107
148
54
241
127
93
223
183
59
83
251
119
123
215
36
119
186
210
120
233
117
112
92
57
47
215
20
245
111
153
172
24
5
240
29
156
73
16
242
51
189
89
87
32
250
21
241
125
92
54
31
88
114
114
6
149
144
92
113
156
82
244
194
2
224
199
112
64
227
172
2
230
217
104
44
221
105
210
84
148
174
74
122
147
245
150
155
153
13
240
150
193
79
147
172
9
71
40
25
27
77
24
243
59
186
88
114
98
241
5
134
110
9
221
246
167
208
176
188
172
103
136
93
129
37
1
41
195
146
241
103
30
253
80
108
12
230
120
23
99
87
239
24
195
36
241
184
109
40
124
52
10
166
85
113
150
99
56
236
24
9
245
93
216
64
62
130
247
180
170
211
44
72
186
221
255
255
55
245
221
155
255
255
125
219
191
40
116
127
255
214
36
107
196
54
241
127
109
223
183
59
83
123
119
251
215
36
119
190
210
120
233
117
112
92
57
47
215
20
245
111
153
172
24
5
240
29
156
73
16
242
51
189
89
87
32
250
131
220
8
77
239
216
222
8
62
67
189
206
186
92
108
61
37
179
60
159
142
63
147
104
37
215
251
126
23
63
215
55
135
253
219
79
194
73
250
59
115
191
109
105
181
92
189
51
197
219
16
45
189
225
250
227
49
215
248
63
177
249
158
139
169
22
101
34
221
103
39
88
164
124
138
119
45
127
160
69
235
244
7
96
240
2
152
116
78
252
61
11
250
10
123
93
208
36
85
186
82
112
13
116
85
84
26
15
68
16
228
69
136
36
88
4
240
30
140
73
24
240
35
188
88
71
32
248
243
221
178
93
235
78
220
199
190
33
173
235
118
236
102
189
253
178
38
211
71
175
53
23
214
95
247
107
195
190
230
118
231
62
71
190
218
48
234
252
122
94
48
239
253
118
183
110
153
174
88
71
240
31
156
65
17
243
115
189
120
119
163
248
68
73
155
249
16
242
248
222
24
170
171
132
67
192
201
171
0
77
181
67
142
173
100
11
15
195
162
71
81
43
34
122
115
146
221
171
16
238
235
243
210
44
176
104
186
30
1
251
219
168
56
213
225
93
125
72
145
154
51
191
92
116
195
179
21
53
113
20
16
7
29
70
35
102
11
20
84
238
176
83
224
116
0
32
130
240
80
3
220
160
166
89
0
40
93
105
114
20
20
170
128
106
3
221
4
128
29
72
164
16
197
78
17
36
24
6
34
24
20
65
56
50
27
184
72
134
99
224
58
253
253
254
55
125
93
127
247
254
253
249
125
62
252
255
251
246
122
123
181
118
209
119
189
255
231
59
127
251
127
233
215
108
183
254
254
121
249
125
122
223
255
61
246
151
245
111
191
191
159
143
250
29
191
93
56
246
123
223
251
223
46
255
213
190
127
85
248
218
242
225
122
249
238
93
206
117
201
176
239
193
31
107
197
41
239
122
237
223
107
111
70
15
163
127
247
39
125
251
82
123
237
246
209
84
56
62
193
134
217
119
137
173
94
5
248
29
159
73
16
242
51
189
88
23
32
250
186
253
253
246
55
63
93
63
247
221
253
249
63
254
244
222
255
214
118
123
247
126
241
119
189
255
227
123
127
249
244
233
207
108
54
254
246
121
249
245
91
223
255
127
250
23
245
111
159
183
159
143
234
29
159
93
56
246
127
255
123
31
174
254
178
245
120
182
255
132
93
9
230
79
49
114
175
107
20
85
246
167
70
240
243
102
145
111
214
130
231
91
250
184
233
225
135
236
14
190
234
56
51
253
70
202
17
201
208
80
209
79
145
174
152
9
96
16
157
89
24
179
115
157
58
215
40
249
142
208
108
133
255
249
31
25
191
75
189
234
159
45
116
253
169
245
54
245
72
114
178
112
100
215
185
59
215
59
55
57
208
108
158
219
74
113
233
245
114
222
56
47
213
92
252
60
129
165
18
5
232
157
158
105
152
242
49
188
92
95
32
186
219
21
187
52
33
34
121
106
144
164
213
149
102
200
0
30
38
63
54
87
42
175
224
39
140
170
226
222
82
36
228
105
106
53
36
255
131
44
210
221
216
234
189
202
171
25
131
110
89
162
58
215
104
24
60
68
121
179
115
219
57
52
131
235
214
249
155
28
216
74
88
70
194
35
185
248
86
194
214
248
253
130
38
195
207
173
32
11
206
215
247
107
131
174
162
106
211
62
69
174
10
52
235
246
98
94
177
105
213
20
181
111
153
172
24
67
240
29
28
73
16
243
19
185
120
119
96
235
82
9
139
146
2
27
24
35
67
130
87
146
146
130
88
2
6
3
100
205
6
149
193
199
137
18
149
12
2
170
22
8
146
20
97
138
15
72
202
0
160
57
181
97
179
28
53
46
83
136
161
211
19
9
112
154
65
99
16
113
97
49
64
234
199
212
77
5
255
50
159
152
182
21
189
251
143
59
100
125
224
245
60
245
72
194
164
48
110
223
185
59
255
27
114
57
240
109
20
251
90
113
161
245
82
202
56
31
209
24
216
76
137
173
22
5
120
58
142
79
24
246
49
28
92
86
36
185
13
46
229
88
40
253
225
117
249
188
70
21
93
117
217
226
139
204
203
42
244
105
202
243
121
124
4
148
108
199
59
206
95
82
97
32
85
218
249
60
253
53
219
38
101
167
103
107
187
97
173
110
242
29
155
12
47
198
95
237
203
15
101
246
254
221
238
253
255
253
255
185
189
245
221
255
255
252
126
238
185
253
127
255
127
255
243
253
123
126
247
190
253
247
254
191
207
125
71
255
223
127
248
255
90
255
245
191
221
127
255
55
191
143
155
239
251
255
159
125
121
247
113
255
255
255
170
254
84
41
130
116
0
66
120
34
0
130
81
148
66
225
0
10
12
11
117
207
7
13
65
211
202
26
150
204
64
134
160
128
90
59
33
161
15
12
90
72
88
168
177
239
235
57
35
238
91
226
41
211
225
72
56
128
71
219
83
211
32
49
193
235
187
213
108
218
55
29
93
27
247
255
61
250
63
42
116
127
149
246
102
185
180
118
241
111
241
183
231
59
123
251
221
233
203
124
134
230
238
89
250
249
114
207
231
237
150
116
245
111
179
171
154
15
238
25
254
85
56
179
254
255
251
219
238
187
177
54
117
38
221
172
39
120
228
117
234
119
173
127
132
117
226
244
7
96
248
170
184
116
94
174
41
59
250
26
99
237
241
101
84
186
66
48
41
222
95
80
24
143
192
3
236
69
137
37
80
8
240
30
142
73
56
244
51
156
216
86
32
248
238
12
225
134
67
79
17
15
175
64
191
52
63
174
110
254
233
48
49
116
20
147
244
39
87
205
216
13
227
218
30
105
133
45
103
218
202
82
201
94
177
221
124
43
205
30
244
236
149
164
219
12
242
31
148
73
56
242
33
184
25
79
32
218
251
223
254
247
255
255
255
179
63
253
126
203
159
249
126
221
253
255
61
255
246
127
243
123
239
255
243
126
255
115
255
255
215
227
120
117
247
125
248
245
245
223
255
127
221
23
255
111
221
189
30
141
254
183
159
205
91
246
115
191
211
127
20
254
76
251
147
252
48
106
236
222
136
170
43
187
67
194
255
251
43
93
161
79
6
189
68
27
7
203
183
201
17
104
54
90
119
19
255
171
48
254
227
117
162
110
182
112
191
222
17
254
220
172
120
247
195
127
53
72
145
138
17
175
93
100
147
179
108
34
101
176
24
183
35
117
228
254
66
53
193
7
155
71
18
109
195
98
249
99
90
158
24
40
4
132
8
212
57
202
111
2
199
162
149
184
5
12
44
96
18
134
70
225
3
99
56
44
184
40
211
28
28
16
6
234
67
149
202
198
105
114
56
12
229
168
3
79
97
111
189
68
222
21
95
189
220
238
235
84
83
100
244
75
236
55
127
237
12
4
123
211
58
237
213
103
117
186
6
114
221
60
149
213
156
39
77
22
101
230
139
36
95
156
249
29
135
12
200
228
43
248
73
15
34
254
22
49
93
220
62
155
88
114
114
34
149
16
92
97
188
82
244
194
66
226
199
124
65
227
140
2
230
221
104
173
221
104
215
60
4
174
74
120
146
117
182
203
157
79
240
180
193
79
147
174
9
71
32
25
27
93
28
243
59
155
120
50
99
225
12
10
52
197
232
255
162
113
60
125
70
71
197
117
89
4
28
201
203
170
244
103
26
208
249
124
28
246
44
215
131
198
15
217
195
36
253
154
248
1
253
53
195
166
229
225
191
107
186
219
137
107
247
237
218
217
103
79
214
167
226
171
237
94
13
47
101
208
0
191
39
120
233
92
234
17
221
117
220
66
131
109
227
96
246
124
80
243
93
126
7
180
104
198
57
201
94
82
67
168
140
184
249
12
124
181
186
167
101
163
119
107
58
164
169
74
227
93
15
28
45
206
83
235
202
135
109
250
179
212
100
38
255
172
31
24
254
101
181
123
175
121
100
85
242
245
7
113
244
46
177
124
118
170
225
59
210
57
97
109
195
44
84
190
194
56
161
255
219
222
24
143
208
83
216
79
137
165
16
5
104
28
159
65
48
242
51
188
216
86
32
185
59
240
121
175
223
224
219
136
246
14
208
125
253
111
49
117
246
246
3
240
224
98
135
124
174
136
230
27
219
251
253
255
117
236
31
255
126
115
9
125
91
202
94
8
208
81
200
93
185
60
26
1
232
20
156
105
152
178
59
152
220
143
34
177
245
255
126
85
248
220
250
225
90
189
238
255
214
113
203
240
246
211
31
107
207
41
239
126
237
223
247
111
70
15
243
126
247
39
125
255
82
123
237
246
209
220
56
62
211
134
249
119
153
173
30
5
248
29
159
73
16
242
59
189
88
23
32
250
58
254
109
234
62
189
221
121
253
254
253
248
253
60
252
252
243
244
67
121
244
114
208
255
189
173
165
187
127
219
125
235
199
108
223
190
222
123
249
125
254
223
127
191
214
167
245
111
191
189
159
13
250
29
159
93
56
246
123
221
251
223
106
255
214
49
211
212
254
194
92
70
70
35
185
48
223
226
178
112
253
211
102
226
207
173
34
3
142
215
247
127
130
174
214
98
83
60
71
190
26
116
250
87
96
72
181
107
245
84
181
111
153
174
24
67
242
24
28
89
8
51
19
179
120
117
161
234
58
245
253
254
55
61
221
127
247
222
245
248
125
58
188
94
242
246
114
123
244
118
209
119
189
170
230
153
127
249
125
233
199
108
158
254
254
121
177
125
126
223
255
45
214
181
213
111
191
190
155
143
234
29
223
93
56
246
123
219
251
159
46
255
58
48
113
167
223
165
139
73
246
109
210
119
253
110
177
116
242
212
71
112
225
42
139
124
190
136
102
11
218
219
127
254
119
173
15
190
118
114
73
214
201
68
84
10
200
5
232
85
137
36
88
5
226
22
156
105
24
50
51
184
92
15
34
180
58
252
253
238
55
189
221
123
255
254
253
248
125
58
252
222
247
246
114
121
244
118
209
119
189
175
229
59
127
249
125
235
215
108
151
254
222
123
249
125
254
223
255
45
214
182
245
111
191
191
159
15
250
29
159
93
56
246
123
255
251
223
46
255
58
253
255
254
55
39
93
63
247
222
253
185
63
170
180
94
255
246
114
255
183
127
209
55
189
171
227
93
123
249
244
233
206
108
182
254
222
125
241
125
122
223
247
47
182
53
213
110
191
174
155
143
248
29
253
93
56
183
127
251
59
222
170
251
243
149
243
87
253
166
95
30
242
229
21
203
174
203
6
31
46
231
48
51
254
45
211
111
254
250
242
127
114
57
195
111
135
183
48
55
186
137
250
127
113
234
171
235
185
24
253
111
209
246
25
75
244
186
28
195
121
183
243
187
186
245
149
238
179
212
72
42
55
156
93
8
247
167
61
234
189
10
52
95
213
246
38
217
130
118
209
110
229
215
229
59
115
59
213
98
135
236
130
14
235
9
234
251
106
219
101
105
150
84
181
47
179
250
144
15
108
1
124
117
56
179
242
251
177
219
236
203
243
157
178
215
253
134
223
24
174
109
1
203
175
207
22
29
126
231
244
35
254
47
219
111
82
254
247
126
186
187
195
231
135
191
114
53
176
136
250
111
101
124
162
227
253
88
189
111
240
214
152
73
244
170
156
227
57
191
242
191
186
245
157
110
34
208
8
59
205
192
94
9
142
43
169
236
160
70
4
61
85
35
2
146
207
35
27
79
212
199
231
111
19
191
129
98
143
158
143
7
170
161
234
227
106
106
32
233
148
121
181
59
179
206
24
65
164
1
120
243
19
179
246
179
176
242
251
0
83
213
92
62
221
162
95
24
50
102
45
168
172
79
36
57
103
247
16
244
234
97
1
106
166
245
235
125
243
43
225
33
210
197
157
219
3
97
118
115
50
202
10
105
117
24
244
31
0
150
18
36
44
160
214
163
57
191
187
159
152
226
183
161
181
52
50
21
216
198
162
197
74
229
130
87
198
69
130
52
254
195
7
99
215
41
127
206
221
90
118
79
66
14
227
118
103
39
69
190
18
58
233
214
209
84
24
142
193
64
187
111
153
172
24
5
240
29
156
65
16
114
51
189
88
23
32
234
50
210
85
239
232
156
150
33
122
112
95
29
173
119
93
176
118
131
136
176
196
104
139
124
248
140
200
255
46
179
201
111
183
229
81
20
255
146
184
110
167
28
201
134
228
130
252
75
137
199
205
11
180
4
155
237
110
247
158
132
210
71
38
92
92
9
138
116
33
3
124
34
17
138
85
176
18
162
1
10
28
11
102
223
7
142
193
135
137
31
247
212
64
166
164
240
218
56
33
164
159
12
242
105
120
40
181
107
191
53
23
110
123
234
169
211
252
76
120
220
79
211
31
241
57
49
193
78
3
20
17
162
201
136
15
72
66
98
41
2
160
69
132
49
102
103
5
64
200
32
8
72
4
132
168
11
146
40
33
65
97
132
84
186
0
96
33
198
2
64
24
137
84
18
228
13
144
44
16
4
96
25
12
65
16
50
51
188
24
86
32
176
178
245
105
182
191
164
93
9
246
79
177
115
175
107
52
85
244
247
6
243
227
110
145
111
246
154
231
31
90
184
233
233
135
236
14
190
250
56
49
253
206
202
24
201
208
81
209
79
153
174
24
1
96
16
157
89
24
178
115
157
58
87
40
185
251
217
154
223
231
67
95
166
94
197
61
155
63
202
118
254
119
215
60
183
14
157
165
34
170
207
251
125
211
105
214
57
242
39
52
243
70
69
214
245
82
203
189
123
155
30
205
156
197
133
87
149
40
250
165
235
209
188
105
123
93
108
147
185
109
39
101
120
0
174
39
120
225
100
232
144
205
121
156
6
131
109
227
101
182
109
80
247
93
127
135
180
104
148
33
201
223
74
67
170
136
56
117
44
60
190
184
167
117
113
119
107
58
164
169
74
225
29
31
28
45
238
83
177
234
215
105
122
99
212
8
59
205
200
95
8
158
34
173
172
160
78
13
61
117
35
18
146
207
43
27
79
116
198
227
111
83
59
195
102
135
190
143
15
162
1
234
123
58
202
4
233
212
91
181
63
177
206
18
1
172
129
88
227
49
179
254
187
184
242
186
193
129
142
4
69
237
184
166
48
56
29
110
75
140
125
72
133
37
171
239
186
245
111
27
248
99
127
93
246
188
7
195
198
159
251
73
4
245
154
252
43
253
60
235
183
229
227
255
99
184
215
137
107
245
229
219
137
103
223
214
167
226
251
165
94
135
6
32
128
223
22
130
129
36
70
1
66
136
10
50
69
128
121
5
228
65
149
16
96
84
144
153
97
144
28
19
17
196
48
214
170
80
120
41
4
100
0
60
137
209
84
208
77
24
172
24
5
211
89
156
73
16
18
51
180
72
83
40
106
59
253
255
254
55
63
93
63
247
222
253
249
63
186
244
223
255
246
118
123
181
126
241
119
189
175
227
95
127
121
252
233
223
108
180
254
222
125
249
253
114
223
255
47
210
23
245
110
159
174
30
13
248
29
191
93
56
242
127
255
123
223
46
251
111
148
230
6
127
135
149
31
182
253
148
249
191
187
166
79
248
181
123
19
240
7
250
127
86
251
216
55
123
217
65
239
143
173
38
190
246
56
33
126
124
95
106
175
217
113
213
75
185
174
153
9
244
28
220
69
56
246
247
157
186
215
172
95
218
96
202
190
79
67
94
142
83
162
61
188
60
166
39
250
169
18
16
212
9
145
231
44
134
197
248
29
195
107
159
106
177
173
21
251
106
101
193
246
50
203
77
104
149
28
229
108
213
174
90
7
178
26
52
235
152
179
57
56
29
92
50
224
199
192
78
141
255
19
147
152
182
53
189
250
31
187
118
109
224
245
61
253
72
195
164
48
102
203
153
63
253
27
19
123
240
45
22
250
90
113
37
246
210
218
56
31
209
30
208
76
137
173
86
5
89
30
134
75
16
244
49
28
88
86
34
249
122
40
139
191
95
67
26
143
87
234
95
52
57
134
59
250
251
18
16
212
9
145
231
12
30
193
248
13
195
251
63
111
37
165
53
251
126
102
205
86
32
73
69
40
15
28
229
108
223
172
91
133
178
26
52
227
216
50
41
120
29
12
50
230
109
13
174
124
59
247
113
127
148
252
214
181
81
220
185
230
136
60
195
66
244
59
222
179
29
42
134
134
89
213
125
239
207
58
5
168
215
122
201
124
216
61
214
142
209
53
163
107
185
44
155
13
240
29
156
64
51
226
127
191
203
151
171
255
21
53
125
20
26
135
30
117
66
102
19
20
92
103
145
82
244
194
2
226
195
112
64
195
204
0
230
93
0
12
221
105
87
52
20
174
10
104
19
86
20
64
157
10
228
4
193
79
147
44
8
71
34
24
28
73
8
51
27
153
88
18
96
224
243
157
146
87
253
238
219
154
158
173
5
207
166
203
6
29
62
231
182
19
254
47
211
111
67
254
247
127
18
59
195
103
135
191
115
53
178
141
250
127
113
124
163
235
249
120
189
111
248
246
24
91
244
190
156
195
49
187
247
191
186
117
149
206
199
212
160
12
93
78
1
14
134
68
153
180
11
143
6
61
233
100
36
212
64
131
176
1
70
213
153
13
147
58
2
73
128
44
85
154
10
32
9
116
34
72
20
171
213
88
180
108
16
164
16
0
224
24
20
1
24
178
49
184
24
87
38
106
60
57
253
214
54
111
249
127
214
152
215
117
117
86
216
242
254
214
194
91
213
46
193
215
189
170
228
221
70
254
244
232
207
44
101
190
222
58
201
117
217
221
179
46
228
39
181
110
187
166
137
139
240
29
157
89
68
243
63
249
123
15
36
222
67
209
24
62
223
226
95
24
34
38
41
172
164
78
36
57
103
247
16
208
234
56
1
107
134
215
227
125
147
43
197
97
146
180
157
27
3
65
122
115
34
202
78
105
245
24
245
31
16
246
16
4
172
160
92
227
57
179
186
159
152
226
183
33
194
0
136
62
127
74
94
142
210
34
189
174
48
134
38
251
137
19
48
212
11
147
231
6
68
197
248
43
211
43
23
96
145
172
5
255
106
112
226
247
34
217
37
105
149
92
165
108
213
174
26
5
176
25
244
99
144
179
57
60
60
84
48
232
77
42
239
209
120
127
225
246
189
252
86
21
95
253
219
238
203
220
219
107
244
77
238
187
123
42
12
150
109
197
58
207
245
99
101
186
87
246
221
188
221
52
218
6
73
162
99
235
185
44
127
149
241
29
157
76
252
238
43
237
202
6
35
253
90
17
221
246
54
163
88
54
82
186
85
213
63
161
16
114
116
223
80
251
160
125
225
191
136
10
230
222
122
113
245
234
95
60
176
52
255
72
112
241
88
201
255
46
226
37
227
111
59
234
139
199
244
24
60
93
79
179
55
219
121
50
100
238
187
220
222
231
239
127
248
146
63
253
118
207
158
248
126
253
253
223
61
251
228
95
227
123
235
223
249
126
255
115
254
239
215
241
121
116
247
95
248
241
209
221
123
63
217
23
255
111
221
153
30
133
252
39
158
205
19
247
51
189
83
31
4
255
122
89
187
188
39
119
124
47
87
226
253
152
115
128
55
222
157
154
114
223
46
213
230
3
157
199
243
252
67
245
246
232
193
28
181
239
143
109
224
113
58
203
245
105
183
29
39
110
223
170
187
215
104
29
116
84
209
179
121
251
61
242
202
231
68
35
17
25
0
128
46
68
66
162
1
20
64
133
137
18
107
200
1
100
9
160
70
128
204
128
172
205
0
12
161
48
112
4
85
170
0
48
1
84
32
66
24
42
116
28
128
12
153
44
16
5
48
25
20
73
144
242
19
180
88
70
98
242
50
51
117
214
54
15
93
99
198
68
83
17
125
96
144
84
254
198
98
102
214
44
129
199
222
186
231
93
2
184
212
233
70
44
84
190
206
112
211
93
36
88
149
207
196
4
245
78
147
164
153
75
98
24
29
73
0
114
83
187
88
71
32
250
222
59
147
251
219
99
98
206
74
42
202
63
178
198
171
121
98
151
57
86
79
157
138
25
134
200
122
77
210
74
58
44
50
167
21
251
33
119
79
86
32
65
212
88
77
141
45
180
204
37
84
180
131
242
134
235
192
104
173
31
28
12
147
48
109
15
174
120
41
255
113
127
148
252
198
133
83
220
171
239
139
252
195
75
252
63
222
179
31
42
134
134
88
85
119
239
207
18
65
40
215
250
233
120
216
61
210
166
245
225
163
107
185
172
31
29
240
29
156
64
55
226
127
191
218
151
175
250
56
49
245
86
54
207
93
126
215
20
215
181
125
127
148
82
255
214
98
121
245
46
193
247
221
254
228
93
106
184
212
232
222
44
37
190
206
56
217
125
121
221
177
47
237
32
181
110
187
166
137
139
240
28
158
77
40
243
51
217
120
7
32
250
95
243
84
126
255
178
94
8
98
59
41
187
172
231
164
89
103
247
28
246
203
237
3
123
134
222
235
125
191
40
245
37
210
231
28
191
99
117
87
117
39
202
24
95
253
156
237
31
196
167
16
102
98
186
158
235
24
255
51
159
92
102
179
177
26
208
152
182
47
160
220
10
151
163
253
224
175
10
4
27
116
146
38
155
161
54
233
79
165
131
225
127
18
245
197
230
143
184
162
36
255
136
162
227
106
139
231
105
146
85
23
107
242
250
169
11
246
0
120
117
47
179
182
243
179
251
252
79
210
217
154
222
119
10
88
143
86
3
53
250
34
194
102
219
118
151
60
151
7
141
165
7
167
195
243
109
147
40
134
56
162
39
28
215
98
85
199
245
194
202
181
89
155
30
145
206
197
174
82
149
104
35
245
227
209
185
48
63
28
116
147
185
30
49
221
214
254
129
88
34
98
38
17
48
220
226
176
80
246
211
66
226
199
125
67
231
142
2
230
221
34
172
213
96
87
60
6
190
202
120
210
87
148
75
221
78
224
116
193
79
145
174
8
71
98
24
25
89
24
115
19
177
120
50
96
233
76
42
255
209
122
255
227
119
184
188
70
21
93
245
187
226
138
221
219
110
244
125
206
187
57
42
14
150
108
197
61
206
127
83
101
161
85
251
221
60
220
53
219
22
107
167
99
227
191
45
239
255
243
125
159
92
102
206
75
207
203
15
99
247
87
241
84
126
255
162
95
24
34
47
41
170
172
239
164
89
103
247
28
246
235
237
3
123
134
222
235
125
251
41
245
37
210
231
156
155
67
117
87
247
38
202
26
73
245
152
237
31
68
183
16
37
40
248
158
235
24
191
57
159
92
102
183
177
243
221
246
215
253
196
221
9
62
237
5
203
175
239
22
29
63
231
60
179
254
47
243
111
246
255
243
127
58
187
195
103
135
247
62
53
178
141
250
127
69
232
171
235
185
88
253
63
193
214
152
251
244
162
188
231
59
191
246
31
186
117
157
238
99
213
56
63
221
132
95
8
50
103
141
174
164
79
37
61
103
103
16
150
239
47
19
111
246
230
226
127
211
59
193
39
135
191
157
95
162
41
250
127
50
202
14
233
245
88
173
31
209
214
16
111
172
224
92
227
57
187
250
187
186
225
191
193
50
177
245
158
54
134
29
54
198
4
85
177
109
235
148
90
254
198
98
229
211
46
193
231
220
187
229
93
35
184
212
41
214
44
36
190
206
56
211
125
117
202
185
175
253
48
245
78
145
166
153
3
112
24
28
73
40
243
51
249
120
71
32
251
211
187
223
87
254
146
218
32
122
177
85
251
174
243
4
90
54
195
60
255
143
109
227
127
171
154
247
127
110
41
197
110
151
255
52
159
74
29
242
247
213
250
169
95
187
12
217
31
209
167
25
199
124
24
191
239
81
247
114
223
120
53
177
255
103
213
56
127
221
132
222
9
158
107
141
238
160
78
5
61
117
35
18
146
223
47
19
79
246
198
226
111
147
63
193
38
143
191
143
15
162
173
234
123
42
234
130
232
245
89
189
23
241
222
24
107
172
224
92
243
19
147
254
187
178
241
187
0
44
50
117
243
24
245
161
117
196
254
66
20
81
70
185
103
210
252
195
106
249
48
95
159
152
40
38
129
80
196
121
223
103
6
215
190
21
250
69
86
28
69
86
134
70
229
3
243
58
108
188
40
242
29
140
81
132
224
67
133
203
134
105
244
50
49
245
150
54
135
93
51
198
68
113
16
61
226
20
86
254
214
96
246
23
44
193
231
216
155
231
93
2
184
212
41
198
44
84
190
202
120
194
85
48
75
181
15
224
20
213
78
147
166
153
11
50
24
156
73
8
115
115
185
120
71
32
250
76
42
247
209
104
255
167
112
185
189
70
69
205
117
217
128
157
201
251
47
244
109
74
243
217
126
28
246
108
199
51
206
223
83
99
32
213
154
252
40
125
53
251
167
229
225
127
99
190
201
169
123
245
125
154
220
111
207
87
231
226
179
77
222
26
18
84
230
175
152
158
41
90
56
94
117
188
119
73
48
117
131
128
154
197
41
203
251
249
76
224
214
46
241
205
110
159
248
97
52
127
218
248
102
69
29
203
110
196
135
255
107
187
230
137
71
246
5
155
77
71
115
150
241
242
47
160
92
243
253
247
87
252
196
223
8
122
229
21
219
174
251
6
31
63
231
60
179
190
45
243
107
254
255
243
127
123
59
199
111
135
247
52
119
250
157
250
127
81
248
169
235
185
24
253
63
193
198
25
251
244
162
188
231
121
191
242
123
250
117
149
254
211
185
223
215
54
194
221
54
82
165
85
219
174
203
6
90
61
247
52
187
174
45
227
107
171
255
243
127
123
41
214
111
151
183
52
119
254
77
250
127
113
233
239
107
187
24
253
47
213
226
27
199
244
186
60
231
121
183
242
251
249
245
149
238
84
50
17
25
200
128
46
192
66
162
9
20
192
135
153
18
111
195
1
100
201
160
6
136
204
212
172
205
130
12
177
50
112
4
85
187
24
50
1
86
32
64
24
10
85
28
192
28
153
44
16
3
48
29
20
73
144
242
17
188
88
70
98
176
187
253
252
30
55
201
93
62
90
165
253
253
126
238
132
250
255
182
54
211
247
43
227
167
173
111
227
127
115
63
247
109
223
45
53
254
222
121
251
253
83
223
189
47
221
49
253
110
137
166
91
7
248
30
28
65
56
179
59
251
56
119
162
202
77
13
174
245
59
247
249
126
148
252
214
21
81
220
187
230
137
124
227
74
244
63
214
187
29
106
130
214
88
85
119
239
207
18
113
40
247
250
248
125
120
61
247
38
229
165
163
107
187
174
187
141
240
29
156
64
55
226
255
251
235
167
173
254
243
245
223
87
252
132
93
34
114
229
21
251
174
251
6
30
47
231
60
187
175
109
227
107
170
255
243
127
123
59
199
111
151
247
52
119
222
93
250
127
81
234
169
235
185
24
253
63
209
230
9
207
244
186
188
239
121
247
242
219
248
245
149
255
44
46
229
233
248
189
167
245
236
254
66
49
193
127
219
133
202
237
203
106
253
99
94
252
89
120
28
166
108
148
33
198
207
2
71
160
213
186
237
44
236
116
50
182
85
227
19
227
184
109
188
40
247
29
143
88
38
232
199
133
202
215
105
118
90
16
207
178
54
179
88
54
86
190
85
148
63
162
50
114
116
223
112
251
160
117
195
191
169
34
230
222
122
241
245
235
247
184
176
36
255
73
240
241
88
205
255
44
147
53
99
111
191
234
155
135
246
29
124
93
95
179
63
219
251
154
108
238
242
223
178
215
239
206
203
131
30
255
18
207
163
206
91
28
61
179
236
147
254
47
155
75
147
119
243
102
150
243
231
215
199
187
91
53
253
140
250
107
97
124
231
235
253
16
189
123
252
222
152
203
246
229
28
243
103
155
214
179
178
249
153
110
247
253
124
93
248
156
218
225
90
189
127
255
204
115
223
250
246
215
62
107
207
173
195
126
237
222
247
127
86
47
243
126
215
39
117
255
82
123
251
119
243
222
185
127
247
134
253
63
153
173
30
5
248
31
159
73
16
242
59
191
92
55
35
255
218
217
218
222
119
67
94
143
86
193
61
186
63
226
166
250
127
151
60
159
15
157
229
35
170
199
251
61
211
105
150
56
178
39
52
243
98
85
215
245
114
203
253
121
155
30
197
238
197
167
86
149
40
58
180
203
209
252
41
95
93
124
147
185
76
251
147
253
48
123
248
215
141
154
227
189
67
194
255
251
187
204
234
79
7
189
102
155
141
203
182
205
81
108
182
242
247
19
255
175
16
254
219
117
250
62
183
102
191
254
19
110
220
186
254
243
242
253
53
88
149
155
83
239
125
101
231
243
3
22
1
34
221
128
15
72
194
42
131
2
224
64
1
17
66
101
1
80
192
32
8
72
68
128
160
11
146
40
33
75
87
164
220
186
32
40
1
70
128
66
24
8
208
16
128
93
152
44
24
5
96
21
157
65
16
178
19
188
24
87
32
49
109
15
175
120
34
255
97
127
148
252
198
133
83
248
191
238
202
252
195
107
252
63
254
183
31
42
134
134
89
212
112
203
207
2
67
168
213
122
201
124
216
61
146
134
209
245
35
239
185
44
188
29
242
29
156
80
49
242
99
189
91
214
43
251
179
210
84
166
221
40
37
24
118
121
212
115
47
123
132
21
122
230
133
48
225
74
169
124
102
158
121
27
254
11
97
109
149
229
28
178
119
48
57
245
69
198
26
159
200
17
252
197
136
53
88
0
224
182
142
73
24
180
167
156
216
87
38
89
111
132
238
15
255
199
151
15
182
253
148
249
191
187
166
79
249
181
123
19
248
7
254
125
118
251
252
55
123
217
97
239
207
173
7
191
242
185
109
126
120
94
106
175
221
113
181
107
185
174
152
9
244
28
220
65
56
246
247
157
186
215
40
222
19
16
16
38
13
192
24
8
146
40
157
101
36
12
0
48
61
2
130
145
193
42
201
79
132
22
224
95
26
103
197
102
143
184
33
52
188
136
234
107
73
29
231
225
164
113
183
107
176
242
137
75
180
0
120
97
47
19
150
227
178
35
164
78
250
58
207
247
110
243
218
181
222
187
86
223
191
178
51
90
253
215
121
187
204
119
239
253
169
75
254
190
110
209
247
238
223
172
133
53
127
121
248
115
120
93
235
62
211
37
243
123
191
238
157
135
246
29
220
93
86
247
183
221
251
27
96
254
163
212
72
42
159
156
95
8
183
103
61
232
173
10
36
125
213
247
4
177
130
114
251
108
100
199
225
63
83
57
213
97
151
204
158
14
234
105
170
243
66
203
110
105
146
80
244
63
147
190
16
4
108
129
252
117
56
178
178
190
185
219
126
171
164
110
115
161
216
228
162
241
12
253
234
127
193
5
217
164
226
205
143
107
205
8
174
120
77
156
41
35
214
15
35
223
97
167
125
187
20
191
45
182
195
84
2
158
74
130
88
177
136
109
116
48
217
159
141
104
128
248
163
172
204
70
32
180
179
221
246
247
253
196
221
129
126
237
61
251
174
235
6
60
125
227
60
187
159
109
243
107
255
223
243
127
127
59
199
111
135
255
60
87
250
157
250
255
119
232
233
235
187
24
253
63
193
214
24
251
252
162
188
239
89
215
242
107
246
117
153
238
243
253
255
87
255
196
221
136
123
229
61
251
174
235
6
92
61
231
60
187
143
109
243
107
255
255
243
127
127
59
199
47
151
247
60
87
254
93
250
255
113
234
233
235
187
24
253
63
213
214
27
239
252
162
188
239
121
247
242
91
250
117
177
254
222
123
215
255
254
35
126
138
98
57
249
59
254
243
166
89
118
215
61
126
75
141
3
127
134
202
251
253
254
104
244
60
242
101
52
255
123
116
21
245
71
75
217
94
233
141
203
157
204
167
84
215
98
190
159
239
80
254
17
158
93
78
178
177
223
115
215
247
255
35
127
154
98
61
105
59
190
238
166
89
118
247
61
102
107
221
131
123
142
202
250
127
250
104
244
45
115
103
60
255
67
124
21
247
71
75
223
94
235
141
205
157
204
167
88
149
98
250
158
239
216
252
49
31
93
76
179
177
247
245
242
95
255
162
223
152
34
111
137
111
166
206
166
93
118
247
28
214
111
175
19
110
166
254
242
127
146
57
231
55
111
183
158
223
130
125
119
223
19
74
206
202
237
89
205
31
196
246
16
103
108
242
156
227
121
191
240
31
188
229
183
32
243
253
223
215
254
192
221
168
122
245
117
251
190
251
6
90
61
215
60
191
143
109
227
107
175
247
243
127
127
59
214
47
151
253
60
215
254
93
250
127
113
235
233
127
187
24
253
63
215
246
27
199
252
162
190
239
121
247
242
91
249
125
181
255
254
249
219
254
55
67
220
143
87
192
61
188
55
198
183
250
251
150
56
95
7
157
229
7
175
203
226
77
83
233
158
104
166
39
52
223
66
119
195
247
147
203
245
120
186
30
1
238
221
166
118
213
56
50
181
203
208
250
104
123
93
108
179
243
44
38
117
241
152
245
163
245
244
254
74
55
209
119
155
100
82
236
195
98
253
33
94
222
152
40
36
131
204
197
115
207
111
130
71
182
149
186
105
94
92
84
82
134
100
225
3
99
184
108
168
121
246
29
156
81
38
232
199
133
202
134
105
116
60
58
245
243
186
253
160
117
124
254
66
53
221
118
251
228
250
220
195
106
253
112
207
254
153
40
38
131
108
197
189
207
127
70
85
186
85
250
121
86
252
85
222
22
68
167
67
227
154
109
189
36
246
29
143
93
6
224
67
133
203
15
41
246
214
249
219
119
246
154
94
40
218
163
85
250
191
242
134
90
60
151
60
255
143
63
227
127
175
211
247
127
70
41
212
44
151
189
44
223
206
125
242
247
208
218
233
105
187
28
221
63
215
166
25
199
108
181
191
239
81
247
114
219
121
61
177
255
86
50
17
19
200
146
14
64
66
42
3
22
196
199
153
18
246
195
1
98
201
161
9
152
206
212
174
205
130
12
177
122
115
36
85
191
90
50
161
86
48
64
24
14
69
140
128
95
153
172
16
3
112
29
28
73
20
114
19
189
88
86
96
176
44
34
245
241
184
189
167
117
236
126
66
55
197
119
155
69
210
237
203
106
253
97
91
252
217
40
52
163
236
197
113
207
95
194
215
50
21
186
125
126
252
84
90
182
100
227
119
83
186
109
172
120
246
29
159
93
6
232
215
133
202
215
105
118
222
115
211
119
255
34
62
139
66
57
249
59
254
214
162
89
246
215
61
94
75
141
3
87
134
206
234
255
214
40
244
60
114
37
52
191
123
124
21
213
79
74
153
94
237
141
207
31
204
167
84
199
98
62
159
235
64
254
17
159
92
70
178
56
254
253
250
127
254
191
222
225
90
181
127
251
254
86
222
216
246
215
62
239
135
45
195
126
237
222
247
127
215
47
247
126
215
37
125
223
210
123
251
119
243
222
185
127
255
158
253
63
137
165
26
7
248
31
159
73
80
243
57
191
124
23
34
255
219
241
223
215
54
209
221
42
115
183
85
250
190
251
6
90
61
215
60
191
143
125
227
111
173
215
243
127
127
107
214
47
151
253
52
223
206
93
250
119
112
235
237
125
191
28
253
63
215
238
27
199
252
160
190
239
89
247
186
91
249
61
177
254
77
46
247
209
248
255
227
245
189
253
70
21
223
255
219
230
139
221
251
110
253
125
206
185
59
106
30
182
108
199
63
207
87
83
101
171
149
255
253
28
221
53
219
38
111
174
111
243
191
44
239
253
243
125
156
204
238
206
107
237
203
143
41
246
214
123
147
119
253
162
14
139
194
57
249
59
230
198
134
88
118
135
62
214
79
173
131
95
198
206
234
237
130
40
224
60
98
45
100
191
107
60
133
213
75
74
145
222
205
15
141
31
200
167
80
195
96
62
159
227
64
251
17
151
124
70
178
48
178
221
178
215
237
204
220
131
30
253
43
235
167
206
118
189
61
163
252
147
215
47
123
75
243
127
243
127
23
251
199
247
207
251
127
21
255
141
250
175
97
124
227
235
191
80
191
59
236
218
152
251
244
231
56
243
119
155
246
39
182
125
153
78
118
123
179
191
221
34
139
139
198
8
241
59
231
194
155
92
118
135
35
214
111
175
131
87
142
139
239
237
146
184
224
188
162
45
70
191
249
52
225
245
171
78
145
203
201
27
153
95
200
166
88
131
112
54
29
97
64
178
19
179
60
70
176
49
253
62
247
221
248
183
227
244
60
253
116
155
221
251
155
238
226
253
219
106
253
233
206
184
15
168
190
55
253
77
115
255
245
231
116
251
86
247
53
254
214
126
202
30
75
138
73
145
157
109
94
181
209
254
157
79
216
236
43
158
222
70
35
245
171
214
68
102
253
40
39
24
180
57
212
115
175
123
132
21
98
254
133
112
224
106
185
126
70
186
97
147
254
17
97
237
159
236
150
180
119
48
57
245
77
222
26
143
192
65
246
79
168
183
24
0
224
148
158
73
58
182
183
159
218
87
36
89
92
255
187
125
48
247
248
231
81
190
81
252
82
214
153
250
187
202
170
203
183
61
103
155
157
75
166
207
69
111
245
246
231
146
109
175
223
190
250
119
122
126
241
238
247
181
147
111
187
238
46
215
240
29
56
65
151
243
83
215
123
115
235
231
45
246
127
120
57
178
237
90
240
190
224
187
228
235
173
91
235
237
171
106
229
110
25
127
102
255
115
183
127
69
97
247
211
198
157
191
53
188
113
118
126
238
122
101
119
209
87
219
185
253
56
116
232
29
143
77
158
254
191
143
222
215
161
183
124
174
247
221
248
255
227
245
60
253
70
93
215
255
219
236
251
221
251
110
255
41
238
185
63
107
62
183
253
207
59
239
117
227
125
251
84
247
253
62
213
117
203
22
105
174
107
179
157
108
255
253
241
255
149
79
196
236
107
239
203
15
51
247
124
47
243
116
56
255
250
111
216
248
211
245
118
242
201
250
186
137
235
75
183
61
81
223
157
123
246
223
78
255
247
238
207
154
101
190
253
186
251
127
248
125
241
231
243
167
179
107
191
238
173
207
242
29
123
84
102
251
215
243
251
115
233
95
222
249
222
255
55
209
222
172
255
179
125
250
191
242
182
90
57
215
60
255
143
127
227
127
173
215
243
127
127
251
215
42
151
252
189
223
206
125
250
119
114
203
237
125
183
28
245
63
215
254
27
199
252
161
254
255
88
247
184
91
125
249
240
255
254
249
219
247
119
154
90
9
222
163
245
250
191
194
246
90
56
151
62
223
143
191
227
95
173
211
243
127
83
185
244
168
151
189
44
223
202
125
242
247
216
223
245
105
179
29
189
63
223
174
18
199
104
181
255
251
80
243
113
251
125
63
176
255
182
253
242
247
191
196
220
139
127
233
61
251
174
235
70
125
125
131
60
155
159
47
251
111
243
223
243
127
127
187
199
119
135
255
126
87
251
157
250
247
99
126
239
233
191
25
255
63
205
218
184
251
252
167
56
239
91
151
244
107
183
125
157
206
222
185
211
126
126
107
250
206
216
184
211
247
118
194
235
248
242
223
187
70
231
173
231
95
143
138
234
207
211
101
246
238
247
167
125
255
119
118
205
245
203
92
223
90
235
31
171
239
205
166
88
215
242
62
157
73
212
250
55
191
92
70
179
245
254
185
243
118
120
42
250
239
216
185
243
243
102
194
202
216
242
143
63
71
103
141
231
95
143
138
254
207
195
36
226
238
231
175
108
255
127
62
229
245
203
94
145
90
235
31
139
207
205
166
89
215
240
62
157
65
192
250
51
251
124
70
179
253
254
59
247
247
122
35
250
239
114
185
211
243
127
243
131
218
250
223
187
111
103
141
231
63
143
202
250
223
239
109
246
254
119
231
124
255
127
254
213
245
205
78
219
94
235
143
203
223
205
167
124
215
114
62
191
205
196
254
17
223
93
78
179
255
252
63
247
247
112
103
250
239
217
248
211
245
119
243
155
218
250
143
251
111
183
173
231
159
159
203
242
159
79
229
246
254
103
167
108
191
253
254
253
118
221
124
249
222
235
143
75
239
207
165
111
211
240
62
61
77
196
254
83
203
95
103
177
247
60
58
247
247
248
229
161
117
252
124
194
53
245
119
155
100
250
220
195
98
245
45
223
255
154
42
38
135
126
199
243
207
127
103
127
190
85
242
249
84
221
84
210
134
104
165
235
107
168
100
220
121
242
30
156
73
6
242
215
135
202
7
33
244
60
58
247
245
254
237
232
119
124
124
210
21
93
117
187
228
250
220
203
98
245
45
143
255
158
40
38
159
254
215
255
239
119
103
125
190
87
246
249
116
221
85
218
30
76
167
235
207
173
101
92
5
242
30
158
73
134
246
123
157
218
15
32
244
60
58
247
245
254
245
161
119
124
124
218
53
93
125
187
229
251
220
203
98
245
121
143
255
142
40
38
151
254
215
255
239
119
98
95
190
117
242
249
116
93
85
222
14
76
167
235
207
188
124
92
5
242
29
158
77
142
246
67
151
202
15
32
244
183
253
254
127
191
196
221
137
123
227
125
250
174
107
134
126
61
199
60
251
159
109
243
111
253
223
243
127
127
59
231
127
135
253
60
95
254
253
250
247
115
234
233
233
191
24
253
63
207
254
19
239
252
162
188
239
89
183
240
123
191
125
185
174
247
245
223
255
255
208
223
169
91
227
253
250
191
99
134
94
61
215
60
255
143
125
227
110
173
215
243
127
127
59
247
47
151
253
60
223
206
125
250
247
115
202
237
121
191
28
253
63
215
254
19
199
236
162
190
239
88
247
248
91
253
125
177
190
254
249
218
255
55
147
94
8
255
163
245
250
191
242
182
90
57
151
62
255
143
127
227
127
173
215
247
127
119
249
246
42
151
253
172
223
202
125
250
119
112
203
237
125
183
28
245
63
215
174
27
199
104
177
254
255
80
247
184
223
125
57
240
255
125
247
247
124
120
178
239
90
240
190
232
249
110
255
133
89
235
237
171
106
229
111
89
127
198
255
119
255
127
71
225
255
215
199
189
191
117
188
125
117
111
78
186
239
127
241
247
239
168
189
60
85
224
60
158
77
158
254
215
143
218
71
179
179
127
241
255
125
60
242
250
104
208
187
213
188
236
119
133
122
185
137
123
219
255
109
71
223
213
126
247
255
73
183
231
246
207
154
133
174
255
184
251
127
122
126
179
236
247
113
183
107
187
238
137
203
240
29
88
81
103
243
215
211
186
243
235
79
