/home/diego/workspaceNEW/MirageServer/posters/JPEG/Movie Poster 1.jpg
512
775
364
13.4957
-1
0
220
671
0.00607677
31
97.9207
-1
0
114
640
0.0061397
31
-152.196
-1
0
352
640
0.0117785
31
134.256
-1
0
405
646
0.0108608
31
-157.765
-1
0
330
650
0.0129733
31
100.521
-1
0
160
639
0.00859382
31
-155.365
-1
0
349
638
0.0115215
31
59.6013
-1
0
414
666
0.0136975
31
120.12
-1
0
376
672
0.017323
31
-104.421
-1
0
404
635
0.00874911
31
61.46
-1
0
412
673
0.0136782
31
13.3334
-1
0
262
269
0.00701072
31
-158.614
-1
0
340
632
0.00991487
31
-120.919
-1
0
361
625
0.00666748
31
130.038
-1
0
300
636
0.0117492
31
-110.056
-1
0
375
631
0.0101836
31
-77.6309
-1
0
401
654
0.00717589
31
116.114
-1
0
161
631
0.00704304
31
0.232908
-1
0
277
307
0.00707706
31
-50.5275
-1
0
251
415
0.0107022
31
-113.883
-1
0
364
625
0.00874018
31
14.7436
-1
0
266
254
0.00644539
31
123.811
-1
0
136
644
0.0115095
31
105.16
-1
0
292
624
0.00898631
31
-127.747
-1
0
358
623
0.0090097
31
-95.9882
-1
0
388
622
0.00914895
31
-122.005
-1
0
374
622
0.0141996
31
-84.0575
-1
0
408
621
0.00820387
31
98.5912
-1
0
338
216
0.00661949
31
-106.778
-1
0
375
615
0.0102529
31
62.6633
-1
0
167
297
0.00852742
31
-153.69
-1
0
327
654
0.0107116
31
-25.125
-1
0
270
300
0.0124609
31
101.622
-1
0
122
633
0.00625576
31
-22.9541
-1
0
397
650
0.0128849
31
-77.6375
-1
0
198
335
0.00655163
31
45.5563
-1
0
243
253
0.00780835
31
126.87
-1
0
138
644
0.00763544
31
131.583
-1
0
151
639
0.00670257
31
-159.892
-1
0
356
636
0.00980816
31
34.43
-1
0
258
339
0.00922622
31
-57.9404
-1
0
247
414
0.00706294
31
-122.49
-1
0
371
626
0.0172071
31
-157.521
-1
0
408
650
0.0183865
31
137.779
-1
0
171
670
0.00626603
31
123.425
-1
0
297
637
0.00704765
31
82.0793
-1
0
165
644
0.00994895
31
-175.865
-1
0
146
406
0.00717093
31
130.601
-1
0
151
250
0.0120875
31
103.263
-1
0
131
640
0.00646429
31
104.621
-1
0
283
616
0.00820777
31
95.7377
-1
0
294
616
0.00810727
31
99.7106
-1
0
120
638
0.00824773
31
25.5374
-1
0
220
673
0.00642464
31
101.174
-1
0
262
630
0.00642043
31
141.927
-1
0
322
616
0.0068802
31
-20.3972
-1
0
253
237
0.00707867
31
-39.1304
-1
0
265
235
0.00746486
31
122.795
-1
0
293
634
0.0129102
31
161.565
-1
0
316
634
0.0090268
31
142.861
-1
0
317
618
0.00758845
31
-143.296
-1
0
302
381
0.00653364
31
117.246
-1
0
271
212
0.00824913
31
102.674
-1
0
288
618
0.00850427
31
-159.768
-1
0
337
656
0.00875396
31
140.268
-1
0
143
675
0.00694097
31
-36.6292
-1
0
257
412
0.0065706
31
33.6901
-1
0
218
674
0.00694519
31
100.811
-1
0
297
617
0.00869053
31
-16.5468
-1
0
251
348
0.0104612
31
3.81407
-1
0
400
476
0.00883035
31
70.71
-1
0
231
639
0.00646863
31
81.6341
-1
0
167
645
0.00836374
31
96.6544
-1
0
408
448
0.00838279
31
39.8056
-1
0
400
646
0.00825515
31
134.321
-1
0
306
624
0.00613298
31
-155.889
-1
0
355
639
0.00652996
31
11.7934
-1
0
402
476
0.0111606
31
-172.235
-1
0
355
656
0.00967145
31
153.296
-1
0
320
624
0.00673161
31
47.663
-1
0
220
652
0.00653995
31
37.2433
-1
0
265
337
0.00610052
31
59.0917
-1
0
284
238
0.00778428
31
14.5524
-1
0
266
256
0.0125653
31
144.421
-1
0
324
616
0.00811635
31
105.593
-1
0
397
445
0.00680322
31
-29.0546
-1
0
267
296
0.00666117
31
-46.9855
-1
0
386
521
0.00711972
31
-168.22
-1
0
355
282
0.00508968
31
41.2174
-1
0
217
335
0.00570557
31
97.4716
-1
0
261
639
0.00587505
31
-177.284
-1
0
326
631
0.00517326
31
129.504
-1
0
301
639
0.005024
31
58.6865
-1
0
172
304
0.00548755
31
46.7227
-1
0
220
648
0.00564381
31
117.718
-1
0
156
632
0.00576302
31
110.772
-1
0
267
213
0.00512626
31
40.0063
-1
0
207
670
0.00586917
31
-50.1364
-1
0
148
487
0.00538273
31
-44.715
-1
0
250
356
0.00586578
31
177.709
-1
0
388
437
0.00593921
31
77.1787
-1
0
225
630
0.00520991
31
78.6901
-1
0
227
630
0.00573974
31
99.9638
-1
0
117
633
0.00575098
31
-60.8324
-1
0
400
331
0.00528324
31
-30.6578
-1
0
390
511
0.00543667
31
152.241
-1
0
150
670
0.00598322
31
-92.6838
-1
0
321
107
0.00538533
31
98.8807
-1
0
252
639
0.00524961
31
79.8134
-1
0
126
332
0.00521767
31
174.958
-1
0
154
251
0.00607151
31
103.105
-1
0
283
634
0.00537095
31
84.2894
-1
0
178
675
0.00514028
31
105.392
-1
0
275
617
0.0056636
31
153.737
-1
0
370
253
0.00519855
31
104.036
-1
0
171
630
0.00549422
31
129.644
-1
0
301
630
0.00557993
31
-101.619
-1
0
187
335
0.00508289
31
112.011
-1
0
291
630
0.00566276
31
72.0309
-1
0
353
427
0.00463356
31
-75.1414
-1
0
198
337
0.00477288
31
10.3758
-1
0
261
264
0.004978
31
-13.627
-1
0
402
485
0.00500131
31
139.236
-1
0
305
631
0.0047971
31
99.3602
-1
0
181
644
0.00484591
31
10.7925
-1
0
256
374
0.0046478
31
65.9735
-1
0
201
637
0.0049214
31
101.807
-1
0
257
631
0.00458618
31
57.3194
-1
0
286
244
0.00463228
31
68.2592
-1
0
232
630
0.0046179
31
-169.695
-1
0
138
667
0.00456547
31
19.9589
-1
0
235
257
0.00455154
31
-157.166
-1
0
320
135
0.00452107
31
-167.8
-1
1
320.4
135.6
0.00326924
37.2
-167.471
-1
1
146.4
405.6
0.00456507
37.2
-58.0419
-1
1
148.8
487.2
0.00390226
37.2
30.3212
-1
1
265.2
337.2
0.00407759
37.2
101.228
-1
1
338.4
216
0.00483066
37.2
130.972
-1
1
153.6
250.8
0.00484731
37.2
-145.949
-1
1
300
379.2
0.00441782
37.2
10.6197
-1
1
145.2
244.8
0.0051401
37.2
69.947
-1
1
285.6
242.4
0.0038411
37.2
-134.529
-1
1
358.8
622.8
0.00784244
37.2
-110.65
-1
1
375.6
614.4
0.00537118
37.2
177.797
-1
1
387.6
436.8
0.0039685
37.2
-163.661
-1
1
330
649.2
0.00872943
37.2
-115.475
-1
1
374.4
622.8
0.0127068
37.2
13.2633
-1
1
261.6
264
0.00508817
37.2
-134.582
-1
1
363.6
625.2
0.00471668
37.2
17.9908
-1
1
266.4
254.4
0.00612874
37.2
105.822
-1
1
282
616.8
0.00408671
37.2
113.529
-1
1
271.2
212.4
0.00597789
37.2
36.8699
-1
1
150
249.6
0.00682732
37.2
96.7979
-1
1
160.8
638.4
0.00399202
37.2
-109.983
-1
1
388.8
622.8
0.00906239
37.2
-22.3334
-1
1
265.2
235.2
0.00587841
37.2
-132.925
-1
1
369.6
625.2
0.0102831
37.2
0.678828
-1
1
265.2
351.6
0.0104682
37.2
-162.772
-1
1
340.8
631.2
0.00947917
37.2
59.8001
-1
1
219.6
648
0.00421208
37.2
-11.2034
-1
1
272.4
303.6
0.00707411
37.2
60.9454
-1
1
172.8
303.6
0.00425254
37.2
-111.656
-1
1
375.6
631.2
0.00486553
37.2
83.1731
-1
1
187.2
645.6
0.00329107
37.2
-52.7733
-1
1
386.4
520.8
0.00547273
37.2
170.128
-1
1
362.4
259.2
0.00351181
37.2
-26.7146
-1
1
249.6
355.2
0.00587764
37.2
-37.5087
-1
1
254.4
408
0.00342724
37.2
-15.8627
-1
1
250.8
349.2
0.00769633
37.2
13.3869
-1
1
262.8
267.6
0.00583859
37.2
64.7223
-1
1
148.8
242.4
0.00386196
37.2
-9.53013
-1
1
253.2
236.4
0.00711725
37.2
61.3139
-1
1
302.4
205.2
0.00468067
37.2
61.5571
-1
1
298.8
205.2
0.00374431
37.2
-17.5766
-1
1
265.2
300
0.0058644
37.2
-160.622
-1
1
355.2
636
0.0111057
37.2
70.9065
-1
1
351.6
427.2
0.00360654
37.2
66.0838
-1
1
166.8
296.4
0.00505532
37.2
-57.6002
-1
1
196.8
336
0.00424102
37.2
108.505
-1
1
291.6
624
0.00334318
37.2
-15.7439
-1
1
270
301.2
0.0119753
37.2
70.4928
-1
1
284.4
238.8
0.0058055
37.2
-167.526
-1
1
352.8
639.6
0.0116514
37.2
-166.012
-1
1
361.2
278.4
0.00240193
37.2
79.3641
-1
1
126
332.4
0.00242413
37.2
-39.8949
-1
1
390
511.2
0.00266486
37.2
82.0399
-1
1
225.6
630
0.0030081
37.2
-27.872
-1
1
271.2
295.2
0.00242403
37.2
92.7263
-1
1
122.4
633.6
0.00256926
37.2
131.511
-1
1
306
624
0.00245486
37.2
98.2295
-1
1
262.8
630
0.00304732
37.2
-168.654
-1
1
355.2
283.2
0.00271371
37.2
102.577
-1
1
272.4
630
0.00323936
37.2
151.821
-1
1
320.4
624
0.00291571
37.2
-43.8376
-1
1
250.8
416.4
0.00250607
37.2
106.049
-1
1
156
631.2
0.00275303
37.2
4.28915
-1
1
250.8
223.2
0.00261033
37.2
100.086
-1
1
331.2
216
0.00240233
37.2
111.647
-1
1
291.6
630
0.00265585
37.2
92.8447
-1
1
166.8
645.6
0.00290453
37.2
-30.9638
-1
1
198
328.8
0.00273147
37.2
-115.785
-1
1
180
330
0.00306823
37.2
162.829
-1
1
349.2
261.6
0.00309851
37.2
53.9953
-1
1
218.4
652.8
0.0029268
37.2
99.7962
-1
1
261.6
638.4
0.00273574
37.2
-144.608
-1
1
302.4
380.4
0.00324007
37.2
167.92
-1
1
325.2
630
0.00296616
37.2
20.556
-1
1
216
334.8
0.00289891
37.2
56.8677
-1
1
220.8
651.6
0.00252179
37.2
7.12502
-1
1
255.6
374.4
0.00282201
37.2
26.8915
-1
1
246
255.6
0.00297003
37.2
-56.5385
-1
1
247.2
414
0.00325538
37.2
111.801
-1
1
151.2
638.4
0.00315584
37.2
99.6416
-1
1
256.8
631.2
0.00283415
37.2
-159.254
-1
1
320.4
138
0.00277003
37.2
102.19
-1
1
288
618
0.00318609
37.2
21.0891
-1
1
136.8
307.2
0.00313878
37.2
-130.536
-1
1
367.2
625.2
0.00255114
37.2
107.911
-1
1
266.4
212.4
0.00310875
37.2
93.5275
-1
1
168
650.4
0.00235755
37.2
-173.827
-1
1
355.2
271.2
0.00238467
37.2
93.0015
-1
1
246
636
0.00239276
37.2
19.5324
-1
2
266.4
254.88
0.00629453
44.64
-145.042
-1
2
360
622.08
0.00484942
44.64
63.0653
-1
2
299.52
205.92
0.00358849
44.64
101.805
-1
2
339.84
216
0.0039253
44.64
-140.818
-1
2
368.64
626.4
0.00631197
44.64
24.4986
-1
2
246.24
256.32
0.00300169
44.64
18.4349
-1
2
257.76
338.4
0.00506346
44.64
-144.413
-1
2
296.64
378.72
0.00291526
44.64
-13.5632
-1
2
276.48
305.28
0.00421944
44.64
-167.095
-1
2
341.28
630.72
0.00755933
44.64
-2.89335
-1
2
250.56
233.28
0.0061042
44.64
13.0982
-1
2
262.08
266.4
0.00565304
44.64
-3.33385
-1
2
264.96
233.28
0.00318115
44.64
-12.742
-1
2
264.96
299.52
0.00461544
44.64
59.6209
-1
2
171.36
303.84
0.00387507
44.64
13.0156
-1
2
262.08
263.52
0.00462829
44.64
-7.65771
-1
2
260.64
234.72
0.00513574
44.64
-38.9667
-1
2
197.28
335.52
0.00329218
44.64
-166.673
-1
2
360
279.36
0.00298387
44.64
72.7267
-1
2
285.12
243.36
0.00382653
44.64
-3.51655
-1
2
210.24
339.84
0.00443107
44.64
33.2544
-1
2
145.44
244.8
0.00459846
44.64
111.23
-1
2
272.16
213.12
0.00541568
44.64
-6.19884
-1
2
253.44
236.16
0.00724689
44.64
36.8699
-1
2
149.76
249.12
0.0071106
44.64
0.581663
-1
2
267.84
352.8
0.00893814
44.64
-16.0775
-1
2
270.72
300.96
0.00787705
44.64
-16.7239
-1
2
249.12
354.24
0.00563478
44.64
81.6987
-1
2
285.12
239.04
0.00472932
44.64
161.016
-1
2
348.48
259.2
0.0028432
44.64
99.6599
-1
2
149.76
240.48
0.00200978
44.64
49.1849
-1
2
342.72
427.68
0.00251856
44.64
-59.5804
-1
2
148.32
488.16
0.00213479
44.64
-6.21338
-1
2
260.64
240.48
0.00220197
44.64
-13.4957
-1
2
305.28
300.96
0.00266879
44.64
102.995
-1
2
266.4
211.68
0.00245465
44.64
-42.0775
-1
2
250.56
414.72
0.00221109
44.64
-17.354
-1
2
270.72
295.2
0.00235577
44.64
-63.4349
-1
2
197.28
328.32
0.00223448
44.64
133.565
-1
2
348.48
223.2
0.00219622
44.64
-39.0163
-1
2
253.44
411.84
0.00248693
44.64
53.7234
-1
2
336.96
421.92
0.0026424
44.64
112.109
-1
2
292.32
623.52
0.00201378
44.64
-22.4606
-1
2
293.76
316.8
0.00277404
44.64
156.495
-1
2
345.6
259.2
0.00231272
44.64
-159.479
-1
2
145.44
404.64
0.00221286
44.64
100.305
-1
2
360
192.96
0.00260968
44.64
79.122
-1
2
351.36
192.96
0.00224218
44.64
12.2534
-1
2
263.52
275.04
0.00229984
44.64
25.0675
-1
2
264.96
336.96
0.00269118
44.64
18.785
-1
2
272.16
234.72
0.00234378
44.64
67.1263
-1
2
167.04
296.64
0.00225741
44.64
100.808
-1
2
331.2
216
0.00178706
44.64
92.2659
-1
2
300.96
252
0.00193094
44.64
-16.2849
-1
2
300.96
300.96
0.00187777
44.64
16.5504
-1
2
243.36
338.4
0.00194034
44.64
-145.587
-1
2
302.4
380.16
0.00196276
44.64
17.5752
-1
2
253.44
336.96
0.00194728
44.64
120.005
-1
2
362.88
195.84
0.00195024
44.64
105.345
-1
2
197.28
260.64
0.00183274
44.64
173.972
-1
2
190.08
285.12
0.00180121
44.64
97.5299
-1
3
196.992
260.928
0.00192262
53.568
17.6742
-1
3
264.384
336.96
0.00241326
53.568
11.7125
-1
3
254.016
336.96
0.00262901
53.568
-6.69538
-1
3
264.384
298.944
0.00353169
53.568
21.1965
-1
3
269.568
260.928
0.0023603
53.568
9.05072
-1
3
264.384
233.28
0.00223224
53.568
104.621
-1
3
340.416
216
0.00310495
53.568
98.6955
-1
3
330.048
216
0.00135162
53.568
8.08788
-1
3
217.728
336.96
0.00447862
53.568
-30.8131
-1
3
328.32
520.128
0.00190567
53.568
-12.4219
-1
3
269.568
302.4
0.00469829
53.568
14.9494
-1
3
262.656
264.384
0.00388594
53.568
-168.831
-1
3
191.808
288.576
0.00140753
53.568
-6.90454
-1
3
248.832
352.512
0.00311566
53.568
-1.23198
-1
3
264.384
352.512
0.00474816
53.568
2.23698
-1
3
252.288
235.008
0.00562016
53.568
1.31189
-1
3
259.2
235.008
0.00342259
53.568
-13.9317
-1
3
274.752
304.128
0.00378435
53.568
33.1323
-1
3
271.296
235.008
0.00188755
53.568
106.463
-1
3
271.296
212.544
0.00392932
53.568
97.0458
-1
3
266.112
210.816
0.00235366
53.568
152.354
-1
3
190.08
283.392
0.00131759
53.568
159.594
-1
3
302.4
425.088
0.00148932
53.568
-17.0205
-1
3
300.672
300.672
0.00189321
53.568
22.6646
-1
3
266.112
254.016
0.00421554
53.568
-17.1706
-1
3
292.032
316.224
0.00236208
53.568
-16.1134
-1
3
304.128
300.672
0.00220449
53.568
-47.9108
-1
3
195.264
335.232
0.00283139
53.568
30.6821
-1
3
243.648
254.016
0.00305492
53.568
54.5366
-1
3
336.96
421.632
0.00278933
53.568
-145.993
-1
3
300.672
376.704
0.00176544
53.568
15.3931
-1
3
255.744
269.568
0.00149017
53.568
76.3844
-1
3
283.392
240.192
0.00466346
53.568
66.7571
-1
3
298.944
205.632
0.00370418
53.568
-72.5528
-1
3
195.264
330.048
0.00313052
53.568
-145.17
-1
3
295.488
378.432
0.00176931
53.568
13.4745
-1
3
262.656
274.752
0.00155109
53.568
25.3014
-1
3
269.568
255.744
0.00467852
53.568
-43.5891
-1
3
330.048
546.048
0.00177688
53.568
86.2386
-1
3
300.672
250.56
0.00176067
53.568
64.8552
-1
3
171.072
302.4
0.00410063
53.568
-35.9158
-1
3
252.288
411.264
0.00165294
53.568
15.1858
-1
3
260.928
336.96
0.00356856
53.568
-43.5217
-1
3
248.832
414.72
0.00143631
53.568
164.663
-1
4
302.746
425.088
0.00134629
64.2816
11.4465
-1
4
252.979
234.317
0.00478161
64.2816
75.922
-1
4
298.598
205.286
0.00217764
64.2816
-7.82371
-1
4
205.286
333.85
0.00148678
64.2816
-3.40277
-1
4
290.304
317.261
0.00241661
64.2816
73.3764
-1
4
282.01
240.538
0.00447889
64.2816
-143.637
-1
4
296.525
379.469
0.00153866
64.2816
-14.4476
-1
4
277.862
296.525
0.00221048
64.2816
-6.38875
-1
4
248.832
352.512
0.00267494
64.2816
-4.59221
-1
4
263.347
298.598
0.00169481
64.2816
9.91653
-1
4
261.274
337.997
0.002968
64.2816
26.1881
-1
4
244.685
257.126
0.00223775
64.2816
11.9875
-1
4
265.421
337.997
0.00203136
64.2816
-11.5922
-1
4
269.568
302.746
0.00297576
64.2816
24.8474
-1
4
269.568
255.053
0.0039633
64.2816
18.1038
-1
4
263.347
263.347
0.00302366
64.2816
99.7318
-1
4
271.642
213.581
0.00299994
64.2816
-144.982
-1
4
300.672
377.395
0.00187316
64.2816
-18.8356
-1
4
277.862
304.819
0.00338896
64.2816
1.43929
-1
4
215.654
337.997
0.00492726
64.2816
93.6556
-1
4
265.421
209.434
0.00167024
64.2816
-11.2207
-1
4
277.862
292.378
0.00137887
64.2816
-4.07402
-1
4
265.421
354.586
0.00265714
64.2816
22.9021
-1
4
269.568
261.274
0.0022715
64.2816
15.5796
-1
4
261.274
271.642
0.00197553
64.2816
93.3874
-1
4
261.274
203.213
0.0013823
64.2816
6.58194
-1
4
255.053
337.997
0.00210452
64.2816
85.2191
-1
4
300.672
250.906
0.00164977
64.2816
-3.91157
-1
5
246.344
350.853
0.00196962
77.1379
-0.197571
-1
5
253.809
350.853
0.00231258
77.1379
24.7197
-1
5
263.762
261.274
0.00232612
77.1379
26.4189
-1
5
271.227
261.274
0.00119193
77.1379
1.78991
-1
5
253.809
340.9
0.00212711
77.1379
27.6607
-1
5
271.227
253.809
0.00256036
77.1379
4.56526
-1
5
261.274
335.923
0.00212918
77.1379
21.6628
-1
5
241.367
256.297
0.00147716
77.1379
-0.213789
-1
5
263.762
296.11
0.00130805
77.1379
364
64
221
168
223
125
56
123
253
254
216
191
255
253
79
181
203
234
43
221
249
107
166
77
238
187
41
127
187
190
125
3
55
255
253
85
117
251
87
255
249
119
248
252
249
55
255
191
247
107
159
172
127
151
249
61
149
76
208
254
59
255
217
23
33
254
52
186
243
35
216
232
167
73
202
185
234
255
231
87
203
120
251
135
163
83
229
5
91
213
215
223
121
175
66
142
227
234
143
132
71
190
56
184
233
116
104
92
48
161
213
113
183
103
184
174
136
35
240
29
92
65
4
242
151
173
26
87
96
90
65
23
145
30
17
2
5
126
194
0
128
37
32
206
133
3
226
101
130
6
194
47
64
199
66
32
194
12
16
8
8
72
222
38
21
186
0
56
67
68
32
98
24
6
37
240
165
78
16
36
24
4
50
24
156
3
32
34
27
151
8
68
167
82
129
203
16
138
1
72
132
130
3
8
42
71
0
7
205
161
79
98
164
4
64
128
36
64
67
85
25
64
149
10
138
17
16
0
91
128
33
70
13
0
37
20
48
51
44
146
116
228
192
17
116
48
130
3
131
131
130
8
0
36
68
65
0
32
225
45
163
22
64
70
85
54
194
68
29
4
3
206
22
44
235
102
96
6
86
175
118
135
90
103
182
12
129
152
66
105
207
46
69
186
90
48
235
124
112
124
48
175
213
112
181
110
153
172
24
9
240
25
156
65
48
242
115
189
88
85
32
250
52
50
113
43
152
160
163
204
194
0
194
53
101
19
137
80
250
134
131
64
97
0
13
212
212
152
124
137
194
140
233
184
140
4
68
158
56
178
1
92
137
82
16
128
96
241
0
68
184
44
169
122
112
20
77
65
36
248
7
168
24
71
103
89
68
7
176
20
17
3
4
123
134
0
129
53
49
198
161
71
226
21
130
6
194
47
192
71
70
130
130
13
16
8
24
72
78
6
21
186
0
104
67
68
32
97
148
2
37
36
165
79
16
36
24
5
178
24
156
65
0
34
19
147
8
5
161
90
3
0
0
10
133
136
6
4
130
2
41
0
32
3
4
33
68
34
0
208
0
2
1
132
64
0
12
8
1
8
9
0
120
12
192
142
8
0
1
128
130
2
16
137
16
114
128
12
16
36
16
0
32
8
65
1
128
34
0
176
0
210
98
65
4
3
0
136
0
11
0
119
1
0
246
0
80
144
12
162
192
8
65
68
0
128
228
131
73
9
128
0
1
132
8
72
184
36
96
170
0
66
1
192
146
19
20
7
0
54
0
204
19
32
231
4
50
29
3
8
0
98
3
240
8
70
38
73
65
7
171
0
197
146
131
90
128
6
130
6
128
201
1
37
192
101
11
22
112
7
26
199
66
32
12
4
144
0
8
1
110
14
129
169
16
40
5
8
0
96
24
140
65
232
1
195
56
8
24
0
17
120
204
130
49
40
11
148
0
130
92
112
3
2
76
2
133
144
6
16
162
2
3
0
12
43
0
1
68
34
0
176
192
98
1
228
64
32
12
8
48
8
9
0
92
108
130
138
74
0
1
0
132
130
24
8
64
224
192
76
16
36
16
0
32
8
67
25
24
34
26
148
0
130
96
64
22
32
147
53
8
128
188
79
194
160
129
241
226
1
131
18
234
129
35
67
193
39
67
87
196
139
244
175
66
44
161
102
215
36
68
190
82
56
233
116
120
92
56
43
213
84
145
111
153
172
24
5
240
28
156
73
16
242
51
189
88
87
32
250
229
237
247
212
17
70
125
75
51
205
173
227
195
237
134
47
227
33
230
7
87
173
112
195
87
239
163
111
64
142
66
97
206
55
118
186
144
60
251
252
82
124
56
231
253
80
245
111
153
164
56
81
240
28
156
65
17
242
115
191
88
116
161
250
202
1
131
214
67
3
76
78
66
1
129
2
243
192
34
75
170
21
56
87
10
173
66
3
6
138
178
12
2
8
28
8
87
39
54
187
2
108
87
84
16
99
148
74
137
12
201
142
85
36
24
213
99
122
20
139
81
126
49
31
9
52
145
251
60
190
247
239
190
245
186
253
90
250
210
117
237
86
155
241
255
206
203
250
245
33
95
221
169
120
240
255
78
87
247
254
111
104
221
180
255
250
233
117
249
92
115
174
229
165
251
127
184
254
12
75
244
157
156
73
22
243
159
191
250
79
108
246
66
1
137
146
194
130
87
106
198
0
151
6
251
228
18
2
198
1
82
84
10
173
195
135
78
194
152
12
162
140
8
40
18
39
1
186
10
72
70
72
16
161
148
2
77
28
229
142
23
36
129
128
49
24
24
11
121
46
57
185
8
20
16
200
3
196
0
8
0
78
6
5
33
68
41
128
8
37
12
166
141
72
0
164
0
0
116
32
89
69
13
68
33
0
9
1
180
48
113
8
0
0
12
136
38
154
56
169
22
26
116
104
17
128
118
0
1
73
35
142
153
66
42
180
64
66
2
224
62
48
113
6
183
129
25
109
214
1
213
113
125
34
132
84
242
150
70
16
81
10
161
196
188
136
236
153
98
248
205
172
172
45
36
222
238
49
129
221
219
203
213
10
136
117
136
76
163
166
203
139
58
18
20
97
108
50
190
248
59
14
34
93
110
53
160
56
93
230
47
95
196
106
128
52
97
206
165
95
251
117
99
86
243
39
89
15
22
221
255
141
83
30
96
224
75
46
135
191
18
52
101
116
40
64
52
171
87
121
167
238
24
172
24
0
160
24
92
65
144
162
107
185
26
71
40
34
7
2
0
34
217
160
32
10
0
40
138
103
160
71
192
49
226
11
5
208
193
36
9
91
70
136
96
15
146
6
169
86
51
166
93
186
113
50
9
198
193
68
24
10
64
71
162
207
136
100
24
4
224
20
140
73
18
114
151
180
8
6
32
32
194
9
131
150
71
3
76
15
67
33
145
2
243
192
38
74
234
21
48
87
14
141
194
3
78
194
186
12
146
8
28
8
87
39
52
187
10
108
7
70
0
227
148
75
137
28
137
142
85
36
24
212
99
122
21
139
73
58
49
59
12
84
147
235
39
180
113
34
156
168
175
73
242
123
136
99
224
71
164
17
235
231
163
81
225
36
91
95
196
222
115
175
82
47
225
102
71
164
223
190
58
184
105
116
105
76
58
169
215
81
181
127
184
188
24
0
224
21
28
65
20
178
183
189
26
87
32
250
52
182
112
143
56
148
170
65
66
234
33
50
228
35
145
84
118
131
224
192
209
37
83
197
208
17
237
237
2
188
225
226
199
4
71
182
153
152
41
124
108
72
49
129
245
112
147
111
153
238
136
11
244
24
24
81
6
243
83
149
122
83
104
107
62
178
113
47
191
160
191
76
222
61
208
57
237
27
145
84
250
150
195
80
233
43
203
125
204
136
228
191
126
249
225
238
149
237
102
190
254
176
161
127
109
94
67
139
196
225
157
95
184
182
217
9
244
148
189
97
44
178
183
216
186
71
36
94
200
33
147
212
82
3
72
206
70
129
129
34
243
192
178
75
186
21
112
71
14
173
98
131
6
138
178
13
2
136
52
8
70
39
54
187
0
108
87
84
80
97
180
74
171
12
137
142
93
164
120
213
115
58
20
67
81
58
81
155
9
53
145
235
227
7
163
145
206
135
3
207
199
229
129
10
243
200
50
79
202
53
123
87
26
149
90
197
86
242
152
46
130
156
18
3
71
47
2
155
200
108
103
74
32
97
36
139
73
92
9
149
92
12
136
28
83
122
20
243
113
60
81
21
10
213
24
122
192
11
131
212
64
10
65
110
196
5
131
83
227
241
150
10
170
1
126
103
14
175
226
135
95
219
150
44
34
140
0
8
150
39
98
187
0
60
215
204
196
240
176
199
233
40
173
142
81
164
201
208
65
94
159
138
65
126
81
183
72
117
145
123
195
6
138
3
221
146
130
217
0
99
128
14
162
192
35
1
74
101
57
86
72
149
91
72
6
208
24
38
146
12
34
3
79
7
149
11
16
109
109
2
32
64
0
8
85
12
17
145
94
12
24
36
211
248
204
227
64
44
129
21
12
209
88
98
54
242
85
238
61
176
190
88
240
185
240
251
237
19
132
89
226
199
165
121
193
36
203
125
229
159
113
183
126
41
33
238
159
228
220
178
119
184
169
117
109
94
58
175
213
17
215
111
184
190
24
1
240
149
159
73
20
178
183
159
88
87
36
95
227
205
231
87
192
70
93
230
232
165
61
218
202
237
150
170
171
101
62
103
14
143
231
39
79
255
151
59
243
15
2
63
211
39
36
219
2
53
255
254
115
120
184
251
159
24
125
182
73
132
82
241
209
250
148
238
217
252
97
59
92
117
145
250
248
186
179
231
252
230
168
243
206
153
82
95
227
192
211
24
126
199
255
79
93
15
239
221
255
223
127
175
198
150
162
190
103
175
109
159
253
189
237
71
201
68
179
190
203
45
155
181
236
221
92
243
241
230
156
227
198
248
81
195
118
85
17
190
98
9
131
222
64
70
69
134
198
228
45
0
19
206
59
174
251
226
96
6
86
175
118
7
90
231
183
44
131
152
18
99
199
46
71
186
90
48
235
124
112
124
48
175
213
112
181
110
153
172
24
1
240
29
156
65
16
242
51
189
88
85
32
250
44
34
237
113
31
183
163
252
244
190
214
53
121
88
187
69
194
253
195
98
245
115
223
246
12
42
4
135
120
220
57
202
127
14
198
186
86
122
5
84
216
117
86
6
64
231
3
75
187
44
153
13
242
29
221
89
52
114
55
189
74
150
44
217
63
52
121
34
159
160
35
105
210
32
214
53
253
6
129
80
250
135
3
80
225
53
75
213
148
152
120
141
98
220
225
232
15
172
133
190
46
56
9
92
40
193
86
1
69
101
165
79
186
54
137
78
242
20
92
81
44
178
159
153
186
143
236
94
131
68
8
26
7
68
4
3
1
102
40
128
0
142
36
15
137
48
36
145
8
146
184
0
80
149
145
0
17
26
11
81
192
14
144
42
0
8
35
10
34
162
36
169
22
80
36
224
0
32
16
4
15
24
228
0
144
32
33
52
12
208
8
34
197
64
68
28
0
10
4
118
161
36
45
144
2
165
134
170
131
68
7
100
8
130
164
32
74
8
140
0
145
12
8
8
240
37
36
250
2
50
5
214
146
202
24
150
24
58
68
136
1
36
86
16
9
26
135
10
152
224
33
56
76
68
34
185
42
193
169
186
23
38
93
15
213
42
121
176
51
202
180
126
146
84
7
83
2
178
228
7
76
131
166
9
83
184
52
232
162
46
134
190
99
116
1
244
202
234
181
73
210
86
129
78
91
172
26
0
96
29
245
17
144
178
99
186
57
86
42
177
52
54
112
143
56
133
170
33
66
202
1
50
244
34
177
80
118
131
96
224
209
116
83
197
152
16
237
253
2
188
245
226
199
4
71
182
153
88
169
117
36
72
53
137
245
52
146
111
154
238
8
11
178
24
24
89
14
243
19
145
58
115
104
99
50
113
89
150
62
129
220
33
82
160
85
113
124
70
145
82
118
130
68
147
195
40
1
199
168
10
228
223
66
189
213
126
226
44
36
182
223
25
131
245
83
202
133
10
160
52
130
79
139
230
195
67
124
8
24
73
6
51
26
216
56
38
98
237
20
49
145
148
16
138
100
122
18
8
134
53
64
69
136
0
226
69
128
4
199
44
192
195
206
8
162
69
16
12
8
104
94
34
53
186
4
42
67
84
17
164
150
130
108
16
165
79
17
36
57
80
160
24
28
9
12
34
58
171
8
37
167
226
122
49
153
154
19
195
26
109
199
2
213
52
49
6
173
114
255
23
0
84
130
49
195
7
140
192
224
13
2
168
156
40
135
4
21
190
2
104
75
84
32
201
181
105
53
28
165
110
151
174
25
5
178
24
116
83
64
50
59
249
25
7
48
194
7
22
64
32
221
160
36
72
32
58
168
37
160
79
129
49
227
172
129
208
225
34
9
122
70
140
98
1
146
6
33
70
123
166
93
186
113
48
33
68
44
64
26
11
68
193
166
83
8
100
24
4
224
28
206
9
18
162
135
148
8
70
32
48
225
13
161
20
64
14
5
111
65
64
147
18
226
196
6
14
162
1
34
71
30
173
195
131
94
202
146
12
2
28
8
9
130
39
96
187
0
46
199
204
192
112
148
195
201
24
165
206
80
36
9
216
67
26
29
2
105
58
81
179
8
116
145
74
4
131
1
136
136
220
132
1
142
64
11
4
129
85
89
161
137
64
64
0
86
32
16
192
90
84
5
0
132
138
11
16
132
18
195
8
8
2
202
2
33
48
0
160
20
226
180
2
18
28
129
104
145
65
0
18
33
0
0
32
64
65
76
72
150
208
24
130
39
88
216
143
150
218
31
84
21
6
80
180
125
150
20
153
64
34
164
2
185
149
97
75
215
187
211
120
100
60
13
198
122
83
201
212
83
212
0
60
150
6
180
108
129
45
86
5
236
1
166
65
144
82
42
60
84
31
34
184
60
186
255
231
190
249
191
252
250
191
218
125
237
22
251
241
255
239
203
186
245
33
95
221
225
124
116
255
78
95
247
254
127
232
223
182
255
251
233
117
249
92
115
46
215
231
191
127
185
254
28
3
244
157
157
73
22
243
159
173
250
31
96
246
190
50
113
32
217
40
160
72
224
1
194
114
230
51
192
81
226
141
7
84
97
4
9
212
198
156
121
169
230
14
160
176
24
68
84
158
40
48
13
84
205
80
24
1
64
69
118
196
136
37
0
4
112
21
75
73
28
240
5
164
8
23
100
88
195
206
135
3
232
152
134
128
106
59
34
75
142
113
78
25
236
163
45
162
204
69
11
120
198
215
57
110
142
3
163
86
215
229
88
17
120
184
236
98
101
94
40
63
213
88
252
17
152
205
24
37
245
229
157
235
22
220
146
181
84
87
16
122
252
109
250
221
34
71
244
231
15
228
127
150
87
244
251
254
255
152
122
111
23
157
244
131
223
103
150
73
225
222
222
251
162
23
99
238
150
94
223
252
50
61
245
246
62
190
37
238
223
40
239
219
146
95
48
86
97
249
105
123
127
108
155
234
53
182
117
34
216
160
39
88
226
21
232
115
237
119
132
81
243
167
167
96
241
100
27
245
196
253
121
191
42
12
225
233
159
68
198
190
56
184
57
124
108
66
58
163
245
113
244
71
184
182
137
106
240
28
76
77
44
190
151
141
154
215
100
90
59
52
117
166
63
165
89
125
214
124
245
113
125
10
180
86
242
246
87
113
241
58
249
62
188
171
229
27
123
249
117
239
197
173
54
254
214
113
161
255
91
203
247
143
200
21
252
79
141
180
219
141
234
30
156
81
232
178
251
218
251
142
44
253
58
50
117
167
255
173
59
125
222
125
214
125
253
30
176
116
242
244
67
112
249
123
219
124
188
168
236
191
126
217
125
239
69
237
191
190
214
243
185
127
221
205
215
142
192
165
232
87
174
180
221
137
226
188
158
85
104
182
251
218
219
143
46
244
60
50
241
34
216
232
167
73
202
0
202
119
229
22
136
113
251
135
163
80
225
37
91
213
148
220
121
175
66
142
227
234
143
132
199
190
60
184
233
116
108
84
50
161
101
113
181
103
184
174
137
106
242
21
92
81
36
178
151
169
26
87
108
90
221
249
223
125
112
123
253
254
216
186
255
189
99
150
207
234
171
220
249
111
38
141
230
187
43
239
187
190
85
67
54
255
253
37
117
251
87
247
233
117
122
254
187
63
255
191
247
236
159
174
127
151
217
63
149
76
208
254
57
255
93
86
35
246
127
48
241
50
31
162
35
110
210
40
208
53
253
235
130
82
250
167
3
83
233
47
203
159
132
170
230
143
106
221
233
238
31
174
4
190
126
184
49
94
76
65
221
74
193
113
129
79
187
38
9
70
242
28
92
65
44
178
151
217
184
150
224
94
186
241
108
247
63
181
217
61
247
191
213
249
191
90
54
93
182
246
86
219
245
122
243
254
177
42
230
155
127
253
253
238
239
108
134
246
255
59
248
253
218
223
247
46
208
119
147
111
191
190
155
11
250
29
223
85
54
243
255
223
251
191
174
223
77
42
77
1
216
249
162
252
248
59
194
31
204
37
235
225
202
205
139
96
200
65
14
216
206
200
60
166
204
71
59
78
85
132
221
59
94
243
173
118
220
84
74
30
69
166
232
49
153
76
24
37
244
157
156
73
20
240
147
188
204
23
98
244
205
10
118
161
217
237
163
240
60
253
202
95
205
61
219
229
235
253
255
102
252
137
174
248
79
125
57
166
252
71
51
159
93
227
125
121
84
247
237
62
253
84
106
54
77
139
126
177
140
85
92
52
213
255
140
239
202
204
161
173
204
7
48
182
63
180
243
47
190
229
187
253
218
190
210
61
229
6
171
209
255
230
195
146
245
33
95
221
189
248
254
239
78
125
245
254
109
172
77
183
255
186
233
117
121
76
83
174
215
245
155
127
185
254
24
7
244
29
28
65
150
242
159
189
250
71
98
246
61
191
247
125
62
119
249
246
242
188
214
245
93
117
155
240
255
238
203
106
245
43
103
215
221
42
230
218
109
213
247
254
255
120
101
188
222
50
248
125
223
93
155
158
232
227
147
111
185
174
205
75
240
29
156
77
38
243
87
159
250
103
231
255
186
241
124
246
63
53
217
63
215
191
245
245
127
90
54
119
246
246
86
219
245
122
241
254
185
42
230
155
127
245
245
238
239
108
134
246
255
121
248
245
218
223
247
46
210
117
147
111
191
190
155
79
250
29
220
85
54
179
255
219
251
191
174
223
198
130
155
169
232
150
138
193
10
255
33
202
131
0
179
25
228
213
56
99
200
5
78
89
78
211
191
111
18
41
51
122
103
148
95
171
82
124
237
114
96
78
32
45
211
28
209
63
153
172
24
5
240
93
156
107
16
242
51
189
92
87
48
243
212
41
155
213
2
79
216
207
159
129
15
214
83
230
251
250
251
145
52
71
14
173
228
3
127
223
183
109
67
170
22
56
194
39
101
250
18
127
203
124
80
93
181
106
189
30
181
110
221
172
26
149
248
31
148
75
16
242
49
185
89
21
33
250
58
52
117
166
191
165
59
125
214
125
214
53
109
10
144
84
242
214
67
112
249
42
251
61
156
168
228
159
122
249
117
239
69
173
54
190
246
241
161
255
89
205
215
143
192
33
236
79
170
180
219
137
226
156
158
81
104
178
251
218
251
142
44
252
34
7
197
18
2
7
4
7
226
4
19
0
29
115
48
64
200
18
0
160
194
118
81
103
88
146
132
13
34
152
25
64
23
46
66
186
72
88
19
76
36
17
28
7
192
68
229
79
16
164
137
12
50
24
154
9
8
114
18
149
72
87
32
122
208
17
85
4
205
10
7
58
214
1
214
115
239
117
68
16
116
135
103
116
64
46
128
231
138
222
253
126
248
138
192
44
26
45
0
190
78
16
5
84
93
148
153
7
201
33
252
79
161
164
129
128
232
30
142
73
104
118
55
185
24
23
36
216
7
22
196
34
221
162
36
2
32
88
130
99
174
251
128
21
96
171
37
240
225
69
153
115
70
154
96
95
58
12
160
69
23
102
84
186
97
120
53
68
197
66
24
139
201
1
211
207
216
36
24
4
96
20
159
73
26
246
51
149
88
87
32
121
217
249
223
125
55
115
253
254
216
186
253
189
99
132
207
234
43
220
59
111
46
143
230
191
47
255
187
188
81
67
54
254
249
37
53
251
87
117
233
117
122
222
187
63
255
191
255
252
159
175
126
149
217
63
148
76
208
250
57
255
125
70
2
183
59
52
117
167
191
173
59
125
222
125
214
117
253
14
152
116
242
214
67
112
249
59
203
125
188
168
236
191
122
249
125
239
69
237
61
190
246
243
169
127
221
213
199
142
192
33
236
95
174
180
219
137
226
188
156
85
104
182
255
250
251
143
44
244
44
55
117
128
223
173
35
89
236
84
130
119
253
127
248
69
242
189
195
112
245
118
16
246
214
188
64
141
184
222
121
201
78
110
71
190
200
122
201
92
204
85
22
135
68
99
228
79
176
36
136
8
226
29
207
25
44
50
87
181
10
159
44
88
251
221
238
215
239
255
223
185
191
253
127
219
191
253
126
252
189
247
126
191
254
255
242
125
59
255
255
126
255
243
118
191
215
255
123
85
214
253
254
127
117
253
235
255
253
42
253
179
237
223
159
253
221
231
159
239
121
255
240
127
247
189
157
254
111
234
235
60
61
122
191
78
224
162
237
184
105
247
175
91
139
173
35
83
167
101
67
215
197
223
209
191
99
46
35
202
159
172
213
186
91
56
233
119
106
94
56
45
213
81
247
111
153
174
8
7
240
29
220
73
16
242
151
189
56
87
230
91
174
54
113
32
217
40
36
75
96
65
234
114
230
23
224
81
227
137
39
84
97
4
25
84
198
221
89
169
226
14
160
144
144
4
84
154
40
112
45
212
109
81
56
33
68
69
118
196
200
36
0
12
114
20
73
105
28
176
5
164
24
87
100
72
12
42
239
193
56
191
243
119
61
252
198
117
221
55
185
192
138
217
217
43
245
85
202
251
121
104
8
151
108
205
25
207
159
195
113
48
116
219
253
60
245
53
106
38
109
164
119
227
189
124
173
189
245
77
155
76
126
78
190
237
203
15
37
222
2
193
8
42
1
72
20
4
1
2
45
136
16
36
45
186
141
10
0
212
0
82
65
0
101
197
13
105
67
162
138
0
148
28
1
202
43
8
8
32
42
155
52
33
22
214
54
44
83
138
163
4
8
1
96
60
24
193
40
96
49
74
82
194
58
176
245
254
63
161
253
63
214
56
212
117
125
110
151
84
255
150
67
210
245
59
231
255
170
42
230
219
95
253
237
238
255
44
12
182
255
50
241
117
91
79
215
14
208
53
131
79
187
230
219
195
242
28
221
89
198
243
255
219
186
79
162
93
21
51
145
28
17
2
5
122
194
0
128
53
96
196
129
1
226
69
130
4
195
47
192
199
78
32
130
12
16
12
8
72
78
38
21
186
4
40
67
69
32
96
146
135
36
160
165
78
16
36
25
64
32
24
28
1
0
34
26
147
8
68
165
96
251
221
239
215
239
253
223
185
191
253
127
219
191
249
126
252
189
247
126
191
254
255
190
125
59
255
255
54
255
243
119
191
199
255
111
85
254
253
254
191
127
253
235
255
221
122
253
179
237
223
159
239
221
231
157
255
121
253
244
127
247
253
153
190
38
39
101
130
18
149
5
1
230
68
1
68
29
127
176
69
210
244
64
32
211
114
17
102
88
128
4
25
38
152
25
0
6
110
66
154
192
80
27
12
5
1
8
133
4
196
244
78
16
53
129
8
50
0
130
25
40
98
82
4
72
95
44
88
57
49
253
118
62
55
253
54
215
188
223
117
125
127
146
82
247
222
195
251
245
122
229
247
169
42
230
219
126
245
253
238
255
124
164
180
255
58
248
253
89
221
255
46
224
35
147
111
187
190
139
207
240
29
157
93
110
243
127
219
251
191
228
254
95
237
238
125
115
114
254
198
56
186
222
189
124
255
203
250
233
153
59
254
229
117
199
115
47
221
176
157
127
103
182
251
183
36
85
250
119
123
249
124
58
92
57
124
85
151
247
111
219
172
30
5
248
29
188
77
16
246
59
189
88
71
50
242
82
49
153
154
83
203
30
76
66
34
157
180
176
70
173
114
255
23
0
84
143
53
195
71
141
196
232
45
18
42
151
40
151
4
213
190
2
104
235
86
32
89
53
105
181
28
165
47
151
174
25
5
178
25
124
67
64
50
51
185
25
83
112
74
61
47
117
52
42
173
53
99
237
100
215
86
223
125
220
70
242
233
103
225
245
118
81
247
221
126
181
254
104
214
247
232
195
92
71
174
141
56
249
92
124
157
61
167
229
97
183
111
187
164
137
75
242
29
26
85
46
243
83
177
250
147
104
234
39
180
17
38
28
232
175
72
242
43
130
103
224
71
164
17
235
231
131
81
193
37
91
95
196
222
243
175
82
47
227
102
71
164
93
190
58
184
233
116
105
76
58
169
215
81
181
111
153
172
24
5
224
21
28
65
20
178
183
189
24
87
32
250
186
241
236
247
63
181
217
61
247
191
245
251
191
122
54
95
182
246
86
251
245
126
243
255
177
42
230
155
127
245
253
234
239
108
134
246
255
123
248
253
218
223
247
46
208
119
147
111
191
190
155
79
250
29
221
85
54
243
255
223
251
191
174
223
92
38
255
224
120
119
32
247
17
252
196
53
83
182
147
74
139
220
219
40
241
213
238
187
74
104
140
135
124
77
61
207
125
129
181
161
53
244
5
116
92
5
91
54
111
165
67
233
62
108
127
149
215
120
158
76
198
238
175
204
203
6
39
246
45
34
237
32
26
253
163
124
220
188
214
53
241
124
187
228
202
124
195
98
245
115
202
214
61
40
4
135
108
205
59
202
79
10
197
186
86
250
201
28
216
85
86
6
68
231
35
99
187
44
137
12
242
29
156
81
54
98
63
189
202
159
108
222
131
129
136
22
39
130
92
10
7
1
61
224
42
75
4
27
1
35
36
151
135
47
225
71
64
199
131
31
18
56
0
65
151
188
20
146
235
8
226
245
64
234
33
233
145
88
181
79
81
166
24
3
100
0
188
130
17
51
50
187
56
117
176
234
121
21
247
214
32
231
127
119
54
252
125
17
31
249
18
6
239
215
33
99
212
45
194
115
72
239
177
62
120
0
51
107
215
36
85
186
82
120
249
116
116
92
57
47
213
20
245
111
153
172
24
5
240
29
156
73
24
242
51
189
88
87
32
250
10
193
140
154
38
81
28
6
39
134
57
136
24
168
55
42
149
122
96
225
2
240
192
34
73
5
165
120
1
160
180
129
214
20
211
136
75
72
192
105
38
11
53
41
182
20
247
110
27
168
144
7
50
25
240
92
25
243
49
181
81
242
66
227
124
58
243
55
88
226
175
238
202
187
234
183
231
199
139
122
251
135
163
67
237
173
79
223
199
223
243
175
66
143
227
254
239
133
69
191
60
184
233
118
104
92
112
167
245
113
183
111
185
238
8
67
240
29
28
65
4
250
151
189
152
87
225
126
124
63
247
213
50
55
253
255
215
252
223
179
95
253
155
78
182
221
234
107
246
237
212
183
221
170
230
216
124
248
124
255
235
50
116
190
214
126
210
253
222
127
187
254
234
166
193
111
187
175
157
203
242
30
157
93
101
246
115
223
123
102
171
254
60
186
255
231
190
249
190
245
122
216
222
117
236
55
203
241
255
207
235
250
245
97
79
253
225
125
112
255
126
87
231
247
255
104
223
180
255
250
249
117
253
92
123
190
245
163
247
111
184
255
141
11
244
141
155
77
54
243
151
165
250
91
100
222
153
250
223
111
244
120
252
242
123
153
252
251
238
151
204
185
255
207
191
111
37
76
173
253
239
223
123
251
255
7
226
190
240
231
253
215
127
191
253
181
251
222
187
127
223
155
126
181
237
209
103
243
220
231
175
239
214
220
172
79
85
125
23
191
15
173
234
56
17
106
240
71
28
152
222
245
106
255
203
254
233
137
179
215
229
39
195
115
119
223
208
165
90
38
162
226
151
40
69
186
119
58
233
124
248
92
58
233
213
19
247
111
249
172
24
1
240
29
185
73
18
243
63
189
26
19
32
202
62
48
113
6
183
129
31
45
214
1
247
113
253
34
144
80
242
150
70
17
209
50
163
196
188
168
228
89
2
248
221
44
44
44
36
190
238
113
129
221
217
219
197
10
128
38
136
76
163
166
203
143
58
26
29
65
100
114
150
120
59
14
32
92
220
233
255
221
34
95
216
231
159
197
95
222
95
244
251
250
255
209
126
111
14
189
228
51
191
223
183
125
67
235
22
186
242
55
101
254
82
127
219
124
242
93
181
126
191
30
241
110
157
172
255
215
248
31
149
77
80
242
57
253
89
29
35
250
233
5
239
119
101
38
125
190
176
189
117
131
14
251
2
15
40
237
63
111
122
143
246
183
26
43
190
182
217
17
96
239
219
45
36
255
211
61
49
252
88
234
56
159
203
121
139
206
57
172
94
5
81
30
156
68
176
246
49
157
252
150
0
251
58
249
255
255
55
253
221
63
255
222
215
189
125
62
253
222
255
214
123
251
245
119
199
119
237
255
240
253
127
255
254
235
223
44
245
254
255
123
249
117
250
223
127
63
215
183
247
110
191
175
159
15
248
29
159
93
22
243
63
253
123
159
46
251
133
38
100
96
216
168
163
80
104
61
194
103
204
121
200
33
226
233
135
96
245
44
25
248
70
58
20
130
188
6
43
215
95
98
92
184
116
178
89
140
205
20
26
150
64
227
234
67
168
117
8
32
242
30
139
9
38
80
151
133
202
71
36
120
183
244
113
38
223
136
141
8
226
71
185
122
239
111
196
125
243
167
38
240
227
68
145
109
246
215
97
123
190
58
227
45
150
236
93
158
170
52
121
222
103
200
44
233
212
17
252
23
192
182
16
4
224
0
108
105
40
150
178
168
152
223
176
8
124
49
253
48
52
51
59
126
208
170
195
48
101
2
137
83
250
205
195
78
177
113
65
215
133
168
230
141
66
12
101
232
95
12
133
190
28
56
1
85
184
64
183
6
99
225
3
79
186
174
41
67
112
29
93
85
4
178
31
219
57
135
229
83
124
51
253
112
48
51
43
126
224
162
195
48
101
3
129
83
250
205
195
74
179
119
65
215
132
184
230
157
98
12
101
234
95
12
135
190
24
184
17
85
60
64
59
6
103
229
3
79
186
174
168
67
114
28
92
93
12
178
31
223
57
135
229
82
63
48
241
34
158
160
35
104
194
32
210
52
253
2
128
80
250
135
3
80
225
53
75
213
132
152
120
143
98
92
225
232
15
172
133
190
62
56
9
92
76
65
86
8
65
97
161
79
186
46
137
78
242
20
92
81
44
178
151
153
186
159
236
94
163
215
69
207
253
156
211
24
250
85
37
203
173
121
68
29
102
231
60
63
214
104
51
100
96
183
97
62
191
58
65
61
158
101
218
16
194
25
250
161
247
222
42
159
145
152
248
23
128
151
20
41
60
162
159
239
57
214
50
15
208
221
38
217
90
9
138
214
103
195
90
7
23
225
23
197
50
194
50
94
60
19
56
151
135
61
231
3
27
67
178
31
2
249
148
98
135
61
51
179
219
76
234
117
208
253
229
106
185
28
161
110
213
170
155
199
247
9
184
195
83
115
115
187
57
61
145
235
186
17
25
130
23
191
211
57
150
17
22
86
189
18
112
117
116
215
87
213
80
54
128
116
168
146
236
78
114
219
221
184
170
44
130
254
90
91
137
212
216
149
22
14
192
102
160
79
175
45
145
13
248
29
141
89
16
114
59
188
121
30
38
217
163
196
138
123
189
208
216
140
115
187
133
236
42
219
39
187
226
176
17
219
207
171
127
63
102
130
226
11
215
45
171
118
247
174
12
122
82
55
67
246
210
234
8
92
218
82
137
147
89
108
94
5
124
24
212
97
144
242
169
159
220
112
162
249
124
56
251
251
120
243
255
207
202
235
235
190
247
198
171
122
251
135
243
67
191
181
95
223
149
223
243
175
66
143
227
254
239
134
71
191
152
184
233
118
120
92
112
229
247
125
183
111
153
174
40
67
240
29
92
81
20
250
211
189
184
87
233
126
167
252
219
107
185
216
222
9
251
195
173
234
230
83
228
89
155
163
60
27
135
117
83
79
245
215
243
127
7
59
199
98
135
220
207
7
250
153
250
51
98
254
233
225
183
89
181
59
211
254
40
111
244
133
124
243
21
219
246
175
176
249
249
94
234
201
26
255
226
223
223
193
15
199
45
202
147
206
255
255
231
215
60
111
14
189
182
56
47
215
187
47
215
171
54
59
162
167
95
219
66
119
239
246
178
255
244
121
191
158
252
180
205
141
86
181
75
247
167
235
209
252
104
63
93
92
19
177
62
50
241
179
216
176
163
109
218
187
210
55
245
99
139
80
250
135
131
82
237
37
75
221
148
136
112
175
74
205
225
238
95
134
69
190
125
248
109
126
236
84
66
8
69
5
251
119
187
236
8
99
246
29
92
121
6
242
151
185
154
23
96
86
196
236
11
9
153
64
130
237
138
227
189
188
33
130
203
234
65
4
5
83
15
128
238
128
89
129
136
43
129
139
3
26
233
4
69
202
18
51
233
246
146
94
32
170
144
26
0
48
155
44
18
33
208
29
85
64
144
176
33
56
28
86
98
233
58
116
125
190
63
47
93
127
214
108
253
49
125
14
180
118
243
214
87
112
241
58
185
63
188
237
228
27
123
249
253
239
193
173
54
254
206
113
161
255
91
203
215
43
204
53
228
79
143
166
219
141
234
30
156
81
104
178
251
248
251
142
46
252
1
146
68
66
189
185
129
88
182
20
134
101
172
121
164
5
98
180
195
176
245
98
25
247
96
58
68
2
60
76
193
71
159
106
67
180
80
16
233
44
221
29
10
7
208
97
245
79
184
252
136
8
240
13
218
73
50
242
182
165
210
215
36
89
62
48
113
38
23
32
35
108
199
0
213
53
125
46
132
112
242
150
3
84
33
2
225
20
156
136
108
137
98
252
237
168
12
109
36
158
238
48
1
220
13
193
149
10
64
117
172
76
170
54
195
138
98
18
116
97
236
178
143
216
57
14
182
93
58
182
247
111
191
225
185
61
210
184
208
117
253
66
171
80
254
150
195
210
241
41
199
223
172
40
226
223
78
125
245
238
111
236
61
182
255
120
233
117
121
77
215
14
196
181
155
127
184
254
89
71
246
28
28
65
6
179
223
219
187
79
160
119
69
5
172
24
1
199
64
103
165
164
5
132
16
184
175
166
138
16
3
107
146
35
206
35
89
32
132
4
49
140
24
72
253
6
33
170
2
106
67
90
146
51
28
6
18
252
65
234
17
40
127
4
49
25
148
12
16
226
43
253
73
70
34
251
63
48
245
47
159
224
187
108
218
186
208
61
253
47
139
80
250
166
131
82
233
35
207
253
196
168
224
191
74
125
237
239
95
172
77
182
255
184
233
127
109
76
79
10
197
113
139
127
185
238
24
7
244
28
92
97
14
178
159
185
186
71
34
118
234
218
78
235
223
123
199
153
61
123
248
235
63
58
110
237
201
189
125
249
116
210
189
124
35
253
91
35
255
83
55
223
249
239
223
113
127
117
253
176
126
255
126
61
87
151
118
241
238
221
158
132
207
167
239
188
218
228
237
190
215
223
158
21
197
72
68
24
81
10
6
246
164
36
47
146
2
141
222
175
131
68
71
100
8
130
164
32
75
45
140
8
145
8
8
8
240
37
100
250
0
50
133
212
146
146
24
151
8
122
4
140
1
37
86
0
9
31
135
10
144
96
33
60
76
68
34
185
7
48
145
36
24
128
40
76
194
42
129
117
224
1
130
19
234
5
3
65
193
39
75
79
196
138
244
143
66
44
161
102
215
172
69
190
24
56
233
118
104
72
56
11
209
112
177
111
153
172
24
5
240
28
28
73
16
178
19
189
56
87
32
234
250
217
255
223
255
247
223
255
255
255
253
219
191
252
118
255
255
215
126
47
126
255
246
127
191
255
247
126
255
243
246
191
215
255
191
125
214
253
254
247
115
255
231
127
255
60
253
183
223
155
159
255
248
255
156
255
241
254
249
95
247
253
157
254
57
181
247
127
62
225
249
191
210
184
214
117
124
82
139
208
254
206
195
210
245
41
71
223
168
42
226
223
78
117
253
238
239
44
125
182
255
114
249
117
217
93
215
14
224
165
147
111
185
254
75
71
240
28
28
65
6
243
223
251
250
47
230
215
53
117
121
42
16
16
36
78
67
130
169
176
116
130
165
114
242
130
3
68
9
208
69
132
196
129
233
137
67
12
232
48
248
4
132
158
0
56
1
220
34
66
60
1
112
93
2
132
155
44
32
54
112
24
68
65
24
184
1
128
24
210
98
105
92
33
187
52
82
131
58
111
194
170
193
54
240
198
163
82
234
17
18
70
203
181
67
135
148
192
250
205
66
172
180
104
79
20
5
191
26
104
65
84
56
72
53
40
245
125
161
111
31
174
24
7
242
24
92
65
16
187
51
185
56
23
96
226
45
35
229
56
21
58
33
126
224
2
193
180
105
135
132
75
130
44
67
84
241
99
65
151
68
168
192
149
123
12
40
200
252
12
198
186
73
50
1
245
206
122
26
142
208
115
131
78
58
46
8
66
112
29
93
16
44
162
151
190
40
214
230
89
126
48
249
50
31
163
99
110
210
170
212
52
253
194
130
82
250
135
67
83
235
63
203
159
132
138
230
143
66
221
233
238
95
174
4
190
62
184
97
94
88
64
213
72
193
117
33
111
187
46
9
70
240
28
92
81
76
178
151
217
184
150
224
94
189
253
125
116
56
190
125
114
249
53
237
250
206
253
212
31
245
233
103
225
247
110
113
247
213
127
245
255
104
151
225
225
219
124
70
190
203
56
249
252
126
158
56
175
245
115
183
111
185
228
136
75
240
29
27
69
62
247
115
189
250
243
104
234
61
59
245
32
52
187
43
122
208
30
194
53
101
2
185
67
242
237
195
64
245
53
80
223
197
184
230
133
74
76
97
232
79
12
207
190
28
58
201
85
252
84
50
143
227
225
179
111
184
190
40
67
226
29
93
81
4
178
23
175
106
151
109
114
90
209
154
219
39
209
220
54
87
162
61
136
183
212
53
91
125
215
112
219
142
125
199
71
169
215
243
110
83
235
213
106
215
14
147
142
90
121
250
115
50
123
229
109
151
28
181
47
159
170
152
71
242
25
252
89
17
243
123
223
89
121
227
251
45
68
108
188
62
125
125
82
164
102
45
128
29
45
252
231
131
124
102
97
182
114
176
51
93
191
133
26
113
51
117
233
192
52
214
186
194
112
224
255
50
219
60
175
244
82
244
110
153
164
18
13
104
29
151
17
184
178
115
188
248
214
44
184
36
197
35
137
67
71
131
221
151
204
44
141
17
76
57
165
193
116
194
6
208
50
156
2
88
229
13
68
17
218
27
90
228
42
67
160
48
64
79
168
115
61
6
162
20
118
48
110
57
44
216
9
179
88
140
83
48
2
106
56
18
76
42
240
37
199
50
137
192
199
131
7
166
68
44
76
17
94
177
45
245
119
192
38
82
35
20
67
90
228
12
76
149
154
90
17
166
3
67
130
16
64
79
168
35
25
4
166
21
88
181
230
21
44
152
9
179
72
132
211
49
90
98
44
82
205
47
248
134
138
2
33
236
184
142
128
40
59
34
75
138
113
75
1
141
205
45
178
204
69
10
120
70
223
57
230
156
2
35
86
87
249
217
1
121
184
236
34
101
28
42
189
213
73
222
17
152
221
24
33
213
229
221
235
6
212
150
165
212
83
112
126
58
185
252
238
55
125
249
63
255
222
214
181
125
62
255
253
255
246
67
250
245
114
209
119
253
253
240
153
127
223
255
233
223
44
215
254
223
123
233
117
248
221
127
47
213
183
247
111
191
174
159
13
250
29
223
89
48
242
63
189
123
159
46
250
90
49
153
186
215
131
30
74
198
34
153
54
241
198
166
82
255
151
32
84
138
181
195
71
142
214
250
109
18
42
214
40
151
4
213
159
10
104
235
87
32
73
245
105
245
28
181
47
150
174
25
7
162
57
92
83
64
178
49
185
25
87
112
106
51
242
77
238
61
184
151
56
244
57
252
249
173
27
132
17
251
199
35
121
224
98
203
127
228
255
241
191
126
9
97
239
159
236
212
190
127
56
249
117
125
94
58
175
213
145
245
111
152
190
25
1
240
157
222
77
48
178
183
159
216
87
36
222
252
109
186
221
34
71
92
231
23
226
125
158
87
228
191
254
255
146
112
111
31
157
246
139
159
71
242
89
65
255
190
255
227
23
37
251
150
238
210
126
50
123
229
122
191
30
65
238
223
168
255
223
178
95
52
95
201
249
105
123
95
100
139
231
198
222
155
233
248
150
154
193
58
255
32
203
134
2
255
57
230
215
189
43
204
5
142
121
111
223
191
111
215
43
51
126
247
165
93
59
114
253
237
118
98
78
106
61
215
28
216
53
221
173
24
37
244
245
156
235
16
250
51
189
92
87
48
179
235
246
100
235
223
248
7
152
252
127
248
255
175
127
230
253
227
244
47
241
233
226
187
60
70
239
105
187
255
31
99
191
241
239
159
251
107
113
125
254
94
206
26
191
212
83
254
177
136
181
86
4
232
190
134
109
184
244
165
158
222
214
38
185
124
173
255
252
56
190
125
99
229
238
249
186
223
229
156
94
251
233
99
99
191
119
82
223
221
255
183
255
74
191
247
234
199
28
71
174
154
60
249
126
124
92
177
233
247
113
183
111
187
172
136
75
224
29
28
85
44
243
83
185
250
215
105
254
208
1
147
215
33
67
88
238
7
129
1
146
51
224
178
74
46
21
120
79
10
141
230
3
10
211
178
44
3
136
22
40
94
39
52
251
18
108
86
84
80
104
181
111
171
28
65
174
93
168
122
213
113
122
180
206
209
126
49
91
93
117
145
251
192
201
143
223
0
64
221
238
239
165
189
206
107
237
23
170
139
68
62
111
14
143
231
46
111
215
151
58
211
143
2
62
242
39
37
219
2
37
254
254
50
232
169
123
191
24
125
176
73
136
118
241
217
186
180
110
217
252
105
123
93
116
147
186
179
220
113
44
207
40
29
74
226
11
249
250
239
109
68
60
245
167
39
241
226
78
129
111
230
222
99
251
218
54
224
109
150
236
92
158
234
44
184
255
79
202
29
233
220
17
244
79
193
182
16
130
104
20
44
105
8
178
178
184
180
87
50
40
113
141
147
94
0
70
85
78
130
196
13
213
2
239
134
62
239
163
32
39
22
47
242
7
91
231
182
77
3
40
66
105
135
38
37
190
146
8
203
124
114
88
184
227
189
16
181
110
153
172
24
9
240
24
156
67
49
242
115
185
88
85
35
250
192
9
131
214
66
75
65
174
206
33
19
2
179
224
22
10
10
17
124
71
14
141
226
131
75
211
147
46
130
136
18
9
82
39
98
251
2
108
246
78
80
240
180
123
137
28
109
166
85
128
208
208
65
90
22
138
81
124
113
59
76
116
145
250
23
162
145
36
25
226
170
72
192
187
192
245
224
1
132
16
232
141
3
81
192
39
74
95
197
218
252
239
66
38
35
110
215
172
77
191
120
184
233
118
105
76
48
43
211
81
181
111
185
172
24
1
224
29
156
65
20
242
151
189
56
87
32
122
224
1
147
214
97
3
92
255
199
193
5
130
51
192
146
10
170
85
120
15
10
173
226
131
74
131
146
12
18
136
20
8
78
39
48
187
0
108
70
212
80
98
181
71
171
12
1
206
85
160
120
213
113
58
148
194
81
122
113
91
73
52
129
251
39
180
113
37
93
162
175
89
240
251
192
115
236
71
128
17
235
109
167
83
224
37
90
91
196
222
249
167
90
51
35
111
71
160
221
187
59
184
233
117
105
76
58
169
213
81
247
107
184
188
24
5
240
21
28
73
28
178
183
189
154
87
32
250
59
180
253
175
191
165
95
125
246
125
213
249
253
74
180
85
246
246
83
112
248
115
250
125
188
170
228
63
123
249
117
239
199
236
150
190
246
113
161
255
91
207
87
143
208
17
221
95
157
180
154
13
250
188
156
81
56
178
251
158
251
159
46
253
222
233
187
189
2
79
88
207
95
193
63
158
83
196
255
250
255
145
52
71
14
189
230
3
157
223
179
109
67
170
54
56
162
37
117
250
18
127
203
116
114
93
181
107
191
30
181
110
221
172
122
151
248
31
52
73
16
242
49
249
89
84
35
250
183
246
108
42
255
188
15
25
255
95
184
120
172
123
228
85
210
247
15
176
241
114
177
124
118
247
105
63
191
126
233
97
152
236
222
158
234
48
177
253
206
222
26
157
208
83
244
77
162
183
20
12
106
133
207
57
58
246
182
148
250
218
46
25
62
48
113
34
157
40
33
72
194
0
214
54
101
66
139
80
250
132
3
80
97
162
9
84
148
152
116
137
194
156
225
168
12
46
69
158
46
50
1
92
136
80
16
136
64
113
0
68
187
46
129
8
112
21
69
113
36
176
141
184
56
7
224
81
225
15
163
87
192
70
69
143
161
229
1
74
130
217
2
15
139
33
46
71
30
143
114
7
82
243
151
34
128
144
2
0
130
47
34
59
0
12
118
10
100
32
176
247
137
120
61
162
80
128
80
216
81
90
148
130
33
120
65
23
76
117
145
122
173
254
117
229
252
237
163
248
248
125
202
95
207
125
216
229
235
237
223
96
252
8
190
252
111
254
61
183
254
71
115
159
117
227
93
89
116
243
253
182
221
84
74
190
205
163
254
177
168
85
92
36
221
167
143
105
22
220
166
172
198
15
36
188
192
9
131
214
64
6
92
127
135
193
3
195
3
193
146
10
170
69
116
7
30
173
226
131
75
194
150
12
16
136
0
8
70
39
50
187
0
44
214
196
208
226
177
227
171
24
1
206
81
160
120
209
65
122
21
130
65
58
113
123
8
52
129
234
213
253
223
124
241
42
113
74
250
21
133
251
238
251
206
217
234
165
63
103
103
15
99
119
231
255
253
255
235
14
226
33
223
111
68
190
66
58
253
252
219
222
56
47
217
123
245
239
153
164
24
5
240
29
159
73
56
246
51
189
88
87
34
251
245
253
179
212
49
70
93
127
19
197
173
253
66
207
134
62
163
135
52
7
23
45
240
131
223
231
227
95
1
42
194
105
238
55
116
186
146
60
218
253
82
126
185
231
187
16
245
110
153
174
57
219
240
29
28
67
17
243
115
251
24
116
163
251
109
174
239
57
57
122
185
255
216
186
218
183
225
183
203
238
139
13
235
90
245
135
207
255
85
233
216
167
74
15
35
206
223
44
69
186
87
186
233
116
248
92
58
174
215
179
183
105
187
174
24
1
241
29
220
72
20
226
191
189
26
87
32
86
105
55
231
123
95
183
163
94
228
190
192
49
121
218
177
71
250
245
107
102
243
47
93
191
22
184
174
141
82
152
113
255
203
47
7
191
83
56
101
126
56
66
80
142
81
233
131
207
60
44
24
5
242
60
156
65
16
226
123
157
216
71
32
243
177
251
223
111
52
120
245
250
251
157
252
251
110
183
204
249
255
198
255
111
101
204
165
245
235
127
123
187
255
15
226
189
216
103
253
215
127
55
253
181
255
222
187
55
223
179
126
244
235
181
103
240
200
167
167
237
246
220
44
79
84
125
151
191
194
9
139
146
71
3
85
62
198
33
23
6
179
196
34
10
12
85
112
87
10
157
194
3
10
194
154
12
146
8
24
8
91
39
16
251
10
77
70
64
16
225
148
74
137
28
101
134
85
0
24
212
1
120
20
138
89
44
49
59
9
20
144
234
127
53
241
48
17
98
33
78
224
34
233
52
101
135
131
115
242
172
3
84
41
129
85
21
198
136
232
137
194
46
98
168
56
4
5
190
8
48
69
212
10
64
24
128
80
89
34
172
217
46
0
0
240
28
116
73
24
176
1
152
24
86
112
88
67
197
136
54
39
130
92
10
7
3
149
200
170
137
4
31
140
37
52
213
130
7
224
99
100
210
192
31
83
56
0
97
151
188
144
138
234
8
162
147
64
170
57
233
145
24
181
47
81
162
16
3
97
80
244
162
17
179
50
185
48
85
146
203
37
173
252
94
42
79
209
54
242
52
4
197
30
127
62
76
236
179
66
163
245
111
83
247
217
106
132
94
104
216
221
99
223
46
67
182
218
26
219
124
220
29
24
166
213
112
229
111
185
172
8
13
240
29
152
73
62
242
115
189
122
215
34
251
37
54
117
0
220
172
33
123
224
93
130
119
207
113
208
65
242
229
199
32
245
108
24
247
222
58
4
151
172
30
65
205
94
106
86
190
92
58
153
76
205
20
26
135
193
96
224
79
168
37
137
8
242
29
143
9
46
114
23
181
74
23
36
120
7
62
208
34
93
170
32
90
32
57
130
99
166
203
128
17
226
175
37
209
225
13
25
123
198
154
96
207
82
4
224
101
95
38
84
186
113
60
33
84
205
68
26
143
201
65
211
207
152
36
24
4
96
28
159
73
18
242
183
149
24
87
160
91
53
63
117
128
216
175
35
123
230
92
130
119
237
127
216
69
242
229
199
96
245
100
16
247
214
186
100
207
168
154
105
201
78
102
70
190
0
58
201
76
205
84
26
135
193
97
228
79
176
36
136
8
226
29
143
73
44
114
83
181
74
151
40
120
22
160
145
45
25
226
186
76
216
186
210
245
224
1
139
18
232
141
35
83
196
35
74
95
197
219
252
239
66
45
35
110
215
172
109
191
122
56
233
116
104
92
48
43
215
85
181
111
185
172
24
1
240
29
156
73
16
242
51
189
88
87
32
250
62
255
121
238
55
189
31
9
223
94
251
248
253
26
252
214
191
179
102
217
181
50
81
87
245
245
231
253
71
254
253
161
142
252
239
150
239
88
232
125
105
223
119
233
183
247
182
111
163
179
160
75
234
5
123
117
54
243
222
245
187
251
232
2
29
178
85
33
220
241
163
248
248
63
82
95
204
85
203
33
224
205
139
96
232
97
138
248
236
248
60
230
220
67
59
94
117
232
221
61
124
179
237
54
221
84
74
30
69
164
248
113
184
93
24
37
244
157
140
105
4
208
147
172
212
95
34
244
5
6
84
12
216
232
34
84
40
124
2
5
0
93
137
161
234
236
129
96
228
41
26
240
64
40
0
6
56
4
41
71
213
32
85
184
17
242
169
100
229
20
26
134
68
130
239
75
152
36
88
4
242
29
159
73
0
226
19
180
72
71
36
120
5
6
20
4
216
232
38
116
32
124
10
5
0
85
137
161
227
204
129
96
196
40
10
242
72
8
128
134
16
4
41
71
85
32
85
184
17
178
169
68
69
84
26
134
100
130
239
75
136
36
88
0
242
28
157
73
2
114
19
164
72
70
32
120
105
46
239
250
91
191
163
127
244
244
198
53
121
122
187
196
210
253
195
98
244
51
222
247
27
168
4
135
122
209
121
239
239
46
71
190
83
50
197
124
216
85
80
134
81
243
129
75
185
44
153
9
240
29
157
81
48
242
115
189
218
214
46
249
5
17
145
84
16
130
73
122
130
4
3
5
2
206
128
3
230
103
0
7
134
45
192
195
74
34
162
76
16
8
72
73
78
54
52
186
0
8
66
69
81
32
144
70
169
32
165
79
16
36
56
81
32
24
28
67
49
50
50
155
8
37
165
234
203
222
44
248
223
123
231
216
61
122
234
75
61
92
111
237
205
252
189
50
116
250
188
58
103
255
91
98
253
83
63
215
249
195
219
97
119
230
253
161
127
55
94
125
84
135
214
209
172
93
94
4
207
231
207
153
187
140
239
174
215
254
157
20
184
251
179
231
254
127
248
243
222
153
114
95
227
82
219
252
127
215
255
207
85
143
167
220
171
95
127
171
214
223
246
190
102
47
111
223
223
61
237
181
249
84
179
191
203
110
186
181
236
157
214
243
216
167
140
243
198
248
112
111
118
61
16
190
194
66
1
130
200
4
15
128
166
47
40
2
1
171
148
19
98
102
5
96
8
130
56
40
72
128
173
11
147
8
41
21
112
164
30
187
1
36
5
198
6
66
8
136
66
90
72
144
0
36
80
0
4
26
133
171
152
48
33
28
76
86
34
177
58
176
245
175
255
165
191
125
222
125
214
125
237
79
153
84
254
214
67
112
241
43
203
125
252
168
236
191
126
249
245
238
69
237
45
190
254
49
169
125
125
76
211
142
197
177
153
95
186
182
217
137
240
148
156
97
108
178
191
249
250
15
36
246
109
38
239
115
127
183
227
126
244
180
198
53
121
250
185
69
250
245
75
98
245
63
223
247
18
168
4
135
126
217
113
255
111
46
71
190
83
122
101
94
248
85
80
14
65
225
131
203
189
44
152
13
242
29
157
65
48
226
59
157
202
135
32
251
124
45
253
180
58
175
125
99
197
238
211
50
223
228
152
86
251
201
99
99
183
117
82
223
221
255
183
255
66
254
245
234
71
28
71
190
140
56
249
94
124
92
245
171
247
116
183
111
187
172
137
75
226
29
28
81
12
243
83
249
251
215
105
254
21
19
149
84
16
2
5
122
130
4
1
1
0
75
128
3
230
103
0
38
130
44
192
195
200
34
134
76
16
8
64
73
94
54
48
154
0
8
19
69
5
34
152
7
168
32
197
79
16
164
9
65
48
24
28
65
41
50
18
147
72
69
37
122
80
1
154
214
34
211
88
38
18
176
85
148
18
240
19
26
110
211
33
103
198
45
194
51
73
203
178
76
64
0
48
106
215
36
85
186
83
120
232
116
112
92
185
47
213
20
241
111
153
172
24
5
240
29
156
73
17
242
51
189
88
87
32
250
167
253
155
107
181
248
223
73
251
139
169
234
226
70
236
217
139
39
62
31
135
119
83
79
229
215
115
191
87
43
39
34
135
222
223
143
186
189
250
51
106
254
163
233
183
89
181
59
242
222
56
119
237
229
124
242
21
155
246
175
177
249
253
26
106
137
138
151
103
195
216
7
23
193
21
252
186
134
38
94
8
19
48
151
135
23
227
103
51
194
152
63
82
249
150
32
135
61
53
243
250
77
234
117
80
253
229
105
155
28
181
111
215
174
27
135
245
1
248
202
82
115
58
249
57
57
144
202
125
50
255
56
30
247
41
126
212
190
208
52
109
139
155
87
250
244
195
106
241
115
207
191
140
168
244
141
90
93
113
238
93
12
135
190
86
184
97
87
60
64
243
46
71
225
1
111
186
60
153
1
242
60
156
85
32
178
59
219
251
135
44
246
108
42
231
241
219
255
163
124
252
61
198
117
255
127
187
228
234
253
203
98
245
111
202
255
27
106
4
135
124
201
51
206
95
111
71
186
85
250
253
92
220
117
90
6
193
103
243
227
189
44
153
9
243
29
157
73
36
118
183
189
202
23
37
222
63
50
117
34
223
181
39
120
198
21
210
114
237
94
144
85
250
213
67
80
241
38
139
117
142
252
117
175
118
28
113
232
79
46
197
158
78
56
45
84
109
65
18
175
69
97
180
71
186
180
153
8
242
156
142
81
32
178
19
155
250
159
44
94
58
177
253
247
63
177
221
60
215
152
212
117
253
94
51
84
254
150
66
147
245
123
199
255
172
42
230
223
126
253
253
238
239
108
142
182
255
57
249
117
89
93
215
46
208
117
147
111
187
190
155
11
242
29
220
81
54
179
255
219
187
159
174
222
126
48
245
55
159
165
59
124
214
189
212
55
253
235
146
86
250
213
67
115
249
111
203
127
156
170
244
159
122
253
117
238
87
172
5
190
254
184
113
127
92
69
215
138
193
113
161
111
187
172
153
137
242
28
156
81
104
178
247
249
186
151
32
254
81
21
222
214
96
199
94
38
50
245
125
145
158
253
18
62
239
215
33
103
206
45
194
115
72
223
179
126
112
2
51
107
215
36
85
186
82
120
249
116
112
92
185
47
213
20
245
111
153
172
24
5
240
29
156
73
16
242
51
189
88
87
32
250
62
50
241
55
191
165
187
109
214
185
210
55
253
110
147
84
250
215
67
114
249
47
203
125
156
136
244
159
90
249
245
238
71
172
5
190
254
184
233
119
77
68
215
10
193
101
169
127
187
174
153
129
242
28
156
121
68
242
183
217
250
7
32
254
59
177
239
247
54
181
217
54
247
157
215
245
127
127
51
86
188
246
82
251
245
123
231
247
185
42
230
159
126
245
245
235
255
124
134
246
223
57
248
253
88
221
247
46
240
97
211
111
187
190
143
203
240
29
152
85
62
243
127
223
251
191
236
254
7
54
144
32
221
170
160
90
192
58
130
103
226
67
128
17
226
175
135
80
225
6
9
95
198
138
98
207
82
12
233
102
95
174
92
190
49
62
1
212
201
68
26
10
200
65
131
207
184
52
24
4
224
28
205
65
18
50
151
180
8
23
160
120
62
48
113
38
191
165
27
105
214
4
213
113
253
26
144
84
242
150
71
80
241
50
129
116
188
184
236
153
114
248
253
172
0
172
4
158
238
57
129
221
9
203
213
8
192
101
136
77
171
166
145
137
122
20
190
113
96
178
59
216
187
142
46
221
41
222
108
235
255
253
167
248
188
127
70
207
141
61
253
197
203
253
207
104
244
98
154
124
109
253
61
178
255
83
115
255
215
224
223
16
119
251
233
63
253
94
122
191
213
177
254
49
168
221
28
41
252
133
143
105
48
214
179
173
210
223
46
191
58
178
73
107
63
240
159
61
220
186
252
249
237
87
141
81
251
212
35
90
196
114
202
127
237
223
241
175
94
123
35
238
215
172
221
190
127
120
233
117
120
92
123
45
213
149
245
111
186
188
25
5
240
29
220
73
16
178
183
191
88
87
36
254
59
176
247
39
255
225
187
124
222
185
210
125
253
111
139
84
250
151
195
18
241
43
207
125
236
168
100
191
94
249
229
238
95
236
77
182
255
57
233
125
125
76
91
14
197
113
185
127
185
190
25
1
240
148
156
73
14
242
191
185
186
15
32
86
189
54
113
34
216
40
39
73
202
0
234
50
229
3
202
240
243
132
167
68
105
128
9
212
198
221
121
169
194
14
227
168
24
4
68
158
8
48
37
212
44
84
56
129
68
67
180
4
136
164
0
34
112
31
69
105
12
176
1
168
24
22
96
88
162
84
0
162
157
160
13
9
134
107
33
40
161
10
36
23
70
118
5
80
136
130
184
12
68
144
233
11
146
56
41
65
0
164
158
19
33
36
1
195
2
194
6
137
210
81
164
17
64
22
16
0
110
128
100
33
144
50
161
144
28
86
58
33
68
10
163
144
0
159
38
71
5
230
3
2
209
180
59
2
136
25
99
100
158
85
90
195
93
208
156
36
0
132
16
202
7
20
67
170
0
104
237
10
36
49
52
33
69
140
117
171
27
168
169
8
147
93
28
24
0
98
19
177
72
83
104
122
125
187
246
215
123
239
243
246
255
252
214
245
255
255
219
238
251
247
251
43
245
111
215
247
217
106
230
94
124
221
247
239
255
111
103
190
214
122
249
124
221
93
187
174
205
34
241
111
185
172
153
9
240
29
157
77
56
246
115
189
250
87
33
250
77
46
238
125
63
123
248
254
56
184
222
183
92
247
235
234
169
153
187
250
229
215
206
187
39
104
240
215
124
71
55
246
255
48
85
250
119
122
233
116
248
29
123
62
85
167
227
107
185
238
30
5
240
29
156
73
22
227
191
189
90
7
34
246
254
60
251
51
159
232
239
205
218
187
250
191
231
198
203
242
251
135
163
83
237
175
79
223
133
223
247
175
74
95
227
254
239
174
69
190
126
186
233
118
232
92
242
233
215
119
183
119
187
174
24
71
240
29
93
65
20
242
151
185
186
87
224
126
198
222
146
171
248
150
170
193
10
251
33
202
130
2
155
25
238
199
185
99
204
5
78
89
79
215
191
111
150
43
51
118
231
133
93
43
112
252
237
118
96
76
32
61
247
28
209
53
153
172
24
37
244
117
156
235
16
250
51
189
92
87
48
178
60
189
255
212
54
87
217
247
215
212
215
213
95
117
155
254
182
210
98
171
247
125
231
247
249
42
230
218
108
253
220
235
239
124
101
190
222
122
218
253
220
93
177
174
240
54
211
111
187
174
137
203
240
29
153
93
111
243
115
251
123
63
233
254
2
197
8
154
7
22
28
3
37
66
49
128
24
99
52
15
140
26
0
244
83
114
81
34
80
21
133
72
1
176
184
0
194
60
130
160
203
72
0
96
50
138
52
169
212
84
231
78
17
168
24
1
96
9
216
25
27
243
51
181
88
114
106
235
77
174
238
125
127
123
252
254
184
184
222
191
108
191
203
234
233
157
187
250
229
199
206
187
71
125
248
183
125
71
35
254
255
40
85
250
119
186
249
116
252
92
122
62
85
183
247
107
185
238
28
5
240
29
221
77
22
230
191
189
216
71
34
214
124
49
187
48
82
35
59
239
194
130
193
54
241
198
163
82
250
5
35
86
75
181
66
199
134
194
250
237
194
44
118
168
79
4
197
191
24
104
201
85
56
72
53
41
245
125
165
111
159
174
24
7
242
29
92
81
0
178
19
185
56
87
104
106
46
0
169
188
63
167
121
79
148
110
83
21
17
12
185
87
146
92
3
64
224
50
208
95
60
136
166
5
82
241
61
232
71
188
158
186
183
122
129
117
152
206
87
8
242
20
129
79
27
44
26
5
98
29
157
17
144
162
59
184
107
14
42
241
5
54
80
32
221
160
164
88
224
56
138
103
224
79
128
49
226
173
135
80
225
46
9
127
70
158
98
135
26
14
33
86
123
162
92
190
49
186
9
196
77
68
26
142
68
65
174
211
168
52
24
0
224
28
140
65
22
50
151
150
8
71
160
48
62
48
121
46
191
129
27
105
198
0
213
54
253
2
129
80
242
151
66
80
217
54
131
196
156
136
236
153
66
248
237
168
207
44
5
190
206
58
129
85
152
203
21
10
192
117
128
77
187
174
137
11
114
24
92
81
0
178
191
216
56
7
34
85
127
48
241
54
63
167
123
126
214
190
208
55
253
202
147
86
250
215
99
115
249
175
203
127
156
186
246
191
90
249
245
238
71
172
5
190
254
56
97
127
120
76
247
171
195
113
161
111
187
174
153
129
240
28
156
81
104
178
183
217
250
151
32
254
100
199
50
139
194
199
131
7
166
196
44
4
17
126
185
101
245
119
72
38
82
51
148
99
90
228
12
76
49
154
90
25
166
7
67
138
144
64
79
232
38
25
4
162
20
222
245
110
149
44
144
9
179
73
132
211
57
78
98
44
82
204
59
248
58
52
117
167
255
165
255
125
254
125
214
125
253
94
176
85
246
246
83
112
248
59
219
125
188
168
236
63
126
249
117
239
69
237
62
190
246
113
169
127
89
205
87
142
192
1
253
95
189
180
219
9
226
188
158
81
56
178
251
154
251
143
44
252
124
58
179
253
234
207
172
231
207
248
218
157
83
212
251
254
255
209
107
234
221
141
95
159
223
93
191
239
131
222
190
238
71
47
103
191
216
246
237
118
41
85
116
63
79
238
63
247
221
236
220
221
242
31
157
73
132
240
67
181
95
77
0
246
224
13
131
86
64
7
92
127
195
193
1
130
35
192
130
11
170
69
56
7
30
173
226
135
74
131
146
12
18
8
16
8
78
39
48
187
0
108
70
196
208
98
180
199
171
60
1
142
85
160
120
213
65
58
21
130
81
58
113
91
72
52
145
251
254
233
187
221
34
95
216
231
95
196
127
156
87
180
255
250
255
145
122
111
14
189
228
147
189
223
183
109
67
254
54
185
226
37
101
250
218
127
203
124
242
93
181
110
191
30
101
110
223
172
255
199
248
29
180
73
80
242
121
249
89
84
35
251
189
118
113
42
216
32
39
77
226
97
232
58
117
35
166
80
251
164
39
64
105
128
57
148
214
221
121
169
195
12
225
168
200
4
68
190
0
112
37
222
46
66
56
163
84
85
246
4
137
164
64
36
96
30
6
73
16
240
1
156
24
86
96
88
120
57
255
223
102
215
219
183
95
254
95
20
223
246
59
234
253
215
121
102
222
125
198
243
219
206
182
220
72
218
54
235
215
38
87
186
95
122
251
116
112
93
181
46
213
132
229
111
159
172
152
69
240
29
156
89
16
242
123
189
88
23
32
250
127
52
247
59
31
227
47
239
227
170
248
186
253
162
163
126
251
181
99
83
253
247
91
159
149
255
247
175
66
223
119
238
207
174
71
190
90
184
233
126
108
93
124
41
215
117
53
111
190
174
24
69
242
29
92
81
12
178
215
185
187
215
232
94
39
182
97
37
125
226
191
89
240
249
216
253
233
7
128
21
235
237
167
83
224
37
90
93
196
223
249
167
94
51
35
238
207
169
221
176
127
184
233
117
105
92
58
175
213
81
183
107
184
190
24
1
244
189
156
73
20
178
183
191
218
87
36
126
208
5
155
28
34
71
88
191
147
192
21
152
19
128
22
14
45
87
56
15
26
141
230
131
25
195
190
124
81
40
22
40
199
53
49
235
130
77
66
113
48
170
181
47
187
60
49
110
87
170
123
151
49
122
52
206
209
187
121
91
125
21
17
251
5
38
85
4
248
168
34
112
104
116
66
85
192
87
136
1
226
205
129
96
197
41
75
242
72
10
128
134
60
12
41
71
87
33
117
186
17
186
201
68
197
20
26
134
224
2
239
75
152
36
8
5
240
28
155
73
6
114
19
165
72
71
36
120
51
210
77
106
191
184
215
56
252
53
252
249
173
123
4
25
251
231
99
121
228
98
202
119
108
255
65
191
127
3
97
239
159
108
213
190
95
25
249
117
125
222
58
47
213
177
245
111
186
188
153
1
240
157
222
77
56
246
183
159
216
215
36
222
192
9
131
150
32
6
92
55
135
128
21
130
3
129
22
10
12
71
112
47
10
141
226
131
73
131
150
12
16
168
0
8
214
53
48
251
2
12
2
65
80
170
177
227
171
24
1
206
81
160
251
211
17
122
53
142
81
58
49
91
104
21
1
251
44
0
185
164
58
183
59
79
149
254
66
21
81
8
185
87
154
92
195
64
224
51
218
91
60
136
166
135
82
225
61
239
71
144
158
170
183
250
129
85
216
196
86
8
227
133
131
75
153
44
24
5
226
29
157
81
144
162
59
189
75
15
42
243
122
17
185
178
223
167
31
27
198
98
209
18
181
196
50
87
254
215
32
84
202
181
195
71
142
214
250
45
18
56
116
168
71
44
149
191
202
108
97
85
32
65
53
41
197
28
165
79
30
172
24
5
98
56
28
83
64
50
51
155
24
23
56
242
222
218
94
239
254
248
190
145
58
251
40
203
142
115
254
217
239
215
189
107
204
69
174
120
239
223
59
127
223
107
183
127
215
229
221
115
115
255
237
119
243
94
106
61
213
158
252
49
221
221
28
37
252
231
159
235
80
252
51
173
92
95
50
191
105
63
247
127
121
167
175
251
228
252
232
187
227
219
179
79
242
253
235
102
254
47
219
255
22
238
175
167
90
16
113
223
239
39
103
191
209
188
125
126
125
108
242
175
205
121
159
235
188
172
24
81
243
60
156
65
64
254
211
159
218
71
161
126
241
253
155
222
32
70
93
63
83
196
61
216
66
197
6
58
175
199
52
15
22
45
228
131
217
199
226
94
65
40
70
105
199
52
48
186
154
12
234
245
82
254
185
227
187
24
245
110
147
170
43
219
240
25
60
67
17
179
115
251
120
117
131
251
49
150
101
161
252
244
163
240
188
127
82
95
141
61
89
37
226
205
205
32
240
96
138
248
104
252
60
166
220
19
43
255
87
224
221
48
119
187
233
54
221
84
10
158
69
128
248
113
170
93
24
33
244
133
140
73
4
210
51
173
210
23
32
182
87
176
129
45
92
234
187
76
152
186
210
253
192
65
13
144
237
205
35
210
228
35
202
95
205
223
255
239
82
7
99
238
199
169
77
63
127
184
233
118
121
92
50
171
215
113
183
107
185
236
24
1
240
29
156
65
20
242
179
189
216
87
32
246
173
254
117
229
253
252
163
89
252
125
206
127
237
125
216
229
227
237
207
32
244
102
26
252
103
254
13
183
254
83
107
255
95
225
223
16
247
179
253
183
221
212
74
183
197
227
254
113
168
85
156
40
252
165
143
105
54
214
182
172
194
31
44
188
104
46
247
219
218
191
163
127
252
252
198
21
253
248
185
196
242
245
219
98
244
47
222
255
27
168
172
142
120
209
113
239
239
47
71
190
83
242
237
126
248
85
80
142
65
227
193
203
189
44
152
9
242
29
157
81
48
246
123
189
218
199
42
249
184
251
255
78
246
123
245
254
223
29
252
249
111
247
220
248
255
214
127
255
119
202
165
183
235
127
119
184
255
95
242
184
216
111
253
223
79
55
255
245
251
222
187
63
223
183
126
244
239
181
215
208
232
175
135
77
212
244
108
79
127
109
135
189
23
176
129
37
92
226
171
76
216
191
210
245
193
1
25
17
253
205
35
211
228
35
202
95
205
223
255
231
82
7
99
238
215
169
77
61
127
184
233
118
121
92
50
171
215
113
183
107
185
236
24
1
240
29
156
65
20
242
183
189
216
87
32
254
173
254
117
97
254
253
163
120
184
125
202
95
204
125
232
229
226
253
143
32
244
96
154
248
111
252
61
182
252
87
123
223
87
225
221
17
117
243
237
183
221
84
74
158
197
163
254
113
168
85
24
36
254
165
142
105
54
214
182
172
194
31
36
188
131
82
16
162
157
160
14
0
38
111
40
2
128
11
180
17
98
118
5
64
200
160
57
40
68
148
35
43
146
40
33
81
112
164
158
154
33
96
33
198
6
66
20
9
66
80
64
21
0
36
16
0
102
144
164
33
152
48
1
148
12
86
32
33
80
9
158
223
98
211
222
38
18
162
21
140
150
244
11
26
237
147
48
231
206
45
194
115
73
75
178
110
64
0
182
107
215
38
85
186
82
120
234
112
112
92
185
47
213
20
245
111
153
172
24
5
240
29
156
73
17
242
51
189
88
119
32
250
126
253
255
253
58
245
125
103
213
238
249
184
223
225
151
94
251
205
99
99
255
117
82
223
221
255
183
255
75
189
247
234
199
44
71
191
222
60
249
126
124
78
245
237
247
112
183
127
187
172
152
75
224
29
28
93
12
242
83
249
250
215
104
246
3
192
0
42
1
8
6
8
38
0
45
160
40
47
4
21
101
34
0
144
192
34
16
98
84
149
193
73
35
160
129
65
148
56
67
160
35
8
0
104
102
26
56
161
212
81
244
78
17
166
24
0
176
0
248
9
56
242
55
180
16
87
32
72
171
254
108
42
223
188
15
24
238
79
187
122
237
107
108
253
211
245
39
240
245
114
145
124
87
245
105
59
191
62
231
209
216
108
222
158
234
50
185
253
238
222
62
137
212
83
244
93
178
191
16
12
234
149
207
17
40
182
247
180
186
218
44
24
222
121
155
188
18
75
92
207
91
226
253
156
83
132
254
250
255
84
48
71
14
189
230
3
205
207
179
109
67
175
54
104
195
36
117
251
10
109
233
244
114
221
181
107
159
30
37
110
221
172
122
133
240
29
52
65
144
178
57
249
93
86
32
250
29
146
69
33
252
253
163
240
184
61
82
95
205
125
217
33
224
205
207
34
228
32
138
248
108
252
60
166
252
67
59
223
87
225
93
48
117
251
237
38
221
84
74
14
197
160
250
113
168
93
24
37
246
133
140
105
6
210
147
173
194
95
34
188
191
246
104
42
255
188
13
24
239
95
184
250
175
75
100
125
208
181
39
208
241
86
145
124
118
166
97
59
159
60
233
161
238
236
222
158
234
56
161
253
238
222
58
137
208
83
246
93
178
183
16
8
106
149
207
49
58
178
246
180
186
218
46
25
217
253
223
126
114
107
115
110
251
5
197
251
254
251
238
218
239
247
63
103
110
143
98
247
239
255
253
255
235
11
242
41
215
47
100
255
74
63
253
124
250
222
56
47
217
123
253
239
157
164
26
5
240
63
157
77
120
254
49
189
88
87
50
251
105
46
247
255
250
183
227
254
244
252
198
53
255
250
185
77
242
253
251
98
244
47
94
255
18
234
174
166
126
209
113
255
239
47
71
191
83
248
253
126
252
117
82
142
73
225
145
203
189
172
152
9
243
29
156
65
48
254
115
157
218
71
33
251
53
63
245
132
88
47
35
123
226
92
194
87
207
113
208
4
246
229
231
36
244
101
16
247
218
186
124
222
40
152
112
201
94
100
68
190
92
58
217
76
205
84
26
135
193
32
241
79
184
164
137
8
242
29
159
73
44
118
19
189
74
23
36
122
126
57
243
180
50
231
125
111
197
238
211
176
85
228
155
86
251
221
99
99
191
189
210
159
221
223
183
255
66
252
55
234
71
164
71
191
158
124
233
118
104
76
245
233
247
20
245
111
155
172
152
203
226
29
60
89
204
242
83
249
123
87
105
246
253
187
254
215
123
255
251
118
255
253
87
253
63
251
250
238
251
247
250
47
245
111
247
247
249
107
244
126
125
217
247
239
223
101
102
182
214
122
249
253
221
93
251
39
249
50
241
111
189
172
153
9
240
29
157
77
56
246
115
191
251
87
37
251
56
57
253
158
50
203
92
111
215
128
223
180
127
166
252
250
191
146
98
221
151
120
97
135
249
87
228
221
99
254
220
232
140
28
99
190
142
74
218
117
56
221
245
99
191
119
167
110
183
162
235
223
162
29
114
28
140
179
95
249
57
57
237
74
200
206
18
253
232
110
254
197
57
248
42
13
16
68
235
189
239
218
185
34
204
169
188
58
123
223
59
102
221
99
187
119
97
179
121
113
53
231
254
38
99
52
202
118
109
134
255
243
205
209
126
117
221
230
141
235
215
205
239
167
214
46
17
180
42
141
44
138
39
95
217
63
253
222
150
133
121
60
127
165
139
116
66
184
84
114
209
118
109
245
148
16
127
86
31
73
223
44
211
184
222
106
200
33
240
253
63
47
149
244
245
106
179
170
153
13
147
29
222
24
49
226
62
189
99
223
44
250
141
186
117
97
254
253
163
240
248
61
194
95
205
121
248
225
226
253
207
42
228
100
10
248
175
186
61
182
252
71
115
223
87
225
221
49
116
251
237
183
221
84
74
30
193
231
250
113
168
93
28
37
246
165
143
105
22
214
150
173
210
95
36
189
253
253
255
253
127
119
253
255
253
255
233
251
247
202
182
223
187
253
255
111
191
223
254
191
191
255
251
191
223
127
118
239
207
199
191
255
182
253
255
127
121
239
231
255
255
61
127
179
252
254
126
255
195
254
188
246
220
188
245
207
255
253
153
254
250
237
171
188
2
79
88
231
91
230
127
156
83
164
127
254
251
80
115
231
31
189
229
131
157
207
183
141
67
255
54
232
227
36
101
250
218
126
233
124
114
221
245
43
151
30
37
110
159
172
27
199
242
29
52
65
144
242
121
249
89
86
34
250
21
50
209
48
93
170
33
90
226
57
130
115
230
67
128
17
230
231
135
17
193
47
9
95
198
154
98
207
18
12
225
102
95
46
92
190
48
60
33
212
201
68
26
143
201
97
129
207
184
52
24
0
224
28
157
65
20
50
151
183
24
23
36
121
104
42
231
243
250
247
227
255
252
252
198
117
255
252
187
228
242
253
251
98
244
47
222
255
27
234
12
166
108
209
51
238
127
47
71
191
87
250
253
94
252
117
88
6
205
231
241
235
189
172
152
13
243
29
156
73
48
254
243
189
202
23
33
252
71
4
3
35
216
132
175
205
144
238
32
19
129
138
147
7
66
84
129
96
72
131
142
40
76
136
44
1
210
9
57
31
97
164
28
251
51
245
5
214
130
66
8
152
66
132
72
144
25
44
94
36
5
154
165
96
144
96
41
28
76
6
50
177
62
175
237
254
42
223
221
39
223
254
115
241
127
122
188
222
249
178
98
179
245
63
83
223
221
251
247
255
75
252
245
234
199
44
71
190
254
56
233
124
120
93
117
175
213
116
183
111
185
172
152
11
242
29
157
81
54
243
115
189
251
215
40
250
149
54
209
52
93
170
32
90
242
57
130
115
230
195
128
17
230
167
167
81
193
47
75
127
198
154
114
207
90
12
225
100
95
38
84
190
112
60
33
244
205
68
26
15
201
97
147
207
184
164
24
4
224
28
159
73
22
178
151
191
24
87
164
91
193
206
146
253
200
106
170
197
8
120
10
15
0
68
203
185
111
75
169
2
204
169
62
26
67
95
51
226
129
35
163
87
103
179
121
49
49
230
238
102
225
44
2
210
111
150
187
243
200
192
124
117
197
102
156
225
151
201
131
39
84
103
17
36
58
176
253
167
255
165
219
61
246
93
212
125
189
90
179
85
254
247
67
114
240
119
211
125
190
168
228
191
126
249
245
239
207
236
159
182
255
121
249
125
121
93
87
142
197
49
217
79
185
190
153
9
242
148
156
81
56
178
255
155
250
143
44
254
221
57
255
253
112
123
125
254
217
191
215
187
215
247
207
202
171
221
187
111
175
221
230
187
175
255
186
255
73
109
118
239
211
23
117
251
86
255
247
127
248
254
251
119
255
159
239
255
223
174
127
247
233
127
159
79
196
254
123
251
221
53
179
246
252
191
255
215
126
255
251
255
255
253
119
253
255
251
218
238
250
215
250
43
245
111
246
247
249
107
246
126
124
217
247
239
255
117
117
182
214
122
249
253
221
93
251
167
249
50
241
111
189
174
153
139
240
29
157
77
124
246
119
255
251
87
45
255
130
202
70
33
237
184
166
144
40
59
250
75
142
117
66
33
129
205
173
176
200
69
10
120
70
94
25
178
188
6
35
86
151
216
217
0
125
152
236
34
109
20
42
189
213
65
254
49
186
221
24
33
213
229
202
105
6
212
150
165
196
83
84
92
43
214
100
170
191
189
135
25
45
92
138
47
172
63
109
101
225
253
1
240
240
98
145
112
69
252
33
61
126
18
105
81
222
100
215
186
211
120
233
117
53
92
58
175
84
145
246
111
152
189
24
13
240
29
142
77
56
226
59
189
90
199
44
242
11
6
69
163
238
189
167
1
60
125
90
71
157
61
121
116
229
221
5
96
224
96
136
120
108
220
57
55
254
83
59
255
87
224
93
48
119
123
233
52
117
85
90
47
69
134
252
113
137
173
24
4
254
21
142
73
24
246
51
188
66
15
32
188
94
186
155
125
107
242
250
236
152
186
208
189
213
100
139
248
253
157
59
82
196
39
206
95
205
217
254
239
67
199
179
254
215
173
77
191
126
56
233
118
120
92
113
46
215
149
179
111
185
172
24
5
240
29
156
73
16
242
187
189
88
87
32
246
90
49
145
190
223
163
31
90
198
35
217
58
247
196
54
91
255
215
50
86
138
181
195
79
142
214
251
47
146
42
246
168
83
45
149
191
10
108
101
87
32
72
117
105
213
29
181
63
222
174
24
7
226
184
92
115
64
178
17
187
28
87
48
114
173
190
101
228
255
191
179
120
252
117
238
115
239
121
252
229
242
237
207
113
244
103
26
244
117
254
77
183
126
87
65
239
159
233
210
52
255
154
249
189
221
157
90
135
193
99
254
75
168
247
137
8
244
181
155
13
62
214
247
172
250
223
44
92
184
251
127
199
246
127
218
241
222
153
254
255
255
82
250
253
127
215
127
255
87
191
165
214
171
95
127
235
215
223
246
184
206
111
223
223
222
119
255
245
249
221
243
63
221
174
188
180
175
189
215
201
216
167
143
219
212
252
112
111
119
61
165
186
58
146
237
235
191
249
213
61
220
250
220
249
173
86
45
85
255
214
99
122
196
119
202
127
109
223
241
175
94
83
53
234
223
172
213
190
127
120
233
117
120
93
251
45
213
149
245
111
154
188
25
5
240
157
220
89
16
178
191
191
88
95
36
254
223
248
223
253
63
177
253
254
253
187
253
251
255
218
166
91
251
221
255
123
239
125
226
127
173
255
243
191
127
105
119
239
223
196
156
255
119
253
249
247
122
207
255
125
243
21
213
127
159
191
30
199
250
189
255
93
92
182
183
223
221
223
167
255
252
189
255
245
127
231
253
255
253
255
225
251
255
235
182
223
251
221
255
111
191
223
254
191
191
255
251
191
91
125
118
239
79
199
190
255
182
253
255
119
125
238
255
255
251
61
95
251
252
254
126
255
227
254
188
254
220
190
247
239
255
125
153
190
122
209
188
158
102
167
94
51
198
70
81
144
61
236
53
94
246
215
64
228
146
55
193
119
152
216
166
28
83
144
244
168
210
44
21
191
202
120
0
117
50
202
21
47
87
188
197
78
27
164
24
5
32
24
158
73
16
242
59
153
120
71
34
243
210
222
146
239
248
246
170
193
26
251
32
203
130
66
219
25
239
199
189
98
205
5
15
88
207
223
191
111
215
43
179
118
247
165
93
51
113
253
237
118
96
92
40
61
247
28
216
49
217
205
24
37
244
245
156
235
16
250
51
189
92
87
48
182
122
17
185
190
119
183
31
58
198
102
81
18
189
204
52
87
246
215
112
116
234
55
195
119
142
208
254
13
82
56
116
169
71
44
149
191
74
120
0
85
48
201
21
45
213
28
229
79
30
172
24
5
98
56
158
81
80
178
59
155
88
151
32
242
47
212
108
136
55
221
21
25
55
86
157
172
189
28
124
101
153
244
66
184
245
114
209
99
117
116
193
25
60
94
221
97
143
124
215
170
194
120
235
125
52
157
110
45
148
244
245
111
144
190
152
13
178
29
218
21
56
179
126
189
219
219
46
218
70
247
17
26
192
136
14
1
67
2
41
138
128
71
204
27
239
71
32
68
10
44
16
66
196
213
179
109
2
42
0
0
130
6
95
155
0
8
107
70
36
74
48
233
55
88
180
62
128
164
48
98
34
0
36
171
8
42
16
49
24
69
113
34
90
201
138
219
107
219
218
167
31
186
30
140
24
244
127
234
149
147
248
158
196
117
198
67
123
64
138
68
77
225
158
122
183
18
65
97
127
79
238
112
178
191
229
124
21
158
193
111
223
202
159
199
189
77
217
219
87
207
62
125
81
57
210
247
70
243
17
190
208
10
14
65
67
2
41
170
192
199
196
27
247
71
36
68
11
172
16
66
196
215
243
109
130
42
128
16
130
21
86
159
0
40
35
71
32
74
48
233
181
92
180
14
192
164
16
66
32
16
36
107
0
58
16
49
28
85
113
34
250
19
211
183
255
163
15
216
198
47
217
186
255
204
54
91
255
247
59
87
170
191
195
127
142
223
251
47
210
40
247
171
83
45
150
191
74
124
101
87
96
74
117
105
215
29
245
63
156
172
24
5
98
184
156
99
64
182
49
155
92
87
48
122
122
19
244
246
254
183
15
51
198
102
81
18
189
206
50
87
246
215
121
102
250
183
195
127
138
254
190
60
82
80
244
233
67
45
150
191
195
124
101
87
60
65
117
47
197
44
197
79
30
172
24
5
98
56
158
89
64
182
51
159
88
87
32
242
120
62
247
243
218
167
163
247
252
252
70
21
255
248
187
236
246
247
251
98
252
15
223
255
219
106
172
142
106
213
241
239
239
47
71
191
215
250
237
126
252
85
84
142
73
231
195
239
189
172
152
13
242
29
157
65
48
246
115
189
218
71
40
255
95
248
207
109
255
250
251
92
185
185
254
253
239
87
204
249
233
221
187
83
229
39
202
121
101
223
249
231
95
67
35
238
223
169
213
181
127
249
233
117
121
92
122
47
213
23
255
107
184
254
24
5
244
189
156
73
22
178
183
191
216
87
36
254
189
190
101
228
255
189
163
120
188
93
254
127
207
125
220
229
224
253
207
97
244
103
154
249
111
254
13
182
252
83
123
207
159
225
216
16
247
219
253
191
221
149
90
151
193
35
254
99
168
245
137
12
244
165
139
9
46
214
182
172
210
223
36
220
51
210
109
74
191
184
215
56
190
21
252
249
173
123
4
93
251
247
99
49
244
102
202
119
108
247
97
63
127
27
65
107
159
108
213
190
86
25
249
125
117
222
43
175
213
49
245
111
187
190
153
9
240
29
222
77
56
246
182
191
216
215
36
222
62
146
253
237
191
253
247
121
190
120
222
125
173
92
189
85
255
223
97
114
244
119
202
123
109
221
113
127
126
83
117
239
215
100
213
190
118
121
233
117
113
221
123
47
213
149
245
111
155
188
153
5
240
157
158
89
16
242
63
191
90
95
36
254
7
5
0
62
3
2
4
3
39
64
129
160
56
111
36
23
228
58
1
212
193
34
81
35
80
8
224
77
2
180
136
96
138
60
2
162
67
8
0
104
66
10
16
137
208
81
135
78
153
174
24
1
112
24
216
65
26
243
55
181
24
82
34
75
205
205
138
217
35
95
253
239
157
255
125
140
19
188
125
238
137
92
61
111
14
147
228
51
109
215
131
36
81
3
62
59
240
22
117
235
82
127
238
176
242
254
185
60
151
158
117
186
223
169
118
149
217
93
181
78
209
234
41
253
93
84
3
179
121
62
247
215
250
167
163
255
252
253
66
91
255
251
187
76
242
245
235
106
252
15
223
255
27
106
190
166
126
209
113
223
239
39
103
191
213
252
253
126
253
93
114
134
201
225
219
235
188
172
152
25
247
61
156
65
100
254
83
189
218
71
33
255
94
184
227
45
221
238
187
93
156
191
210
253
201
73
153
189
249
205
179
114
228
39
206
127
77
223
191
231
90
23
99
238
199
169
93
61
127
184
233
119
121
92
50
175
213
113
183
107
185
236
24
1
244
61
156
65
22
178
183
189
218
87
32
254
192
201
138
89
106
91
222
134
27
186
14
142
18
244
111
170
141
155
184
143
204
181
110
155
99
71
154
102
69
195
159
114
255
19
65
97
127
207
238
112
242
191
104
116
181
222
131
107
191
203
46
87
157
77
217
202
87
203
191
61
81
112
211
251
121
55
245
150
82
47
35
123
198
108
82
83
159
235
146
86
254
215
97
101
244
47
192
247
218
250
188
78
26
152
112
233
87
37
84
191
21
120
229
76
116
84
60
143
193
40
245
79
152
164
25
0
226
29
156
73
72
118
19
185
72
23
32
250
241
253
255
30
80
238
123
126
250
101
229
251
239
235
198
159
255
231
63
103
126
143
114
183
219
255
255
191
115
27
98
45
223
47
101
255
67
61
253
124
120
222
56
175
217
121
253
239
153
164
24
1
240
63
156
195
120
254
51
189
88
87
32
251
28
154
101
225
252
253
163
112
60
125
82
95
205
125
217
164
240
205
205
32
244
100
138
248
105
124
61
246
252
67
59
223
87
225
93
48
117
251
237
54
221
84
74
158
197
163
250
115
168
125
25
33
244
141
142
73
6
214
183
173
194
95
36
190
157
222
101
225
252
253
163
112
184
125
90
95
207
125
216
229
224
253
205
32
244
100
138
248
107
254
45
246
252
67
123
223
215
225
93
48
117
251
237
166
221
20
74
159
193
163
254
115
168
85
25
36
246
165
143
73
38
214
182
172
210
95
36
252
249
62
247
215
248
167
175
255
236
253
234
251
231
253
147
78
242
253
235
107
252
47
222
255
27
234
190
182
92
193
115
223
239
39
103
63
213
188
253
126
125
124
250
182
237
233
217
235
188
172
24
185
243
62
156
65
100
254
211
159
218
71
33
254
61
190
100
36
255
191
39
121
189
125
246
123
253
121
252
68
242
189
235
49
245
103
218
245
85
122
205
182
124
213
101
239
159
104
66
180
247
186
249
124
252
29
122
167
209
115
247
107
185
230
137
8
242
29
219
93
46
246
247
189
250
215
44
94
218
121
171
188
22
111
92
231
83
234
125
156
83
132
62
250
255
84
49
199
15
189
229
11
205
207
179
175
67
47
182
104
195
36
117
251
26
108
233
244
114
220
181
105
215
30
37
110
219
172
26
135
224
29
52
65
144
178
57
249
93
86
34
234
122
237
171
154
2
79
88
103
211
226
125
156
83
132
191
250
251
80
115
195
151
181
229
135
221
79
182
141
67
223
182
232
195
44
69
254
154
110
233
116
58
221
245
43
215
54
167
110
155
172
26
135
240
29
20
81
144
178
59
249
25
86
106
234
58
137
138
155
75
203
208
7
31
192
31
204
179
70
127
252
253
19
112
146
134
61
223
67
179
214
82
78
3
251
158
98
135
190
75
0
187
75
234
34
161
61
228
96
21
30
181
175
215
202
137
205
182
69
120
243
19
19
250
35
17
121
155
202
197
206
198
127
249
248
254
208
57
185
172
235
162
211
206
169
171
201
189
75
207
141
175
121
99
95
27
39
223
15
35
86
255
231
124
83
115
181
255
182
115
126
42
255
223
27
127
177
201
213
126
53
221
231
143
234
210
220
165
47
92
117
147
191
252
252
255
245
254
247
253
255
253
255
252
251
239
235
182
223
251
221
255
107
255
221
254
191
175
255
255
183
255
117
119
239
223
227
188
127
247
253
253
119
125
239
239
127
255
61
95
243
254
254
126
255
213
255
188
238
220
188
247
207
255
125
157
254
119
178
229
229
253
242
175
120
180
61
216
253
239
95
132
5
251
237
235
83
240
39
218
125
68
255
249
183
94
19
99
239
223
169
215
180
247
184
233
117
125
92
58
175
213
113
247
107
184
190
24
1
244
188
158
65
54
178
183
159
250
87
36
126
253
185
255
253
120
107
127
254
217
255
214
191
247
206
223
202
251
221
251
111
175
141
238
191
239
251
250
191
91
69
118
239
223
167
53
251
87
255
245
119
248
254
251
127
255
29
111
243
223
172
127
245
233
255
157
207
196
252
251
251
221
5
147
247
252
252
255
253
254
119
255
255
253
255
244
251
239
203
182
223
251
221
255
111
191
221
254
191
191
255
251
183
255
127
119
239
207
195
189
127
247
253
253
119
125
239
239
255
255
29
127
179
254
254
126
255
215
255
188
254
220
188
245
207
255
125
157
255
134
82
80
163
157
160
174
192
36
123
32
43
128
11
161
17
98
228
5
96
201
160
29
56
68
136
42
11
146
12
33
87
113
166
158
187
113
240
37
214
70
66
26
8
66
0
74
17
8
109
16
32
100
146
141
105
144
176
35
148
92
86
34
49
45
22
185
184
62
183
187
87
52
254
64
133
1
8
177
71
138
253
129
106
240
49
82
91
76
168
162
135
82
113
61
227
71
144
158
171
243
250
129
117
216
78
82
140
243
149
195
75
24
44
24
5
240
29
156
81
16
178
59
157
218
215
42
243
213
223
146
117
232
226
234
145
10
249
106
79
130
71
75
185
109
203
188
134
207
173
47
218
195
95
243
230
133
38
163
87
103
179
121
49
53
198
238
229
195
60
139
246
239
15
251
123
200
211
124
119
245
230
24
235
199
219
151
167
84
103
145
36
210
250
211
239
252
248
190
129
122
251
42
203
198
83
223
185
239
199
189
235
205
133
47
88
239
223
59
239
223
43
179
118
215
165
93
115
123
245
237
119
99
92
106
61
213
158
254
49
217
221
28
39
244
231
159
235
86
252
51
189
92
87
48
190
126
20
169
181
222
230
187
117
148
255
82
85
193
72
17
85
121
125
115
66
244
39
218
91
28
251
190
231
80
215
113
239
71
184
95
63
247
184
233
127
120
76
115
171
213
49
183
107
185
172
24
1
240
29
156
81
16
178
115
185
218
23
40
254
126
61
255
253
62
229
253
119
205
238
249
184
221
196
187
94
251
221
99
99
255
61
214
159
221
223
183
255
66
253
119
238
199
44
199
191
222
124
249
119
120
76
245
175
215
52
183
127
186
172
152
75
242
29
28
89
12
178
83
251
123
87
104
246
21
38
85
6
248
168
162
112
88
61
66
85
192
119
128
0
226
201
129
97
197
45
203
219
72
42
128
134
108
13
41
79
87
37
84
186
85
186
233
212
213
84
24
134
224
2
239
75
153
100
9
1
240
29
157
73
6
114
19
189
72
23
32
252
71
38
67
33
200
132
163
196
16
254
2
21
0
35
131
32
66
76
153
96
200
129
142
56
76
136
12
7
194
9
57
95
113
165
28
251
112
243
5
150
130
64
8
24
66
134
72
145
25
44
94
37
21
26
132
104
144
104
43
156
76
6
50
181
218
250
95
239
254
248
254
144
123
123
108
203
142
83
238
249
239
223
189
107
205
69
47
120
239
223
121
255
255
99
183
119
215
229
221
113
115
247
253
247
247
94
106
63
221
159
254
49
204
221
30
37
252
231
159
233
86
252
179
175
92
95
54
191
95
152
138
121
255
243
251
228
156
190
218
157
209
76
27
248
249
221
59
98
236
39
206
127
79
207
174
239
83
199
115
254
247
169
77
63
119
251
237
126
120
92
115
46
213
53
183
123
191
236
24
5
240
29
156
65
80
242
187
189
216
87
32
246
79
254
225
109
253
250
191
120
157
57
252
253
227
95
132
45
233
237
187
83
229
39
202
125
69
255
249
167
92
67
99
239
207
169
213
180
119
184
233
117
121
92
50
175
213
113
183
107
184
190
24
1
244
189
158
65
54
178
183
191
250
87
36
94
69
141
138
153
0
83
164
198
41
230
41
140
80
132
47
171
141
104
161
111
12
145
118
131
65
69
153
228
1
6
50
3
213
16
243
40
17
200
232
32
48
60
56
37
55
92
119
234
25
136
40
53
145
93
48
12
147
203
3
165
81
115
65
226
190
250
255
253
191
241
255
252
253
191
252
249
239
90
182
219
251
221
255
123
237
125
238
255
173
235
243
191
127
105
117
239
255
228
156
255
127
253
249
247
122
223
251
127
243
149
213
127
191
191
30
199
248
189
222
93
84
246
191
223
217
223
167
255
250
249
109
222
119
127
85
127
255
21
253
249
111
255
220
236
251
212
127
253
55
234
165
182
239
127
119
57
255
159
118
184
216
111
254
223
206
55
223
245
251
255
187
127
220
191
252
172
199
181
215
216
72
191
135
31
240
244
105
127
125
108
167
153
149
55
213
22
93
34
35
94
242
57
130
115
102
75
130
17
238
231
167
17
225
47
99
247
198
59
244
239
26
12
225
100
95
45
212
190
80
56
33
117
221
68
58
143
201
97
177
79
184
180
24
0
224
60
156
65
20
178
23
159
88
87
36
123
250
19
241
247
255
183
15
24
198
111
217
26
191
204
54
87
255
215
107
119
170
191
195
127
142
223
255
47
146
56
245
169
83
45
150
191
64
124
101
71
100
72
117
111
215
28
245
31
28
172
24
5
98
184
156
91
64
182
49
159
92
87
48
122
181
54
245
6
93
162
161
90
242
29
130
113
238
75
128
17
242
231
135
113
241
47
121
255
198
58
100
207
94
12
225
102
95
46
220
190
88
56
33
213
221
84
26
143
201
97
147
79
184
180
24
0
240
28
157
65
54
50
23
191
216
23
36
122
197
238
214
111
249
248
230
208
120
153
232
235
226
215
206
169
235
237
189
111
109
13
47
249
103
95
59
167
223
7
34
23
255
227
124
241
113
181
253
180
123
126
58
247
221
219
126
177
233
213
126
113
221
231
143
235
214
220
167
175
212
119
147
185
29
186
117
229
252
253
163
112
60
93
86
95
205
125
216
229
224
253
205
104
245
101
138
249
105
124
9
246
124
71
115
239
223
97
221
16
87
251
253
55
221
149
90
135
197
163
254
99
168
245
153
40
244
173
159
73
54
214
183
173
194
31
36
254
17
38
213
119
40
168
162
116
88
189
86
85
206
113
128
0
226
201
129
99
229
45
203
251
201
42
160
134
72
5
33
111
87
36
116
184
87
186
233
212
209
84
24
142
193
1
251
111
153
172
24
1
240
29
156
73
22
242
51
189
72
23
32
254
35
148
16
46
29
34
12
26
6
74
161
97
32
72
4
21
100
46
1
208
225
34
17
75
68
136
225
79
18
52
225
65
15
164
158
60
33
32
32
225
98
74
22
137
208
81
182
79
16
246
24
0
96
16
88
65
18
179
183
178
16
83
164
65
249
252
255
127
253
103
251
255
221
255
212
255
231
206
143
222
251
213
187
111
239
143
239
61
239
223
250
191
223
99
119
255
215
167
61
127
247
255
253
119
121
206
251
126
255
157
123
177
221
236
126
181
253
254
188
239
208
252
253
255
223
7
179
247
124
190
255
249
62
245
255
117
221
255
250
184
221
6
187
94
251
221
99
107
253
117
222
223
221
255
183
239
72
223
119
234
71
44
207
191
223
124
233
119
120
76
247
175
215
53
55
127
190
172
152
75
242
29
28
93
4
242
83
251
123
87
104
246
158
250
95
239
252
248
254
152
120
121
238
251
238
83
206
249
239
207
189
251
205
77
43
120
231
223
123
255
255
99
163
119
215
225
221
113
127
247
253
247
247
94
122
63
221
135
254
53
204
221
28
39
252
167
159
233
86
252
183
143
92
95
54
189
248
254
247
255
248
247
239
247
252
253
66
255
255
255
251
204
251
253
251
107
253
47
255
255
155
123
190
183
255
193
119
255
247
231
111
53
245
255
253
126
255
126
250
190
255
183
219
243
189
237
124
241
247
191
157
205
70
254
247
175
222
95
51
255
251
51
245
182
94
167
47
42
198
109
83
83
159
235
146
86
254
215
101
103
250
173
194
115
218
251
255
127
122
152
112
233
87
37
84
191
87
120
245
92
100
64
189
175
201
8
245
111
157
164
25
1
242
28
156
193
104
246
51
185
88
23
32
250
120
30
246
247
223
167
171
247
60
253
82
95
159
234
187
220
246
219
251
226
253
15
223
125
223
106
254
239
218
213
247
255
231
163
87
53
247
254
237
126
220
93
86
142
201
55
219
247
189
236
24
141
246
61
157
73
70
254
247
189
218
87
32
255
250
19
246
247
254
167
15
180
166
239
121
154
143
206
182
95
255
215
123
103
250
175
227
63
202
255
255
127
82
24
247
239
211
47
150
191
83
124
117
119
124
74
112
47
223
60
253
63
156
172
24
5
226
184
156
201
64
182
51
159
92
87
32
250
109
54
250
161
124
183
187
85
52
254
66
5
192
72
177
69
138
253
137
98
241
117
94
123
76
184
168
199
92
85
61
227
71
144
159
161
245
248
233
117
216
76
90
140
241
133
195
107
152
252
24
5
242
61
156
81
22
178
51
159
218
147
108
243
250
19
247
247
255
231
95
156
231
239
121
218
175
206
182
95
255
247
127
103
170
175
243
63
206
255
255
111
211
25
247
239
211
47
150
191
83
125
117
119
120
74
112
111
223
92
253
63
156
172
24
1
226
190
156
193
208
182
49
159
92
87
48
250
249
62
247
247
248
231
171
247
252
253
66
95
255
251
187
78
250
247
251
107
253
15
223
255
155
106
190
183
126
209
115
255
231
167
119
53
245
254
253
126
253
92
250
190
233
33
219
243
189
236
24
189
246
63
156
73
102
254
247
189
218
71
33
254
93
250
245
237
253
250
183
120
188
61
236
251
239
95
142
13
251
237
251
123
253
103
202
253
67
255
249
247
125
3
99
239
223
233
215
52
119
185
237
117
125
28
58
183
213
241
255
107
184
254
153
1
244
189
158
65
54
246
183
191
218
215
36
222
124
190
255
173
252
254
187
125
156
253
254
255
199
95
159
237
251
205
251
98
245
39
218
249
111
255
189
231
92
87
35
238
199
161
215
53
247
185
237
117
120
92
114
175
213
49
247
107
184
252
24
1
244
189
156
73
22
178
183
191
218
87
36
254
122
57
155
186
54
127
124
119
83
234
125
156
83
132
191
250
255
212
113
195
143
177
231
159
205
207
166
141
83
109
182
234
199
36
149
251
94
124
225
117
114
220
245
45
215
22
167
110
159
172
26
135
240
29
148
81
144
242
59
249
89
86
98
242
222
250
83
239
252
248
190
145
122
123
122
251
238
83
206
185
255
207
189
251
205
13
47
216
239
223
123
239
223
35
163
126
215
225
221
115
127
245
237
119
227
92
106
127
221
151
254
53
200
221
28
103
244
167
159
233
86
252
151
191
92
87
112
190
249
190
247
119
248
231
231
255
248
253
78
255
231
255
155
206
251
237
251
107
253
175
255
255
219
127
190
183
126
65
115
255
239
167
117
55
213
191
253
126
93
124
251
182
237
33
219
243
189
236
125
249
245
62
156
205
102
254
247
239
218
71
33
254
67
21
16
54
77
2
14
11
6
96
161
33
32
75
4
21
228
171
1
208
193
39
145
67
84
10
224
77
18
52
225
96
139
44
16
190
51
8
0
228
96
74
16
137
208
81
135
79
153
174
24
1
112
24
216
65
18
179
183
181
24
114
160
73
120
41
187
186
2
79
124
103
213
170
125
148
113
132
191
250
255
80
115
67
142
179
231
135
221
79
166
140
67
199
190
232
197
44
69
190
19
108
233
116
58
221
181
43
215
52
39
110
155
172
26
5
240
29
20
81
144
178
59
249
25
86
34
226
248
254
247
255
248
255
251
247
253
253
74
223
255
255
251
236
251
253
251
107
253
15
255
255
255
127
190
183
255
215
115
255
247
227
111
53
245
255
253
126
255
126
234
190
253
183
219
243
189
237
28
241
245
63
157
205
86
254
247
175
222
87
51
255
249
253
255
95
254
239
127
190
251
173
125
251
239
235
214
255
255
231
63
103
254
143
230
191
203
255
255
255
211
27
242
111
215
45
101
255
91
53
253
254
122
222
56
175
221
120
253
255
157
172
90
133
240
63
156
193
216
254
51
189
252
87
32
251
221
250
223
109
253
251
247
124
157
57
254
255
231
95
206
233
251
205
251
83
237
39
202
253
111
255
249
231
221
67
99
238
223
169
213
53
119
185
237
117
120
92
114
47
213
51
191
107
184
252
24
1
244
189
158
65
86
178
183
191
218
87
36
254
126
184
171
173
254
255
251
244
156
255
222
223
195
76
219
253
249
221
251
66
253
39
206
89
111
255
188
231
80
87
115
239
199
169
93
61
127
251
237
119
120
92
114
47
213
55
183
123
189
236
24
5
244
61
156
65
86
242
183
189
218
87
32
254
120
9
186
186
3
71
120
103
213
162
125
148
49
164
63
238
255
18
99
67
150
179
197
135
89
77
230
140
67
214
182
232
205
12
7
190
19
104
233
120
58
93
53
43
215
117
39
110
155
168
154
5
242
29
20
81
152
178
59
249
57
86
42
226
248
19
244
246
254
183
47
55
134
127
81
19
159
202
178
87
255
215
105
103
250
191
195
63
138
255
191
126
18
80
245
239
83
45
86
191
209
124
117
71
108
72
245
47
199
44
245
95
156
172
24
5
226
60
158
73
64
246
115
151
88
87
32
250
190
250
255
255
62
241
255
252
253
191
252
249
255
123
191
219
251
221
251
123
229
125
239
255
173
255
243
191
127
109
119
255
255
228
253
255
127
253
249
119
127
95
251
63
247
149
219
123
190
191
31
199
242
189
159
93
84
246
191
223
219
223
166
255
251
23
246
246
111
167
127
39
71
125
83
83
191
234
18
86
255
147
121
247
255
175
227
63
222
251
250
255
82
240
245
239
71
37
20
191
215
124
240
94
124
72
253
175
201
13
247
111
157
166
25
133
242
28
156
193
64
247
115
153
218
23
48
254
250
25
246
247
255
231
127
191
86
239
113
251
175
235
150
94
255
215
125
247
255
175
227
63
222
255
251
255
211
177
247
239
199
37
84
191
215
124
241
127
120
76
177
175
223
25
255
127
157
172
24
129
240
60
156
193
64
246
115
187
222
87
48
254
252
186
255
237
252
255
255
252
60
253
206
255
207
95
159
237
251
253
251
106
253
101
218
249
235
127
249
246
252
87
115
239
223
241
215
49
247
249
237
119
121
92
123
191
245
161
255
107
188
252
152
9
244
253
158
89
118
254
183
191
218
87
36
254
221
250
255
237
253
251
255
248
253
189
254
255
239
95
223
233
251
237
251
123
253
101
202
249
235
127
249
247
253
71
99
239
223
225
215
117
119
187
237
119
121
92
123
63
245
179
255
123
188
254
153
33
244
253
159
73
118
254
183
191
218
215
36
254
250
18
246
247
255
167
126
191
70
251
241
115
191
234
178
94
255
215
121
247
251
175
243
63
158
123
251
127
218
213
247
239
79
37
54
191
215
124
245
119
124
72
243
47
207
13
223
127
156
174
24
129
242
62
156
201
64
247
115
159
94
87
48
254
221
250
255
237
253
251
247
248
188
61
252
251
239
127
222
73
251
237
251
115
253
103
202
249
227
127
217
246
253
71
99
239
223
225
215
52
119
185
253
127
125
30
123
183
245
49
255
99
184
254
137
33
244
253
158
77
126
254
183
191
218
215
36
222
250
58
246
247
255
103
127
183
118
255
121
251
191
235
182
95
255
215
125
235
255
175
239
63
142
235
255
255
219
125
247
239
215
173
54
255
215
125
245
247
124
78
251
63
219
29
223
127
157
236
24
133
240
62
156
73
208
246
115
159
222
87
48
254
29
182
255
225
248
183
186
117
112
251
192
117
196
83
131
65
234
205
137
98
241
117
75
217
232
26
184
230
92
69
177
231
95
144
157
32
117
248
233
117
216
76
90
6
241
5
211
75
155
252
24
7
244
29
156
73
22
243
183
141
218
19
96
255
252
190
246
245
255
239
170
247
28
253
210
127
191
206
251
252
252
219
249
243
253
15
223
121
223
122
250
239
220
215
247
239
79
163
127
53
247
254
237
126
217
93
118
46
201
23
251
243
189
236
24
133
246
127
156
65
70
246
247
189
222
95
32
254
