posters/Movie Poster 19.jpg
512 : 777
123
-65.0423
-1
0
123
121
0.0183327
31
-69.3411
-1
0
133
121
0.0152333
31
-69.3624
-1
0
400
101
0.0159707
31
-74.1808
-1
0
113
121
0.017165
31
0.98776
-1
0
120
116
0.0270572
31
-106.39
-1
0
100
116
0.0242314
31
-87.776
-1
0
106
121
0.0207464
31
-90.4775
-1
0
99
121
0.0202999
31
-98.7974
-1
0
407
114
0.0216786
31
-94.5905
-1
0
406
118
0.0173173
31
-60.3215
-1
0
126
119
0.0322817
31
-52.2061
-1
0
122
119
0.0358144
31
33.4533
-1
0
127
115
0.0147244
31
63.4349
-1
0
107
115
0.0126591
31
-91.4688
-1
0
404
114
0.0141496
31
-127.716
-1
0
413
115
0.012055
31
27.0956
-1
0
114
115
0.011553
31
-105.909
-1
0
414
121
0.0110549
31
-102.885
-1
0
396
120
0.010828
31
162.044
-1
1
306
278.4
0.00508422
37.2
-22.5741
-1
1
238.8
130.8
0.00444213
37.2
-14.4298
-1
1
176.4
253.2
0.00492683
37.2
156.125
-1
1
368.4
373.2
0.00468022
37.2
-4.82077
-1
1
279.6
177.6
0.00369437
37.2
173.494
-1
1
210
544.8
0.00429319
37.2
163.71
-1
2
208.8
540
0.00226652
44.64
177.678
-1
2
368.64
372.96
0.00214847
44.64
76.3832
-1
2
308.16
552.96
0.00186999
44.64
-23.9021
-1
2
282.24
313.92
0.00166513
44.64
-11.4373
-1
2
175.68
253.44
0.00381806
44.64
4.92062
-1
2
272.16
198.72
0.00178429
44.64
-143.973
-1
2
227.52
319.68
0.00206888
44.64
-28.9264
-1
2
207.36
633.6
0.00166806
44.64
-151.113
-1
2
303.84
237.6
0.00186956
44.64
-152.403
-1
2
300.96
240.48
0.00271937
44.64
152.83
-1
2
344.16
630.72
0.00172736
44.64
5.90614
-1
2
276.48
195.84
0.00277992
44.64
8.47855
-1
2
273.6
195.84
0.00211738
44.64
-113.575
-1
2
227.52
188.64
0.00304444
44.64
-67.4161
-1
2
218.88
191.52
0.00224683
44.64
-0.71616
-1
2
275.04
207.36
0.00217909
44.64
-21.0375
-1
2
149.76
266.4
0.00272162
44.64
-145.864
-1
2
303.84
241.92
0.00283578
44.64
-12.7244
-1
2
279.36
177.12
0.00305893
44.64
-59.0362
-1
2
311.04
264.96
0.00232689
44.64
-112.348
-1
2
227.52
224.64
0.00174842
44.64
-69.9048
-1
2
227.52
178.56
0.00330404
44.64
-67.3801
-1
2
282.24
171.36
0.00197662
44.64
-95.2901
-1
2
280.8
168.48
0.00184756
44.64
-162.272
-1
2
234.72
321.12
0.00225655
44.64
168.909
-1
2
210.24
544.32
0.00326926
44.64
-26.7657
-1
2
280.8
293.76
0.00159142
44.64
154.668
-1
2
360
632.16
0.00156278
44.64
-15.8712
-1
2
156.96
254.88
0.00150327
44.64
-50.0796
-1
2
217.44
181.44
0.00153914
44.64
-140.492
-1
2
321.12
632.16
0.00151041
44.64
-17.4472
-1
2
207.36
214.56
0.0015967
44.64
39.1857
-1
2
311.04
516.96
0.00158008
44.64
157.027
-1
3
293.76
193.536
0.0012885
53.568
-50.5275
-1
3
278.208
176.256
0.00249158
53.568
-78.6901
-1
3
226.368
179.712
0.00250883
53.568
157.479
-1
3
285.12
556.416
0.0014435
53.568
58.2986
-1
3
281.664
184.896
0.00145824
53.568
167.086
-1
3
209.088
544.32
0.00196774
53.568
-28.791
-1
3
207.36
214.272
0.00130049
53.568
-169.875
-1
3
305.856
278.208
0.00145357
53.568
-105.774
-1
3
226.368
224.64
0.00134423
53.568
3.96031
-1
3
274.752
195.264
0.00227463
53.568
-152.133
-1
3
302.4
241.92
0.00208023
53.568
-112.087
-1
3
228.096
319.68
0.00240406
53.568
-91.3972
-1
3
311.04
264.384
0.00217194
53.568
-131.73
-1
3
233.28
321.408
0.00218823
53.568
-29.3961
-1
3
281.664
312.768
0.00138611
53.568
-101.47
-1
3
236.736
177.984
0.00136618
53.568
-27.2768
-1
3
281.664
292.032
0.00178502
53.568
-11.7934
-1
3
193.536
214.272
0.00169803
53.568
-91.8677
-1
3
226.368
188.352
0.00208691
53.568
-50.8067
-1
3
217.728
190.08
0.00181611
53.568
7.62107
-1
3
273.024
207.36
0.00140166
53.568
-32.7749
-1
3
198.72
191.808
0.00167707
53.568
2.34687
-1
3
271.296
198.72
0.0017359
53.568
-12.4943
-1
3
174.528
254.016
0.00241399
53.568
23.9077
-1
3
176.256
235.008
0.00104872
53.568
159.609
-1
3
207.36
539.136
0.00117006
53.568
-41.8285
-1
3
283.392
321.408
0.00124325
53.568
-51.0275
-1
3
212.544
190.08
0.00124489
53.568
-130.696
-1
3
228.096
205.632
0.00120105
53.568
35.6931
-1
3
311.04
533.952
0.00103986
53.568
-46.6181
-1
3
205.632
226.368
0.00106769
53.568
-74.6499
-1
3
283.392
245.376
0.00115104
53.568
-152.636
-1
3
200.448
566.784
0.00110483
53.568
4.08562
-1
3
335.232
559.872
0.00111743
53.568
-166.705
-1
3
202.176
559.872
0.00118991
53.568
-23.9625
-1
3
273.024
233.28
0.00110681
53.568
-12.3027
-1
3
196.992
207.36
0.00100247
53.568
-114.638
-1
3
231.552
330.048
0.00102028
53.568
-37.1169
-1
3
278.208
262.656
0.00101759
53.568
179.231
-1
3
309.312
195.264
0.00102384
53.568
-138.066
-1
3
229.824
209.088
0.000971685
53.568
64.8852
-1
3
285.12
196.992
0.000970194
53.568
-173.118
-1
4
207.36
568.167
0.0011558
64.2816
-27.512
-1
4
275.789
232.243
0.00124884
64.2816
-146.464
-1
4
302.746
240.538
0.00127298
64.2816
167.645
-1
4
207.36
547.43
0.00169442
64.2816
-94.9342
-1
4
228.096
329.702
0.00138708
64.2816
-114.852
-1
4
234.317
321.408
0.00171104
64.2816
-44.2412
-1
4
284.083
319.334
0.00144618
64.2816
-104.967
-1
4
230.17
319.334
0.002861
64.2816
-91.4943
-1
4
226.022
319.334
0.00149487
64.2816
-38.038
-1
4
282.01
313.114
0.00135976
64.2816
-27.9795
-1
4
282.01
292.378
0.00129969
64.2816
153.601
-1
4
286.157
557.798
0.0012738
64.2816
4.57392
-1
4
277.862
205.286
0.00142158
64.2816
3.01279
-1
4
273.715
205.286
0.00135856
64.2816
-105.945
-1
4
228.096
205.286
0.000975555
64.2816
-21.0032
-1
4
271.642
232.243
0.000820624
64.2816
-97.0334
-1
4
226.022
223.949
0.000882452
64.2816
155.906
-1
4
207.36
539.136
0.000880723
64.2816
-83.0888
-1
4
284.083
246.758
0.000984068
64.2816
-43.7455
-1
4
279.936
261.274
0.000954204
64.2816
-33.4166
-1
4
209.434
213.581
0.00101025
64.2816
-23.2592
-1
4
271.642
226.022
0.00112133
64.2816
-94.3987
-1
4
290.304
275.789
0.000741742
64.2816
123
64
132
202
109
168
220
126
36
82
33
86
40
200
77
49
220
169
193
204
47
104
64
192
168
48
78
205
13
56
253
6
56
73
208
68
220
202
66
112
37
176
54
222
56
63
84
150
116
196
128
53
22
4
72
29
135
13
152
228
33
156
92
86
38
177
0
74
101
128
252
62
38
112
40
22
106
70
72
53
220
161
194
204
15
108
64
64
136
112
78
140
13
0
252
6
57
72
112
68
216
138
64
114
5
128
150
214
26
23
84
134
100
192
136
53
20
4
73
29
143
9
16
196
33
140
64
86
38
176
58
249
243
255
63
235
217
126
223
184
253
253
127
80
93
250
246
150
82
219
231
43
231
159
237
139
230
223
95
253
237
238
255
173
101
62
254
187
250
247
219
94
227
110
250
55
139
111
185
230
223
195
244
29
157
73
71
243
255
251
249
102
163
223
128
202
13
232
36
60
36
83
41
86
40
200
10
17
92
171
193
204
13
105
0
128
172
48
77
141
13
0
213
2
56
24
240
36
212
202
66
114
133
176
210
222
56
31
82
150
84
196
137
45
86
4
72
29
135
8
144
240
33
156
92
86
34
185
34
197
40
138
6
213
12
1
231
66
57
128
57
38
61
87
221
50
96
208
147
114
81
6
208
149
165
41
3
186
157
128
128
44
143
142
202
72
34
74
34
203
52
169
22
116
52
46
17
168
144
8
34
1
100
16
144
99
88
180
59
219
104
34
104
11
109
192
34
31
51
117
61
220
86
21
25
60
121
230
130
92
201
44
84
112
196
178
25
40
140
20
124
192
61
153
120
96
113
184
86
122
129
20
148
245
95
30
68
166
64
72
159
41
223
4
155
29
143
12
0
102
43
252
75
14
34
240
128
202
12
200
34
93
84
215
57
181
44
201
26
177
124
171
193
220
29
105
12
128
172
48
105
141
141
2
85
3
57
122
240
36
112
248
82
115
129
240
210
158
56
62
208
150
64
192
137
41
86
4
88
29
135
8
144
240
43
188
88
86
34
185
128
200
12
136
34
93
84
55
57
252
46
141
26
181
124
170
137
212
21
41
76
128
228
48
105
141
133
0
81
3
56
120
240
32
112
248
82
115
129
244
210
222
56
62
210
22
100
108
137
41
94
5
216
29
135
8
144
242
43
188
88
86
34
249
58
19
244
246
63
183
219
57
119
252
83
117
189
122
48
86
254
215
73
251
244
63
211
127
184
186
242
63
94
219
253
239
71
37
63
183
215
120
249
85
113
197
247
15
203
132
249
111
141
165
152
13
230
28
158
77
16
114
115
223
91
15
32
254
59
213
222
95
63
179
222
62
119
186
85
249
60
122
45
222
254
215
24
251
198
123
231
127
233
154
226
95
95
121
253
110
223
44
20
246
87
123
242
117
210
223
251
62
209
148
209
79
159
175
30
5
252
29
159
73
16
243
59
159
89
31
162
255
5
198
77
168
221
58
39
94
33
86
172
136
77
57
204
137
195
252
5
100
96
192
168
48
110
173
9
16
253
0
41
73
208
68
212
202
66
112
5
180
182
218
24
31
84
146
116
196
16
53
22
4
72
29
135
13
184
228
41
156
88
214
38
185
135
214
109
168
21
58
7
88
33
70
172
168
45
57
228
141
195
116
37
116
96
192
176
48
68
165
9
57
187
8
73
73
144
68
212
138
66
112
33
184
38
154
58
177
84
146
116
76
16
181
20
12
64
29
199
13
56
164
33
156
88
214
46
217
26
65
153
154
34
83
28
15
71
194
61
132
49
166
63
250
157
146
96
152
2
208
197
3
153
197
224
89
3
250
158
105
128
20
147
160
171
72
194
65
34
137
245
105
54
148
229
108
215
170
163
199
34
9
112
88
129
99
25
112
25
216
74
66
156
201
154
223
35
89
216
166
27
128
63
140
16
150
107
234
13
18
48
143
6
152
228
2
41
69
144
72
65
234
158
48
180
16
33
194
19
79
202
176
178
189
181
112
190
158
33
44
223
138
231
247
155
71
112
238
209
73
40
104
53
40
211
195
58
19
252
214
63
183
219
51
119
126
85
81
189
122
48
85
254
215
120
187
246
127
195
127
168
186
243
127
126
121
253
239
87
100
189
183
215
121
250
117
117
205
255
111
195
132
245
111
159
181
31
5
238
184
158
77
89
247
123
223
219
31
36
246
44
42
101
195
250
157
163
105
237
253
82
115
253
123
249
196
154
85
207
34
213
113
154
254
93
186
21
55
46
216
29
223
71
70
70
186
212
250
249
28
228
117
229
135
193
6
209
67
159
172
153
41
243
29
157
93
12
118
83
173
74
31
41
254
26
193
136
170
34
89
28
7
71
130
25
132
49
134
63
250
29
18
96
216
3
208
197
7
157
213
241
73
3
234
158
224
132
28
139
206
138
76
202
66
32
201
117
105
54
148
180
108
215
170
179
135
162
1
112
24
129
99
24
113
53
249
74
34
43
141
200
95
63
203
223
12
221
184
31
245
56
78
233
230
171
150
16
83
197
59
231
63
97
222
162
7
83
107
63
111
215
36
85
178
83
123
233
116
208
253
93
46
213
22
229
111
153
174
26
5
244
29
157
65
16
242
59
189
89
23
34
250
185
220
94
71
235
153
222
160
91
185
94
253
188
118
73
240
247
147
29
155
205
43
231
116
233
78
232
110
70
73
253
126
255
37
68
246
87
91
169
252
211
223
89
62
209
38
217
79
153
173
31
5
252
29
157
73
16
242
59
188
88
23
34
252
196
42
215
17
200
200
162
228
200
177
194
95
195
241
219
128
249
9
235
99
205
141
110
220
207
91
28
226
160
134
3
198
87
171
99
62
28
186
237
70
237
20
32
55
201
104
59
177
184
204
137
243
213
223
24
105
70
124
145
53
236
87
64
110
254
248
254
255
255
250
254
246
93
189
252
255
238
255
222
254
251
207
255
255
255
175
239
255
239
127
255
255
127
127
231
254
223
251
125
247
255
191
253
247
91
222
235
255
255
59
255
251
239
247
255
243
253
247
187
239
214
255
255
239
255
127
183
254
181
255
117
52
221
44
45
90
229
76
234
115
239
111
204
85
243
245
167
102
117
110
144
118
86
254
247
57
186
26
98
137
198
110
69
190
180
56
249
125
109
92
186
235
245
113
181
79
184
180
24
8
226
29
156
65
40
178
119
187
186
215
173
122
76
34
247
164
72
167
163
119
0
252
194
21
193
245
155
0
234
73
203
98
240
13
202
243
94
40
12
196
108
132
41
207
95
19
97
56
20
186
5
12
221
52
26
134
109
161
75
203
56
36
233
185
241
92
156
73
70
78
19
133
74
7
33
118
195
216
138
127
205
138
218
142
58
161
37
235
162
195
6
153
100
131
60
151
142
143
239
105
103
195
107
47
211
41
128
102
183
167
56
83
99
133
166
247
195
254
40
89
153
26
217
145
193
214
90
181
93
226
241
235
209
189
188
62
20
116
146
201
195
133
138
31
201
194
222
4
34
161
13
234
162
103
38
25
109
35
48
215
207
45
115
67
194
87
241
111
3
47
131
98
159
188
67
38
27
8
234
122
112
28
40
233
213
89
183
111
153
238
24
7
244
77
88
195
19
243
183
181
24
115
176
74
211
221
154
63
207
202
222
12
27
161
157
238
178
198
38
25
237
147
48
215
207
45
195
67
231
87
249
111
83
47
135
102
159
173
21
159
123
73
234
119
112
220
44
105
213
29
191
47
217
238
24
5
244
21
248
235
18
179
183
177
24
115
176
74
72
6
231
165
232
167
163
253
176
253
198
5
209
181
147
2
170
77
219
102
248
141
206
185
78
168
156
134
232
69
57
207
117
33
112
57
20
242
5
4
221
20
26
6
105
172
201
193
29
12
125
53
209
126
156
72
68
110
35
140
72
6
32
252
69
54
81
53
217
160
47
88
64
41
224
51
224
203
130
3
234
109
129
64
233
169
10
24
68
153
187
167
146
4
33
79
81
135
60
187
1
180
37
71
101
96
26
131
107
9
78
145
8
52
120
48
65
186
140
33
128
168
131
134
140
70
53
52
243
205
154
31
35
82
220
135
91
227
61
234
50
238
39
254
239
178
52
215
15
177
247
2
243
215
241
107
195
59
222
51
165
36
21
250
90
81
235
126
114
95
60
121
149
28
213
44
217
172
26
5
248
29
180
195
144
242
49
61
93
85
50
250
255
63
241
118
245
172
109
91
229
69
235
51
231
207
150
87
179
245
167
103
127
175
210
119
94
254
183
185
210
58
98
137
130
46
87
190
160
56
249
93
108
124
187
227
237
113
181
111
184
166
24
9
224
29
156
65
40
178
115
187
122
215
173
122
198
232
130
55
201
200
154
132
11
161
41
238
162
198
70
184
109
3
52
151
15
173
111
72
199
215
251
107
131
171
131
54
135
189
69
83
43
13
239
246
67
88
32
233
153
88
189
49
209
206
16
67
213
67
112
227
16
177
144
49
28
113
176
74
45
134
108
128
217
189
35
121
189
85
134
71
205
61
236
5
130
125
207
100
240
87
154
240
112
56
8
22
252
84
89
129
222
64
210
136
192
218
29
8
213
149
26
135
65
225
244
65
16
53
137
44
241
253
139
13
56
78
114
140
194
159
44
216
254
177
238
221
55
55
223
255
197
135
245
250
251
202
179
79
144
181
114
223
55
247
215
247
53
35
247
191
83
253
116
250
239
44
134
223
202
125
241
223
186
107
245
45
211
125
147
47
159
174
146
15
114
29
213
84
16
243
121
255
125
187
232
251
158
50
19
165
234
176
170
201
195
155
211
115
241
64
51
80
252
139
35
210
193
52
3
222
220
158
247
235
134
230
183
254
71
184
79
191
125
60
232
68
105
68
245
72
231
69
147
95
186
238
24
67
242
21
92
121
6
115
151
145
44
59
224
38
158
50
19
101
234
48
170
201
203
155
211
115
243
80
195
80
252
139
175
210
197
36
7
222
206
155
119
235
134
230
167
222
87
184
76
157
125
60
232
68
237
68
177
93
225
101
147
93
186
239
24
67
242
21
220
121
6
211
151
133
116
91
112
62
173
246
117
101
253
245
167
248
188
221
200
127
207
125
240
101
235
253
239
107
240
102
186
112
100
254
29
247
252
94
99
159
222
113
223
186
208
185
253
61
93
28
58
183
245
225
252
113
168
189
28
41
241
255
142
77
56
222
119
143
218
215
44
250
198
200
130
55
239
200
218
132
11
33
63
238
178
198
102
248
109
147
60
151
15
141
47
72
227
215
251
111
131
43
143
38
151
181
85
83
107
71
238
246
67
221
100
121
157
30
189
49
197
198
82
7
221
199
240
227
81
241
176
53
28
121
146
78
198
232
130
55
201
200
218
136
75
163
41
238
162
198
70
185
109
3
52
151
15
173
111
72
195
215
251
107
131
43
131
54
135
181
69
83
107
13
238
246
66
92
32
121
153
88
189
49
209
206
16
99
213
67
112
227
17
241
144
53
28
113
178
74
15
220
89
41
221
184
179
88
184
63
174
111
160
95
236
181
192
255
147
18
228
119
26
124
101
226
76
103
126
65
105
111
191
200
220
36
119
155
173
187
219
30
74
132
208
115
145
83
184
124
24
37
244
165
221
97
54
146
182
174
242
223
46
221
60
58
174
248
62
191
100
119
157
186
250
145
89
208
93
206
213
216
235
250
245
119
201
223
217
109
167
198
92
213
181
234
207
10
199
36
127
58
225
112
248
95
243
47
86
231
23
75
186
237
157
193
242
29
219
89
6
227
95
247
123
242
104
246
214
200
138
95
235
202
218
132
27
161
63
234
154
227
78
186
237
147
60
151
15
143
239
40
103
215
251
111
195
43
131
54
183
189
100
95
114
29
239
246
243
158
40
121
153
30
185
53
193
206
82
5
221
71
177
235
80
241
184
61
28
53
176
239
37
39
229
20
24
196
169
109
224
68
195
85
193
109
153
36
170
100
3
98
246
40
210
247
92
170
134
133
2
158
43
79
71
38
69
186
144
58
201
92
197
116
24
142
192
16
225
111
153
164
24
9
240
28
28
73
8
242
83
185
72
71
33
250
30
50
19
101
170
177
186
200
193
154
211
119
241
64
163
80
254
139
131
82
197
54
67
222
204
154
247
235
198
230
191
250
87
156
77
159
125
188
232
69
105
68
245
72
231
229
147
127
191
174
24
71
242
21
92
113
6
83
151
129
109
31
224
54
215
220
154
127
221
202
218
142
27
33
53
251
162
195
198
153
106
7
60
151
143
141
239
9
103
203
122
47
211
41
139
102
151
167
60
83
35
135
239
183
195
234
168
89
155
27
185
179
193
214
82
180
77
226
245
227
209
153
172
43
28
101
147
143
215
241
203
26
117
50
94
26
211
171
177
186
234
131
134
27
146
229
62
223
43
231
65
207
196
115
255
189
83
44
224
32
218
28
158
239
74
61
35
245
122
202
51
233
179
121
147
95
114
190
16
67
105
248
124
210
208
191
53
219
60
240
246
163
6
192
24
43
153
232
162
200
25
187
170
237
160
6
201
177
203
12
129
18
205
32
206
88
101
221
113
39
87
35
35
86
157
128
221
48
49
249
233
54
97
92
98
97
119
21
62
115
152
254
56
37
244
133
252
96
18
130
183
173
24
87
176
86
109
245
239
120
31
183
127
123
241
254
192
169
236
233
165
79
202
125
227
243
249
119
91
255
208
123
231
182
121
85
229
227
207
10
150
37
255
188
113
121
126
106
126
173
215
113
211
75
58
238
24
79
242
60
92
85
63
182
247
159
186
243
235
99
218
33
147
245
98
6
126
231
71
171
121
146
83
192
147
90
183
75
124
71
14
189
100
139
206
199
183
239
2
160
188
218
98
151
46
175
8
108
102
195
0
104
181
104
171
28
129
190
95
168
48
211
99
122
52
218
193
123
81
83
109
112
209
166
246
33
163
53
64
70
88
135
195
170
113
144
83
194
19
58
188
11
114
215
27
175
119
143
222
75
230
207
67
188
172
226
103
61
38
191
155
44
194
214
26
106
181
234
187
124
131
110
121
170
90
195
112
88
52
211
213
243
81
241
60
116
211
227
13
206
68
97
232
186
162
81
57
81
206
71
192
117
201
161
192
233
157
100
228
100
24
240
103
92
8
134
236
6
11
19
190
67
89
0
117
210
205
160
221
53
26
150
69
131
254
65
137
29
137
44
217
69
139
9
54
204
54
164
66
31
38
216
195
213
154
31
205
194
222
4
90
163
141
234
162
70
38
25
109
35
48
215
207
47
99
79
226
87
251
111
67
47
131
102
159
189
5
191
27
9
234
119
112
90
44
105
213
93
183
63
153
238
24
7
244
25
88
227
27
179
183
177
56
115
176
74
210
217
154
151
103
74
220
167
31
225
63
223
50
198
74
254
239
147
52
215
15
141
229
3
107
223
243
111
83
43
150
63
226
37
53
243
83
95
235
244
114
220
181
107
159
30
253
110
205
172
83
133
248
31
180
203
208
242
57
121
93
21
48
250
173
238
125
201
248
253
163
249
189
93
206
255
205
61
253
229
203
253
207
108
244
98
154
240
125
252
29
183
252
78
59
155
214
64
215
170
80
251
253
52
253
29
58
183
85
162
244
97
152
189
156
44
241
157
143
77
48
220
51
173
90
223
46
250
46
107
97
252
186
189
237
75
237
94
194
55
209
86
249
69
242
213
67
98
199
44
144
119
95
158
183
1
86
218
60
152
66
38
95
186
114
122
201
116
224
124
16
78
69
132
245
79
137
173
24
5
242
29
159
73
16
226
115
189
88
71
32
178
125
246
239
120
62
183
121
126
241
254
240
185
93
232
181
74
216
253
235
122
249
117
206
191
156
43
166
215
73
85
117
235
255
58
148
175
223
124
49
125
254
75
255
14
83
181
67
79
62
172
24
199
242
28
220
85
204
246
95
219
251
214
106
247
58
187
255
219
62
55
213
243
247
190
214
242
255
246
187
94
251
247
99
187
245
119
91
223
157
118
246
191
110
221
255
250
207
110
199
190
222
56
251
124
124
93
246
174
213
244
21
111
191
172
137
75
242
29
92
85
52
242
83
255
251
219
108
254
125
117
247
190
18
103
111
246
97
230
233
184
117
174
191
206
251
252
227
110
59
249
213
182
221
125
179
185
123
78
118
185
216
6
53
251
129
124
113
125
60
75
189
39
119
189
119
110
158
172
118
87
226
30
20
76
168
172
73
251
93
198
41
178
5
174
85
9
216
248
166
84
104
60
2
1
192
53
201
129
139
109
169
40
193
65
74
217
77
93
25
166
44
14
33
71
213
194
221
40
48
248
45
38
101
52
42
39
101
128
118
227
24
252
40
52
245
29
142
8
6
206
3
165
200
71
101
114
127
252
127
41
216
118
167
236
219
252
126
61
77
127
219
248
251
230
155
98
253
129
174
156
255
237
60
235
239
27
123
255
245
231
77
255
126
179
237
126
59
84
88
190
84
154
252
245
139
45
79
41
248
63
132
97
244
252
41
188
222
198
50
244
222
57
155
245
54
35
124
238
81
171
217
190
243
198
163
90
187
223
61
79
14
189
230
27
175
222
242
239
82
97
62
190
115
151
188
219
3
253
70
87
16
235
245
120
175
13
9
191
95
170
114
247
75
250
116
250
209
186
185
219
29
60
211
182
109
246
254
121
125
183
251
113
181
254
196
185
204
123
181
79
250
253
251
235
249
111
91
255
80
122
246
246
125
85
225
230
223
74
135
37
247
184
125
125
124
110
122
143
241
241
211
107
56
236
24
73
244
124
220
93
62
255
247
159
250
243
175
255
195
245
92
126
61
234
94
16
122
185
173
235
174
107
100
27
47
227
52
251
143
173
99
126
229
95
243
127
83
47
227
103
211
189
52
255
75
57
248
247
83
222
56
111
251
81
255
127
137
230
26
7
236
30
190
77
18
243
179
191
120
119
162
235
5
254
22
41
216
232
172
80
105
187
232
235
198
71
205
25
237
43
167
195
245
108
25
219
195
127
115
230
13
7
227
86
223
210
217
5
61
140
252
35
109
46
42
225
247
113
54
243
232
219
40
115
228
229
104
229
15
159
214
167
182
243
221
6
211
252
154
63
223
194
222
8
91
163
141
234
166
198
38
25
237
163
52
215
143
39
99
77
230
87
251
111
83
47
231
102
159
189
141
95
59
13
234
119
120
200
44
105
247
93
191
63
217
238
24
7
244
229
120
227
18
179
183
185
56
115
176
74
124
119
247
252
114
119
47
255
97
254
233
185
125
247
183
90
251
220
235
110
123
249
196
179
204
125
243
253
105
76
246
249
216
7
53
191
149
116
113
117
62
75
191
39
119
181
215
110
158
172
127
215
242
60
148
77
204
254
75
219
91
70
97
242
152
186
87
161
234
253
171
233
220
187
122
87
215
52
217
240
255
223
237
42
228
20
172
216
175
221
125
226
206
195
55
254
117
193
95
117
117
247
237
38
237
85
99
62
229
135
248
113
175
221
157
161
254
7
140
121
198
92
150
236
199
31
32
182
15
250
16
109
157
232
166
92
152
185
202
253
160
70
205
241
235
140
129
82
229
42
78
89
101
221
99
167
87
99
35
86
159
162
253
48
53
179
233
55
107
92
106
99
117
215
191
115
184
254
88
37
244
133
221
97
22
130
191
175
152
71
167
86
199
248
146
55
221
202
222
140
11
33
41
238
162
198
198
185
109
131
60
215
15
141
47
72
231
215
251
111
131
43
131
54
135
181
124
215
43
149
239
247
67
92
32
121
189
95
191
181
197
198
82
119
205
231
112
227
210
185
180
55
28
113
178
10
154
58
19
101
254
121
171
232
218
159
242
115
245
80
91
208
254
207
239
219
228
54
5
222
205
159
247
235
198
230
247
254
87
184
207
53
125
56
232
65
233
84
243
29
225
101
178
125
186
255
8
67
242
21
93
81
6
211
151
165
244
159
96
62
37
6
229
136
200
141
3
69
165
100
2
0
157
59
185
69
202
113
195
32
240
99
90
233
88
176
12
22
40
153
89
71
199
198
71
58
128
248
53
14
180
17
72
135
65
224
97
67
17
36
152
8
54
25
159
5
56
102
114
189
202
199
40
251
223
177
234
125
119
51
249
254
148
187
245
248
110
216
163
91
240
253
123
223
231
63
231
63
166
42
226
207
87
85
228
243
255
46
148
255
90
125
81
245
218
107
215
94
218
117
131
206
188
190
30
197
112
188
220
65
178
179
255
159
185
186
166
217
5
142
117
8
200
153
35
120
169
20
134
10
204
57
236
1
194
237
203
104
252
69
90
241
65
56
8
52
44
4
9
1
159
64
83
138
0
154
189
12
180
23
24
135
81
226
116
3
144
37
169
40
51
29
139
12
56
206
19
164
200
199
36
91
227
205
138
59
67
66
220
143
91
195
45
238
50
230
111
250
239
146
48
215
6
181
103
3
119
199
243
41
195
43
158
51
167
36
21
218
82
85
235
126
50
223
60
105
149
30
245
46
217
174
26
5
248
29
244
203
144
242
57
61
28
85
50
251
77
178
215
117
253
178
239
88
177
185
224
235
174
123
164
9
162
239
169
107
225
111
90
251
192
254
243
247
124
97
97
198
223
211
150
53
113
184
121
119
109
42
106
103
245
225
215
75
56
254
24
99
244
248
222
77
31
255
151
135
250
119
165
94
218
217
154
255
103
75
222
143
31
225
127
188
50
198
111
254
239
147
52
215
15
169
229
35
107
207
227
111
83
43
190
59
242
39
53
251
83
87
235
244
114
221
181
107
159
30
253
46
205
172
82
133
248
31
181
203
208
242
57
121
93
20
50
250
93
123
211
126
48
99
124
254
193
160
241
177
100
194
143
218
235
196
43
78
47
171
229
151
205
127
247
173
67
12
224
184
218
47
100
191
83
52
225
116
56
90
185
63
207
189
135
78
137
164
94
197
112
30
149
65
192
242
41
249
124
70
33
242
45
158
244
123
253
190
227
80
189
189
230
249
173
91
157
13
242
239
235
107
245
111
219
127
81
58
69
183
124
85
225
198
143
203
198
52
245
152
245
63
253
62
114
199
241
241
147
75
184
254
152
9
245
173
219
209
54
255
247
167
250
243
173
95
92
58
255
248
126
179
127
118
245
190
242
49
93
250
187
194
217
220
251
234
253
241
207
191
207
41
230
213
105
197
253
235
95
8
151
175
95
244
177
125
252
79
247
15
87
165
195
79
191
236
159
195
242
29
221
93
206
247
63
219
251
146
96
247
198
233
154
127
233
200
222
129
27
163
47
234
178
194
206
184
109
131
60
151
143
173
47
73
247
215
251
111
195
171
131
54
163
183
111
215
123
157
239
246
227
254
32
249
191
94
189
183
193
206
82
115
253
71
113
227
145
249
176
61
28
113
177
139
124
41
255
244
50
119
127
246
85
254
254
49
87
166
187
226
251
216
243
107
253
249
237
187
153
111
166
151
104
205
117
239
123
6
101
186
23
248
241
252
120
85
253
38
231
39
71
111
159
172
59
5
242
29
157
77
220
250
51
249
89
22
33
254
198
232
146
55
201
202
218
141
11
35
41
238
162
198
134
57
105
3
52
215
15
173
107
72
230
215
251
111
131
43
131
38
135
191
111
215
43
141
239
246
65
200
32
233
191
89
189
181
209
198
80
115
197
226
116
227
144
185
176
53
60
113
177
10
239
53
229
246
53
46
125
91
229
77
235
115
239
207
146
71
163
117
39
103
118
175
210
119
94
254
183
189
122
56
118
137
70
38
84
186
128
120
249
93
108
252
191
235
237
1
245
111
152
164
24
13
224
28
158
1
56
178
115
187
106
151
45
250
243
245
250
159
119
7
89
170
198
198
177
186
255
202
183
94
246
247
114
215
63
191
209
103
158
179
247
125
82
188
244
185
194
44
134
223
202
60
227
127
58
74
181
201
211
120
145
47
219
174
16
129
120
24
220
81
56
179
121
187
60
241
168
163
211
220
154
63
223
202
222
12
91
161
157
238
178
198
38
89
239
147
48
215
143
47
195
77
231
215
251
111
83
47
135
38
159
173
21
223
42
73
238
119
112
220
45
105
221
93
189
63
221
238
24
5
244
53
120
235
80
179
191
185
56
113
176
74
195
137
139
58
67
74
212
142
123
128
175
172
58
230
47
250
235
16
48
215
6
169
103
7
103
199
209
45
67
42
26
32
151
46
69
250
90
96
235
116
112
221
60
105
149
94
245
238
217
172
26
5
240
29
180
75
16
242
41
189
24
85
48
218
92
56
255
248
58
179
127
118
85
190
246
177
93
243
153
202
217
216
251
107
245
113
238
187
201
107
162
215
105
197
253
235
255
16
148
170
95
240
177
124
252
95
255
46
247
165
195
79
191
236
143
199
240
29
221
93
206
246
63
249
219
146
96
246
238
238
117
225
232
188
166
65
56
127
34
75
221
115
252
213
242
235
141
104
253
113
26
120
213
222
41
247
238
247
241
215
151
193
94
33
241
243
189
174
229
22
74
149
241
195
222
19
156
221
140
40
247
229
143
253
30
222
151
133
210
219
120
60
5
46
215
65
216
250
162
116
72
56
74
85
192
117
203
160
139
73
137
34
197
45
78
217
203
76
24
134
44
6
43
70
87
195
93
33
61
178
237
38
197
52
10
38
109
130
111
227
152
124
109
118
213
93
26
8
70
204
131
165
64
71
97
126
124
59
247
252
56
127
36
127
193
184
218
53
117
245
219
210
251
140
227
66
245
169
68
151
223
221
245
201
104
198
227
234
77
8
69
190
189
176
233
116
108
84
179
167
101
165
183
110
186
174
237
219
242
29
28
89
198
242
71
241
122
71
105
86
126
189
243
190
82
79
97
71
239
68
87
180
95
246
255
252
251
243
98
102
119
61
81
199
223
223
148
221
35
250
222
232
134
47
71
158
168
82
219
124
173
29
181
225
253
94
181
238
253
164
201
219
242
21
48
81
44
242
83
185
123
205
125
234
133
254
155
121
248
248
254
88
123
187
173
234
230
81
198
57
143
239
188
11
239
109
123
219
229
215
243
247
111
39
227
103
159
210
217
5
177
153
250
35
104
60
170
229
247
81
183
51
248
218
40
115
245
229
120
231
55
159
214
167
176
243
221
94
88
218
222
233
236
253
250
244
56
191
70
205
206
241
91
137
15
217
249
235
252
93
207
249
171
127
63
246
125
71
183
246
215
211
249
97
117
255
252
35
253
61
235
55
127
166
127
243
190
217
111
247
215
237
155
220
199
205
171
231
215
107
69
246
195
248
155
127
252
250
254
128
123
187
45
202
238
87
110
185
237
235
188
155
207
125
107
219
229
87
243
255
79
39
231
102
151
209
217
69
123
157
250
115
122
158
106
105
247
93
255
63
253
218
8
103
252
229
120
235
23
223
182
175
240
115
215
203
215
185
154
191
211
74
218
134
27
161
31
254
182
198
203
250
255
147
56
215
15
173
231
2
239
207
250
111
211
47
206
39
183
167
53
223
2
95
239
86
51
221
181
104
189
30
191
62
221
174
83
133
248
119
176
227
80
187
57
123
28
53
179
202
125
127
247
124
48
115
122
246
225
190
225
177
118
227
175
218
235
196
59
111
47
169
101
151
205
91
247
173
67
12
242
250
210
39
53
255
82
124
225
116
186
74
56
63
255
189
83
110
153
173
126
69
112
30
149
73
144
242
41
157
92
70
33
179
5
6
101
8
200
204
7
68
169
100
14
4
157
63
252
164
195
96
1
32
212
98
26
225
89
228
12
6
40
136
25
79
149
68
67
26
0
146
173
14
36
21
8
167
84
242
100
67
145
36
137
8
182
29
139
13
56
102
2
188
200
71
36
248
251
157
218
127
19
74
214
174
31
192
255
191
54
206
203
254
247
147
48
223
15
175
231
39
109
206
226
13
83
43
206
59
183
39
53
223
87
91
207
252
147
221
189
106
143
31
111
46
221
174
91
133
248
23
177
227
80
243
57
249
25
36
178
202
191
52
68
167
255
99
159
172
62
97
247
115
188
106
163
212
235
215
49
114
193
33
175
120
108
221
249
63
250
107
55
127
21
229
85
250
118
113
233
87
113
85
125
43
197
4
252
109
157
172
91
5
242
22
156
73
88
118
51
185
72
15
48
254
206
170
117
225
232
158
162
193
104
123
34
75
221
115
249
209
244
171
157
98
237
113
26
248
215
220
57
255
238
199
187
215
55
193
78
33
121
243
173
110
237
20
72
29
81
207
218
17
157
205
8
33
247
69
143
249
22
220
147
164
214
91
120
188
141
222
222
105
232
185
228
82
57
255
44
203
206
121
228
25
197
235
189
171
245
125
90
251
227
119
115
246
125
71
227
119
159
210
217
36
49
205
254
43
127
63
106
245
245
209
119
243
252
219
40
127
252
229
202
237
63
223
214
135
211
251
205
74
211
250
89
119
252
184
254
16
250
63
169
234
238
67
68
25
125
239
190
219
239
101
35
221
231
119
255
255
79
39
227
118
223
217
222
101
251
189
250
115
108
206
43
253
247
121
191
63
248
223
8
99
236
229
122
247
87
159
151
151
244
243
245
46
222
57
218
255
119
75
218
134
91
161
255
190
182
198
235
250
255
147
56
223
15
189
231
7
239
207
250
109
211
47
254
63
179
165
53
223
67
127
239
87
50
217
245
120
191
31
175
62
221
238
83
133
248
127
176
227
208
255
57
123
29
44
179
206
158
58
25
101
62
249
191
248
223
191
250
115
229
82
248
241
255
206
239
91
229
50
44
222
205
255
247
235
94
103
247
254
91
152
223
36
127
184
233
117
248
85
243
61
229
231
182
111
186
255
141
67
254
189
223
81
6
243
151
255
251
159
100
190
211
252
154
63
255
234
222
136
219
171
173
238
162
198
102
59
237
163
62
215
207
135
99
77
231
215
251
111
211
43
231
54
223
189
141
247
123
45
232
119
120
220
42
105
247
121
191
63
253
206
24
7
252
229
124
227
18
187
183
191
188
115
240
74
35
6
161
138
136
140
5
5
35
100
2
1
17
45
27
148
239
32
0
32
192
32
218
41
92
128
0
11
2
153
25
79
133
164
65
56
48
194
35
78
165
86
72
130
4
144
197
75
145
100
88
8
52
25
29
65
8
98
10
56
202
69
32
244
5
6
85
8
200
140
3
68
171
36
2
1
141
57
155
0
234
101
131
32
200
107
90
104
88
184
28
30
44
137
25
79
149
231
97
26
0
146
53
14
165
20
72
135
69
224
105
3
144
36
201
40
54
24
159
15
40
102
2
173
200
71
32
254
74
137
139
62
67
66
94
142
211
128
141
172
50
198
47
250
235
20
49
87
6
169
231
7
69
207
178
13
83
42
62
40
150
39
53
250
18
96
203
116
50
121
60
105
213
28
165
110
217
172
90
5
240
29
180
73
17
242
57
185
24
87
178
250
37
6
229
8
136
132
131
69
167
100
2
5
157
57
187
4
234
96
0
32
208
99
90
104
92
176
20
23
40
153
89
79
149
230
99
58
16
176
59
14
165
16
72
134
5
192
105
67
17
100
88
8
182
24
156
77
56
98
2
157
202
71
32
247
34
6
229
138
138
197
129
5
231
124
2
5
29
104
59
84
254
114
192
32
208
49
94
41
92
128
52
1
10
216
25
79
69
164
71
48
176
224
41
110
36
69
68
138
68
132
225
75
17
44
216
13
182
24
156
89
136
98
74
157
202
71
40
242
235
205
138
63
67
74
218
143
91
130
45
172
50
198
47
251
235
22
48
87
6
185
103
7
101
199
242
45
83
42
30
32
182
38
21
250
114
97
203
116
50
253
60
105
213
30
181
110
221
174
26
5
248
29
180
73
17
242
57
189
25
86
178
250
218
217
138
255
103
91
222
143
91
130
253
188
50
198
111
250
239
150
56
223
14
185
231
23
101
199
243
45
83
107
190
58
178
39
53
219
91
119
235
246
50
223
245
104
151
31
181
62
223
174
86
133
248
29
245
235
209
242
57
255
29
28
178
242
211
245
92
119
253
226
94
24
114
185
173
249
174
235
132
27
111
167
60
219
239
43
99
63
228
223
243
255
91
47
227
118
219
173
52
255
123
57
249
247
91
206
59
111
251
89
255
127
137
230
90
7
236
190
156
77
154
183
183
159
56
119
178
155
214
249
154
127
251
218
218
137
27
163
173
250
178
194
238
248
233
131
60
223
143
173
47
89
231
215
251
111
199
43
175
54
179
191
77
215
123
215
239
246
227
222
224
121
251
95
191
183
205
239
86
247
253
231
245
235
208
219
188
63
60
121
179
157
214
253
155
127
217
202
218
137
219
171
173
250
162
194
238
249
233
131
60
215
143
175
63
77
231
223
251
111
195
43
163
54
167
191
77
223
59
183
239
246
235
222
32
105
251
95
189
183
205
238
82
119
252
231
117
227
208
219
180
63
60
117
179
139
61
182
117
229
249
177
167
89
121
121
202
113
253
119
169
85
243
191
137
122
245
125
90
249
244
222
97
247
110
101
237
207
31
211
93
48
245
249
249
55
109
21
234
231
229
133
255
83
188
246
137
111
246
132
222
109
46
222
215
135
202
15
237
94
215
249
218
255
247
194
218
134
91
225
189
190
230
198
207
250
255
131
56
215
15
173
103
11
231
223
251
239
195
47
238
55
179
181
53
223
74
125
239
87
50
216
181
104
191
29
255
63
221
238
82
215
248
247
48
227
80
191
185
59
28
49
179
234
13
250
80
108
253
232
166
92
184
56
202
125
224
95
205
225
235
173
139
80
229
43
11
127
101
93
99
167
95
71
33
198
223
235
253
54
117
178
233
55
121
124
90
39
101
227
191
115
168
247
92
36
228
165
223
1
22
130
191
167
184
71
167
86
211
248
154
63
223
234
94
136
219
171
157
254
166
206
38
123
239
151
52
215
207
143
227
77
231
215
251
111
211
43
231
38
159
173
149
255
59
109
239
119
112
220
111
105
221
93
189
63
221
254
26
5
252
181
124
227
80
179
189
187
60
85
180
74
126
253
243
252
22
110
125
71
229
100
219
181
95
231
220
222
251
108
99
103
183
45
80
151
223
255
183
221
99
190
254
236
135
175
103
190
170
62
251
125
44
124
181
235
221
113
183
110
249
164
200
203
226
29
60
81
44
178
83
187
250
103
249
234
250
57
218
191
87
107
219
174
95
192
223
190
183
142
171
250
247
151
25
215
47
157
199
39
237
202
248
13
82
233
254
169
191
37
53
251
87
91
205
92
146
221
213
104
207
31
239
46
223
46
219
133
250
63
245
227
80
178
57
249
25
14
178
202
124
55
247
252
112
119
47
255
193
254
248
177
125
231
159
122
251
205
235
110
249
241
198
191
220
237
235
253
105
204
246
235
251
5
213
191
221
244
241
117
62
76
187
175
119
181
231
110
158
172
45
211
242
60
28
93
204
254
87
219
91
70
105
118
215
249
218
191
245
106
94
198
75
225
253
190
230
198
143
250
255
131
56
215
15
173
231
11
239
207
251
111
211
47
238
39
151
181
53
223
10
125
239
87
50
216
181
105
255
29
255
63
221
238
82
215
248
247
48
227
208
191
185
123
28
52
177
238
60
45
245
52
10
79
125
99
231
102
219
52
95
236
184
118
249
56
67
99
247
126
80
175
223
254
182
219
104
222
127
236
67
62
71
190
138
62
217
94
92
213
213
170
197
112
165
111
185
36
136
74
226
29
28
85
60
114
83
185
235
151
105
234
