posters/Movie Poster 58.jpg
512 : 769
223
-145.993
-1
0
107
640
0.00865461
31
-82.5041
-1
0
123
221
0.0128392
31
-58.0197
-1
0
118
222
0.0109319
31
96.2825
-1
0
197
577
0.0155259
31
177.114
-1
0
166
159
0.010732
31
-155.714
-1
0
176
223
0.0167753
31
-101.341
-1
0
132
226
0.0119874
31
-85.5444
-1
0
149
218
0.00916411
31
-104.708
-1
0
138
226
0.0100028
31
-144.333
-1
0
176
226
0.0117226
31
170.91
-1
0
174
217
0.0127598
31
126.607
-1
0
143
210
0.0106036
31
93.3403
-1
0
195
571
0.0156933
31
96.3402
-1
0
197
572
0.0176282
31
94.0325
-1
0
107
577
0.00941795
31
96.3792
-1
0
139
154
0.0143338
31
143.239
-1
0
207
578
0.013413
31
140.194
-1
0
204
580
0.00886351
31
76.7294
-1
0
123
152
0.00899936
31
89.8344
-1
0
117
577
0.0145931
31
76.6966
-1
0
121
151
0.0105659
31
0
-1
0
235
643
0.00893227
31
89.4884
-1
0
137
149
0.0202583
31
91.4688
-1
0
138
147
0.0156577
31
119.959
-1
0
157
145
0.00892715
31
-175.684
-1
0
205
588
0.0110374
31
-19.9831
-1
0
100
591
0.00963044
31
-167.508
-1
0
182
591
0.0105655
31
131.82
-1
0
107
593
0.0116785
31
-149.036
-1
0
153
593
0.00887339
31
90.4876
-1
0
132
202
0.012077
31
-106.858
-1
0
164
593
0.011807
31
113.141
-1
0
138
203
0.0135675
31
-167.005
-1
0
182
593
0.00960493
31
71.222
-1
0
107
599
0.0147522
31
74.3704
-1
0
106
601
0.021649
31
115.017
-1
0
174
602
0.0101337
31
-86.5664
-1
0
121
170
0.00926413
31
57.5789
-1
0
99
603
0.0119734
31
-85.2921
-1
0
119
170
0.0096037
31
69.4121
-1
0
115
603
0.0122151
31
70.1209
-1
0
117
604
0.0120856
31
107.7
-1
0
176
604
0.0101169
31
-62.1218
-1
0
124
657
0.00866217
31
116.85
-1
0
139
205
0.0162692
31
-156.636
-1
0
272
650
0.0139386
31
-99.9721
-1
0
248
650
0.00913612
31
-85.9464
-1
0
204
650
0.011223
31
-95.2126
-1
0
108
649
0.00983554
31
-84.4977
-1
0
204
648
0.0106716
31
-79.0243
-1
0
209
646
0.0114426
31
-98.8204
-1
0
239
645
0.00957406
31
112.38
-1
0
176
609
0.0096239
31
-20.3231
-1
0
233
644
0.00899694
31
72.77
-1
0
117
211
0.0111907
31
-135.441
-1
0
105
168
0.0098299
31
-97.2061
-1
0
139
620
0.0096792
31
-70.3274
-1
0
99
622
0.0114119
31
-73.0016
-1
0
106
622
0.0110715
31
100.125
-1
0
207
637
0.0138566
31
77.1167
-1
0
227
636
0.0115273
31
80.3166
-1
0
232
635
0.011791
31
97.5449
-1
0
252
634
0.00941349
31
-78.7851
-1
0
113
622
0.0110824
31
98.0955
-1
0
211
634
0.0103158
31
-82.4215
-1
0
123
622
0.0103458
31
-90
-1
0
172
622
0.010423
31
164.256
-1
0
195
626
0.008526
31
93.6215
-1
0
156
210
0.00732464
31
-32.9052
-1
0
100
640
0.00864489
31
-167.605
-1
0
109
162
0.00774313
31
-112.27
-1
0
130
616
0.00796819
31
146.31
-1
0
138
611
0.00781873
31
123.906
-1
0
130
611
0.00729342
31
-97.4959
-1
0
112
642
0.00863758
31
-83.0365
-1
0
123
223
0.0085052
31
166.298
-1
0
271
642
0.00829062
31
23.4047
-1
0
117
610
0.00825485
31
24.5377
-1
0
101
610
0.00811043
31
-86.617
-1
0
100
645
0.00856683
31
-94.1665
-1
0
108
651
0.00863432
31
-81.4806
-1
0
133
653
0.00734195
31
154.004
-1
0
104
159
0.0079981
31
-136.322
-1
0
105
170
0.00844997
31
-92.7501
-1
0
128
170
0.00834613
31
-85.3466
-1
0
137
170
0.00845329
31
77.2109
-1
0
119
598
0.0075308
31
-93.8682
-1
0
149
225
0.0086488
31
-139.726
-1
0
169
170
0.00802482
31
91.7357
-1
0
195
578
0.00822781
31
49.5049
-1
0
123
157
0.00767801
31
151.624
-1
0
186
585
0.00800878
31
64.7223
-1
0
124
585
0.00783849
31
140.083
-1
0
181
582
0.00756776
31
96.1155
-1
0
99
582
0.00837624
31
-150.403
-1
0
100
218
0.00856945
31
84.8758
-1
0
119
577
0.00779696
31
123.378
-1
0
162
215
0.00779346
31
157.306
-1
0
169
215
0.00732332
31
130.073
-1
1
142.8
210
0.0118198
37.2
132.039
-1
1
181.2
582
0.0110759
37.2
97.3904
-1
1
195.6
571.2
0.00927331
37.2
-77.2479
-1
1
122.4
621.6
0.00887089
37.2
135.352
-1
1
136.8
610.8
0.00888366
37.2
-101.992
-1
1
130.8
225.6
0.00825521
37.2
-150.99
-1
1
176.4
224.4
0.0103986
37.2
178.982
-1
1
205.2
588
0.0125684
37.2
152.622
-1
1
204
638.4
0.0102389
37.2
177.807
-1
1
174
217.2
0.0106808
37.2
82.9835
-1
1
226.8
636
0.0122678
37.2
88.8504
-1
1
158.4
579.6
0.0107728
37.2
-104.41
-1
1
138
620.4
0.00836264
37.2
136.715
-1
1
204
636
0.0122764
37.2
-175.101
-1
1
150
216
0.00899172
37.2
110.956
-1
1
138
154.8
0.00969012
37.2
-106.39
-1
1
174
621.6
0.00838886
37.2
118.695
-1
1
138
204
0.00975541
37.2
163.846
-1
1
194.4
626.4
0.00861562
37.2
135.546
-1
1
186
584.4
0.00912786
37.2
-66.0923
-1
1
234
645.6
0.0132475
37.2
-95.8774
-1
1
208.8
645.6
0.0133939
37.2
112.85
-1
1
211.2
634.8
0.0115912
37.2
120.141
-1
1
207.6
637.2
0.015758
37.2
76.3064
-1
1
123.6
584.4
0.00953984
37.2
58.8514
-1
1
122.4
154.8
0.010931
37.2
40.5154
-1
1
122.4
157.2
0.00815425
37.2
-171.08
-1
1
166.8
159.6
0.0104329
37.2
178.172
-1
1
192
632.4
0.00981747
37.2
155.323
-1
1
165.6
592.8
0.00967837
37.2
102.766
-1
1
247.2
634.8
0.0102296
37.2
101.101
-1
1
139.2
147.6
0.00846459
37.2
144.253
-1
1
205.2
580.8
0.0112345
37.2
-101.104
-1
1
238.8
645.6
0.012894
37.2
173.278
-1
1
208.8
586.8
0.0102714
37.2
-95.2952
-1
1
177.6
646.8
0.0113527
37.2
-73.2334
-1
1
122.4
220.8
0.0108488
37.2
-179.246
-1
1
181.2
591.6
0.00733743
37.2
180
-1
1
188.4
637.2
0.00716651
37.2
162.499
-1
1
192
612
0.00666319
37.2
-102.758
-1
1
163.2
644.4
0.00662802
37.2
87.1376
-1
1
132
154.8
0.007542
37.2
93.3665
-1
1
152.4
592.8
0.00705284
37.2
130.914
-1
1
160.8
597.6
0.00742752
37.2
-160.463
-1
1
187.2
619.2
0.00665496
37.2
110.253
-1
1
196.8
578.4
0.00715286
37.2
-74.2281
-1
1
133.2
646.8
0.007313
37.2
102.6
-1
1
222
637.2
0.00727824
37.2
52.125
-1
1
132
158.4
0.00676843
37.2
144.066
-1
1
207.6
577.2
0.00685854
37.2
167.64
-1
1
271.2
642
0.00724952
37.2
139.297
-1
1
174
602.4
0.00787294
37.2
-112.932
-1
1
190.8
646.8
0.00652115
37.2
146.31
-1
1
166.8
637.2
0.00684209
37.2
70.9213
-1
1
121.2
150
0.00664148
37.2
-94.7857
-1
1
138
169.2
0.00624
37.2
85.6013
-1
1
232.8
634.8
0.00725513
37.2
-114.466
-1
1
157.2
169.2
0.00762503
37.2
128.974
-1
1
202.8
576
0.00608193
37.2
-150.038
-1
1
192
639.6
0.00728016
37.2
-94.3432
-1
1
148.8
224.4
0.00713909
37.2
-97.4502
-1
1
222
646.8
0.00610846
37.2
-121.235
-1
1
192
644.4
0.00683853
37.2
99.7106
-1
1
132
201.6
0.00664236
37.2
87.1376
-1
1
139.2
579.6
0.00666536
37.2
112.175
-1
1
174
582
0.00787563
37.2
27.9371
-1
1
129.6
637.2
0.00778005
37.2
104.459
-1
1
250.8
638.4
0.00749653
37.2
90
-1
1
238.8
638.4
0.00649928
37.2
138.705
-1
1
162
214.8
0.00640337
37.2
159.811
-1
1
169.2
214.8
0.00750207
37.2
-103.473
-1
1
130.8
616.8
0.00749149
37.2
-112.834
-1
1
162
220.8
0.00718881
37.2
119.181
-1
1
130.8
610.8
0.00763638
37.2
-113.268
-1
1
145.2
163.2
0.00622876
37.2
-106.283
-1
1
138
225.6
0.00644085
37.2
-140.733
-1
1
160.8
163.2
0.00672226
37.2
161.232
-1
1
174
588
0.00708365
37.2
78.4078
-1
1
148.8
612
0.00588263
37.2
-125.181
-1
1
163.2
640.8
0.0058743
37.2
177.101
-1
2
161.28
155.52
0.00664099
44.64
138.013
-1
2
144
210.24
0.00689462
44.64
-177.917
-1
2
149.76
214.56
0.00826196
44.64
166.201
-1
2
167.04
214.56
0.00678209
44.64
-179.731
-1
2
174.24
216
0.00758169
44.64
-96.1254
-1
2
149.76
223.2
0.00724793
44.64
-146.706
-1
2
175.68
224.64
0.00669113
44.64
92.3074
-1
2
159.84
580.32
0.0105278
44.64
140.677
-1
2
154.08
149.76
0.00796732
44.64
112.917
-1
2
175.68
580.32
0.00837631
44.64
120.809
-1
2
180
580.32
0.00848606
44.64
100.474
-1
2
144
587.52
0.00711038
44.64
141.302
-1
2
205.92
580.32
0.0100268
44.64
122.206
-1
2
185.76
583.2
0.00905762
44.64
139.787
-1
2
174.24
587.52
0.007714
44.64
171.511
-1
2
204.48
587.52
0.0105899
44.64
168.97
-1
2
208.8
587.52
0.00998009
44.64
177.709
-1
2
208.8
590.4
0.0102788
44.64
-109.904
-1
2
151.2
165.6
0.00884804
44.64
132.955
-1
2
165.6
591.84
0.00723744
44.64
-174.903
-1
2
205.92
593.28
0.00695142
44.64
140.05
-1
2
180
604.8
0.00739594
44.64
146.864
-1
2
185.76
609.12
0.0103909
44.64
151.39
-1
2
188.64
609.12
0.00987046
44.64
-117.132
-1
2
156.96
168.48
0.00737406
44.64
-107.819
-1
2
148.32
165.6
0.00893055
44.64
-141.623
-1
2
161.28
164.16
0.00731803
44.64
150.732
-1
2
182.88
612
0.00753226
44.64
158.749
-1
2
191.52
612
0.00896729
44.64
179.284
-1
2
182.88
614.88
0.00810172
44.64
-166.921
-1
2
167.04
158.4
0.00918797
44.64
-173.29
-1
2
185.76
617.76
0.0105417
44.64
174.772
-1
2
188.64
617.76
0.00975776
44.64
163.56
-1
2
164.16
214.56
0.00648967
44.64
120.816
-1
2
156.96
601.92
0.0066187
44.64
-124.824
-1
2
145.44
161.28
0.00606766
44.64
176.248
-1
3
172.8
214.272
0.00692766
53.568
115.357
-1
3
176.256
580.608
0.00892502
53.568
121.416
-1
3
184.896
582.336
0.00666571
53.568
125.853
-1
3
176.256
587.52
0.00664703
53.568
159.258
-1
3
202.176
587.52
0.00975901
53.568
170.208
-1
3
207.36
589.248
0.00916913
53.568
164.745
-1
3
195.264
590.976
0.00503642
53.568
133.995
-1
3
203.904
577.152
0.00528966
53.568
223
64
76
170
119
217
248
255
162
241
249
61
238
95
221
117
251
224
227
201
203
42
253
109
30
216
219
110
12
166
172
207
27
214
255
67
67
48
124
146
253
36
255
53
202
54
77
230
255
227
172
109
205
122
215
255
138
75
102
204
199
165
202
111
101
92
251
221
127
254
127
127
93
203
127
127
253
250
127
237
246
255
255
245
61
127
62
252
181
58
127
255
243
59
251
127
126
253
210
103
60
251
194
117
249
255
114
223
252
127
223
30
245
252
205
165
86
13
232
63
135
77
152
244
121
63
95
94
58
187
250
221
120
254
255
123
95
155
127
67
189
234
175
206
100
93
255
247
60
223
6
254
177
126
231
215
243
123
215
123
246
49
146
172
158
223
234
125
251
119
98
223
126
121
215
29
244
63
204
191
16
5
234
181
254
105
16
182
113
63
93
95
188
186
180
158
116
135
253
236
131
185
191
85
46
119
175
127
216
245
247
247
207
176
245
66
185
116
243
126
125
123
254
155
203
247
189
109
87
150
211
18
249
252
221
85
26
182
196
99
252
101
169
181
217
9
248
7
137
73
58
244
54
172
90
31
36
216
13
234
206
137
23
249
165
118
45
149
142
252
223
63
252
201
137
93
107
105
145
87
202
241
105
125
29
54
125
78
26
11
221
68
213
138
80
120
237
52
117
21
120
39
85
180
116
161
24
188
185
4
211
29
138
12
56
196
34
173
73
95
36
250
25
206
158
10
41
217
180
54
59
188
100
201
28
57
109
138
237
186
225
171
244
119
203
243
249
127
213
246
109
199
211
103
223
16
65
36
119
216
232
104
120
29
122
39
213
117
119
111
187
232
169
13
244
29
216
77
54
243
183
189
210
211
100
222
205
235
214
119
115
107
248
230
121
177
239
251
118
242
234
234
235
213
63
111
15
175
231
54
79
223
183
43
215
15
50
62
210
39
117
251
82
125
233
116
113
92
56
63
223
30
253
108
137
173
94
5
248
31
156
73
16
240
49
189
92
87
32
250
255
253
255
255
55
127
217
255
255
223
253
249
111
202
253
255
243
212
62
111
55
186
165
63
111
175
227
59
95
127
126
191
242
103
188
219
214
119
251
245
211
254
251
126
186
30
217
62
205
189
86
133
104
191
181
79
208
246
121
127
93
92
179
177
221
173
214
119
35
67
248
239
89
177
239
255
114
246
235
234
235
144
63
111
79
175
231
54
127
223
179
43
199
15
54
62
247
39
101
250
82
121
233
124
113
92
184
63
237
6
253
108
137
172
94
5
248
31
156
73
16
240
49
189
92
23
33
250
25
141
158
8
0
201
164
119
25
152
78
201
82
53
14
138
237
10
225
131
244
37
66
211
217
127
213
230
105
198
131
226
223
16
65
164
63
8
232
104
120
29
62
167
213
117
183
111
187
168
137
13
240
29
88
73
62
243
55
177
26
83
100
202
12
222
78
203
63
253
146
17
61
249
36
201
158
51
253
205
203
213
173
43
197
118
218
121
105
215
21
55
125
75
19
118
151
192
219
0
118
217
249
54
245
29
106
39
149
212
116
99
185
253
137
13
252
5
138
76
54
214
182
173
211
95
36
223
207
218
78
233
255
249
250
216
61
59
228
234
142
88
238
201
201
253
189
109
237
87
138
120
103
223
59
103
221
71
51
183
215
193
221
75
115
253
237
51
243
222
106
61
215
159
254
177
158
221
28
36
205
245
207
235
82
220
183
143
212
219
54
191
177
30
84
3
221
232
131
152
238
21
142
103
174
127
234
181
255
183
135
177
245
3
63
116
211
126
120
111
190
26
203
119
157
108
71
182
81
18
233
220
221
84
26
166
197
99
252
101
184
188
24
13
240
13
152
73
50
114
54
181
218
87
36
88
185
62
116
3
251
221
131
8
238
85
14
103
190
127
232
245
255
179
135
177
245
2
59
116
211
126
125
111
190
218
219
119
157
108
67
182
113
18
233
204
77
85
24
167
197
99
252
101
184
172
136
13
242
13
152
65
50
114
22
181
90
95
36
90
255
253
255
223
255
31
95
207
255
251
173
249
63
239
166
255
227
213
61
103
207
175
231
55
79
207
163
63
211
8
48
107
243
39
84
187
82
116
241
244
82
94
56
47
212
22
213
78
153
172
24
5
240
29
157
73
16
242
51
189
88
86
34
248
130
206
14
205
239
125
218
149
61
251
60
207
138
93
118
173
141
222
124
187
84
195
190
120
107
95
59
114
221
83
51
119
245
249
219
97
251
101
236
161
83
60
106
191
223
22
254
113
137
217
94
5
221
239
156
202
147
213
32
63
86
123
10
184
28
201
24
204
34
217
208
99
27
144
125
220
144
84
93
232
237
154
96
203
199
52
192
211
249
95
161
104
69
134
151
104
207
52
65
138
82
90
232
124
114
29
49
39
244
22
183
111
155
172
9
5
240
29
152
65
16
243
59
189
88
87
34
250
60
207
125
204
34
221
220
97
63
208
127
220
221
116
124
236
245
154
68
235
212
116
208
243
249
94
165
90
109
215
159
232
215
116
65
158
222
122
248
124
242
157
57
47
244
182
245
111
155
173
153
15
248
29
159
73
16
243
123
189
90
95
42
250
192
206
130
223
233
76
134
133
31
253
42
207
146
222
91
172
237
210
172
171
76
139
174
40
75
95
189
98
149
3
155
87
225
179
113
113
115
199
238
226
115
30
96
62
157
150
221
241
137
201
94
37
149
79
157
203
147
208
32
53
84
69
2
252
255
249
219
255
255
227
219
222
222
253
125
253
55
202
182
255
226
213
21
103
207
175
231
55
79
138
162
15
211
11
58
123
243
37
85
251
82
115
201
244
210
94
24
14
208
22
225
110
153
172
26
5
240
29
156
73
16
242
51
189
88
86
34
249
193
14
130
151
201
68
134
133
31
253
42
15
130
207
91
166
109
82
172
162
76
139
174
40
75
95
157
98
145
3
155
87
241
177
113
113
115
195
238
98
113
20
40
190
141
22
253
241
137
200
94
37
149
79
152
203
147
81
32
53
84
101
0
238
56
216
238
75
111
255
215
53
255
189
94
207
191
62
127
237
157
179
250
187
245
87
91
245
241
117
93
182
109
215
223
230
223
104
195
100
255
91
252
57
125
157
103
55
149
247
55
227
191
218
143
207
255
237
219
222
127
215
254
255
243
249
206
206
195
204
134
129
207
68
138
149
61
255
56
207
138
77
82
173
13
91
52
179
204
135
238
104
107
87
25
98
145
23
147
87
245
49
89
97
83
69
236
162
113
60
42
191
213
20
255
241
153
200
24
5
213
79
152
203
147
209
34
53
84
113
0
234
199
142
130
129
204
192
138
149
40
251
32
203
130
1
34
41
13
107
36
131
200
133
126
72
66
87
25
98
144
6
131
87
215
176
91
33
113
76
238
34
96
60
42
175
149
20
255
241
24
200
24
5
213
75
152
202
19
209
50
53
68
113
0
234
1
14
138
129
136
208
162
209
41
250
10
70
128
85
107
33
137
105
161
2
196
117
94
216
65
84
16
162
132
6
35
83
95
18
211
32
49
202
236
0
100
52
58
164
117
196
119
227
26
72
40
117
215
77
88
152
23
73
23
165
64
243
73
106
119
205
238
222
34
95
93
7
63
230
61
152
31
255
254
222
185
246
48
111
150
125
240
35
121
215
183
61
115
185
94
105
215
54
119
250
194
125
251
124
114
255
189
111
151
30
245
110
153
172
26
5
248
29
181
77
25
242
123
253
89
85
43
251
189
254
117
101
253
252
163
120
120
125
222
127
236
93
200
181
239
237
159
41
245
41
187
248
237
126
89
247
252
87
235
255
159
227
249
84
245
187
253
63
221
148
203
182
237
131
254
113
168
85
109
40
252
231
139
101
102
220
246
239
210
143
183
94
218
249
155
254
54
114
92
14
211
138
125
248
99
198
150
91
191
199
58
95
7
61
97
31
237
215
247
175
67
41
182
232
199
190
190
223
235
61
234
117
122
234
179
105
191
28
181
110
223
186
58
211
104
53
118
208
213
179
121
219
125
117
241
250
250
57
219
247
255
195
219
174
222
171
209
124
191
202
51
254
254
151
122
215
143
191
231
15
174
131
242
111
83
249
246
254
111
173
159
223
222
117
235
215
208
73
197
72
155
29
137
63
223
174
90
199
230
184
244
243
208
51
253
123
189
60
178
183
251
253
187
126
53
98
125
190
211
174
245
184
103
202
134
94
63
207
58
95
63
143
231
15
207
255
243
255
83
51
230
233
203
159
181
255
143
45
242
127
58
234
183
233
191
57
55
190
94
178
115
211
104
250
116
246
233
191
253
219
189
245
221
167
193
14
130
177
201
202
166
193
41
249
2
75
146
225
235
131
203
41
185
199
205
141
91
89
83
95
27
38
128
134
163
71
87
131
83
33
17
204
109
74
100
52
56
167
77
77
127
179
156
204
24
52
215
127
136
235
67
252
3
181
76
115
17
106
215
249
223
127
246
98
223
158
251
167
189
250
238
203
198
251
189
231
62
255
47
207
103
175
231
255
255
255
251
47
230
55
179
255
188
223
27
181
254
255
123
250
239
121
187
121
223
182
237
222
102
247
221
231
112
231
253
157
248
123
189
241
215
143
204
200
154
169
200
210
174
193
24
171
0
142
144
196
235
9
201
73
185
198
205
133
15
88
67
93
59
230
193
7
179
22
215
129
95
41
17
237
237
98
112
76
96
41
87
92
191
177
157
204
24
37
213
253
156
235
82
253
51
181
92
115
112
162
210
241
155
246
54
50
93
30
211
187
125
250
103
210
150
91
191
199
60
95
6
173
97
31
237
215
247
191
87
41
228
232
215
190
188
255
235
61
242
245
120
234
179
125
191
25
149
111
219
187
62
211
104
56
254
213
213
179
115
223
125
117
245
250
253
253
251
125
120
102
255
223
192
175
201
254
99
198
134
91
251
237
251
71
119
175
118
159
214
255
246
239
195
62
98
234
207
15
135
191
152
180
233
125
90
106
179
239
255
121
183
110
184
174
8
91
240
60
28
65
148
186
83
159
254
215
251
250
245
253
251
125
120
118
255
223
216
143
233
248
99
195
135
249
251
237
191
71
119
175
119
159
215
239
247
239
195
46
226
250
239
15
207
255
154
52
235
245
122
126
177
239
255
121
151
126
249
174
10
211
240
61
20
65
212
250
83
191
124
247
249
251
124
58
115
231
248
255
186
249
220
249
222
117
229
86
217
244
251
143
223
82
253
35
175
220
223
124
253
175
198
223
235
254
105
45
69
191
223
179
237
87
216
84
211
182
229
175
174
119
175
239
141
171
240
189
220
81
70
250
215
249
122
23
108
92
135
213
10
183
159
64
220
129
34
107
41
234
130
198
38
57
109
26
36
211
75
172
39
74
70
223
243
107
211
43
162
55
210
180
28
210
123
101
106
247
66
74
60
121
218
20
255
61
73
206
16
5
204
130
148
105
145
177
49
55
28
115
160
170
253
253
255
125
125
98
254
255
209
170
205
189
98
197
143
239
171
13
187
87
255
175
119
159
215
111
246
183
219
23
34
238
239
47
101
255
159
52
253
117
122
126
187
238
255
121
167
239
249
174
90
215
241
63
92
73
222
191
247
187
62
119
179
203
135
213
2
247
157
32
220
129
2
235
41
234
162
194
38
25
109
138
36
211
75
172
39
74
70
215
243
107
147
42
162
51
242
182
156
226
115
101
106
247
98
74
56
121
210
21
223
29
72
238
16
5
212
130
220
105
147
177
177
23
28
115
160
42
220
249
255
125
124
123
255
254
249
177
205
253
111
247
198
249
251
205
191
111
103
237
102
183
239
223
247
255
239
111
246
238
223
71
213
255
30
247
253
245
95
255
187
119
253
61
247
238
223
190
111
247
248
255
28
77
92
190
19
175
120
119
247
254
221
249
223
125
254
107
251
254
249
133
205
253
111
231
238
249
251
237
191
103
103
125
102
183
239
255
243
255
235
111
254
255
223
71
253
223
30
247
253
245
223
125
255
98
253
31
255
238
222
190
107
247
250
255
20
77
252
190
19
235
185
255
247
255
252
58
119
103
248
250
162
253
217
185
250
117
229
23
217
240
243
143
207
91
253
41
111
156
221
77
108
175
78
142
171
254
237
45
101
190
125
178
237
244
221
84
147
182
197
163
46
101
170
109
205
235
240
191
24
73
70
250
135
240
122
70
100
92
79
197
42
61
39
166
127
192
33
174
161
138
192
200
37
15
136
125
38
103
142
182
208
123
69
223
183
109
81
38
55
115
210
52
221
171
82
108
232
115
48
106
60
105
247
92
245
63
153
172
16
5
224
29
156
65
16
178
51
189
92
87
32
179
205
206
154
41
200
248
174
193
56
187
10
202
130
68
239
137
201
217
189
230
205
149
15
88
103
95
59
231
213
7
179
22
215
131
221
105
113
253
237
50
112
92
106
61
87
92
254
177
157
205
24
37
197
253
140
235
210
220
179
165
92
83
112
182
3
223
154
90
36
218
220
6
43
130
41
200
142
83
46
27
141
231
32
171
134
101
83
99
225
215
179
126
23
42
130
99
215
22
219
138
66
12
250
99
96
126
40
237
183
80
245
111
209
186
56
71
180
5
252
79
17
211
50
191
80
241
193
250
217
201
142
215
98
91
216
182
27
221
127
219
158
240
86
170
173
219
124
239
30
141
230
179
107
127
187
126
197
3
182
63
250
55
117
249
87
125
254
245
243
124
185
63
187
62
253
188
207
137
95
215
217
127
156
203
209
253
49
127
93
117
1
255
195
219
138
221
231
114
216
150
63
159
61
203
10
217
118
171
237
213
61
239
78
143
230
51
111
203
191
110
213
2
50
59
246
39
84
251
82
117
239
244
242
126
56
63
219
30
209
252
217
173
94
5
217
127
148
75
145
240
33
63
92
84
2
249
88
10
87
229
232
239
174
241
184
185
122
21
205
117
217
160
231
205
205
106
220
41
140
184
75
77
173
182
236
3
51
254
121
97
117
57
87
242
237
244
253
84
24
62
204
167
218
107
137
173
92
5
240
31
157
73
16
246
51
188
88
6
32
252
203
217
142
221
119
115
221
150
63
159
61
203
14
216
118
235
237
213
61
111
78
143
230
51
111
207
191
42
215
3
50
59
242
39
60
251
82
117
255
245
114
238
56
127
219
30
213
252
221
173
94
149
217
127
151
75
145
244
33
31
92
84
18
185
235
223
238
253
255
119
221
159
63
255
57
202
31
200
118
255
237
213
61
111
94
143
180
58
110
207
187
43
215
27
62
59
226
39
28
251
82
117
255
246
82
234
184
127
219
30
253
188
205
173
86
133
201
126
134
75
209
244
97
31
92
84
18
185
249
223
255
223
118
127
253
246
191
221
125
219
31
252
126
238
255
223
124
111
62
221
228
178
123
255
183
122
253
83
126
191
242
119
125
249
215
119
254
253
115
255
251
127
255
158
253
188
205
129
119
245
217
255
151
207
209
252
121
127
95
108
19
190
253
56
119
37
218
235
162
240
121
169
254
127
254
39
202
226
243
137
223
101
253
201
47
188
205
110
104
255
232
71
251
255
249
101
117
191
29
251
253
254
223
85
94
38
204
63
110
181
140
100
73
103
242
191
8
77
110
188
135
240
153
22
100
76
42
220
238
75
255
221
215
25
255
209
190
234
191
58
124
221
153
183
126
155
149
87
91
117
113
247
93
55
127
251
215
230
143
238
203
84
251
217
254
59
121
191
102
245
149
255
61
163
247
219
137
45
191
165
251
190
51
215
254
47
179
249
220
94
221
47
147
85
232
91
250
246
25
185
110
159
210
214
235
234
237
203
189
111
79
141
110
155
235
95
191
230
197
71
182
54
115
51
101
113
85
247
255
118
241
60
232
118
239
174
59
177
205
201
110
247
221
255
145
234
215
221
41
111
93
37
17
254
210
216
153
175
16
232
57
236
75
235
113
156
33
130
223
186
255
198
161
73
140
129
238
8
205
221
249
107
83
43
35
47
149
132
253
91
37
237
233
119
162
92
33
41
183
24
124
52
218
152
127
177
228
183
180
100
192
186
169
233
93
71
48
247
220
249
223
125
248
250
254
254
216
179
239
254
230
247
207
250
227
137
63
87
207
173
39
159
231
79
235
255
195
47
162
62
251
15
69
255
91
183
253
247
250
94
185
118
253
127
155
183
221
239
14
247
249
255
85
235
84
255
181
191
124
118
243
221
212
42
81
51
248
218
34
232
218
187
194
127
231
183
200
178
242
129
255
27
205
167
75
220
197
222
253
167
10
143
163
254
91
141
71
191
124
186
237
118
236
84
32
47
213
107
190
115
185
236
8
99
245
29
93
123
70
254
151
181
120
87
112
126
244
234
115
115
249
218
166
201
216
187
202
255
231
183
192
58
251
129
191
91
205
135
107
220
213
222
253
175
78
143
163
254
219
173
103
191
125
187
237
246
72
92
32
190
215
233
62
113
185
239
60
33
245
61
206
235
70
254
151
149
120
87
114
94
221
238
239
241
248
124
248
243
25
255
122
223
202
229
218
232
233
205
189
107
79
140
174
184
111
223
63
163
205
15
58
63
112
227
125
219
86
247
253
182
211
244
248
62
207
142
124
177
201
21
86
244
201
255
135
108
208
220
33
111
76
21
17
180
204
8
206
245
170
121
248
247
61
249
110
223
146
244
251
234
171
220
253
107
76
157
238
56
47
95
147
50
221
71
54
255
115
51
125
251
86
255
253
182
209
125
249
54
239
6
123
177
141
173
126
181
217
95
157
76
208
252
41
237
77
30
1
190
205
12
206
245
171
121
249
254
61
253
110
223
146
252
235
238
171
220
189
107
76
159
238
56
47
223
147
34
221
67
54
127
119
35
125
251
86
255
253
182
241
117
248
62
239
134
89
177
141
173
126
181
217
95
157
76
144
248
41
189
77
31
1
190
171
202
206
75
255
249
213
152
253
189
190
235
174
249
111
233
233
245
63
251
109
143
175
124
103
255
17
35
255
95
50
55
255
111
95
250
90
127
253
180
243
126
58
63
221
119
221
241
137
189
30
5
216
159
141
73
16
244
51
189
92
87
34
251
221
250
211
115
249
242
170
200
216
187
224
255
226
211
192
123
235
143
191
95
237
143
47
93
199
223
251
175
199
15
163
126
251
135
77
183
117
189
237
246
104
92
58
125
251
73
59
243
249
239
60
53
245
253
236
225
86
252
151
157
220
87
177
30
204
234
199
249
216
124
232
245
24
255
104
223
194
197
223
232
235
205
189
107
78
141
174
184
111
223
63
163
213
7
50
62
241
35
125
251
86
247
237
182
83
124
184
62
223
30
127
177
201
13
86
181
217
255
132
105
208
220
33
45
92
85
3
182
214
250
219
251
216
250
230
205
217
187
232
255
231
215
207
186
251
143
191
79
207
173
111
156
199
223
123
175
195
135
163
254
247
135
103
255
123
191
237
118
106
92
48
253
223
91
63
183
217
236
44
115
241
255
108
235
212
252
133
189
92
87
243
254
215
241
155
119
112
162
255
206
195
163
249
250
226
194
134
26
163
135
62
95
47
173
103
159
196
207
227
175
67
44
224
58
171
143
164
255
57
189
103
255
106
106
177
233
187
89
155
63
91
174
33
243
113
184
116
226
69
187
213
219
60
244
241
95
187
216
218
239
255
249
251
156
30
251
118
253
183
90
239
253
226
215
157
27
196
57
239
121
111
139
98
39
223
107
127
127
183
229
220
243
119
243
233
245
211
95
75
92
208
23
217
119
157
189
94
5
252
165
157
105
144
242
190
174
216
95
54
253
197
206
198
101
237
250
230
177
57
185
126
207
142
253
75
173
233
217
189
239
77
143
174
120
107
95
29
38
253
7
34
22
247
99
125
113
119
183
253
180
125
60
58
191
205
15
126
177
237
221
94
181
221
255
137
239
82
220
37
61
84
119
16
254
59
245
236
190
63
63
93
15
229
230
249
184
61
238
60
127
147
52
98
243
183
114
209
47
85
231
227
63
123
253
125
235
239
236
134
158
202
124
241
255
62
235
245
233
214
119
213
79
159
174
154
13
98
29
245
85
184
183
251
187
187
218
168
224
110
170
171
137
6
223
2
39
205
230
82
156
81
134
95
238
217
9
123
221
185
17
95
141
217
117
29
165
1
158
50
194
197
12
199
143
202
60
237
42
40
92
116
173
23
252
54
176
191
232
172
138
163
93
112
146
196
226
3
241
251
211
120
230
124
237
255
121
250
255
246
231
121
240
222
191
254
246
235
252
235
153
187
110
159
253
223
255
255
79
122
191
239
87
190
254
239
199
101
219
215
247
253
118
187
127
253
118
93
159
95
179
223
109
111
253
249
127
145
239
86
252
233
239
95
111
187
214
255
254
116
126
255
170
127
80
123
125
169
251
238
235
228
89
247
231
190
241
255
109
27
255
198
127
251
255
250
127
239
103
219
253
212
55
233
253
249
255
111
206
107
235
253
89
255
95
228
247
8
111
230
252
90
239
126
191
215
183
186
243
245
12
251
252
125
126
254
255
95
57
123
121
253
251
238
247
230
255
255
247
60
253
255
249
59
190
225
255
251
255
255
123
255
109
219
231
244
247
203
241
247
247
87
223
235
127
221
31
255
23
133
247
70
110
236
191
151
239
252
191
245
191
223
126
255
156
121
26
117
229
254
191
251
112
253
124
94
21
93
125
217
224
246
221
219
106
228
105
140
251
237
232
174
150
126
67
125
255
115
101
125
57
87
243
149
245
221
213
219
30
76
135
202
75
141
53
95
5
248
61
143
77
220
254
59
188
216
14
34
180
251
221
255
252
127
127
93
203
123
127
189
250
126
253
102
255
239
245
63
127
110
252
181
58
127
223
243
59
255
63
118
123
210
103
92
251
82
117
249
254
114
222
120
127
223
30
245
252
205
173
22
5
232
31
150
77
152
244
113
63
92
87
34
186
23
207
78
207
167
217
222
1
59
211
53
250
158
51
108
218
173
147
60
191
143
116
195
113
105
87
241
127
119
43
151
51
214
116
85
138
82
89
250
117
242
95
57
45
181
22
245
47
153
175
24
5
248
29
157
77
16
243
50
189
89
91
32
251
124
253
254
252
122
255
124
115
125
254
252
189
125
254
253
254
255
187
251
234
253
127
221
191
255
127
247
255
109
247
255
247
203
211
239
247
247
253
249
125
122
221
247
127
255
183
247
127
175
239
190
255
238
61
222
93
214
255
255
239
255
235
233
182
120
189
255
255
59
231
248
255
125
250
196
189
117
198
191
255
255
154
243
82
247
61
95
159
183
95
242
255
75
247
255
230
207
134
63
245
191
255
249
117
120
221
247
106
127
245
247
127
253
238
250
223
246
29
92
93
159
187
255
187
59
47
235
230
104
218
117
236
126
127
255
241
61
124
110
201
93
125
253
237
247
253
253
104
244
105
188
58
125
237
173
54
253
215
127
255
241
97
127
121
246
243
253
252
247
222
122
63
221
150
252
105
141
165
94
5
248
31
159
77
152
246
59
188
222
78
32
180
88
10
23
133
232
207
174
245
156
185
90
69
145
117
89
160
239
217
205
98
220
41
174
185
91
125
173
166
200
131
51
254
121
33
101
48
87
242
233
116
249
84
24
46
205
38
218
107
137
173
92
5
240
31
157
73
16
242
51
188
72
7
32
252
235
207
111
252
38
191
95
59
61
255
123
200
31
249
124
143
237
253
101
247
252
228
240
51
89
255
163
254
121
144
124
251
194
52
86
186
219
120
176
252
246
94
56
175
213
18
213
79
153
172
24
13
240
29
157
77
24
246
115
189
90
214
40
250
79
204
142
8
71
91
199
26
189
162
172
170
186
152
109
175
137
57
59
215
180
87
88
99
99
117
89
38
113
83
10
67
143
10
195
41
83
72
237
42
58
61
124
41
21
123
55
227
223
170
24
12
213
125
200
146
57
132
191
189
145
217
220
74
211
218
147
175
53
232
61
204
11
175
105
152
135
143
143
155
255
206
33
73
168
129
238
25
205
221
249
107
83
35
99
47
213
132
253
27
1
189
233
119
32
72
57
169
191
24
124
52
218
152
126
177
228
183
180
100
192
186
33
233
220
87
48
246
135
205
138
215
175
72
216
129
43
225
63
202
154
227
102
184
109
146
36
243
15
172
167
104
99
31
179
107
211
43
179
55
243
180
124
218
83
125
234
246
243
92
40
123
218
22
255
61
201
204
82
5
220
7
148
105
144
241
48
61
92
117
32
170
134
221
138
223
166
84
220
131
59
211
61
206
142
247
83
187
45
194
36
251
15
172
231
114
107
87
179
123
215
59
146
51
247
52
125
218
91
93
250
247
115
124
40
125
159
22
253
63
217
237
18
5
220
7
184
105
17
243
48
63
92
113
32
250
221
177
247
52
92
98
127
126
225
13
209
241
111
235
150
89
251
237
119
103
227
111
98
183
206
255
247
255
123
46
98
237
215
111
181
191
12
52
125
125
109
72
187
107
237
121
253
238
248
182
88
211
224
190
28
69
236
190
19
155
184
215
181
250
221
253
223
119
49
99
252
254
217
155
253
251
238
231
194
234
235
213
63
111
15
175
231
62
111
207
179
59
211
15
50
58
242
39
60
251
82
125
249
245
114
110
185
127
255
30
221
62
153
172
94
133
248
31
148
73
208
242
49
255
92
86
33
186
23
166
209
170
16
212
133
13
195
196
37
240
17
51
147
82
235
198
32
97
1
1
198
65
221
213
157
105
34
168
18
9
149
4
85
154
0
88
233
92
36
25
56
161
149
20
117
44
155
172
169
13
178
17
180
73
32
242
16
189
88
87
100
250
177
222
116
71
253
252
179
249
190
93
254
127
175
127
200
180
243
247
223
32
245
2
191
116
123
126
125
59
254
27
235
255
253
109
93
246
215
51
237
252
223
92
26
150
200
35
252
101
169
53
93
9
248
15
142
73
50
244
54
172
218
23
38
252
240
204
147
219
8
79
195
165
219
244
62
141
17
178
95
174
239
214
184
43
156
137
254
128
249
193
29
42
161
219
27
111
165
135
97
112
149
195
238
106
179
29
229
183
61
158
125
160
151
136
239
189
149
79
181
234
229
232
104
105
211
69
27
255
187
245
253
92
55
55
93
122
247
167
189
250
239
237
52
95
181
245
102
243
183
118
81
231
212
119
247
123
123
61
197
227
219
124
134
190
218
56
242
255
126
203
127
173
181
113
149
111
186
190
152
75
112
25
220
85
56
179
243
159
187
243
238
219
252
58
119
245
248
191
167
249
237
253
250
123
223
115
217
230
242
221
239
107
253
237
142
254
221
238
165
191
252
220
57
223
243
103
116
186
84
250
245
244
254
93
251
182
193
166
217
71
138
173
157
137
242
31
159
93
68
254
83
253
90
86
33
252
43
221
252
62
55
59
93
26
247
46
173
234
175
74
100
95
255
247
38
211
247
118
81
127
197
247
243
127
91
127
253
225
223
60
215
190
218
120
248
117
122
223
126
105
247
117
247
111
184
190
24
7
226
29
220
85
56
179
247
191
185
219
172
90
254
217
254
254
119
127
95
127
191
125
255
249
63
251
254
255
243
213
126
111
55
255
227
55
111
239
167
63
255
125
126
233
215
101
54
251
194
119
241
245
242
223
125
63
219
30
245
110
157
165
94
5
232
63
151
77
152
246
57
191
93
30
34
249
92
42
253
193
250
253
166
117
249
189
222
85
221
117
187
224
217
201
219
42
253
113
110
249
237
111
28
246
108
199
63
206
223
90
199
172
124
243
253
52
124
53
223
54
197
167
247
99
191
252
141
111
243
253
26
93
110
222
23
173
203
27
101
254
253
45
223
247
251
227
251
252
220
253
95
117
179
222
225
228
227
213
21
103
205
47
167
55
110
206
162
15
210
11
63
127
243
37
21
186
82
115
201
244
80
92
24
46
201
6
233
111
153
44
26
5
248
29
156
73
16
242
51
189
88
22
34
248
237
222
110
205
255
255
183
249
189
93
236
235
223
121
252
237
161
253
255
109
252
87
186
248
115
127
29
54
253
87
127
183
254
97
222
89
214
243
253
191
255
31
106
191
221
239
254
49
172
221
148
45
223
231
143
239
122
220
244
12
215
223
62
189
45
254
109
203
190
253
167
113
61
255
46
251
157
59
253
237
203
245
237
43
253
116
218
249
121
245
25
55
125
91
127
255
215
192
223
2
118
249
253
54
117
93
106
55
85
150
124
51
159
221
156
45
254
133
142
125
62
214
190
173
211
223
108
254
141
250
77
233
252
185
231
208
57
31
172
203
206
89
236
201
139
253
189
105
237
85
42
248
103
127
27
182
253
71
51
151
223
195
222
73
115
245
253
51
119
254
106
61
213
143
254
145
140
221
28
52
205
229
207
175
86
220
182
143
212
219
117
191
251
215
124
126
63
179
95
24
247
183
189
234
174
88
38
95
245
247
38
251
254
119
243
126
196
255
243
127
123
125
245
99
223
60
150
190
218
120
240
247
126
95
127
47
245
117
213
111
152
190
24
7
242
189
220
69
56
179
179
159
249
215
164
250
179
190
84
39
221
206
131
8
254
85
14
103
174
127
232
181
246
163
5
177
245
34
57
116
241
254
125
111
254
26
195
119
151
108
71
150
115
26
233
252
205
84
24
167
193
99
244
109
185
188
152
9
240
5
152
65
50
242
54
188
90
87
36
216
210
250
211
127
248
242
238
204
219
185
248
255
231
213
199
186
251
133
191
95
207
173
111
221
199
207
255
175
207
175
35
254
183
175
103
127
124
189
253
246
107
92
163
255
223
219
189
179
248
239
12
243
245
247
188
235
68
252
151
159
252
87
241
126
243
241
223
127
255
162
223
152
251
57
253
251
238
239
134
89
247
231
62
183
239
239
163
126
230
255
251
255
255
61
231
191
191
239
156
247
255
53
247
247
127
206
171
251
253
25
223
31
236
247
25
227
252
182
92
239
126
191
247
155
190
247
181
28
217
205
223
95
35
75
252
239
185
185
111
221
30
244
238
234
235
144
61
107
142
171
228
58
125
223
183
58
67
131
55
126
243
39
101
251
82
119
249
252
115
220
184
63
255
22
253
110
137
173
94
5
248
31
149
73
144
242
51
189
92
87
33
250
8
136
132
138
8
201
164
55
25
184
110
205
16
52
63
168
141
8
225
129
212
33
71
195
89
125
149
162
105
198
147
194
221
48
67
32
61
72
232
104
120
29
54
39
213
117
183
111
185
172
137
13
242
29
24
73
62
243
23
177
18
83
100
202
95
205
218
254
34
14
92
7
51
230
61
152
30
230
172
222
171
18
32
99
134
125
192
35
93
199
162
29
67
169
28
105
147
54
117
186
130
110
242
126
50
255
189
105
183
22
229
111
217
172
58
71
112
29
189
77
25
243
123
251
89
116
163
251
179
214
124
107
253
184
135
24
191
85
172
251
174
123
196
93
251
183
189
61
241
98
185
116
100
255
89
63
255
27
195
53
158
109
152
214
226
25
61
189
119
223
58
183
213
81
252
5
160
183
145
40
248
166
202
109
56
244
182
143
146
223
172
91
32
206
76
139
173
217
134
17
121
81
44
201
172
53
109
137
203
213
161
168
196
112
91
244
97
85
17
54
127
75
19
70
159
192
219
16
118
217
249
50
117
29
106
39
85
212
244
99
185
253
137
12
244
5
218
77
62
194
190
173
210
91
100
222
141
202
206
221
184
121
248
246
57
249
110
223
82
180
235
234
171
220
189
107
76
136
238
184
111
95
19
162
221
71
51
127
241
99
125
251
86
247
253
180
243
124
120
62
255
134
126
240
141
173
126
181
217
95
133
76
144
220
41
173
93
31
35
190
123
254
254
111
255
255
251
248
255
255
246
255
189
122
239
252
226
213
59
110
229
39
143
125
111
235
237
47
223
91
127
127
247
37
93
255
86
115
237
244
251
94
90
30
209
150
249
127
157
173
30
5
248
29
159
73
16
246
59
189
88
87
34
249
220
249
155
125
249
235
251
238
216
187
239
255
243
196
207
248
243
137
251
87
239
175
111
223
231
239
255
175
195
199
231
254
255
143
77
127
23
191
239
254
251
124
241
126
255
127
191
179
253
238
26
247
249
255
93
227
85
252
189
171
188
118
243
220
183
254
85
239
253
184
183
216
57
93
236
251
175
59
204
221
227
247
189
109
100
68
168
120
111
221
121
59
255
11
99
63
148
229
220
211
119
243
189
181
247
222
58
183
221
131
252
149
200
181
87
180
232
167
143
109
112
220
180
142
212
95
54
157
61
182
117
10
223
253
167
125
253
92
206
117
125
63
189
197
219
60
227
48
245
115
91
244
241
125
93
182
108
215
95
206
205
72
203
52
189
144
249
44
125
21
118
167
85
113
183
107
190
252
137
8
246
13
88
85
46
150
214
161
179
219
108
94
133
206
76
201
252
126
254
145
57
255
46
203
138
117
124
173
129
237
189
171
212
96
60
250
97
95
19
118
253
71
59
87
243
210
219
97
115
211
252
161
247
190
106
183
245
214
246
115
136
217
62
37
221
229
139
140
151
205
110
175
214
123
15
185
223
249
155
125
118
243
255
254
219
175
253
186
231
192
131
122
191
199
58
87
46
255
198
207
175
247
255
255
67
43
118
186
255
31
141
239
158
61
254
115
58
106
247
105
183
125
149
63
255
174
59
247
249
253
124
243
213
191
121
251
189
181
241
246
201
206
2
105
232
248
174
209
120
187
42
75
192
68
235
137
203
201
185
66
204
37
15
216
71
93
59
166
197
7
51
22
87
131
221
41
113
245
237
34
97
116
106
63
85
205
254
177
156
221
28
117
213
247
140
235
151
200
131
165
84
115
81
182
155
218
90
231
255
249
219
152
122
89
150
125
174
90
236
249
230
247
157
27
196
57
175
120
103
138
98
63
255
107
125
127
191
231
220
210
119
115
249
245
211
223
74
94
209
7
217
87
140
191
94
5
252
165
159
105
16
178
182
175
216
95
166
221
251
245
125
94
63
181
95
24
247
119
173
234
239
121
36
95
246
247
118
251
250
119
83
246
196
127
247
126
123
125
245
227
219
124
150
190
218
121
240
255
126
203
123
175
241
113
213
79
184
190
24
15
120
184
222
69
56
183
115
159
250
215
174
251
203
223
110
253
247
127
223
152
47
215
169
202
143
253
100
253
165
245
60
127
46
252
176
122
103
247
187
127
255
59
126
53
210
247
254
91
194
125
254
183
119
254
234
125
159
26
252
177
196
147
22
117
73
247
167
174
209
220
112
31
213
253
151
187
216
201
158
221
98
71
124
247
31
252
125
141
30
252
127
238
173
222
120
111
14
141
228
51
107
79
162
92
209
67
62
57
240
55
53
249
86
119
214
245
82
255
189
126
254
158
237
254
205
161
126
149
217
126
148
207
209
254
105
127
93
100
3
177
149
250
87
229
248
120
237
194
121
221
106
223
206
117
206
185
227
205
189
111
68
204
172
120
111
223
59
179
255
15
50
63
112
231
125
219
116
247
253
180
119
212
58
127
79
138
124
177
201
181
118
180
201
183
143
109
216
220
33
46
92
71
49
180
157
254
119
237
249
122
227
218
121
93
238
251
238
123
206
249
227
205
189
109
100
204
168
120
111
223
59
179
255
11
106
63
176
231
124
219
118
247
253
180
215
222
58
87
217
131
124
213
201
181
118
180
201
167
143
109
208
220
32
46
220
95
55
189
124
59
247
245
122
191
127
123
253
252
82
51
223
255
249
198
250
213
249
111
255
237
194
251
79
254
182
159
126
201
61
255
83
103
116
187
86
254
245
84
245
85
251
62
239
142
201
79
141
165
29
133
242
63
159
77
72
254
115
255
73
7
33
254
210
204
146
223
233
202
210
165
27
225
63
141
16
118
79
188
239
146
56
10
142
169
239
8
123
207
25
110
135
163
155
127
165
183
113
81
55
195
238
34
163
60
225
115
45
158
125
176
197
192
127
181
149
71
176
234
193
73
168
105
84
101
19
252
112
137
147
203
200
206
226
165
75
197
95
156
17
118
223
184
255
66
184
38
14
169
239
0
251
193
28
44
167
170
26
14
133
135
97
80
37
195
238
42
163
61
165
112
61
158
125
164
215
8
239
248
151
71
48
235
193
108
72
105
80
77
83
254
13
138
109
168
216
90
167
68
41
20
142
12
88
61
255
225
139
124
35
96
196
81
142
112
79
213
29
37
189
14
27
75
149
70
209
138
80
112
109
32
36
53
56
37
85
148
116
224
26
44
141
12
211
29
128
8
56
228
35
173
72
215
100
218
185
215
92
71
255
241
211
60
63
21
212
253
174
127
164
125
230
183
158
187
245
123
187
119
98
42
96
30
255
95
207
103
255
110
157
214
215
83
251
253
223
221
203
22
208
97
251
111
189
255
31
13
252
165
218
77
58
247
246
143
242
255
167
221
250
53
251
247
55
247
219
187
215
251
253
254
255
202
49
127
182
215
118
219
191
127
247
127
181
227
231
127
82
255
255
250
239
188
135
255
222
125
250
247
90
205
247
108
179
117
177
127
191
174
154
79
250
189
252
81
16
179
255
255
187
190
232
255
141
218
206
233
253
121
229
218
189
157
172
235
143
255
238
237
235
253
189
107
100
198
188
120
103
223
25
51
253
67
50
183
246
99
223
250
83
117
253
180
119
94
58
63
221
215
124
241
137
189
30
5
217
191
143
77
16
244
33
159
92
87
38
187
133
206
2
201
232
82
170
145
56
251
42
207
130
86
107
169
9
169
172
139
197
161
62
216
65
87
27
98
133
6
131
87
255
146
91
33
113
208
238
32
97
60
42
54
181
198
247
113
24
201
60
101
213
79
200
202
23
201
150
5
68
115
65
58
28
205
124
220
34
221
92
97
15
96
63
156
156
116
124
254
245
147
64
235
151
116
192
243
217
70
225
94
97
191
159
104
159
52
65
174
194
90
234
122
50
159
57
39
244
22
245
111
155
174
137
15
240
29
155
73
16
243
59
189
88
83
34
218
248
221
254
223
102
127
220
183
63
221
125
203
30
253
127
238
189
222
124
239
30
221
228
178
123
127
183
120
253
83
254
59
250
119
49
249
215
119
250
241
114
255
185
63
191
190
221
252
207
137
119
215
217
127
151
206
209
253
105
95
85
124
131
187
70
201
152
254
32
202
84
7
3
160
45
136
18
246
172
186
171
146
32
107
134
45
192
3
93
199
131
47
67
169
21
96
151
54
97
186
66
88
242
126
114
191
185
97
181
22
245
111
153
172
41
71
240
29
184
73
17
243
115
191
88
118
163
250
74
1
206
223
103
243
94
182
53
186
125
133
30
228
51
106
229
221
57
111
142
253
230
59
106
206
162
28
89
65
60
59
115
39
53
249
83
125
86
244
82
233
252
110
223
140
69
254
29
168
94
5
233
24
156
205
217
246
59
159
93
38
3
178
251
223
111
254
127
127
93
155
127
127
185
250
63
249
116
223
255
247
60
251
30
252
177
59
119
223
243
59
255
123
126
125
210
231
254
251
234
125
243
247
118
222
106
125
223
30
245
63
197
181
86
5
104
183
183
109
152
246
113
63
95
93
186
187
126
249
219
254
54
54
93
143
215
190
125
184
127
194
181
91
185
215
122
219
143
255
197
31
173
215
247
255
83
249
244
250
195
190
182
255
255
125
242
119
122
234
243
125
183
212
21
127
255
171
62
195
236
57
252
84
213
243
123
223
125
245
249
183
57
156
124
199
255
253
211
48
255
85
222
117
189
127
248
228
255
179
95
178
245
123
155
246
251
126
68
126
252
223
223
231
223
111
67
214
215
83
251
28
93
149
207
182
197
227
255
103
173
119
143
13
254
141
154
93
58
87
254
175
242
175
172
220
54
251
83
255
186
156
223
169
219
251
123
251
157
99
217
216
243
199
168
43
206
45
198
123
205
207
227
255
15
104
53
127
247
165
124
179
127
120
251
244
231
94
233
111
247
150
221
127
153
172
24
71
246
21
157
105
4
242
19
189
88
71
33
246
120
221
238
223
103
255
255
183
61
254
126
157
31
252
125
238
247
213
121
111
222
61
198
59
121
202
162
20
93
81
60
255
243
39
61
241
215
127
214
245
242
255
251
126
223
158
193
127
157
169
94
133
249
61
159
205
209
254
123
255
91
46
3
179
143
206
14
205
239
217
218
176
61
253
62
205
154
124
109
173
141
218
188
170
196
58
172
120
107
87
11
118
253
67
159
119
241
241
89
97
119
195
254
160
243
63
106
62
220
150
250
113
141
217
94
5
157
239
137
202
147
197
174
52
213
105
2
189
123
62
247
247
255
231
251
121
222
253
210
119
237
94
249
85
250
245
219
122
253
127
155
127
190
254
126
191
126
91
127
255
71
239
191
191
246
127
253
117
93
69
215
254
79
161
233
247
174
53
153
137
234
190
158
85
104
182
255
219
223
143
60
182
122
60
123
119
255
231
223
57
222
251
223
55
237
78
217
116
255
215
90
214
255
47
147
223
255
126
254
223
82
255
239
254
75
45
143
255
222
63
233
87
88
220
211
174
199
233
175
63
191
174
155
139
248
189
156
81
80
179
255
251
250
7
168
182
123
213
254
254
63
163
93
26
55
254
185
251
174
206
36
95
253
247
112
147
247
127
209
127
34
127
243
127
91
125
245
231
207
111
190
183
243
124
242
117
112
207
255
111
223
85
247
111
156
246
24
13
226
184
220
69
59
183
247
159
187
255
173
66
186
222
116
198
254
255
147
17
255
85
46
79
191
127
124
245
246
247
207
177
244
102
49
116
241
254
109
126
254
219
219
247
151
108
66
180
251
26
249
252
223
29
26
167
209
114
244
111
169
181
137
9
248
13
155
73
54
246
54
188
82
95
46
216
235
220
236
252
238
255
95
21
189
127
125
200
159
125
118
253
245
253
127
255
254
123
242
59
125
239
175
254
127
117
125
239
199
253
214
121
203
115
240
251
94
223
124
253
209
95
247
79
157
172
30
13
224
125
159
93
25
246
115
191
219
222
58
249
141
223
95
233
252
120
237
218
57
223
104
219
78
217
238
233
235
252
189
107
100
140
172
58
111
223
51
35
223
75
50
127
240
99
124
251
114
247
253
180
243
126
58
63
222
134
124
240
201
189
118
53
201
183
143
76
144
252
33
15
92
87
35
185
250
204
155
203
234
223
210
165
31
245
126
140
21
118
123
252
255
210
248
46
158
249
238
40
251
197
29
110
175
243
159
62
165
199
81
81
247
195
254
66
179
21
229
116
29
142
125
176
223
73
231
253
159
71
161
255
193
76
104
105
87
45
27
244
20
217
24
156
35
217
84
34
11
160
31
156
144
84
109
250
253
146
32
211
135
52
192
195
201
87
225
108
65
174
215
105
159
52
81
142
66
90
234
122
50
157
53
39
244
22
181
111
155
174
137
7
240
29
216
65
48
243
59
185
88
83
38
202
3
207
76
95
35
216
222
1
43
131
47
202
188
51
108
155
173
147
60
255
143
117
67
97
101
215
241
125
39
46
134
32
150
52
113
154
74
89
234
112
112
222
56
45
183
92
117
47
145
171
48
7
248
29
251
78
16
243
50
253
89
83
32
250
122
58
125
215
254
191
219
121
222
63
247
121
253
113
216
208
246
215
126
251
253
127
195
253
173
58
239
255
126
253
245
238
95
109
108
191
222
123
249
119
253
221
243
15
227
175
251
95
191
183
159
195
232
189
159
93
68
247
187
251
251
31
32
255
88
201
158
223
32
79
240
231
31
252
126
157
23
244
91
174
255
211
249
111
150
45
228
51
121
95
183
46
105
195
62
127
247
39
113
240
87
126
254
124
243
125
185
102
191
22
117
238
157
168
127
149
248
29
157
76
81
250
123
249
89
103
1
254
181
254
117
69
253
248
167
120
251
29
238
123
238
127
204
145
235
231
191
44
117
78
136
244
231
255
89
247
190
10
195
61
158
65
221
150
52
145
253
53
109
148
187
183
237
163
252
229
162
183
109
186
248
231
203
239
110
156
150
111
242
199
181
94
195
140
130
159
201
74
214
133
31
225
47
207
146
111
75
188
45
27
48
130
206
171
239
40
115
71
24
98
145
163
131
87
181
179
113
65
51
195
238
42
97
60
40
226
141
26
255
33
217
200
91
37
149
71
176
234
83
73
160
33
4
97
145
206
154
221
26
239
35
80
220
129
27
219
61
218
62
54
100
250
237
146
36
219
7
160
229
58
109
95
243
123
87
47
183
115
240
52
61
218
83
121
232
247
114
94
57
61
182
22
246
60
137
171
86
5
248
7
180
73
144
243
49
253
93
115
32
186
141
206
198
69
171
121
245
254
25
253
110
223
146
188
235
232
171
220
189
107
76
140
238
56
111
255
19
34
221
67
51
95
117
35
125
251
86
247
237
180
241
116
120
62
207
134
125
241
141
173
126
181
217
31
141
72
144
216
33
173
77
31
33
190
154
200
26
175
35
88
152
133
31
226
61
184
48
58
111
254
255
146
32
219
13
178
231
48
117
149
241
107
67
171
151
115
181
164
69
218
83
89
232
122
178
95
117
57
150
22
244
44
155
170
30
5
244
29
241
89
16
243
57
124
89
83
34
219
56
251
28
206
42
217
154
33
79
80
127
222
253
118
125
240
247
147
64
242
213
112
129
210
249
86
225
252
102
238
223
224
159
20
67
158
219
90
232
120
114
29
117
39
244
150
247
111
155
174
137
15
242
29
218
89
16
243
51
189
120
91
104
218
60
251
255
220
106
95
209
55
255
52
61
220
95
117
127
232
245
242
106
170
215
117
119
247
251
102
164
222
109
223
223
234
247
88
67
172
222
82
250
248
222
29
205
38
244
246
245
111
191
172
143
75
242
29
26
93
63
247
90
189
251
251
111
249
219
217
223
125
55
115
252
254
153
187
253
220
30
212
199
250
171
212
61
111
14
174
228
59
109
223
179
59
87
43
54
58
242
38
52
251
82
125
251
245
82
126
185
126
254
30
209
126
153
173
86
133
248
31
148
77
145
242
57
255
93
86
35
187
216
201
142
221
98
79
220
183
31
221
127
207
30
244
123
234
173
222
124
111
14
141
228
51
107
79
183
122
213
67
62
63
242
55
112
249
87
119
222
244
211
255
253
62
239
142
205
238
205
137
94
149
217
127
149
207
209
252
41
127
93
44
3
184
88
201
223
223
32
95
249
231
95
252
127
157
31
241
219
234
255
211
248
47
150
125
228
179
249
255
183
126
109
195
30
251
247
86
113
240
87
90
250
124
246
125
185
38
191
150
81
110
159
168
191
215
240
29
157
76
77
254
123
249
89
87
33
255
192
14
146
177
200
200
162
193
41
251
194
79
210
229
203
160
239
9
173
70
204
141
15
216
83
95
59
230
128
134
163
22
95
131
89
49
17
237
236
98
101
116
56
183
109
13
255
177
140
200
56
117
215
255
8
235
71
253
149
165
4
99
145
34
126
253
127
255
255
187
255
249
255
251
252
191
189
254
237
253
226
213
29
110
205
47
131
127
111
206
234
15
95
75
63
127
243
39
85
251
82
123
237
244
210
222
90
62
213
151
197
127
157
173
26
5
248
29
157
73
16
242
59
189
88
86
34
185
251
252
125
174
255
191
223
25
123
127
252
251
174
127
228
221
247
247
61
241
245
117
179
124
229
255
249
255
127
123
253
239
215
100
220
255
251
123
249
245
86
222
122
175
213
23
247
79
153
188
24
13
248
189
159
77
24
182
119
191
90
87
46
251
222
248
155
255
55
115
124
158
83
171
249
248
103
134
166
91
253
223
56
223
171
149
103
31
133
223
251
239
83
119
230
226
141
156
191
231
255
125
232
115
104
203
247
121
183
29
55
63
222
250
62
215
230
245
116
244
214
179
149
219
189
251
220
70
173
222
110
107
255
125
245
250
189
221
126
251
31
251
238
237
227
252
63
107
116
222
172
118
111
255
21
51
255
83
126
127
240
103
220
250
87
119
253
188
251
223
122
63
216
183
92
229
141
189
94
133
216
191
143
77
48
244
35
190
223
223
38
185
140
202
238
237
191
125
253
254
189
221
238
219
31
189
255
237
171
220
253
107
116
202
172
56
111
255
51
51
253
67
58
255
244
99
125
251
86
247
253
180
247
126
122
62
222
135
92
240
141
189
126
181
217
159
143
76
144
244
41
143
95
79
35
190
173
206
108
73
249
189
167
209
189
95
174
203
207
61
252
237
131
253
255
41
253
86
26
248
119
125
29
54
252
95
123
151
222
193
222
11
208
249
189
190
127
31
106
183
245
234
252
145
172
221
20
60
223
229
143
46
58
220
242
172
210
223
44
188
41
206
109
203
184
253
167
81
61
213
46
203
157
61
253
205
139
245
237
40
220
116
154
120
109
245
29
54
126
75
27
31
151
192
219
0
116
217
253
50
117
61
106
53
85
148
124
51
186
221
137
44
215
133
139
60
62
198
182
173
210
223
108
222
221
252
255
125
248
251
250
254
249
187
204
191
230
245
207
250
235
141
187
78
239
173
79
159
231
110
250
255
207
71
235
254
255
135
37
127
87
191
253
118
250
254
219
118
255
255
171
179
253
207
110
247
253
255
156
235
215
252
253
175
252
103
211
247
124
237
239
221
34
95
253
247
93
254
253
156
95
244
127
238
153
216
123
107
54
249
244
187
125
111
167
184
65
215
62
251
233
52
119
250
218
119
248
252
178
127
245
62
246
182
213
110
159
172
222
207
250
29
149
92
145
242
123
253
95
94
106
243
251
253
255
127
255
187
223
152
251
185
253
251
238
247
230
217
247
215
62
255
239
253
107
125
231
207
251
255
255
125
239
46
255
239
188
255
255
253
247
247
127
223
235
127
223
31
223
23
237
247
94
231
108
183
255
239
92
191
253
223
253
125
183
220
186
220
126
175
47
85
216
165
95
246
127
220
61
62
121
254
253
146
84
251
149
208
181
56
189
213
225
91
103
251
223
251
160
244
21
222
222
115
232
254
18
221
101
60
150
150
244
44
159
239
215
15
252
29
180
93
144
243
41
252
91
26
42
190
217
205
155
95
35
75
252
239
153
185
255
221
50
212
203
234
235
144
61
75
6
171
228
146
121
223
179
42
65
139
54
126
235
37
101
250
86
127
233
252
115
92
177
63
255
54
189
110
137
172
127
133
248
31
149
65
144
242
57
253
93
23
33
254
174
238
233
171
186
93
135
133
237
84
62
188
57
62
255
252
219
240
33
96
77
243
255
52
93
197
21
41
231
218
31
169
133
44
71
218
114
83
233
124
34
93
112
53
84
214
245
36
153
172
159
12
210
21
151
121
48
224
41
60
90
223
42
250
126
245
255
255
55
183
221
91
247
250
185
184
127
202
181
95
191
246
98
251
191
126
85
63
213
247
231
127
91
253
253
242
235
62
135
190
218
124
242
119
122
107
247
109
182
117
149
111
191
174
152
79
250
25
252
93
145
179
255
223
123
250
235
179
93
185
255
125
251
171
117
254
249
57
222
191
254
247
239
250
227
221
187
110
239
253
203
255
175
206
242
183
254
77
254
238
223
199
53
255
55
255
245
117
223
255
223
118
109
167
111
243
239
119
111
246
251
191
159
109
94
252
255
235
221
46
183
214
120
187
247
223
122
247
251
255
223
252
82
157
93
254
217
236
246
215
217
42
246
125
198
255
187
234
166
150
109
217
125
255
231
99
127
181
215
254
219
125
215
127
215
14
253
166
193
111
191
45
157
219
242
29
157
93
69
254
123
251
219
79
43
245
69
14
100
168
201
110
35
84
45
116
134
5
77
61
221
133
203
108
139
96
244
195
156
48
95
253
29
4
253
6
11
199
145
67
83
170
16
178
237
44
181
20
24
151
69
194
100
224
137
37
221
40
209
95
139
9
56
204
43
173
200
71
36
250
141
250
77
105
252
249
167
88
121
29
172
203
206
125
236
137
139
237
191
44
228
69
10
248
103
125
25
182
253
71
35
23
223
193
219
73
112
241
253
49
119
190
106
55
85
209
254
177
172
213
12
52
201
231
143
46
62
204
150
143
212
223
116
186
41
174
101
10
219
237
167
125
253
92
142
105
253
61
253
197
155
52
227
48
240
67
27
245
113
125
29
182
60
210
91
199
205
104
75
52
181
144
253
44
125
21
126
167
69
241
254
97
184
244
201
8
247
13
152
20
46
134
198
165
162
207
44
90
41
206
101
139
233
253
167
88
61
85
14
207
157
61
253
165
139
117
233
40
244
96
154
112
121
253
25
54
62
82
27
15
151
225
91
16
116
219
253
44
101
61
106
183
85
146
252
33
168
149
137
44
151
133
139
44
62
198
54
173
194
79
36
218
3
206
68
138
237
216
134
21
121
80
14
205
168
53
77
161
139
69
161
160
196
65
139
112
105
221
25
52
63
66
11
71
149
224
89
16
117
210
233
32
101
29
42
167
85
148
244
97
184
252
137
12
181
5
154
9
54
194
62
165
82
79
36
218
155
217
207
125
55
241
248
254
153
187
125
156
30
212
237
234
171
220
61
107
142
186
228
59
109
207
167
59
87
99
62
122
242
52
53
250
83
119
248
245
242
254
249
126
254
150
209
126
155
173
86
133
248
29
149
77
145
242
59
255
93
86
35
187
0
136
132
136
8
75
132
55
25
24
14
205
16
52
63
168
137
8
224
128
212
1
103
129
89
117
157
32
41
198
19
66
221
48
67
160
61
64
232
40
112
29
54
39
213
116
183
104
185
172
137
13
242
29
24
9
62
227
23
177
26
83
100
202
59
254
125
111
255
255
219
121
255
127
254
253
191
127
252
253
247
215
31
122
245
111
139
125
239
222
111
63
255
91
253
110
215
109
93
191
86
115
253
244
219
222
90
31
213
150
253
87
157
173
30
5
248
29
159
73
16
246
59
189
90
95
34
249
5
78
23
73
40
255
166
113
41
252
10
7
192
53
233
163
207
233
169
104
244
68
24
209
201
125
29
230
44
6
59
87
217
83
113
32
81
218
237
32
101
20
58
183
101
226
126
225
136
73
44
60
215
93
139
12
7
204
3
133
66
67
69
122
251
210
93
255
255
185
223
24
123
63
125
249
174
95
100
89
247
247
61
251
236
101
163
127
237
254
225
127
127
25
249
107
215
108
212
190
91
121
249
245
82
222
58
47
213
17
213
79
153
189
24
5
248
189
159
73
16
246
51
159
88
87
38
251
251
215
92
127
255
177
95
56
243
183
253
250
174
95
36
91
245
247
62
251
234
103
195
118
192
255
225
127
127
57
237
107
223
108
148
190
91
121
240
245
126
90
59
47
213
113
213
79
152
191
24
7
240
189
158
77
48
183
51
159
248
215
38
251
251
148
254
247
255
181
219
248
255
255
212
127
191
250
179
93
254
247
91
122
253
127
211
125
174
186
242
63
254
121
253
239
87
237
158
255
246
127
241
117
208
207
95
30
211
133
201
95
157
189
30
5
232
188
159
77
152
246
123
159
223
159
46
183
30
217
24
156
35
153
94
32
11
32
61
152
148
84
108
122
245
147
32
209
207
52
193
211
201
87
225
124
65
174
221
105
154
52
81
174
202
88
232
121
114
159
53
39
245
22
181
111
147
174
137
7
240
29
219
65
16
243
51
189
120
83
96
218
251
215
124
95
255
181
95
56
243
117
181
232
174
123
36
95
246
247
62
251
248
115
243
247
224
123
229
126
127
89
245
99
223
108
148
190
218
121
241
253
126
219
122
47
209
113
245
79
157
175
28
13
240
189
158
77
56
246
115
159
250
215
46
251
123
213
254
95
55
181
223
185
255
247
181
250
255
88
55
95
180
247
122
219
191
119
211
119
245
227
231
127
83
125
253
187
239
60
150
190
218
121
250
253
122
95
119
175
243
113
145
111
189
174
152
15
240
189
220
81
48
179
115
159
251
223
174
251
30
237
219
254
34
134
92
7
51
234
61
152
30
226
173
90
171
18
32
107
135
125
194
35
221
131
163
125
67
169
60
106
151
150
37
186
178
124
242
124
50
238
189
105
182
20
213
111
219
168
58
71
112
29
61
76
25
243
123
251
89
118
163
243
6
225
155
126
0
128
92
7
67
162
45
152
18
230
164
90
171
18
32
67
135
60
64
3
221
199
163
109
67
168
28
104
147
150
37
186
34
104
242
124
98
250
189
105
182
20
181
111
217
174
56
71
240
25
60
72
17
243
115
251
25
118
227
235
71
229
155
126
0
130
92
7
19
170
41
136
18
230
165
90
171
18
32
67
134
61
64
11
93
199
163
45
67
168
52
98
151
150
37
186
50
108
242
124
98
106
188
105
183
20
181
111
217
172
56
71
224
25
60
72
17
243
123
191
89
116
163
227
58
200
74
171
35
91
218
141
63
194
191
188
60
62
109
252
253
146
20
218
133
114
165
50
117
213
233
25
87
251
191
115
176
164
87
218
83
115
233
250
178
95
125
44
212
151
242
108
159
175
22
5
248
21
245
89
144
243
43
188
89
90
34
145
251
213
126
247
255
181
223
57
255
255
213
254
191
126
52
95
252
247
94
255
255
127
243
127
181
254
246
127
126
253
253
187
207
124
150
255
218
121
248
253
88
207
247
174
243
125
197
63
191
174
154
15
250
189
220
85
56
247
255
159
251
159
174
251
67
205
154
126
34
18
92
7
19
234
41
136
18
226
39
90
239
146
48
43
134
189
68
11
93
195
163
15
67
105
52
98
247
166
52
187
114
124
242
112
114
106
172
105
183
20
209
111
217
168
58
69
176
25
188
75
145
242
123
191
89
116
179
243
250
56
127
117
254
179
223
224
223
191
255
115
255
117
219
240
247
215
94
251
239
107
231
254
237
239
231
255
110
237
253
254
119
237
108
255
126
59
249
223
221
92
249
126
231
38
219
127
191
175
31
199
248
29
157
77
76
247
59
249
248
31
32
252
182
246
117
119
248
220
255
229
251
189
123
249
223
119
212
240
247
199
30
107
231
107
166
126
253
207
231
255
111
187
253
254
247
237
108
159
254
51
249
254
95
94
185
238
247
18
221
95
171
173
93
67
240
21
157
109
204
246
51
249
120
87
50
188
182
251
119
247
248
156
223
97
207
191
123
217
223
103
216
240
247
199
46
107
198
105
230
127
221
207
231
255
111
185
249
254
247
253
76
191
254
58
251
246
103
94
185
239
247
22
221
127
155
172
25
67
240
21
157
109
76
246
19
249
120
87
32
254
42
200
8
171
43
88
146
141
79
226
189
172
48
62
109
254
203
146
33
210
133
50
237
54
117
213
241
41
67
171
135
115
185
164
71
218
83
82
233
122
50
95
116
41
84
151
244
108
155
174
22
5
252
29
240
89
144
242
169
188
24
83
34
219
58
200
72
175
35
91
218
141
63
194
253
252
60
62
109
252
253
146
20
218
133
114
165
50
117
213
233
89
87
255
191
243
176
164
31
218
115
115
233
254
178
223
125
40
214
151
246
108
159
175
86
5
248
21
245
89
144
243
43
188
89
26
34
177
42
198
105
171
139
92
131
141
237
98
172
172
57
126
239
228
203
48
1
80
76
242
191
52
85
197
17
33
227
218
27
74
165
174
71
186
114
82
233
126
34
93
92
57
84
214
244
32
153
44
158
12
146
29
196
121
16
224
41
188
88
87
42
216
191
247
117
111
252
180
255
241
251
221
121
217
207
123
148
92
247
199
62
107
247
105
166
126
252
239
231
255
127
57
245
255
247
237
60
159
254
185
249
255
127
78
187
255
241
144
221
95
171
189
29
75
240
180
159
109
68
246
115
207
250
95
49
253
22
251
83
247
254
152
223
41
207
251
123
249
239
82
216
208
247
199
44
43
198
45
226
91
205
207
227
127
6
168
53
254
247
181
124
159
126
120
251
247
227
94
161
111
247
22
221
127
154
175
25
195
242
21
157
105
68
242
18
251
88
87
33
254
187
245
247
255
63
165
221
61
119
253
213
251
191
107
166
95
246
247
116
59
255
125
243
127
252
234
226
63
123
121
253
239
223
231
188
182
254
125
242
245
87
111
239
239
251
21
217
95
156
190
25
207
246
188
157
77
61
183
247
219
187
127
175
255
5
14
101
168
200
78
167
76
169
116
138
5
81
61
251
161
203
124
131
96
196
1
30
48
77
221
28
1
185
6
27
79
149
70
83
186
16
242
109
4
37
53
24
39
69
198
116
224
152
36
92
4
147
31
132
8
8
224
3
164
72
71
32
120
187
215
246
223
63
167
221
58
119
253
253
251
174
255
166
95
247
247
96
187
247
125
211
127
96
126
243
63
126
125
253
239
223
103
188
178
247
124
242
117
117
107
255
111
255
21
223
79
156
254
24
205
242
184
156
77
59
183
247
223
219
255
173
254
58
215
246
255
191
177
223
57
119
249
253
251
175
95
165
93
247
215
40
59
215
125
195
123
228
207
227
63
126
121
245
127
255
231
188
178
246
121
250
245
119
79
235
127
246
133
221
95
156
191
29
71
246
176
222
109
17
247
246
223
91
127
165
94
41
206
101
203
248
253
167
81
189
85
14
75
141
61
252
133
139
117
237
40
244
98
154
112
121
253
29
54
190
82
27
143
151
225
91
16
244
219
253
44
101
61
106
183
85
192
252
33
160
149
137
40
215
133
139
44
46
206
22
165
194
207
44
218
250
59
253
247
255
189
223
121
223
63
251
115
255
78
210
116
247
215
127
210
255
63
163
254
254
239
247
255
222
255
255
174
79
45
206
191
222
53
249
221
121
221
247
63
197
103
191
95
190
190
153
195
226
189
223
81
64
246
247
187
254
159
168
124
58
236
104
171
171
221
210
173
95
98
255
188
61
126
125
244
243
146
81
240
221
114
157
52
61
196
224
9
231
219
255
251
160
172
71
222
223
115
201
126
178
221
85
44
84
151
230
44
159
45
151
13
186
29
197
89
144
242
107
184
91
138
42
245
3
142
5
10
141
200
134
25
185
16
14
77
136
53
109
129
137
68
129
32
192
0
10
112
97
221
25
36
60
66
11
78
149
224
89
16
116
194
237
32
101
21
42
39
69
196
124
225
176
20
137
12
151
5
138
8
54
192
14
173
64
79
36
90
123
211
220
255
255
177
223
56
255
63
253
251
175
123
36
89
246
247
57
251
237
103
195
117
228
254
225
127
127
25
249
43
223
108
148
190
91
121
249
117
118
94
58
47
213
17
245
111
152
188
24
5
240
189
158
77
56
246
51
159
88
215
38
251
251
215
124
94
255
181
91
56
243
117
245
251
174
123
36
93
254
247
62
251
253
103
211
247
224
123
245
126
127
29
245
41
223
108
148
190
218
121
248
125
126
223
59
159
209
241
245
111
153
175
24
15
240
29
158
77
56
247
115
159
250
215
46
251
251
213
253
95
255
183
219
188
255
245
149
250
255
121
38
93
244
247
122
247
252
119
211
246
228
234
244
126
127
125
253
171
223
108
150
254
218
121
248
125
122
223
127
47
209
113
209
111
157
190
24
15
240
189
156
69
56
183
123
191
251
223
46
251
62
165
249
254
34
133
88
7
103
226
17
152
157
98
181
94
188
147
32
227
135
125
211
99
221
131
226
125
67
248
189
104
215
54
5
186
154
104
250
124
32
107
253
105
179
20
241
111
159
174
24
71
242
25
60
93
25
243
123
251
121
127
233
227
7
229
155
126
34
130
92
7
83
170
33
136
18
194
165
90
142
19
32
75
134
61
66
75
205
131
162
109
67
41
60
106
215
150
45
171
2
108
250
115
50
234
189
105
183
20
181
127
219
170
56
71
160
25
60
72
145
243
123
251
57
117
227
227
126
173
251
255
34
215
217
7
223
238
49
216
159
234
57
94
188
243
96
235
151
125
214
123
157
147
183
127
67
249
244
235
199
190
79
191
250
124
250
127
240
111
245
105
179
20
209
127
223
174
24
79
242
29
188
85
145
243
115
255
123
255
233
243
26
145
24
158
35
153
30
41
79
65
215
248
181
84
124
82
188
147
64
209
207
53
195
211
217
86
225
126
64
238
221
168
143
52
83
174
202
90
232
113
112
157
53
39
245
21
183
111
155
174
137
15
242
29
217
81
16
243
51
189
120
83
100
218
