posters/Movie Poster 106.jpg
512 : 713
199
-109.298
-1
0
247
539
0.00105881
31
-154.1
-1
0
287
489
0.00126991
31
156.71
-1
0
282
406
0.000918635
31
-50.5275
-1
0
338
405
0.00105994
31
-149.416
-1
0
283
492
0.000977142
31
166.539
-1
0
304
421
0.00158323
31
-150.717
-1
0
286
492
0.00127027
31
164.111
-1
0
356
369
0.000911714
31
-159.841
-1
0
277
511
0.00136942
31
-106.584
-1
0
247
544
0.00133109
31
174.289
-1
0
277
391
0.00120397
31
-172.644
-1
0
293
440
0.000966971
31
165.964
-1
0
278
398
0.000668457
31
154.118
-1
0
285
408
0.000772152
31
-94.0856
-1
0
251
206
0.000796465
31
-106.504
-1
0
254
544
0.000746325
31
116.124
-1
0
316
472
0.00074537
31
-175.466
-1
0
353
347
0.000749652
31
-148.724
-1
0
281
493
0.000798257
31
159.745
-1
0
303
418
0.000680552
31
149.232
-1
0
289
413
0.000712527
31
172.532
-1
0
278
393
0.000818823
31
-106.795
-1
0
252
545
0.00077692
31
-28.7261
-1
0
343
385
0.000732436
31
-109.759
-1
0
266
533
0.000657241
31
175.882
-1
0
352
355
0.000559418
31
-25.5857
-1
0
342
389
0.000571419
31
-105.609
-1
0
245
546
0.000559883
31
-179.037
-1
0
352
351
0.00047633
31
-25.2431
-1
0
338
382
0.000515906
31
136.312
-1
0
275
334
0.000442739
31
-157.237
-1
0
277
499
0.00051676
31
-106.176
-1
0
256
543
0.000662911
31
-101.171
-1
0
260
543
0.00044867
31
149.604
-1
0
297
417
0.00060707
31
-86.6476
-1
0
303
358
0.000645092
31
-101.509
-1
0
260
545
0.000441493
31
88.9191
-1
0
250
196
0.000578003
31
146.804
-1
0
295
416
0.000646516
31
-145.339
-1
0
327
547
0.000443714
31
152.87
-1
0
299
417
0.00058966
31
-104.365
-1
0
254
546
0.000584901
31
165.029
-1
0
355
365
0.000527544
31
-171.926
-1
0
301
432
0.000610615
31
-108.379
-1
0
246
537
0.000434817
31
-86.8735
-1
0
266
543
0.000397756
31
-133.568
-1
0
359
401
0.000433921
31
168.939
-1
0
353
360
0.000404636
31
-104.676
-1
0
312
358
0.000348882
31
167.08
-1
0
358
372
0.000349135
31
-32.5351
-1
1
342
388.8
0.000454464
37.2
-31.4965
-1
1
342
385.2
0.00103227
37.2
172.828
-1
1
278.4
390
0.000475234
37.2
-93.7826
-1
1
250.8
205.2
0.000819154
37.2
-25.883
-1
1
150
546
0.00019053
37.2
166.264
-1
1
278.4
397.2
0.00035311
37.2
-153.063
-1
1
274.8
513.6
0.000396113
37.2
-124.52
-1
1
356.4
403.2
0.000303882
37.2
-58.8824
-1
1
338.4
404.4
0.000833954
37.2
158.817
-1
1
282
405.6
0.000529323
37.2
171.217
-1
1
352.8
360
0.000166741
37.2
154.889
-1
1
285.6
409.2
0.000441325
37.2
75.1735
-1
1
249.6
195.6
0.000263644
37.2
152.87
-1
1
289.2
412.8
0.000372135
37.2
-29.0546
-1
1
340.8
382.8
0.000737178
37.2
151.754
-1
1
295.2
415.2
0.000244656
37.2
158.303
-1
1
300
417.6
0.000229905
37.2
161.659
-1
1
302.4
417.6
0.000487197
37.2
-26.2319
-1
1
338.4
381.6
0.000461796
37.2
-83.211
-1
1
292.8
579.6
0.000148812
37.2
138.489
-1
1
276
336
0.000263732
37.2
153.435
-1
1
334.8
336
0.000289647
37.2
166.982
-1
1
304.8
420
0.000816336
37.2
-179.189
-1
1
352.8
346.8
0.000413268
37.2
-179.233
-1
1
352.8
351.6
0.00019451
37.2
-152.447
-1
1
327.6
546
0.000332827
37.2
-21.4074
-1
1
147.6
546
0.00016671
37.2
-88.8015
-1
1
267.6
544.8
0.000406548
37.2
177.238
-1
1
352.8
354
0.000189473
37.2
-105.354
-1
1
254.4
543.6
0.000388808
37.2
-103.041
-1
1
260.4
542.4
0.000240081
37.2
-106.535
-1
1
247.2
538.8
0.000790454
37.2
-113.199
-1
1
266.4
532.8
0.000614021
37.2
-94.7148
-1
1
302.4
357.6
0.000420198
37.2
-109.513
-1
1
313.2
357.6
0.000274681
37.2
168.603
-1
1
355.2
364.8
0.00037643
37.2
-175.357
-1
1
301.2
432
0.000362313
37.2
-156.943
-1
1
277.2
510
0.000843236
37.2
-155.602
-1
1
277.2
499.2
0.000419479
37.2
-154.044
-1
1
280.8
493.2
0.000545188
37.2
-154.577
-1
1
283.2
492
0.000671688
37.2
-157.223
-1
1
286.8
490.8
0.000796424
37.2
-159.824
-1
1
286.8
488.4
0.00115172
37.2
168.603
-1
1
356.4
368.4
0.000635963
37.2
172.391
-1
1
357.6
373.2
0.000223012
37.2
127.396
-1
1
315.6
471.6
0.0006292
37.2
-176.194
-1
1
292.8
440.4
0.000524554
37.2
180
-1
1
357.6
340.8
0.000122329
37.2
-155.37
-1
2
276.48
509.76
0.000538463
44.64
134.712
-1
2
315.36
472.32
0.000545093
44.64
-72.8697
-1
2
338.4
404.64
0.000512804
44.64
-21.9606
-1
2
148.32
545.76
0.000135633
44.64
-127.933
-1
2
357.12
403.2
0.000252857
44.64
-154.381
-1
2
326.88
547.2
0.00024935
44.64
-47.1611
-1
2
342.72
388.8
0.000426035
44.64
-24.8845
-1
2
336.96
378.72
0.000290161
44.64
174.546
-1
2
352.8
358.56
0.000167936
44.64
154.055
-1
2
289.44
411.84
0.000216419
44.64
-106.591
-1
2
253.44
544.32
0.000185573
44.64
-93.7826
-1
2
266.4
544.32
0.000330829
44.64
-105.649
-1
2
247.68
544.32
0.000412051
44.64
133.768
-1
2
276.48
335.52
0.00014481
44.64
-107.179
-1
2
247.68
538.56
0.000437288
44.64
-159.804
-1
2
286.56
489.6
0.000840949
44.64
-154.012
-1
2
276.48
499.68
0.00025338
44.64
-157.073
-1
2
280.8
492.48
0.0004529
44.64
-130.601
-1
2
253.44
200.16
0.000187849
44.64
-177.052
-1
2
293.76
440.64
0.000363019
44.64
-177.767
-1
2
300.96
432
0.000274074
44.64
-64.5923
-1
2
247.68
200.16
0.000294966
44.64
167.422
-1
2
303.84
420.48
0.000743524
44.64
160.403
-1
2
299.52
417.6
0.000216009
44.64
101.31
-1
2
250.56
195.84
0.000143525
44.64
157.482
-1
2
285.12
407.52
0.000292885
44.64
159.33
-1
2
282.24
404.64
0.000284571
44.64
170.134
-1
2
277.92
390.24
0.000147301
44.64
-91.2637
-1
2
250.56
207.36
0.000609284
44.64
-38.059
-1
2
341.28
385.92
0.000724435
44.64
-28.8386
-1
2
338.4
381.6
0.000393038
44.64
166.551
-1
2
334.08
336.96
0.000266046
44.64
178.61
-1
2
354.24
347.04
0.000319775
44.64
172.011
-1
2
354.24
362.88
0.00021969
44.64
-102.45
-1
2
302.4
357.12
0.000297783
44.64
-117.732
-1
2
312.48
357.12
0.000214285
44.64
164.689
-1
2
277.92
397.44
0.000105148
44.64
177.934
-1
2
352.8
351.36
0.000117082
44.64
174.869
-1
2
357.12
372.96
0.000131284
44.64
174.895
-1
2
302.4
426.24
0.000116733
44.64
-108.709
-1
2
250.56
537.12
0.000117138
44.64
131.82
-1
2
296.64
518.4
0.000122503
44.64
157.843
-1
2
296.64
416.16
0.000101355
44.64
-154.612
-1
2
256.32
198.72
9.22021e-05
44.64
155.567
-1
2
289.44
416.16
9.7557e-05
44.64
-65.1707
-1
2
177.12
563.04
6.58427e-05
44.64
-164.539
-1
2
315.36
561.6
5.9796e-05
44.64
-30.3987
-1
2
241.92
200.16
6.13084e-05
44.64
-100.229
-1
2
262.08
544.32
6.92066e-05
44.64
90
-1
2
302.4
511.2
6.22258e-05
44.64
-176.987
-1
2
306.72
563.04
5.76861e-05
44.64
-93.8141
-1
2
345.6
406.08
5.88262e-05
44.64
-156.915
-1
3
279.936
494.208
0.000360965
53.568
-113.765
-1
3
266.112
533.952
0.000518978
53.568
-155.756
-1
3
276.48
509.76
0.000384731
53.568
-160.912
-1
3
285.12
489.024
0.000714105
53.568
143.173
-1
3
314.496
473.472
0.000514842
53.568
166
-1
3
302.4
419.904
0.000509393
53.568
-89.5848
-1
3
338.688
404.352
0.000514902
53.568
-43.3054
-1
3
340.416
385.344
0.000428678
53.568
-125.345
-1
3
311.04
357.696
0.00016701
53.568
-119.745
-1
3
302.4
357.696
0.000228971
53.568
-86.769
-1
3
248.832
207.36
0.000509591
53.568
-104.421
-1
3
245.376
540.864
0.000295737
53.568
-107.248
-1
3
262.656
539.136
0.000506719
53.568
171.983
-1
3
295.488
518.4
0.000111763
53.568
-154.53
-1
3
276.48
502.848
0.000130625
53.568
-154.359
-1
3
276.48
499.392
0.000171722
53.568
-179.121
-1
3
292.032
440.64
0.000244894
53.568
179.597
-1
3
300.672
432
0.000169013
53.568
159.49
-1
3
288.576
416.448
7.90268e-05
53.568
157.28
-1
3
288.576
412.992
0.000141371
53.568
158.009
-1
3
285.12
409.536
0.000401703
53.568
5.71059
-1
3
248.832
195.264
8.72269e-05
53.568
160.192
-1
3
281.664
406.08
0.000158611
53.568
-72.582
-1
3
247.104
200.448
0.000274194
53.568
-104.036
-1
3
252.288
200.448
0.000228927
53.568
-37.1583
-1
3
338.688
381.888
0.000368511
53.568
-29.4584
-1
3
335.232
378.432
0.000234506
53.568
161.862
-1
3
333.504
336.96
0.000147208
53.568
135.546
-1
3
276.48
336.96
9.8756e-05
53.568
176.1
-1
3
302.4
511.488
4.54214e-05
53.568
161.737
-1
3
295.488
416.448
4.44798e-05
53.568
168.845
-1
3
278.208
388.8
4.93785e-05
53.568
159.25
-1
3
281.664
414.72
5.28355e-05
53.568
-107.504
-1
4
255.053
209.434
0.000191144
64.2816
-154.475
-1
4
275.789
510.106
0.000294563
64.2816
-155.786
-1
4
277.862
497.664
0.000465996
64.2816
-158.001
-1
4
279.936
493.517
0.00027827
64.2816
-161.969
-1
4
286.157
489.37
0.000401706
64.2816
179.611
-1
4
292.378
441.677
0.000202259
64.2816
-86.0206
-1
4
248.832
207.36
0.000412655
64.2816
176.031
-1
4
300.672
431.309
0.00011395
64.2816
168.923
-1
4
302.746
420.941
0.000468097
64.2816
163.832
-1
4
288.23
416.794
0.000105633
64.2816
160.5
-1
4
288.23
410.573
0.000131289
64.2816
165.285
-1
4
277.862
393.984
0.000107399
64.2816
134.743
-1
4
277.862
337.997
8.22804e-05
64.2816
-139.79
-1
4
302.746
356.659
0.00018943
64.2816
163.793
-1
4
282.01
418.867
6.23158e-05
64.2816
162.08
-1
4
282.01
404.352
4.54795e-05
64.2816
199
64
32
198
68
222
41
157
166
41
52
249
104
219
189
115
132
70
226
146
133
107
212
32
209
114
89
159
161
35
122
136
49
107
215
36
84
178
83
120
233
116
118
94
56
175
212
20
245
111
153
172
24
5
240
29
157
73
16
242
51
189
88
87
32
251
22
33
152
62
0
192
30
5
66
162
9
160
240
103
7
18
237
131
32
211
205
37
67
199
209
87
244
239
66
172
161
98
215
60
69
174
27
8
232
124
96
92
56
41
213
84
183
111
153
174
8
67
240
29
88
73
22
243
19
181
56
115
96
234
137
134
197
180
61
98
169
126
180
120
104
197
11
77
134
45
235
220
37
99
228
47
224
115
78
223
177
34
91
2
51
111
215
36
85
186
83
120
233
244
112
92
58
47
213
21
245
111
153
172
24
5
240
29
156
73
16
242
51
189
88
87
32
250
67
133
136
154
7
210
84
7
39
66
5
200
58
249
38
31
13
51
32
151
130
119
83
99
80
87
209
108
51
184
128
97
159
28
147
32
74
72
234
104
112
27
44
169
149
84
245
110
19
138
152
13
180
9
216
219
57
115
50
53
16
241
76
202
22
245
154
63
34
208
222
5
82
170
41
140
208
70
167
123
237
131
32
195
207
53
71
211
197
87
243
239
67
46
183
98
199
52
85
174
91
120
232
117
114
94
48
41
247
84
183
111
153
174
24
7
240
29
28
73
18
243
51
189
88
115
98
234
6
2
44
136
7
93
4
115
36
70
154
4
88
61
61
5
137
120
67
240
208
114
208
227
92
52
132
0
16
150
17
65
223
56
211
168
90
104
233
104
116
28
48
175
84
116
247
111
155
172
24
1
242
29
216
25
16
226
51
181
72
211
104
234
22
33
152
62
32
128
30
5
66
170
9
160
240
70
135
18
109
131
32
211
201
37
67
195
196
87
243
239
2
172
161
98
215
28
69
174
27
40
232
116
96
72
48
41
245
84
183
111
153
174
8
71
240
29
88
73
22
243
19
181
56
115
96
234
205
254
215
109
248
105
253
252
121
189
238
255
238
247
207
233
235
221
191
107
237
141
175
248
111
127
59
163
221
7
51
127
253
167
125
123
83
247
237
246
251
92
122
63
221
23
255
177
137
237
94
53
220
159
157
73
144
240
161
189
220
87
32
254
5
54
16
32
221
160
174
24
34
43
170
99
160
67
130
17
228
171
161
208
193
37
27
72
192
93
249
239
144
14
227
102
223
32
85
182
49
40
233
100
96
92
58
171
213
81
183
111
152
238
24
5
240
29
88
65
22
179
151
181
24
83
32
74
12
2
0
50
9
137
164
9
0
176
2
35
176
114
169
66
98
146
1
66
197
38
193
82
65
152
129
35
66
8
33
66
223
36
69
178
81
88
233
116
112
84
56
47
196
69
183
111
153
172
24
5
240
29
156
73
16
242
51
189
72
87
32
122
202
201
139
253
51
117
253
203
156
207
127
222
147
204
251
254
235
220
53
103
78
174
228
51
109
223
183
41
83
2
54
59
242
36
85
250
82
127
201
244
114
92
56
46
215
22
245
110
153
172
26
5
248
29
156
73
16
242
59
189
88
23
32
250
94
41
75
158
54
23
89
163
150
238
87
148
25
198
249
242
160
212
0
99
199
180
196
51
13
130
166
13
82
42
53
123
242
36
85
186
82
122
193
116
242
92
49
46
212
22
193
111
155
172
24
5
240
29
157
73
16
242
59
189
88
86
34
251
154
201
139
253
51
123
249
238
156
155
127
223
19
204
203
234
235
220
37
103
68
175
228
114
77
207
179
41
83
2
50
59
246
36
85
186
83
122
201
244
242
94
56
46
212
22
209
110
153
172
24
5
240
29
157
73
16
242
51
189
88
87
34
251
129
150
196
166
61
114
165
90
180
120
64
67
11
89
2
5
235
220
165
99
224
38
224
115
74
223
177
34
216
2
35
79
215
36
85
184
83
120
233
116
112
92
58
175
213
17
245
111
152
172
24
5
240
29
156
73
16
242
51
189
88
87
32
250
190
251
255
253
255
255
253
250
253
255
254
255
255
255
255
253
251
221
255
123
245
127
231
255
175
255
247
191
255
255
246
255
223
109
255
255
255
127
249
117
127
221
251
127
255
183
255
127
255
191
159
199
250
191
159
93
86
247
255
255
255
95
167
254
12
1
128
22
3
129
160
11
0
160
6
37
176
38
169
66
106
18
1
66
193
46
194
83
0
152
128
9
64
8
49
102
95
36
101
178
19
88
105
84
112
85
60
38
68
5
161
111
153
172
24
5
242
28
156
73
16
114
51
189
8
7
32
250
13
14
164
41
201
111
163
221
172
124
138
5
0
61
235
165
203
124
131
96
240
3
158
48
71
232
28
0
216
6
59
71
125
0
87
184
17
242
45
36
189
84
24
134
69
231
102
225
152
44
88
4
211
31
140
73
16
224
43
172
72
71
32
240
190
248
123
253
186
253
248
225
223
251
251
255
247
70
249
250
243
213
63
107
207
60
175
125
237
223
167
175
87
239
55
190
243
164
125
255
86
255
233
246
243
92
241
126
246
150
249
55
141
173
22
37
248
157
157
105
144
242
59
189
93
95
34
182
30
241
154
255
62
208
222
133
90
187
45
200
210
70
167
123
237
219
32
195
205
53
103
91
197
95
243
239
67
47
183
114
215
52
85
170
91
120
232
117
114
94
48
45
247
20
183
111
153
172
24
7
240
29
156
73
18
243
51
189
88
83
98
251
7
6
12
128
15
221
4
49
36
86
26
4
24
61
57
37
201
120
65
240
208
114
208
242
88
52
132
64
48
150
17
65
223
56
211
168
91
72
201
104
116
20
24
175
84
116
247
111
155
172
24
4
242
29
216
89
18
226
51
181
72
211
104
234
9
134
69
226
61
51
161
90
180
92
6
67
13
121
32
5
234
252
165
96
224
38
152
115
66
187
17
34
124
0
49
79
223
36
86
176
83
120
169
116
245
92
58
15
209
65
241
79
153
172
24
5
240
29
158
73
16
242
51
157
88
87
36
250
202
201
139
253
35
117
253
203
28
207
125
222
147
204
251
238
235
221
37
103
78
172
230
115
77
223
179
41
83
2
50
59
242
36
85
186
82
120
201
244
114
92
56
46
215
22
209
110
153
172
24
5
240
29
156
73
16
242
51
189
88
87
32
250
13
0
0
22
9
129
160
8
0
160
2
37
176
2
169
66
106
18
1
66
193
38
192
67
65
152
128
1
66
8
33
66
95
36
69
178
17
88
233
84
112
84
60
38
68
69
161
111
153
172
24
5
240
29
156
73
16
114
51
189
8
7
32
90
218
217
159
223
102
95
221
182
31
245
125
222
159
244
127
250
253
215
124
111
14
253
230
51
235
215
183
126
247
227
86
63
247
55
113
89
94
127
250
243
242
255
237
127
191
158
253
62
223
137
95
215
248
127
181
207
81
254
57
127
85
93
19
255
60
41
187
208
2
197
241
111
151
238
86
20
81
132
185
198
251
220
193
74
150
56
198
147
157
152
166
205
64
202
53
235
71
6
101
186
22
122
201
92
48
85
245
46
6
132
33
111
155
172
185
133
178
29
188
80
0
98
123
249
73
7
33
246
156
250
95
253
254
241
254
241
89
187
251
255
223
102
219
248
227
220
63
107
205
168
175
56
237
223
183
187
223
79
55
190
243
165
125
251
87
247
249
247
123
92
251
62
254
151
219
53
137
141
94
37
248
159
156
105
144
242
59
189
92
86
34
180
218
217
143
223
102
87
220
167
31
247
61
202
159
244
127
186
189
215
124
239
14
189
230
51
43
215
183
126
85
227
22
59
247
53
49
89
218
109
250
115
114
127
237
127
191
30
245
63
223
139
31
199
248
95
148
207
81
247
57
127
117
125
18
255
5
6
0
50
9
136
160
0
0
176
2
39
176
86
169
2
98
10
1
210
197
34
65
82
65
24
128
3
2
10
33
66
223
36
69
178
81
24
233
100
104
84
56
47
196
85
183
111
153
172
24
5
240
29
152
65
18
242
55
181
72
87
32
90
158
248
123
253
190
253
252
225
93
187
251
255
215
70
253
248
243
213
63
107
207
60
175
120
237
223
167
171
215
111
55
190
243
164
125
251
118
255
233
247
243
92
243
127
246
150
253
55
137
173
22
37
248
159
157
105
144
242
59
191
93
95
32
180
211
205
155
215
97
78
223
175
159
229
63
206
159
253
86
190
237
215
60
111
14
175
230
35
123
215
183
126
211
163
18
63
151
55
113
121
82
77
250
234
112
124
169
127
189
30
253
47
217
136
27
149
240
95
180
203
81
254
49
125
80
85
17
250
59
181
248
62
55
104
89
14
247
92
148
245
45
78
36
85
253
182
130
145
225
122
209
103
228
163
224
83
122
121
197
233
135
248
151
180
255
72
250
125
104
221
255
233
180
81
245
111
179
182
137
15
244
0
120
85
62
179
254
187
187
223
172
74
159
250
90
247
234
216
222
128
58
251
38
203
158
115
228
216
237
155
37
227
197
37
99
122
229
95
241
127
79
47
179
119
215
36
84
178
123
121
233
244
112
94
56
47
209
20
247
111
153
172
24
5
240
29
157
73
18
243
51
189
88
87
32
250
12
1
144
22
3
129
160
47
16
160
6
53
48
38
161
66
106
18
1
67
193
46
194
115
0
24
128
9
64
136
49
102
95
36
101
186
19
88
73
84
112
85
60
38
68
5
33
111
153
172
24
5
240
28
156
73
16
114
51
189
8
7
32
250
4
1
146
22
1
129
112
15
16
160
6
53
16
162
161
66
106
26
1
67
129
46
198
35
64
10
160
9
64
8
32
98
95
38
37
186
19
88
65
84
208
64
28
14
192
20
65
111
153
44
24
5
240
28
156
73
16
242
51
189
8
7
32
235
1
134
68
128
141
189
165
48
60
92
6
71
140
61
120
5
192
248
65
224
240
102
152
240
73
60
4
2
124
2
49
67
223
96
83
176
83
90
169
44
244
20
24
175
212
112
246
79
153
172
24
4
240
29
153
73
50
242
51
181
88
87
32
250
195
197
152
154
201
138
70
9
38
99
41
202
178
238
38
29
79
51
48
5
138
39
218
107
86
215
187
47
147
170
3
33
151
134
19
27
2
72
111
106
34
202
44
105
149
92
245
183
81
140
16
4
37
1
180
171
17
122
48
61
24
85
49
250
5
1
146
22
1
128
32
14
0
160
6
37
48
162
161
2
106
26
1
67
193
46
68
3
64
10
128
9
64
8
40
98
95
36
36
186
19
26
65
84
208
64
24
2
192
85
129
111
25
44
24
5
240
28
156
73
16
242
51
189
8
23
34
235
254
251
239
253
255
255
255
252
189
255
255
255
255
252
127
253
189
253
254
255
254
255
254
255
255
255
255
246
253
247
127
191
255
251
255
117
255
255
254
191
255
255
239
127
255
191
255
179
255
223
159
255
223
247
159
255
247
223
255
255
247
253
159
255
9
134
68
162
137
189
161
112
60
92
70
71
140
125
120
5
194
252
193
96
240
102
152
240
74
60
4
130
252
2
49
195
223
96
83
176
81
90
169
44
253
20
26
135
212
97
246
79
153
172
24
4
240
29
157
73
50
242
51
189
88
87
36
248
147
213
24
62
175
168
92
8
34
35
29
234
174
78
36
25
245
178
36
211
198
38
195
99
196
150
243
107
82
51
229
96
151
188
144
182
107
72
234
115
96
218
60
105
212
85
183
111
145
174
24
5
228
5
252
97
17
179
179
191
56
115
162
74
7
6
68
128
14
189
132
48
36
84
18
71
136
61
57
5
192
248
65
224
240
102
144
240
72
60
4
0
60
22
49
65
215
40
83
160
91
90
169
104
116
20
24
175
84
96
246
111
152
172
24
4
242
29
152
73
50
242
51
181
72
87
32
250
5
5
128
22
1
128
32
14
128
160
2
37
48
6
161
66
106
18
1
82
193
38
66
71
64
152
128
9
66
8
33
66
95
36
101
178
19
8
65
84
88
80
28
10
192
117
161
111
25
44
24
5
240
28
156
65
16
114
51
189
8
7
32
74
221
250
215
125
248
112
250
244
88
185
238
255
198
243
203
168
235
204
189
107
237
137
175
184
111
95
187
171
221
7
35
126
245
167
125
251
87
181
237
246
123
92
58
63
221
19
255
177
137
237
94
37
220
159
156
73
144
240
161
189
92
87
32
190
7
37
201
156
35
70
29
15
135
198
29
176
17
174
181
78
137
16
32
99
3
50
192
35
93
131
164
25
65
168
52
105
214
52
5
170
146
120
193
124
48
90
61
41
246
20
245
110
153
174
24
7
240
29
156
73
16
243
51
185
120
87
32
250
169
198
76
250
57
180
183
49
53
253
108
219
140
123
132
71
226
212
5
107
228
96
192
114
73
158
161
51
127
8
49
107
215
36
84
178
83
120
249
244
118
94
56
175
212
16
245
111
153
172
24
5
240
29
158
73
16
242
51
157
88
87
34
251
197
5
206
22
1
2
92
14
34
162
33
160
26
227
166
11
235
2
33
103
67
169
100
35
66
139
162
9
67
8
32
96
247
38
4
186
19
116
1
244
82
74
56
11
208
84
193
78
25
172
90
5
112
24
148
73
152
242
51
157
24
86
34
249
60
239
63
205
162
221
150
225
95
221
94
223
209
118
217
100
251
145
228
47
221
36
195
209
249
127
53
44
68
222
23
59
206
36
77
186
214
121
233
124
113
93
49
175
213
52
253
55
155
172
153
45
240
29
156
73
20
242
50
173
90
95
32
250
220
250
95
125
248
241
254
244
89
187
254
255
198
247
203
232
235
220
191
107
205
169
175
184
111
223
179
171
215
7
51
190
241
165
125
251
87
247
233
246
123
92
249
62
223
151
219
49
137
237
94
37
216
159
157
105
144
240
33
189
92
86
32
188
69
47
147
156
192
206
6
67
42
68
43
14
146
247
254
185
235
97
32
38
14
45
82
67
95
215
157
109
128
138
18
1
151
7
87
154
0
88
239
78
32
56
40
227
189
92
245
175
145
164
32
53
177
89
148
203
16
122
16
45
88
69
49
250
133
254
247
101
248
224
185
220
248
189
234
255
238
255
195
169
235
237
191
99
237
141
126
248
103
127
57
163
221
7
35
247
255
165
125
123
83
181
237
246
121
92
58
191
221
115
255
241
153
236
92
33
212
159
156
73
20
240
183
189
220
87
32
254
218
201
138
223
38
95
220
167
31
247
61
206
27
244
127
186
189
211
120
191
14
189
230
35
59
87
183
126
69
243
150
59
247
61
113
97
90
79
250
122
114
255
229
127
159
30
245
46
223
136
159
199
157
79
180
222
209
247
56
125
85
121
18
250
218
201
138
223
38
95
220
167
31
247
61
206
31
244
127
186
189
211
60
191
14
189
230
35
123
215
183
126
69
243
150
59
243
61
113
97
90
79
250
250
114
255
237
127
159
30
245
62
223
137
95
199
221
79
181
206
209
247
56
125
85
125
18
255
205
205
154
253
34
115
252
199
24
202
109
156
18
196
235
234
233
220
37
103
78
172
228
51
77
223
179
105
81
2
54
59
242
54
85
186
82
124
233
116
114
94
56
46
215
22
213
110
153
172
24
5
240
29
156
73
16
242
51
189
88
87
34
250
190
251
255
253
63
127
253
250
253
255
254
255
255
253
255
253
251
221
255
123
245
127
231
255
239
255
247
191
127
95
255
255
223
109
255
255
254
127
249
117
127
223
255
63
223
183
247
127
191
191
159
207
250
191
159
93
124
246
255
255
255
223
174
254
20
43
245
20
0
77
164
119
81
156
74
21
80
53
153
130
235
200
195
98
213
40
68
147
217
61
164
192
64
132
56
200
94
2
101
186
21
58
201
92
120
20
185
166
100
164
39
110
153
172
105
67
240
29
29
73
6
242
19
249
72
7
33
250
156
217
158
253
49
123
252
247
28
251
111
223
18
204
239
239
233
220
37
99
196
174
228
51
77
223
179
74
81
2
51
123
247
36
85
186
83
122
233
244
210
94
56
46
212
22
215
111
153
172
24
5
240
29
157
73
16
242
51
189
88
87
34
250
5
182
16
39
253
184
166
88
106
57
170
99
228
83
169
17
230
239
163
210
229
37
83
214
193
127
241
239
80
6
227
102
223
40
215
182
121
184
233
117
104
92
58
167
245
113
183
111
184
254
8
7
240
29
88
65
22
179
151
181
56
83
100
74
20
235
41
205
34
221
212
97
79
193
191
254
211
118
252
232
251
145
102
79
23
52
195
195
125
87
149
45
4
142
22
56
206
36
69
154
66
120
235
124
113
93
49
47
149
52
181
46
153
173
145
5
240
29
156
73
16
242
50
189
88
95
32
250
67
149
152
154
7
146
84
15
39
66
37
200
30
251
38
31
125
179
32
151
130
119
82
99
208
215
241
108
51
184
192
97
151
60
147
4
74
72
106
106
32
155
44
233
149
92
245
111
209
138
152
13
52
1
240
219
57
115
50
61
16
241
220
74
133
223
212
252
61
106
184
246
52
248
104
213
14
93
198
173
233
220
37
99
196
40
228
114
73
95
177
74
89
6
35
111
215
36
85
186
83
120
233
244
114
92
58
47
212
20
247
111
153
172
24
5
240
29
156
73
16
242
51
189
88
87
32
250
156
250
95
109
190
121
252
248
217
187
254
255
206
117
207
232
227
220
191
107
109
168
174
248
111
223
183
179
223
71
55
254
243
100
93
251
87
247
249
245
251
94
251
62
254
151
254
117
137
189
94
37
248
159
141
73
148
240
59
189
92
87
34
180
5
134
68
196
61
114
164
114
52
124
108
65
14
121
132
5
233
220
165
99
228
34
224
115
72
127
177
102
124
6
33
103
223
32
85
186
83
120
233
116
116
92
58
175
213
16
247
111
153
172
24
5
240
29
156
73
16
242
51
157
88
87
32
250
252
223
254
253
255
255
255
183
191
255
253
255
159
254
126
253
189
255
254
255
191
255
254
255
251
127
247
254
253
247
254
255
255
251
255
85
223
255
254
255
127
255
239
127
255
191
255
179
255
219
191
255
255
239
158
255
255
223
253
239
247
253
159
255
5
134
68
192
57
59
164
114
52
92
38
65
12
121
128
5
232
252
225
98
244
38
128
243
72
63
145
70
124
6
49
67
223
32
85
184
83
120
233
116
116
28
58
39
213
32
247
79
153
172
24
5
240
29
158
73
16
242
51
157
88
87
36
250
210
201
138
223
98
95
220
167
31
231
61
206
30
244
127
186
173
211
60
175
14
189
230
43
123
215
183
126
67
227
150
59
243
53
113
113
83
79
250
250
114
255
237
127
191
30
253
62
223
136
95
199
253
79
180
238
209
247
56
125
85
125
19
255
5
6
68
128
9
187
160
114
36
84
6
67
140
121
104
5
224
249
193
224
245
38
144
243
64
56
0
70
124
4
33
65
223
32
83
184
81
90
233
108
244
20
24
135
196
96
247
79
153
172
24
4
240
29
153
73
50
242
51
181
88
87
32
248
5
6
4
128
9
31
4
51
36
84
2
5
24
125
57
5
200
120
65
224
209
34
208
243
88
60
4
4
48
134
17
65
223
32
83
168
81
90
233
108
116
20
24
167
68
96
247
111
153
172
24
4
242
29
152
73
18
242
51
181
72
83
32
234
5
6
4
128
9
95
0
51
36
68
2
4
24
61
57
5
201
120
65
224
209
32
208
243
88
60
128
0
48
134
17
65
223
32
83
170
80
74
201
72
116
20
24
167
84
4
247
111
153
172
24
4
242
29
152
73
18
226
51
181
72
83
32
234
211
205
138
223
99
78
220
167
31
231
61
202
146
236
94
190
45
211
60
175
14
175
230
43
123
215
183
110
209
163
150
63
247
181
113
97
83
77
234
234
114
188
169
121
191
30
253
63
223
136
26
133
221
79
180
235
81
243
48
121
85
117
17
254
61
237
245
126
3
79
113
107
247
68
254
245
127
239
220
254
243
178
39
103
55
46
241
119
253
175
103
25
107
154
114
41
134
110
101
158
134
58
219
252
255
253
188
227
76
114
117
238
161
164
115
204
232
31
143
77
56
242
107
249
91
6
169
248
59
181
236
62
55
97
93
30
247
76
213
245
45
78
36
85
189
54
66
147
241
122
209
103
160
162
224
83
122
121
197
233
143
120
151
180
255
72
250
125
120
221
247
233
212
113
181
111
186
190
137
15
240
0
120
85
62
179
255
187
187
255
172
74
191
246
109
125
190
181
125
120
253
127
241
251
239
121
180
95
251
253
111
251
251
254
155
252
236
255
247
187
254
119
117
255
219
238
158
254
223
253
113
127
124
202
251
255
215
225
222
19
42
255
16
103
104
156
142
125
56
246
243
159
255
223
172
182
5
7
44
136
0
31
4
119
32
70
10
4
80
53
57
1
201
104
67
224
209
112
80
195
92
52
132
0
0
132
17
65
215
0
211
170
24
104
73
72
52
20
24
167
84
116
247
111
155
172
8
4
242
29
24
25
16
226
19
181
72
211
104
234
190
249
123
253
182
253
252
233
221
251
251
255
247
68
249
254
243
221
63
107
205
60
135
95
237
223
167
171
87
111
55
190
226
36
125
255
118
127
233
245
251
94
243
126
246
151
223
127
141
173
30
5
248
29
157
105
144
242
59
253
93
95
34
178
158
251
123
253
190
249
252
249
221
155
251
255
255
68
253
248
243
221
191
107
205
60
165
125
237
223
167
187
95
111
55
190
242
36
125
251
118
127
233
245
251
94
251
126
246
151
222
127
137
189
30
5
248
157
157
105
144
242
59
191
93
95
34
180
147
213
8
62
191
168
92
8
54
43
149
234
174
78
36
29
253
182
36
211
199
46
129
110
228
158
243
107
82
59
229
97
151
172
156
182
107
104
234
119
64
206
58
105
212
81
183
79
153
246
24
5
228
5
220
97
16
179
183
191
56
115
162
74
20
43
183
20
0
79
36
119
65
148
74
21
80
247
153
130
235
200
195
98
85
40
196
147
217
45
164
200
64
140
56
200
78
32
101
186
20
58
201
92
120
20
177
166
100
36
167
110
153
172
105
67
240
29
28
73
4
242
19
249
72
7
33
250
69
33
154
30
1
66
124
14
98
162
33
160
34
227
134
26
107
2
33
71
195
169
101
3
66
139
226
13
67
8
160
96
255
38
4
186
19
32
67
244
82
106
56
75
240
85
129
78
25
172
90
5
112
24
20
73
144
242
51
189
24
118
163
233
156
250
127
253
190
249
252
249
221
187
254
255
247
84
253
248
243
220
191
107
205
172
167
124
237
223
167
171
223
71
55
190
242
36
125
251
119
127
233
245
251
94
251
62
246
151
222
119
137
173
30
37
248
159
157
105
144
242
59
191
92
94
34
180
13
1
144
54
1
129
240
74
144
184
134
53
176
70
169
66
106
152
131
67
197
46
194
87
5
154
224
11
66
8
33
102
95
38
101
186
19
120
233
84
120
84
56
38
196
101
183
111
153
172
24
5
240
29
156
65
16
114
55
189
8
7
33
250
13
1
154
20
1
193
248
110
16
168
197
181
48
230
129
66
106
24
129
67
199
42
199
19
65
26
226
13
64
13
33
102
223
38
37
186
19
120
201
116
112
124
56
46
228
21
163
111
153
172
26
5
240
28
156
73
16
242
59
189
24
39
161
234
12
198
84
126
57
153
164
73
33
248
104
251
188
115
164
70
226
153
161
107
197
44
203
114
81
158
161
43
90
8
33
78
223
38
85
186
81
120
233
116
116
94
56
47
212
21
247
111
153
172
24
5
240
29
156
73
16
242
51
189
88
87
32
250
60
41
251
244
34
213
248
103
20
254
87
21
81
246
185
214
251
154
193
106
214
60
198
147
157
154
166
205
64
218
53
235
71
6
101
186
215
122
233
92
48
85
245
110
103
132
229
111
155
172
185
205
242
29
156
89
0
114
123
249
75
7
41
246
195
213
144
158
201
130
78
9
6
99
41
202
162
206
166
31
111
23
52
7
10
175
194
107
70
215
243
47
147
42
2
37
147
135
28
155
0
205
110
102
34
202
44
105
191
28
253
183
81
132
16
52
36
2
180
235
25
58
48
59
28
85
147
171
213
111
145
158
192
206
14
67
74
69
43
158
210
231
222
186
235
195
32
39
15
173
66
67
223
215
183
109
130
170
146
9
146
39
117
155
0
92
239
94
32
88
169
227
173
28
253
174
193
164
32
246
160
91
20
235
64
122
16
49
88
69
49
250
157
250
95
109
184
120
249
248
216
185
254
255
230
117
203
168
235
204
175
107
109
168
174
252
111
127
51
163
221
7
35
254
255
100
93
250
87
183
233
244
123
92
58
62
220
179
255
113
137
173
94
33
216
159
156
73
148
240
53
173
92
87
34
188
7
165
137
152
2
6
29
79
128
230
5
144
17
38
181
66
137
84
0
98
128
48
192
3
92
129
164
13
67
168
53
105
215
20
85
170
18
104
225
124
48
90
60
41
244
20
245
111
155
172
24
5
240
29
28
73
24
178
51
185
88
87
34
250
151
182
16
39
221
168
174
24
74
57
170
99
224
67
128
17
230
171
165
211
229
37
67
222
192
95
241
239
82
14
227
102
223
32
213
182
121
56
233
117
104
92
58
175
213
81
183
111
184
238
8
7
240
29
88
65
22
179
151
181
24
83
100
74
150
248
94
127
190
248
222
128
122
187
173
251
238
119
228
217
237
139
53
211
197
37
99
219
225
95
241
255
79
47
163
118
223
36
84
182
123
121
233
116
114
94
56
47
213
21
247
111
153
238
24
7
240
29
157
73
22
243
55
189
88
83
34
251
158
248
155
127
62
208
222
133
90
187
189
252
246
86
101
251
253
131
36
211
197
37
103
223
197
95
243
239
67
47
167
114
223
44
69
190
91
120
233
116
114
92
56
47
213
85
183
111
153
238
24
7
240
29
220
73
22
243
51
189
88
83
96
250
22
240
155
63
46
208
158
5
82
187
185
236
240
70
37
122
253
131
32
211
197
33
71
223
197
95
243
239
67
47
163
114
207
44
69
190
123
56
233
116
114
94
48
45
213
85
183
111
153
238
24
71
240
29
92
73
22
243
23
189
120
83
98
234
22
160
153
62
40
192
158
5
66
170
185
184
224
70
135
18
253
131
34
211
193
37
67
199
196
87
245
239
66
172
161
98
223
44
71
190
123
56
233
116
104
76
48
41
213
117
183
111
185
174
8
67
240
29
92
73
22
243
23
181
56
83
96
106
22
160
153
62
8
192
158
4
82
170
185
252
240
102
7
58
253
131
34
211
197
33
67
199
212
87
241
239
67
174
163
98
223
44
71
190
122
56
233
124
104
92
48
41
213
117
183
111
185
174
8
3
240
29
88
65
22
243
23
181
56
83
96
106
157
250
87
109
184
120
253
252
249
189
238
255
238
117
203
169
235
204
175
107
109
168
174
248
111
127
51
162
221
7
35
255
253
96
93
250
87
179
233
244
251
92
58
191
220
51
255
113
169
173
94
33
216
159
157
73
150
240
181
173
220
87
32
190
165
254
119
109
188
124
253
252
249
253
238
251
238
121
203
169
235
236
239
107
125
168
62
252
103
127
53
162
221
7
99
255
253
96
93
248
119
177
233
244
123
92
58
191
220
115
255
117
169
189
94
33
216
159
157
73
22
240
53
173
222
87
32
250
5
2
69
129
201
233
163
252
44
124
202
7
193
61
219
161
226
109
193
96
240
1
142
240
74
104
8
130
152
6
43
223
125
32
87
184
81
242
141
4
213
84
24
134
68
163
234
65
152
44
24
0
210
31
141
73
0
224
3
180
72
70
32
120
94
41
203
190
55
19
89
139
22
226
87
180
25
222
249
246
128
212
0
99
207
180
196
51
77
130
160
15
82
169
53
123
243
36
85
186
82
122
225
116
240
92
49
44
212
22
193
111
155
172
24
5
240
29
157
73
16
242
59
189
88
86
34
250
60
237
251
189
170
229
249
233
221
239
249
255
243
236
249
254
251
153
103
99
255
46
198
221
221
255
183
175
67
151
119
190
227
44
109
191
211
125
233
124
122
76
53
46
247
53
191
63
153
172
24
5
248
29
156
65
144
242
51
189
124
87
34
178
147
182
17
39
252
184
191
24
218
185
234
115
230
83
192
17
230
231
39
211
229
37
67
214
193
127
241
239
82
46
227
102
223
44
213
182
123
56
233
117
120
92
58
175
213
113
183
111
184
190
8
7
240
29
88
65
54
179
151
181
56
87
100
90
5
2
69
161
201
232
163
248
172
61
202
71
193
125
217
161
226
237
203
96
232
2
142
240
78
168
12
134
156
6
43
223
125
33
87
184
81
50
141
196
205
84
26
134
64
227
234
65
136
45
24
0
242
29
141
73
0
240
3
180
72
70
32
120
3
213
152
30
5
10
84
11
35
64
37
202
38
219
36
31
109
179
48
149
2
47
80
99
224
215
241
109
51
40
192
97
150
180
18
6
2
72
106
98
32
155
44
225
149
92
245
46
209
130
16
12
52
0
242
235
57
51
48
61
16
117
148
203
28
33
149
148
0
79
52
119
209
148
94
21
81
246
153
194
251
200
195
98
213
40
196
151
217
46
164
200
64
140
48
232
94
36
101
190
20
58
201
92
120
84
177
38
228
36
167
110
153
172
105
67
240
29
28
73
4
242
19
249
72
7
33
250
20
233
9
222
34
219
84
107
79
64
63
242
241
118
252
200
235
145
100
71
7
52
129
195
121
215
145
45
2
138
22
56
138
36
69
154
66
88
235
92
48
157
49
39
149
28
180
46
145
173
129
13
184
29
152
73
16
242
48
189
88
85
32
218
147
213
72
54
63
160
92
24
50
59
153
235
172
79
36
81
237
246
4
209
225
34
225
126
228
159
243
123
83
61
229
97
223
172
156
182
123
56
232
117
80
202
58
105
212
81
247
79
152
246
24
5
228
0
222
73
18
179
183
159
56
115
162
106
218
201
138
223
39
95
92
135
31
227
61
140
27
244
127
254
61
147
120
191
14
191
231
35
57
215
183
126
3
243
150
58
131
60
99
97
219
79
234
106
50
253
229
121
159
30
245
46
215
138
159
135
190
77
176
250
209
243
120
121
113
120
18
234
195
205
138
255
102
74
220
135
27
235
61
206
130
196
70
186
13
91
60
151
14
173
230
11
107
215
179
126
81
35
182
51
247
177
57
97
251
77
234
227
114
188
173
105
191
30
255
59
221
202
26
199
221
103
180
234
211
147
49
123
116
113
147
170
156
251
127
237
190
121
252
248
217
155
254
255
239
117
221
232
227
220
255
107
101
44
164
254
109
223
39
179
223
71
63
254
250
96
93
248
119
127
249
245
219
94
187
62
214
183
254
127
169
189
30
5
248
31
143
73
150
242
63
190
92
95
34
185
5
134
84
196
41
59
166
114
52
84
38
65
12
121
128
5
233
249
225
98
245
34
192
243
72
127
145
102
124
4
33
67
223
32
85
186
81
120
233
116
116
28
56
167
213
32
247
111
153
172
24
5
240
29
154
73
18
242
51
181
88
87
32
250
13
33
144
116
25
160
252
74
144
168
199
53
176
70
137
82
106
152
163
82
199
46
194
95
5
158
226
15
82
45
33
110
79
166
69
186
51
184
233
84
120
116
48
99
228
69
183
111
153
174
24
5
240
29
156
65
16
242
183
189
8
23
161
218
85
33
155
126
17
66
120
110
80
170
197
181
98
194
131
26
235
10
33
67
199
41
228
19
198
139
226
205
67
40
32
106
255
38
21
186
19
48
195
116
80
106
153
74
240
17
131
110
153
174
90
69
240
28
20
65
145
242
51
187
24
118
163
235
13
35
144
118
57
136
236
72
144
184
162
113
176
66
169
83
226
152
163
83
199
46
75
95
69
158
227
175
66
13
33
102
223
38
69
190
81
184
233
118
120
92
48
111
228
85
183
111
153
174
24
5
240
29
156
65
16
242
183
189
24
87
161
90
63
181
108
46
55
160
93
30
181
68
213
241
45
79
36
85
153
118
2
241
241
114
209
103
100
170
192
19
122
121
101
233
159
252
151
182
255
88
248
117
108
203
127
233
212
81
247
111
58
190
153
15
240
16
252
21
56
179
247
155
187
223
172
74
28
131
212
126
57
176
252
105
49
184
232
251
180
115
141
66
226
153
161
107
199
46
203
127
69
30
227
47
90
5
161
110
223
38
69
186
83
248
249
118
120
92
56
47
244
21
247
111
153
172
24
5
240
29
156
73
16
242
183
189
88
87
161
250
50
176
137
63
61
208
158
12
210
171
153
252
224
70
7
26
253
131
34
211
197
39
67
223
196
223
245
239
66
190
227
226
207
44
71
190
123
56
233
116
120
92
48
169
213
113
183
111
185
174
24
3
240
29
92
81
20
243
151
189
56
83
96
106
155
248
95
127
191
248
222
152
122
187
253
251
238
119
108
217
239
131
53
211
197
37
99
223
229
95
241
255
79
47
231
118
223
44
85
182
123
121
233
117
122
94
59
47
213
21
247
111
153
238
24
7
240
29
221
73
22
243
183
189
120
87
96
250
154
248
155
127
190
249
222
137
90
187
189
255
254
86
108
249
253
131
38
211
197
53
103
223
197
95
243
239
67
111
167
114
223
44
69
190
123
120
233
117
122
92
56
47
213
85
183
111
153
174
24
7
240
29
220
73
22
243
183
189
120
83
98
250
188
254
127
253
126
255
251
249
253
255
254
253
255
124
253
252
251
253
255
59
245
123
254
255
253
127
119
247
125
215
255
255
239
235
255
253
254
255
253
253
251
221
243
191
215
183
255
123
175
255
223
207
250
189
159
93
246
254
255
239
251
223
175
190
78
1
139
185
59
147
217
207
148
226
31
180
17
206
185
118
192
149
1
67
198
55
198
19
13
130
160
15
82
169
53
123
231
36
85
186
82
122
225
116
240
92
48
44
212
22
129
111
155
172
24
5
240
29
156
65
16
242
51
189
88
86
34
250
5
37
137
184
0
22
45
79
128
230
1
144
81
102
189
66
203
84
1
98
130
48
64
3
92
129
164
9
66
136
49
73
215
4
85
170
18
120
225
120
48
88
60
41
212
20
229
111
155
172
24
5
240
29
28
73
16
242
51
189
88
87
96
250
251
253
255
255
127
127
223
251
255
245
253
251
255
251
254
255
251
245
127
255
191
255
245
191
253
255
247
191
127
255
255
255
203
111
167
255
222
127
251
255
250
223
251
255
223
255
245
111
191
191
159
207
248
191
159
93
120
246
255
255
251
223
190
223
5
39
1
0
8
14
36
71
32
4
2
4
80
117
185
1
201
104
3
96
193
32
80
195
92
28
132
140
0
132
17
64
151
4
67
170
16
40
73
72
36
20
24
167
84
84
167
111
153
172
8
4
242
29
24
73
16
226
19
181
72
83
96
234
5
6
4
128
8
142
32
67
32
64
2
5
80
117
40
1
200
40
1
224
213
36
80
243
80
24
128
196
32
132
1
65
223
32
83
170
81
88
233
76
116
20
24
167
196
84
247
111
153
172
8
12
240
29
152
73
18
242
19
181
72
87
32
234
253
255
255
253
254
253
253
243
189
255
254
251
223
250
255
255
255
255
255
111
191
223
254
253
255
127
127
255
253
247
254
191
255
219
255
101
247
255
255
255
255
191
239
119
255
255
127
179
255
219
175
255
223
231
251
255
127
221
253
239
247
249
223
191
133
135
212
212
57
114
166
118
52
252
110
65
14
125
128
37
235
216
165
99
197
43
224
115
72
127
177
110
124
6
35
99
215
32
85
186
83
120
233
244
112
28
56
167
213
16
247
111
153
172
24
5
240
29
156
73
16
242
51
189
88
87
32
250
133
223
212
212
57
123
250
118
52
248
108
213
6
93
134
173
235
220
165
99
197
43
228
115
73
79
161
78
81
6
51
99
215
32
85
186
83
120
233
244
82
92
56
47
213
20
247
111
153
172
24
5
240
29
156
73
16
242
51
189
88
87
32
250
77
205
154
253
50
115
252
247
24
250
109
152
18
196
237
235
235
217
37
103
207
173
228
19
77
95
163
110
81
6
182
115
243
52
85
186
82
120
225
244
114
94
56
46
247
22
211
110
153
172
24
5
240
29
157
73
16
242
51
189
88
86
35
251
248
251
255
253
127
127
255
250
253
255
254
255
255
253
254
255
255
253
255
123
246
127
252
255
237
255
247
254
127
87
119
255
223
111
247
255
222
127
249
117
126
221
255
63
223
183
247
111
191
191
159
205
250
189
159
93
124
246
255
255
251
223
175
254
218
201
138
223
38
95
220
135
31
231
61
142
26
228
127
186
29
211
56
191
14
189
231
11
59
199
183
126
67
243
150
51
183
189
49
97
219
79
250
123
114
255
229
121
191
30
245
62
215
202
94
199
157
79
176
250
209
243
56
125
117
120
18
238
211
205
138
223
38
94
220
135
27
239
61
206
26
196
126
186
45
211
60
191
14
189
230
11
107
215
183
126
81
51
150
51
183
185
49
97
251
77
234
227
114
190
237
121
191
30
245
62
223
202
94
135
221
79
180
234
211
243
56
121
117
113
18
239
63
247
109
236
54
53
125
90
245
94
208
251
239
109
180
93
251
252
103
121
241
126
145
127
236
255
119
187
127
119
116
233
214
110
158
158
239
124
121
61
125
202
251
237
215
241
247
127
58
181
24
78
234
144
190
29
188
182
127
223
255
223
236
178
188
249
59
253
50
253
253
251
221
155
250
255
243
68
249
252
243
220
231
75
245
62
132
223
237
223
183
171
87
199
55
250
226
36
125
255
119
127
233
244
251
94
243
62
214
183
151
127
169
173
24
5
248
29
157
65
148
242
59
189
95
95
34
178
157
251
127
109
188
121
253
248
217
157
254
255
239
117
207
232
227
204
239
107
101
168
164
254
111
127
55
178
221
71
35
254
254
96
93
248
119
51
233
245
251
94
187
62
212
179
254
125
169
189
94
5
248
31
141
73
22
240
63
173
92
87
34
184
195
213
147
159
209
130
94
137
67
99
41
202
162
194
166
27
111
87
52
7
10
173
98
11
198
215
243
111
147
40
2
37
147
167
60
219
0
109
103
87
34
202
44
105
191
28
253
183
65
132
80
53
36
162
52
235
145
58
48
59
28
85
147
163
215
237
145
158
192
206
78
71
75
69
57
154
210
231
150
26
239
195
36
103
15
173
99
131
223
215
183
109
131
170
146
41
146
55
117
155
8
124
227
94
32
202
169
233
191
28
253
62
209
164
96
246
32
90
52
235
64
123
16
113
92
117
113
234
220
217
222
253
49
123
122
246
24
251
111
157
18
212
239
235
235
221
53
107
207
173
228
51
77
79
163
110
81
7
55
123
243
52
85
186
83
122
225
244
242
94
56
46
245
22
231
111
153
172
26
5
240
29
157
73
16
242
51
189
88
86
34
251
156
251
127
237
54
121
252
251
221
155
254
255
247
84
253
248
243
220
255
107
101
60
132
126
237
222
167
163
95
71
55
250
242
36
125
255
119
127
233
245
251
94
243
62
214
151
214
127
169
189
30
5
248
29
141
73
148
242
59
191
93
95
34
177
189
255
119
109
188
124
245
248
249
221
238
251
79
125
223
169
235
236
231
43
117
168
164
246
111
127
53
178
253
71
99
255
254
96
93
240
119
51
233
180
251
92
58
191
212
51
254
109
169
189
94
1
216
31
141
73
22
240
55
173
94
87
32
184
5
37
169
152
0
22
36
71
32
102
129
4
80
100
189
67
201
104
3
96
193
48
80
195
92
128
132
13
0
140
49
65
215
4
87
170
16
104
105
120
32
24
60
33
84
84
245
111
153
172
24
5
242
29
28
73
16
242
19
181
88
83
96
234
28
167
212
126
57
184
252
105
25
184
238
243
180
115
141
82
226
153
161
107
199
46
203
123
77
158
227
175
90
7
161
110
223
38
85
186
87
248
249
118
120
92
185
47
244
21
247
111
153
172
24
5
240
29
156
73
16
242
51
189
88
87
161
254
229
46
101
33
217
236
163
248
232
61
202
119
225
127
202
165
235
109
207
100
249
143
26
252
70
124
28
167
188
14
107
151
93
107
71
187
16
178
45
14
77
84
26
150
77
235
46
145
40
53
72
56
209
254
142
1
44
236
135
164
206
71
36
88
5
6
68
128
9
139
32
114
36
80
2
69
8
121
168
5
224
57
65
224
213
38
208
243
65
56
128
70
56
4
33
65
223
32
83
186
81
90
233
108
244
20
56
135
197
112
247
111
153
172
24
5
240
29
152
73
18
242
51
181
72
87
32
122
189
252
255
237
254
255
255
253
253
255
254
253
255
127
255
236
251
253
255
43
245
123
254
252
253
127
127
247
125
223
255
255
255
235
207
117
255
243
253
125
255
93
239
191
213
183
255
115
191
253
159
237
252
189
157
93
254
254
255
239
251
223
46
254
5
134
68
4
41
191
166
114
52
116
38
65
12
121
164
5
233
249
225
98
245
99
208
243
72
127
129
118
124
4
49
99
223
96
85
186
83
120
233
124
116
28
56
167
213
48
247
79
153
172
24
5
240
29
152
73
56
242
51
189
88
87
32
250
53
52
117
36
29
160
161
124
240
184
214
53
108
47
129
16
226
44
131
208
241
34
73
247
212
40
192
147
106
21
233
239
31
232
37
180
63
186
9
124
93
68
27
130
64
97
195
79
56
110
9
11
240
28
88
65
46
178
151
153
170
135
36
78
179
244
116
39
189
160
155
153
254
121
246
123
172
11
192
117
246
166
7
209
241
34
185
124
228
58
97
251
222
63
225
247
104
236
60
246
255
59
169
245
219
222
26
142
192
115
218
93
169
247
24
9
248
150
141
65
50
179
183
188
186
23
38
153
250
253
255
255
118
127
223
187
255
247
253
250
255
254
254
222
187
247
126
255
191
255
247
127
253
255
247
191
127
251
254
255
147
237
231
255
255
125
251
127
126
255
255
125
255
63
253
63
255
175
159
207
250
191
191
125
120
247
113
255
255
255
191
254
21
37
155
124
17
224
248
78
16
168
197
181
96
194
129
26
106
8
1
67
199
40
196
19
68
154
226
207
67
41
33
110
207
38
37
186
19
58
203
116
216
124
144
74
240
17
163
111
153
174
26
69
240
28
28
65
17
242
59
187
24
119
163
235
141
174
247
97
216
238
167
250
56
253
194
119
194
125
203
129
139
109
175
106
244
77
14
249
79
125
25
166
252
70
35
223
93
83
121
33
53
182
125
44
237
52
186
182
109
163
126
225
40
85
109
248
211
254
139
4
110
140
135
167
194
199
5
94
185
54
84
39
253
232
179
248
218
57
222
119
172
63
194
244
118
198
135
112
225
2
175
124
236
168
104
155
254
11
235
255
125
229
124
246
119
179
137
213
221
212
27
158
192
35
234
85
169
119
95
33
252
134
142
105
106
244
183
168
222
6
36
156
3
197
9
30
0
138
92
2
99
6
45
202
170
99
68
27
239
227
36
165
6
36
65
103
109
215
183
45
3
42
0
33
150
36
16
154
74
8
234
122
32
218
40
233
151
88
245
46
209
160
16
4
40
1
182
139
17
114
48
61
80
85
48
250
154
248
91
127
255
250
222
152
218
187
221
255
238
86
108
249
255
135
39
211
197
39
67
223
229
223
241
175
71
43
167
242
223
44
197
190
123
58
233
117
122
94
59
47
213
119
183
111
185
174
24
7
240
29
221
73
20
243
183
189
120
87
98
218
30
59
243
252
58
237
248
103
86
248
87
53
85
86
185
210
255
222
96
74
199
60
198
219
141
222
242
205
66
239
181
238
71
182
117
190
223
122
251
87
48
93
245
110
229
132
247
111
155
174
153
71
242
29
156
73
1
243
123
251
89
47
161
246
179
182
81
39
252
184
159
56
218
61
254
251
238
83
196
49
246
231
39
211
229
37
67
222
193
255
245
255
78
43
227
110
223
44
197
182
127
56
233
245
120
92
59
175
213
113
183
111
184
174
9
3
244
29
28
65
54
243
151
189
248
87
100
222
50
240
139
63
127
242
154
8
222
187
153
254
225
70
5
121
251
135
35
211
197
39
67
95
197
223
247
175
67
187
227
242
207
44
71
190
123
56
233
117
120
92
48
173
213
113
183
111
185
174
24
3
240
29
220
81
16
243
183
189
56
87
32
122
5
6
100
129
217
189
163
248
172
125
194
71
137
121
217
37
226
253
207
96
240
34
138
248
74
40
12
6
188
6
41
95
125
37
84
186
80
50
141
132
213
84
24
142
64
162
200
65
136
45
24
1
242
29
141
73
0
114
51
180
72
70
32
120
4
39
145
48
8
142
38
71
96
36
2
4
80
101
176
1
202
73
131
96
193
33
80
211
220
24
132
205
0
132
49
64
215
4
71
170
16
56
233
68
108
20
56
163
197
84
183
111
153
172
8
5
242
29
24
73
16
242
19
181
72
87
96
234
227
213
136
30
7
138
92
3
99
67
37
202
178
202
36
31
110
115
52
149
10
182
241
103
68
215
243
45
19
40
148
33
146
164
148
155
2
76
34
115
34
202
44
105
147
92
245
14
81
162
16
4
44
0
246
171
25
179
48
63
24
113
146
171
218
201
138
223
39
75
92
135
31
227
61
140
26
228
127
186
29
19
48
159
14
189
231
11
57
199
179
126
67
243
150
51
179
189
51
97
251
77
234
107
50
253
229
105
191
30
245
62
215
202
90
135
191
65
240
250
211
243
56
121
53
120
146
226
214
97
147
30
64
2
94
199
67
163
57
154
210
230
150
26
235
3
52
71
11
173
227
3
222
215
183
109
3
168
130
40
210
37
36
223
10
44
67
222
34
74
165
105
191
28
173
62
211
164
112
211
32
26
52
235
200
123
16
121
28
84
115
162
214
241
155
159
80
2
92
135
67
227
41
186
146
194
134
90
111
199
52
71
11
173
102
11
206
199
243
109
131
40
148
57
242
167
60
219
10
125
99
215
34
202
165
105
187
28
205
30
85
172
114
247
40
18
52
235
208
58
48
91
92
84
51
179
249
221
255
253
127
255
255
254
253
253
253
219
255
252
126
255
255
253
255
123
254
255
254
255
255
255
247
254
125
83
127
255
223
111
211
125
214
249
248
123
126
223
255
63
245
183
245
111
191
191
159
141
250
189
159
93
121
246
255
255
251
223
175
254
29
187
210
125
57
176
252
106
208
184
231
241
228
115
137
82
226
139
163
67
199
46
203
127
197
159
227
239
66
13
161
110
223
166
69
190
83
184
249
118
120
124
184
103
244
117
183
111
153
238
24
69
240
29
156
73
16
242
183
191
120
119
161
254
29
57
219
124
59
225
248
110
82
184
215
181
112
198
169
82
235
158
32
66
199
44
198
91
173
154
226
207
66
111
181
110
215
54
53
190
87
122
251
119
112
125
253
110
229
149
183
111
153
174
24
71
240
29
156
73
17
243
59
191
89
39
161
246
190
50
117
167
254
189
131
121
238
125
210
119
237
123
216
85
242
229
79
112
241
70
155
252
222
184
108
191
190
218
113
222
71
237
78
190
252
50
173
222
205
84
82
158
193
227
184
85
168
53
137
8
242
181
143
89
100
118
151
180
234
159
44
124
147
250
89
119
254
186
222
56
218
185
255
251
238
87
68
57
247
199
63
211
229
37
67
223
225
223
245
255
86
43
227
126
223
44
212
182
127
56
233
245
120
92
59
47
213
113
183
111
185
174
8
7
240
29
220
73
20
243
183
189
120
87
100
222
154
250
95
127
254
250
222
24
250
187
253
251
238
87
76
249
255
199
63
211
197
37
67
223
229
223
241
255
79
43
231
126
223
44
213
182
127
57
233
117
122
94
59
47
213
119
183
111
185
174
8
7
240
29
221
73
20
243
183
189
120
87
102
219
78
41
203
249
59
211
219
207
158
250
167
180
145
242
171
242
226
213
1
99
206
53
198
115
77
194
162
15
82
9
53
107
247
36
85
186
82
122
233
116
240
92
56
44
213
22
193
111
153
172
24
5
240
29
157
73
16
242
51
189
88
86
32
250
5
37
153
184
8
150
46
71
0
230
1
128
80
100
183
82
202
65
1
98
195
49
66
67
92
194
164
13
66
140
49
99
215
4
85
170
16
120
233
124
96
72
60
41
213
20
245
111
153
172
24
5
240
29
28
73
16
242
51
189
88
87
96
250
5
134
212
20
105
174
166
118
52
116
46
193
12
121
134
5
235
249
161
99
245
99
242
115
73
111
129
126
120
4
49
103
215
36
84
186
83
120
249
124
116
28
56
167
213
16
247
111
153
172
24
5
240
29
156
73
24
242
51
189
88
87
32
250
5
134
212
212
105
250
166
118
52
116
110
65
12
121
134
5
235
249
161
99
229
43
226
115
73
111
129
126
120
4
33
103
223
32
84
186
81
120
233
124
116
28
56
167
213
17
247
111
153
172
24
5
240
29
152
73
16
242
51
189
88
87
32
250
197
135
212
212
121
122
246
118
48
253
108
213
14
125
134
33
235
201
169
99
229
41
226
243
73
111
160
126
125
6
35
103
223
32
85
186
83
120
249
244
116
28
56
39
245
17
247
111
153
172
24
5
240
29
156
73
16
242
51
189
88
87
32
250
250
252
254
255
55
255
223
175
255
255
253
251
255
190
127
254
191
183
126
255
191
223
247
63
253
255
255
191
127
255
254
255
135
253
239
223
255
125
248
127
127
223
231
125
191
159
255
63
255
251
223
207
254
183
247
255
250
247
253
255
255
249
154
159
205
223
220
220
121
123
250
118
48
253
109
221
14
125
134
171
235
221
185
107
229
41
230
243
73
111
160
94
121
7
51
103
223
36
85
186
83
120
249
244
82
92
56
47
245
22
247
111
153
172
24
5
240
29
156
73
16
242
51
189
88
87
34
251
251
253
255
253
127
255
127
255
253
255
253
249
255
253
126
254
255
245
127
123
254
255
246
191
255
255
247
190
127
247
127
239
219
239
183
127
222
255
248
255
122
255
255
127
255
191
245
111
191
191
159
207
248
189
159
93
125
246
255
255
251
223
191
255
248
219
255
253
127
255
255
255
253
253
254
249
255
253
253
239
255
253
255
123
252
127
254
191
255
255
247
254
125
215
127
255
255
111
247
125
214
255
248
253
254
223
255
63
255
183
253
111
191
191
223
207
250
189
159
93
125
254
255
255
251
223
175
255
210
201
138
255
39
74
220
135
31
235
61
142
26
196
111
186
13
19
48
159
14
189
231
11
105
71
179
126
83
243
150
51
179
185
57
97
251
77
234
227
114
191
229
105
191
30
247
62
215
202
90
199
157
71
176
234
211
211
56
123
53
120
146
163
195
205
138
191
39
66
220
135
27
235
61
206
10
196
70
187
13
11
52
151
14
173
231
11
99
71
179
126
81
51
166
51
247
185
185
97
251
77
234
227
114
174
173
105
191
30
247
58
223
202
26
199
205
231
112
234
219
147
185
123
53
113
146
170
63
247
109
236
54
53
253
122
245
94
248
241
111
125
180
77
251
252
231
105
241
126
144
255
124
191
55
179
127
87
116
249
210
110
190
190
255
124
121
61
125
202
251
191
214
241
246
111
42
181
28
12
232
20
142
93
60
246
127
223
251
223
44
178
47
181
108
60
55
165
85
30
181
68
213
245
45
95
36
87
153
124
2
211
241
114
208
119
100
186
192
147
122
117
69
233
143
248
147
166
255
72
248
117
124
189
127
233
212
81
247
111
58
190
137
15
240
21
120
21
62
179
247
187
187
219
172
74
62
50
101
167
254
181
139
57
254
125
210
119
253
122
249
84
242
247
79
112
241
118
155
124
188
184
108
159
254
217
125
255
103
236
222
190
254
122
137
93
221
85
87
14
193
167
200
77
190
61
153
9
242
189
159
89
108
118
55
156
234
159
44
253
5
38
212
176
72
138
38
71
32
96
2
65
64
113
168
1
232
169
1
98
197
37
82
243
84
74
128
206
96
4
33
67
215
36
87
186
17
120
233
108
100
20
56
167
213
80
247
111
153
172
24
5
240
29
152
73
16
242
19
181
88
87
32
250
77
109
154
253
48
115
122
247
17
250
109
152
82
192
237
235
235
217
49
111
207
173
229
147
77
79
163
238
81
6
182
115
243
52
85
187
82
120
225
116
114
94
56
47
247
22
227
111
153
172
24
5
240
29
156
73
16
243
51
189
88
118
35
251
77
215
252
92
121
247
247
118
53
253
108
217
14
125
134
77
235
253
185
99
245
107
230
115
73
111
160
126
125
5
113
111
215
101
84
186
82
120
249
252
118
94
56
39
213
16
247
111
153
172
24
5
240
29
156
77
24
246
51
189
88
87
34
251
249
222
255
223
254
255
223
191
255
253
126
205
159
252
125
237
255
247
254
43
252
127
254
255
251
127
247
126
125
211
255
255
223
107
211
117
215
251
250
121
122
221
235
63
253
182
253
111
189
153
159
207
252
189
159
223
117
254
123
191
243
223
15
254
179
242
93
103
252
184
159
56
250
189
254
251
239
123
196
48
247
167
111
243
229
39
75
220
237
255
253
191
110
63
227
239
223
172
68
182
127
56
233
253
121
92
59
175
213
113
183
111
185
238
9
3
244
29
156
65
54
243
183
189
250
215
100
222
218
250
89
127
255
250
222
56
218
187
253
251
239
86
76
249
255
199
63
219
205
39
67
222
229
223
245
191
87
43
231
254
223
172
197
182
127
57
233
119
122
94
51
47
213
119
183
111
185
174
24
3
244
61
221
73
20
242
183
191
120
87
102
222
250
250
75
127
255
250
222
152
222
187
223
255
239
86
109
249
255
199
127
211
205
39
67
95
229
223
245
175
87
59
231
254
223
172
199
190
123
59
233
119
122
92
51
47
213
119
181
111
185
174
24
3
240
29
220
73
20
242
183
191
120
87
38
250
114
240
41
63
255
242
155
25
222
187
153
255
161
78
21
61
251
231
99
211
245
39
83
95
197
223
245
175
82
187
227
230
207
172
199
190
251
56
233
117
120
92
50
169
213
113
181
111
184
174
152
1
240
29
220
81
16
178
183
189
186
215
44
90
78
169
219
249
123
219
250
205
26
250
135
188
209
66
171
243
234
213
49
67
198
53
198
91
77
202
162
47
82
73
53
106
247
36
85
186
82
122
233
118
240
92
116
44
213
22
209
111
153
172
24
5
240
29
157
73
16
242
51
189
88
87
32
250
249
220
255
253
239
255
255
254
189
255
253
201
159
253
126
239
253
253
127
107
254
127
254
63
123
255
247
254
125
211
127
239
223
123
211
125
215
255
248
123
126
223
255
63
253
191
245
111
191
137
159
141
250
253
159
93
121
246
123
255
243
223
15
254
69
33
145
184
88
130
42
68
96
238
129
4
208
64
179
83
202
97
33
98
199
37
66
195
204
194
162
175
2
12
49
67
215
4
87
170
16
120
233
116
96
76
60
41
245
20
245
111
153
172
24
5
240
29
28
73
16
242
19
189
88
87
96
250
69
35
145
48
72
130
38
70
96
36
2
4
208
101
178
3
226
105
131
98
193
37
66
195
204
74
164
143
0
140
49
64
87
4
71
186
16
40
233
76
108
84
56
35
229
84
183
111
153
172
8
5
242
29
28
73
20
242
19
181
72
87
96
234
69
175
245
116
104
158
190
71
56
253
43
193
206
117
134
1
235
233
169
99
229
109
114
243
93
79
162
255
104
12
49
103
215
36
84
186
82
120
249
124
116
92
56
175
245
16
247
111
153
172
24
5
240
29
156
73
16
242
51
189
88
87
32
250
69
175
213
244
104
250
246
118
48
253
238
65
206
117
130
1
235
233
169
99
229
45
98
243
69
111
160
254
104
4
33
103
223
37
84
186
83
120
249
252
116
92
56
167
245
17
247
111
153
172
24
5
240
29
156
73
16
242
51
189
88
87
32
250
93
249
223
221
114
251
122
118
88
186
239
157
82
208
237
234
163
221
57
111
207
45
199
147
201
75
162
238
81
5
181
107
255
53
85
187
82
122
225
117
242
94
185
47
247
23
231
111
153
172
24
71
240
29
157
73
16
243
51
191
88
118
35
251
47
181
236
60
55
183
117
30
181
84
212
245
109
125
36
71
137
124
195
179
241
115
208
119
100
186
192
151
122
117
69
225
159
120
147
164
255
88
248
125
124
189
127
225
213
113
247
111
58
190
137
15
240
28
216
21
62
179
247
159
187
219
172
90
214
97
155
31
50
2
94
199
195
162
49
186
114
130
135
90
235
147
50
71
11
189
231
15
140
195
254
109
67
172
182
56
114
37
36
223
10
125
67
214
50
74
181
104
187
28
129
62
95
172
114
199
40
26
52
107
208
243
57
89
125
84
50
179
109
143
254
125
120
183
255
119
57
253
77
217
222
125
183
76
235
249
187
103
245
109
246
123
93
107
166
127
121
5
113
111
247
37
84
187
82
120
249
124
118
94
56
174
245
16
215
111
153
172
24
5
240
29
156
73
24
246
51
189
88
87
34
251
77
175
222
253
120
251
254
118
56
249
237
221
206
245
142
234
227
201
57
111
231
45
226
243
73
107
162
254
125
5
51
111
255
37
85
186
83
122
249
244
114
94
56
47
245
23
247
111
153
172
24
5
240
29
156
73
16
242
51
189
88
87
35
251
