posters/Movie Poster 90.jpg
512 : 646
280
44.5018
-1
0
369
485
0.00779517
31
28.0725
-1
0
367
488
0.00549805
31
-92.3278
-1
0
163
162
0.0038606
31
127.208
-1
0
158
146
0.00749133
31
-4.19418
-1
0
166
173
0.00414579
31
-35.6279
-1
0
168
161
0.003537
31
-104.113
-1
0
230
320
0.00419931
31
-59.6474
-1
0
166
160
0.00372597
31
-151.02
-1
0
156
160
0.00364481
31
-20.556
-1
0
370
491
0.00454885
31
27.5528
-1
0
371
487
0.0111549
31
107.928
-1
0
320
413
0.0041005
31
-141.147
-1
0
320
419
0.00616927
31
80.1342
-1
0
342
494
0.00568837
31
-9.18054
-1
0
171
164
0.00508183
31
7.40691
-1
0
171
98
0.00346128
31
-63.7942
-1
0
322
484
0.0116355
31
110.144
-1
0
232
152
0.00434881
31
76.5191
-1
0
171
149
0.00645989
31
128.387
-1
0
158
148
0.00439134
31
76.0568
-1
0
173
147
0.00589195
31
122.645
-1
0
307
502
0.0070254
31
72.6025
-1
0
170
146
0.00575523
31
102.482
-1
0
329
470
0.00768367
31
140.16
-1
0
156
145
0.0042606
31
153.435
-1
0
152
145
0.00380505
31
-176.424
-1
0
155
172
0.00438369
31
177.879
-1
0
396
506
0.00838416
31
24.6236
-1
0
282
271
0.00602357
31
-140.194
-1
0
158
195
0.0037905
31
22.9058
-1
0
168
100
0.00388763
31
-67.8337
-1
0
388
508
0.00401323
31
71.1364
-1
0
169
143
0.0044244
31
-127.121
-1
0
158
201
0.00348047
31
95.4403
-1
0
166
143
0.00358921
31
161.188
-1
0
156
140
0.00813004
31
-11.4337
-1
0
353
547
0.00784229
31
108.726
-1
0
314
511
0.00815242
31
102.688
-1
0
263
514
0.00407937
31
131.583
-1
0
371
449
0.00425054
31
22.6938
-1
0
169
138
0.00615551
31
63.4349
-1
0
167
138
0.00608252
31
-93.743
-1
0
163
201
0.00412941
31
-3.81407
-1
0
312
515
0.00448866
31
146.31
-1
0
289
532
0.00720842
31
-61.336
-1
0
333
531
0.00368135
31
-128.66
-1
0
311
345
0.0144382
31
-50.9806
-1
0
288
382
0.00938002
31
144.203
-1
0
267
517
0.00393875
31
149.287
-1
0
367
430
0.00693916
31
142.712
-1
0
265
518
0.00560485
31
-173.936
-1
0
155
175
0.00812398
31
-34.679
-1
0
167
188
0.00681767
31
-8.54184
-1
0
170
176
0.00581923
31
-70.7693
-1
0
312
524
0.00662631
31
-94.4327
-1
0
166
132
0.00780483
31
-149.216
-1
0
155
132
0.00910012
31
150.43
-1
0
155
103
0.00483448
31
-73.951
-1
0
169
131
0.00598891
31
-125.34
-1
0
305
348
0.00696804
31
-157.545
-1
0
154
188
0.00457252
31
36.0644
-1
0
172
109
0.00369134
31
-108.122
-1
0
314
527
0.0100829
31
-78.147
-1
0
172
128
0.00511159
31
-95.9598
-1
0
164
128
0.0061095
31
-124.287
-1
0
158
128
0.00601769
31
-145.62
-1
0
152
128
0.00470991
31
-22.9391
-1
0
171
187
0.00619029
31
-10.5126
-1
0
168
168
0.00529813
31
135.764
-1
0
153
110
0.00367142
31
-158.764
-1
0
158
181
0.00531255
31
-55.561
-1
0
328
532
0.0082125
31
-14.1911
-1
0
170
181
0.00447323
31
51.9343
-1
0
170
111
0.00378045
31
-72.0186
-1
0
288
387
0.00463488
31
125.838
-1
0
369
543
0.00477078
31
-67.5206
-1
0
298
354
0.0044897
31
-129.56
-1
0
300
407
0.00418105
31
-163.811
-1
0
156
182
0.00641008
31
-151.576
-1
0
226
117
0.00348463
31
-162.168
-1
0
154
184
0.00387128
31
-56.4451
-1
0
164
184
0.00493211
31
-43.4518
-1
0
265
386
0.00357455
31
-16.8868
-1
0
171
184
0.00507183
31
115.263
-1
0
335
428
0.002879
31
-58.0387
-1
0
169
208
0.00308089
31
114.246
-1
0
158
110
0.00318952
31
130.601
-1
0
371
538
0.00338997
31
-46.5235
-1
0
168
196
0.00335751
31
52.4314
-1
0
313
414
0.00295392
31
-175.011
-1
0
160
173
0.00290505
31
-54.2726
-1
0
310
423
0.00327806
31
37.0731
-1
0
271
501
0.0031309
31
-1.98252
-1
0
170
172
0.00309034
31
-48.3309
-1
0
260
99
0.00337893
31
22.4259
-1
0
301
505
0.00311487
31
25.1448
-1
0
371
172
0.00268783
31
25.0169
-1
0
364
541
0.00287604
31
-145.869
-1
0
261
527
0.00280472
31
101.31
-1
0
275
494
0.0027376
31
169.658
-1
0
367
517
0.00286807
31
18.8247
-1
0
264
135
0.00246841
31
61.9553
-1
0
324
471
0.00255381
31
11.5237
-1
0
279
276
0.0024842
31
-119.655
-1
0
161
160
0.00258061
31
-92.0454
-1
0
327
483
0.00266803
31
-171.798
-1
0
391
535
0.00245318
31
-51.1041
-1
0
259
101
0.00230875
31
92.07
-1
0
337
463
0.00230966
31
37.8987
-1
0
294
463
0.00244298
31
17.5577
-1
0
315
171
0.0024672
31
107.716
-1
0
291
523
0.00235112
31
42.7094
-1
0
388
505
0.00226205
31
93.9909
-1
1
337.2
462
0.0024559
37.2
-93.8655
-1
1
327.6
482.4
0.00298003
37.2
-160.19
-1
1
156
159.6
0.00210361
37.2
-149.568
-1
1
154.8
188.4
0.00224649
37.2
-28.1416
-1
1
170.4
187.2
0.00360907
37.2
-140.917
-1
1
156
190.8
0.00229564
37.2
14.0362
-1
1
370.8
490.8
0.00456028
37.2
-81.6341
-1
1
301.2
406.8
0.00312554
37.2
-111.949
-1
1
313.2
344.4
0.00780901
37.2
94.514
-1
1
342
494.4
0.00731791
37.2
104.931
-1
1
307.2
501.6
0.0070665
37.2
-111.93
-1
1
159.6
201.6
0.00233782
37.2
137.911
-1
1
265.2
518.4
0.00326037
37.2
-33.1579
-1
1
168
160.8
0.00359091
37.2
114.274
-1
1
320.4
412.8
0.00519119
37.2
100.685
-1
1
343.2
489.6
0.00300261
37.2
18.1219
-1
1
313.2
414
0.0028284
37.2
124.38
-1
1
386.4
471.6
0.0023777
37.2
-152.038
-1
1
152.4
128.4
0.00503885
37.2
-151.645
-1
1
321.6
418.8
0.00615116
37.2
-130.101
-1
1
158.4
128.4
0.00678226
37.2
-23.8644
-1
1
170.4
183.6
0.00487195
37.2
-104.459
-1
1
164.4
128.4
0.00643315
37.2
-91.1935
-1
1
171.6
128.4
0.00600477
37.2
27.8973
-1
1
372
486
0.00779146
37.2
-50.5275
-1
1
309.6
422.4
0.00229651
37.2
-23.4047
-1
1
170.4
163.2
0.00423018
37.2
-20.2657
-1
1
169.2
181.2
0.00528868
37.2
-155.4
-1
1
158.4
181.2
0.00426407
37.2
-45
-1
1
169.2
190.8
0.00259231
37.2
124.824
-1
1
314.4
510
0.00849857
37.2
-88.3028
-1
1
168
130.8
0.00522385
37.2
159.969
-1
1
152.4
144
0.00527414
37.2
76.079
-1
1
169.2
145.2
0.00699713
37.2
-57.1549
-1
1
321.6
483.6
0.0103592
37.2
77.0054
-1
1
270
501.6
0.00274981
37.2
-157.62
-1
1
387.6
507.6
0.00258876
37.2
-48.4028
-1
1
264
385.2
0.00262589
37.2
-12.0948
-1
1
170.4
175.2
0.00367048
37.2
80.7398
-1
1
168
142.8
0.0062417
37.2
-165.732
-1
1
154.8
175.2
0.00462511
37.2
37.7468
-1
1
367.2
487.2
0.00495424
37.2
-149.621
-1
1
156
132
0.00660355
37.2
136.375
-1
1
372
448.8
0.002998
37.2
-128.418
-1
1
306
348
0.00626169
37.2
12.2648
-1
1
372
172.8
0.00210264
37.2
127.807
-1
1
334.8
427.2
0.00254521
37.2
-55.8542
-1
1
168
195.6
0.00272006
37.2
-65.1126
-1
1
288
386.4
0.0056893
37.2
102.281
-1
1
274.8
493.2
0.00287307
37.2
-108.628
-1
1
231.6
320.4
0.00259316
37.2
141.285
-1
1
158.4
148.8
0.00208359
37.2
127.367
-1
1
266.4
516
0.00385282
37.2
143.591
-1
1
367.2
429.6
0.00441918
37.2
-169.306
-1
1
154.8
171.6
0.00231286
37.2
75.8378
-1
1
170.4
148.8
0.00397694
37.2
54.6375
-1
1
302.4
504
0.00628505
37.2
106.236
-1
1
261.6
513.6
0.00312787
37.2
168.802
-1
1
156
139.2
0.00665409
37.2
91.9749
-1
1
328.8
469.2
0.00703917
37.2
-70.3879
-1
1
289.2
381.6
0.00807842
37.2
-38.3675
-1
1
169.2
136.8
0.00831281
37.2
-86.6335
-1
1
312
524.4
0.00544217
37.2
92.2026
-1
1
313.2
513.6
0.00683911
37.2
111.877
-1
1
231.6
152.4
0.00372376
37.2
-17.468
-1
1
169.2
168
0.00250921
37.2
-59.9744
-1
1
170.4
202.8
0.00142599
37.2
-61.46
-1
1
165.6
159.6
0.00202121
37.2
126.347
-1
1
291.6
523.2
0.00171313
37.2
23.8896
-1
1
265.2
133.2
0.00152051
37.2
-158.826
-1
1
153.6
183.6
0.00137473
37.2
-65.4002
-1
1
169.2
207.6
0.00194389
37.2
19.5923
-1
1
314.4
171.6
0.00137302
37.2
5.71059
-1
1
282
270
0.00191771
37.2
-129.094
-1
1
158.4
194.4
0.00197136
37.2
131.211
-1
1
387.6
469.2
0.0018052
37.2
-66.0375
-1
1
168
205.2
0.00195144
37.2
-71.4958
-1
1
168
210
0.00188099
37.2
-146.31
-1
1
182.4
132
0.00145602
37.2
138.652
-1
1
370.8
452.4
0.00176339
37.2
-119.954
-1
1
288
207.6
0.00135288
37.2
-122.845
-1
1
157.2
201.6
0.00135233
37.2
-53.9726
-1
2
321.12
485.28
0.00740316
44.64
-107.65
-1
2
313.92
345.6
0.0051523
44.64
92.4628
-1
2
329.76
468
0.00571018
44.64
-28.6442
-1
2
168.48
174.24
0.0025357
44.64
-160.966
-1
2
155.52
175.68
0.00316655
44.64
94.7636
-1
2
341.28
495.36
0.00653145
44.64
52.4314
-1
2
368.64
489.6
0.0045357
44.64
-119.197
-1
2
311.04
348.48
0.00333404
44.64
-73.8278
-1
2
288
387.36
0.00383309
44.64
104.783
-1
2
167.04
144
0.00391043
44.64
-147.095
-1
2
158.4
181.44
0.00398965
44.64
42.255
-1
2
292.32
460.8
0.00222274
44.64
-31.4462
-1
2
168.48
181.44
0.00505069
44.64
115.774
-1
2
231.84
152.64
0.0026196
44.64
102.848
-1
2
308.16
502.56
0.00584357
44.64
-9.68879
-1
2
312.48
413.28
0.0031462
44.64
-119.31
-1
2
305.28
349.92
0.00396417
44.64
-102.057
-1
2
300.96
349.92
0.0035484
44.64
-51.5198
-1
2
263.52
384.48
0.00266327
44.64
-140.194
-1
2
322.56
419.04
0.00506786
44.64
-88.8065
-1
2
328.32
482.4
0.002784
44.64
162.561
-1
2
152.64
144
0.00440042
44.64
101.384
-1
2
275.04
492.48
0.00254722
44.64
65.5081
-1
2
322.56
470.88
0.00233267
44.64
93.3665
-1
2
269.28
501.12
0.00269059
44.64
124.992
-1
2
345.6
493.92
0.00422341
44.64
140.906
-1
2
334.08
427.68
0.00246055
44.64
-22.9887
-1
2
169.92
162.72
0.00240316
44.64
141.546
-1
2
365.76
429.12
0.00356396
44.64
-81.7872
-1
2
292.32
385.92
0.00297667
44.64
-69.0013
-1
2
167.04
195.84
0.00226027
44.64
-69.3765
-1
2
289.44
381.6
0.00668115
44.64
-92.4896
-1
2
298.08
355.68
0.00272121
44.64
158.819
-1
2
156.96
145.44
0.00299574
44.64
118.179
-1
2
345.6
498.24
0.0023148
44.64
-127.962
-1
2
339.84
332.64
0.0017427
44.64
-151.206
-1
2
158.4
159.84
0.00183277
44.64
-157.423
-1
2
155.52
171.36
0.00148409
44.64
-67.5405
-1
2
169.92
203.04
0.00120791
44.64
94.8793
-1
2
336.96
462.24
0.00185994
44.64
-91.6707
-1
2
164.16
213.12
0.00120508
44.64
-156.161
-1
2
155.52
159.84
0.00132961
44.64
130.365
-1
2
322.56
410.4
0.00132346
44.64
-105.046
-1
2
231.84
319.68
0.00208225
44.64
-49.0686
-1
2
311.04
421.92
0.00167514
44.64
-38.3514
-1
2
171.36
187.2
0.00141184
44.64
-146.014
-1
2
155.52
185.76
0.00165566
44.64
116.565
-1
2
342.72
489.6
0.00189155
44.64
88.6196
-1
2
171.36
148.32
0.00208678
44.64
-47.0454
-1
2
299.52
407.52
0.00194873
44.64
-27.0506
-1
2
169.92
167.04
0.00152619
44.64
156.371
-1
2
158.4
148.32
0.00188386
44.64
-44.5692
-1
2
283.68
378.72
0.00110599
44.64
-134.16
-1
2
155.52
191.52
0.00109159
44.64
-117.35
-1
3
338.688
331.776
0.001779
53.568
-100.366
-1
3
314.496
345.6
0.00283869
53.568
-95.7514
-1
3
300.672
349.056
0.00279887
53.568
-107.805
-1
3
305.856
350.784
0.00220058
53.568
80.3401
-1
3
328.32
466.56
0.00491746
53.568
65.1196
-1
3
321.408
471.744
0.00243928
53.568
-165.964
-1
3
333.504
426.816
0.00191977
53.568
-137.49
-1
3
323.136
418.176
0.00484389
53.568
-33.147
-1
3
311.04
412.992
0.00313449
53.568
-40.5392
-1
3
300.672
407.808
0.00194284
53.568
-69.9628
-1
3
288.576
385.344
0.0046041
53.568
-50.3257
-1
3
262.656
383.616
0.00231307
53.568
-67.3354
-1
3
288.576
378.432
0.0033294
53.568
-100.981
-1
3
231.552
317.952
0.00126712
53.568
-49.6502
-1
3
309.312
421.632
0.00131102
53.568
-52.8831
-1
3
283.392
378.432
0.001517
53.568
110.462
-1
3
338.688
464.832
0.00117829
53.568
-88.4792
-1
3
297.216
357.696
0.00118775
53.568
-73.1683
-1
3
260.928
330.048
0.000946624
53.568
-91.4411
-1
4
300.672
350.438
0.00190282
64.2816
-74.792
-1
4
290.304
377.395
0.00162309
64.2816
-53.8807
-1
4
261.274
383.616
0.00154762
64.2816
-70.2239
-1
4
288.23
385.69
0.00269721
64.2816
-93.4336
-1
4
306.893
352.512
0.00130535
64.2816
-38.741
-1
4
302.746
408.499
0.00144202
64.2816
-59.3745
-1
4
294.451
404.352
0.000967816
64.2816
-75.5899
-1
4
257.126
331.776
0.000828719
64.2816
-68.6631
-1
4
261.274
329.702
0.000791649
64.2816
-57.1237
-1
5
261.274
380.713
0.00132548
77.1379
-69.6236
-1
5
261.274
328.458
0.000699011
77.1379
-73.6518
-1
5
256.297
330.947
0.000575247
77.1379
280
64
77
238
215
233
248
243
166
244
57
249
232
205
204
117
139
169
235
237
217
46
245
105
78
249
98
109
8
246
237
71
43
215
253
227
93
49
117
243
253
36
127
60
90
182
85
163
255
243
188
93
76
37
245
229
156
237
86
206
143
133
210
79
55
244
77
174
214
237
248
230
166
244
57
253
74
93
196
55
155
160
235
203
153
46
233
13
79
249
234
76
44
231
76
71
187
151
117
241
125
49
53
247
109
36
109
20
90
166
109
129
255
243
172
92
124
53
245
230
152
235
198
207
135
132
194
111
51
244
212
121
147
245
48
98
252
206
64
139
233
253
98
198
195
250
35
68
180
79
15
168
228
27
13
207
163
169
83
42
34
62
114
135
60
219
52
253
203
215
3
104
177
114
174
31
77
190
72
167
118
247
73
182
52
104
192
186
33
75
92
36
179
182
0
194
4
32
220
168
38
112
104
35
235
72
194
69
68
1
98
205
45
225
135
36
9
217
77
94
41
174
84
7
33
68
83
231
92
27
65
184
173
134
21
208
56
175
193
9
126
19
136
213
16
32
105
189
143
9
0
218
147
165
64
87
32
190
2
49
144
23
237
128
158
0
74
131
129
106
226
66
0
17
52
3
32
147
207
45
67
199
128
82
242
238
0
44
129
2
15
152
203
4
57
8
234
67
104
8
33
105
181
121
191
63
184
218
8
99
244
193
120
227
7
19
150
179
48
115
245
74
211
220
80
6
253
10
86
138
58
17
172
107
174
211
70
25
111
131
60
148
77
143
169
96
162
95
121
111
247
47
194
36
154
229
16
215
99
17
175
245
81
222
10
83
201
29
254
133
197
215
82
20
237
226
139
235
82
253
180
53
20
117
148
72
46
38
97
161
156
244
175
121
141
254
218
54
193
12
153
68
153
93
195
66
249
55
218
89
93
220
181
165
16
158
59
154
71
8
223
170
244
56
233
116
104
84
50
172
87
128
181
115
186
172
152
9
242
29
156
81
0
226
83
189
74
215
104
242
211
217
146
118
221
42
68
10
26
1
174
251
162
194
196
153
111
135
61
93
15
140
169
75
167
223
115
107
215
11
130
60
154
167
60
219
98
213
103
214
211
214
168
123
139
31
60
150
193
181
118
180
108
166
167
235
209
184
164
47
28
37
149
156
90
58
154
121
42
113
248
166
88
186
83
132
80
132
43
186
125
138
33
202
143
181
71
155
141
73
242
232
65
69
183
242
119
20
221
45
95
126
232
98
184
76
241
60
87
135
147
127
155
232
28
71
242
29
93
89
135
243
27
245
93
99
64
230
196
170
215
243
200
216
230
193
105
113
78
79
214
247
202
8
239
139
189
98
207
237
10
217
210
95
83
246
172
131
139
6
159
211
81
65
25
205
255
2
101
53
232
119
109
13
255
179
221
204
169
254
215
231
74
235
79
92
212
39
196
113
213
78
77
174
214
237
248
247
162
213
57
221
74
77
220
55
251
233
227
249
185
46
245
77
94
249
123
108
12
247
108
71
187
151
245
195
127
49
117
223
253
52
109
21
90
54
109
199
127
243
252
93
108
61
247
231
152
239
86
204
142
164
195
79
55
244
225
205
230
93
1
102
229
255
161
237
168
201
46
237
134
175
171
40
167
111
62
239
118
163
83
127
147
178
57
18
98
23
250
115
97
48
145
132
126
172
127
62
184
231
191
113
127
234
104
130
126
249
209
94
16
140
171
188
197
99
150
244
137
74
35
204
236
15
171
205
209
4
251
245
46
205
190
63
108
188
237
178
178
185
245
67
127
237
241
117
77
118
111
95
223
103
157
232
105
84
254
131
248
62
251
159
108
167
157
114
126
99
177
210
79
13
252
5
153
101
62
215
238
172
243
217
46
207
126
58
241
178
74
191
46
71
97
98
123
50
255
166
186
82
247
139
97
96
241
85
91
223
222
205
237
255
34
244
253
206
7
132
71
47
169
236
165
74
44
85
116
41
69
13
247
207
222
236
136
218
230
29
95
217
76
254
211
177
155
219
120
102
195
215
16
71
237
152
222
144
58
17
45
203
174
83
100
25
100
171
60
151
79
45
35
112
225
86
249
126
188
39
131
54
158
241
80
69
123
25
254
227
83
30
42
119
241
89
255
55
137
223
0
103
253
231
218
235
19
223
180
55
112
115
182
75
65
11
130
87
64
138
102
34
8
161
7
138
146
177
9
10
4
11
57
207
142
141
66
195
75
90
140
102
0
0
0
2
211
51
97
33
17
13
230
106
240
60
56
39
189
24
47
163
221
200
41
245
245
125
153
194
83
255
19
245
72
112
17
234
129
204
94
47
201
106
247
216
57
61
12
239
174
111
206
169
235
43
189
35
228
109
41
120
99
127
91
182
253
67
107
119
223
195
121
113
53
133
253
60
117
252
106
51
127
81
126
241
169
209
122
52
205
231
136
174
191
156
174
175
148
231
151
142
5
6
129
128
72
158
38
69
32
102
2
4
144
36
185
1
136
41
129
0
192
37
90
67
84
208
12
4
0
136
17
65
135
0
67
160
48
72
105
8
96
20
48
161
85
84
181
107
25
172
8
4
179
29
28
1
16
98
19
181
72
87
96
250
77
138
198
106
105
122
226
158
48
184
78
165
8
119
171
169
75
168
153
46
229
73
110
179
99
73
24
132
125
65
11
71
189
227
113
48
119
210
253
52
247
61
26
54
93
135
103
234
189
108
207
21
213
109
154
204
118
204
175
173
80
71
23
218
1
222
68
32
220
184
38
81
40
35
235
72
202
69
196
1
226
205
45
97
142
36
9
249
109
94
41
174
84
7
33
68
83
231
92
27
64
185
173
134
37
210
56
175
197
11
126
19
128
213
16
32
105
245
143
41
16
222
147
165
64
87
32
190
77
142
198
106
73
122
162
14
48
176
14
229
44
127
175
169
75
40
185
46
228
73
110
179
99
105
24
150
109
65
3
71
157
195
65
48
117
146
253
44
253
53
26
38
93
211
119
234
185
108
239
28
213
69
153
140
63
204
175
165
194
71
151
90
50
218
50
175
234
204
158
133
79
234
59
140
49
6
121
252
247
146
66
210
157
19
23
12
223
69
239
111
131
191
191
246
101
188
79
31
218
230
232
102
163
92
69
168
246
222
190
61
221
238
212
3
182
5
181
115
146
243
216
52
126
106
58
164
5
138
130
106
73
122
166
142
48
176
14
229
0
87
143
169
75
136
185
10
196
9
110
83
99
201
24
134
109
1
3
71
157
227
113
48
117
146
237
36
227
52
10
54
93
131
119
235
249
124
79
20
213
101
155
138
55
204
142
165
64
71
151
94
95
217
220
124
55
59
95
62
55
20
253
187
60
127
46
219
189
255
58
254
39
251
195
114
237
127
241
125
125
101
244
169
158
125
181
254
71
121
240
125
63
159
255
127
253
149
247
110
159
183
95
135
250
62
155
77
120
247
63
223
249
239
164
218
135
186
1
32
220
250
6
80
8
49
130
80
194
17
196
145
105
205
45
97
197
33
42
89
77
223
25
111
22
15
1
68
21
165
220
26
64
184
237
6
65
148
40
167
193
8
124
35
144
245
8
0
225
245
138
41
0
82
130
165
72
87
52
254
135
170
193
136
89
218
130
76
26
113
134
253
66
19
142
153
233
133
184
25
197
33
110
65
101
195
24
103
55
45
3
79
149
161
85
186
114
242
239
54
225
28
40
33
149
20
117
99
145
236
13
4
241
85
186
107
16
210
166
189
88
87
54
223
193
42
130
35
200
192
162
164
88
185
194
79
226
53
11
2
111
139
161
211
205
37
79
221
193
90
216
166
64
7
163
86
223
168
65
52
125
138
232
96
120
92
56
166
213
113
179
107
185
202
8
67
244
29
88
201
6
243
151
181
16
115
96
78
125
123
101
212
62
239
125
122
253
124
251
53
223
253
252
239
177
253
103
106
253
126
128
255
79
110
167
151
120
94
127
237
218
125
247
186
222
122
249
245
127
221
255
47
204
167
239
111
172
181
216
7
226
189
158
77
40
182
51
191
251
206
36
184
198
201
154
95
33
90
90
131
27
129
47
142
146
242
111
186
36
139
60
159
15
173
101
131
225
86
211
108
65
42
142
48
186
49
96
224
91
75
194
240
210
191
57
102
177
30
195
110
153
138
34
71
185
77
121
202
23
251
61
53
25
112
211
203
4
42
151
133
24
232
160
119
200
184
194
21
65
21
217
160
139
76
195
98
197
41
78
219
205
88
20
132
0
134
51
206
87
0
117
186
20
186
233
4
173
52
145
38
109
164
167
107
152
44
105
115
178
29
28
72
4
106
19
225
72
7
97
118
197
13
130
21
192
194
42
166
8
165
3
6
146
132
3
2
9
9
56
207
138
141
110
137
11
90
158
38
0
4
34
6
67
19
33
41
17
141
102
74
16
32
32
38
175
40
43
179
93
200
56
181
213
120
16
194
81
111
49
245
72
48
17
234
214
249
154
255
55
144
220
143
91
227
61
250
190
194
6
90
181
147
56
159
15
253
231
67
229
199
243
123
83
57
206
35
167
191
180
199
251
77
242
243
114
234
165
121
191
29
157
63
223
202
27
199
124
227
121
247
91
183
252
123
61
240
219
203
5
174
131
104
73
122
162
78
16
24
166
101
98
83
139
169
73
136
169
24
196
9
108
83
102
201
8
135
45
1
3
70
157
227
113
48
117
144
109
36
229
52
42
215
77
129
55
235
120
116
77
80
213
102
154
138
38
200
134
133
66
71
149
94
5
42
211
16
24
236
165
118
192
188
74
21
65
85
153
162
235
76
131
98
196
41
206
155
77
204
4
133
64
10
49
78
85
38
117
186
20
178
77
22
49
116
152
38
77
128
109
227
24
36
125
48
176
28
140
8
132
98
11
169
72
7
33
246
193
34
131
51
201
98
38
190
64
57
106
39
34
215
131
33
3
11
137
86
104
137
47
144
66
77
136
132
200
2
34
22
120
35
65
176
61
0
69
196
76
52
26
22
77
99
138
192
40
44
73
5
213
126
8
193
6
232
7
148
8
6
36
72
135
54
129
36
124
66
130
76
2
49
146
113
66
18
130
17
40
196
32
1
193
33
110
64
140
131
152
103
6
44
1
78
21
176
84
170
124
176
169
87
97
20
42
1
129
4
177
105
16
188
9
7
240
80
60
67
4
82
146
149
72
87
116
94
251
213
154
246
255
135
91
34
23
111
85
223
190
206
6
94
252
215
60
247
142
175
227
107
110
218
250
95
82
123
254
109
83
181
60
223
230
109
218
127
81
202
205
106
139
28
237
63
199
166
18
133
236
114
188
227
217
183
121
123
93
61
146
183
90
208
92
171
255
249
218
32
123
59
213
188
188
39
109
240
254
211
24
252
137
81
139
120
236
212
106
127
255
111
191
63
85
197
157
91
110
247
157
83
146
201
205
28
23
140
234
53
215
95
23
165
172
225
230
239
218
255
184
88
93
11
114
181
199
246
85
11
221
170
7
88
234
53
168
235
236
63
228
57
227
229
63
48
233
199
11
236
198
253
93
191
187
11
67
71
153
237
196
191
104
177
45
254
110
94
42
39
85
121
252
17
176
164
8
36
245
189
78
175
60
188
151
188
152
215
116
88
25
215
77
94
38
61
85
50
243
60
124
139
29
245
93
42
228
198
89
42
84
236
128
182
233
44
164
144
237
81
56
124
250
110
49
240
95
91
208
244
242
223
155
62
92
166
197
79
169
37
79
5
248
30
159
77
21
246
59
156
88
70
38
249
197
70
25
81
200
176
234
216
8
171
139
78
192
68
64
35
4
13
156
67
142
168
10
200
0
86
187
234
128
7
35
22
122
147
152
73
1
169
110
131
0
32
168
112
163
9
42
49
10
91
48
103
77
250
108
162
81
9
145
7
4
50
241
38
7
162
129
96
217
226
160
78
128
24
130
101
66
81
128
17
72
76
131
0
192
9
42
75
38
155
0
135
22
44
1
70
21
227
120
0
48
128
47
6
197
36
10
65
73
65
57
195
96
116
108
116
167
224
42
34
135
8
134
135
128
77
149
94
215
33
195
183
221
34
65
206
208
105
240
55
35
203
130
112
98
196
5
70
73
141
164
19
14
138
162
11
210
8
32
127
114
39
20
187
82
118
5
244
210
66
24
14
200
18
201
206
137
44
88
5
112
30
141
65
144
240
35
188
92
22
34
185
25
213
93
124
52
249
127
112
49
38
77
140
204
45
4
59
173
239
145
105
174
120
192
243
237
126
226
220
121
103
253
233
147
80
177
44
167
201
216
97
94
171
255
97
247
17
231
111
146
210
43
102
232
252
122
12
63
159
123
203
177
243
199
238
56
26
85
199
234
253
174
181
127
251
66
73
157
52
121
213
253
187
201
168
252
113
31
248
209
125
121
246
108
211
253
247
93
241
91
37
253
243
184
98
117
85
110
63
229
165
222
81
188
207
156
39
246
205
159
253
30
223
151
165
211
75
104
118
186
31
82
243
223
155
198
137
15
107
42
114
183
78
233
85
243
215
37
2
199
61
153
107
70
215
115
47
146
75
179
127
71
134
221
155
48
252
239
86
96
84
108
105
69
12
245
183
220
188
16
4
166
165
140
235
16
48
50
63
92
93
49
178
189
62
243
103
252
188
185
213
25
125
70
91
134
218
226
213
234
223
173
105
237
141
254
120
239
155
185
235
214
9
123
111
69
165
124
250
83
247
161
119
209
86
122
31
201
132
217
149
153
165
92
37
244
159
159
105
16
240
49
157
220
23
32
255
126
255
251
122
55
123
125
95
221
250
248
184
125
194
239
223
251
148
35
91
63
251
247
63
213
207
243
185
91
120
62
232
207
142
229
190
254
124
241
117
46
127
255
125
86
247
53
238
254
174
62
197
226
29
247
92
132
242
239
255
63
86
235
83
50
242
49
171
174
156
14
1
207
234
121
154
253
6
93
22
255
195
98
208
217
112
91
204
221
213
247
255
2
182
245
198
67
140
207
62
249
168
232
99
44
76
101
169
247
212
182
63
186
238
152
3
166
29
124
113
6
243
147
177
250
211
104
38
193
201
143
27
68
119
137
178
173
142
41
142
3
137
95
175
132
103
101
102
84
215
148
230
75
32
173
0
145
2
58
24
234
12
199
161
19
46
200
224
250
94
52
142
208
114
160
108
154
172
24
1
209
29
28
209
24
162
49
184
124
214
74
177
50
246
49
171
172
156
14
1
239
126
41
138
229
7
125
21
255
227
98
208
217
112
27
220
213
213
253
239
3
190
225
226
195
140
207
46
233
184
168
107
44
94
32
169
215
240
182
63
186
239
144
11
166
21
95
113
4
243
211
181
250
211
104
50
65
174
146
35
200
224
162
129
72
185
194
207
224
53
75
0
109
139
161
211
205
37
79
221
209
94
217
230
64
6
163
86
207
168
65
36
125
138
232
96
108
28
56
166
213
113
179
99
185
202
8
67
244
29
88
73
7
243
151
181
18
115
96
74
211
213
24
62
215
130
94
8
82
3
149
234
162
74
36
89
124
179
52
149
139
39
67
69
164
214
251
111
18
41
197
32
135
173
148
151
42
9
234
119
96
202
37
105
145
93
189
31
213
166
24
7
100
160
120
227
16
179
182
187
56
115
180
75
130
217
154
23
233
136
222
1
74
131
45
234
162
66
6
25
45
131
52
151
207
45
67
201
225
87
243
110
2
47
131
34
143
188
72
5
187
9
234
99
97
28
33
233
181
93
191
63
153
202
8
99
244
69
120
235
23
211
150
181
48
115
241
74
226
244
98
139
223
198
130
141
231
97
168
109
175
78
37
125
251
183
6
146
219
139
63
44
214
215
121
47
147
155
203
118
161
175
71
30
250
144
111
246
3
72
68
232
29
92
188
161
192
124
208
8
182
162
64
227
24
48
228
52
154
68
190
72
214
33
9
53
196
0
90
129
2
3
49
98
194
66
2
48
4
11
36
215
15
173
34
66
134
215
243
121
128
42
134
32
18
56
132
207
42
41
202
209
64
40
181
73
241
28
181
30
83
174
16
67
96
81
116
251
25
19
16
59
60
49
240
168
16
81
26
55
1
98
248
230
66
170
97
132
34
130
193
178
111
198
37
75
134
160
229
11
137
159
243
42
83
3
163
122
96
4
61
155
19
236
233
86
48
72
48
42
182
28
49
62
153
168
114
21
248
29
180
65
144
178
41
249
92
22
33
162
14
146
0
43
221
112
166
144
32
26
40
101
32
87
33
49
101
154
1
210
193
34
141
114
2
12
96
64
212
6
161
82
189
34
153
160
115
80
13
32
107
0
26
12
84
197
210
69
24
125
24
5
244
4
200
73
18
208
167
148
16
115
38
72
6
225
11
219
32
144
218
136
10
131
41
254
128
70
193
42
0
3
36
7
15
60
66
66
33
214
147
41
2
170
6
18
242
22
157
138
26
73
234
51
34
104
161
104
183
28
177
63
27
138
48
99
153
1
124
242
17
195
56
107
60
113
227
162
157
186
213
231
255
185
33
220
253
53
70
123
175
123
246
217
254
255
237
105
236
207
170
124
231
187
121
251
254
65
123
239
151
229
118
254
115
211
181
127
221
223
122
23
201
129
219
149
136
181
220
36
246
191
159
109
56
244
177
143
220
95
36
223
5
174
85
105
168
248
166
112
40
187
202
207
196
53
201
161
201
201
171
106
237
101
74
216
205
125
181
246
108
6
163
70
223
80
69
40
85
186
249
96
124
28
58
55
245
225
247
107
184
237
40
103
240
93
154
77
6
219
19
165
88
83
97
122
200
10
142
217
234
87
250
245
24
255
83
142
154
164
59
138
13
221
57
111
14
209
238
56
11
193
186
54
209
1
55
47
213
145
245
105
83
247
252
114
176
124
233
60
63
156
121
177
223
200
126
181
213
255
180
238
209
236
41
125
93
81
80
246
245
5
116
53
209
230
111
236
161
69
241
121
46
235
130
70
171
29
63
101
43
235
166
48
92
255
59
61
251
8
106
13
80
103
60
219
4
117
53
28
37
226
185
195
235
25
92
148
77
164
115
180
73
118
164
46
232
188
97
233
12
7
49
182
142
233
11
221
162
153
220
128
10
131
57
202
146
98
125
122
0
19
36
151
15
116
0
66
161
215
179
121
1
234
22
18
242
20
207
139
90
109
250
179
34
63
229
105
183
30
181
63
151
139
16
71
186
69
124
250
17
211
16
55
117
121
227
171
214
117
11
85
236
64
222
129
2
3
57
106
130
194
66
56
37
130
36
214
79
168
36
2
198
199
243
107
129
42
130
48
162
52
20
203
90
37
234
209
98
8
145
217
240
30
181
28
217
174
18
71
248
83
84
235
145
83
48
61
28
112
240
168
19
221
146
59
1
66
196
135
66
130
57
136
38
134
3
186
111
130
33
211
2
136
237
11
207
221
115
105
83
10
162
126
240
166
61
222
83
100
109
118
35
74
56
106
30
28
16
236
201
168
86
133
184
18
164
73
144
240
41
121
92
69
2
163
24
219
27
250
32
90
252
231
91
250
107
156
48
134
205
186
111
214
57
75
134
48
197
27
173
197
163
45
87
35
183
123
112
4
253
219
67
255
232
114
178
220
185
125
54
158
116
126
155
169
54
5
232
29
183
76
144
242
57
252
93
86
97
182
82
209
152
31
231
200
218
12
91
161
149
236
190
70
36
90
125
147
48
151
143
63
67
71
165
215
243
127
67
43
135
34
151
189
1
150
106
73
234
119
112
217
109
105
181
92
189
63
213
206
24
7
244
1
120
235
19
179
182
185
57
113
176
202
198
243
16
87
237
144
158
128
74
1
165
106
162
82
34
17
100
131
60
151
207
45
3
192
192
86
249
110
132
46
131
50
159
185
210
5
123
9
234
99
97
24
34
97
245
93
191
63
152
222
8
99
244
225
88
227
23
155
150
23
48
115
244
74
11
218
4
234
223
248
166
24
60
24
78
77
44
95
108
185
109
222
137
248
228
40
136
112
35
221
81
32
255
66
35
101
156
98
217
48
119
82
109
36
119
148
26
63
84
135
126
231
136
21
92
4
236
133
142
137
19
208
47
175
80
79
38
216
28
34
147
49
40
240
162
228
72
186
194
7
208
20
139
34
236
137
195
202
205
37
78
219
201
88
244
230
0
134
163
214
95
16
65
44
29
168
232
64
108
20
48
38
101
229
179
107
186
232
41
99
242
93
24
73
6
203
151
165
104
99
97
102
3
208
26
91
223
146
206
152
26
170
168
234
160
78
233
89
231
247
52
146
199
38
9
79
98
215
115
47
146
11
193
118
219
166
221
159
82
125
111
119
48
78
106
105
85
92
149
151
152
253
16
5
188
161
204
227
16
178
190
191
24
113
176
34
211
133
152
23
233
192
222
0
74
131
13
234
178
102
38
24
45
163
52
151
143
47
67
77
225
87
243
127
2
47
199
34
159
188
9
7
59
9
234
123
96
88
45
105
181
93
191
63
145
202
24
71
244
65
120
227
19
243
182
181
48
115
240
74
206
74
139
249
170
241
248
196
56
251
42
143
144
164
123
171
9
220
185
42
140
217
238
56
13
221
187
98
217
67
51
63
113
147
245
105
118
247
254
114
178
124
106
124
31
158
73
177
221
201
126
181
157
255
164
238
209
236
169
127
221
68
19
182
61
255
125
56
20
253
173
122
201
174
226
176
97
1
221
203
203
76
227
107
183
114
196
223
205
255
183
161
83
14
121
218
211
6
221
190
20
188
233
117
252
126
187
165
247
51
55
111
186
188
56
211
224
189
29
84
140
178
19
235
121
215
109
182
220
62
246
253
248
239
162
245
25
249
194
187
194
144
203
207
234
221
251
111
253
141
206
153
207
121
186
230
221
69
187
222
239
179
117
121
117
255
229
119
253
63
251
54
107
175
75
177
236
221
125
253
215
255
153
236
198
237
207
231
223
103
23
247
62
177
238
185
23
181
220
167
229
142
249
178
253
106
179
86
217
59
99
214
115
119
87
255
212
119
247
249
72
252
252
178
111
24
143
175
255
124
241
125
108
75
247
105
215
117
151
127
190
174
24
71
242
29
92
85
14
179
87
179
63
251
232
98
33
238
125
9
168
221
163
113
249
253
78
205
205
61
92
172
213
171
195
169
244
99
90
244
249
108
12
246
109
215
203
198
141
216
67
36
253
138
248
168
223
29
106
166
212
114
54
99
185
216
169
107
244
13
27
93
62
215
214
164
242
211
110
223
12
42
146
121
168
240
162
241
8
186
194
7
192
84
203
32
237
137
235
202
205
37
75
217
193
92
181
230
4
6
163
214
223
16
65
44
93
184
232
96
108
20
50
39
117
229
183
107
184
200
40
99
242
93
24
73
7
219
151
165
80
115
97
110
6
129
8
138
0
204
6
1
3
196
15
132
144
54
60
2
201
81
32
33
128
33
194
65
93
213
21
45
34
138
17
1
151
4
81
138
0
72
107
8
32
17
36
33
21
20
117
47
17
172
137
12
176
25
184
10
48
98
50
181
72
83
36
202
12
170
151
105
168
248
162
240
56
185
202
143
196
117
203
161
237
137
235
234
205
101
74
217
193
93
181
230
108
6
163
214
223
16
65
40
89
186
233
96
252
28
58
55
245
231
247
99
184
205
40
99
240
93
154
73
22
219
151
165
88
115
97
122
211
84
16
38
253
162
31
24
194
11
177
114
174
75
4
17
102
231
52
213
75
15
161
109
166
154
235
111
210
40
224
44
82
173
156
159
98
61
33
215
65
202
27
73
201
89
156
29
192
182
16
4
104
178
222
227
16
51
180
158
60
22
176
57
59
157
239
166
31
111
217
91
247
76
159
119
255
109
60
125
242
245
19
114
244
126
209
103
126
238
224
31
122
123
126
233
247
108
159
250
210
123
217
253
87
221
94
42
212
22
229
111
157
188
26
13
250
189
156
77
56
182
123
187
219
159
46
248
83
221
152
31
239
200
222
4
26
163
21
236
182
70
36
26
45
147
48
151
143
47
67
73
225
87
243
127
67
43
135
34
159
188
1
23
123
9
234
115
112
220
45
105
183
92
189
63
145
202
24
71
244
1
120
235
19
243
190
189
56
113
176
202
145
253
215
124
52
96
125
118
113
157
124
221
78
229
132
170
171
76
181
107
38
104
228
179
111
111
131
146
125
7
42
61
242
99
61
248
54
181
91
181
87
238
187
231
190
18
127
234
73
177
111
242
201
190
38
12
223
190
43
203
92
100
135
191
51
17
8
174
23
130
31
8
6
66
17
160
161
10
36
87
126
87
0
213
130
50
193
99
4
212
235
45
18
40
229
41
6
36
156
155
66
104
32
83
32
202
53
105
151
28
180
31
19
166
16
4
96
16
252
97
16
178
51
185
24
87
48
162
11
206
0
35
217
248
166
9
56
91
106
107
160
19
200
177
67
93
173
64
196
32
136
120
101
221
9
35
222
35
35
95
16
227
93
49
117
209
109
180
225
244
58
121
68
135
126
241
200
21
84
36
205
135
175
168
146
200
167
172
68
7
48
176
93
62
246
61
216
235
166
246
25
185
218
63
194
197
203
234
235
77
251
66
253
141
207
153
207
109
58
230
217
71
171
222
253
163
117
57
53
183
237
119
125
52
251
182
109
187
111
241
172
116
125
241
215
255
25
73
198
172
143
227
158
103
53
102
83
213
24
62
215
130
31
8
2
3
145
232
172
74
4
19
108
183
52
213
139
39
195
101
196
215
251
111
18
40
193
33
150
172
156
159
42
41
34
119
32
202
45
105
151
24
181
31
144
166
16
4
96
176
124
227
24
179
50
187
56
87
176
74
26
250
27
207
38
217
220
165
95
186
127
140
93
52
127
250
253
146
122
154
134
112
103
158
169
85
247
248
69
231
223
250
213
152
203
68
222
87
234
115
58
223
229
125
183
182
183
126
191
203
143
199
190
5
243
223
215
211
186
125
117
121
202
182
81
34
144
51
136
160
162
36
64
169
210
39
224
37
3
2
110
11
131
210
233
37
75
213
208
72
208
230
0
132
163
198
31
136
65
52
61
136
104
72
108
20
49
162
197
97
163
107
186
202
137
67
244
29
88
65
39
115
151
177
32
115
224
78
197
207
167
125
32
126
236
211
57
223
232
203
66
245
221
139
169
233
191
111
62
172
52
179
79
95
183
162
69
6
34
18
210
51
125
251
82
60
253
116
122
126
56
191
223
250
127
246
137
173
118
81
217
95
143
72
145
248
33
189
92
87
33
186
165
207
100
92
201
174
231
112
185
29
238
203
194
125
204
173
131
41
239
107
245
42
56
246
87
111
5
182
253
6
105
87
255
99
96
184
16
178
253
188
223
62
56
183
124
243
127
195
169
37
124
56
209
95
139
4
58
204
103
172
202
198
35
249
130
155
154
87
237
144
222
0
74
139
41
234
162
66
32
25
36
139
36
147
207
45
67
201
225
87
243
238
4
39
131
50
159
152
201
5
123
9
234
99
96
28
32
105
245
93
191
63
153
218
8
103
244
197
88
235
23
211
150
167
48
115
241
74
66
137
152
154
1
202
4
7
39
192
5
128
16
186
44
31
207
51
32
5
134
23
208
35
81
213
153
44
51
136
16
65
151
6
83
170
0
72
239
104
32
155
44
33
21
92
117
238
209
168
184
20
176
25
176
138
17
226
50
189
89
85
0
202
12
107
97
112
40
186
100
67
169
56
234
33
64
245
204
131
137
136
175
74
231
44
8
147
71
95
151
165
68
6
40
196
90
18
100
170
64
178
241
4
44
182
184
119
109
231
55
203
168
165
100
118
75
93
143
8
7
202
67
167
72
103
225
50
101
150
242
57
25
166
173
86
32
238
32
168
128
139
163
15
74
109
161
66
241
7
90
107
70
185
59
165
16
0
96
67
71
130
158
163
49
172
37
108
44
66
58
137
83
81
83
211
88
252
56
48
101
248
108
64
154
168
71
135
158
211
57
35
218
89
146
247
255
234
94
153
15
33
255
123
174
206
102
255
189
151
60
215
143
175
163
107
231
223
243
127
210
115
199
174
155
191
241
95
235
77
254
87
97
253
231
107
237
29
191
55
196
214
209
231
239
230
240
235
81
63
245
123
189
45
149
78
108
233
171
124
33
74
124
207
209
184
237
185
115
214
239
234
187
136
243
223
23
171
117
151
215
79
215
161
67
255
166
224
175
58
103
254
251
52
235
124
122
191
176
231
254
247
183
238
249
174
238
219
240
29
113
64
151
243
111
191
59
102
227
203
123
212
92
46
23
235
95
56
127
110
221
189
60
47
237
246
235
247
17
116
160
82
129
108
109
252
248
29
123
75
127
109
208
101
61
219
66
123
141
126
51
223
93
43
87
152
100
109
133
36
82
4
168
29
134
77
248
166
59
248
217
143
34
182
125
62
241
57
216
232
46
69
105
34
203
190
228
199
175
91
251
169
35
194
175
173
91
223
213
93
247
239
66
15
235
230
199
134
71
191
8
188
237
94
44
88
124
233
119
121
63
55
152
228
56
118
226
29
124
97
24
187
147
181
184
99
241
102
1
204
136
136
1
88
132
70
37
198
44
200
0
41
47
143
139
112
33
33
130
65
94
99
65
213
17
32
17
10
3
65
149
6
211
10
0
200
111
34
32
48
40
161
23
88
117
162
17
136
56
20
145
1
160
10
25
64
32
37
64
81
0
234
178
254
51
234
60
126
143
15
207
255
120
217
103
22
220
221
255
230
111
105
244
2
125
31
221
223
125
175
71
187
115
254
197
172
79
158
251
48
233
118
107
94
48
189
215
242
180
110
185
173
222
9
244
21
183
81
148
242
67
189
122
87
104
186
214
201
154
87
35
75
208
131
27
128
63
227
146
178
107
250
164
147
52
159
7
189
69
67
241
71
209
109
2
234
158
48
178
48
97
224
122
75
202
240
242
157
165
97
181
22
177
110
213
170
43
71
184
69
121
202
23
83
62
117
49
56
209
202
84
249
155
125
48
98
248
231
82
170
121
188
64
134
155
250
41
200
178
78
15
169
102
155
173
201
166
201
65
47
182
122
117
144
61
235
30
247
201
119
50
74
177
104
254
158
131
126
219
174
126
215
232
93
52
73
196
219
9
248
124
102
115
183
220
42
146
209
250
217
230
229
27
251
250
127
210
86
234
224
137
153
184
139
207
189
202
216
111
87
19
99
132
111
159
78
23
147
249
97
116
223
255
35
97
181
231
117
47
134
127
179
214
211
45
246
135
231
251
170
71
73
196
103
69
57
213
94
122
50
117
247
254
181
43
125
253
121
210
29
253
245
185
86
242
212
75
106
200
41
206
61
76
136
162
191
126
73
61
238
115
165
116
187
86
243
49
119
213
71
219
30
74
132
201
23
140
37
93
133
226
156
159
77
192
246
59
220
89
6
34
245
67
133
144
154
1
202
4
15
35
192
13
128
16
180
44
27
79
51
32
5
130
5
80
67
81
213
145
44
3
138
0
65
150
6
83
138
0
72
110
104
32
25
44
97
21
92
117
238
81
168
56
20
176
25
176
138
17
98
50
189
24
85
0
202
183
212
116
52
45
46
61
3
163
109
233
195
206
105
4
29
245
171
39
241
241
110
48
119
214
255
229
251
248
52
225
229
131
120
68
190
235
40
176
237
111
158
57
171
240
113
246
79
169
166
24
11
224
28
152
65
58
179
115
181
186
214
40
232
173
206
207
139
155
157
129
205
189
213
46
236
19
58
254
237
194
116
1
41
196
19
254
113
119
128
8
3
247
73
25
75
181
36
86
218
82
83
137
182
210
95
72
22
208
86
81
193
153
44
30
13
208
29
157
72
16
240
34
188
88
94
34
249
135
194
65
237
253
184
186
200
56
123
3
127
136
87
204
113
162
221
28
96
204
36
128
120
110
158
185
51
222
43
51
127
242
181
92
251
114
123
169
245
211
94
26
30
241
134
216
89
137
173
24
5
248
23
159
105
16
242
51
156
92
87
34
185
114
176
17
35
221
234
134
9
203
33
10
127
164
6
200
17
255
199
185
0
201
5
139
77
230
220
121
111
150
11
203
110
5
229
93
23
33
129
45
70
33
84
70
35
77
28
188
181
196
84
9
36
182
230
8
227
64
60
134
160
144
79
52
78
205
250
182
105
217
249
166
248
153
59
202
111
226
69
203
169
235
141
255
82
253
143
14
220
103
124
123
230
221
71
43
150
95
203
205
101
53
183
237
38
125
116
74
54
127
235
62
177
236
95
124
244
205
231
204
235
198
140
141
39
182
111
147
22
247
244
53
20
45
14
31
31
179
127
169
233
110
137
4
31
189
170
102
145
241
34
112
143
212
127
245
254
73
61
225
103
203
56
6
44
250
40
160
253
120
206
43
175
243
113
183
79
177
230
24
11
224
28
92
65
62
179
215
181
186
215
232
74
156
250
147
197
250
217
204
97
91
59
42
127
210
86
236
248
255
147
172
11
199
60
43
201
239
87
115
231
141
111
159
102
23
211
125
5
60
215
255
183
97
181
231
117
175
134
189
179
230
215
109
246
166
231
107
235
199
89
198
103
85
121
209
54
88
170
146
59
42
241
170
165
88
186
210
189
240
4
107
242
255
155
195
218
205
49
79
156
129
93
254
238
67
199
183
246
109
172
79
53
127
250
233
98
248
93
116
46
87
245
19
127
191
234
24
7
246
29
88
89
134
243
159
245
121
107
96
102
20
42
213
77
168
248
174
112
232
184
202
23
196
53
217
160
239
201
235
106
197
101
74
217
205
93
181
246
44
6
163
206
95
80
77
44
28
186
233
102
109
20
59
39
101
161
255
107
184
236
41
115
240
93
30
77
6
202
19
165
88
71
97
118
211
209
152
63
215
202
222
8
90
131
149
234
174
6
38
91
109
147
48
151
143
55
195
69
165
215
251
111
19
43
199
32
159
189
157
215
106
9
234
119
96
202
45
105
151
93
181
63
213
254
24
7
228
161
120
227
88
179
182
59
57
113
176
74
20
42
247
205
56
248
172
116
200
184
202
21
197
53
217
160
251
205
195
106
196
45
74
219
205
92
180
244
12
134
35
206
87
16
117
58
20
186
233
70
45
20
187
166
101
160
255
107
186
172
41
243
240
29
28
73
4
202
19
229
72
71
97
118
221
175
215
101
248
234
226
226
121
157
202
127
198
119
203
248
227
139
187
46
229
13
15
249
239
126
126
247
236
79
234
150
127
243
109
245
53
191
255
60
205
52
218
118
109
235
251
243
236
125
104
247
215
231
137
239
70
221
214
167
198
109
145
118
60
11
231
212
34
125
253
247
61
252
94
17
93
253
219
198
185
220
203
106
244
248
228
179
89
45
134
208
108
213
61
255
125
112
113
248
214
242
240
92
252
53
251
54
236
166
195
106
159
169
255
137
242
31
159
92
207
102
123
217
75
14
41
246
187
214
119
167
191
244
185
217
121
219
233
251
174
59
225
125
171
220
173
105
224
64
180
120
109
221
249
179
255
115
55
255
245
228
253
186
247
120
169
245
125
76
59
63
243
5
250
125
136
191
28
5
248
151
156
77
16
242
55
156
94
87
32
186
124
58
243
164
90
47
46
119
67
174
218
51
213
132
155
82
255
223
235
96
193
149
203
207
207
221
253
239
10
236
253
238
87
133
213
63
60
252
165
71
44
85
231
41
111
140
183
237
254
236
41
215
162
125
61
91
78
63
147
241
255
15
112
102
114
252
51
47
203
206
142
137
203
235
219
60
241
6
73
180
247
131
19
212
153
1
23
204
213
220
233
237
3
186
235
190
104
173
79
159
219
35
173
78
43
92
21
170
87
127
174
53
141
206
80
11
182
29
85
227
192
243
223
176
62
70
122
4
21
41
195
212
216
106
225
254
208
60
86
21
65
199
155
224
106
68
129
98
196
41
238
59
14
138
2
7
210
9
59
111
119
39
117
186
86
242
77
212
209
116
154
14
72
6
233
235
153
36
95
4
240
30
156
73
144
112
35
185
72
6
35
252
50
246
49
11
188
188
142
25
207
123
56
235
173
7
93
21
247
231
66
144
217
34
27
220
208
213
253
111
30
184
225
246
199
172
207
52
253
184
169
103
110
78
34
173
215
240
156
87
184
222
24
11
166
133
221
113
6
242
214
181
250
211
104
54
211
249
208
118
253
74
94
138
122
1
189
107
174
211
70
25
111
163
60
149
71
143
33
102
230
95
251
127
247
47
194
36
154
237
20
215
107
21
255
245
83
218
10
91
217
89
254
140
197
247
82
150
236
226
202
235
90
189
180
63
60
117
150
9
229
205
230
93
1
70
229
239
49
237
168
201
14
237
198
174
169
40
166
39
62
206
244
163
83
111
147
114
41
150
74
23
234
115
97
96
180
132
250
172
119
62
188
227
190
114
125
234
105
130
122
249
209
90
32
78
175
157
103
99
190
244
137
10
94
48
249
44
126
106
126
118
83
42
223
53
100
132
159
114
255
207
154
192
225
133
203
159
237
76
252
221
66
109
255
238
85
189
61
127
174
255
237
119
56
204
199
43
111
157
167
109
191
230
91
135
160
124
28
75
206
175
191
249
188
7
48
230
106
220
42
139
223
223
159
137
207
194
189
170
177
14
125
253
211
51
118
148
29
150
21
68
81
213
253
45
147
250
223
178
168
172
199
215
218
9
239
123
42
95
100
169
21
126
180
53
247
174
144
9
190
165
224
243
48
179
252
52
191
217
254
3
24
138
148
250
42
255
234
37
28
250
90
221
17
118
253
224
111
222
233
42
196
57
207
123
9
223
51
166
95
195
55
238
215
162
93
48
119
210
233
116
241
93
243
63
213
134
247
107
159
237
29
5
246
13
159
73
70
242
51
253
89
95
33
246
88
248
25
122
48
251
126
109
89
186
107
184
48
6
205
250
103
215
153
75
142
49
205
30
141
205
227
175
83
3
53
122
243
134
253
187
7
255
237
118
178
222
241
109
55
159
55
127
159
169
54
37
236
61
247
200
208
250
59
255
93
86
115
182
35
204
76
15
203
200
215
0
251
5
12
237
188
47
108
252
139
51
22
176
229
115
27
108
113
244
29
55
111
123
95
39
149
237
105
84
42
139
253
62
115
223
76
33
21
122
124
49
165
84
75
44
189
133
40
166
58
199
190
41
179
207
50
207
82
209
154
62
21
98
252
135
82
170
125
157
32
132
13
186
127
210
49
219
131
170
237
31
237
205
227
73
83
39
162
126
225
175
61
255
83
37
105
118
59
202
177
106
94
157
39
238
201
224
86
133
232
30
180
65
145
179
41
251
92
102
34
166
211
241
152
31
247
202
222
8
90
131
189
234
182
70
38
91
125
179
52
151
143
55
67
69
165
215
251
111
83
43
199
34
159
189
141
215
122
9
234
119
112
220
37
105
151
93
189
63
213
238
24
7
252
225
120
227
18
179
190
57
56
113
176
74
214
241
10
60
254
66
218
134
2
35
61
126
2
198
38
121
53
138
52
214
67
168
36
10
166
199
243
75
195
47
167
114
178
188
23
207
106
52
234
247
66
136
21
89
244
94
183
76
217
174
18
7
248
82
20
75
144
179
49
60
60
114
50
169
206
233
11
61
230
16
222
129
10
131
41
234
210
70
116
123
21
27
36
215
15
180
48
66
133
215
247
251
129
190
150
50
162
152
198
207
202
104
234
243
98
59
53
105
183
94
181
63
221
174
0
71
122
85
120
115
17
211
17
53
61
114
250
171
205
174
247
237
250
239
226
245
57
93
78
127
222
119
235
232
235
217
185
38
245
13
14
241
107
126
24
247
236
71
63
151
191
227
121
81
117
211
253
52
93
53
218
118
109
143
255
177
237
85
205
253
215
231
138
235
102
204
206
167
194
111
151
220
197
207
167
121
32
126
228
211
41
223
168
201
66
245
221
139
139
236
191
111
54
172
52
147
79
95
151
162
197
6
34
19
210
3
116
235
80
52
245
52
122
126
56
183
255
218
87
238
137
173
118
81
217
95
135
72
145
248
33
189
92
87
3
186
211
249
88
71
253
10
94
136
122
17
173
235
174
83
70
57
101
163
60
149
79
141
33
68
226
95
249
127
247
47
198
52
154
125
16
215
107
25
238
245
83
158
41
123
249
89
190
29
197
215
0
7
252
226
218
235
82
253
180
63
60
113
182
9
211
241
152
31
215
194
222
8
218
163
189
234
162
70
6
27
109
35
52
151
143
39
67
69
225
215
251
111
19
43
199
34
159
189
133
151
58
9
234
119
112
218
37
105
183
121
189
63
177
206
24
71
244
225
120
227
26
179
182
59
56
113
240
74
28
42
147
101
168
241
162
240
200
184
210
23
208
84
155
32
253
137
203
202
229
37
78
221
137
124
244
230
4
134
163
222
95
24
65
44
93
186
232
66
108
20
177
38
101
229
183
107
186
236
137
99
242
93
24
65
70
83
151
225
104
99
96
110
211
209
136
62
215
170
95
8
6
3
149
234
162
74
38
89
124
183
52
213
139
55
195
76
164
215
251
111
82
41
231
33
135
173
156
223
106
109
238
119
96
202
53
105
215
93
181
63
213
182
16
4
104
176
252
227
80
179
177
187
60
215
180
203
31
240
93
47
254
224
218
24
123
43
221
252
236
39
197
121
229
207
28
240
233
65
7
120
228
220
233
255
255
47
239
127
245
245
157
95
107
247
184
119
19
202
79
8
247
25
254
29
143
223
18
39
236
228
84
239
216
151
186
168
156
79
114
165
198
241
11
125
54
80
222
128
66
163
57
250
210
194
231
123
17
11
36
215
15
180
0
66
132
215
243
251
131
174
166
50
178
156
135
207
43
104
234
243
34
40
181
105
183
92
183
63
219
174
0
71
248
81
124
241
17
179
17
51
60
114
241
170
71
174
193
41
216
218
130
76
24
49
188
253
200
119
143
184
201
13
185
34
197
33
206
121
111
195
24
103
47
45
3
78
151
179
85
170
126
176
237
54
99
62
42
97
213
18
253
99
217
236
9
5
245
117
188
107
84
222
182
189
216
87
54
223
69
138
147
108
73
106
166
206
56
56
206
101
2
117
143
169
107
9
153
6
228
9
110
147
99
203
88
198
237
65
3
70
189
227
113
48
53
130
253
36
207
53
10
118
77
147
127
235
248
116
79
212
213
103
25
139
103
204
135
167
128
103
151
92
129
236
215
11
200
226
231
250
121
157
72
237
166
111
197
169
239
43
189
35
229
77
47
239
226
127
123
230
237
67
235
119
223
195
105
53
53
133
127
44
125
124
170
227
125
113
127
243
233
220
106
244
253
230
72
199
255
156
134
163
146
229
211
14
228
46
101
160
216
190
39
89
236
85
170
115
207
119
208
69
211
229
239
100
248
69
26
245
94
253
13
183
174
152
33
141
68
103
94
155
192
176
53
142
101
84
24
167
77
72
124
145
0
53
144
56
99
252
143
63
8
124
67
132
74
87
56
56
250
49
251
246
55
39
123
255
215
239
209
242
255
202
178
86
242
213
91
127
190
191
243
63
221
170
230
159
82
249
125
238
103
175
166
191
246
124
243
215
216
107
247
232
195
125
129
111
191
172
153
201
98
60
189
85
72
182
115
219
255
158
185
255
43
149
239
214
55
165
221
126
183
69
29
69
191
109
48
101
231
244
81
103
246
127
242
119
110
170
162
28
122
89
124
41
246
100
148
250
210
123
217
245
84
217
94
46
212
20
197
78
157
188
26
13
250
28
156
77
56
182
123
191
91
159
46
248
211
249
26
95
253
136
222
136
90
163
173
234
162
66
68
25
45
131
60
151
143
47
99
76
225
87
251
111
3
43
199
50
143
189
192
7
251
9
234
243
98
30
33
105
181
89
191
63
185
222
8
99
244
229
120
227
19
179
182
55
48
113
244
74
197
138
147
96
201
106
162
206
176
56
238
101
34
119
139
169
107
9
185
6
228
9
110
211
66
203
88
198
237
1
3
70
189
227
65
48
53
130
125
164
77
52
26
214
77
99
183
203
120
116
205
216
213
102
152
139
103
204
135
165
130
71
149
92
80
170
147
97
232
248
162
240
88
187
210
79
224
21
75
160
237
139
235
219
237
37
79
221
201
95
253
230
68
134
163
214
223
40
65
36
125
186
232
96
248
92
50
174
213
97
183
99
187
204
9
67
244
29
88
73
6
243
151
181
120
115
96
78
221
174
247
229
248
231
230
245
89
217
218
127
198
119
203
224
235
201
217
102
245
45
239
216
235
110
26
167
236
71
43
159
255
227
125
17
125
243
253
52
93
52
219
246
109
171
255
179
172
84
77
247
213
230
24
235
70
204
198
227
194
111
183
124
89
208
26
123
17
242
250
238
82
170
121
188
32
130
205
186
111
214
49
75
143
171
205
31
173
205
227
175
83
3
163
126
115
134
61
255
19
253
237
118
58
200
177
105
119
159
51
127
155
232
118
5
236
29
180
65
208
250
171
249
93
70
33
183
105
207
206
90
34
23
125
182
181
254
124
137
29
255
93
174
228
218
73
106
254
238
196
51
89
42
166
16
125
145
56
123
243
38
5
176
87
90
209
120
190
126
152
62
86
162
193
78
153
45
30
5
252
29
159
77
17
230
123
157
88
70
34
241
143
182
85
231
189
248
161
220
57
125
98
123
174
59
226
213
235
252
173
105
225
64
174
120
109
153
57
179
255
67
59
255
213
224
124
178
117
241
169
55
237
92
122
31
201
133
250
113
136
181
92
37
244
150
159
109
20
244
183
141
222
95
36
255
69
246
247
121
24
166
161
210
96
254
224
235
198
131
131
11
106
237
169
107
241
13
95
219
198
123
51
231
72
5
225
87
215
131
189
51
49
188
125
110
109
106
42
231
127
81
83
243
88
252
56
117
245
248
44
68
22
188
215
135
218
243
113
103
209
233
207
220
20
106
245
246
121
141
124
221
78
237
70
170
169
76
181
47
38
205
228
163
111
239
2
146
121
7
42
61
242
99
48
248
30
103
223
181
83
190
187
110
158
18
77
234
201
48
111
209
217
62
37
12
253
180
43
251
88
116
135
253
211
209
72
62
215
162
95
24
98
3
177
250
174
203
36
89
230
247
52
213
10
103
131
111
102
215
251
63
210
40
224
41
210
173
156
159
66
109
33
119
32
202
60
105
215
25
245
31
80
182
16
4
104
176
254
235
24
182
49
155
28
87
176
187
60
57
247
252
20
237
237
126
221
158
250
177
97
77
153
199
187
92
227
99
246
43
230
183
77
239
167
165
91
68
120
201
71
38
253
186
20
60
249
117
120
124
183
175
246
51
53
110
186
188
249
193
224
189
29
84
236
162
115
251
123
199
37
246
123
208
92
42
223
203
87
8
255
38
220
188
188
47
45
116
239
183
17
116
232
83
139
108
108
252
104
29
123
11
123
109
213
229
29
219
66
115
13
126
50
219
92
42
85
157
228
53
149
36
18
4
168
61
142
79
120
182
43
184
152
143
50
244
44
38
96
161
152
245
167
241
141
222
218
55
193
28
153
100
217
93
195
98
241
35
210
208
93
124
29
229
84
158
51
155
71
0
87
170
212
120
233
20
108
20
48
166
69
161
183
103
154
172
153
9
242
29
156
81
0
194
19
181
74
71
40
114
199
180
65
32
220
170
38
80
32
47
192
121
202
69
132
17
201
109
63
97
233
101
42
105
78
223
31
167
122
13
33
69
23
231
156
27
40
185
61
22
69
226
42
233
193
24
126
147
16
244
24
32
97
240
14
43
88
156
131
131
200
87
52
174
50
246
113
11
221
148
143
9
239
111
56
170
173
15
29
21
247
167
99
144
217
98
27
76
208
245
125
47
154
152
225
214
199
172
207
54
249
184
33
110
110
78
34
169
85
112
156
21
184
204
152
9
180
153
92
113
14
178
215
180
186
211
104
100
65
201
142
155
64
87
161
178
36
198
44
142
0
235
125
175
4
107
97
102
124
199
20
163
91
33
133
100
209
130
18
17
242
16
211
160
19
0
200
232
242
62
56
135
84
114
243
238
153
168
24
1
241
77
152
209
57
162
51
188
88
210
74
233
80
170
154
35
232
248
162
229
88
187
214
255
224
21
75
160
111
139
171
219
205
37
79
221
193
95
253
230
76
7
163
246
223
136
65
36
127
186
237
96
248
92
58
174
213
113
179
99
187
238
9
67
244
29
88
73
6
243
151
181
120
115
96
78
69
138
215
124
73
106
226
238
56
48
78
5
6
245
139
168
107
9
153
38
228
9
110
179
99
72
24
134
237
65
11
71
189
227
97
112
53
130
221
44
221
53
154
118
77
131
111
227
253
100
239
244
213
111
152
203
127
204
175
173
192
39
151
220
229
33
229
48
217
98
37
110
225
32
200
55
239
231
134
104
139
5
179
100
107
205
202
175
78
222
26
151
170
10
42
76
31
231
21
187
36
180
95
22
77
224
158
99
77
25
109
227
116
36
73
244
195
58
14
14
76
44
133
155
12
5
181
94
195
242
85
11
220
136
7
88
234
37
168
107
236
111
198
17
227
231
39
48
233
199
11
236
198
253
125
63
186
11
67
103
223
237
68
191
88
176
61
254
111
94
42
47
85
120
252
17
176
164
8
36
244
191
12
107
60
180
147
188
152
215
36
120
71
34
193
37
252
210
134
76
216
49
246
113
192
83
130
80
9
205
186
0
201
33
110
88
140
193
153
167
2
41
1
78
149
177
85
170
126
176
237
118
96
20
43
97
197
4
181
107
155
236
9
7
245
117
188
107
68
122
151
189
72
23
116
222
91
218
212
44
127
187
31
62
63
60
253
185
60
56
108
251
245
215
56
248
224
83
193
49
205
109
233
126
127
101
245
109
157
253
240
60
126
120
176
245
119
223
127
47
220
151
246
77
156
247
93
5
242
61
155
77
106
247
191
252
249
78
36
220
61
189
253
56
22
253
189
127
217
222
224
184
101
0
189
207
139
92
227
99
244
115
214
215
205
171
167
181
91
84
124
136
207
12
221
190
148
124
249
117
254
126
191
175
246
117
21
110
186
188
56
71
226
157
93
84
140
162
87
235
123
223
109
243
82
153
146
127
21
66
192
134
82
128
28
189
34
134
135
186
127
130
57
159
135
15
239
7
163
75
98
77
23
13
130
102
165
175
45
215
51
4
79
118
3
66
160
106
15
157
43
230
205
112
127
208
180
98
32
227
211
152
172
67
17
101
147
71
247
52
240
55
221
228
79
77
207
97
169
125
163
207
130
117
251
197
62
83
219
171
191
45
118
223
123
47
146
59
67
46
7
175
61
223
162
181
111
215
97
192
32
235
205
88
189
183
64
180
82
40
232
178
164
99
208
56
224
31
158
5
181
60
218
50
214
163
222
179
46
160
111
59
250
58
255
230
179
80
247
147
125
244
73
213
143
60
142
92
123
191
202
207
190
190
112
231
30
255
91
117
53
214
36
65
84
62
79
141
206
149
206
77
20
180
111
186
142
255
200
124
129
148
93
14
48
52
64
6
129
128
200
130
34
71
32
98
2
6
128
5
171
1
138
41
161
4
192
5
90
65
82
208
24
36
0
128
3
66
135
0
83
40
16
136
109
0
100
20
16
161
85
84
181
107
24
172
8
0
179
29
88
8
16
106
19
181
8
83
96
106
215
251
24
87
253
154
222
136
74
17
173
234
162
82
70
25
36
131
60
151
79
175
35
68
225
87
249
111
134
46
199
50
154
189
192
215
123
25
234
247
67
30
43
121
177
89
190
61
164
223
0
103
252
227
88
227
87
251
148
55
56
113
244
75
114
209
8
186
215
178
30
8
70
3
145
186
161
206
36
95
111
215
52
213
138
55
129
111
4
214
251
45
82
40
52
41
66
36
156
155
66
108
33
83
32
202
52
105
215
28
180
31
146
174
16
4
104
56
252
99
16
178
51
155
24
87
48
178
211
249
210
118
21
42
116
94
90
1
253
249
38
194
196
219
107
150
61
95
7
140
173
63
167
223
99
47
87
41
224
44
154
167
60
223
99
117
119
247
211
234
186
123
138
31
93
150
193
183
118
244
104
166
167
235
208
184
173
75
28
36
151
31
179
176
17
39
220
200
134
128
219
57
30
127
164
6
74
176
255
131
134
144
201
3
11
76
224
220
124
239
134
107
203
102
21
173
73
52
63
131
173
103
73
84
71
43
197
112
188
53
160
214
9
39
244
167
24
227
102
51
150
32
176
31
52
78
1
132
128
136
9
72
132
70
39
98
40
136
0
13
47
173
73
48
33
0
130
2
94
33
65
213
17
32
17
10
3
67
149
134
83
10
0
192
111
2
32
48
40
161
21
88
117
160
17
200
48
20
149
1
160
10
145
64
32
37
0
81
0
226
28
170
85
105
232
248
162
112
104
185
194
207
196
53
201
160
237
201
235
235
237
101
74
216
201
93
61
246
108
6
163
214
223
80
73
44
93
186
233
98
125
28
58
55
245
225
255
115
184
205
8
99
240
93
26
73
6
219
151
165
112
115
96
126
122
81
8
178
87
178
31
8
70
74
17
34
161
202
36
87
102
215
37
212
138
52
129
99
4
214
251
45
82
40
52
41
82
36
156
187
66
108
33
81
32
202
52
105
215
28
244
31
25
172
16
4
96
24
220
65
16
178
51
157
24
87
48
178
135
194
77
245
253
58
250
216
56
123
131
123
136
81
196
65
128
221
156
99
196
44
128
122
108
158
179
55
220
43
49
127
210
176
220
235
114
122
249
181
208
126
26
95
241
4
208
91
137
189
24
5
232
29
159
73
16
210
51
191
92
87
34
187
150
169
154
22
3
74
80
7
19
128
61
244
50
198
38
250
101
18
48
151
7
189
97
3
231
3
224
73
3
46
142
96
182
60
33
198
42
74
202
212
18
153
181
97
184
94
181
110
209
170
11
199
184
1
112
203
19
19
60
113
57
56
211
202
28
42
247
213
56
233
160
119
216
184
194
21
81
84
219
226
235
204
195
106
196
41
206
219
205
152
182
133
68
207
59
206
87
3
117
186
20
250
233
84
177
116
211
38
111
166
105
107
153
36
109
243
242
31
156
73
68
106
27
233
72
7
33
246
26
10
138
255
46
251
250
166
28
250
86
21
16
86
123
224
109
218
185
234
196
57
207
123
41
95
178
6
92
67
55
239
87
162
93
48
119
242
233
116
240
93
247
62
197
134
247
107
159
237
30
5
246
29
159
73
146
242
59
189
89
15
32
246
123
85
8
186
247
178
31
8
70
106
177
34
168
202
36
87
102
215
53
212
138
54
129
127
4
214
251
45
82
40
48
57
82
36
156
187
66
124
33
81
32
202
56
105
215
29
212
31
25
172
16
5
104
56
220
65
16
178
51
157
92
87
48
178
107
81
8
178
87
178
31
8
102
74
49
34
168
202
36
87
66
215
5
84
10
180
129
115
4
146
235
45
82
40
48
41
82
36
148
187
67
120
1
84
32
74
60
9
211
28
196
95
25
172
16
5
96
24
220
73
16
178
51
157
88
86
32
179
147
209
84
62
63
42
92
30
50
1
117
249
46
219
4
25
111
214
53
241
98
170
161
50
98
159
241
59
251
33
224
109
152
101
52
210
99
81
49
245
83
202
58
75
216
17
254
78
193
182
82
4
108
34
151
141
24
182
53
159
24
71
166
217
89
69
207
222
34
55
125
54
181
254
92
149
29
255
57
110
228
254
81
106
254
254
196
187
88
170
166
152
121
81
124
251
114
102
53
242
87
127
81
124
62
235
216
30
94
164
193
78
25
45
30
5
108
28
158
77
153
230
59
157
93
134
34
177
197
47
211
252
80
98
106
246
17
248
104
157
66
133
143
170
171
76
185
111
15
137
230
18
79
203
154
193
209
12
58
13
113
19
53
251
16
246
69
244
18
42
184
54
111
158
75
248
77
36
126
180
193
126
148
138
208
236
41
77
76
68
51
243
21
34
213
212
24
224
165
126
208
188
74
21
65
85
155
224
235
68
131
34
196
41
206
187
77
220
22
5
88
11
51
79
85
39
117
186
20
242
73
20
113
116
154
38
77
128
109
227
137
36
125
4
176
30
156
73
128
98
43
169
72
7
33
246
145
253
214
79
200
226
228
178
123
29
76
239
174
127
205
169
239
163
189
166
245
45
45
199
226
127
87
230
237
3
202
119
159
107
105
52
61
129
127
44
125
60
138
230
77
113
63
227
232
84
73
250
253
230
8
199
111
157
198
163
146
101
135
78
187
214
111
167
63
116
189
217
113
219
248
251
236
57
97
117
227
220
165
121
224
64
165
120
109
221
57
179
127
119
55
255
244
228
221
184
119
120
169
181
127
92
123
63
214
21
246
109
137
189
28
5
248
21
156
77
30
242
55
156
90
95
32
190
91
208
204
12
111
123
31
62
51
58
253
169
60
173
44
122
245
191
58
248
224
211
193
57
197
109
233
126
121
103
247
111
249
120
149
109
94
120
176
251
126
223
111
47
214
183
246
109
191
234
26
7
234
125
222
77
122
247
191
188
185
218
32
212
211
245
26
63
247
34
222
136
218
3
189
250
162
202
70
25
116
167
62
151
15
175
35
68
230
215
251
111
211
63
198
48
138
189
140
223
234
29
238
245
106
202
51
121
153
89
188
61
229
190
16
7
232
226
120
227
80
179
180
63
60
241
180
11
16
58
23
97
168
248
162
241
216
187
210
85
224
21
89
160
253
137
235
219
221
33
79
220
201
93
125
238
68
135
163
246
95
40
77
60
93
186
233
102
249
84
51
175
197
227
190
115
187
205
137
67
244
29
25
89
70
243
151
245
120
115
96
126
126
58
247
165
222
167
174
247
199
186
210
51
255
132
27
82
253
221
235
214
249
149
207
221
206
93
252
239
138
212
255
206
79
169
221
61
252
252
165
71
108
68
231
43
79
45
151
221
254
238
153
131
242
253
28
91
78
63
151
241
191
79
112
102
241
190
247
199
252
185
226
244
121
245
214
127
238
117
202
192
162
197
223
43
255
45
47
252
235
106
26
182
172
77
11
31
255
103
120
91
92
211
255
183
213
53
203
150
233
170
219
147
140
85
205
255
213
239
155
239
103
92
212
103
194
127
165
92
171
246
101
167
62
252
184
217
121
249
250
251
238
49
192
229
171
204
165
105
224
64
173
120
109
157
57
179
126
87
51
255
213
224
125
176
127
120
169
181
125
92
58
191
210
5
246
105
137
189
28
5
248
21
158
77
22
242
55
156
90
87
32
190
56
155
237
220
52
253
253
126
157
222
218
145
77
29
155
198
187
252
227
106
244
40
198
179
109
237
182
176
93
208
125
233
71
32
255
184
214
120
248
125
121
124
179
175
246
160
213
110
186
188
255
137
224
29
159
84
164
226
123
255
218
199
44
246
197
43
214
81
233
178
166
240
184
185
234
63
194
245
195
34
98
137
255
102
253
175
142
180
74
110
141
166
232
134
35
158
251
35
64
49
85
187
117
236
220
52
152
150
201
107
203
147
169
77
9
241
209
95
137
201
103
252
151
148
200
118
161
92
28
58
183
101
168
253
170
245
200
184
210
85
213
52
217
160
253
201
203
106
245
33
78
221
141
124
188
238
76
198
179
222
95
56
77
44
92
186
233
70
253
20
209
38
229
165
191
123
186
236
141
227
242
29
28
89
70
83
19
225
104
7
96
118
7
204
128
138
201
200
1
14
45
96
34
141
129
75
206
173
194
100
33
0
196
7
218
97
71
129
0
39
147
10
11
71
149
166
87
186
48
146
111
182
226
116
8
129
80
82
117
227
17
36
24
0
149
29
141
10
16
224
34
188
72
84
34
249
211
245
202
63
215
162
94
136
242
131
189
234
174
202
38
91
117
55
54
215
11
167
67
68
166
215
251
127
211
59
198
48
154
189
156
223
170
45
234
117
98
202
63
105
151
89
189
63
213
190
16
7
232
240
124
227
88
183
180
59
60
241
180
10
68
6
131
129
72
130
162
77
0
224
2
6
128
5
139
3
138
9
161
4
200
5
74
65
64
208
24
36
0
0
3
66
135
0
81
168
16
136
109
0
36
52
48
161
69
28
53
227
24
172
40
48
147
93
24
138
0
106
19
165
8
87
32
74
122
126
51
43
223
238
138
137
207
235
219
62
161
6
73
244
247
135
31
212
217
135
159
92
215
220
248
239
146
155
235
190
105
173
79
31
219
63
173
86
136
84
64
170
71
127
170
53
172
78
16
9
230
189
77
227
192
178
149
176
62
71
58
36
227
213
234
42
215
116
5
142
167
71
169
238
43
206
166
125
195
116
38
85
58
214
176
37
86
231
25
41
147
58
94
9
160
174
151
218
226
116
111
191
34
235
62
249
156
88
116
180
84
188
18
28
139
178
230
34
184
176
96
30
159
220
190
25
139
210
70
165
189
96
169
216
113
253
224
115
238
41
128
33
171
236
165
97
225
64
173
120
108
189
57
179
254
71
107
223
245
224
124
176
119
248
169
181
125
76
58
175
192
17
250
105
40
189
24
1
240
150
156
77
62
178
183
140
218
87
36
190
171
196
102
37
63
101
185
217
241
221
236
231
126
41
224
101
171
184
167
241
241
2
181
124
116
63
241
179
254
87
239
247
236
104
77
188
247
56
233
189
125
92
62
175
212
113
246
109
169
174
24
13
248
28
156
65
62
243
183
188
186
223
40
138
43
21
237
212
55
165
85
62
181
68
29
68
31
125
52
101
225
244
5
99
82
126
240
115
108
174
162
24
122
88
60
41
214
102
20
154
66
121
91
213
85
233
124
47
196
20
245
110
29
164
26
5
250
24
158
77
24
246
59
159
89
31
36
250
35
204
104
11
201
204
147
1
251
69
14
237
184
47
108
188
139
34
22
144
245
98
59
108
113
244
12
39
111
187
203
39
133
236
75
20
171
131
233
62
219
158
8
161
21
114
188
49
161
84
202
40
189
5
105
162
62
195
238
172
178
203
58
203
148
250
91
199
186
217
220
235
91
153
46
255
215
118
249
248
251
131
188
11
197
28
12
201
239
215
115
243
46
235
159
126
55
211
125
71
60
223
251
55
97
29
231
113
175
134
252
179
231
223
231
247
190
231
106
255
70
95
158
107
117
45
213
150
87
232
203
41
220
234
227
204
248
57
252
253
204
119
143
184
105
77
187
34
205
101
206
105
111
207
24
183
235
43
3
111
183
227
85
179
62
179
253
54
103
28
42
97
85
18
253
99
251
252
9
37
245
245
28
107
94
158
183
185
216
87
54
221
123
212
92
43
223
169
87
8
191
38
92
62
188
47
45
85
231
247
17
112
232
115
139
108
108
252
104
29
251
11
121
43
149
228
149
219
67
115
13
126
50
203
92
40
85
157
236
21
159
44
26
4
168
189
140
105
56
182
59
184
152
143
50
240
114
222
160
202
239
126
6
63
95
122
122
189
33
94
93
188
247
151
105
152
212
7
153
95
91
205
105
38
151
211
171
238
205
175
87
53
255
114
237
100
114
94
227
191
85
151
180
239
186
237
157
136
228
29
143
81
66
240
231
248
90
87
42
116
122
50
117
163
221
172
39
105
238
101
122
50
173
127
154
84
247
215
105
100
248
69
138
124
222
221
121
47
186
152
113
141
21
231
87
155
4
240
45
78
37
85
84
131
69
8
252
149
150
36
153
40
98
189
143
121
104
60
1
184
200
7
60
124
123
52
187
63
255
224
255
252
217
184
221
63
229
196
139
82
191
207
155
82
232
169
198
28
204
220
250
247
90
97
111
255
123
177
53
117
191
251
224
119
120
76
223
106
239
149
139
123
191
206
91
231
244
254
60
225
198
175
191
251
190
6
182
214
193
205
207
94
20
106
113
190
25
197
124
217
10
201
70
170
129
76
53
111
38
141
228
179
107
43
2
130
249
1
42
41
252
103
176
248
7
103
215
181
211
254
187
223
218
26
65
202
203
48
127
212
73
191
135
12
249
180
105
122
84
116
135
249
211
249
88
55
255
10
94
136
122
1
189
235
174
227
70
57
117
163
60
149
79
175
35
100
226
87
251
127
243
47
198
52
154
253
12
215
107
29
254
247
91
222
41
121
249
91
190
61
229
215
0
103
236
231
90
235
122
189
180
63
60
113
182
9
65
205
134
184
64
78
160
134
32
196
36
128
2
233
127
175
12
105
161
230
118
133
84
163
91
41
21
164
225
134
50
81
230
2
83
32
17
64
108
40
178
62
56
131
93
18
115
234
25
136
8
24
209
93
8
128
59
192
35
181
80
226
1
233
28
51
253
204
54
189
189
124
253
158
202
17
77
13
187
195
187
236
195
106
244
114
86
215
237
173
182
208
92
196
125
235
87
24
223
172
222
58
232
125
120
84
51
47
102
224
149
111
186
188
184
3
240
29
157
85
52
162
59
191
235
135
108
242
219
209
202
250
255
50
95
154
118
11
241
250
175
203
38
89
102
215
61
119
106
239
129
127
6
219
251
63
210
40
112
41
210
39
156
251
67
125
53
245
114
202
186
93
219
29
213
159
92
189
16
133
104
184
158
73
80
180
49
159
92
86
176
177
57
185
239
188
52
245
253
126
213
222
219
145
65
13
155
199
155
124
227
106
244
115
198
247
77
169
166
144
89
80
124
201
207
12
255
186
150
56
201
117
56
126
179
174
118
177
149
110
186
188
56
3
240
29
157
84
164
162
123
251
123
199
45
242
47
214
102
45
61
100
185
219
181
222
192
239
109
9
165
45
248
188
231
210
241
66
21
118
84
61
241
243
121
22
235
243
204
104
159
190
242
56
233
125
125
76
58
143
208
113
178
109
184
190
152
9
240
28
220
81
58
179
183
157
186
215
44
91
71
176
193
33
220
234
163
76
248
45
246
121
206
67
134
17
73
109
179
32
229
101
74
105
238
203
24
167
186
45
3
79
151
227
221
187
60
176
125
55
101
20
42
225
197
16
253
99
248
244
9
32
245
245
60
43
108
158
150
171
136
215
116
238
126
50
243
189
255
227
187
253
221
250
211
63
245
128
139
114
191
159
187
82
233
145
199
28
204
217
248
247
218
119
255
254
105
177
181
117
255
249
232
119
104
77
247
56
231
133
139
121
190
206
25
167
247
254
124
225
198
191
159
217
191
15
48
86
47
6
100
33
159
237
163
189
156
252
222
117
25
28
121
228
201
124
67
208
241
2
190
60
93
45
12
3
208
215
59
223
109
40
71
186
83
50
45
30
216
85
84
142
68
99
34
97
57
44
88
12
211
29
140
0
48
224
35
188
202
23
40
248
88
58
178
57
170
241
170
245
76
186
218
53
240
4
123
242
255
155
203
218
237
51
79
157
141
93
254
238
64
199
247
246
109
172
79
61
93
186
233
102
168
85
117
46
71
231
131
127
190
238
156
67
246
29
88
81
198
243
151
245
121
107
96
102
16
186
23
105
168
248
170
244
88
187
210
253
228
53
73
160
253
139
235
219
237
33
79
221
201
93
253
238
76
135
163
246
221
40
77
60
95
186
233
118
248
92
51
190
215
227
187
115
187
237
13
67
244
29
25
73
70
243
151
245
120
115
96
126
251
209
138
250
223
50
95
26
6
75
185
106
175
202
38
93
102
215
61
214
74
183
129
123
6
214
251
45
210
40
48
41
82
38
156
187
67
124
37
117
96
202
56
105
215
29
213
159
92
172
16
4
96
56
222
73
16
178
49
159
92
87
48
178
245
244
61
12
108
166
31
51
243
111
185
200
78
129
4
31
189
239
118
209
240
3
112
157
208
127
253
254
65
53
225
102
201
56
134
45
218
40
160
251
122
202
43
175
243
113
182
77
185
238
24
11
224
92
92
65
30
179
247
189
186
211
104
235
207
17
203
242
223
50
65
154
50
58
32
83
138
202
162
81
98
215
5
98
192
173
136
123
14
138
162
15
210
8
48
123
115
38
20
186
83
116
65
244
208
64
24
14
192
4
193
207
153
44
24
5
240
28
156
73
16
242
51
157
88
22
32
249
88
58
146
107
170
241
170
244
88
186
218
53
240
20
123
242
255
155
203
218
237
51
79
221
141
93
254
238
70
199
183
246
127
172
79
61
125
186
237
102
248
84
114
62
71
231
19
115
191
236
28
7
246
29
216
89
134
243
151
245
121
107
96
102
229
15
166
85
0
70
228
231
133
205
42
67
2
237
82
174
137
40
231
103
126
142
52
131
91
127
23
34
128
150
42
150
106
51
107
97
145
36
126
140
125
36
176
247
206
98
63
240
105
128
116
249
209
94
4
0
139
88
65
35
70
52
137
40
44
38
113
161
144
245
164
113
13
208
202
54
193
20
217
100
203
200
195
66
241
36
146
208
93
124
17
169
68
158
51
155
78
4
85
138
80
120
233
20
44
20
48
166
68
133
246
103
154
172
153
41
242
29
156
81
0
194
19
165
74
87
40
122
193
207
175
216
32
62
108
215
49
222
40
137
66
181
93
139
143
204
173
111
6
140
36
179
79
223
183
160
197
4
56
81
208
18
124
233
80
52
180
96
114
110
56
191
255
144
84
204
137
169
118
17
73
95
135
12
145
232
33
157
84
87
3
178
211
209
136
63
215
162
94
136
26
3
189
250
174
206
38
91
125
183
52
215
15
183
195
102
166
215
251
111
211
59
230
32
146
173
149
223
106
109
238
119
98
202
61
105
151
93
181
63
213
190
16
5
232
177
124
227
88
179
181
59
61
241
180
74
28
58
119
197
232
249
170
113
200
185
218
85
197
53
217
160
255
201
235
106
197
37
74
217
205
93
61
254
44
134
179
222
87
80
77
44
92
186
233
102
109
20
185
39
229
164
255
123
186
237
169
99
242
29
28
73
70
218
19
229
120
71
97
246
122
56
251
189
253
226
254
252
93
249
223
191
229
133
139
242
191
143
155
210
237
169
199
24
237
204
250
223
219
101
239
255
125
177
53
125
191
255
200
119
89
220
211
42
239
27
203
121
191
238
91
163
252
255
61
225
214
191
191
249
190
6
50
230
197
14
214
93
201
74
226
238
184
177
206
47
54
245
139
168
239
137
155
38
252
143
110
179
83
106
216
198
233
69
11
70
191
3
65
116
53
146
221
236
222
53
154
150
105
115
235
227
189
76
79
253
213
127
152
203
127
252
135
181
154
102
151
93
201
13
239
241
22
119
121
222
181
255
76
199
95
237
178
111
130
124
21
111
46
220
244
51
111
170
162
18
121
67
62
57
114
102
52
251
82
127
85
244
82
225
28
62
202
6
65
238
29
41
126
21
217
30
132
76
153
244
41
158
77
22
3
185
211
249
26
119
255
10
94
136
90
1
189
251
174
210
102
121
101
163
62
151
79
175
35
68
167
215
251
127
215
47
198
48
154
189
140
215
107
29
238
245
91
222
59
121
217
91
190
61
229
247
18
71
236
231
250
227
82
189
180
63
60
113
182
11
71
180
193
32
220
234
39
76
240
45
192
121
206
79
134
17
201
109
163
32
225
101
106
105
78
219
24
183
186
45
97
79
23
227
221
59
60
176
125
55
101
164
42
225
197
16
253
211
112
244
8
96
229
240
60
43
108
158
150
171
136
215
116
110
59
217
239
222
55
103
221
254
215
132
253
185
127
252
63
206
251
244
98
127
54
59
230
55
45
235
166
29
119
216
124
169
254
110
53
158
214
124
211
125
59
123
181
46
158
180
81
238
159
188
223
141
114
28
148
68
160
242
107
219
121
205
166
251
20
42
247
197
184
233
172
116
216
188
202
21
197
117
217
224
251
204
195
106
196
41
206
219
205
220
182
230
76
143
51
206
87
17
125
186
20
186
233
86
125
20
171
38
109
164
253
107
170
164
105
243
240
29
156
73
68
90
19
233
72
7
33
246
46
6
109
161
159
253
163
93
188
126
226
69
25
57
249
229
201
124
67
96
240
114
60
124
117
189
13
131
220
211
49
211
101
40
207
170
115
114
169
60
248
84
18
142
84
227
242
65
185
45
30
8
240
29
141
17
144
224
35
188
202
151
40
176
59
214
108
168
55
121
181
120
121
222
254
241
108
61
205
229
227
252
133
249
225
96
237
112
109
189
97
179
127
71
115
251
253
100
221
184
119
120
169
244
126
92
58
47
214
147
118
109
155
189
28
5
248
29
156
77
30
242
55
188
90
215
36
250
169
214
100
36
55
125
165
120
189
92
254
247
108
29
236
229
227
252
199
217
245
34
177
244
85
61
193
178
124
86
99
241
204
40
215
188
214
56
233
253
127
93
58
175
212
99
182
109
184
191
24
13
240
29
222
65
54
242
55
188
250
215
44
90
169
212
100
32
29
96
161
248
113
221
248
119
108
41
128
33
227
108
167
241
225
64
169
240
100
61
97
178
122
70
99
247
252
96
221
176
119
120
41
245
125
68
58
175
196
17
246
109
168
188
24
5
240
28
140
77
62
178
55
188
154
87
36
122
91
218
204
10
239
219
30
54
63
62
184
136
188
188
46
201
253
215
120
176
192
87
203
253
74
101
249
126
189
85
221
103
221
237
209
61
94
100
172
99
118
223
111
47
213
190
244
73
150
204
28
5
166
61
223
219
90
247
187
180
209
217
6
244
114
222
162
202
207
223
134
63
95
121
26
127
171
222
94
188
255
151
89
144
212
7
155
125
91
212
120
14
151
219
11
238
205
175
95
49
118
86
237
102
83
84
66
190
93
158
44
241
151
101
157
136
229
45
143
219
64
240
230
188
90
85
26
124
230
198
101
41
213
132
15
9
173
75
169
106
169
47
196
5
137
37
62
116
24
198
16
100
84
213
25
53
190
58
34
16
64
109
158
139
128
61
45
20
37
202
56
185
87
88
252
16
64
149
16
40
9
226
238
190
152
12
48
12
14
87
56
50
39
204
104
11
137
204
147
9
189
69
6
237
168
63
76
173
137
34
4
144
245
2
27
100
113
180
12
39
47
187
75
5
141
232
75
4
171
131
233
62
219
158
8
129
21
114
188
49
161
86
139
40
188
133
73
160
58
195
174
172
178
203
46
203
201
215
109
248
52
53
125
94
165
78
169
136
79
237
180
143
203
252
37
109
42
248
116
50
76
255
179
24
121
0
120
41
208
70
182
251
66
117
17
121
54
234
58
63
94
144
69
150
8
33
118
20
72
186
135
12
185
164
41
159
93
214
3
179
201
205
239
216
38
119
121
222
49
223
37
200
15
169
54
175
138
252
53
111
14
248
244
51
109
171
162
16
121
1
58
57
240
70
180
234
82
117
80
241
210
234
56
30
218
22
65
238
25
169
118
21
72
30
148
76
153
244
41
158
93
86
3
187
56
27
239
204
54
53
189
126
149
222
91
145
77
61
27
134
159
220
227
106
244
112
196
243
89
169
166
144
124
208
124
233
69
112
251
184
214
120
144
105
60
92
179
174
118
160
213
110
154
184
189
137
240
29
157
84
169
226
123
251
67
135
44
242
11
5
236
208
39
85
81
22
55
68
29
68
31
253
52
103
137
244
36
97
2
118
240
99
108
151
132
24
122
90
30
41
214
102
17
250
66
120
91
212
84
233
60
47
148
20
245
110
17
164
26
4
248
24
158
13
24
118
59
157
89
31
36
250
57
147
175
220
54
53
189
126
149
222
221
144
65
28
25
71
159
252
99
106
176
50
212
247
77
189
132
144
85
208
124
249
238
52
179
184
214
120
128
105
56
95
179
174
118
176
213
110
26
184
157
9
242
29
156
80
32
162
123
223
123
199
44
242
44
38
117
161
176
253
165
121
76
212
202
54
193
53
217
196
251
204
67
104
241
0
146
208
93
188
17
169
100
142
51
155
68
4
87
154
80
122
169
84
37
20
48
167
68
129
246
101
152
173
137
9
242
29
141
73
0
242
19
172
72
71
40
122
192
207
7
216
32
60
108
247
49
222
104
137
66
181
95
138
141
200
173
111
30
168
100
146
73
95
183
128
69
4
56
25
242
18
112
104
81
60
128
96
114
126
56
191
118
130
71
238
137
137
126
81
88
31
135
76
145
224
35
157
84
86
3
178
57
215
239
220
55
117
221
254
149
212
221
145
93
156
63
79
187
244
98
107
50
94
212
55
29
173
132
24
127
88
124
185
228
36
181
186
214
120
17
125
54
107
183
174
30
176
85
110
26
184
223
141
50
24
148
84
32
162
123
219
91
207
46
243
224
214
173
61
36
182
63
157
177
251
41
202
203
1
22
47
149
111
226
91
248
227
114
156
209
99
173
246
89
49
39
194
239
24
198
37
219
168
224
225
122
78
51
173
243
113
183
123
58
234
56
11
245
125
92
220
22
179
215
188
250
210
104
123
45
246
101
36
55
117
161
121
245
220
224
231
109
25
49
37
248
236
71
121
240
98
16
244
212
61
245
208
124
22
107
209
204
40
215
190
218
56
233
125
124
92
58
175
212
113
182
109
184
191
136
11
240
29
220
81
52
242
23
156
122
215
108
90
20
49
85
148
50
1
28
110
214
42
219
53
125
164
145
82
243
196
66
96
65
160
193
134
204
136
162
153
66
140
60
232
80
36
52
186
78
112
1
84
16
192
145
14
230
132
197
78
27
36
90
3
32
24
28
73
128
114
59
216
72
6
32
240
57
22
101
32
55
125
37
120
253
92
254
225
109
29
108
231
245
252
71
89
240
34
112
244
213
61
229
232
124
86
99
233
200
44
215
190
218
58
169
253
248
84
58
191
212
227
54
108
184
173
28
12
240
29
159
65
48
242
55
188
90
214
44
218
56
19
37
136
38
53
37
114
165
214
83
128
93
61
25
6
157
252
67
104
48
112
192
243
89
60
149
216
120
208
124
217
208
20
211
168
212
104
128
73
60
25
55
167
84
160
84
110
154
168
153
9
242
29
156
84
40
226
51
217
91
215
44
242
7
69
204
208
35
93
80
66
39
68
5
132
30
185
52
15
137
212
36
105
2
118
224
35
76
151
149
24
113
14
24
33
210
52
17
170
66
120
90
80
16
169
56
47
144
20
101
110
17
160
18
4
232
24
150
12
25
242
59
157
88
21
32
251
56
3
245
220
34
53
45
119
37
212
91
144
29
61
25
6
191
220
65
106
48
112
196
179
89
60
132
88
120
208
124
201
212
84
113
168
212
104
144
73
52
29
189
38
246
164
197
110
154
168
189
137
242
29
159
92
41
226
115
217
83
79
12
242
41
22
109
32
53
121
165
120
241
220
254
97
108
61
72
167
237
236
71
249
240
98
112
244
197
61
225
248
124
22
99
233
220
108
213
188
90
56
169
253
124
84
58
175
212
99
118
108
184
188
24
5
240
29
222
77
56
178
55
188
90
215
36
218
133
221
222
216
32
117
121
214
49
206
37
136
14
233
55
143
236
252
37
111
6
232
228
50
109
171
163
88
121
0
56
57
242
118
52
234
82
124
210
240
182
234
56
31
146
150
65
238
153
169
118
5
88
31
149
76
153
240
41
31
93
86
3
179
8
9
142
212
34
93
248
246
49
222
79
4
16
180
59
162
133
220
193
107
6
120
228
179
105
10
134
80
92
65
62
105
117
16
49
232
83
123
216
208
208
181
24
62
230
134
97
110
153
40
126
5
248
29
150
76
145
226
59
156
65
30
1
250
24
49
93
132
50
1
157
126
214
128
223
16
117
36
147
82
242
212
66
96
0
32
196
150
204
136
164
153
66
136
60
232
116
36
52
190
90
120
1
85
16
64
17
14
230
132
193
78
27
172
27
3
112
24
149
73
16
114
59
216
72
6
32
240
26
49
93
148
50
3
93
110
214
138
215
52
125
36
179
82
250
212
66
100
0
176
196
166
140
136
164
25
66
232
60
232
116
36
52
186
90
122
1
85
16
192
21
14
226
4
193
78
27
44
90
7
96
24
148
73
144
114
59
216
73
6
32
242
5
5
76
156
35
21
92
67
39
198
5
132
28
189
52
70
140
216
0
109
2
114
192
35
76
150
144
88
112
14
28
33
210
52
49
138
66
104
82
80
48
137
60
47
150
20
229
110
17
160
18
5
40
24
150
12
25
114
59
157
89
23
32
250
26
49
89
132
54
19
159
108
214
134
215
20
93
52
179
82
250
212
66
109
0
48
196
54
172
136
164
25
82
232
60
168
116
44
52
190
90
120
1
85
16
65
21
46
194
4
193
76
27
44
155
5
112
24
148
89
16
114
59
216
73
30
32
250
26
49
105
132
54
19
159
111
214
128
215
16
93
20
179
82
242
212
66
100
0
48
196
118
44
136
164
25
82
168
28
104
116
36
20
154
82
120
1
85
16
65
21
14
192
132
193
76
27
172
27
5
112
24
148
73
16
114
59
216
73
14
32
250
