posters/Movie Poster 13.jpg
512 : 769
190
59.5345
-1
0
207
668
0.0239009
31
80.2176
-1
0
238
215
0.00711208
31
-75.3027
-1
0
144
671
0.00769933
31
-40.6013
-1
0
135
671
0.00752032
31
99.7999
-1
0
274
217
0.00680406
31
-66.3706
-1
0
295
670
0.0240228
31
-2.41103
-1
0
109
669
0.0239582
31
-73.0092
-1
0
295
250
0.010478
31
-116.565
-1
0
292
669
0.0272911
31
164.778
-1
0
409
669
0.0338022
31
-42.93
-1
0
162
670
0.0124948
31
-77.1957
-1
0
294
248
0.00805151
31
-62.9279
-1
0
236
670
0.0211913
31
75.9638
-1
0
189
208
0.00665507
31
97.1843
-1
0
269
217
0.00788546
31
-41.1859
-1
0
147
669
0.0241723
31
104.381
-1
0
365
668
0.0137822
31
-90
-1
0
288
670
0.0106879
31
84.3296
-1
0
175
190
0.00761289
31
8.74616
-1
0
236
668
0.0227694
31
170.961
-1
0
402
670
0.0196052
31
31.1672
-1
0
100
664
0.0111889
31
57.0568
-1
0
107
664
0.0110904
31
58.6959
-1
0
161
664
0.00850911
31
91.5482
-1
0
317
664
0.00826986
31
77.7749
-1
0
240
665
0.010468
31
-36.4692
-1
0
111
671
0.00895243
31
97.125
-1
0
315
665
0.00962765
31
111.982
-1
0
353
665
0.00843467
31
108.981
-1
0
387
665
0.00813714
31
178.103
-1
0
413
671
0.0127145
31
-169.019
-1
0
400
671
0.0132987
31
126.254
-1
0
395
667
0.00716793
31
-30.1916
-1
0
130
671
0.00824247
31
-36.7029
-1
0
132
671
0.0114843
31
-100.62
-1
0
365
671
0.00737561
31
72.867
-1
0
178
194
0.0082664
31
122.681
-1
0
359
667
0.0135505
31
61.3895
-1
0
152
666
0.0106347
31
54.7824
-1
0
158
666
0.014097
31
69.0265
-1
0
170
666
0.0123822
31
-98.7462
-1
0
149
671
0.010215
31
97.6961
-1
0
287
667
0.0138288
31
-121.535
-1
0
359
671
0.0150564
31
-61.6992
-1
0
159
671
0.00741
31
-116.2
-1
0
330
671
0.0136344
31
-96.6135
-1
0
325
671
0.011759
31
81.7241
-1
0
207
666
0.0113305
31
-99.0903
-1
0
315
671
0.00791416
31
-56.7934
-1
0
168
671
0.016807
31
53.8068
-1
0
182
667
0.0149719
31
-116.996
-1
0
304
671
0.00909507
31
-78.2749
-1
0
299
671
0.0130048
31
-106.113
-1
0
283
671
0.00939636
31
106.887
-1
0
227
666
0.0103864
31
53.6156
-1
0
128
667
0.00764948
31
61.9755
-1
0
124
667
0.00704848
31
-69.5672
-1
0
174
671
0.0105071
31
-104.3
-1
0
276
671
0.00703181
31
87.3281
-1
0
223
198
0.00700915
31
-66.2974
-1
0
178
671
0.00784827
31
18.8745
-1
0
105
667
0.0221657
31
-55.751
-1
0
187
671
0.0109596
31
-90.8425
-1
0
259
671
0.0172282
31
-85.1696
-1
0
254
671
0.00710043
31
105.611
-1
0
332
666
0.0125796
31
-90
-1
0
245
671
0.00981896
31
-87.3974
-1
0
205
671
0.0157505
31
-80.9421
-1
0
240
671
0.00671838
31
-97.125
-1
0
228
671
0.00928492
31
-45
-1
0
116
671
0.00624196
31
-28.3342
-1
0
107
671
0.00635489
31
-77.1523
-1
0
153
671
0.00628461
31
-83.3456
-1
0
199
671
0.006334
31
-150.255
-1
1
256.8
247.2
0.00255941
37.2
90
-1
1
220.8
193.2
0.00382947
37.2
146.611
-1
1
362.4
121.2
0.00389735
37.2
-164.407
-1
1
272.4
240
0.00264651
37.2
-94.1748
-1
1
206.4
622.8
0.00270656
37.2
95.7743
-1
1
284.4
205.2
0.00281939
37.2
-88.0909
-1
1
242.4
280.8
0.00227124
37.2
80.0182
-1
1
174
190.8
0.00385063
37.2
85.9666
-1
1
223.2
198
0.00462364
37.2
76.6256
-1
1
178.8
193.2
0.00289123
37.2
80.3556
-1
1
205.2
198
0.00227151
37.2
90.3745
-1
1
228
198
0.00277503
37.2
-68.3691
-1
1
213.6
280.8
0.00250367
37.2
93.4109
-1
1
296.4
198
0.00270696
37.2
92.9508
-1
1
241.2
204
0.00237784
37.2
104.172
-1
1
264
204
0.0031353
37.2
94.0445
-1
1
288
204
0.00402722
37.2
-38.4722
-1
1
174
637.2
0.00234968
37.2
-158.334
-1
1
307.2
252
0.00237676
37.2
135.64
-1
1
378
126
0.00335152
37.2
-118.072
-1
1
244.8
250.8
0.00237637
37.2
94.2142
-1
1
288
210
0.00238242
37.2
107.879
-1
1
289.2
592.8
0.00319803
37.2
180
-1
1
291.6
598.8
0.00224443
37.2
-85.4978
-1
1
297.6
628.8
0.00247728
37.2
0.156545
-1
1
188.4
612
0.00246943
37.2
-103.944
-1
1
220.8
616.8
0.00224871
37.2
-84.4725
-1
1
225.6
628.8
0.00246127
37.2
-156.038
-1
1
327.6
618
0.00285687
37.2
83.4181
-1
1
211.2
226.8
0.00283054
37.2
-87.5752
-1
1
298.8
620.4
0.00248148
37.2
82.6004
-1
1
230.4
222
0.00267623
37.2
-15.0808
-1
1
171.6
624
0.00307525
37.2
91.3639
-1
1
237.6
214.8
0.00218605
37.2
101.725
-1
1
268.8
217.2
0.00219611
37.2
99.648
-1
2
288
204.48
0.00239905
44.64
76.5618
-1
2
174.24
191.52
0.00228329
44.64
121.581
-1
2
288
584.64
0.0030058
44.64
149.258
-1
2
313.92
590.4
0.00254432
44.64
-134.108
-1
2
319.68
617.76
0.00263604
44.64
117.667
-1
2
289.44
591.84
0.00357551
44.64
180
-1
2
292.32
599.04
0.00233078
44.64
1.72916
-1
2
191.52
607.68
0.00241077
44.64
-94.8401
-1
2
285.12
612
0.00223163
44.64
-98.5194
-1
2
221.76
614.88
0.00230155
44.64
-166.444
-1
2
328.32
616.32
0.00329794
44.64
-91.0933
-1
2
298.08
619.2
0.00271015
44.64
-46.2263
-1
2
195.84
620.64
0.00260781
44.64
-141.184
-1
2
324
620.64
0.00411843
44.64
-89.3206
-1
2
207.36
622.08
0.00312192
44.64
0.643746
-1
2
169.92
620.64
0.00238164
44.64
-81.6956
-1
2
262.08
612
0.00226609
44.64
-22.9031
-1
2
190.08
619.2
0.00304991
44.64
63.6717
-1
2
174.24
197.28
0.0021493
44.64
-174.56
-1
2
328.32
612
0.00190038
44.64
124.875
-1
2
308.16
580.32
0.00197877
44.64
117.604
-1
2
290.88
584.64
0.00185469
44.64
124.663
-1
2
285.12
590.4
0.0018645
44.64
-23.334
-1
2
244.8
593.28
0.00191289
44.64
72.646
-1
2
178.56
192.96
0.00209151
44.64
-104.819
-1
2
303.84
617.76
0.00203787
44.64
-71.4424
-1
2
223.2
606.24
0.00188533
44.64
-79.6952
-1
2
259.2
609.12
0.00194722
44.64
115.071
-1
2
272.16
576
0.00192582
44.64
-0.403485
-1
2
213.12
597.6
0.00179402
44.64
104.882
-1
2
240.48
563.04
0.00163418
44.64
80.7996
-1
2
239.04
574.56
0.00153678
44.64
118.072
-1
2
300.96
574.56
0.00162651
44.64
-167.735
-1
2
342.72
623.52
0.0015287
44.64
83.6158
-1
2
187.2
197.28
0.00158064
44.64
-154.455
-1
2
306.72
606.24
0.00145509
44.64
65.556
-1
2
246.24
583.2
0.00147798
44.64
-96.0287
-1
2
279.36
614.88
0.00134672
44.64
105.998
-1
2
266.4
574.56
0.00135728
44.64
-78.1632
-1
2
239.04
601.92
0.00137486
44.64
62.712
-1
2
204.48
564.48
0.00148435
44.64
-51.9272
-1
2
244.8
596.16
0.00138641
44.64
-129.44
-1
2
283.68
601.92
0.00137905
44.64
-15.2297
-1
2
171.36
624.96
0.00142584
44.64
96.9811
-1
2
296.64
197.28
0.00148152
44.64
87.5503
-1
2
220.32
192.96
0.00151746
44.64
93.8622
-1
2
231.84
564.48
0.00128948
44.64
52.3524
-1
2
211.68
573.12
0.00127
44.64
-31.0683
-1
2
197.28
616.32
0.00127115
44.64
124.971
-1
3
295.488
582.336
0.00175502
53.568
82.515
-1
3
238.464
575.424
0.00224034
53.568
104.764
-1
3
266.112
573.696
0.00195076
53.568
124.023
-1
3
307.584
580.608
0.00272577
53.568
119.698
-1
3
300.672
575.424
0.00274179
53.568
122.005
-1
3
286.848
584.064
0.00256664
53.568
103.177
-1
3
236.736
558.144
0.0025224
53.568
139.653
-1
3
286.848
590.976
0.00330121
53.568
153.206
-1
3
312.768
590.976
0.00245425
53.568
-70.2777
-1
3
245.376
594.432
0.00187825
53.568
76.3903
-1
3
247.104
582.336
0.00186941
53.568
115.313
-1
3
269.568
577.152
0.00275162
53.568
-2.2026
-1
3
186.624
578.88
0.00122907
53.568
81.7241
-1
3
174.528
191.808
0.00106572
53.568
69.1988
-1
3
221.184
566.784
0.00135714
53.568
88.4306
-1
3
229.824
565.056
0.00164116
53.568
4.61992
-1
3
179.712
573.696
0.00111228
53.568
74.1343
-1
3
174.528
196.992
0.00121096
53.568
-0.421285
-1
3
212.544
597.888
0.0017521
53.568
34.5544
-1
3
210.816
573.696
0.00137711
53.568
56.0489
-1
3
203.904
563.328
0.00142401
53.568
102.894
-1
3
240.192
563.328
0.00167906
53.568
-1.86262
-1
3
205.632
590.976
0.00118099
53.568
49.8991
-1
3
200.448
561.6
0.0012113
53.568
23.8683
-1
3
193.536
571.968
0.00152523
53.568
83.4181
-1
3
186.624
196.992
0.000959418
53.568
7.74471
-1
3
219.456
590.976
0.000927677
53.568
98.8721
-1
4
236.39
557.798
0.00234527
64.2816
48.9909
-1
4
205.286
564.019
0.00114051
64.2816
98.0945
-1
4
240.538
564.019
0.0018837
64.2816
73.8481
-1
4
223.949
566.093
0.00220906
64.2816
39.9869
-1
5
241.367
370.76
0.000420266
77.1379
190
64
26
8
24
143
42
89
144
165
31
176
63
20
17
22
121
240
245
146
64
136
132
16
141
0
249
4
12
72
135
235
159
126
165
180
65
64
86
67
138
218
147
149
69
52
4
134
160
108
135
73
199
133
190
7
161
211
2
67
40
120
81
8
34
228
248
251
113
53
220
238
171
249
220
189
234
255
231
69
220
245
246
229
199
71
244
47
82
222
221
238
239
175
66
146
99
254
239
45
71
191
218
58
233
252
218
92
50
174
209
115
181
111
185
172
152
11
240
29
29
81
20
242
83
189
122
86
42
249
129
206
4
105
172
184
166
81
57
57
40
201
138
49
76
169
133
204
141
169
196
104
46
248
97
31
13
178
253
7
41
86
245
243
248
64
113
163
188
162
223
190
42
191
210
199
94
81
168
81
126
36
205
231
139
44
151
196
166
134
84
119
6
189
13
198
69
40
157
184
37
120
41
124
232
107
232
61
204
9
139
108
165
96
224
68
8
240
70
253
17
178
253
6
41
79
157
194
209
32
53
144
57
41
109
54
58
183
116
145
118
193
8
245
41
52
211
149
203
12
46
132
135
134
130
215
37
94
250
250
51
127
125
122
171
221
220
187
248
251
103
25
214
191
255
229
127
91
228
163
126
94
197
223
253
175
215
51
99
254
199
173
214
191
122
56
237
247
106
94
50
191
211
113
181
109
184
189
28
1
240
189
158
81
16
242
183
191
124
87
54
251
131
199
12
120
36
58
124
18
49
18
45
200
10
113
100
43
133
108
37
237
6
104
48
51
96
7
3
16
125
4
40
65
242
82
154
72
67
36
18
161
86
170
58
253
146
210
86
78
0
145
118
64
73
8
167
12
153
195
33
158
84
114
135
185
41
6
101
168
9
125
39
89
165
92
234
7
89
61
61
37
139
124
227
96
240
66
152
112
84
253
29
176
252
214
59
201
221
64
67
56
144
168
44
40
60
21
58
167
69
225
116
225
56
128
152
8
211
29
142
28
56
228
43
172
194
199
12
242
242
251
219
255
102
154
94
14
251
179
53
250
255
242
54
90
191
131
126
191
143
253
99
159
205
211
247
255
7
169
213
238
151
191
38
127
234
189
246
119
106
234
225
125
187
124
189
63
247
202
172
211
101
241
127
255
85
255
208
95
125
113
209
255
26
8
24
143
171
89
216
161
31
240
31
5
49
52
121
246
246
146
64
152
12
176
141
40
57
128
96
72
134
195
159
127
96
164
121
80
86
67
138
66
179
213
69
30
6
134
72
52
135
73
87
5
62
15
133
105
145
96
40
120
69
14
2
181
50
65
53
154
2
132
5
65
231
70
41
130
221
37
53
22
255
85
98
100
10
116
209
103
220
213
181
60
34
178
28
41
146
36
83
152
0
104
66
72
36
89
60
41
21
20
245
46
145
136
144
1
50
25
60
93
25
242
51
185
80
87
8
250
133
206
69
232
61
56
37
90
33
124
232
235
74
249
196
137
131
108
165
105
228
196
40
115
71
175
1
179
253
4
41
71
155
208
208
32
117
216
177
165
102
62
58
183
244
147
214
201
8
245
45
28
213
157
203
12
46
132
151
134
202
214
37
93
210
249
223
119
238
146
94
2
251
187
21
250
255
247
22
90
190
131
62
191
143
253
99
255
239
214
255
255
111
169
213
110
147
253
36
127
238
61
246
247
86
234
233
121
187
28
253
63
247
203
139
195
237
241
126
255
93
255
243
95
121
113
211
255
129
207
13
120
36
56
124
82
33
22
41
200
78
113
68
139
133
108
37
105
38
108
32
243
101
15
3
144
125
4
40
65
210
82
248
8
75
44
146
161
118
170
58
253
210
210
118
202
0
145
52
86
72
29
167
12
153
194
51
142
80
114
71
185
56
55
239
208
54
55
221
127
213
222
209
144
95
152
179
71
155
244
107
111
116
119
212
247
29
251
183
180
92
216
116
233
79
44
150
186
222
124
177
125
120
79
247
63
215
164
213
110
158
172
156
13
242
29
159
84
48
242
115
223
219
159
40
242
251
246
177
60
125
114
63
222
208
63
248
251
231
205
134
63
255
229
63
83
232
167
122
94
196
255
255
175
211
19
99
238
199
173
143
255
122
60
109
247
122
74
50
191
215
113
181
125
184
172
24
1
224
62
156
65
16
242
179
157
252
87
50
251
165
198
101
40
157
36
37
90
33
125
232
107
202
121
132
13
130
108
165
96
240
196
24
112
70
189
17
179
184
20
41
71
155
192
208
32
181
160
49
169
110
46
58
129
116
81
214
193
40
244
8
60
209
156
203
12
46
132
151
134
138
215
44
88
143
254
109
108
188
60
252
84
185
29
236
249
78
49
244
201
128
236
167
105
229
72
44
56
111
139
7
179
253
69
57
228
245
224
188
250
119
183
177
181
223
254
26
31
218
215
218
208
41
53
94
4
72
151
143
12
150
192
43
142
94
86
38
185
139
207
12
78
39
25
216
129
59
154
61
205
28
52
109
187
164
154
4
187
68
112
164
50
97
10
226
88
93
99
189
112
240
112
56
96
115
67
128
225
211
159
25
30
146
134
194
76
137
11
86
5
120
15
163
77
147
211
46
28
85
58
2
185
68
9
131
144
0
67
132
167
1
136
26
5
16
166
27
162
201
8
225
6
64
129
196
131
89
69
140
64
0
138
26
72
101
32
65
160
21
66
201
72
48
20
48
46
68
22
37
236
153
172
89
5
176
29
28
73
0
98
43
184
72
6
32
242
102
38
161
138
66
79
6
7
167
70
11
4
17
166
187
231
137
48
98
132
25
147
82
4
82
213
28
45
128
154
26
0
4
13
71
139
136
4
15
12
36
1
36
169
5
124
52
164
85
36
192
8
3
72
32
146
144
104
0
52
111
73
120
98
51
215
53
154
2
149
13
9
231
198
41
138
189
44
53
31
255
247
98
36
26
118
81
103
220
245
245
60
34
186
92
41
194
44
67
188
202
104
226
104
36
75
52
169
151
112
245
46
145
136
144
9
50
25
188
87
57
242
82
61
115
213
72
242
35
134
173
138
7
220
5
28
229
70
152
140
41
61
47
165
139
116
35
240
192
82
215
53
68
245
25
32
51
18
43
73
213
44
211
56
74
96
168
40
36
92
56
173
85
208
244
104
26
136
28
4
147
29
212
24
152
226
35
188
64
215
8
114
42
232
234
139
23
93
153
143
253
198
189
188
57
46
255
239
139
116
96
240
5
210
245
36
117
197
129
1
83
251
31
91
181
44
215
250
90
115
233
60
50
93
116
40
148
86
244
104
155
172
158
5
154
29
212
24
144
226
41
188
89
218
106
242
51
252
26
15
19
64
149
228
91
164
191
180
52
14
203
242
247
146
0
128
129
146
197
4
237
197
224
73
19
47
223
127
181
164
53
222
54
83
203
94
34
221
237
32
20
22
36
44
211
44
115
133
184
19
48
99
32
50
40
120
25
12
38
196
133
206
10
109
168
248
252
144
57
191
46
205
2
149
76
171
133
232
165
203
236
128
60
152
99
47
135
226
197
7
171
23
232
48
122
96
91
135
232
168
219
62
56
191
254
243
190
112
137
201
86
35
220
15
131
0
151
211
35
180
84
114
2
169
131
204
10
15
35
201
216
136
27
155
47
205
16
12
109
170
5
18
4
155
4
32
164
8
97
5
227
66
21
99
15
55
248
176
121
64
115
199
202
170
147
190
108
62
182
150
40
56
129
75
118
37
156
7
229
96
147
195
172
108
21
104
130
129
5
206
100
200
184
189
165
112
57
93
174
203
204
61
252
137
139
109
239
40
244
68
24
240
79
125
29
50
189
78
27
69
221
64
209
40
84
248
189
44
119
62
42
183
85
162
124
193
32
245
44
60
209
157
139
12
62
204
6
132
194
199
36
250
133
206
10
77
168
120
248
144
57
189
46
201
2
17
76
169
133
232
165
235
196
0
60
152
99
15
5
226
197
7
43
86
240
48
88
96
83
131
232
162
211
190
56
191
240
210
218
120
137
201
86
35
220
15
131
8
151
195
35
164
84
114
2
185
141
239
100
104
52
124
164
81
41
27
232
251
66
17
204
169
131
108
167
105
101
96
56
122
69
143
7
163
221
6
35
208
242
66
222
138
97
188
249
165
111
126
58
181
246
211
118
241
8
181
52
48
194
151
143
12
128
192
3
166
92
86
37
57
140
234
103
233
188
125
164
243
61
221
238
219
203
17
220
233
131
220
239
107
229
4
172
249
111
207
5
163
253
71
51
222
245
98
252
248
119
123
233
181
251
126
58
63
220
151
126
225
168
189
94
4
216
159
143
8
22
208
39
174
90
95
38
185
50
193
25
158
0
132
31
9
199
134
61
138
177
36
21
26
255
215
32
36
10
36
193
71
204
213
181
44
3
162
16
40
146
36
17
152
66
104
194
96
32
202
48
105
151
28
245
46
145
136
16
5
32
25
188
75
17
114
58
57
80
85
0
242
50
151
185
158
38
87
29
15
199
198
25
132
61
132
63
94
255
214
96
46
18
115
210
7
221
213
247
124
19
250
94
40
134
44
195
188
202
104
234
97
36
73
229
233
151
212
181
110
214
168
152
11
162
25
180
91
129
114
90
121
115
221
72
242
133
255
109
200
181
185
5
120
59
85
172
251
239
121
196
233
195
244
111
45
117
100
160
240
69
103
1
49
253
12
72
41
222
100
212
186
66
120
177
245
118
222
58
55
212
50
244
68
144
181
28
4
224
157
143
13
56
244
51
158
88
214
38
249
13
198
101
40
29
168
37
120
161
124
234
33
232
61
205
5
139
108
163
96
240
70
152
113
69
253
17
176
60
6
33
207
153
194
209
40
53
184
57
45
109
52
58
167
85
145
118
225
40
181
41
56
211
157
202
4
46
132
135
167
138
199
36
94
13
198
101
40
157
184
37
120
33
124
232
235
200
61
204
9
139
108
167
96
224
68
136
241
70
253
17
178
124
6
43
207
153
194
209
40
53
184
57
45
109
54
58
167
85
145
118
225
40
245
41
60
211
189
202
12
46
132
135
167
130
199
36
94
216
201
154
95
34
91
216
163
91
152
31
205
18
244
109
186
175
146
188
15
6
188
229
147
249
31
227
88
71
227
158
126
242
55
104
117
86
111
218
248
211
255
233
126
186
150
1
110
205
139
119
215
184
15
183
206
209
251
120
127
117
108
131
187
8
11
131
154
2
95
128
167
29
220
10
133
17
182
123
234
203
16
225
42
212
52
196
147
89
69
148
0
0
202
26
90
231
32
67
176
85
90
233
104
240
29
52
38
84
150
53
110
153
172
152
5
178
29
157
88
4
226
19
189
89
71
32
242
141
231
109
104
53
56
101
88
177
31
232
250
239
123
228
105
131
108
167
105
101
240
48
114
101
143
3
177
255
12
32
137
242
70
222
234
97
120
49
181
126
238
58
61
210
211
118
208
26
181
52
36
72
149
207
28
152
228
35
142
92
214
111
185
58
248
26
143
51
89
216
236
95
160
191
188
53
30
235
250
247
150
16
10
133
146
197
4
173
128
224
73
83
235
223
122
181
164
117
222
86
115
203
118
178
221
197
32
54
150
32
44
147
46
119
133
184
21
181
65
144
98
40
120
89
12
34
213
30
184
91
143
19
73
144
236
95
128
159
180
117
22
251
242
247
150
0
16
1
16
197
0
173
128
232
73
3
235
223
123
181
164
85
222
22
83
201
86
178
157
69
32
52
150
160
44
151
46
195
135
186
21
112
113
48
34
40
120
25
12
38
197
26
216
26
15
35
201
216
164
95
162
63
188
52
38
233
250
247
146
0
154
143
50
199
12
169
132
224
73
3
235
223
62
176
164
109
214
86
91
203
254
178
221
197
104
54
150
40
60
131
110
119
133
190
5
177
105
144
115
40
120
89
8
34
165
200
202
10
77
232
217
250
225
25
185
110
205
144
52
109
168
133
137
157
137
204
128
46
152
121
93
9
230
197
199
59
118
249
145
105
97
119
195
172
170
211
158
104
54
255
182
154
49
173
201
126
53
221
79
139
234
215
201
175
172
84
66
18
189
129
206
14
76
40
24
220
19
57
25
44
201
2
113
108
169
133
202
132
169
196
8
36
123
99
15
3
82
93
35
57
118
240
240
56
64
115
199
170
161
211
190
10
30
186
214
210
74
1
209
118
21
76
7
131
8
147
195
42
140
84
112
3
185
24
153
154
223
34
73
216
167
91
128
63
133
52
212
123
250
247
146
16
11
6
184
197
3
169
135
226
72
3
235
158
126
167
54
97
92
22
207
218
242
179
253
229
98
46
150
33
110
199
138
111
215
190
15
49
75
145
115
120
107
81
44
131
228
129
202
4
104
172
184
44
80
57
59
104
203
202
113
68
169
129
76
173
105
228
96
40
248
109
79
3
178
125
7
33
71
215
210
216
0
97
168
184
163
111
190
58
63
246
147
126
83
8
209
60
36
197
133
143
12
151
199
147
134
196
115
71
189
18
201
26
223
35
201
216
164
27
128
31
140
48
84
105
178
239
146
0
10
134
56
229
2
105
135
226
72
7
235
159
126
180
166
97
80
86
67
202
98
147
253
197
102
54
150
41
46
131
9
119
197
188
7
177
73
145
99
40
105
81
44
131
247
1
205
26
94
35
89
216
134
27
152
47
205
18
116
109
170
175
146
20
139
134
56
165
19
97
23
163
72
69
99
158
114
240
54
121
112
83
67
218
224
211
255
184
126
178
150
65
110
137
139
118
69
188
13
167
72
147
243
42
255
81
60
131
185
146
201
26
79
163
88
216
133
27
153
47
205
16
20
109
186
101
146
132
139
76
186
165
0
121
7
167
74
197
227
159
54
160
176
105
96
119
67
202
232
211
159
65
116
182
150
138
124
129
73
118
37
188
7
163
97
147
211
40
108
85
120
3
169
9
207
26
95
35
89
220
134
27
218
47
201
16
116
109
170
167
146
132
139
134
56
165
18
105
7
163
8
71
99
157
115
242
54
120
112
83
67
242
232
243
255
233
126
182
150
81
110
137
203
118
69
60
13
163
72
147
243
42
236
81
122
131
177
129
202
69
104
44
56
44
82
41
59
104
203
202
113
76
169
129
76
165
105
228
100
40
250
73
15
3
178
253
4
33
71
247
210
216
32
117
168
176
163
238
62
58
53
242
147
246
75
26
209
60
70
197
133
143
12
15
198
151
166
196
82
69
61
30
168
27
139
2
73
144
173
95
128
31
182
49
22
251
242
241
146
0
16
1
144
198
0
173
132
200
73
131
235
159
122
181
148
85
194
62
83
203
86
162
29
69
32
52
150
224
44
215
46
139
135
190
1
112
123
0
99
56
120
25
8
98
196
18
200
24
143
35
73
208
165
31
224
63
133
48
20
105
178
231
146
0
154
132
56
173
0
105
132
224
8
7
227
159
127
160
164
113
80
86
67
202
194
147
221
197
58
6
150
104
44
131
73
87
5
188
7
161
105
145
99
40
120
81
12
2
164
131
223
12
124
37
24
92
6
51
26
45
201
14
113
100
185
165
234
4
187
70
104
52
50
101
7
35
80
125
36
168
112
240
114
250
64
106
98
146
161
211
190
58
93
146
214
214
78
129
145
86
68
104
5
163
12
147
211
34
158
84
114
130
185
17
204
24
79
35
89
216
161
27
152
63
141
48
52
105
178
167
146
4
154
12
178
165
16
121
4
224
72
69
227
159
58
232
52
105
80
87
67
136
232
147
221
73
62
54
134
136
60
139
75
119
5
188
15
163
64
147
99
44
124
85
10
2
181
131
207
0
108
37
120
116
22
57
25
44
201
2
81
76
169
133
204
165
169
6
40
36
51
99
15
3
98
253
35
40
85
176
114
120
64
99
70
178
161
211
190
58
119
186
150
126
202
193
145
118
20
76
7
163
12
147
209
32
46
84
116
7
185
62
184
91
171
54
89
153
175
223
194
127
180
117
22
251
242
247
214
64
64
5
144
197
4
173
132
232
201
67
235
223
251
181
36
213
222
94
115
201
215
178
93
85
40
20
150
224
108
159
44
135
135
186
29
53
89
0
242
57
248
89
14
102
244
62
248
91
143
54
89
217
175
223
194
127
188
117
22
249
250
247
214
64
88
5
144
197
20
173
128
224
73
87
235
255
251
240
36
117
222
94
115
201
247
178
221
213
60
22
150
224
44
159
45
215
135
186
29
181
89
144
242
57
120
93
14
34
181
129
202
13
104
44
184
228
80
57
59
40
201
74
113
76
169
133
204
173
233
196
96
40
251
97
15
7
178
125
5
41
70
245
210
216
0
105
166
176
163
223
190
42
63
210
198
86
211
8
209
78
68
77
133
143
12
151
194
131
134
64
114
71
189
24
200
24
79
35
89
216
165
27
154
63
141
16
52
109
162
167
146
4
137
4
50
165
16
121
4
224
72
69
227
159
50
248
52
105
80
87
67
136
232
147
223
77
62
182
150
128
108
139
75
119
5
188
15
163
72
147
227
40
108
117
10
2
177
56
217
76
222
62
253
90
49
62
124
95
157
29
126
125
238
229
214
81
106
212
120
128
115
41
158
166
28
125
91
61
105
210
100
21
242
87
123
217
116
210
221
93
46
212
150
229
111
157
173
30
5
248
29
159
77
24
242
59
189
89
14
34
241
129
206
13
104
44
56
108
83
57
59
40
201
74
113
68
169
133
76
165
233
196
96
40
251
105
15
3
178
125
5
41
70
247
210
216
0
107
172
176
163
215
190
42
63
210
150
118
75
8
209
52
70
77
5
143
12
151
194
147
142
80
114
71
189
41
134
173
170
11
253
37
95
229
70
138
4
113
60
63
165
207
116
67
96
240
83
219
53
85
245
24
0
115
210
59
201
197
4
211
56
0
96
40
40
52
85
124
37
85
212
116
236
152
8
152
12
178
29
212
17
56
226
43
188
67
207
12
242
129
198
69
104
44
56
44
82
33
62
104
202
74
49
68
11
129
108
165
105
228
100
40
250
65
63
3
178
61
4
33
65
210
82
216
32
105
168
176
161
102
190
58
53
246
147
118
75
18
209
36
70
69
13
207
12
15
199
19
134
192
242
71
57
130
203
8
76
34
89
220
133
59
154
45
201
16
52
108
170
141
154
4
169
68
48
36
146
97
7
129
80
69
99
157
112
240
48
104
96
123
67
128
160
211
159
24
62
178
150
194
76
137
139
86
7
248
13
147
72
151
211
42
188
81
90
2
185
131
205
12
76
32
88
220
134
57
154
44
201
14
49
108
169
141
138
132
169
68
96
36
50
97
7
1
82
109
39
137
112
244
112
120
96
115
3
136
160
211
158
56
62
178
214
210
76
137
137
94
5
248
5
163
76
151
211
46
172
80
82
2
185
132
202
12
236
60
120
244
215
61
25
108
201
74
17
92
169
129
204
165
233
197
40
44
58
109
15
7
162
253
7
41
214
244
242
250
72
115
179
185
183
211
190
58
55
218
150
94
192
9
209
118
48
72
135
163
12
147
193
35
142
84
114
7
185
131
204
8
76
35
88
220
130
57
154
45
205
16
52
108
169
133
154
4
153
68
2
36
50
97
29
161
64
69
35
172
112
248
48
104
96
115
67
136
160
211
158
24
62
178
214
214
76
137
139
86
5
248
13
131
72
147
211
62
188
80
82
2
185
131
206
12
76
43
89
220
7
57
186
44
201
26
49
108
169
141
186
132
187
196
96
60
58
97
31
129
82
125
67
61
118
240
240
88
96
115
195
168
162
211
190
106
62
210
214
210
74
137
201
86
5
252
13
135
76
151
211
175
188
80
82
2
185
131
205
12
108
36
88
220
2
49
154
44
201
14
53
108
169
133
232
132
169
68
96
52
114
101
31
7
82
125
39
40
112
240
112
58
64
115
35
152
160
211
190
58
125
146
214
86
78
129
145
86
5
72
5
163
12
151
211
42
140
84
115
2
185
128
202
8
79
34
89
216
129
27
154
47
205
16
52
109
168
165
154
132
139
68
32
37
154
97
5
161
66
69
99
191
114
248
48
104
96
83
67
136
160
211
158
24
30
178
134
130
108
137
203
118
7
220
15
131
72
147
211
42
12
85
26
2
185
133
206
68
200
248
185
165
112
57
125
232
203
202
57
204
9
131
109
237
40
240
68
8
248
107
125
25
178
189
71
41
71
223
64
216
32
116
248
189
169
119
190
42
183
116
162
254
193
32
213
44
52
193
255
139
12
46
204
150
132
194
215
36
60
1
206
101
200
168
189
165
112
57
92
170
203
200
61
124
133
139
108
231
40
244
68
24
241
77
125
21
48
60
70
19
69
220
64
211
40
80
248
185
40
117
52
42
183
85
226
116
225
32
145
44
44
147
29
143
12
62
196
2
165
194
199
4
250
128
202
12
105
172
184
246
209
57
187
44
201
202
49
76
169
133
204
173
169
196
96
44
248
101
95
1
178
253
7
41
86
245
208
248
64
115
163
184
163
223
190
106
63
210
215
94
81
168
209
126
36
205
231
139
44
151
197
166
142
84
83
6
189
131
204
12
108
41
88
220
7
57
185
44
201
14
49
108
169
141
168
132
169
196
104
60
59
97
31
1
82
125
39
41
118
177
240
122
96
115
131
176
162
211
190
42
127
146
214
214
74
137
193
86
5
252
5
163
12
151
211
174
172
80
114
2
185
253
249
254
253
119
115
249
254
95
187
209
252
102
206
230
251
255
255
254
95
191
223
231
191
167
127
242
223
83
111
238
255
251
149
189
255
214
255
250
247
218
204
239
126
187
63
227
127
223
255
126
247
232
253
244
215
208
191
245
255
189
240
179
183
194
195
138
222
35
83
90
3
18
155
45
205
18
214
36
43
100
147
36
135
197
37
97
83
65
94
161
14
65
10
176
112
210
36
84
178
83
88
201
244
82
94
48
47
209
20
245
111
153
172
24
5
240
29
156
73
16
243
51
189
88
87
34
251
205
231
111
217
180
245
255
248
121
255
233
216
207
245
181
75
139
237
189
111
190
248
110
184
109
247
147
183
125
75
63
27
242
86
189
203
212
253
127
55
54
106
235
125
183
152
93
50
30
157
54
247
201
249
166
46
213
204
73
79
221
223
111
183
252
61
251
124
50
99
124
239
211
170
253
182
119
230
131
122
183
131
242
95
159
189
65
143
159
79
243
255
66
239
246
234
235
29
37
255
158
252
250
119
120
93
245
107
191
61
167
111
255
174
41
215
242
61
124
95
76
191
223
251
61
116
249
78
185
222
102
235
255
253
163
241
61
125
122
79
143
121
124
173
247
253
237
42
244
101
154
121
123
255
57
54
254
83
115
255
247
225
93
49
119
251
253
254
247
92
106
191
213
130
254
115
152
221
28
13
244
189
158
73
18
246
183
189
210
95
32
252
190
20
236
133
255
165
155
53
54
127
18
87
157
105
50
69
244
253
65
33
248
119
218
120
24
170
190
86
248
89
125
239
87
112
158
57
214
120
185
117
212
77
78
14
195
20
193
91
156
188
24
5
226
188
156
77
24
182
51
189
223
31
40
247
218
223
159
255
238
243
250
181
123
251
125
203
158
240
111
251
165
223
60
255
206
253
102
187
163
79
235
254
109
115
183
119
251
113
145
97
255
125
248
241
242
223
255
127
243
159
243
127
157
203
30
71
255
125
222
207
215
255
191
159
85
122
208
251
68
8
130
128
0
75
160
231
1
192
14
21
16
166
219
162
203
16
193
134
197
1
197
131
89
68
136
4
0
142
26
66
229
0
65
178
16
66
201
76
176
21
20
38
68
22
39
236
153
44
25
5
176
29
24
73
2
98
35
176
72
2
32
234
88
73
76
222
39
31
90
51
63
248
126
149
28
250
124
230
224
211
89
175
196
112
192
51
41
10
161
28
121
75
61
105
242
36
21
242
87
91
193
244
242
223
124
47
208
134
229
111
157
173
30
5
248
29
159
73
16
242
59
189
89
30
34
249
12
11
130
152
2
91
132
231
1
176
14
133
16
182
251
226
203
16
225
138
197
17
197
147
89
85
144
4
1
206
26
82
197
32
65
186
80
90
201
108
48
21
48
38
85
148
37
238
153
44
25
5
178
29
152
72
2
226
35
181
88
67
32
250
76
201
206
222
35
27
92
51
63
248
30
145
30
190
124
206
225
209
81
171
196
60
192
51
105
94
160
20
121
73
60
105
210
36
116
242
86
123
193
116
210
223
60
46
212
22
197
111
153
172
26
5
248
29
157
77
16
242
59
189
89
22
34
251
89
209
76
222
47
219
94
54
55
120
29
133
28
127
108
235
229
214
28
235
196
120
225
51
105
78
160
30
125
73
61
105
211
36
20
242
83
91
208
244
82
223
88
46
212
150
229
111
153
173
30
5
248
29
159
77
16
242
59
189
89
22
34
248
205
230
239
121
124
119
251
212
49
255
172
207
206
125
166
41
129
237
157
107
244
125
126
250
101
106
138
214
125
71
59
103
255
83
149
105
82
249
252
179
86
60
122
54
241
211
247
107
157
253
28
71
241
125
158
76
63
223
183
159
218
243
103
251
13
206
76
205
239
157
150
48
62
125
30
73
156
60
125
197
237
223
24
168
196
113
138
121
41
84
168
118
124
73
21
103
213
112
81
32
82
123
168
116
241
159
74
63
213
134
244
75
157
173
28
5
252
93
159
73
18
214
58
188
80
95
34
250
250
21
236
214
127
55
91
55
54
126
85
71
29
126
54
71
252
247
81
227
244
127
210
122
56
42
182
30
120
81
125
239
215
100
22
250
211
121
240
117
80
207
94
14
209
20
225
79
157
172
26
5
242
28
158
77
24
246
123
159
91
31
42
251
126
144
236
156
255
183
91
53
54
110
85
136
29
105
55
87
252
253
80
226
248
115
210
58
44
186
182
94
121
81
117
235
215
52
150
234
210
113
176
119
112
203
95
15
209
20
193
79
157
172
26
5
240
60
156
89
24
182
59
159
90
151
46
243
44
148
236
133
255
183
155
53
54
127
16
67
157
40
51
69
252
253
88
32
208
119
218
120
56
248
188
118
252
89
125
111
87
112
30
57
214
121
169
117
85
205
78
14
193
4
209
89
157
172
24
5
226
28
156
77
24
246
59
157
219
31
40
246
13
38
229
44
20
228
161
118
49
220
194
17
64
17
137
1
138
108
227
98
241
40
82
243
73
57
0
148
120
68
33
199
223
112
245
176
53
184
105
37
109
52
58
167
101
161
119
107
56
188
40
1
242
28
28
12
46
130
23
167
74
71
36
114
186
219
238
222
119
63
221
59
183
223
253
251
191
252
116
109
179
213
124
127
214
126
160
119
47
255
227
62
127
123
116
249
254
124
158
251
214
124
250
245
83
255
251
127
255
22
213
111
157
191
28
133
250
61
159
77
17
246
115
159
121
95
166
187
197
13
143
149
208
75
243
220
57
229
15
207
210
196
234
235
139
125
180
39
14
141
102
32
79
223
153
34
209
11
26
31
247
19
117
251
16
239
239
180
80
61
60
54
189
30
253
177
157
172
56
53
209
255
156
10
24
168
49
45
76
85
33
250
249
249
219
127
223
235
121
126
223
61
206
253
247
206
238
251
255
247
255
87
254
159
239
159
227
254
254
175
219
75
254
238
207
175
175
119
55
247
255
119
89
253
198
110
207
127
173
247
237
118
94
244
239
255
158
195
245
188
239
187
191
45
151
254
57
18
229
133
255
229
143
252
190
125
90
95
141
45
19
101
245
245
203
32
248
103
202
120
12
236
188
118
252
91
119
239
87
105
93
57
214
120
249
125
117
68
107
175
197
160
253
113
184
180
25
1
242
190
156
77
104
182
51
153
218
207
36
246
249
250
247
231
255
239
251
248
253
253
250
127
239
249
219
253
251
253
255
123
252
143
175
252
239
255
127
183
254
87
115
255
127
239
125
127
119
247
253
255
221
84
251
190
203
43
218
177
173
181
94
177
217
191
141
109
252
252
231
255
222
15
48
190
191
254
253
239
63
253
249
57
255
221
215
255
255
123
252
252
242
183
254
251
245
127
211
255
189
58
247
191
127
255
255
239
223
236
239
150
255
123
249
125
223
221
255
255
241
115
243
111
191
255
137
207
254
165
218
93
110
247
247
239
251
251
238
223
251
21
187
246
102
167
93
55
67
231
85
6
211
196
50
83
188
215
48
71
138
189
194
67
206
218
242
110
82
48
246
41
71
55
21
187
218
108
122
85
80
105
181
107
237
28
165
111
93
174
24
199
240
56
28
65
81
179
115
155
88
55
145
250
92
249
219
252
54
123
124
119
223
186
127
152
83
214
255
250
251
212
122
107
135
189
228
159
237
223
183
175
87
239
54
234
215
36
213
255
94
127
233
117
122
222
241
63
247
182
181
111
155
173
30
199
248
29
159
89
144
242
59
255
121
87
97
254
225
238
231
225
252
252
167
241
220
127
106
91
195
93
217
173
227
205
239
34
252
47
191
253
95
239
47
166
223
23
35
223
231
163
92
49
117
183
237
246
123
94
2
190
221
34
159
211
184
237
28
33
245
189
141
65
22
240
243
189
218
87
32
252
121
4
127
169
234
183
250
97
112
254
80
21
220
100
49
80
238
223
145
98
216
117
206
249
252
152
170
222
72
65
61
127
87
36
29
57
87
251
72
114
80
64
93
14
81
132
195
127
31
44
24
5
240
28
156
73
16
242
59
157
88
23
34
247
50
247
237
206
62
156
221
19
247
221
61
251
239
127
20
29
255
231
102
187
245
110
83
119
245
247
247
63
127
185
201
227
199
108
78
190
218
56
251
125
125
94
42
175
213
112
245
111
185
190
152
11
240
29
158
93
56
243
114
159
250
215
44
250
127
255
255
125
54
183
125
127
249
247
213
188
255
255
183
95
251
213
59
111
191
127
246
183
255
250
246
191
127
57
124
170
215
108
180
191
218
127
209
119
94
223
249
254
255
253
197
47
157
175
30
207
240
29
158
77
16
246
123
223
123
87
171
251
250
29
178
215
103
231
217
191
143
239
121
222
179
204
18
62
191
215
118
215
30
175
247
15
223
207
247
110
83
178
246
170
199
63
119
191
210
108
234
245
112
124
181
235
255
60
189
63
221
174
24
195
240
63
156
67
81
179
113
187
60
117
153
250
121
249
255
127
255
241
249
120
222
191
213
253
255
218
249
92
251
213
127
107
254
63
198
255
175
255
247
191
95
75
117
254
223
47
13
255
214
125
249
119
121
204
251
47
255
165
185
127
189
175
30
133
248
157
158
73
208
242
123
159
248
31
161
182
13
35
237
16
19
59
37
126
245
52
214
49
125
251
180
66
139
124
227
97
241
118
192
183
76
59
149
149
120
204
84
201
159
46
4
190
70
88
113
92
124
181
60
39
197
97
117
111
51
164
137
12
242
29
154
28
40
114
51
153
233
151
36
218
122
27
247
247
255
175
191
252
204
255
251
81
255
204
91
212
247
245
99
114
254
47
198
127
31
239
230
174
82
144
117
255
111
44
86
191
215
122
225
127
248
92
241
174
213
51
149
95
152
172
152
1
242
29
157
81
0
242
115
191
248
87
32
254
250
214
127
125
255
180
255
249
220
255
248
251
239
77
84
29
255
221
103
115
252
46
154
124
221
223
247
191
91
51
97
254
195
172
220
63
254
57
233
119
120
94
179
175
215
113
156
95
168
173
24
1
248
189
157
73
16
178
243
191
250
87
40
190
45
148
236
133
255
181
223
49
62
127
20
79
157
109
51
69
252
247
80
162
216
117
218
104
104
112
184
126
124
89
253
103
215
112
159
97
210
123
248
117
84
205
78
14
213
20
213
95
157
188
24
5
240
157
156
77
26
150
58
189
218
159
42
250
4
8
130
130
0
67
160
103
1
160
14
21
16
182
155
162
203
16
129
64
193
1
205
131
89
72
8
4
0
142
26
66
165
38
65
186
16
66
77
76
48
21
20
34
69
20
39
238
153
44
201
4
178
29
24
72
2
98
35
176
72
7
32
202
255
220
239
229
255
189
251
249
188
255
214
91
223
121
114
205
248
253
127
115
252
255
190
120
63
250
187
182
252
87
119
255
255
233
222
121
247
119
253
247
221
95
94
30
209
39
219
17
189
157
30
13
249
255
157
109
88
246
247
191
222
159
42
191
173
222
111
237
254
253
251
241
189
255
247
223
223
121
253
237
155
253
127
107
252
119
210
124
61
255
183
183
125
215
119
255
199
108
223
251
214
123
249
63
252
93
123
191
215
166
255
123
191
189
156
13
250
157
159
93
48
246
115
189
251
223
40
255
122
253
255
222
54
95
221
63
247
214
61
254
127
254
54
127
253
247
122
191
151
119
211
231
249
119
247
127
127
251
214
235
207
124
215
190
222
120
250
121
118
221
231
173
183
52
245
111
159
174
153
207
242
29
220
95
56
247
114
255
123
217
238
250
249
222
231
229
255
253
251
248
189
125
254
123
239
121
210
237
251
253
255
123
252
207
190
124
127
255
63
178
255
87
119
255
255
235
222
125
247
247
253
253
223
92
251
159
217
35
250
241
172
157
92
169
217
191
143
109
116
252
247
191
222
223
44
189
191
252
237
239
63
253
251
56
253
253
214
255
255
123
252
221
186
247
127
251
245
119
211
255
181
254
245
183
126
255
247
239
159
236
207
246
255
123
249
125
253
221
255
63
209
113
247
111
191
255
137
207
250
181
218
85
126
247
255
255
251
223
238
223
94
249
223
220
54
251
93
118
247
190
117
184
95
243
190
218
251
212
122
107
135
117
230
187
237
195
183
63
127
109
52
234
215
100
156
251
94
125
241
117
114
207
251
61
247
148
213
111
159
172
30
135
232
29
159
93
152
246
59
223
89
95
98
247
217
217
223
223
103
123
249
254
223
189
247
223
191
248
123
250
254
215
126
111
46
191
231
63
175
235
247
126
83
227
246
191
255
39
117
255
86
127
250
255
242
127
253
126
251
62
217
63
223
170
95
215
248
63
157
77
81
254
57
255
125
124
131
255
178
222
231
227
252
188
231
241
252
253
120
203
207
121
86
189
246
237
255
43
252
47
186
125
111
239
63
166
255
17
99
255
247
227
94
49
119
189
253
246
223
94
42
191
217
18
219
211
184
221
28
1
244
191
159
105
23
244
247
159
210
87
2
253
39
252
237
94
63
156
221
25
255
245
45
251
175
123
244
93
251
231
102
187
245
102
83
119
117
247
245
63
127
187
73
99
199
108
70
190
218
57
251
125
116
222
40
175
149
112
245
111
177
174
152
9
240
29
159
77
56
242
114
189
250
215
44
250
250
221
187
247
103
103
89
255
223
239
125
206
179
200
22
190
191
215
124
79
30
173
246
27
223
223
243
110
83
179
246
187
195
55
119
255
210
109
250
243
82
124
177
239
187
28
189
63
221
138
24
211
240
63
188
67
81
251
113
251
125
116
153
251
45
238
237
185
63
255
183
125
253
252
238
233
253
61
253
239
137
125
227
123
245
115
82
247
81
111
133
182
121
215
53
195
207
120
211
160
255
122
249
61
254
61
126
167
213
115
247
107
189
174
136
15
243
29
217
92
62
230
119
189
251
223
108
218
58
251
255
222
55
151
221
43
119
214
149
248
191
122
52
94
255
179
96
187
151
117
211
103
249
247
241
127
47
248
212
235
223
124
135
190
222
88
250
121
116
95
229
45
181
20
245
111
151
174
153
11
178
25
222
95
56
247
118
221
123
217
232
218
185
222
247
233
239
253
163
248
61
125
254
203
207
121
124
189
247
253
237
42
244
101
154
121
111
255
57
182
255
87
115
255
215
227
89
48
119
243
252
160
247
93
106
23
213
131
255
243
184
221
157
45
246
165
159
73
39
214
183
173
210
95
4
253
109
37
239
16
18
71
5
111
197
230
145
48
113
170
179
70
139
48
99
99
177
151
214
135
92
185
148
13
66
152
48
200
77
44
39
186
146
56
33
92
56
64
52
171
7
116
21
238
25
172
24
13
242
24
28
80
24
34
115
185
11
151
40
234
250
219
179
255
239
226
251
206
223
191
217
207
163
204
95
191
255
247
63
87
238
175
230
95
207
223
247
111
211
163
242
254
199
175
87
127
82
61
238
119
122
124
176
127
221
89
189
191
217
140
24
65
240
191
156
97
81
242
113
191
92
119
147
251
45
173
239
89
35
221
253
111
157
254
254
188
81
238
253
238
139
56
99
74
245
55
214
151
93
127
151
165
65
223
63
203
207
46
71
186
210
122
233
124
120
125
116
47
215
247
181
107
189
172
24
13
242
29
157
80
16
226
123
189
123
223
40
242
4
46
130
130
0
206
164
103
9
192
70
21
16
54
217
198
139
8
193
98
213
37
204
211
89
24
4
5
32
136
25
74
135
6
65
186
17
90
233
28
176
53
48
166
69
134
23
235
153
44
169
8
177
29
153
8
0
98
3
181
72
7
32
250
167
247
109
94
63
185
221
24
251
181
157
251
174
127
228
93
235
245
38
123
245
102
211
119
101
255
245
63
126
59
69
107
223
108
148
190
210
57
249
125
124
223
58
47
213
112
245
111
185
175
24
13
248
29
158
77
56
246
51
157
248
215
36
218
233
198
239
77
254
245
187
240
57
255
228
207
206
121
35
45
136
253
255
107
252
101
94
248
98
127
153
182
252
87
51
247
255
97
213
49
87
121
253
61
124
92
122
190
213
113
219
115
185
141
24
5
241
189
156
77
62
246
55
157
218
215
36
250
251
220
239
229
255
253
251
249
188
255
246
95
223
121
123
237
248
253
127
115
252
255
190
120
63
251
59
182
252
87
119
255
255
107
222
121
215
119
253
253
221
93
122
30
217
39
219
113
189
157
30
13
249
255
157
77
120
244
247
191
222
159
44
191
255
222
111
229
255
253
255
248
188
127
248
251
239
121
118
237
249
253
127
123
252
127
190
124
110
255
127
183
255
87
119
255
223
239
222
127
247
245
253
191
95
76
251
63
217
49
255
49
172
189
30
133
203
183
158
125
248
244
247
159
254
223
60
188
255
255
127
111
255
245
223
153
255
223
221
255
239
127
244
125
185
255
126
191
255
127
51
252
183
127
127
255
255
255
247
179
207
249
207
215
255
61
255
61
127
95
251
253
247
121
255
55
190
223
136
107
251
229
218
255
126
159
246
143
255
251
254
154
4
10
130
138
0
74
164
103
1
160
14
21
16
182
153
130
203
0
129
66
197
1
205
3
89
92
16
4
0
140
24
66
133
6
65
186
16
74
201
108
32
21
48
38
85
20
39
234
153
44
137
5
176
29
153
72
0
226
35
177
72
71
32
202
250
221
191
255
39
111
89
175
223
229
125
222
191
232
94
254
255
215
118
127
62
191
231
39
255
255
247
126
83
243
246
235
199
61
33
253
223
109
250
249
250
223
181
107
191
62
245
111
223
170
155
207
248
29
188
85
121
183
123
251
123
245
139
255
251
222
254
127
255
191
255
248
253
125
252
251
175
217
134
93
246
255
255
115
252
111
155
125
230
239
123
183
255
85
235
239
223
235
220
117
247
189
253
245
127
94
122
191
221
113
223
215
188
190
24
13
240
191
157
77
126
182
247
191
222
215
190
253
218
217
219
127
255
250
250
206
255
187
253
223
191
192
126
249
255
215
63
119
206
175
238
127
239
223
247
127
215
35
246
190
215
175
93
255
115
117
255
119
251
126
249
127
221
31
253
183
221
140
26
197
248
191
156
105
81
246
49
191
92
119
147
255
235
220
238
253
255
183
251
208
61
255
192
203
222
233
118
77
232
253
61
227
252
253
26
120
103
255
187
182
221
87
119
247
215
227
222
121
83
125
253
119
244
110
122
63
211
29
219
51
157
140
24
5
249
253
156
109
25
246
115
191
222
215
50
187
126
249
255
255
54
243
249
254
223
191
245
249
239
219
159
218
251
213
250
59
191
127
199
255
173
251
247
191
127
255
119
238
223
236
189
255
254
253
251
117
122
223
243
125
183
181
241
127
191
190
191
195
248
189
252
93
68
246
255
219
251
223
239
255
200
13
138
245
234
215
254
133
25
251
79
142
146
212
59
238
165
217
57
111
142
189
246
27
91
206
182
174
64
193
62
54
231
55
116
121
83
127
226
242
80
125
244
110
223
30
207
63
157
136
24
69
241
93
157
73
17
242
115
189
89
54
3
250
248
31
247
223
232
247
251
247
223
253
87
159
223
249
91
174
254
223
251
111
254
175
246
191
219
123
190
254
237
211
255
255
239
39
103
125
215
191
254
127
252
92
241
190
249
168
249
127
189
140
223
219
244
127
156
223
69
254
115
255
254
71
9
255
201
138
207
105
236
186
190
240
57
59
68
79
206
117
14
9
128
205
185
226
236
101
74
248
98
94
156
182
252
7
43
102
223
113
85
33
91
59
252
112
92
92
26
62
213
113
255
115
185
140
24
5
241
125
156
73
22
246
51
189
88
87
34
250
38
33
105
130
23
157
141
9
231
71
19
118
189
110
176
84
146
53
98
179
213
118
211
103
93
246
181
63
18
250
93
73
71
44
207
158
218
120
235
92
100
93
101
41
149
84
245
111
146
172
152
13
178
17
220
81
40
50
50
185
41
223
104
122
72
9
142
154
34
91
48
103
17
250
6
144
16
178
253
202
203
144
33
110
197
149
197
179
9
25
185
4
65
204
52
97
209
36
85
186
82
122
225
116
240
95
60
47
85
150
65
238
157
172
30
5
242
29
157
73
16
226
43
189
89
86
32
243
58
255
255
223
54
255
221
63
255
253
255
253
255
62
252
254
251
247
126
187
245
127
243
247
189
247
245
191
127
251
215
238
207
108
231
190
222
122
251
125
125
93
231
175
149
118
245
111
191
190
141
207
242
29
159
93
108
247
246
255
251
223
236
222
248
191
255
213
250
127
253
247
255
253
126
223
223
253
251
238
255
223
255
47
252
223
254
191
187
127
255
254
237
211
246
255
223
123
101
117
223
247
254
125
253
93
235
55
253
174
253
239
191
237
239
255
254
127
159
223
127
254
123
255
255
61
9
254
249
157
187
127
109
111
249
254
219
237
223
223
166
204
78
190
255
215
58
71
126
175
230
31
255
239
246
110
211
51
246
111
231
39
117
127
214
111
250
255
91
124
185
254
255
58
173
127
217
174
91
213
240
63
156
65
81
250
113
251
252
118
131
254
201
222
238
125
239
247
251
241
57
255
112
203
158
249
102
77
237
221
61
111
254
237
190
123
78
255
187
54
253
83
55
127
211
99
92
121
83
253
252
118
118
126
250
63
217
29
255
51
157
141
28
5
241
255
158
77
81
254
115
159
220
87
32
191
251
252
255
119
255
249
249
250
249
63
244
251
238
249
102
217
238
255
63
251
239
255
171
127
239
251
243
191
255
87
247
255
215
239
220
255
127
125
253
247
255
222
250
95
217
23
251
247
253
253
30
197
232
191
159
109
88
180
183
191
220
127
180
191
218
217
138
95
103
91
222
175
31
186
63
207
186
212
107
250
181
147
120
159
198
63
199
87
233
71
242
126
67
251
158
122
255
56
65
117
254
91
234
241
242
95
229
110
181
54
149
111
191
170
27
71
248
29
157
203
87
243
63
255
121
125
130
250
251
253
254
255
255
183
255
152
253
127
252
251
191
239
230
93
255
255
63
255
127
255
187
124
182
255
251
191
255
119
247
191
223
239
158
255
255
125
253
255
127
206
255
253
223
89
223
151
237
255
26
237
233
183
222
237
250
252
245
159
255
255
187
190
252
185
255
255
54
127
249
247
223
253
223
253
127
246
251
254
255
215
250
111
191
221
247
191
191
235
246
255
111
255
246
238
199
125
103
255
222
255
250
125
248
221
247
126
255
166
247
111
255
174
239
223
250
63
191
93
212
255
123
255
251
61
203
254
45
33
229
24
18
79
37
126
245
164
196
177
89
187
182
66
139
116
227
97
177
119
194
167
93
57
149
181
104
204
20
201
223
108
103
186
16
120
121
60
124
189
60
39
85
112
117
107
57
164
169
12
242
28
24
12
56
226
51
185
73
215
36
218
5
134
76
77
238
153
146
20
58
117
7
77
156
115
45
1
228
251
8
160
196
97
2
112
104
64
168
126
188
9
149
103
215
112
81
32
82
82
232
114
247
31
8
15
209
134
241
79
153
237
28
5
244
13
155
73
18
215
50
157
80
87
34
249
68
201
138
30
33
26
24
3
19
186
4
141
18
182
108
138
228
139
1
195
197
37
65
83
65
26
160
78
65
136
169
98
211
36
68
178
83
90
193
116
210
94
16
46
209
22
131
111
153
172
24
5
240
29
157
73
18
243
51
189
88
86
34
251
233
13
174
85
234
223
250
167
57
253
71
207
158
252
50
238
173
187
125
239
254
189
246
187
91
107
182
254
73
209
62
231
247
55
96
121
211
127
242
250
218
125
253
126
251
62
203
127
157
136
26
71
241
93
157
201
17
247
115
189
121
54
3
251
122
155
255
223
110
87
223
183
247
252
85
223
63
246
63
94
253
215
120
191
212
125
215
255
251
98
246
94
127
249
223
238
223
125
19
117
254
92
250
117
116
93
239
62
157
164
245
111
191
174
157
207
246
61
158
223
79
247
127
223
123
125
138
254
44
239
238
217
51
189
255
117
189
254
247
184
217
120
253
206
153
185
107
235
253
119
215
255
89
127
135
182
109
221
61
202
207
12
71
170
214
122
249
124
250
127
245
175
215
247
151
107
191
172
156
13
242
29
223
92
48
226
123
253
251
219
106
251
237
222
239
229
254
245
251
240
57
255
246
207
222
121
99
237
136
253
253
107
252
117
62
248
107
127
59
182
252
87
127
255
255
113
221
121
223
127
253
181
221
125
122
62
209
23
251
115
157
157
24
5
217
253
156
77
20
214
115
191
214
223
44
251
248
223
247
223
238
119
251
183
159
253
87
159
159
253
91
238
189
223
248
107
254
175
246
191
219
127
183
254
253
211
255
255
227
59
103
117
223
255
250
127
250
125
227
190
255
174
219
127
191
201
223
219
244
127
156
223
71
255
123
223
255
103
11
255
201
207
206
125
239
241
254
244
57
191
112
203
158
249
103
141
173
221
189
235
238
239
174
122
106
127
179
246
253
71
55
127
215
115
92
113
87
245
252
119
127
126
250
63
221
149
219
115
157
205
28
5
213
255
156
73
83
246
51
159
92
119
1
255
205
206
238
73
238
245
243
240
57
255
76
207
206
125
103
45
137
253
253
107
252
101
30
248
106
126
29
182
253
71
59
87
255
97
89
97
87
249
253
56
127
60
122
62
213
241
255
115
185
141
24
5
209
221
156
77
30
214
55
157
210
87
34
250
193
202
207
65
236
241
246
240
57
191
68
207
206
117
67
9
137
237
253
171
252
101
14
248
106
126
29
182
252
71
35
86
223
113
89
97
95
185
252
48
92
60
58
62
213
96
255
115
185
205
24
5
209
253
156
73
23
214
55
157
80
87
32
250
237
222
239
245
255
253
255
249
60
255
254
75
223
121
114
237
169
253
127
123
252
253
190
248
47
255
59
182
252
87
119
255
255
99
222
121
215
119
253
181
221
125
122
63
217
7
223
115
157
157
30
13
217
255
159
77
113
212
119
191
215
159
44
190
192
203
138
221
96
214
250
167
25
251
73
143
146
229
23
42
141
137
121
239
158
173
102
155
91
75
182
230
65
135
34
198
231
51
99
33
83
44
250
234
82
60
176
238
255
60
163
123
153
200
56
83
245
93
156
200
19
251
115
181
88
114
131
251
175
223
111
229
255
253
255
249
189
95
254
251
239
121
116
237
145
253
127
127
252
127
178
124
63
255
63
183
254
87
119
187
206
105
222
251
255
125
253
181
125
253
251
191
213
99
254
115
172
191
28
13
219
181
143
125
112
214
119
159
255
159
188
186
169
207
111
233
254
253
251
241
189
223
230
207
223
121
253
237
146
253
255
111
252
119
210
244
61
255
29
182
124
215
119
187
215
104
223
249
214
121
249
61
252
125
122
191
213
230
247
119
189
189
156
13
251
189
158
93
48
246
115
159
219
223
44
251
251
221
254
127
255
117
249
250
253
253
252
255
191
249
103
253
255
255
255
123
126
255
183
126
167
255
243
179
255
115
246
191
251
239
189
117
247
117
248
253
123
255
251
127
219
183
251
245
237
159
94
253
216
191
158
109
255
244
253
223
255
255
159
189
248
254
255
223
238
127
253
183
255
253
126
223
223
253
94
238
255
223
254
43
254
253
254
191
187
111
183
254
237
211
247
255
243
123
117
117
223
255
250
255
127
221
235
191
255
166
253
255
175
201
223
251
252
255
158
223
253
254
123
255
255
28
9
254
207
220
238
253
255
245
251
208
57
255
232
203
158
233
103
237
169
253
61
227
254
253
190
122
111
255
179
182
221
87
119
247
247
243
221
121
243
253
252
119
127
110
122
127
223
21
219
115
157
221
24
5
217
255
156
109
155
246
115
191
222
127
0
179
171
221
77
87
231
205
219
8
251
69
15
205
191
124
108
253
239
247
20
103
198
45
243
119
109
222
178
63
118
107
31
41
215
101
125
154
66
123
251
244
209
221
60
47
213
30
253
47
149
164
24
5
248
29
159
73
16
242
50
189
88
31
34
250
64
10
130
162
0
74
32
71
64
160
198
5
112
148
11
162
139
0
1
68
192
129
77
147
95
8
8
132
66
132
40
64
5
38
65
184
80
98
5
0
144
116
16
6
69
134
35
232
25
44
73
4
209
29
153
8
16
96
35
180
72
6
32
250
218
157
222
223
110
95
222
183
59
249
85
223
158
246
47
218
189
211
56
191
222
253
199
251
235
66
242
94
125
113
223
111
223
121
49
117
223
91
250
113
210
159
239
126
189
150
193
111
159
234
27
199
244
125
153
207
95
247
127
255
123
61
131
255
217
205
142
95
106
223
218
167
57
253
85
207
158
244
127
202
172
155
124
239
222
253
230
251
123
122
182
126
105
243
191
119
247
51
97
113
223
95
250
122
210
255
249
126
251
62
203
111
157
200
26
199
253
93
157
207
83
255
123
189
121
119
131
255
35
213
128
14
133
136
219
8
239
65
5
206
174
109
36
29
238
247
36
119
198
47
83
103
101
214
243
46
18
42
67
33
215
36
91
154
66
40
234
100
113
220
56
235
213
80
253
47
145
164
24
5
224
21
156
73
25
242
50
189
80
87
34
251
64
10
130
146
0
74
160
103
73
176
78
5
80
180
219
162
139
0
193
66
196
5
205
147
91
8
0
4
0
132
24
74
117
6
65
184
16
114
205
12
176
116
16
38
76
134
99
234
25
44
25
16
209
29
137
8
0
96
35
181
72
6
32
250
126
251
239
223
54
247
219
253
223
223
213
252
255
30
191
222
155
213
122
63
181
119
198
255
173
247
255
63
127
251
119
187
215
76
191
255
222
125
251
117
122
95
243
60
183
188
245
127
191
191
191
203
243
189
254
94
116
246
122
223
251
223
126
255
186
158
255
215
47
223
221
47
255
245
23
221
191
254
54
220
255
151
122
187
150
127
243
119
251
234
244
94
126
249
223
238
135
237
98
22
222
91
250
127
85
93
229
238
153
44
245
111
253
174
153
139
246
13
158
223
113
247
242
253
243
93
138
222
219
153
138
95
47
91
220
142
159
179
31
206
186
222
111
250
189
147
56
155
198
63
195
71
227
198
242
126
83
249
223
106
135
188
193
116
254
75
234
121
114
223
229
109
181
86
181
111
255
234
27
7
244
13
249
211
19
243
190
191
121
249
130
222
200
13
138
245
234
151
254
163
25
251
111
203
146
212
123
202
173
153
61
207
206
189
102
219
91
95
183
230
64
199
63
246
227
51
96
121
83
127
242
242
208
125
241
126
255
30
155
123
157
200
24
71
245
93
157
200
17
251
115
191
93
119
129
250
60
255
255
223
55
255
219
125
255
221
247
249
255
122
253
220
250
213
126
47
182
127
246
119
189
251
247
63
127
251
117
187
215
101
189
223
214
121
251
125
243
223
251
127
179
174
217
63
159
191
191
143
248
189
159
95
112
246
122
207
251
159
45
255
59
153
138
30
47
203
220
14
151
163
29
206
190
206
38
127
181
179
48
147
134
55
195
71
227
198
240
126
83
123
215
98
135
188
129
100
218
73
234
123
114
221
229
105
181
84
181
111
223
234
153
15
244
13
248
211
49
179
186
187
49
249
142
202
58
157
250
134
63
207
217
11
191
197
31
228
191
110
120
253
255
247
52
179
150
63
211
103
241
214
224
127
118
251
223
111
135
108
127
158
210
91
250
87
81
221
100
107
149
22
245
111
149
190
152
13
246
5
156
75
24
50
114
189
91
29
44
250
72
10
138
187
3
219
32
231
25
176
70
132
16
180
107
202
203
152
33
106
204
149
207
51
75
73
136
4
66
196
56
82
241
6
81
184
83
122
229
112
176
85
56
38
85
134
67
238
153
44
28
5
242
29
153
73
16
226
43
189
89
70
32
250
121
252
255
79
119
255
223
124
255
159
213
249
239
63
221
222
251
215
122
63
183
127
231
255
173
247
255
63
127
123
87
255
223
109
189
223
222
125
251
127
121
223
235
47
191
184
253
127
191
191
191
207
248
189
254
95
124
254
254
203
251
221
252
254
192
203
138
221
40
212
248
167
25
251
1
207
146
192
19
42
141
11
224
139
222
173
119
219
91
95
147
230
65
167
163
214
239
50
99
33
211
141
250
106
114
60
161
238
255
20
187
123
153
202
56
83
245
93
152
192
23
243
115
183
88
113
131
239
202
136
138
143
111
219
216
6
31
161
31
206
186
158
46
254
157
179
56
147
134
23
195
71
99
195
216
63
83
251
159
98
135
188
195
84
250
75
234
123
112
157
101
105
149
94
181
107
215
234
137
15
246
5
248
211
49
243
186
61
241
217
22
206
200
201
138
213
170
221
248
163
25
251
103
203
146
208
123
170
173
155
252
139
206
189
102
219
91
95
179
226
64
231
191
118
231
50
97
96
215
255
250
114
240
61
225
126
255
22
155
123
157
200
24
215
244
93
153
72
23
243
115
191
93
115
129
254
219
201
142
95
42
217
220
166
59
185
93
207
158
246
111
250
173
147
56
187
206
253
231
123
235
86
242
122
105
227
223
110
215
184
97
100
255
223
250
123
210
191
237
126
191
22
231
107
255
202
27
199
252
29
153
205
23
247
255
255
249
121
131
255
17
238
85
110
248
250
38
104
249
57
238
251
236
119
204
168
227
133
191
32
196
79
11
253
239
205
13
183
239
3
43
78
151
239
73
52
101
155
253
182
111
222
234
55
125
243
254
227
161
245
9
246
229
39
143
173
78
238
151
172
240
71
55
220
