posters/Movie Poster 39.jpg
512 : 386
49
-13.7223
-1
0
405
172
0.00783088
31
-15.451
-1
0
164
284
0.011009
31
-121.267
-1
0
294
194
0.0112309
31
-31.5554
-1
0
338
153
0.0104853
31
-16.0846
-1
0
99
153
0.00936884
31
-22.019
-1
0
99
157
0.011112
31
111.309
-1
0
133
288
0.00869171
31
17.9535
-1
0
104
255
0.00970939
31
110.985
-1
0
123
285
0.0108971
31
-61.8412
-1
0
99
130
0.00953406
31
103.124
-1
0
106
282
0.00852891
31
-7.81529
-1
0
98
148
0.00992561
31
-0.936997
-1
0
111
157
0.0101323
31
-7.10504
-1
0
111
147
0.0122272
31
-18.9246
-1
0
103
146
0.0170814
31
85.7197
-1
0
99
180
0.00852793
31
-18.8349
-1
0
111
144
0.0124305
31
-23.5926
-1
0
98
144
0.00974754
31
63.4349
-1
0
103
261
0.0142611
31
-43.5619
-1
0
98
138
0.0104382
31
-64.168
-1
0
141
176
0.00998085
31
-26.8836
-1
0
119
136
0.00914003
31
-46.65
-1
0
111
135
0.00869561
31
-48.6215
-1
0
101
206
0.0102291
31
-53.7886
-1
0
98
135
0.0135769
31
-28.0519
-1
0
101
233
0.0131396
31
17.1896
-1
0
318
209
0.00829989
31
-30.2076
-1
0
107
233
0.0134385
31
-2.78975
-1
0
113
158
0.00729549
31
-1.23419
-1
0
119
150
0.00780352
31
95.0319
-1
0
331
169
0.00779821
31
1.28492
-1
0
118
152
0.0076709
31
108.355
-1
0
128
287
0.00711751
31
-116.914
-1
0
124
175
0.0076685
31
-1.11601
-1
0
270
105
0.00711302
31
-29.4038
-1
0
396
213
0.00713394
31
-65.2594
-1
1
141.6
176.4
0.00720302
37.2
6.35448
-1
1
172.8
208.8
0.00865164
37.2
-125.442
-1
1
294
194.4
0.00851416
37.2
-126.578
-1
1
123.6
177.6
0.00686113
37.2
-42.4552
-1
1
337.2
152.4
0.0061638
37.2
64.9614
-1
2
315.36
220.32
0.00545684
44.64
-49.9697
-1
2
152.64
167.04
0.00610867
44.64
-127.069
-1
2
293.76
192.96
0.0066597
44.64
1.21888
-1
2
167.04
208.8
0.00467321
44.64
-61.1443
-1
2
145.44
148.32
0.00477448
44.64
-130.123
-1
3
293.76
191.808
0.00442746
53.568
106.504
-1
3
324.864
177.984
0.00312326
53.568
-165.964
-1
3
314.496
171.072
0.00297393
53.568
49
64
34
228
170
11
15
196
133
141
238
167
189
232
249
14
63
253
217
34
98
211
245
51
119
68
213
231
245
43
3
190
199
226
143
44
71
190
218
8
233
126
106
93
52
169
213
113
181
111
185
174
136
11
242
29
88
81
48
243
211
181
186
211
104
74
4
10
4
128
136
221
162
113
40
56
2
7
128
53
89
161
136
73
193
32
212
36
74
241
73
124
28
132
44
6
51
66
95
2
83
32
81
218
237
0
244
52
26
38
69
166
102
227
152
44
8
0
209
93
139
8
22
66
19
181
64
83
32
250
129
193
16
150
0
64
12
2
34
130
41
194
0
5
4
3
15
66
36
35
2
160
96
98
64
215
145
104
16
42
2
81
210
20
81
168
0
8
234
96
96
8
56
35
180
16
244
110
17
168
48
1
240
24
156
73
17
242
50
53
88
87
32
234
2
9
16
22
0
74
0
7
66
0
39
68
18
66
204
176
38
2
4
4
7
40
161
3
79
131
128
13
3
170
128
0
148
4
65
154
0
2
202
192
131
152
1
65
160
30
165
14
209
164
97
18
32
1
49
171
1
115
16
32
0
112
49
73
0
7
16
144
1
14
37
75
164
100
2
0
17
232
56
7
70
40
193
0
214
174
80
3
80
128
134
0
0
128
8
64
66
2
66
32
0
10
2
72
128
52
16
131
32
66
37
79
17
32
56
24
32
25
143
0
17
98
83
180
72
70
9
112
1
5
21
20
0
12
32
67
34
100
2
5
0
229
0
3
102
96
128
32
146
44
16
195
80
40
132
64
32
0
9
65
82
18
115
56
0
136
2
72
4
32
24
131
32
64
101
79
0
32
32
24
32
24
8
8
25
34
19
176
0
6
1
104
7
197
17
6
1
140
7
8
162
68
45
194
128
123
132
21
107
35
36
1
192
36
16
99
80
215
145
45
34
42
3
65
134
36
65
154
0
24
235
124
96
28
56
161
245
80
244
111
145
164
24
13
240
25
156
65
48
242
50
189
88
87
32
218
138
10
10
129
203
93
128
196
156
191
10
71
17
12
123
165
201
92
29
2
76
146
174
24
47
221
28
2
213
67
59
30
101
160
93
89
82
231
205
2
145
84
68
30
78
134
40
176
141
13
86
37
159
135
133
96
144
64
40
44
68
13
0
176
5
163
153
14
32
208
158
0
2
148
47
194
144
22
171
49
237
199
32
3
196
37
66
195
201
215
177
109
0
42
19
99
215
52
85
186
82
88
233
116
112
28
56
47
245
20
245
111
153
172
24
7
240
29
156
65
16
242
50
189
88
87
32
250
4
138
21
129
200
216
134
81
46
17
10
70
129
117
123
161
237
197
1
32
196
37
10
96
79
212
24
106
180
10
19
78
151
224
83
10
80
250
233
6
229
20
8
39
69
134
252
33
144
156
152
32
178
21
159
73
0
80
18
37
64
87
36
122
12
2
204
137
38
209
134
48
54
154
190
150
221
52
59
98
217
145
99
178
197
117
195
243
9
117
181
44
8
206
151
226
223
44
71
170
90
120
233
120
112
93
116
47
213
52
245
111
155
172
152
5
242
29
156
89
18
242
51
189
89
91
96
250
0
1
9
152
0
11
32
11
132
42
34
0
17
192
57
2
68
24
129
0
194
182
64
3
0
128
166
64
0
128
56
72
98
2
66
160
1
106
2
192
162
98
20
8
82
86
1
206
17
40
24
4
34
25
77
24
17
98
59
184
8
86
67
225
65
5
146
52
1
70
37
78
165
228
33
128
2
137
166
15
239
44
33
71
2
175
112
3
84
223
151
40
16
0
32
65
71
6
35
186
0
44
99
76
32
96
52
227
175
80
53
238
89
160
120
16
96
24
52
0
25
178
33
185
8
71
1
106
67
5
129
48
1
6
41
78
164
174
1
128
3
200
50
7
12
124
33
67
130
175
240
35
20
138
182
12
18
160
48
72
71
38
6
168
16
44
66
72
64
106
52
201
211
80
129
110
25
168
24
1
96
24
60
64
25
178
51
185
8
86
33
235
64
1
1
146
0
129
44
2
132
46
0
0
17
192
49
2
4
92
129
34
200
182
192
3
72
130
166
0
0
128
57
72
115
18
2
160
17
104
2
192
64
98
20
10
226
20
129
79
25
40
24
5
98
24
29
8
1
34
51
152
72
22
35
241
131
140
130
3
205
194
128
143
26
153
12
205
162
134
3
169
73
71
56
19
192
5
110
73
99
215
24
39
23
11
2
86
165
165
93
17
114
21
239
54
97
92
32
40
157
92
61
177
217
156
90
5
181
33
188
226
16
80
34
61
80
85
16
250
64
5
129
20
1
134
45
79
132
238
1
1
3
200
48
7
42
124
128
3
200
47
240
11
28
138
166
6
16
160
49
72
67
48
38
184
16
40
0
68
64
96
52
138
226
80
129
79
25
168
24
1
96
24
28
64
25
50
51
153
8
22
33
234
0
1
1
146
8
129
12
7
132
170
10
4
17
68
57
3
4
84
128
2
192
50
192
3
8
128
134
0
16
128
25
74
115
16
66
32
17
74
2
192
130
98
4
8
68
86
129
75
25
40
24
5
54
24
29
72
17
34
59
184
72
6
34
224
11
214
76
171
191
176
135
24
36
90
48
232
169
27
101
5
0
124
5
56
192
112
152
112
96
144
9
49
191
80
33
25
180
192
218
128
113
80
41
33
230
78
26
29
80
149
208
81
26
29
20
4
14
161
207
60
8
130
54
140
82
219
110
17
0
2
145
13
136
129
130
69
130
160
2
5
144
68
59
33
100
84
128
2
192
35
206
72
8
128
132
68
16
8
25
78
117
144
81
32
16
194
8
66
128
1
68
6
100
196
129
75
24
12
24
5
182
24
156
73
16
66
58
156
64
7
34
241
2
2
8
162
31
48
128
11
20
250
0
37
32
66
33
37
66
22
129
146
193
32
141
107
0
128
32
1
18
72
33
82
119
32
221
176
115
82
1
116
192
68
18
8
80
21
192
79
24
44
24
5
244
13
220
73
18
162
55
188
8
82
34
113
22
213
147
125
61
224
252
127
146
187
120
221
130
68
133
59
171
221
160
3
196
47
198
91
77
223
163
103
83
43
33
126
119
48
125
185
118
124
232
117
115
78
59
47
247
20
181
127
153
172
24
5
224
28
156
73
144
242
51
189
92
87
34
179
21
22
179
5
168
132
139
245
146
253
2
71
128
65
131
5
100
205
128
34
192
45
206
120
12
138
164
110
16
9
33
127
103
48
92
56
84
184
233
102
209
68
10
142
192
0
217
95
152
172
24
1
240
28
156
73
16
114
51
189
88
87
32
254
146
216
219
207
48
208
220
230
27
249
53
219
135
179
214
218
47
214
188
43
134
12
238
121
45
223
179
59
95
107
54
127
215
245
60
81
118
253
250
55
115
222
235
127
191
20
125
185
201
153
126
183
252
135
180
110
209
210
56
111
85
93
3
191
0
2
17
1
137
193
130
77
138
32
2
5
144
20
43
0
108
212
0
0
192
35
202
72
12
128
28
76
20
8
25
78
21
160
81
24
80
194
104
2
161
21
64
6
69
132
169
35
144
12
25
5
182
25
156
73
0
66
58
173
64
7
32
246
193
8
131
151
0
66
1
142
9
165
4
207
131
173
6
10
9
101
48
39
10
141
234
33
75
243
152
34
176
2
2
15
151
39
113
112
16
8
110
106
80
56
40
163
137
24
125
161
81
128
121
177
213
90
60
130
57
56
49
121
8
85
4
234
66
6
2
131
201
194
130
133
8
235
2
7
144
4
43
35
72
17
129
4
72
129
206
8
64
192
24
36
146
2
3
19
101
161
81
49
48
66
13
0
64
68
0
8
5
12
72
240
25
8
88
36
149
74
140
162
146
104
34
52
68
69
16
98
193
200
143
93
34
73
221
174
57
165
63
207
26
189
78
170
137
20
60
47
14
137
230
32
105
215
153
50
233
43
22
63
209
53
113
121
86
79
250
122
242
189
237
63
191
30
125
176
221
136
127
181
217
95
181
238
217
244
41
121
93
85
0
254
65
5
146
60
1
70
37
78
161
228
41
128
2
141
166
15
239
60
33
71
2
175
116
35
85
223
151
40
17
0
34
65
199
6
99
186
0
44
99
76
32
104
60
227
191
80
53
238
25
160
120
20
240
24
52
64
25
178
33
189
24
87
1
234
202
201
154
124
3
67
124
207
149
170
45
140
19
132
166
250
139
16
53
79
14
187
228
19
13
207
167
47
67
163
54
106
227
6
37
250
18
108
234
244
114
126
52
105
183
22
53
110
217
168
58
5
240
29
180
64
145
242
51
253
89
86
35
251
5
206
130
9
137
200
164
206
8
168
10
141
2
133
207
169
9
12
161
2
132
13
78
9
99
213
24
32
149
3
2
86
149
147
121
1
48
135
111
34
35
52
40
34
31
150
125
177
81
8
126
52
149
71
164
170
145
200
168
45
68
69
19
242
202
205
155
124
3
70
124
207
133
226
41
136
19
132
182
254
171
24
37
79
14
175
244
3
29
207
167
45
67
162
54
104
226
38
37
186
18
108
235
244
114
106
52
105
191
92
53
110
217
168
58
5
240
29
180
64
145
242
51
189
89
86
35
251
7
193
81
14
32
200
151
8
42
4
47
198
132
119
204
49
109
231
36
33
196
36
64
99
73
215
145
111
34
42
3
105
150
36
81
154
66
88
233
116
112
28
56
39
213
16
245
111
145
172
24
5
240
29
156
73
16
242
50
189
88
87
32
250
135
214
69
42
221
184
39
88
40
91
168
235
174
31
196
25
195
101
173
116
72
64
168
120
102
221
25
51
255
10
35
29
144
197
220
219
96
241
45
181
103
206
58
57
85
25
124
145
0
149
16
36
201
167
207
45
24
156
164
12
84
87
52
56
112
11
215
223
96
159
113
247
126
212
70
23
159
241
219
206
46
213
248
46
94
237
198
179
27
106
150
20
40
200
20
9
254
7
81
177
84
94
214
108
212
125
153
6
233
174
193
238
159
44
153
221
179
29
157
207
73
126
115
191
90
100
3
251
4
2
0
0
0
72
32
65
0
0
10
4
0
4
88
32
0
8
129
64
64
0
8
64
88
12
12
0
0
130
43
0
64
0
67
168
1
2
13
0
128
52
16
130
68
70
38
224
17
36
16
0
129
29
12
0
0
64
3
164
64
6
32
96
6
2
130
130
29
144
128
11
20
248
130
37
160
18
169
5
66
20
129
146
193
4
201
123
66
136
0
7
18
8
1
86
63
160
84
176
113
90
33
52
192
84
2
14
64
5
193
75
24
108
24
5
244
29
217
73
18
98
183
180
8
86
36
89
250
68
74
135
239
87
219
131
38
231
21
86
159
170
51
116
233
213
60
231
2
151
164
104
46
215
185
47
210
123
22
123
80
37
29
219
82
125
235
86
48
73
108
46
151
28
240
61
157
172
18
5
250
25
148
75
144
114
48
61
93
29
32
186
1
193
16
30
0
2
14
2
2
130
41
192
0
5
4
50
39
2
36
5
2
32
97
66
72
215
161
104
3
42
129
64
210
20
80
176
0
8
226
224
98
74
56
163
182
16
244
110
145
168
48
1
176
24
28
75
17
115
50
52
80
86
32
234
197
210
69
169
253
184
39
216
40
27
168
75
142
25
196
9
195
205
189
100
72
192
168
120
70
221
57
35
255
2
35
25
208
65
220
219
96
245
37
165
103
198
58
29
81
139
220
144
8
149
84
32
73
246
143
43
144
220
33
12
84
86
52
185
18
33
17
54
1
10
28
11
66
2
9
36
32
134
132
50
38
2
0
84
2
32
1
3
196
128
226
9
2
40
0
8
0
52
20
154
8
2
2
198
2
202
21
73
162
28
164
14
65
38
80
2
32
0
116
163
128
51
16
48
8
68
50
33
1
198
0
0
141
176
166
16
32
90
32
65
128
17
0
1
4
108
133
0
192
32
8
96
64
20
1
2
28
0
1
83
244
80
216
0
49
0
40
160
103
22
26
133
80
16
208
73
24
29
24
0
240
1
201
9
18
130
22
132
64
83
36
105
225
21
198
146
29
39
4
95
52
248
32
161
34
203
166
15
235
117
225
35
209
173
251
35
66
123
177
38
25
8
33
71
223
38
150
186
18
120
97
117
112
78
58
175
209
16
245
239
24
172
24
1
240
24
156
73
16
178
51
191
88
87
36
250
3
192
24
26
0
130
14
0
2
162
41
128
0
7
4
50
7
2
32
129
128
32
65
2
65
197
161
44
3
40
129
64
144
4
80
160
0
8
162
224
34
74
40
41
182
20
244
110
145
168
48
5
52
9
60
203
16
115
50
180
88
82
96
234
195
196
138
163
202
66
154
130
34
67
5
78
154
224
34
25
136
81
52
229
2
133
165
96
110
211
185
47
210
46
50
51
212
36
20
219
66
96
169
82
16
72
28
8
209
28
208
13
25
172
16
5
113
25
148
75
16
242
49
189
92
87
48
235
165
158
238
87
63
253
209
254
188
253
86
253
175
127
155
239
235
244
235
43
245
47
239
127
105
123
52
54
125
91
115
111
223
98
117
176
86
123
249
124
241
92
58
191
221
160
117
235
185
172
28
5
240
29
158
77
50
242
55
189
218
87
32
254
2
192
8
10
0
144
14
0
66
34
57
136
0
7
5
26
5
2
0
128
128
0
65
64
72
132
136
8
3
40
1
64
181
132
80
10
10
72
160
226
34
74
40
41
148
20
196
77
19
168
16
5
52
9
116
75
16
243
18
48
80
80
98
233
129
140
20
0
0
72
160
230
48
80
14
69
0
53
202
160
15
72
133
32
64
0
172
160
105
12
0
0
173
2
10
93
52
80
121
64
52
194
8
128
215
180
24
22
40
134
100
224
1
17
103
52
153
66
130
12
143
72
40
40
64
12
7
216
37
6
33
0
201
140
1
73
162
68
170
70
128
25
64
37
64
37
7
0
208
6
24
193
82
180
13
36
160
26
1
1
140
12
67
138
0
0
13
136
100
16
24
131
64
114
180
197
16
36
129
8
176
25
72
1
40
2
18
164
0
215
44
72
