posters/Movie Poster 101.jpg
512 : 802
107
-29.3869
-1
0
349
227
0.00942113
31
95.3351
-1
0
339
702
0.00564784
31
-18.8119
-1
0
263
702
0.00569631
31
-115.084
-1
0
143
703
0.00510111
31
-6.5627
-1
0
240
699
0.00695228
31
7.59464
-1
0
234
698
0.00602644
31
-95.7106
-1
0
222
698
0.00448838
31
173.853
-1
0
206
703
0.00610967
31
-151.928
-1
0
211
698
0.00712026
31
145.008
-1
0
214
703
0.00779316
31
152.583
-1
0
307
697
0.00616509
31
-1.62498
-1
0
243
697
0.00562276
31
92.7702
-1
0
379
679
0.00544961
31
10.9111
-1
0
238
703
0.00450414
31
95.94
-1
0
355
655
0.00698429
31
-5.37099
-1
0
243
703
0.00614298
31
121.422
-1
0
311
703
0.00532826
31
96.4831
-1
0
380
696
0.00446539
31
112.018
-1
0
336
696
0.00766799
31
90.8599
-1
0
341
703
0.0045941
31
-146.659
-1
0
138
704
0.00549357
31
-157.574
-1
0
162
704
0.0059104
31
123.158
-1
0
339
655
0.00745546
31
-158.199
-1
0
166
704
0.00505788
31
26.9958
-1
0
233
703
0.00537335
31
-176.878
-1
0
202
704
0.0041947
31
170.538
-1
0
282
704
0.00435929
31
82.9477
-1
0
408
664
0.00674312
31
-11.436
-1
0
346
222
0.00496296
31
104.621
-1
0
373
633
0.00785387
31
140.636
-1
0
377
205
0.00634656
31
180
-1
0
208
693
0.00518833
31
41.2635
-1
0
353
205
0.00600224
31
-146.255
-1
0
379
226
0.0054927
31
5.19443
-1
0
235
692
0.00469424
31
80.6764
-1
0
411
665
0.00687935
31
136.531
-1
0
375
203
0.00504231
31
-137.887
-1
0
376
229
0.00560742
31
-42.3187
-1
0
353
230
0.00636153
31
-168.69
-1
0
214
692
0.00571861
31
-102.234
-1
0
365
236
0.00483526
31
99.7999
-1
0
375
670
0.00446855
31
94.6552
-1
0
378
690
0.00634293
31
168.906
-1
0
203
692
0.00611612
31
-169.563
-1
0
288
702
0.00406314
31
0
-1
0
228
693
0.00408334
31
121.163
-1
1
338.4
655.2
0.00650497
37.2
106.748
-1
1
355.2
655.2
0.00608587
37.2
139.684
-1
1
378
204
0.00507217
37.2
141.217
-1
1
380.4
205.2
0.00514241
37.2
41.6258
-1
1
351.6
206.4
0.00551441
37.2
-5.35196
-1
1
345.6
222
0.00517395
37.2
-23.9625
-1
1
348
226.8
0.00554112
37.2
-139.847
-1
1
375.6
229.2
0.00468809
37.2
21.8014
-1
1
302.4
438
0.00234162
37.2
-167.207
-1
1
381.6
220.8
0.00231821
37.2
7.22072
-1
1
310.8
393.6
0.00286939
37.2
25.773
-1
1
343.2
214.8
0.00229971
37.2
-101.782
-1
1
364.8
235.2
0.00377779
37.2
-78.1949
-1
1
361.2
235.2
0.00216363
37.2
-43.6544
-1
1
354
230.4
0.00322818
37.2
-121.329
-1
1
199.2
212.4
0.00252383
37.2
-129.408
-1
1
372
231.6
0.00279576
37.2
-172.349
-1
1
376.8
388.8
0.00223417
37.2
99.7094
-1
1
374.4
669.6
0.00239053
37.2
93.2473
-1
1
379.2
678
0.00290671
37.2
36.368
-1
1
350.4
210
0.00346611
37.2
42.0506
-1
1
354
205.2
0.00374158
37.2
100.408
-1
1
373.2
632.4
0.00349176
37.2
79.497
-1
1
243.6
675.6
0.00177542
37.2
110.179
-1
2
328.32
649.44
0.00144394
44.64
-26.9611
-1
2
348.48
230.4
0.0015469
44.64
5.00392
-1
2
311.04
396
0.00202915
44.64
-31.2223
-1
2
351.36
228.96
0.00297127
44.64
-0.282243
-1
2
345.6
221.76
0.00403862
44.64
-13.7971
-1
2
345.6
226.08
0.00190103
44.64
-41.0943
-1
2
354.24
230.4
0.00180054
44.64
-97.284
-1
2
364.32
234.72
0.00251168
44.64
26.0006
-1
2
342.72
214.56
0.00333338
44.64
-119.827
-1
2
200.16
213.12
0.00173727
44.64
41.8566
-1
2
351.36
205.92
0.00287009
44.64
44.8523
-1
2
354.24
204.48
0.00229478
44.64
120.887
-1
2
338.4
656.64
0.0034209
44.64
109.68
-1
2
354.24
656.64
0.00286922
44.64
15.3501
-1
2
302.4
224.64
0.00130366
44.64
16.294
-1
2
302.4
439.2
0.00136436
44.64
6.5198
-1
2
308.16
397.44
0.00115791
44.64
13.7909
-1
2
309.6
390.24
0.00093275
44.64
25.1679
-1
3
295.488
222.912
0.000726035
53.568
38.2902
-1
3
305.856
221.184
0.00172816
53.568
11.7905
-1
3
309.312
395.712
0.00123917
53.568
-2.96094
-1
3
300.672
438.912
0.000814601
53.568
21.1048
-1
3
307.584
390.528
0.000667121
53.568
-113.286
-1
3
200.448
212.544
0.00180956
53.568
51.5967
-1
3
335.232
366.336
0.000522939
53.568
48.7046
-1
3
317.952
368.064
0.000472718
53.568
161.973
-1
3
212.544
186.624
0.000431156
53.568
17.8876
-1
4
308.966
396.058
0.000646825
64.2816
35.1589
-1
4
306.893
221.875
0.00193183
64.2816
-19.9831
-1
4
302.746
439.603
0.00079947
64.2816
21.6523
-1
4
304.819
396.058
0.000492355
64.2816
4.08562
-1
4
306.893
418.867
0.000345203
64.2816
-3.27672
-1
4
242.611
427.162
0.000290231
64.2816
-8.00807
-1
4
242.611
437.53
0.000279411
64.2816
15.8192
-1
4
304.819
228.096
0.000239444
64.2816
-0.458356
-1
5
241.367
425.503
0.000318964
77.1379
-6.21782
-1
5
243.855
435.456
0.000272179
77.1379
107
64
204
170
231
249
121
251
226
255
189
249
198
255
227
247
239
207
139
221
249
43
221
45
202
123
103
223
19
167
125
75
51
206
159
195
119
176
117
249
253
52
121
61
250
103
221
21
127
227
189
252
185
61
245
253
156
76
86
254
247
175
91
95
165
222
76
43
254
241
242
181
162
244
188
190
66
22
221
244
187
66
194
221
75
110
77
247
198
48
15
136
188
13
212
204
58
186
119
6
87
186
82
122
197
84
176
85
24
30
85
132
193
119
157
44
28
5
242
29
157
89
16
242
59
157
72
22
32
242
219
58
199
247
252
234
123
252
248
61
94
31
207
253
219
224
171
205
153
98
236
141
238
57
15
234
188
183
254
99
115
239
85
225
117
113
119
247
253
119
221
84
203
30
237
131
239
113
173
196
95
165
245
255
159
237
78
254
183
189
206
7
52
252
211
153
147
86
69
130
95
10
194
1
165
234
162
194
6
25
118
39
62
151
198
47
67
71
134
210
251
111
18
40
192
32
143
47
0
191
10
12
126
245
104
234
180
107
249
121
181
239
245
166
24
211
225
120
92
195
81
191
246
187
56
117
149
75
74
0
0
178
205
234
42
12
52
122
74
5
1
71
41
49
13
79
129
64
224
33
8
26
68
220
184
135
90
99
35
199
17
160
83
49
55
194
232
98
104
84
66
104
69
5
231
107
184
108
24
1
229
5
60
169
31
162
191
189
130
7
48
230
74
2
128
56
13
98
42
14
52
186
64
5
0
140
41
35
12
124
129
208
224
163
204
59
4
136
162
134
90
97
33
198
81
176
211
33
53
164
32
99
108
100
82
8
70
213
163
107
56
104
24
5
230
28
252
8
135
162
159
148
138
66
0
102
64
11
131
209
200
138
6
78
10
35
11
14
130
229
130
8
66
1
57
70
142
141
10
9
70
194
10
44
128
136
0
4
83
135
65
11
0
165
87
66
36
32
128
65
77
8
45
147
84
4
16
240
7
250
4
171
73
44
1
51
12
100
145
96
16
17
20
212
168
128
124
113
2
64
33
3
132
65
16
16
118
206
128
34
198
40
128
226
200
26
227
88
144
32
197
40
86
18
16
164
128
8
210
65
101
10
153
195
224
16
209
79
144
134
25
99
48
24
28
73
9
19
82
131
48
39
161
104
84
29
146
212
97
130
88
67
2
64
1
5
18
192
32
30
52
27
48
6
134
45
192
3
146
10
226
92
0
172
132
96
74
51
32
191
128
108
210
69
128
168
149
66
171
28
161
78
197
162
120
215
32
88
28
195
81
59
115
179
56
36
147
99
48
51
16
134
184
128
42
65
66
64
43
117
36
70
144
48
118
130
132
0
193
32
33
198
216
0
224
73
130
168
201
112
32
4
68
150
161
146
131
204
195
64
1
130
224
2
128
78
128
102
161
43
52
0
25
65
6
115
18
32
56
50
99
73
215
241
211
254
255
130
95
78
82
41
61
249
183
202
132
88
246
215
52
39
207
173
162
43
174
203
227
127
211
41
244
45
243
165
52
255
114
117
243
245
83
202
157
75
248
30
217
95
193
166
90
5
104
26
157
107
208
178
51
187
92
84
51
185
74
10
0
62
105
122
46
7
48
58
74
5
0
68
105
179
13
127
137
64
228
35
88
59
69
220
170
134
90
99
59
198
85
160
87
49
117
226
232
98
104
84
90
40
71
199
231
107
184
108
24
5
231
29
158
137
151
226
191
181
202
7
48
246
4
35
1
160
16
150
38
67
64
66
2
48
64
2
145
66
194
0
1
64
193
32
81
195
220
128
128
141
2
140
33
64
68
4
150
170
8
120
1
84
32
64
16
129
68
132
132
78
18
44
8
0
34
24
94
17
0
98
19
148
72
19
104
114
74
2
128
176
8
178
42
6
16
186
66
5
0
128
9
51
4
73
129
64
232
161
200
27
76
136
136
134
90
97
41
198
35
144
209
32
53
234
160
226
200
100
82
72
210
23
131
107
120
104
24
5
247
29
188
0
7
162
151
180
202
82
18
101
63
48
92
34
23
121
149
58
114
20
222
117
124
63
232
241
247
214
7
240
97
66
165
116
236
172
96
217
254
94
249
121
56
108
21
222
126
114
9
212
93
213
26
14
68
135
230
76
137
53
87
4
248
21
143
73
56
240
47
188
88
14
38
152
74
10
128
178
73
122
42
7
16
186
74
5
16
132
11
178
4
27
129
64
228
161
204
27
13
200
136
135
74
227
59
206
33
128
65
33
117
202
232
226
200
84
66
8
192
7
163
107
184
104
24
5
247
29
188
193
6
226
151
180
202
86
50
116
85
53
243
181
216
226
225
254
66
228
198
53
100
199
139
82
234
196
145
98
203
173
206
59
206
136
114
205
82
13
122
111
87
7
53
187
16
246
77
86
17
64
152
6
109
28
73
167
153
36
122
181
240
30
148
73
144
248
43
169
88
7
35
242
110
41
234
153
54
87
158
199
14
234
17
158
145
134
187
79
233
213
97
103
77
181
214
115
13
219
176
45
82
152
54
42
199
36
87
186
82
120
233
116
112
92
52
47
213
20
245
111
153
172
24
5
242
29
156
73
16
242
51
189
88
87
32
250
108
50
242
153
18
149
32
69
38
226
0
152
209
130
187
95
242
212
3
98
137
147
94
49
13
136
172
13
19
140
49
34
241
6
87
186
80
122
5
118
162
66
20
14
86
214
65
135
153
44
24
4
114
29
149
73
16
242
35
188
88
86
34
243
76
43
238
241
242
191
163
245
188
254
66
22
221
248
251
198
202
221
75
110
77
247
198
112
79
216
190
45
216
204
50
187
119
6
85
187
82
122
197
84
240
84
24
30
69
134
193
119
155
44
24
5
240
29
157
73
16
242
51
189
72
23
32
242
215
241
146
118
253
162
92
58
82
11
241
123
166
202
132
89
38
199
60
215
199
47
129
79
162
94
227
127
210
45
228
101
90
55
188
191
3
61
118
245
115
234
187
75
235
25
159
223
68
182
16
215
105
250
92
195
81
191
247
155
60
117
149
41
219
249
219
118
255
35
93
122
82
11
245
250
238
194
164
89
118
215
60
87
71
60
161
127
174
222
227
127
210
105
244
121
90
55
156
255
78
125
242
245
82
234
255
79
251
29
213
95
198
183
18
215
104
184
223
73
209
179
255
155
60
60
183
189
59
245
124
38
55
57
31
24
98
70
189
114
172
111
100
117
244
246
4
240
97
114
17
102
196
182
225
89
122
58
237
33
154
124
214
158
202
120
128
213
86
219
31
9
208
83
228
78
144
190
16
7
104
29
220
73
56
179
51
188
56
210
46
201
219
241
219
118
255
51
93
122
82
11
245
250
230
194
164
89
118
215
60
87
71
60
161
95
174
222
227
127
210
105
244
57
90
55
156
255
70
125
242
245
82
234
255
79
251
29
213
95
206
183
18
215
104
184
222
65
209
179
127
155
60
60
183
185
78
0
130
48
13
34
40
70
20
186
232
5
64
132
1
51
128
24
131
210
233
162
204
27
68
136
128
199
82
100
41
198
33
144
212
32
53
170
33
224
202
38
22
72
82
87
3
75
120
104
24
1
242
29
253
0
134
163
183
176
8
82
50
101
17
19
16
84
161
128
126
64
2
0
33
2
132
64
4
17
118
206
128
2
70
40
0
66
132
147
227
120
144
32
197
32
86
18
16
172
128
40
210
65
32
42
185
67
224
80
149
78
144
134
24
103
32
24
28
65
17
19
83
135
48
103
161
104
252
249
219
247
248
227
251
237
222
187
117
255
247
194
147
248
118
215
252
15
79
189
231
30
174
203
242
255
215
233
246
190
119
135
60
247
183
245
251
247
211
206
199
94
235
30
153
31
207
191
127
247
252
162
188
235
213
255
253
75
125
60
179
189
53
53
121
40
21
36
37
125
197
70
217
48
97
14
129
69
210
108
67
80
49
34
145
214
76
168
224
137
82
28
105
137
108
12
148
158
0
48
1
85
58
66
16
138
84
49
130
78
26
60
16
8
96
28
85
81
0
162
59
184
24
198
110
97
105
142
238
123
219
255
231
118
253
181
214
255
190
255
175
206
235
249
251
227
253
79
219
119
91
127
29
182
122
87
83
231
159
235
65
52
119
153
253
124
124
29
122
167
221
113
119
227
189
236
137
13
245
29
152
77
62
246
183
189
218
215
36
222
62
48
125
166
55
37
29
123
215
68
215
50
125
62
185
84
250
214
66
112
113
82
145
116
252
188
245
153
122
248
252
185
64
44
22
190
222
120
129
93
56
219
53
47
228
165
212
76
155
174
153
15
122
28
157
89
40
243
59
216
123
15
44
250
179
223
223
255
53
254
253
255
223
221
86
223
175
223
222
223
235
215
184
47
198
47
231
127
109
223
183
63
95
107
114
111
215
39
125
243
119
125
251
117
113
124
187
255
191
20
117
111
153
188
56
133
240
61
188
77
80
242
115
255
90
87
37
254
16
17
17
214
34
5
88
35
194
68
21
133
21
64
52
18
124
194
64
3
22
44
64
195
152
26
246
88
0
224
212
108
198
50
33
52
141
72
210
101
81
169
149
67
168
52
173
110
129
162
233
79
162
10
28
65
13
51
83
251
49
103
131
235
158
222
250
237
252
252
254
209
25
255
84
223
194
84
223
217
235
221
189
107
197
37
238
121
109
223
63
111
87
47
51
127
215
165
93
187
118
253
233
119
113
92
106
63
215
20
255
123
153
252
24
5
240
181
156
73
16
242
51
189
88
87
32
254
215
253
219
221
232
222
223
238
155
231
29
222
223
231
143
218
175
199
56
47
142
109
194
107
239
215
179
127
67
43
87
111
215
149
93
139
210
253
250
127
112
124
233
109
183
28
245
63
223
174
24
247
240
125
188
239
81
254
114
251
120
85
49
254
9
6
36
32
13
98
47
94
48
122
194
5
104
13
1
5
141
44
131
208
240
99
88
122
68
120
250
198
88
85
33
199
77
184
221
33
245
164
40
43
108
68
90
174
71
97
231
123
56
218
24
1
228
92
220
0
143
131
151
149
134
211
136
38
29
179
121
168
21
49
33
120
196
6
209
48
97
10
133
65
210
108
67
80
97
34
128
212
76
168
224
137
80
12
105
137
236
12
148
158
0
48
1
213
26
74
16
14
80
49
130
76
26
60
17
1
112
24
212
81
32
178
19
152
24
214
102
113
255
221
223
255
51
223
253
238
159
253
93
223
159
255
223
254
235
215
184
43
134
47
230
123
109
223
183
63
95
107
118
111
215
39
125
251
118
125
251
117
113
252
185
111
191
20
117
111
219
172
59
149
240
29
188
76
80
242
123
255
89
87
33
254
214
221
154
223
253
218
223
137
159
251
21
250
131
222
206
94
175
215
56
15
142
47
194
107
109
215
243
127
87
43
7
111
135
183
125
219
242
253
250
119
113
124
233
237
191
28
253
63
223
174
24
165
245
229
188
235
81
254
242
255
88
85
177
254
76
175
239
253
120
255
243
247
153
253
70
223
195
215
223
202
139
221
251
43
244
45
206
251
109
255
23
183
125
67
51
207
215
211
253
161
117
253
253
53
121
61
251
119
255
180
125
227
191
188
45
253
245
253
156
76
85
222
115
239
219
95
37
254
20
25
146
212
32
135
124
99
3
196
5
193
22
224
52
26
52
219
164
39
134
44
192
195
154
10
230
92
32
224
212
108
150
51
48
36
128
76
210
197
65
171
181
99
170
20
205
110
193
162
233
223
98
90
56
77
9
19
82
227
49
100
133
235
227
156
142
115
239
250
214
16
127
185
20
203
174
125
38
29
253
163
124
151
252
111
91
127
243
119
251
246
126
115
195
231
159
251
195
37
255
9
254
105
124
60
106
237
213
113
183
107
188
218
136
75
245
229
216
247
63
183
247
183
178
243
220
74
52
33
81
10
16
10
32
103
66
0
210
52
112
6
137
82
242
2
3
64
129
32
193
135
204
8
228
137
2
140
152
104
68
36
69
190
12
122
1
84
128
82
21
2
64
20
0
78
147
36
9
4
50
28
17
65
0
50
11
240
24
70
34
227
69
37
161
24
16
134
46
71
64
70
1
34
192
2
179
67
202
97
33
68
193
37
82
195
84
216
180
13
0
12
48
64
199
36
87
186
16
104
1
116
112
72
52
171
213
84
181
111
25
172
24
5
240
29
28
65
16
178
51
189
24
87
32
234
50
17
17
214
166
205
94
32
66
4
85
5
245
68
20
16
127
130
64
146
214
40
1
198
152
62
246
216
2
178
213
172
198
60
97
180
143
72
218
109
113
217
149
107
228
52
191
110
129
166
201
67
162
10
24
65
47
51
83
179
48
103
161
234
250
209
218
255
255
161
222
184
86
59
245
251
191
202
38
92
118
215
60
151
207
175
163
111
174
223
243
127
211
105
244
62
219
175
60
247
247
117
242
247
115
202
231
91
251
29
217
31
205
183
90
199
108
178
156
235
209
183
253
91
61
125
179
189
11
6
4
32
13
184
43
28
52
122
194
5
8
45
9
5
12
44
129
208
224
98
218
120
64
56
162
146
88
81
33
199
93
248
223
33
117
166
32
43
204
100
90
136
66
193
194
91
56
90
24
0
228
13
221
12
143
131
151
180
134
131
8
38
51
117
124
38
55
56
31
24
230
66
189
114
173
91
36
85
246
246
6
241
97
98
17
118
196
162
225
89
114
56
229
33
218
44
150
190
202
56
129
245
86
218
24
141
208
81
228
78
144
174
16
3
96
29
223
73
56
179
51
156
56
214
46
217
63
241
125
42
23
105
21
30
246
4
189
52
125
63
228
241
247
246
7
240
97
98
161
54
196
172
228
89
251
28
248
105
248
44
22
190
74
114
129
252
222
223
24
14
208
115
228
76
137
36
86
4
104
29
135
73
56
242
35
188
88
214
38
249
179
221
219
255
53
254
221
255
223
217
93
255
167
223
206
222
235
215
184
47
134
47
231
119
109
223
243
47
87
43
50
107
151
39
253
250
118
125
251
117
113
220
187
111
191
20
117
111
219
188
59
133
240
53
188
77
80
242
123
255
89
87
165
254
178
221
218
255
53
250
221
219
223
217
85
251
163
222
206
223
235
215
188
15
134
47
227
119
109
223
243
47
87
43
34
111
135
39
253
242
118
125
235
117
113
124
179
239
191
20
245
111
217
190
56
5
240
53
188
73
16
242
115
255
88
87
165
250
150
254
219
109
252
252
254
245
89
255
94
223
194
23
223
249
171
205
185
107
197
37
206
89
237
223
189
167
87
47
51
126
215
177
221
251
118
249
233
119
113
92
59
63
247
148
255
123
153
253
28
7
240
181
156
73
86
242
51
173
88
87
32
254
233
140
230
43
203
207
167
238
249
245
206
255
190
255
235
204
235
57
187
99
253
71
223
245
115
127
29
166
107
215
115
231
159
239
65
62
87
153
253
126
125
29
120
167
221
113
127
227
189
236
137
13
245
29
152
77
58
252
183
189
218
215
40
222
205
138
231
249
249
251
231
252
61
253
198
255
191
255
239
206
203
253
249
43
236
77
206
113
111
255
25
183
125
67
19
207
159
227
113
48
117
217
253
60
125
61
122
55
221
17
127
227
189
236
169
189
213
253
152
204
118
252
183
173
218
87
53
222
215
221
154
223
253
218
223
139
159
251
61
250
135
223
206
157
175
215
60
15
142
47
194
107
111
215
251
127
87
43
70
63
151
149
221
91
242
253
254
119
113
124
169
249
191
28
253
63
223
158
56
181
245
229
188
235
81
223
242
111
116
85
145
254
222
251
219
127
114
50
250
226
219
187
241
250
246
226
199
250
242
131
63
223
47
173
231
159
207
75
247
239
195
173
230
186
250
47
44
255
95
61
247
246
250
78
177
93
251
63
155
191
255
175
22
211
120
63
125
233
196
255
17
219
125
114
243
191
250
251
255
221
230
223
222
135
239
231
25
202
223
244
127
222
253
211
122
239
159
255
83
207
223
87
183
127
3
255
214
162
199
60
199
143
218
125
250
115
112
93
229
109
183
124
181
63
159
172
152
71
242
93
156
219
81
247
113
191
121
249
120
250
253
191
247
121
124
255
231
246
249
221
238
251
207
253
190
201
251
237
251
111
245
109
118
247
207
127
191
247
125
70
114
235
223
67
215
191
84
184
253
125
124
92
58
183
253
225
247
239
184
189
12
91
240
125
158
77
52
254
83
143
218
215
101
250
92
42
159
137
202
209
170
229
93
251
218
63
209
164
187
226
255
153
225
66
221
21
206
217
219
93
248
238
64
199
183
254
79
0
71
43
92
252
233
118
112
93
101
46
215
21
247
121
159
236
24
5
242
29
220
89
70
242
151
185
89
91
96
246
227
221
142
127
239
250
214
152
127
177
156
203
174
125
102
29
253
171
125
159
254
111
91
255
243
127
91
246
127
115
195
231
143
251
227
53
251
9
254
107
125
61
234
239
221
121
191
179
253
218
136
75
245
229
216
247
127
215
246
183
178
251
156
74
216
138
174
249
106
255
254
183
57
191
214
206
222
244
123
138
157
171
251
219
255
117
95
219
243
119
255
246
108
215
247
246
207
219
203
37
223
173
252
43
124
61
227
237
247
125
183
123
191
202
168
251
247
109
88
214
119
223
215
247
243
251
217
78
204
238
239
237
120
255
247
245
153
253
78
223
211
181
223
234
139
205
251
47
253
93
206
249
109
255
29
183
109
71
55
207
215
211
117
97
117
251
253
53
121
61
235
55
191
180
127
243
191
248
173
255
213
253
188
238
118
206
119
239
219
95
117
254
252
239
247
221
242
157
223
233
239
215
121
218
223
241
222
222
147
213
108
111
30
253
178
251
223
215
183
255
175
250
54
155
226
84
222
139
204
124
243
247
230
127
225
253
179
30
213
31
222
173
181
251
99
253
159
127
64
254
80
111
95
93
121
191
195
217
218
255
255
218
223
138
63
251
45
235
174
223
110
223
239
247
60
31
142
127
235
107
103
215
251
127
127
107
199
103
151
231
255
81
114
221
254
115
113
252
234
121
191
28
253
179
221
218
56
181
253
229
252
239
81
254
246
63
209
253
149
222
253
240
255
247
126
183
251
122
247
189
212
253
239
251
144
88
242
213
223
111
229
109
239
127
238
250
238
159
127
73
125
255
247
103
60
255
118
255
93
245
223
206
219
30
203
141
201
255
143
61
95
133
248
188
158
77
88
254
59
223
217
31
54
191
52
48
113
138
16
10
0
111
198
0
214
52
113
2
157
82
242
134
67
64
129
0
193
135
220
136
228
9
2
140
200
232
68
36
5
190
10
58
1
84
144
194
20
2
64
52
32
78
147
36
137
0
32
24
21
65
0
114
11
184
24
6
34
241
52
35
97
130
16
131
6
103
66
2
146
48
112
2
145
66
194
64
3
64
193
48
65
199
140
128
128
13
2
140
17
72
68
4
20
186
8
120
1
84
32
64
20
3
68
132
132
78
26
44
9
4
50
24
28
65
0
98
19
144
72
7
96
98
157
254
251
109
250
253
250
229
89
255
94
223
214
20
239
248
235
221
185
107
197
21
206
217
237
223
61
239
79
111
55
126
215
160
93
251
126
253
233
118
113
93
123
63
247
148
247
121
159
236
28
7
240
21
156
73
84
242
59
173
89
95
96
254
158
254
223
237
254
253
254
241
25
223
126
219
206
23
222
217
235
221
189
107
197
37
234
121
109
223
61
183
95
111
55
126
215
225
221
243
119
249
233
53
113
92
123
63
247
148
255
123
153
253
28
5
248
165
158
73
86
210
51
175
88
95
36
254
62
49
125
166
55
53
29
123
247
78
223
50
125
46
185
85
242
246
66
112
113
82
145
116
252
188
245
25
250
248
252
185
64
44
150
254
218
120
129
85
56
203
21
15
212
133
212
76
155
174
152
15
122
29
157
89
24
178
59
184
122
159
40
240
125
54
247
248
22
119
41
255
245
254
218
53
109
143
155
247
251
252
235
106
249
211
252
191
158
169
166
153
123
221
126
239
97
110
191
191
214
116
21
125
124
68
247
190
78
161
65
252
190
60
222
136
226
188
158
85
232
180
107
218
223
134
44
182
39
247
68
34
55
56
15
24
230
2
185
114
173
91
228
85
226
247
37
240
193
102
145
118
68
151
225
57
50
56
97
97
210
44
214
190
74
56
161
245
102
94
56
173
212
81
244
79
152
174
16
1
96
29
223
73
16
242
51
188
88
215
36
120
204
170
231
233
217
235
226
253
189
249
206
255
243
55
203
236
203
29
249
43
221
13
206
249
111
223
25
167
125
75
35
206
159
227
117
113
53
219
253
52
121
53
234
55
93
149
127
227
189
236
237
189
213
255
156
206
86
204
167
237
202
79
53
222
253
191
247
117
120
255
231
246
249
189
238
253
207
245
210
235
251
237
255
111
247
109
118
247
207
127
183
254
109
70
114
239
223
67
117
191
92
188
253
253
124
124
186
183
253
235
247
239
188
173
44
123
241
125
158
77
116
254
83
143
218
87
101
250
204
238
231
237
249
251
231
253
185
249
206
255
211
55
207
234
139
29
249
43
253
109
206
249
125
223
25
183
109
203
51
206
159
195
117
113
117
219
253
52
125
61
234
55
125
151
125
227
189
252
237
253
213
255
188
238
118
204
167
237
219
79
181
222
233
172
231
43
201
239
167
237
249
245
206
255
242
254
235
236
235
57
251
83
253
7
127
253
115
127
29
166
237
215
99
247
207
175
65
48
87
147
237
62
121
29
120
167
93
113
63
225
189
236
9
61
245
31
152
65
54
252
231
173
218
87
40
222
205
170
198
107
217
235
167
252
189
181
206
255
190
127
235
232
235
185
251
107
253
15
239
253
107
127
29
166
253
71
115
207
159
227
97
50
85
219
253
62
125
53
122
55
93
113
127
225
189
236
201
61
213
127
152
204
126
252
167
173
216
79
36
222
204
234
239
237
120
255
247
253
153
249
206
255
211
182
223
234
139
221
251
47
253
29
206
217
109
255
25
183
109
199
55
223
223
211
117
97
117
255
253
52
121
61
235
55
191
151
127
243
191
216
175
255
213
255
188
238
70
204
255
239
219
79
117
254
235
223
142
127
239
248
214
145
61
185
188
203
174
253
110
189
253
171
127
159
254
111
91
253
243
127
91
246
109
247
195
182
143
251
227
101
251
9
254
107
125
61
234
253
221
121
191
179
253
218
136
107
245
229
248
247
127
223
247
183
178
251
220
74
92
170
147
169
203
209
170
236
93
187
218
127
241
36
251
232
255
153
227
82
205
21
206
217
207
93
249
238
192
199
183
254
221
128
77
43
92
250
233
118
120
93
101
46
213
21
183
113
159
236
25
5
242
29
220
89
70
242
151
185
89
95
96
118
252
235
247
221
242
157
204
225
79
211
123
218
223
240
252
222
147
213
108
111
30
253
130
251
223
215
179
127
135
250
62
155
210
87
94
139
200
124
242
231
166
127
229
125
191
142
221
63
222
173
181
247
99
253
183
127
65
254
80
127
93
93
121
190
148
254
219
109
252
252
254
241
89
187
126
223
194
23
207
249
235
205
189
107
197
37
238
216
237
223
61
231
87
15
51
126
215
160
221
251
119
185
233
117
121
92
59
63
245
150
255
121
153
189
28
5
240
181
158
73
22
210
51
173
88
87
36
254
156
250
223
109
252
248
254
241
121
187
126
251
206
23
206
249
235
205
189
43
197
101
234
120
237
223
57
183
255
75
51
126
215
225
221
243
119
249
233
117
113
220
123
63
245
151
255
121
153
189
28
5
252
181
158
73
22
246
55
175
88
87
36
254
55
117
108
22
55
24
31
24
230
70
181
178
45
123
164
87
242
246
6
245
67
114
17
102
196
162
225
25
50
56
197
33
218
44
150
190
202
120
129
245
82
202
24
141
208
80
228
78
145
166
16
5
96
24
222
73
56
179
51
156
120
214
46
217
63
49
125
6
23
9
21
30
230
4
189
48
125
63
164
85
242
246
3
240
97
98
177
38
196
168
228
25
115
28
217
105
216
44
6
190
74
114
1
220
150
219
28
15
208
114
228
78
145
36
24
4
96
24
151
73
56
242
51
188
88
214
38
217
57
244
125
40
10
239
58
101
241
126
244
133
92
33
45
180
253
168
131
224
241
114
125
189
253
41
236
214
105
85
253
226
205
120
65
36
191
34
168
120
254
223
94
143
212
115
246
111
187
236
10
15
240
29
25
77
190
243
63
184
250
211
106
229
254
251
251
127
119
115
250
254
221
187
249
186
247
194
199
250
242
153
127
223
47
191
231
159
143
107
247
175
195
231
230
186
251
47
196
255
95
61
245
253
250
126
241
125
219
127
147
190
255
175
30
211
248
63
221
81
197
255
245
251
61
242
243
63
253
63
247
117
120
255
231
246
248
253
234
117
207
245
146
235
251
237
255
111
247
109
118
215
223
127
183
254
108
70
114
239
223
67
117
191
92
188
253
124
124
92
186
183
237
225
247
239
184
173
45
251
240
125
158
77
100
254
83
143
90
87
101
250
253
255
247
249
248
255
231
247
249
253
234
251
207
253
222
238
251
237
251
111
255
109
122
247
223
127
191
191
109
150
114
239
223
71
87
191
212
184
253
124
124
92
186
183
253
171
247
239
153
173
141
249
240
61
159
77
108
254
83
191
218
215
105
250
40
32
41
172
10
237
62
37
213
238
123
132
81
4
61
166
149
104
67
192
249
50
87
148
217
41
164
204
65
148
189
226
229
56
67
44
155
34
160
232
122
28
52
171
212
119
167
110
185
232
136
11
240
29
24
81
22
243
19
176
122
82
106
224
124
52
185
156
22
239
59
125
209
230
253
148
65
132
159
227
145
76
195
64
248
177
86
130
205
41
132
196
81
84
61
232
237
16
211
170
158
106
192
241
250
159
55
163
244
55
167
110
186
172
171
11
240
29
28
80
20
162
59
248
59
86
110
233
253
63
247
245
248
255
231
247
249
253
254
223
207
245
218
234
251
205
255
111
255
237
126
191
223
111
191
190
108
151
114
255
255
103
101
191
220
189
253
252
125
124
187
183
237
171
255
231
189
173
205
251
241
127
158
77
100
254
83
159
218
87
97
254
248
249
255
125
119
99
249
254
221
187
245
255
127
200
183
255
255
189
255
95
127
191
247
159
151
235
246
191
91
247
246
250
239
47
231
255
223
63
253
253
218
127
247
110
251
127
179
254
255
174
186
219
242
189
92
85
253
190
247
251
191
254
191
95
252
59
247
245
248
255
239
255
237
253
250
223
223
245
219
238
251
205
251
111
254
237
238
191
223
255
191
191
108
206
115
255
215
103
117
187
212
252
253
126
124
92
249
191
253
174
253
247
157
173
29
241
243
63
158
77
76
254
83
255
218
87
33
254
254
235
231
223
54
159
204
235
79
227
59
218
223
242
253
222
155
213
124
111
14
253
198
123
95
215
179
63
23
250
22
159
82
231
126
155
192
125
255
23
37
127
229
125
191
142
93
179
198
173
180
245
3
247
183
254
193
110
80
127
93
109
145
182
251
252
251
119
255
234
223
152
222
63
252
251
175
206
230
125
251
247
63
83
237
47
235
125
39
223
251
63
219
123
103
239
151
173
156
255
118
253
237
247
123
222
239
105
221
25
189
55
253
182
26
133
236
183
188
99
112
182
183
187
190
159
180
254
255
252
250
191
255
231
91
88
254
111
181
251
175
202
182
125
250
245
59
114
239
191
219
125
46
219
251
47
211
123
119
111
215
165
151
251
114
125
237
119
114
207
110
105
213
28
253
63
221
188
24
5
232
189
156
99
16
182
59
191
216
87
54
251
179
221
154
31
21
98
221
158
151
155
188
253
35
206
7
191
255
118
182
19
196
47
229
111
103
199
247
35
83
59
66
126
239
174
189
244
182
45
234
245
115
254
163
235
191
114
181
110
249
190
90
129
252
165
252
65
145
178
254
123
186
85
167
250
252
59
247
245
250
255
255
247
253
253
250
223
223
245
219
238
251
205
123
111
254
237
238
191
223
239
191
191
236
215
114
255
247
103
117
191
222
253
253
254
124
124
249
191
207
170
253
183
157
173
221
243
241
255
158
77
76
254
83
255
222
87
33
254
76
48
173
140
62
165
59
117
213
252
197
149
65
4
187
99
144
76
194
0
248
49
82
128
201
40
140
132
80
213
61
234
237
24
211
168
158
42
128
113
250
29
23
134
244
118
163
107
187
172
137
11
240
29
28
81
22
163
59
184
122
70
110
233
252
249
255
253
119
119
251
254
253
252
220
253
111
220
191
255
191
255
251
63
244
127
246
191
181
235
246
214
121
243
254
239
239
59
183
245
255
191
248
125
90
253
247
238
255
115
183
111
191
190
255
219
240
253
220
85
127
191
255
255
251
255
175
223
252
59
247
245
250
255
255
247
253
253
251
31
223
245
219
238
251
221
123
111
254
237
206
191
223
255
191
191
236
215
118
255
119
103
117
191
222
255
253
126
124
124
249
191
207
174
253
183
159
173
221
243
241
127
158
77
68
254
115
255
222
71
33
254
253
187
255
125
124
247
253
254
221
189
254
191
231
220
219
234
251
205
251
111
255
175
231
159
223
111
247
254
73
215
246
254
239
47
101
255
223
191
253
125
122
124
243
190
255
251
159
255
191
174
239
251
240
255
156
65
101
254
127
251
255
118
161
254
1
143
134
72
104
251
164
50
56
24
134
69
206
117
105
9
237
171
169
178
244
109
73
243
227
126
81
246
108
70
131
99
223
114
81
32
127
24
248
96
125
28
58
39
213
225
247
111
185
236
8
69
240
13
154
73
55
211
23
181
82
115
228
90
1
159
130
69
109
242
224
18
56
152
6
69
130
80
41
41
108
139
161
146
197
45
79
211
227
90
80
230
76
71
131
118
223
50
81
48
127
26
232
96
241
28
58
38
213
117
179
111
185
252
8
5
244
13
152
73
23
211
183
181
82
115
164
90
41
6
236
40
206
191
162
53
240
124
86
5
220
61
59
37
228
185
195
240
241
83
91
252
208
40
140
214
104
213
249
230
205
40
67
36
223
162
169
106
252
21
94
142
84
245
163
73
185
108
8
13
246
29
152
73
62
227
159
180
250
195
106
228
1
143
148
68
104
219
166
50
56
24
46
69
206
117
76
169
237
171
225
178
244
109
65
243
195
127
81
246
44
70
131
66
159
122
65
36
125
8
248
40
125
29
58
167
213
115
247
111
185
238
137
75
240
13
152
73
55
211
23
165
82
115
196
74
1
139
134
86
105
251
240
54
48
152
6
197
138
113
11
41
45
171
169
155
196
45
67
211
227
127
81
230
108
70
131
70
223
58
65
48
127
24
248
32
121
61
58
39
213
225
247
111
185
238
9
71
240
13
152
73
55
211
23
181
82
115
132
90
