posters/Movie Poster 89.jpg
512 : 727
322
-62.2744
-1
0
180
508
0.00388485
31
-178.574
-1
0
341
448
0.00543199
31
-99.1114
-1
0
218
570
0.00418876
31
-53.6813
-1
0
101
506
0.00440791
31
131.121
-1
0
305
424
0.00438768
31
-154.144
-1
0
300
448
0.00602798
31
120.414
-1
0
290
424
0.0108474
31
114.012
-1
0
285
424
0.00443399
31
131.855
-1
0
304
426
0.00817669
31
-177.368
-1
0
338
426
0.026271
31
83.6598
-1
0
241
500
0.00730503
31
-92.783
-1
0
274
573
0.00628227
31
42.9228
-1
0
200
455
0.00410114
31
7.00127
-1
0
239
426
0.0053017
31
-171.617
-1
0
311
431
0.0109722
31
-146.746
-1
0
316
431
0.00404699
31
55.5392
-1
0
228
424
0.00449506
31
153.285
-1
0
305
431
0.00561034
31
56.7683
-1
0
224
424
0.00529777
31
-160.201
-1
0
322
431
0.00448361
31
-46.922
-1
0
251
448
0.0121371
31
148.393
-1
0
328
424
0.00630605
31
162.962
-1
0
334
424
0.00613775
31
123.637
-1
0
293
425
0.0142163
31
-81.3136
-1
0
383
570
0.00700895
31
156.24
-1
0
338
476
0.00433728
31
163.191
-1
0
319
425
0.00787852
31
-63.6186
-1
0
228
431
0.00381781
31
-7.72183
-1
0
312
506
0.00506103
31
-53.3929
-1
0
170
482
0.00753898
31
-161.246
-1
0
339
432
0.00524527
31
-60.4965
-1
0
270
506
0.00464457
31
175.914
-1
0
368
522
0.00734295
31
-171.87
-1
0
333
430
0.00827887
31
-158.887
-1
0
343
429
0.0189019
31
-165.033
-1
0
340
429
0.0201006
31
-171.431
-1
0
311
429
0.00910946
31
157.218
-1
0
308
429
0.0150221
31
143.13
-1
0
304
429
0.00862128
31
27.7585
-1
0
226
426
0.00864325
31
-48.5988
-1
0
137
576
0.00494393
31
-74.3205
-1
0
178
576
0.00546246
31
60.8324
-1
0
206
547
0.00699348
31
132.234
-1
0
295
428
0.00527724
31
-61.1194
-1
0
242
576
0.00414596
31
-62.9562
-1
0
136
508
0.00227218
31
-88.5312
-1
0
214
576
0.00230755
31
15.9454
-1
0
138
456
0.00340068
31
151.557
-1
0
370
518
0.00275289
31
66.9948
-1
0
388
518
0.00308894
31
124.426
-1
0
196
539
0.00369947
31
-68.0757
-1
0
409
576
0.00376202
31
-64.8722
-1
0
250
452
0.00323404
31
57.2648
-1
0
221
538
0.00285593
31
20.7723
-1
0
200
428
0.00322824
31
-56.5048
-1
0
243
450
0.00265794
31
71.6687
-1
0
166
429
0.0022326
31
-173.589
-1
0
195
556
0.00345819
31
50.4836
-1
0
212
424
0.00294886
31
121.592
-1
0
295
423
0.00282386
31
-114.656
-1
0
276
453
0.00347204
31
56.8421
-1
0
175
428
0.00242716
31
-80.1206
-1
0
184
504
0.00226737
31
114.341
-1
0
143
441
0.00223152
31
-55.2157
-1
0
266
508
0.00230221
31
-54.3721
-1
0
218
431
0.00258659
31
-69.1609
-1
0
251
431
0.00252852
31
-61.2253
-1
0
223
431
0.00355035
31
-77.2889
-1
0
353
573
0.00369577
31
-70.8368
-1
0
234
431
0.00259488
31
-106.871
-1
0
220
571
0.00361982
31
-74.6237
-1
0
244
431
0.00377392
31
13.1134
-1
0
309
508
0.00252605
31
149.258
-1
0
341
473
0.00302038
31
-16.294
-1
0
253
426
0.00339889
31
102.155
-1
0
165
448
0.00328734
31
-42.8789
-1
0
212
431
0.0020751
31
49.8135
-1
1
224.4
423.6
0.00194278
37.2
-84.2894
-1
1
273.6
573.6
0.00421291
37.2
108.622
-1
1
142.8
440.4
0.00158586
37.2
175.802
-1
1
310.8
429.6
0.0069954
37.2
128.758
-1
1
195.6
538.8
0.00244637
37.2
70.9744
-1
1
220.8
538.8
0.00235174
37.2
86.8849
-1
1
180
540
0.00600273
37.2
12.4259
-1
1
240
426
0.00255783
37.2
167.876
-1
1
367.2
522
0.00373514
37.2
-30.8542
-1
1
223.2
429.6
0.00422822
37.2
-173.625
-1
1
338.4
426
0.0109307
37.2
143.643
-1
1
370.8
518.4
0.00141964
37.2
52.9575
-1
1
206.4
547.2
0.00467091
37.2
-47.5529
-1
1
228
430.8
0.00307064
37.2
157.319
-1
1
327.6
424.8
0.00300013
37.2
-96.3792
-1
1
385.2
571.2
0.00433913
37.2
-83.0189
-1
1
204
574.8
0.0016942
37.2
-21.7298
-1
1
237.6
517.2
0.00149522
37.2
163.168
-1
1
319.2
424.8
0.00317693
37.2
135.541
-1
1
313.2
448.8
0.00331074
37.2
-70.2211
-1
1
181.2
507.6
0.00405819
37.2
-67.7965
-1
1
136.8
507.6
0.00190586
37.2
136.185
-1
1
304.8
424.8
0.0025021
37.2
123.969
-1
1
290.4
424.8
0.00687543
37.2
-83.7131
-1
1
354
572.4
0.00318286
37.2
-176.217
-1
1
340.8
447.6
0.00306607
37.2
25.1679
-1
1
223.2
426
0.00328246
37.2
97.7119
-1
1
165.6
448.8
0.00292672
37.2
-52.275
-1
1
218.4
432
0.00188684
37.2
-54.5125
-1
1
162
571.2
0.00455488
37.2
-57.2648
-1
1
250.8
448.8
0.00786311
37.2
-142.431
-1
1
298.8
448.8
0.00424552
37.2
30.2849
-1
1
138
540
0.00742984
37.2
-46.3426
-1
1
136.8
576
0.00379718
37.2
-119.124
-1
1
198
572.4
0.00142291
37.2
-87.4471
-1
1
214.8
576
0.00179747
37.2
-1.63658
-1
1
312
506.4
0.00409397
37.2
-65.9798
-1
1
270
505.2
0.00539206
37.2
-87.9834
-1
1
382.8
570
0.00481391
37.2
-81.0137
-1
1
178.8
576
0.00442882
37.2
39.2894
-1
1
228
424.8
0.00238995
37.2
-40.156
-1
1
256.8
428.4
0.00176176
37.2
-54.28
-1
1
243.6
450
0.00181436
37.2
-158.199
-1
1
195.6
555.6
0.0015019
37.2
-78.5086
-1
1
183.6
504
0.00234916
37.2
-60.9896
-1
1
250.8
451.2
0.00758268
37.2
112.186
-1
1
282
423.6
0.00218388
37.2
8.97263
-1
1
265.2
428.4
0.00194
37.2
-83.6598
-1
1
174
483.6
0.00383779
37.2
-40.3013
-1
1
270
452.4
0.00485277
37.2
145.751
-1
1
343.2
501.6
0.00229537
37.2
-66.2092
-1
1
157.2
482.4
0.00316712
37.2
-175.156
-1
1
343.2
423.6
0.00195595
37.2
-179.433
-1
1
321.6
429.6
0.00272379
37.2
-57.9011
-1
1
241.2
576
0.00401204
37.2
-71.0194
-1
1
274.8
571.2
0.00355112
37.2
13.6504
-1
1
138
456
0.00370287
37.2
-77.3764
-1
1
247.2
571.2
0.00207147
37.2
157.537
-1
1
308.4
428.4
0.0101435
37.2
172.716
-1
1
309.6
432
0.00703783
37.2
-64.2495
-1
1
169.2
481.2
0.00547696
37.2
-16.8868
-1
1
192
477.6
0.00181502
37.2
177.397
-1
1
332.4
429.6
0.00457372
37.2
-55.905
-1
1
237.6
577.2
0.00169249
37.2
40.9858
-1
1
212.4
424.8
0.00178476
37.2
152.603
-1
1
340.8
474
0.00352224
37.2
-61.4442
-1
1
276
568.8
0.0023332
37.2
-102.848
-1
1
276
453.6
0.00319359
37.2
-56.0138
-1
1
234
430.8
0.00255514
37.2
-10.0302
-1
1
313.2
504
0.00376475
37.2
-59.5111
-1
1
243.6
430.8
0.00224824
37.2
123.824
-1
1
295.2
423.6
0.0021971
37.2
-111.967
-1
1
194.4
576
0.00223389
37.2
-98.5046
-1
1
217.2
570
0.00281236
37.2
113.925
-1
1
284.4
423.6
0.00228722
37.2
-65.3892
-1
1
139.2
506.4
0.00170624
37.2
142.232
-1
1
303.6
427.2
0.00446223
37.2
5.15855
-1
1
309.6
507.6
0.00221998
37.2
-162.072
-1
1
343.2
429.6
0.0105947
37.2
114.842
-1
1
346.8
518.4
0.00249313
37.2
166.144
-1
1
333.6
423.6
0.00318847
37.2
86.4677
-1
1
388.8
518.4
0.00464483
37.2
-29.3272
-1
1
218.4
429.6
0.00329213
37.2
-92.268
-1
1
356.4
570
0.00158675
37.2
-30.2564
-1
2
223.2
430.56
0.00225924
44.64
162.624
-1
2
305.28
430.56
0.00273524
44.64
161.565
-1
2
252
518.4
0.00324254
44.64
123.111
-1
2
347.04
518.4
0.00267379
44.64
-60.8477
-1
2
241.92
576
0.00319396
44.64
-84.9079
-1
2
178.56
576
0.00313244
44.64
144.338
-1
2
355.68
518.4
0.00248952
44.64
-74.8669
-1
2
273.6
573.12
0.00290238
44.64
-59.7626
-1
2
243.36
573.12
0.00475924
44.64
-177.153
-1
2
338.4
424.8
0.0034858
44.64
-91.302
-1
2
180
573.12
0.00355294
44.64
166.386
-1
2
308.16
427.68
0.00518585
44.64
173.609
-1
2
311.04
429.12
0.00480079
44.64
175.307
-1
2
321.12
429.12
0.00273196
44.64
178.047
-1
2
332.64
429.12
0.00268057
44.64
-165.897
-1
2
342.72
430.56
0.00375393
44.64
173.517
-1
2
309.6
432
0.00354702
44.64
-70.3462
-1
2
181.44
506.88
0.00353083
44.64
-89.7245
-1
2
354.24
571.68
0.00228762
44.64
89.2462
-1
2
165.6
449.28
0.00283356
44.64
-56.4539
-1
2
250.56
449.28
0.0047276
44.64
-145.465
-1
2
298.08
449.28
0.00285084
44.64
148.684
-1
2
315.36
449.28
0.00572196
44.64
-34.6584
-1
2
269.28
452.16
0.00591441
44.64
-100.305
-1
2
276.48
453.6
0.00226702
44.64
15.9454
-1
2
200.16
455.04
0.00351696
44.64
13.3245
-1
2
204.48
455.04
0.00237132
44.64
36.6341
-1
2
205.92
547.2
0.00270125
44.64
119.814
-1
2
185.76
542.88
0.0029027
44.64
158.254
-1
2
339.84
473.76
0.00332726
44.64
-7.51214
-1
2
313.92
505.44
0.00432994
44.64
-71.0836
-1
2
270.72
505.44
0.00487871
44.64
85.5635
-1
2
180
540
0.00560255
44.64
-76.1088
-1
2
168.48
480.96
0.00366824
44.64
-77.4712
-1
2
172.8
483.84
0.00339387
44.64
-81.8699
-1
2
144
504
0.00230277
44.64
-72.3499
-1
2
241.92
502.56
0.0043884
44.64
-76.6513
-1
2
240.48
499.68
0.00342862
44.64
143.267
-1
2
344.16
499.68
0.00114684
44.64
107.526
-1
2
345.6
522.72
0.00132634
44.64
-71.7915
-1
2
244.8
496.8
0.00133684
44.64
12.4074
-1
2
260.64
427.68
0.00158884
44.64
-94.7356
-1
2
275.04
501.12
0.00132503
44.64
172.875
-1
2
249.12
524.16
0.00199527
44.64
139.606
-1
2
342.72
502.56
0.00223337
44.64
-65.6688
-1
2
172.8
488.16
0.00165806
44.64
10.9541
-1
2
240.48
426.24
0.00161122
44.64
29.495
-1
2
217.44
426.24
0.00134349
44.64
120.579
-1
2
195.84
538.56
0.00166786
44.64
148.684
-1
2
360
516.96
0.0014637
44.64
-83.9458
-1
2
174.24
480.96
0.00200034
44.64
-177.74
-1
2
256.32
516.96
0.00139716
44.64
-48.7241
-1
2
158.4
480.96
0.00196339
44.64
-104.813
-1
2
194.4
576
0.00208649
44.64
30.4655
-1
2
221.76
538.56
0.00151266
44.64
155.518
-1
2
335.52
504
0.00124813
44.64
-20.6375
-1
2
191.52
476.64
0.00137371
44.64
-97.284
-1
2
216
574.56
0.00194563
44.64
-78.4078
-1
2
204.48
574.56
0.0013501
44.64
-99.6282
-1
2
197.28
574.56
0.00217919
44.64
-81.1871
-1
2
211.68
573.12
0.0015857
44.64
166.472
-1
2
319.68
424.8
0.00147796
44.64
161.053
-1
2
367.2
521.28
0.00210716
44.64
168.899
-1
2
328.32
424.8
0.00216378
44.64
144.904
-1
2
303.84
426.24
0.00195719
44.64
127.694
-1
2
288
427.68
0.00179266
44.64
-5.90614
-1
2
217.44
429.12
0.00200573
44.64
-30.7189
-1
2
234.72
429.12
0.00208001
44.64
-2.93567
-1
2
201.6
430.56
0.00140111
44.64
4.96974
-1
2
164.16
466.56
0.00168423
44.64
-28.5658
-1
2
227.52
430.56
0.00196297
44.64
-49.0283
-1
2
243.36
430.56
0.00130159
44.64
-171.055
-1
2
187.2
552.96
0.00142286
44.64
173.077
-1
2
319.68
433.44
0.00134757
44.64
-71.0754
-1
2
204.48
571.68
0.00116656
44.64
-145.204
-1
2
194.4
555.84
0.00116207
44.64
-77.9299
-1
2
247.68
570.24
0.00187237
44.64
-102.758
-1
2
216
570.24
0.00217463
44.64
172.781
-1
2
303.84
443.52
0.0013836
44.64
-174.289
-1
2
341.28
447.84
0.00174506
44.64
-53.455
-1
2
243.36
449.28
0.00134242
44.64
57.5288
-1
2
264.96
427.68
0.00111699
44.64
-23.6942
-1
2
237.6
516.96
0.00112684
44.64
-61.4769
-1
2
266.4
508.32
0.0011462
44.64
-46.4943
-1
2
227.52
504
0.00113625
44.64
-59.9083
-1
2
237.6
577.44
0.00112223
44.64
-52.5946
-1
2
239.04
504
0.0010908
44.64
31.3287
-1
2
211.68
426.24
0.00103167
44.64
41.2218
-1
2
178.56
429.12
0.0010568
44.64
-155.323
-1
2
187.2
560.16
0.000996875
44.64
40.827
-1
2
201.6
424.8
0.000997842
44.64
-41.0275
-1
2
257.76
430.56
0.000964756
44.64
-50.8263
-1
2
250.56
430.56
0.000976942
44.64
177.722
-1
3
331.776
428.544
0.00170914
53.568
122.889
-1
3
283.392
426.816
0.00174532
53.568
-103.496
-1
3
248.832
523.584
0.00215222
53.568
175.014
-1
3
319.68
426.816
0.00195394
53.568
177.064
-1
3
323.136
426.816
0.00169071
53.568
-81.142
-1
3
274.752
449.28
0.00539608
53.568
167.574
-1
3
319.68
449.28
0.00212852
53.568
-53.6606
-1
3
250.56
449.28
0.00281437
53.568
-155.934
-1
3
297.216
449.28
0.00210689
53.568
165.7
-1
3
314.496
449.28
0.00510902
53.568
-177.035
-1
3
338.688
449.28
0.00174911
53.568
-53.1301
-1
3
269.568
454.464
0.00283359
53.568
-86.9552
-1
3
276.48
454.464
0.00228439
53.568
4.51399
-1
3
198.72
456.192
0.00295241
53.568
164.208
-1
3
338.688
475.2
0.00323765
53.568
14.5345
-1
3
205.632
547.776
0.00184483
53.568
114.274
-1
3
186.624
544.32
0.00199368
53.568
91.302
-1
3
179.712
540.864
0.00535785
53.568
-78.5034
-1
3
172.8
480.384
0.00196725
53.568
-18.4349
-1
3
316.224
501.12
0.00188718
53.568
-48.1798
-1
3
240.192
502.848
0.00339014
53.568
-75.5608
-1
3
271.296
504.576
0.00480426
53.568
-144.09
-1
3
250.56
518.4
0.00340043
53.568
-35.1664
-1
3
243.648
518.4
0.00550041
53.568
-67.4873
-1
3
181.44
506.304
0.00267351
53.568
177.845
-1
3
338.688
423.36
0.00104965
53.568
-9.76178
-1
3
226.368
430.272
0.00142146
53.568
-58.4587
-1
3
266.112
492.48
0.00119821
53.568
-71.565
-1
3
243.648
497.664
0.00131363
53.568
158.618
-1
3
338.688
480.384
0.00134021
53.568
26.5651
-1
3
221.184
539.136
0.00106036
53.568
-41.0548
-1
3
191.808
476.928
0.00146014
53.568
163.951
-1
3
314.496
425.088
0.0010847
53.568
151.834
-1
3
304.128
425.088
0.00105196
53.568
179.049
-1
3
324.864
471.744
0.00108558
53.568
-55.3663
-1
3
241.92
449.28
0.00127743
53.568
133.479
-1
3
286.848
428.544
0.00110855
53.568
114.478
-1
3
330.048
228.096
0.000779435
53.568
-26.7788
-1
3
236.736
516.672
0.00101743
53.568
176.186
-1
3
326.592
454.464
0.00087835
53.568
175.057
-1
3
324.864
480.384
0.000796013
53.568
169.592
-1
3
317.952
433.728
0.000878598
53.568
101.31
-1
3
195.264
539.136
0.00094938
53.568
-16.8584
-1
3
257.472
430.272
0.000945546
53.568
-74.7449
-1
3
305.856
471.744
0.000929083
53.568
18.2726
-1
3
200.448
428.544
0.000904156
53.568
37.3039
-1
3
221.184
542.592
0.000922777
53.568
126.628
-1
3
293.76
423.36
0.00101126
53.568
-26.5651
-1
3
250.56
430.272
0.00076312
53.568
176.885
-1
3
304.128
442.368
0.00075577
53.568
-2.72631
-1
3
283.392
530.496
0.000761873
53.568
0
-1
3
212.544
547.776
0.000745536
53.568
-57.6002
-1
4
240.538
449.971
0.000816871
64.2816
-49.0377
-1
4
250.906
449.971
0.00163182
64.2816
-72.8544
-1
4
273.715
449.971
0.0040882
64.2816
-154.323
-1
4
296.525
449.971
0.001263
64.2816
-56.3099
-1
4
267.494
454.118
0.0033597
64.2816
-101.957
-1
4
279.936
454.118
0.00288263
64.2816
-82.0107
-1
4
248.832
524.621
0.00305902
64.2816
-87.1844
-1
4
250.906
518.4
0.00327143
64.2816
-67.249
-1
4
244.685
518.4
0.00610021
64.2816
-45.9094
-1
4
240.538
518.4
0.00335212
64.2816
-56.8215
-1
4
240.538
503.885
0.00176521
64.2816
-84.9801
-1
4
271.642
501.811
0.00395495
64.2816
-59.1622
-1
4
242.611
499.738
0.00120244
64.2816
-70.9065
-1
4
265.421
493.517
0.00086302
64.2816
168.921
-1
4
304.819
441.677
0.000724714
64.2816
130.115
-1
4
290.304
423.014
0.000744295
64.2816
322
64
69
197
136
152
0
64
44
67
33
226
41
142
208
165
175
43
129
40
33
66
138
164
82
3
85
69
161
104
1
134
43
65
243
16
87
170
16
104
233
104
34
8
60
169
118
84
231
111
153
172
24
5
176
29
28
73
24
226
19
181
24
82
98
226
37
37
245
148
24
204
5
79
99
100
13
52
92
103
134
70
235
84
0
96
195
41
226
35
92
138
160
31
34
8
25
105
215
36
84
186
2
112
193
94
84
216
24
171
196
20
229
78
145
164
24
4
96
24
150
9
24
114
51
185
88
86
32
248
105
22
244
188
220
101
39
212
37
124
8
15
13
189
191
79
235
252
9
100
120
137
158
48
94
253
60
56
187
18
123
13
209
103
55
186
65
112
125
108
37
64
24
191
77
128
108
180
8
36
92
12
130
154
134
13
184
228
41
157
222
71
34
242
39
244
233
186
23
200
29
15
247
98
157
252
43
14
166
95
203
54
32
209
129
115
243
103
85
215
241
47
83
58
3
105
135
172
151
186
234
120
233
117
96
216
60
233
149
84
245
111
209
174
24
5
240
17
252
73
24
178
51
189
24
215
40
218
124
50
117
180
252
191
43
120
196
126
210
51
229
73
152
85
246
237
195
96
245
119
17
223
156
248
255
255
90
246
229
201
79
8
199
189
189
184
233
77
236
84
55
141
229
97
183
79
186
190
136
75
226
61
94
81
110
178
215
179
170
215
108
118
127
249
216
126
63
171
88
26
251
57
164
249
238
194
236
219
250
163
226
147
231
63
83
207
193
123
247
255
91
109
197
230
159
174
198
182
123
24
251
117
248
223
102
107
209
117
183
111
185
238
136
71
244
29
89
81
62
179
247
191
184
243
229
75
211
250
147
127
253
250
174
200
72
185
232
235
230
209
70
185
239
175
47
211
237
165
35
223
199
223
249
239
195
38
227
118
223
173
85
190
123
56
233
245
106
92
58
175
213
83
183
111
184
238
8
3
240
29
220
65
22
243
151
181
88
87
32
90
203
250
214
127
253
250
246
202
123
185
172
235
238
247
230
185
231
171
61
251
205
141
47
127
231
223
249
239
239
7
163
118
183
167
85
255
123
57
237
244
123
94
56
63
221
87
255
239
217
237
24
5
240
31
152
73
22
246
183
189
88
87
50
218
125
54
117
48
252
190
43
121
228
126
194
115
229
73
144
21
246
237
231
64
241
103
17
222
212
254
253
255
74
182
227
200
79
8
199
189
189
184
233
109
108
84
51
137
241
97
183
111
186
174
136
75
226
61
92
81
46
179
215
179
186
211
108
126
60
33
237
144
54
127
85
115
245
198
223
54
93
182
184
102
251
212
67
107
55
118
209
247
221
254
180
153
98
222
126
232
194
44
7
190
202
122
217
92
24
209
20
46
212
36
229
110
155
44
153
13
250
29
156
93
24
242
123
189
89
23
42
250
131
197
152
30
1
10
92
14
55
11
33
200
34
11
36
159
143
34
180
13
2
43
113
43
97
215
115
55
19
41
136
32
148
211
42
65
162
141
50
33
99
234
40
233
187
88
53
222
113
146
118
48
13
96
119
174
155
159
110
47
53
113
147
163
193
86
84
134
189
180
63
112
53
127
33
203
142
57
148
7
230
213
45
105
200
198
160
120
72
187
189
58
124
1
49
45
82
100
60
187
66
125
49
245
116
202
58
159
211
0
216
93
9
165
16
4
104
154
143
77
24
246
51
156
92
87
32
187
199
253
194
124
245
42
124
202
41
11
169
234
162
203
230
185
129
45
61
87
47
172
48
50
71
207
243
107
211
42
34
17
242
23
222
203
1
52
243
245
226
254
56
217
250
91
247
156
200
167
16
85
73
247
229
33
144
184
49
63
28
118
179
57
60
190
255
237
62
253
255
117
253
254
222
253
253
124
251
237
185
253
235
250
245
123
95
255
253
125
246
247
109
215
255
230
207
120
239
180
255
187
249
125
125
93
247
174
247
245
183
107
190
254
140
75
242
189
216
85
62
215
223
255
251
235
236
246
126
57
187
181
31
231
216
79
214
234
209
53
115
198
179
255
251
84
66
211
215
59
247
15
158
138
230
143
83
253
188
238
103
174
175
191
190
118
195
119
72
76
215
104
207
85
129
126
253
46
90
199
242
28
52
81
144
178
255
187
59
38
170
230
254
57
187
190
87
39
89
143
215
234
249
182
51
198
179
127
242
215
112
87
15
191
247
7
150
194
226
13
83
248
118
234
163
173
182
255
178
124
195
245
66
75
247
104
187
29
129
110
223
174
154
143
114
56
124
211
208
178
125
251
63
84
186
243
124
249
255
253
54
127
249
255
221
254
254
191
127
222
255
254
251
220
251
111
117
221
196
191
175
239
247
153
91
223
126
251
251
39
245
255
214
127
249
117
250
93
247
62
127
183
99
238
191
173
255
213
250
63
156
93
212
244
111
251
95
78
35
247
125
33
113
53
216
171
43
104
200
174
211
54
241
64
217
66
178
9
227
82
255
39
195
223
221
126
247
173
66
134
231
202
75
12
69
191
157
56
233
92
40
92
181
171
247
113
183
127
186
174
24
67
226
29
92
81
68
179
87
241
58
243
233
38
252
249
255
253
54
127
249
255
221
254
252
191
127
206
255
254
251
220
251
111
125
221
229
191
175
239
246
153
91
223
126
251
243
39
181
255
214
127
249
117
250
221
247
62
223
183
99
238
159
172
127
213
250
63
156
93
212
244
107
251
95
14
35
183
126
49
241
190
22
39
29
79
199
110
249
176
127
202
182
95
243
84
98
99
147
253
209
47
222
195
230
29
27
248
124
233
71
172
158
191
174
124
51
117
38
74
247
233
150
20
213
79
86
164
24
131
98
24
60
93
136
178
83
251
63
92
56
226
103
52
243
55
216
166
43
77
224
239
129
43
231
203
162
23
226
101
131
99
250
175
90
111
214
170
230
175
18
57
97
79
103
165
22
63
176
172
33
255
76
74
78
202
235
89
137
27
88
236
24
33
100
184
28
97
24
186
211
191
158
86
49
117
29
35
101
116
61
233
39
124
189
61
254
117
109
125
220
166
177
236
199
115
245
106
224
247
77
111
133
182
120
150
97
205
223
104
101
188
95
58
249
252
95
60
187
175
196
51
247
111
184
164
201
9
240
29
159
77
46
246
55
249
250
214
36
92
61
39
109
212
58
253
113
123
180
124
222
53
93
127
249
102
249
252
195
98
245
122
208
247
25
62
133
144
104
214
119
235
91
106
71
190
215
122
249
92
124
53
255
175
196
165
247
111
187
172
153
13
242
29
156
93
44
242
127
185
235
159
40
254
211
250
211
55
253
250
174
216
232
59
232
235
230
81
198
57
239
175
175
211
237
39
35
221
198
223
249
239
194
38
227
246
223
172
197
191
121
56
233
229
108
92
58
175
213
113
183
111
184
238
8
3
240
61
220
73
22
243
151
181
120
87
96
90
107
213
100
140
215
47
15
88
167
78
169
138
173
41
100
85
237
245
37
116
120
226
144
96
68
253
249
125
187
26
125
57
208
101
31
155
194
112
33
125
54
202
60
175
87
24
244
28
128
165
16
4
42
58
134
77
152
182
49
157
92
199
32
178
229
54
245
0
217
6
39
92
163
101
130
51
229
47
130
5
234
229
3
100
73
135
218
116
70
248
188
45
146
8
41
9
87
37
84
187
64
56
5
68
100
66
24
143
69
72
205
69
24
36
24
0
96
26
159
73
0
112
19
149
72
71
32
122
61
245
109
124
54
189
125
124
241
60
245
185
108
123
164
79
168
252
83
251
255
106
243
191
124
43
166
159
121
21
125
237
219
110
36
190
203
57
241
253
94
234
185
143
210
113
231
78
185
166
94
70
104
28
159
13
184
246
123
159
250
246
162
251
251
250
94
107
255
184
167
248
121
63
250
251
174
123
204
249
227
215
191
187
237
71
139
124
239
255
123
183
255
71
243
255
215
231
220
85
119
255
253
183
255
94
106
63
221
139
254
177
174
221
28
164
237
231
143
239
86
252
182
143
214
95
52
188
208
40
27
215
234
221
218
225
95
243
31
94
211
246
219
240
255
147
92
14
206
189
174
136
251
214
187
111
198
139
159
62
99
167
77
219
90
247
239
222
208
84
193
126
173
142
173
55
143
13
87
247
189
95
133
227
208
120
56
61
92
29
49
188
127
220
110
159
191
229
221
185
31
229
253
191
188
206
111
127
161
215
16
210
190
190
134
106
107
238
226
59
211
123
127
127
235
181
61
219
210
127
235
247
51
201
207
42
222
31
237
63
141
190
82
133
188
190
156
65
24
178
249
122
157
78
166
180
94
241
223
158
22
71
93
118
83
230
93
180
95
134
181
122
251
212
32
103
3
180
197
35
141
215
183
25
83
14
54
121
210
36
181
186
90
120
73
117
50
201
189
46
151
20
101
110
155
172
27
133
248
24
156
77
24
178
59
249
89
86
34
250
5
133
144
40
1
64
36
78
1
8
136
165
16
39
135
168
233
40
161
64
65
1
102
3
86
93
112
65
1
6
170
65
221
16
5
162
49
32
105
108
32
8
60
163
117
17
247
238
25
164
122
20
160
24
80
1
154
194
47
161
24
71
34
66
58
16
156
62
47
147
18
39
215
160
85
32
188
50
35
86
124
147
64
208
209
119
211
119
208
24
244
222
106
241
221
230
143
188
3
52
255
72
160
122
56
153
101
9
213
117
179
111
187
234
137
15
246
8
88
217
58
243
191
145
187
59
236
79
62
57
239
156
22
111
93
123
199
238
251
180
125
198
249
246
251
212
99
98
23
180
209
183
157
253
167
137
82
222
118
233
66
44
215
190
218
126
201
85
48
93
245
47
86
22
229
110
155
172
152
141
242
29
28
89
8
178
123
251
91
70
40
242
126
121
251
154
22
95
88
119
199
130
93
148
87
134
180
122
251
212
99
111
7
180
193
7
205
215
165
13
83
142
62
232
210
36
151
190
74
120
201
116
50
217
181
47
150
20
101
110
155
172
147
133
248
29
148
89
16
178
59
249
89
86
34
250
62
113
255
152
22
103
92
115
215
134
93
180
95
134
148
122
251
212
99
103
7
180
193
135
205
222
180
9
83
142
62
232
210
36
181
190
74
120
201
116
48
217
181
47
150
20
101
110
155
172
19
5
248
29
156
89
16
178
59
249
89
86
34
250
126
61
171
180
31
103
89
79
214
234
221
181
115
198
179
255
251
20
82
211
215
59
119
15
151
138
230
143
83
253
252
238
103
174
39
191
186
54
195
247
90
204
213
232
218
119
129
110
253
46
90
203
240
28
52
81
144
178
255
187
59
52
170
226
124
33
241
180
19
165
123
121
197
238
211
53
241
206
153
70
186
25
67
82
191
63
195
207
220
120
246
141
66
214
253
206
79
46
103
190
157
104
201
92
56
96
245
170
103
53
167
127
187
174
153
203
226
28
28
81
76
163
95
243
171
167
169
102
125
50
117
181
216
170
43
120
204
47
227
50
229
73
144
18
178
45
227
82
253
101
3
222
196
254
255
255
66
166
227
203
75
28
199
175
157
168
233
77
108
92
55
169
245
113
183
111
186
174
136
67
242
29
92
81
44
187
151
177
184
211
233
110
60
171
239
253
62
255
249
247
221
254
222
189
93
244
187
238
155
220
227
107
245
121
247
159
221
111
166
151
105
215
127
238
239
8
231
190
255
254
249
125
126
125
247
46
247
183
183
107
191
172
175
203
242
29
28
92
198
243
95
251
251
223
107
246
13
205
44
185
129
253
183
213
189
223
46
207
145
125
127
173
129
125
227
99
244
115
214
114
93
239
133
38
121
214
59
131
231
16
211
168
51
106
232
104
122
29
62
167
213
118
247
111
185
172
152
13
240
29
156
89
58
242
51
189
90
215
46
250
75
150
138
253
255
244
220
150
53
255
29
140
138
220
55
63
237
252
57
234
200
135
246
57
78
205
190
47
83
49
58
99
213
44
151
251
83
117
233
119
114
72
58
63
223
212
245
127
217
172
30
5
240
156
156
73
144
242
59
157
88
87
34
242
208
11
147
214
96
78
100
227
79
20
95
23
135
245
219
50
255
199
248
46
14
141
128
19
203
222
149
108
162
130
26
56
18
39
113
248
4
10
94
68
33
176
177
119
45
140
109
166
193
1
229
240
153
90
162
171
65
108
9
75
72
37
21
250
203
250
95
125
253
248
190
200
248
187
233
235
238
241
228
57
231
175
175
243
237
231
35
252
199
223
255
255
235
39
227
242
219
140
196
191
123
184
249
245
110
94
58
45
245
115
247
127
184
238
8
71
240
29
220
73
22
247
151
189
120
83
224
90
7
213
136
168
21
200
30
4
35
75
9
204
8
13
38
61
137
116
32
97
130
97
114
107
68
215
179
127
19
42
35
97
215
20
159
138
2
104
104
115
96
200
60
169
247
80
245
63
16
164
24
4
224
17
20
9
152
178
50
189
24
87
32
234
71
245
73
184
20
58
47
88
33
110
169
168
64
129
132
11
139
108
37
97
138
224
16
42
68
215
179
41
19
44
33
65
82
20
158
171
0
60
33
119
38
234
56
233
183
88
116
95
16
165
48
0
104
24
102
8
152
162
17
159
92
214
97
179
195
222
196
140
254
61
12
149
47
126
32
137
12
185
127
143
237
252
41
224
76
130
190
56
75
153
189
104
209
0
57
37
209
36
86
187
66
116
161
118
182
94
56
31
85
212
216
20
152
165
92
4
96
31
151
73
144
240
33
189
92
71
34
179
29
251
95
121
54
123
254
242
121
154
236
251
108
117
237
235
195
205
185
107
229
116
77
251
229
95
115
247
109
71
191
243
255
82
157
225
127
255
249
49
250
255
251
117
247
151
119
107
159
255
47
247
248
253
219
76
214
223
191
207
93
251
231
151
50
176
216
166
63
186
31
13
231
98
19
112
173
10
188
85
250
247
0
144
129
119
219
111
228
144
240
31
22
121
221
239
7
236
222
150
235
88
171
87
164
219
103
73
145
20
245
79
210
246
152
8
38
161
255
121
24
50
178
191
185
223
60
87
76
43
167
248
88
255
102
119
157
188
238
21
81
212
217
226
203
93
251
78
252
13
202
147
79
109
141
164
64
198
58
206
79
3
101
187
21
254
237
84
56
117
176
39
77
167
55
227
191
172
189
144
241
93
159
0
68
234
43
249
72
7
33
246
71
198
10
217
236
144
138
1
33
251
1
202
130
81
37
11
128
105
44
139
138
101
90
73
68
146
155
39
20
40
1
19
215
144
222
9
112
252
34
35
224
42
40
205
179
220
209
19
80
201
48
37
5
225
255
170
17
203
18
151
80
113
81
51
3
213
168
184
7
214
95
7
39
78
57
136
12
13
52
31
205
116
34
245
130
115
242
35
76
215
183
125
83
62
245
97
215
60
159
139
202
104
106
113
32
202
60
233
151
92
245
110
17
172
26
5
224
25
180
89
152
178
59
189
88
211
40
226
101
54
245
84
216
166
47
88
226
125
40
91
206
235
134
29
226
229
171
96
248
109
90
251
206
234
174
127
58
8
105
79
215
231
20
191
0
184
53
230
70
74
10
143
201
88
205
83
16
164
24
32
96
248
158
79
8
254
19
159
216
86
51
121
194
1
154
146
65
2
92
15
23
43
41
64
50
198
34
18
230
19
16
151
130
173
235
11
66
130
226
14
2
169
168
100
119
167
60
113
2
108
6
194
82
226
132
72
138
28
1
222
85
32
90
148
101
8
53
203
145
56
32
56
12
52
147
232
60
170
239
248
62
125
225
119
253
254
222
181
93
252
187
238
217
252
227
106
245
119
222
191
223
109
148
147
109
215
127
235
223
74
199
174
255
242
249
124
124
61
246
39
85
183
119
235
187
172
143
201
242
29
156
93
46
226
111
255
219
223
109
254
109
182
247
255
248
167
43
92
226
127
32
187
253
235
183
95
242
245
137
98
232
109
90
125
198
168
174
191
58
105
125
207
247
229
22
187
112
252
53
127
102
74
74
14
241
220
201
91
28
172
24
37
102
56
156
77
8
254
147
156
216
70
51
117
90
105
18
251
211
203
226
233
76
130
218
62
177
198
249
240
227
145
29
70
79
136
133
16
79
220
43
13
195
138
58
58
112
39
85
251
82
119
133
84
178
84
16
30
76
142
136
148
141
45
86
5
120
31
133
73
144
240
41
188
92
6
34
177
198
32
138
33
13
226
130
183
213
187
210
103
235
5
19
34
157
9
243
147
193
7
79
205
192
91
92
230
72
135
163
198
95
184
139
37
63
44
108
1
120
4
51
40
199
101
51
241
58
218
137
131
245
252
88
216
78
19
151
241
32
51
68
78
252
249
255
253
54
127
249
255
221
254
254
189
127
182
255
238
251
220
123
111
125
249
228
182
189
239
182
153
75
223
126
251
227
46
101
255
222
127
249
124
250
221
245
62
223
183
103
110
191
172
223
197
250
31
156
93
212
246
107
249
95
94
42
246
211
178
145
52
253
242
175
88
192
59
232
107
230
81
132
25
255
239
167
211
225
39
3
223
198
223
253
239
210
38
227
194
223
172
215
190
121
56
233
101
108
92
50
173
213
113
183
111
184
190
8
3
240
61
92
65
6
179
151
183
184
215
100
90
253
253
245
116
125
170
247
122
249
29
206
255
238
125
196
93
246
255
191
119
244
111
202
119
231
254
105
255
126
103
233
239
159
227
240
180
183
187
253
253
223
159
251
231
249
115
255
111
172
182
41
221
248
245
219
77
127
158
247
235
178
223
183
94
92
105
91
251
83
107
242
239
89
154
254
181
113
198
235
234
235
220
17
102
79
185
228
50
77
205
162
137
211
74
62
186
240
39
85
251
87
115
205
116
178
93
156
62
84
151
225
110
157
44
94
5
248
31
149
73
144
224
41
188
93
6
35
241
79
13
140
145
130
205
0
1
61
197
30
7
152
172
121
230
192
121
1
231
93
53
210
97
89
42
132
4
64
214
30
1
230
32
81
168
83
74
201
220
208
21
28
42
196
22
231
110
153
44
24
13
242
29
152
73
26
242
51
188
73
22
34
232
243
253
217
95
255
203
95
140
251
37
29
188
191
206
110
255
255
247
56
150
207
187
231
46
231
247
247
127
211
123
223
47
151
173
5
255
74
113
251
127
50
221
109
107
221
92
189
62
149
166
90
5
184
191
148
227
176
178
57
63
184
69
178
250
5
7
144
40
1
64
36
78
2
10
168
33
0
12
135
17
237
42
163
80
65
3
118
3
70
93
113
105
17
12
162
64
205
16
5
174
48
32
105
108
40
0
48
163
85
81
55
238
56
164
88
0
160
24
84
65
146
130
7
149
24
67
32
66
251
222
117
107
253
188
167
184
185
125
250
251
174
125
76
189
231
239
189
56
252
103
154
120
111
255
121
182
255
83
99
255
223
225
220
49
119
185
253
183
127
94
106
191
213
147
254
81
172
221
24
44
253
231
143
239
126
220
182
175
210
223
52
188
223
250
215
101
253
248
238
216
185
185
234
251
206
119
206
249
235
221
191
107
237
143
174
120
111
223
63
247
255
79
51
126
215
227
124
91
119
245
253
183
127
124
234
127
223
15
127
177
236
213
94
181
221
247
143
239
208
220
165
47
220
95
49
190
223
254
92
107
253
184
167
184
121
63
254
251
174
127
204
249
227
255
189
185
237
71
139
124
107
255
121
183
255
67
227
127
223
225
220
117
119
185
253
183
127
222
106
63
213
139
254
177
174
221
28
36
253
231
143
239
94
220
182
143
214
223
52
188
83
129
136
188
7
66
92
6
23
238
25
140
26
140
54
250
237
80
49
229
0
129
230
35
76
205
186
77
83
42
58
105
213
36
21
251
66
100
201
116
50
200
60
43
215
28
229
110
153
172
90
5
224
28
148
73
144
242
43
185
92
87
34
226
249
254
247
107
252
188
167
217
249
63
232
251
239
127
206
253
227
197
191
43
237
79
171
124
239
223
63
183
255
75
115
126
215
231
220
95
118
189
253
183
127
94
106
191
221
235
252
177
236
221
28
180
205
231
143
239
84
252
182
143
214
95
54
188
97
22
84
222
216
101
39
244
33
124
72
21
12
253
155
7
235
228
201
108
120
201
142
176
74
125
61
48
189
2
59
13
81
103
117
186
85
112
117
68
37
64
26
183
77
128
108
228
8
37
92
36
130
26
134
77
136
236
1
149
76
71
36
242
197
254
215
101
252
248
238
216
185
185
234
251
206
243
206
185
235
205
191
107
237
143
174
121
111
223
63
183
223
15
35
126
215
227
124
91
118
191
253
182
255
126
234
127
223
139
127
177
237
213
92
181
221
247
143
239
214
220
164
47
220
85
49
190
212
202
26
223
234
217
218
161
26
251
55
220
146
114
249
248
110
147
60
11
206
57
238
88
57
211
179
111
7
235
23
126
231
167
77
83
86
251
239
254
242
125
225
94
179
158
217
51
159
205
31
165
189
77
157
235
209
250
58
125
93
125
51
191
69
38
117
0
217
42
39
120
128
4
202
51
193
13
139
1
226
69
3
100
64
7
138
112
78
236
40
13
146
12
33
73
87
37
85
186
0
56
5
84
37
84
24
135
69
128
228
69
152
36
24
0
96
28
159
1
0
96
19
188
72
6
32
112
189
254
124
107
255
189
167
185
253
127
238
235
239
127
236
93
255
191
255
251
245
118
27
252
243
127
125
246
252
87
235
247
207
235
207
117
255
185
253
125
125
92
122
191
213
241
254
113
172
223
152
41
252
165
202
245
62
213
247
167
246
251
236
30
242
48
145
22
217
202
7
8
198
33
154
119
167
206
130
114
255
7
6
21
203
175
139
69
214
222
252
111
130
170
203
108
3
175
103
183
40
8
111
94
65
208
4
227
141
72
173
167
224
38
201
8
164
50
56
227
104
58
150
49
40
5
180
78
61
254
117
237
255
189
167
120
249
125
250
251
237
57
108
77
253
239
255
57
252
101
26
248
225
125
121
246
124
83
99
223
223
249
217
53
253
217
253
47
125
29
106
183
213
161
254
113
172
223
137
47
247
229
207
237
110
222
151
175
210
223
124
94
124
249
255
221
54
119
249
255
221
254
222
189
127
252
251
238
251
212
251
107
255
253
230
191
255
239
182
151
89
223
126
255
255
39
245
251
222
127
251
117
122
125
247
62
223
182
101
238
191
172
223
213
250
61
156
93
212
246
107
251
95
30
43
246
131
214
76
132
188
52
30
16
51
127
33
75
142
105
4
17
236
239
37
225
72
228
48
120
76
159
177
122
252
0
177
97
210
100
156
186
66
120
49
117
116
202
58
159
209
16
212
93
8
165
24
5
104
24
159
77
24
246
51
157
92
87
32
187
243
253
235
95
223
198
223
152
251
229
29
254
175
206
47
125
255
247
56
150
142
175
211
111
231
246
250
63
211
59
223
63
135
175
53
223
218
123
255
127
51
221
237
106
157
24
253
63
157
174
26
5
184
187
156
227
120
182
120
59
184
69
182
250
126
53
235
245
22
231
89
127
214
238
211
53
241
206
187
87
251
117
83
83
191
63
214
15
189
250
246
143
82
255
127
239
71
174
191
191
254
127
203
85
88
237
215
106
199
117
161
127
189
174
26
79
226
29
60
81
144
178
123
251
187
143
170
246
67
198
130
233
232
144
138
128
33
251
33
202
130
81
7
9
8
105
168
47
138
101
74
89
68
211
27
38
20
32
1
3
151
146
216
1
112
204
110
35
100
42
42
213
179
136
81
179
80
217
56
119
151
224
250
170
7
203
18
7
68
113
85
115
195
1
130
23
197
2
204
142
3
171
32
139
162
192
35
27
100
19
48
151
10
141
231
11
66
130
234
110
147
8
168
54
123
39
52
113
18
109
6
192
82
98
44
74
138
28
9
150
93
8
90
149
21
122
53
235
153
56
37
58
28
36
147
97
195
141
142
215
233
202
222
129
59
193
47
203
142
245
6
8
173
147
60
191
14
173
227
99
99
87
147
126
180
35
130
39
159
115
49
81
67
77
254
2
113
184
169
127
173
28
253
63
209
194
24
53
213
74
152
239
91
95
48
61
80
49
145
202
60
190
255
237
254
255
251
117
253
222
222
125
221
124
249
228
249
253
235
234
245
127
95
255
255
126
118
246
108
215
255
238
207
90
207
172
254
186
249
125
125
29
247
174
245
231
183
111
190
252
141
203
242
189
154
85
102
215
215
231
251
251
109
254
58
16
216
46
255
160
154
13
246
32
213
51
189
26
35
85
254
147
34
208
193
87
219
109
212
217
248
63
122
241
199
230
135
172
195
52
255
8
232
119
108
93
103
41
213
85
183
109
254
238
153
13
246
5
248
249
58
179
183
177
186
91
60
78
61
254
124
105
255
189
183
120
249
125
254
251
236
125
76
13
253
239
255
248
245
103
27
253
241
125
121
246
124
87
235
231
223
233
217
52
255
153
253
61
125
157
122
167
213
241
254
115
184
223
137
44
252
229
219
109
126
214
247
175
242
219
108
94
124
57
255
144
22
87
81
119
247
230
95
180
95
166
185
126
251
212
67
99
151
86
213
167
221
246
164
13
82
222
126
234
195
44
71
190
82
122
201
84
80
93
20
46
213
52
101
111
155
44
152
13
242
29
156
89
24
242
51
185
89
23
42
250
127
48
65
162
223
168
7
8
238
107
146
120
173
74
164
85
250
119
37
16
233
23
155
109
70
144
121
47
18
121
93
109
7
173
222
187
98
120
37
87
228
199
70
73
209
29
252
19
212
182
24
4
102
177
255
179
56
50
182
187
152
223
52
95
208
11
147
214
32
78
92
103
71
64
91
21
7
247
146
18
255
131
184
47
14
173
226
3
219
207
246
108
2
168
138
44
7
55
33
151
4
12
94
68
33
224
161
243
175
140
109
174
195
128
253
242
32
74
182
235
193
122
80
73
68
37
145
246
191
250
69
235
255
185
167
184
189
61
254
123
173
123
222
93
241
255
255
184
237
103
138
124
107
255
121
247
254
83
99
255
223
233
223
53
127
153
253
53
125
95
107
63
213
161
254
81
190
223
157
32
245
231
207
253
110
220
182
143
210
223
52
94
61
47
229
244
48
175
103
126
189
244
254
241
77
121
216
198
179
236
227
99
245
107
242
247
93
107
133
183
104
148
113
203
255
42
70
190
212
58
241
252
254
63
185
167
212
115
215
79
185
172
137
9
240
29
157
77
44
242
115
185
250
214
45
248
81
87
84
222
244
55
39
114
39
124
120
19
140
251
148
7
231
223
109
100
88
236
128
178
74
125
189
124
184
0
56
9
210
37
84
187
65
120
53
100
116
74
56
63
205
136
196
79
136
165
16
4
96
62
142
73
8
246
51
157
88
70
32
184
207
150
206
173
254
53
152
148
49
255
1
203
158
161
51
91
236
220
57
235
72
209
230
56
110
153
190
122
221
69
63
51
117
100
156
251
82
117
33
117
208
74
122
30
211
132
216
93
25
173
30
5
112
154
156
77
144
244
49
156
92
87
34
179
133
221
223
92
49
90
220
222
58
209
45
201
14
115
206
185
239
230
60
47
6
232
100
50
101
135
227
123
255
41
0
49
180
116
116
218
66
51
179
245
243
222
56
247
184
18
213
78
193
181
118
21
120
23
183
77
144
242
40
46
88
84
39
249
61
245
237
92
55
165
127
124
177
191
213
249
205
109
132
78
170
252
83
107
255
107
226
191
108
58
166
159
121
29
125
239
223
110
36
190
214
57
81
125
94
234
187
174
211
113
199
79
57
172
26
69
224
28
156
77
56
182
123
219
248
215
163
251
221
250
247
101
248
235
243
240
248
61
230
127
207
121
218
168
242
237
255
103
253
205
46
244
239
106
29
246
236
7
235
255
255
97
69
254
95
179
253
252
223
28
26
150
201
99
250
229
169
173
137
33
248
63
137
73
126
252
55
188
216
87
38
221
69
101
8
152
0
64
12
67
33
226
9
142
208
132
167
43
201
41
1
192
11
164
81
130
192
84
176
200
0
14
171
65
211
20
87
170
8
104
73
98
16
72
28
42
87
84
231
47
153
44
16
5
240
29
28
73
24
179
17
181
24
82
98
226
69
246
121
184
20
178
46
82
33
110
169
136
64
129
164
27
195
109
35
96
131
96
16
27
68
213
163
237
83
12
33
65
82
4
158
171
0
252
33
115
38
202
56
169
119
216
212
95
16
172
48
4
32
24
143
9
144
162
27
157
92
210
96
179
124
51
117
180
255
175
43
121
236
126
211
51
237
105
153
68
184
109
227
118
253
119
146
255
158
254
247
247
248
246
103
203
79
120
215
191
189
56
249
109
108
92
183
175
229
33
247
111
190
190
153
75
242
189
92
81
108
182
215
179
170
215
236
126
211
251
211
127
253
250
190
216
249
187
249
235
238
209
70
185
255
175
63
215
237
47
35
223
199
223
255
255
223
38
227
246
223
45
69
189
127
60
232
245
110
94
59
191
221
115
191
127
184
174
24
67
240
189
156
73
22
247
151
191
120
87
176
122
90
0
138
157
78
71
158
167
23
238
89
20
16
204
51
244
237
82
17
230
192
145
230
43
78
205
190
77
211
73
62
107
85
36
21
187
82
100
201
116
48
72
29
42
213
28
229
110
157
172
90
5
240
28
148
73
144
242
43
185
88
23
34
226
55
53
241
150
24
132
5
109
67
96
21
116
108
103
132
82
235
68
0
97
131
41
226
99
76
138
160
15
18
8
9
105
215
36
20
154
2
120
65
214
80
192
24
171
192
20
229
111
145
164
25
4
96
24
20
73
24
50
51
185
88
87
32
250
60
171
255
221
58
255
249
247
221
252
222
181
93
116
187
238
251
220
227
107
245
121
254
159
221
111
166
151
109
223
127
238
239
106
103
190
222
250
249
124
124
125
247
38
247
167
55
107
191
172
239
207
242
29
156
92
38
242
95
251
251
207
105
254
242
49
209
150
221
202
15
8
198
33
155
119
167
207
134
84
251
7
54
21
203
175
171
77
198
215
251
47
146
186
195
45
7
175
4
159
34
37
111
223
65
192
133
233
205
24
189
23
192
166
209
160
228
178
22
163
104
58
176
59
168
21
176
78
189
250
69
107
252
184
167
56
253
61
254
123
239
127
92
137
241
239
255
184
253
103
11
252
235
127
125
182
252
87
227
255
223
233
223
117
127
153
253
53
125
222
106
191
213
227
254
81
168
213
137
32
253
231
139
237
126
220
182
175
210
223
52
156
175
149
168
36
21
100
61
89
181
79
193
99
170
77
38
5
137
125
39
81
112
38
242
122
100
255
243
163
82
54
98
161
79
60
159
186
163
44
104
117
120
200
62
169
215
81
247
127
24
182
24
13
224
188
220
1
24
178
119
191
158
215
44
170
231
54
247
119
220
164
235
200
226
239
0
123
238
235
131
21
226
231
187
99
235
45
90
125
214
250
190
191
218
25
97
111
87
167
28
63
49
189
119
126
77
106
74
202
201
88
217
19
24
236
24
97
245
250
28
227
124
190
211
159
222
215
49
255
122
248
215
127
127
227
217
190
223
170
209
185
111
202
159
219
255
167
114
211
239
47
71
159
195
123
247
255
75
249
231
254
223
173
111
183
223
188
251
127
248
94
231
111
255
121
147
127
252
238
152
195
246
61
92
209
206
183
215
243
184
247
224
103
179
221
152
158
7
138
88
3
47
195
61
200
190
235
36
63
244
179
36
151
134
47
243
99
241
195
227
110
19
184
200
33
135
60
82
158
202
72
234
234
98
218
44
233
146
94
245
47
209
138
16
5
36
1
248
203
25
243
50
53
16
113
130
203
13
205
46
169
1
253
162
241
45
199
238
206
208
61
251
173
129
121
195
103
244
119
210
242
93
102
133
228
112
134
59
147
239
16
211
170
17
106
233
168
122
29
60
164
212
119
247
111
155
172
153
13
240
29
216
89
56
210
51
180
88
211
110
232
216
10
198
193
42
221
160
229
29
253
86
87
155
176
187
198
218
217
201
43
220
213
238
248
25
10
28
2
108
193
63
207
85
0
115
48
85
251
237
94
212
85
100
22
195
4
73
225
159
104
189
181
214
31
157
92
70
112
35
253
75
31
32
254
199
86
68
141
252
60
12
145
41
126
9
11
140
181
31
11
237
205
33
224
72
132
10
56
74
93
189
104
144
4
187
5
209
36
85
186
72
112
161
102
36
78
56
63
85
148
254
21
152
165
24
4
64
31
159
73
16
240
17
149
92
71
32
242
222
235
27
223
235
217
218
137
31
251
63
254
179
246
251
248
247
147
60
30
207
189
142
88
255
214
251
111
199
235
159
62
163
151
77
91
114
247
238
254
210
125
193
124
245
142
185
55
207
207
22
231
189
71
223
251
81
251
184
61
93
61
179
188
5
165
145
56
17
66
36
78
65
0
200
181
96
198
135
58
235
8
161
66
195
41
76
131
198
221
114
205
1
14
170
65
221
6
21
186
1
32
73
100
32
64
56
35
85
145
55
238
24
36
122
20
176
24
20
65
128
162
11
129
24
71
163
98
123
87
100
222
246
39
15
16
39
116
49
139
140
249
52
95
228
247
45
100
122
236
144
114
74
252
191
124
184
24
120
57
210
37
84
187
66
120
53
101
54
74
56
31
85
152
196
79
136
165
16
4
98
58
142
77
24
246
51
157
88
70
32
177
143
222
138
233
63
125
222
149
61
255
12
143
128
28
63
239
233
253
57
235
204
135
222
120
105
93
188
34
213
71
59
103
215
32
95
249
83
127
233
116
112
92
58
62
215
212
247
125
153
172
30
5
240
29
156
73
16
242
59
189
92
87
34
242
124
59
255
221
54
127
249
255
221
254
222
181
127
246
251
238
251
220
251
107
245
249
230
191
189
111
166
151
109
223
127
255
239
38
247
255
222
254
249
117
250
125
247
62
247
167
225
111
191
172
239
207
242
29
156
93
196
246
127
251
219
158
107
246
185
254
119
103
253
248
247
216
249
29
236
251
238
123
196
253
227
255
191
59
229
111
171
124
231
255
123
183
255
67
227
255
191
227
252
117
119
181
253
189
127
254
250
119
221
115
255
243
236
215
95
245
253
167
143
237
126
220
246
175
214
255
181
28
101
182
246
255
249
164
171
193
102
255
0
123
172
107
147
93
242
247
137
98
249
109
219
125
86
138
250
63
186
13
225
199
247
231
30
51
113
252
117
126
229
74
74
206
249
25
219
19
24
236
24
33
247
184
156
235
74
254
215
151
218
71
51
119
76
40
138
129
218
241
162
244
157
187
214
21
81
128
187
226
153
88
243
2
253
19
238
157
43
117
29
230
64
199
55
218
77
24
195
101
21
161
237
48
120
53
102
38
85
229
51
241
191
204
175
177
215
253
88
80
198
8
175
225
235
155
68
230
207
12
0
145
2
77
10
129
9
227
3
70
146
38
106
226
232
57
5
193
141
160
113
128
81
26
184
138
64
134
187
83
67
36
85
186
27
106
201
206
208
84
28
42
193
22
226
109
153
44
24
5
242
29
28
65
24
243
49
177
8
83
32
234
229
54
215
119
248
164
239
208
226
63
0
91
206
235
130
17
226
231
187
35
235
111
91
125
206
234
190
63
154
9
97
111
87
231
28
63
112
189
119
126
69
106
10
206
201
88
217
19
56
204
24
97
229
248
156
235
92
254
211
159
220
87
49
255
219
248
155
127
253
250
254
142
249
185
254
235
238
213
78
185
239
143
63
223
236
141
111
95
231
223
251
239
223
39
163
118
255
175
117
245
123
55
237
245
251
94
58
127
221
87
191
239
249
174
94
69
248
63
157
201
22
246
183
191
88
87
178
251
253
254
245
100
254
239
119
121
249
125
222
255
255
125
236
205
249
169
255
245
253
127
27
253
247
127
253
246
236
215
239
229
207
121
103
189
255
187
253
125
125
157
255
175
221
113
255
103
172
247
137
202
235
255
90
29
126
223
215
183
187
255
236
78
254
18
101
165
254
231
46
253
141
113
219
85
223
20
176
102
241
221
79
109
216
145
174
56
76
206
168
31
214
222
63
222
113
37
119
187
214
114
77
215
85
65
87
62
197
12
236
53
142
53
213
1
243
190
150
89
192
118
51
216
73
30
38
252
254
184
235
255
254
243
223
174
217
255
213
186
255
230
187
90
251
213
57
122
238
253
206
27
175
223
242
191
203
249
127
255
87
167
157
123
127
253
255
127
112
111
229
120
223
157
217
179
223
238
26
199
255
189
188
255
212
254
251
219
221
159
243
182
247
54
231
151
223
165
133
250
199
253
184
115
171
139
146
71
235
245
47
107
201
143
238
61
78
255
189
47
146
9
113
95
115
167
116
187
82
252
37
214
69
64
106
63
203
8
88
145
8
172
88
5
242
186
140
67
0
112
35
157
220
84
32
190
231
172
226
53
203
204
219
141
187
237
133
251
158
171
166
222
233
49
50
243
253
171
254
44
85
251
253
127
235
189
107
103
133
189
100
255
178
57
225
126
249
94
44
235
217
88
153
61
185
172
90
13
240
31
189
97
56
246
243
189
190
215
56
235
60
45
255
152
18
87
33
111
199
228
133
180
87
190
185
238
250
244
99
99
151
22
212
167
221
178
164
13
67
158
90
250
227
12
71
190
146
122
201
124
216
93
52
166
212
116
33
238
153
172
153
9
242
29
156
81
48
242
115
189
91
86
42
251
118
183
247
220
54
183
93
127
231
254
241
240
111
235
148
95
250
228
99
107
179
109
246
191
220
171
166
159
91
156
120
235
231
46
190
191
218
60
113
245
94
74
179
175
210
48
193
111
24
172
24
75
96
24
156
93
136
242
115
159
90
86
42
251
7
213
136
168
21
248
12
5
35
74
9
204
128
5
36
57
137
100
32
65
130
96
82
67
68
215
179
109
19
42
35
65
199
20
159
138
32
104
104
97
96
200
56
233
247
80
245
111
16
188
24
4
224
17
124
9
16
179
50
181
24
211
104
98
135
212
108
172
157
164
31
20
51
111
33
200
12
105
36
29
237
100
36
241
224
96
48
42
68
255
179
123
123
61
97
97
213
116
156
187
2
100
49
119
116
202
62
171
215
16
244
94
16
180
26
4
96
152
20
13
152
182
51
159
156
215
32
162
29
251
223
120
54
187
252
122
121
186
206
190
252
55
237
203
195
221
187
123
229
116
65
255
225
126
243
212
109
71
189
242
223
82
221
228
127
251
249
113
250
159
251
52
247
231
119
111
191
255
47
247
248
189
219
93
22
223
191
207
121
251
239
215
59
156
236
132
142
205
29
37
63
78
31
86
156
44
126
244
237
116
17
224
244
81
210
104
127
252
56
88
250
95
255
105
85
100
93
218
2
99
201
94
17
213
92
43
197
20
245
61
149
36
26
4
226
29
28
73
24
178
58
185
89
31
32
226
61
53
229
181
30
165
251
120
213
238
211
55
249
76
185
70
186
125
67
98
255
63
210
207
156
126
182
189
80
214
125
239
79
62
127
190
158
104
249
93
56
101
247
42
231
53
191
127
190
174
153
79
242
28
28
81
104
162
123
251
171
175
169
230
126
49
233
245
54
231
123
125
212
254
211
53
225
70
153
87
187
213
83
90
191
63
210
223
141
218
246
141
82
253
117
238
71
46
191
191
222
63
235
87
56
236
247
238
231
229
165
127
190
190
24
67
224
189
188
81
212
178
123
251
107
7
169
246
255
244
109
255
255
245
223
168
61
253
221
253
189
62
164
126
225
213
29
123
171
248
174
56
108
206
234
31
127
123
127
127
177
229
53
251
118
123
121
247
83
201
205
126
214
31
236
51
143
45
87
5
254
190
182
109
216
246
185
220
221
94
50
188
178
249
139
62
21
104
217
174
223
160
253
252
35
142
78
186
253
2
22
211
165
162
229
6
225
143
228
139
67
187
203
250
169
172
193
246
191
3
232
253
218
222
177
232
208
115
167
110
251
174
203
131
252
13
113
81
182
179
175
248
56
210
230
205
60
51
255
208
54
181
165
119
199
246
127
48
93
246
185
70
243
212
99
107
151
55
214
183
221
239
164
173
80
220
61
234
103
46
71
190
210
120
225
84
56
85
244
175
196
166
149
111
155
172
153
9
242
29
157
89
0
242
115
189
91
22
40
250
7
215
136
168
53
240
12
68
35
74
41
200
128
5
36
25
137
228
32
73
130
112
82
91
68
215
179
109
23
42
33
65
215
20
159
138
96
120
104
33
96
74
58
233
183
80
245
127
18
188
24
4
224
17
254
17
16
146
18
151
88
211
104
114
124
41
239
217
50
127
241
255
221
254
222
181
127
246
251
238
219
212
251
111
253
253
238
183
31
239
182
149
105
223
62
250
239
46
103
251
222
118
253
124
122
125
247
62
95
183
101
238
191
172
223
205
242
29
156
92
212
230
107
251
91
30
107
246
197
38
245
0
217
6
39
120
164
101
130
115
131
255
130
4
234
101
7
100
73
135
170
112
78
248
156
11
146
8
1
77
85
37
84
186
0
48
37
94
68
80
24
135
201
8
204
197
24
36
24
0
112
26
157
1
0
112
49
157
72
23
32
122
39
213
104
188
21
228
95
29
183
79
169
232
45
77
36
29
173
116
36
81
242
34
242
42
116
255
243
127
83
58
99
33
197
60
159
154
162
32
104
117
98
202
62
233
215
81
245
126
16
182
90
8
224
176
52
1
152
178
115
187
154
215
44
170
253
221
246
116
121
239
127
126
191
237
197
251
175
235
134
30
255
191
255
119
254
111
242
127
115
123
255
126
121
145
234
239
207
123
100
191
151
189
253
125
93
222
185
167
249
121
255
111
189
166
57
185
241
125
220
199
121
254
247
187
186
247
187
95
188
250
87
235
253
184
167
248
253
61
234
123
175
123
222
217
251
239
253
42
237
109
139
252
227
255
121
183
254
67
227
255
223
195
222
117
117
177
253
55
109
94
106
183
253
163
254
145
172
221
157
49
213
231
143
253
110
220
150
135
214
223
181
30
214
107
27
215
235
217
222
137
95
251
63
126
179
246
251
248
247
147
60
30
206
189
142
88
255
215
251
111
198
235
159
62
99
183
77
91
82
247
239
94
177
93
193
124
237
142
157
55
207
207
22
247
189
87
133
235
209
120
184
61
92
45
177
180
181
250
215
103
253
248
231
248
249
61
234
251
239
123
206
249
235
237
191
43
237
111
171
124
231
255
127
183
255
75
99
255
223
227
220
117
117
189
253
183
127
126
234
247
221
99
255
177
232
213
28
241
221
167
143
237
86
220
182
175
214
95
181
62
251
254
247
117
252
250
175
120
232
63
248
251
239
73
68
25
253
239
239
215
253
47
19
223
198
255
255
247
218
54
227
222
207
57
199
181
253
56
232
109
108
92
59
175
245
113
183
111
184
190
8
67
240
189
92
65
38
179
151
183
186
215
228
122
152
10
154
131
11
221
160
229
29
253
86
223
146
184
251
230
234
209
129
43
204
135
238
120
121
8
28
2
84
195
59
111
213
32
113
112
87
251
237
126
208
85
64
22
73
6
105
225
153
108
57
165
244
31
157
72
18
240
35
253
73
23
34
255
121
22
244
140
157
101
37
245
37
124
88
31
12
189
151
39
235
220
1
96
120
138
155
56
90
125
188
56
185
22
123
13
81
101
117
186
65
112
121
102
37
64
24
191
77
128
110
180
8
37
92
4
194
30
134
13
136
228
33
148
94
71
34
242
219
250
211
127
253
250
254
154
249
185
252
235
238
213
78
185
239
143
63
215
236
141
47
223
231
223
251
255
223
39
163
246
255
173
85
245
123
55
253
245
123
94
58
127
221
83
255
255
249
174
24
67
240
63
157
73
22
246
183
191
88
87
178
251
69
244
121
184
28
186
47
82
33
110
169
168
64
133
164
27
203
109
33
96
139
96
80
11
68
213
163
173
19
44
41
65
83
132
159
171
0
236
33
115
34
202
56
169
119
88
244
95
16
164
48
4
32
24
86
9
152
162
27
157
28
210
96
162
125
51
117
181
220
165
175
120
204
111
243
59
237
73
153
68
186
45
99
86
253
103
130
223
222
255
247
191
200
150
103
155
79
60
199
191
157
56
249
125
108
92
183
171
245
49
183
127
186
174
153
75
242
157
92
81
108
178
87
179
186
215
232
110
222
235
26
219
235
217
218
137
31
251
55
254
179
242
237
248
118
147
60
27
143
189
174
88
191
215
243
111
199
235
151
62
163
151
77
75
118
255
239
254
210
125
225
124
179
158
185
51
223
207
23
229
190
69
253
251
209
251
184
125
93
121
243
191
126
57
251
154
54
87
88
119
215
226
29
148
87
150
177
122
251
214
98
111
131
149
197
7
141
215
164
13
83
218
150
232
195
36
151
190
90
120
193
116
48
89
53
46
151
20
229
110
155
172
152
5
242
25
156
89
16
242
59
221
89
84
34
250
204
42
231
245
250
239
227
253
253
245
214
127
219
245
251
224
170
93
251
111
207
45
206
249
111
218
28
183
236
207
31
222
151
231
117
155
84
251
253
22
213
53
200
54
77
142
105
179
141
36
233
253
211
255
157
110
104
236
179
239
201
15
53
254
60
45
253
208
18
255
117
127
181
244
222
53
93
124
185
230
211
252
195
99
245
114
208
247
29
110
132
151
120
222
117
235
79
14
71
190
214
122
249
92
120
21
252
39
196
103
231
111
187
172
153
13
242
29
156
93
56
242
115
189
75
151
45
250
76
40
231
177
216
231
231
254
253
188
202
53
89
229
155
226
235
93
251
102
252
137
206
185
78
237
158
165
216
197
59
207
125
39
117
251
22
247
125
86
60
116
88
46
77
173
79
179
29
44
94
181
209
126
148
73
216
236
43
185
76
6
33
244
61
254
124
105
253
189
167
120
185
93
238
235
236
125
76
5
253
237
255
249
245
103
27
253
241
127
93
246
124
87
235
231
223
233
217
36
255
153
253
57
125
157
122
167
213
241
254
115
184
215
137
40
244
229
219
101
62
223
247
167
242
219
108
94
88
9
154
155
74
71
156
231
23
238
90
21
17
236
187
228
255
80
65
102
196
17
198
35
95
201
190
12
82
200
62
235
85
36
85
187
22
102
201
92
48
85
85
42
69
20
229
110
159
44
90
5
178
29
148
73
152
98
43
185
89
15
32
226
57
254
124
109
253
189
247
112
249
93
206
107
236
125
236
5
255
237
255
240
245
103
27
244
243
127
93
246
252
87
235
167
223
105
219
52
255
153
249
61
125
157
122
183
245
225
254
119
185
215
137
43
248
165
219
77
62
223
255
175
242
219
44
222
124
63
163
245
55
253
127
121
205
254
211
55
241
206
153
70
187
221
107
91
191
63
210
223
29
255
183
173
82
222
119
238
79
47
253
191
222
124
235
87
56
116
247
239
231
165
189
127
190
174
24
207
226
189
156
80
64
226
123
251
235
7
169
246
196
40
147
33
200
202
166
197
25
171
106
111
194
7
203
160
129
9
189
2
205
129
46
136
99
77
10
231
192
3
43
86
101
147
77
97
53
135
237
162
195
52
0
160
110
31
62
177
233
76
106
240
221
231
77
170
214
8
133
32
4
50
81
36
204
40
239
225
218
253
243
236
189
181
198
127
211
122
251
224
202
85
251
107
237
31
238
121
111
202
28
39
254
203
63
239
55
231
125
219
118
251
253
158
209
117
236
86
201
14
121
177
221
44
187
181
211
247
157
106
112
252
163
173
201
31
49
254
7
215
24
168
52
240
28
64
35
74
9
204
192
5
164
49
137
108
0
65
131
32
82
66
68
215
179
105
19
46
43
65
215
20
159
138
32
120
104
97
96
200
56
233
247
80
245
111
16
188
24
6
224
17
254
9
16
179
51
149
88
83
98
242
140
222
138
201
254
121
184
149
57
91
14
207
128
86
111
233
233
220
169
224
197
4
14
88
107
93
57
98
213
67
51
114
213
32
93
224
83
115
233
116
112
92
58
63
213
150
246
125
153
173
28
5
240
29
158
73
18
240
51
189
92
87
32
250
255
188
227
163
223
228
135
140
255
253
94
255
175
47
139
252
251
55
57
51
237
7
223
109
127
206
120
39
126
123
107
239
151
237
125
179
119
219
237
62
65
84
110
168
221
17
125
241
253
60
25
13
245
167
188
227
120
180
182
185
154
95
50
254
135
214
76
204
60
48
156
20
51
95
33
201
12
105
36
25
237
228
36
225
193
96
52
122
68
223
179
123
255
44
225
115
213
116
158
186
82
112
49
117
116
74
58
47
215
80
212
79
24
189
28
5
96
24
158
77
152
242
51
159
92
87
32
186
7
213
24
184
21
236
92
65
51
74
13
142
128
6
172
63
137
110
0
65
134
32
80
66
101
214
178
73
83
42
43
97
135
20
223
170
34
106
200
113
32
220
58
233
247
84
245
111
153
188
24
5
224
21
124
73
16
179
59
191
24
83
110
226
124
57
255
152
18
87
17
127
231
230
135
180
87
166
187
254
251
212
67
99
151
23
214
167
223
128
164
13
82
156
124
234
199
4
71
190
82
122
201
84
144
93
20
46
213
116
97
239
153
44
152
13
240
29
156
89
16
242
59
189
89
23
42
250
156
14
8
225
191
121
176
241
25
91
94
87
144
86
235
224
233
220
169
104
197
16
138
120
107
93
49
34
220
67
63
127
85
32
93
240
119
115
233
116
113
85
122
63
69
132
246
101
157
173
28
5
250
31
158
73
18
240
59
189
77
31
32
250
125
61
239
85
55
231
123
125
221
238
211
53
241
206
187
70
187
253
83
75
191
63
210
223
29
250
182
141
80
95
127
239
79
47
53
191
214
127
233
95
56
229
247
46
239
165
45
127
191
174
56
205
226
189
156
64
112
162
123
251
235
143
169
246
125
61
251
245
54
247
251
127
215
254
215
181
241
206
187
87
251
245
91
75
191
63
210
95
189
250
182
143
82
95
127
239
71
46
189
191
214
127
235
95
56
237
247
238
199
164
37
127
159
172
58
205
226
189
156
81
80
178
123
251
251
143
41
246
116
247
255
221
52
183
253
127
231
255
209
184
207
235
149
78
250
229
107
107
187
111
246
191
220
170
166
31
83
157
121
235
231
46
62
191
210
60
113
126
90
74
177
174
211
176
65
127
27
172
28
1
112
24
156
85
144
242
115
223
90
215
42
243
60
51
255
209
50
151
173
119
199
254
251
48
87
182
177
70
243
212
99
107
151
55
214
255
93
231
166
47
82
220
60
234
103
6
70
190
210
124
225
212
112
65
116
47
214
36
21
111
155
172
152
5
114
29
157
89
16
114
115
157
89
22
40
250
126
51
251
154
50
87
156
103
198
234
25
180
119
166
179
122
251
215
98
110
131
21
197
63
142
192
166
13
19
136
52
106
247
36
23
191
82
124
73
116
48
72
52
44
151
148
229
110
155
172
24
5
178
25
156
89
144
242
59
157
89
85
34
242
126
61
251
245
54
255
251
127
223
254
215
53
209
206
185
87
251
213
123
75
191
63
210
95
189
222
182
175
86
255
119
238
71
175
191
191
222
127
235
87
56
229
247
238
207
164
61
127
191
188
56
207
226
189
190
81
80
114
123
255
107
15
41
246
199
36
0
32
8
66
34
197
97
162
129
166
192
4
163
51
201
41
1
209
137
161
91
128
196
92
184
235
2
14
171
66
209
36
71
170
24
40
105
70
32
80
60
41
213
85
38
109
153
236
24
5
240
29
88
73
26
179
17
181
24
83
96
106
94
1
154
147
74
67
220
167
23
234
93
20
16
198
51
114
237
210
17
230
200
145
198
3
78
204
186
77
210
72
190
107
117
36
21
187
82
116
73
84
48
65
20
42
69
20
197
110
159
44
26
5
242
24
156
73
144
242
59
185
88
7
32
242
243
49
241
182
221
230
95
110
198
69
221
115
231
207
146
84
251
117
54
85
42
175
227
47
110
255
242
47
210
57
98
45
7
167
60
223
130
37
127
95
65
192
165
235
205
24
189
150
81
182
91
176
96
178
52
99
232
60
112
91
140
21
181
238
247
182
230
119
253
164
235
224
248
253
208
127
238
107
131
28
234
229
187
35
239
47
203
125
78
250
54
183
254
29
99
127
87
227
28
51
119
189
127
126
77
108
171
206
201
17
219
179
57
204
24
225
245
186
156
105
78
254
247
155
222
119
177
255
122
248
242
255
127
231
221
175
223
190
241
249
191
202
159
222
255
147
122
147
245
15
207
111
219
255
255
63
91
251
230
254
207
173
111
183
255
60
255
127
120
94
231
235
223
121
151
255
255
238
152
129
244
61
188
215
202
183
247
251
187
117
176
103
244
239
119
213
248
222
251
241
221
125
247
127
207
113
216
228
178
205
127
103
253
47
160
252
255
126
175
191
236
159
123
190
242
109
68
191
222
59
253
252
223
92
153
158
241
58
248
63
169
173
129
107
249
31
157
73
68
254
115
189
250
87
32
189
95
248
223
127
254
243
255
170
217
191
84
191
190
238
235
90
251
223
57
254
239
93
207
125
175
222
251
191
95
107
255
255
119
239
189
247
127
253
253
119
121
77
255
120
95
157
219
183
255
252
26
245
255
245
188
239
222
190
191
251
221
47
178
182
253
221
255
117
233
239
123
127
191
253
213
251
239
249
134
158
253
175
254
127
254
239
242
191
243
251
247
254
105
177
239
239
207
123
36
127
215
189
250
127
92
158
185
247
249
121
253
127
189
166
219
251
244
126
158
199
121
255
247
255
186
247
153
223
221
253
218
124
54
99
124
246
17
186
220
189
70
132
165
251
237
204
151
203
229
169
100
155
237
11
226
223
89
101
252
119
249
49
180
253
127
119
208
245
218
206
187
110
250
23
195
110
137
234
126
199
248
126
181
77
150
179
47
223
93
118
163
179
93
57
218
253
54
99
248
246
17
186
214
181
84
196
169
211
236
220
145
202
229
185
196
155
173
8
226
213
89
101
252
255
123
48
181
249
127
119
208
117
216
205
223
78
238
133
195
110
157
110
126
199
250
60
188
77
151
179
63
219
93
46
163
167
240
43
145
214
32
78
92
39
199
66
59
16
51
230
158
154
255
130
96
13
6
141
225
135
219
199
247
109
2
168
156
40
70
23
108
159
132
12
194
200
32
208
165
225
175
14
181
238
215
162
231
210
34
11
55
147
193
123
80
97
61
36
209
98
195
207
138
217
200
222
204
131
41
207
40
202
130
197
102
9
141
105
188
175
142
93
90
75
99
215
27
38
4
35
18
23
151
211
251
1
48
205
254
35
101
60
106
241
191
92
125
179
84
216
48
118
133
225
40
174
31
141
80
39
213
121
217
170
229
38
117
23
217
134
7
72
166
101
35
115
131
235
130
69
234
245
37
97
201
167
170
104
78
251
189
47
146
8
33
79
83
37
84
187
16
48
37
222
68
64
8
143
193
8
217
21
24
164
24
5
112
26
156
73
0
114
51
157
72
23
32
248
222
234
26
255
235
153
222
137
95
187
191
250
179
118
251
248
247
147
60
94
143
189
143
88
255
214
251
111
199
235
191
62
51
183
76
91
114
247
238
214
147
95
193
124
191
142
153
23
207
207
22
231
61
199
247
251
209
251
184
45
93
61
179
180
21
49
145
58
88
226
164
118
67
0
200
53
96
70
137
48
235
70
129
66
195
41
205
131
202
92
114
141
19
14
170
77
95
6
21
186
21
160
79
68
33
64
154
98
109
145
167
238
24
52
105
212
176
24
20
65
132
170
11
131
24
103
167
98
199
205
138
93
97
74
222
135
59
161
45
202
130
243
70
154
141
11
60
159
15
173
102
35
99
87
211
126
161
47
130
54
155
179
33
65
2
13
250
98
114
186
169
113
189
28
255
43
209
202
34
247
157
75
240
238
83
223
184
53
52
113
145
202
223
18
70
165
255
241
187
228
45
245
223
127
159
62
242
246
243
221
29
105
233
209
238
56
13
238
168
63
251
111
127
255
177
229
117
251
86
243
253
255
86
93
77
62
197
14
236
49
159
109
95
37
243
191
148
109
104
246
49
252
217
94
54
252
222
18
64
229
255
241
170
245
13
241
219
85
159
20
176
114
241
221
93
233
201
145
175
56
76
206
168
15
214
239
63
255
113
165
53
187
86
115
77
215
68
65
87
62
196
142
238
49
14
109
221
5
243
190
158
121
64
118
51
220
73
30
54
252
77
38
117
32
216
162
46
80
97
46
168
0
192
5
164
65
193
105
35
100
201
5
26
217
198
93
173
237
0
4
57
65
81
4
156
171
8
120
37
70
36
66
60
43
69
92
214
93
24
164
24
4
98
88
30
9
24
178
19
148
72
82
96
32
52
50
117
130
28
174
35
112
103
110
66
84
205
107
144
1
242
231
71
225
243
96
25
238
200
50
38
159
40
140
249
193
87
70
222
158
8
56
17
206
76
64
24
143
192
32
231
79
18
52
144
64
98
24
14
29
8
54
19
145
200
211
104
40
36
50
101
128
92
174
39
112
101
79
0
80
205
107
148
5
210
105
71
225
243
96
57
239
216
58
39
159
40
156
233
193
87
78
222
158
8
40
49
206
76
64
24
139
192
112
247
79
16
116
144
72
98
24
14
29
40
54
83
145
202
243
104
40
231
54
243
163
221
166
167
220
172
125
34
115
163
219
178
85
235
245
47
99
201
135
190
61
78
223
61
47
146
9
49
95
85
167
86
187
80
244
37
214
69
64
104
15
201
12
217
145
28
172
88
36
243
190
140
107
16
252
35
157
200
87
48
254
204
234
231
229
248
239
227
248
237
53
211
255
207
249
222
200
139
77
255
111
191
77
234
249
111
255
31
183
236
143
59
143
215
231
125
219
68
255
253
62
253
60
233
55
233
42
253
179
207
181
225
240
209
247
159
46
104
220
209
235
204
95
49
254
37
55
117
144
92
174
35
81
230
103
34
68
207
107
148
37
242
101
71
225
243
98
57
239
220
50
39
143
18
158
225
193
71
14
206
158
136
40
121
206
76
64
16
139
208
112
247
79
144
228
152
72
224
29
12
17
40
50
83
179
154
243
104
104
253
252
253
69
254
255
119
113
255
125
222
255
239
125
254
205
249
237
255
189
253
95
91
245
255
127
253
246
108
223
223
239
207
121
199
255
222
187
253
125
125
157
255
167
253
121
255
103
191
246
137
234
249
253
26
95
126
159
215
239
251
251
236
222
4
35
81
60
88
226
166
79
65
8
202
53
96
71
137
32
235
9
131
66
195
41
64
195
196
93
66
197
0
6
171
64
31
2
93
186
61
160
105
4
45
32
158
99
101
149
183
111
24
164
8
70
178
16
24
73
14
10
23
163
8
103
225
66
204
202
2
233
233
27
162
193
57
187
42
239
146
118
233
168
192
137
141
10
205
128
44
152
67
8
10
130
205
195
41
86
249
131
76
97
113
246
165
166
195
54
72
22
90
135
74
209
141
77
124
52
223
79
207
168
150
200
135
164
68
114
147
49
229
42
243
225
216
182
167
220
237
253
170
123
195
222
178
77
235
245
175
99
201
143
254
125
78
203
60
39
150
9
57
95
247
167
86
187
112
244
37
246
69
86
106
62
201
12
89
145
156
44
92
53
115
190
141
99
64
252
35
157
216
87
48
252
222
50
88
229
255
241
154
192
63
187
255
124
157
22
240
115
241
213
29
107
201
112
174
56
44
206
168
127
86
111
63
255
113
164
149
187
114
251
233
215
80
65
77
60
196
142
236
51
159
173
22
5
250
189
158
105
16
242
51
156
89
30
48
188
60
191
255
197
254
255
247
117
255
221
222
117
221
124
249
229
249
253
219
174
245
127
82
247
253
126
124
246
108
223
223
238
207
121
207
174
222
59
249
61
125
29
211
182
245
229
183
111
191
191
141
75
242
253
154
85
118
223
94
175
251
159
108
222
60
43
255
221
58
223
249
255
223
252
222
181
93
246
251
238
155
212
226
42
213
127
214
183
95
103
134
21
109
223
31
234
239
2
71
190
214
242
251
124
116
125
231
38
245
166
245
107
191
172
175
223
178
29
156
93
36
226
123
253
123
77
41
254
193
206
131
89
232
146
142
128
41
187
32
202
130
209
7
9
12
1
172
143
142
101
74
201
67
83
27
38
5
32
1
18
223
146
216
1
120
140
110
34
230
42
40
245
179
152
81
179
82
219
40
119
21
225
251
170
7
205
148
7
84
113
209
59
63
180
235
163
223
228
135
141
254
253
158
127
175
15
163
117
251
247
49
48
233
71
219
109
102
220
120
47
254
123
99
239
151
237
223
183
119
89
109
119
101
84
110
169
69
17
253
241
248
188
24
13
244
165
252
233
56
182
182
189
154
159
60
94
254
50
108
229
254
247
50
245
29
241
94
87
207
150
210
246
241
221
95
237
217
131
174
56
92
204
172
143
246
159
59
190
97
165
55
251
215
115
205
215
88
213
83
190
193
142
234
49
143
45
223
137
249
254
150
121
64
124
33
220
78
22
52
252
212
10
18
161
201
72
162
224
12
185
218
119
176
6
201
162
107
9
205
75
205
136
173
152
73
93
25
162
128
134
35
222
120
163
105
49
53
142
237
6
201
52
176
54
79
7
46
241
171
65
117
176
223
79
137
224
198
72
135
224
4
39
145
6
166
252
122
43
157
228
219
137
191
235
168
239
173
11
237
253
243
183
55
211
221
34
127
108
117
223
231
111
83
187
227
246
231
172
79
191
242
189
233
246
122
92
98
233
215
115
185
51
185
238
24
9
252
149
252
113
144
178
247
189
190
87
42
179
140
8
142
135
203
73
242
229
24
249
70
87
146
114
235
224
234
152
145
35
205
129
239
56
123
26
24
2
192
195
59
127
245
33
85
112
87
243
237
124
209
85
92
22
201
6
235
97
153
108
95
5
212
31
157
73
18
240
35
189
88
23
34
255
82
17
155
151
3
131
216
143
19
194
21
20
50
194
161
82
46
87
16
7
10
61
228
3
172
146
242
77
82
41
156
58
34
23
52
219
18
77
66
81
144
97
133
72
171
28
129
46
95
42
50
215
56
112
52
226
209
59
56
91
9
61
147
227
239
182
247
163
223
228
167
221
244
127
32
121
175
203
166
93
235
247
173
32
249
131
191
60
78
223
59
39
155
89
115
79
69
167
28
179
117
244
37
246
101
66
106
159
201
16
220
209
28
180
92
36
230
186
140
105
128
188
167
157
222
87
48
60
179
216
185
186
29
104
89
46
223
174
252
252
35
142
78
190
253
46
87
211
244
162
253
14
245
175
226
203
83
179
235
235
173
174
199
246
191
3
233
253
218
222
183
232
214
115
39
110
251
46
155
137
236
29
124
81
176
178
239
250
186
214
174
205
133
6
196
133
232
0
46
241
33
121
74
83
138
55
130
0
235
201
5
97
201
133
170
248
74
92
184
42
128
4
43
71
93
36
84
186
81
112
161
228
85
94
24
62
197
4
206
77
153
164
24
5
240
30
157
73
0
240
19
148
92
87
32
248
143
214
78
233
190
52
188
208
49
222
32
139
140
49
183
89
232
252
41
234
65
228
22
120
76
153
179
121
221
4
49
115
247
96
158
251
83
124
49
117
118
74
58
31
210
148
210
93
25
173
28
5
112
24
156
77
144
240
51
157
92
87
34
179
140
8
206
133
235
81
240
229
56
249
86
85
30
50
235
224
234
216
153
43
205
129
238
56
107
8
56
2
252
67
63
127
117
33
117
240
87
115
233
244
209
85
88
30
200
134
203
97
153
44
94
5
248
31
157
73
18
240
43
188
72
15
32
248
143
214
68
172
254
180
12
16
32
95
8
75
140
101
52
89
225
253
37
224
193
68
0
120
78
220
179
123
221
6
59
33
214
100
156
187
90
116
41
117
102
74
26
47
212
20
246
93
24
181
24
5
226
24
158
73
152
242
51
157
92
87
34
176
61
245
255
93
53
181
253
124
245
175
213
252
239
239
149
79
234
245
83
107
187
111
214
255
108
58
166
159
121
29
121
235
223
110
172
190
210
61
81
125
94
106
185
174
211
113
65
127
57
172
58
1
240
28
156
77
56
246
123
223
248
215
35
251
59
144
200
43
223
224
135
12
254
43
144
123
189
14
38
85
255
183
33
144
225
23
219
108
166
221
120
47
218
121
231
231
143
172
223
182
127
89
105
119
105
77
102
41
213
85
183
117
188
254
152
13
246
165
220
241
58
178
183
177
186
219
188
78
60
45
255
209
50
189
245
125
253
247
239
240
223
255
184
198
243
244
99
107
191
127
242
247
93
235
166
63
120
157
113
234
239
14
70
190
210
120
241
220
124
95
56
167
212
102
85
111
153
172
152
9
112
29
157
93
24
242
115
189
91
22
41
250
124
41
231
181
222
231
191
249
204
207
211
115
249
72
155
68
153
125
99
118
255
127
210
255
29
127
183
183
88
214
119
139
79
61
207
191
157
56
249
29
124
124
247
175
229
49
191
127
190
174
153
75
243
189
28
81
108
182
87
251
170
223
169
110
223
251
199
125
253
250
255
152
249
185
253
251
238
113
70
185
169
173
63
255
239
111
99
255
231
255
243
247
239
39
235
174
223
121
76
191
255
61
248
245
127
126
187
255
253
115
255
127
185
191
28
67
241
255
159
73
86
247
183
191
120
119
178
91
61
188
253
69
184
253
247
125
189
221
222
117
221
125
217
196
255
189
195
99
245
115
218
245
253
127
84
246
108
215
255
239
207
88
75
172
150
187
249
61
125
29
251
167
229
97
247
111
187
190
137
43
240
29
152
85
46
214
247
233
242
159
109
222
185
222
108
231
255
189
183
248
253
93
254
123
239
125
92
77
255
253
255
246
245
103
155
244
242
127
93
182
252
87
239
191
223
105
219
52
255
25
253
61
125
29
123
183
213
97
254
119
174
223
137
41
248
165
218
117
126
215
247
175
242
223
172
94
45
190
245
100
56
237
183
117
189
220
206
213
221
61
252
229
249
248
195
107
245
107
82
243
253
127
20
246
108
215
255
231
207
80
99
172
180
186
249
61
125
29
122
167
229
225
255
111
185
244
169
43
242
29
154
77
62
215
119
173
243
207
45
218
159
219
252
124
55
59
124
58
181
186
244
251
126
185
108
91
244
187
231
249
245
126
193
247
197
63
247
250
125
85
252
224
219
122
230
164
255
56
176
249
254
159
255
63
210
119
23
79
190
243
185
198
106
29
251
93
63
247
247
247
187
251
230
79
57
254
124
109
255
189
247
120
253
93
222
107
236
125
108
69
255
253
255
242
245
119
27
244
243
126
93
246
252
87
255
183
223
105
219
116
255
153
248
61
125
157
123
183
245
225
255
119
189
223
137
47
248
165
218
93
62
215
255
175
242
155
44
222
189
250
87
231
253
248
231
248
253
29
238
251
175
123
206
185
251
239
253
59
245
110
171
252
227
255
115
179
255
67
99
191
223
227
222
117
117
145
253
181
127
124
250
247
221
99
255
243
168
215
141
113
220
167
143
237
126
220
246
175
214
127
181
28
140
202
142
73
233
249
162
245
189
185
238
207
144
28
255
173
137
249
251
138
253
19
126
220
99
109
29
166
221
199
59
150
237
201
203
97
119
147
237
50
251
61
98
55
85
247
62
177
189
217
238
57
213
239
218
242
118
204
174
164
211
219
78
223
124
55
255
221
54
181
219
253
247
255
209
188
223
246
177
78
250
213
91
107
159
127
214
255
221
186
182
159
92
221
125
254
71
46
46
191
218
125
209
118
88
74
241
174
211
164
193
127
159
173
28
77
242
28
156
93
16
242
123
223
91
87
42
247
15
213
78
169
190
181
189
208
48
222
32
203
140
105
37
89
224
252
37
98
96
116
20
120
100
189
179
121
223
102
117
51
118
100
159
187
115
125
57
117
118
74
62
13
214
148
210
95
24
189
24
5
234
156
156
77
152
178
59
157
92
223
32
179
12
170
15
201
250
249
167
244
220
191
254
28
209
20
251
224
153
220
251
10
237
209
78
156
41
117
29
162
197
199
55
218
253
8
199
96
95
243
237
58
248
21
99
54
85
231
54
113
191
221
175
35
215
221
205
80
230
200
143
236
233
155
100
246
63
28
108
164
158
237
29
5
59
79
31
84
156
108
122
245
233
124
1
224
197
48
210
96
125
220
48
75
210
95
255
105
87
100
93
154
2
99
201
84
81
213
92
43
197
20
229
111
145
52
24
4
226
21
28
73
24
18
50
185
9
31
32
234
189
6
116
135
152
101
36
245
33
125
88
17
12
175
130
6
235
220
133
97
217
128
174
184
88
125
184
50
184
0
59
79
81
37
116
186
85
240
33
228
69
64
24
191
204
4
206
81
8
36
92
4
242
30
156
73
136
240
3
148
92
70
32
126
31
251
245
125
254
184
223
120
251
63
249
251
239
123
150
89
251
245
58
107
231
111
194
127
237
255
183
191
127
109
117
239
215
239
220
159
126
185
251
127
127
254
235
111
247
56
253
63
190
180
25
199
224
181
159
109
104
182
50
255
248
223
53
254
55
53
211
151
20
192
137
13
67
193
17
116
164
7
129
114
235
70
0
99
131
33
230
99
204
130
160
15
18
8
9
107
247
36
21
154
18
120
73
214
80
72
56
170
192
20
193
111
153
172
24
5
240
24
28
73
24
50
51
185
24
87
32
250
247
178
214
247
217
160
171
200
124
255
192
127
175
107
131
93
242
183
169
50
237
109
203
125
70
186
114
55
158
73
99
223
95
231
92
51
117
253
127
126
197
108
202
206
201
17
219
19
184
204
24
33
247
182
156
233
78
254
247
151
222
119
177
127
124
190
255
221
58
221
249
255
223
253
214
191
255
246
251
254
251
213
251
43
254
125
222
223
253
255
182
191
110
219
127
254
199
207
103
63
222
255
251
126
248
125
229
102
191
166
61
243
191
236
169
255
246
29
29
93
100
254
219
235
251
207
233
246
215
253
220
126
53
90
90
198
58
144
61
248
12
115
206
187
231
198
56
111
7
233
229
50
237
131
224
89
255
41
192
105
181
116
180
218
66
19
211
245
178
222
185
213
176
154
209
78
145
172
95
5
120
23
183
77
152
247
57
62
88
86
55
249
21
183
147
28
28
226
165
126
194
4
200
53
96
79
129
49
235
100
163
66
227
43
205
135
206
125
102
205
19
14
226
76
205
47
101
158
16
32
109
68
41
64
178
163
77
113
55
238
56
180
89
80
176
24
20
65
160
162
3
131
56
71
165
98
55
212
124
186
21
38
13
82
35
102
33
184
44
43
132
31
226
102
1
97
161
96
217
107
76
176
225
95
123
45
233
101
211
228
180
186
2
248
49
119
38
202
42
137
18
16
100
79
16
164
48
4
40
24
174
13
56
182
59
154
152
198
38
163
7
247
25
232
52
240
140
64
35
90
41
200
192
21
164
25
137
236
32
105
131
96
82
90
196
215
179
105
23
46
35
65
215
20
159
138
64
120
104
97
100
72
56
237
247
208
245
127
24
188
24
7
224
16
254
73
16
211
19
151
88
83
96
242
61
52
125
178
26
39
121
114
67
102
83
20
93
47
145
82
246
86
1
96
162
112
200
235
204
176
162
221
122
73
253
105
83
68
149
186
4
234
17
95
20
193
221
0
102
4
229
79
147
44
49
134
42
24
28
93
104
50
59
249
137
158
105
166
60
43
255
217
50
223
241
255
223
252
222
181
95
254
251
238
219
212
226
43
213
123
246
183
93
103
150
23
105
223
31
234
239
2
71
186
214
250
251
124
80
125
247
38
181
182
101
110
191
172
191
157
242
29
156
93
36
242
115
249
91
95
43
254
92
43
211
213
82
67
224
255
223
184
202
53
83
214
251
226
227
213
195
6
197
173
198
147
79
202
162
5
0
202
30
94
255
39
117
186
20
242
207
116
208
117
214
38
108
134
97
238
157
44
121
213
242
31
156
73
4
122
35
189
89
68
35
248
141
170
207
73
248
249
167
244
185
181
254
223
207
61
223
232
139
204
235
41
253
83
238
240
105
101
29
178
237
71
19
206
221
64
193
96
84
145
253
58
126
29
107
55
85
163
127
225
187
221
175
188
213
221
218
28
110
204
135
236
210
219
100
222
124
41
255
217
58
95
249
255
223
254
222
183
87
254
251
238
155
212
242
34
85
253
198
167
91
231
150
17
233
219
30
235
239
6
87
250
150
250
251
124
112
125
247
38
245
182
229
111
159
172
155
157
178
29
156
89
20
242
123
249
91
92
43
254
189
251
95
231
255
249
247
248
253
29
254
251
239
123
196
249
243
255
255
63
229
111
171
127
231
255
115
183
255
71
227
191
191
235
252
245
119
245
253
181
127
255
251
119
221
35
255
243
236
247
223
245
253
167
143
237
127
220
247
175
214
255
181
156
189
250
87
231
253
248
247
248
253
157
238
251
239
123
196
249
243
239
255
59
229
110
175
252
227
255
115
179
255
67
227
191
255
227
254
117
119
181
253
181
127
124
250
119
221
99
255
243
236
215
222
241
221
167
143
237
127
220
246
175
214
127
181
156
124
40
255
145
50
151
157
111
215
255
163
112
211
170
179
70
250
213
99
107
153
23
214
127
93
195
174
47
66
221
61
234
103
4
6
187
210
124
161
94
112
64
116
47
215
36
81
127
153
172
24
5
112
29
157
89
16
242
51
157
89
23
40
250
207
235
207
125
253
250
251
188
249
185
253
251
238
121
78
169
169
205
127
255
237
111
230
255
103
127
183
182
253
39
43
238
223
121
76
253
127
63
248
181
251
254
187
255
249
115
255
123
185
191
30
67
249
255
159
77
87
247
183
191
248
119
162
255
53
38
117
32
200
6
163
105
225
68
192
119
228
111
128
36
226
41
131
96
241
106
25
230
220
184
68
147
170
158
75
77
143
70
69
190
180
138
93
12
77
16
152
130
96
113
167
79
58
36
9
104
240
24
72
1
44
188
215
161
170
199
235
76
116
166
255
217
48
151
249
255
247
255
133
252
239
191
147
78
250
245
123
107
185
71
254
253
92
250
190
63
91
157
121
235
199
44
38
191
210
61
97
126
88
74
48
174
147
120
65
255
25
172
56
9
240
24
156
93
16
246
115
157
218
215
42
251
116
166
255
217
50
151
157
255
247
255
129
184
255
171
179
78
250
245
123
107
153
71
254
63
92
226
174
47
83
157
120
234
231
36
38
191
210
124
33
126
80
74
48
174
147
124
65
255
25
172
56
1
240
24
156
93
144
242
115
157
91
87
42
251
252
253
255
253
188
228
253
245
253
255
249
251
207
235
151
111
187
237
250
107
255
175
254
254
255
255
183
251
221
191
119
254
231
251
47
255
215
189
251
127
123
108
227
255
255
113
191
59
249
238
186
251
212
190
156
125
221
247
241
255
254
119
169
254
124
46
115
213
250
157
251
233
223
255
243
115
211
90
249
228
242
213
127
107
223
61
138
223
93
254
183
47
70
223
127
255
103
39
77
187
214
251
233
94
241
84
241
31
195
142
185
55
159
173
24
5
242
29
159
65
64
242
115
189
90
31
33
190
183
189
255
247
253
244
251
248
220
223
212
255
175
107
131
92
250
207
189
59
237
109
238
127
238
251
115
247
254
91
99
191
87
227
29
247
119
189
255
61
121
108
187
254
219
1
251
247
251
188
27
241
252
167
156
109
94
222
247
203
222
183
177
254
123
252
243
111
127
230
221
139
247
253
244
251
191
171
149
94
255
183
123
95
240
15
219
127
247
255
255
191
95
251
230
255
207
237
47
183
255
61
253
127
121
78
115
239
223
121
61
255
253
174
152
137
244
52
252
213
112
246
247
221
187
213
184
95
252
238
119
213
250
157
255
249
253
255
243
123
223
123
216
196
242
213
127
107
255
109
138
255
223
254
183
191
238
159
119
255
87
103
92
187
214
251
249
126
245
124
233
191
241
174
217
27
159
173
24
97
240
29
159
73
64
246
115
189
218
87
33
190
55
52
219
179
28
192
153
77
67
235
17
244
162
6
129
114
235
215
1
67
139
37
206
75
204
202
162
47
82
43
51
107
87
164
29
187
82
124
105
86
80
72
56
40
215
20
225
63
25
172
24
5
240
24
156
73
16
178
51
153
88
87
32
242
254
185
255
253
254
247
249
239
223
187
216
255
223
230
187
122
251
215
251
47
207
127
206
127
239
223
247
255
95
235
254
254
119
235
127
255
126
253
255
119
121
109
231
124
255
28
121
247
255
188
184
247
246
247
188
255
197
254
255
251
255
125
145
182
253
189
255
125
185
228
249
237
157
253
245
251
239
251
151
222
185
189
250
91
191
175
246
127
215
251
247
251
249
191
231
239
207
187
103
127
246
189
250
127
120
60
225
255
255
113
191
59
249
238
185
251
244
223
188
117
113
255
245
255
190
247
169
223
91
177
159
125
54
243
252
246
81
186
220
181
124
212
3
250
237
222
155
219
229
57
231
159
237
10
230
222
77
69
253
126
255
58
181
245
127
119
208
117
90
207
219
46
222
181
131
110
191
110
79
199
248
60
156
73
215
243
63
219
121
42
230
247
231
52
65
55
221
6
11
200
226
111
42
115
175
107
130
117
226
229
37
98
201
175
154
126
78
223
187
47
210
11
99
127
83
165
20
187
82
48
109
214
112
64
40
139
193
0
253
93
153
172
24
1
240
26
156
73
16
112
51
157
76
23
32
184
114
233
153
190
2
14
93
39
199
6
113
144
115
162
28
90
254
3
96
197
6
189
65
135
221
147
247
237
3
184
220
168
130
14
102
159
139
12
194
88
168
202
181
233
183
28
53
46
211
162
161
202
34
25
117
147
201
243
81
249
57
241
217
227
195
207
138
89
232
210
206
131
43
251
40
202
138
241
103
43
141
171
188
175
142
237
94
203
99
87
51
118
141
35
130
87
211
211
185
65
120
205
126
34
103
42
104
125
191
220
125
179
69
219
52
119
141
227
238
174
151
205
212
7
85
121
209
50
199
205
154
93
97
82
222
131
59
163
45
202
130
247
6
58
141
11
60
159
15
237
102
67
227
87
211
126
161
43
130
50
159
211
33
65
10
141
254
34
114
170
168
113
191
92
253
187
81
202
34
119
157
67
112
238
27
223
176
7
52
113
211
202
252
56
126
165
254
253
186
240
29
253
222
95
223
60
251
246
242
221
93
107
237
209
239
120
109
200
168
31
250
207
191
191
113
229
119
251
86
251
205
214
208
85
87
62
193
14
234
49
159
109
155
37
249
191
156
125
88
252
59
248
205
30
50
252
218
251
19
247
235
155
222
137
79
187
251
251
179
194
251
216
247
147
60
95
15
189
167
24
239
223
251
111
199
235
190
190
98
181
110
223
114
247
230
215
195
95
229
88
235
14
152
21
205
207
86
247
79
231
165
235
209
253
176
125
125
60
177
181
127
52
253
182
94
231
57
118
67
102
83
52
125
238
185
82
250
87
1
96
235
117
201
171
206
184
226
221
122
125
253
111
83
132
149
186
142
226
81
95
4
193
223
72
101
4
229
79
158
44
25
199
162
56
28
65
104
54
91
251
137
135
108
230
85
51
147
30
88
226
36
126
67
40
218
53
96
198
137
48
235
71
129
66
199
45
203
195
202
92
98
141
18
14
171
79
95
39
117
186
21
184
79
68
33
96
147
98
109
145
167
239
154
36
41
208
176
28
28
65
68
42
31
227
8
103
165
102
13
50
85
96
221
184
38
120
184
57
234
113
236
117
204
129
235
140
143
112
225
104
40
248
194
125
105
246
252
7
169
68
89
227
92
52
101
178
61
134
125
148
90
23
76
227
254
209
160
117
76
36
228
254
203
13
142
92
135
134
200
7
164
28
94
57
221
254
126
11
90
38
115
48
87
53
124
246
187
210
252
215
24
254
199
57
197
179
175
136
226
221
106
109
189
108
87
37
52
187
78
114
147
87
145
223
221
78
201
142
193
78
157
38
79
199
50
28
151
79
208
119
59
191
89
46
50
245
69
36
17
33
152
224
162
197
73
163
131
36
192
1
129
51
234
73
3
195
137
33
79
140
197
25
189
175
2
14
171
82
81
132
69
190
24
168
233
70
168
80
60
160
209
93
50
37
152
236
8
7
240
29
24
73
24
178
19
177
24
83
96
106
108
44
255
152
18
199
133
111
231
228
143
180
115
190
187
110
251
245
99
99
145
23
214
183
93
232
172
13
66
156
24
235
231
36
71
186
210
122
201
124
48
93
52
174
213
116
69
239
153
172
152
13
240
29
156
73
16
242
51
189
90
87
42
250
61
189
124
73
251
255
247
120
253
93
222
127
253
125
249
100
255
185
219
246
245
119
211
245
249
124
92
244
108
214
255
171
207
72
203
188
222
59
253
60
125
29
27
167
245
241
247
103
191
190
137
47
240
61
216
85
126
223
127
173
242
219
108
218
93
187
211
94
122
219
100
94
227
48
141
189
244
214
175
123
235
215
59
98
207
61
75
159
198
221
246
237
67
79
223
102
215
167
69
190
72
252
255
118
56
93
236
103
93
252
181
239
221
228
8
86
178
29
30
73
20
234
155
191
89
109
229
242
100
52
117
146
216
174
39
81
102
103
42
80
207
107
148
37
242
101
71
97
251
108
25
239
220
126
167
159
58
158
225
197
67
6
214
190
128
168
117
222
76
64
16
139
193
120
231
79
144
228
144
72
224
28
12
89
40
182
83
179
154
242
105
168
231
38
97
183
217
6
11
201
166
125
32
123
163
107
146
85
234
245
45
99
201
171
186
124
94
155
187
43
146
10
35
95
83
165
84
187
80
176
101
246
228
68
40
159
193
16
249
81
136
172
24
1
240
30
156
73
0
240
51
157
92
87
32
249
90
17
155
182
23
67
216
143
67
130
21
164
50
194
35
115
126
23
16
215
2
189
103
3
160
130
242
77
82
43
158
40
7
23
181
219
11
77
74
83
144
233
149
72
171
28
161
46
95
42
114
215
48
32
116
235
209
59
56
91
29
57
211
227
63
180
120
170
159
228
95
12
183
110
220
189
45
14
189
117
251
118
19
16
225
115
218
108
116
228
108
15
91
123
127
239
133
236
159
246
183
241
105
127
56
205
70
232
86
81
165
123
183
126
154
12
172
176
252
113
184
162
255
186
187
143
62
230
109
33
239
89
54
245
249
254
245
191
213
188
255
175
179
78
138
245
91
107
187
127
206
255
108
250
182
23
120
221
125
235
223
110
167
191
82
125
121
126
88
104
249
46
215
240
65
123
63
172
56
5
240
28
156
92
56
246
123
223
249
151
43
246
124
59
239
213
54
245
255
249
221
255
211
54
217
204
187
71
155
125
123
111
191
127
210
255
29
127
183
183
88
223
119
155
79
62
255
187
214
125
249
85
124
117
247
47
231
45
191
59
190
188
153
207
243
189
156
84
104
166
115
251
235
191
173
246
243
220
89
127
253
188
223
8
222
127
60
251
175
95
204
253
227
247
61
115
236
46
137
124
111
223
235
47
215
59
99
127
227
165
92
251
114
59
233
246
243
222
42
255
212
18
252
23
137
173
16
5
236
149
143
97
16
242
59
188
220
86
50
189
191
187
247
247
253
240
235
248
124
253
210
127
239
123
147
93
250
207
173
35
237
45
143
123
238
250
115
183
222
75
99
191
215
227
93
179
117
253
255
53
197
124
250
222
201
1
251
243
184
252
24
225
244
167
156
105
70
254
247
175
222
127
177
127
207
235
239
125
253
250
251
248
249
191
249
251
238
249
206
169
137
237
127
255
255
239
98
255
103
127
183
183
253
55
43
206
223
121
204
251
223
61
248
181
254
126
187
255
243
123
255
123
184
255
28
67
209
253
223
76
86
247
247
191
252
247
163
255
77
38
68
33
200
248
162
193
40
59
138
39
220
53
233
161
224
169
3
240
201
129
31
248
66
8
172
142
192
6
43
86
121
44
71
186
91
50
173
244
220
84
24
14
64
103
226
69
153
44
24
5
240
29
141
73
16
240
51
180
88
86
32
248
87
249
220
254
53
122
90
6
122
160
117
184
44
243
207
154
234
198
24
254
135
233
229
51
237
139
226
93
123
41
193
105
183
229
53
251
66
115
211
119
178
222
185
77
178
154
193
78
145
166
95
7
40
61
183
79
216
247
59
255
88
70
54
243
126
188
115
255
250
205
223
105
223
235
123
63
145
70
249
244
243
213
49
66
223
45
138
91
125
222
163
47
82
219
55
255
71
167
93
187
82
127
233
118
113
92
245
47
199
22
189
63
157
172
24
5
240
29
156
65
16
242
123
189
88
71
32
182
243
252
123
255
253
190
223
137
254
127
46
251
175
95
204
253
226
247
61
123
236
47
185
124
103
206
235
47
215
59
99
127
227
167
92
251
115
191
237
246
211
222
10
223
208
18
220
87
137
173
30
1
252
183
143
97
16
242
179
190
222
86
50
189
124
174
255
221
50
149
255
249
253
255
215
188
223
191
185
78
250
245
123
107
191
127
222
255
61
250
182
63
110
221
117
255
199
38
39
191
210
255
249
126
120
93
249
190
215
164
81
63
159
173
60
13
240
29
156
93
16
246
123
221
219
151
42
254
199
207
138
91
232
154
218
129
43
171
33
202
130
195
70
155
12
131
60
159
14
173
46
74
227
87
179
110
133
43
130
22
210
147
72
65
106
141
254
162
226
62
40
249
187
94
153
179
193
203
52
119
77
67
99
170
151
217
144
39
116
113
211
43
249
223
246
101
255
191
247
250
253
29
254
123
239
125
108
205
255
253
255
255
117
79
179
247
227
127
93
246
252
87
230
181
222
107
202
245
215
57
253
189
125
157
251
183
221
235
255
231
172
183
141
157
249
255
203
205
127
223
247
175
242
255
157
90
92
249
223
253
54
115
252
254
95
170
253
184
95
198
191
219
155
223
120
111
143
253
198
187
173
199
243
253
91
109
182
251
243
150
181
235
94
253
242
119
50
235
239
125
191
156
85
191
223
234
63
247
191
253
116
254
217
191
185
219
93
120
215
247
52
175
247
196
50
207
129
119
255
212
142
213
95
116
187
228
251
244
226
35
213
41
118
227
221
119
20
86
45
222
95
239
207
115
103
190
148
250
251
124
85
29
102
166
173
116
245
110
177
164
233
91
178
29
28
95
60
82
82
173
91
77
45
250
210
145
154
159
3
67
216
143
67
194
21
156
50
194
163
122
126
87
48
71
10
189
231
3
170
130
242
77
19
42
158
42
135
23
177
219
18
77
74
83
144
105
197
64
187
28
161
174
95
42
123
215
182
98
116
227
209
59
56
91
29
121
147
227
237
239
230
117
255
255
191
248
188
255
250
251
203
125
94
237
137
109
239
247
253
111
242
255
91
127
151
182
249
246
103
223
207
121
199
161
255
56
248
173
126
124
187
175
245
115
183
107
186
190
153
75
211
253
156
80
110
183
87
179
250
247
172
126
185
223
246
103
255
255
247
250
253
93
254
251
239
125
236
237
247
255
255
255
117
111
177
247
227
127
125
246
252
86
230
181
222
107
250
245
247
25
253
189
125
157
186
183
221
99
255
231
172
183
141
249
249
231
139
205
127
222
119
175
242
255
133
218
63
250
255
253
62
191
253
122
255
191
253
251
239
59
220
95
251
245
123
107
167
127
202
127
237
255
55
191
127
121
117
239
215
239
253
159
126
189
251
127
125
223
235
111
159
184
125
63
254
180
185
193
226
181
191
125
104
182
115
255
249
223
53
254
90
57
153
126
54
203
88
7
219
162
23
180
178
198
44
250
236
211
50
223
143
63
195
15
237
210
246
77
66
107
158
104
7
190
165
223
74
111
202
87
184
249
229
105
183
92
165
63
215
226
50
199
46
49
116
235
209
51
57
251
57
57
243
230
119
225
153
26
2
138
88
6
211
2
21
180
112
226
140
90
252
2
18
213
7
54
65
135
253
146
230
77
67
184
220
32
130
30
4
142
138
15
131
88
154
202
149
73
147
124
161
14
211
38
2
70
40
25
113
19
25
243
122
249
57
177
251
227
190
251
215
231
253
240
233
249
95
217
210
255
175
83
211
252
250
215
237
63
101
45
175
123
239
223
115
179
254
74
98
191
215
99
93
179
117
125
255
53
229
124
187
127
217
5
249
247
234
189
25
241
240
167
156
105
70
212
118
175
94
127
181
126
191
249
255
239
245
246
249
186
221
223
84
255
175
91
215
252
251
223
253
47
117
109
231
119
235
255
115
247
255
91
226
187
214
99
189
247
119
125
253
53
123
124
187
255
219
17
251
247
255
189
31
241
248
167
156
237
86
220
118
207
94
255
183
191
188
253
254
253
49
245
253
211
191
255
233
255
223
239
255
255
187
255
254
107
191
239
246
127
253
223
247
251
95
255
247
246
231
251
111
247
247
189
251
247
123
124
243
255
191
119
191
127
249
255
190
251
252
151
188
125
151
255
247
239
255
127
169
190
251
254
255
111
127
246
159
171
255
253
252
251
191
187
95
94
255
183
127
255
244
71
219
125
247
255
253
63
127
251
230
255
143
237
111
183
255
61
237
126
125
95
115
189
223
249
181
239
255
175
153
137
244
37
252
215
112
246
247
253
251
223
56
222
254
251
255
247
115
243
249
238
223
155
248
255
255
238
243
248
251
215
255
47
103
127
231
127
239
223
115
255
95
239
254
187
119
99
63
247
247
125
255
117
121
109
247
127
255
21
127
255
255
191
190
247
250
183
188
125
215
254
119
207
127
125
177
190
189
253
255
125
190
253
253
252
255
245
253
251
239
251
159
254
189
255
114
251
191
255
230
254
253
127
247
251
253
119
247
239
223
248
245
126
223
185
250
127
126
63
251
255
255
49
255
63
187
254
139
235
244
159
152
125
111
183
253
251
255
247
237
223
52
37
49
182
216
174
35
105
197
100
210
53
97
66
217
20
242
9
67
66
247
42
153
199
220
186
228
141
66
154
105
222
66
47
71
190
141
34
193
94
137
84
149
130
64
97
163
79
169
36
193
72
240
28
13
81
36
50
83
185
170
7
40
108
53
47
117
52
217
140
35
105
201
100
242
49
228
107
201
180
226
41
131
66
247
42
153
215
221
186
103
175
34
158
105
207
75
47
101
190
149
186
249
78
173
84
185
131
64
99
187
79
168
164
9
72
240
29
13
65
44
242
215
177
170
71
169
93
126
42
49
246
251
207
40
107
207
96
211
52
113
210
249
212
250
146
67
210
215
62
153
31
223
152
230
207
2
222
189
206
75
44
71
190
200
114
225
70
168
85
213
14
65
229
163
79
140
36
144
9
114
29
151
81
0
114
211
181
106
71
40
118
94
57
217
254
126
219
90
103
90
58
215
53
125
226
189
210
254
215
88
242
207
61
195
159
143
136
226
221
66
237
189
236
87
37
85
191
78
118
193
87
144
221
213
78
201
142
225
79
159
36
94
199
162
29
159
73
208
243
59
189
89
14
34
247
94
48
213
178
222
163
41
118
103
110
211
48
253
226
176
82
250
215
97
96
235
117
203
171
142
184
226
223
42
204
253
239
87
164
215
187
12
244
113
87
36
65
213
11
69
12
229
79
158
164
153
198
226
28
28
93
76
54
19
179
137
143
96
230
84
59
147
118
24
224
45
126
193
184
218
53
227
198
128
98
251
205
227
67
239
45
203
223
207
254
242
175
18
14
43
206
95
39
117
190
21
188
235
69
109
116
179
103
239
33
191
239
186
164
41
243
242
28
28
65
69
58
151
243
8
103
165
126
124
48
245
178
222
175
41
127
102
110
211
48
253
234
176
87
250
119
97
96
255
125
219
235
222
251
227
255
58
220
245
239
71
166
215
186
136
236
113
95
36
65
245
11
69
4
245
79
158
164
152
200
226
28
28
89
40
54
83
187
138
151
105
102
93
59
215
92
122
171
109
126
203
188
203
185
244
230
175
90
235
181
171
106
175
61
75
223
207
239
246
175
2
76
245
79
95
167
101
191
16
252
251
126
44
125
236
111
111
189
189
255
156
164
56
245
162
29
158
65
0
250
147
183
217
103
161
118
253
250
239
232
62
191
127
122
253
191
252
250
207
187
246
79
251
245
127
105
189
87
202
125
109
255
189
191
127
75
119
239
215
237
254
191
70
253
253
119
126
223
235
63
223
188
125
179
190
181
189
180
227
189
191
28
120
254
51
223
217
223
52
254
237
239
238
253
255
255
255
240
189
255
251
251
203
125
222
239
137
125
255
251
255
127
246
251
93
127
151
182
125
215
55
223
207
122
199
171
223
56
248
189
126
60
243
191
247
115
183
123
190
238
152
75
209
253
221
20
103
215
247
191
250
243
237
254
