posters/Movie Poster 51.jpg
460 : 1024
222
29.6481
-1
0
309
762
0.00190756
31
146.619
-1
0
162
764
0.00161238
31
-87.925
-1
0
234
603
0.00177702
31
44.8128
-1
0
296
763
0.0019724
31
-158.422
-1
0
180
734
0.00182294
31
-77.4457
-1
0
135
850
0.00249906
31
-81.5642
-1
0
123
850
0.00205403
31
-79.2796
-1
0
148
853
0.00221369
31
-75.6619
-1
0
123
858
0.00180691
31
-108.763
-1
0
167
858
0.00293082
31
-77.1372
-1
0
118
858
0.00154596
31
-84.8718
-1
0
124
836
0.00257647
31
-37.6039
-1
0
320
423
0.00243377
31
129.861
-1
0
175
764
0.00175735
31
-79.3508
-1
0
131
113
0.00227447
31
-129.44
-1
0
106
112
0.00184939
31
-79.7164
-1
0
143
851
0.00226622
31
-139.927
-1
0
104
112
0.00152747
31
-74.859
-1
0
114
836
0.00195663
31
6.04851
-1
0
315
719
0.00174806
31
-77.5271
-1
0
126
858
0.00204617
31
-83.6328
-1
0
129
851
0.00478802
31
-115.284
-1
0
335
849
0.00237904
31
-76.7056
-1
0
114
851
0.00256569
31
-111.911
-1
0
357
856
0.00318551
31
-88.4991
-1
0
102
851
0.00151485
31
-161.94
-1
0
108
105
0.00207216
31
-170.727
-1
0
158
713
0.00347436
31
-91.1691
-1
0
102
856
0.00204059
31
-134.697
-1
0
166
101
0.00155712
31
10.751
-1
0
323
719
0.00194237
31
-68.2574
-1
0
301
854
0.00529363
31
178.737
-1
0
146
717
0.00283337
31
-73.1853
-1
0
138
856
0.0060103
31
-135
-1
0
340
835
0.0022478
31
-64.7029
-1
0
297
850
0.00209251
31
-137.153
-1
0
334
835
0.00241749
31
-61.9908
-1
0
136
835
0.00231939
31
-64.9164
-1
0
133
835
0.00273631
31
-69.444
-1
0
300
850
0.00298393
31
30.8394
-1
0
305
759
0.00226909
31
-75.75
-1
0
129
858
0.00191249
31
-11.7839
-1
0
307
679
0.00184297
31
-124.574
-1
0
333
856
0.00221516
31
-136.96
-1
0
337
834
0.00172881
31
-51.6942
-1
0
246
605
0.00200067
31
-79.2869
-1
0
126
853
0.00394827
31
-65.4804
-1
0
299
854
0.00592412
31
-56.9404
-1
0
296
855
0.0029709
31
-80.5817
-1
0
309
850
0.00255959
31
-124.974
-1
0
347
857
0.00310713
31
-13.5292
-1
0
305
674
0.00201691
31
-151.409
-1
0
359
412
0.00146156
31
-95.5275
-1
0
315
850
0.00409356
31
-50.9954
-1
0
358
136
0.00199355
31
-71.8839
-1
0
136
858
0.00325047
31
-86.6335
-1
0
124
840
0.00178006
31
-113.604
-1
0
355
854
0.00426215
31
91.4466
-1
0
243
761
0.00307056
31
35.4171
-1
0
235
885
0.00197612
31
-74.1676
-1
0
309
857
0.00352164
31
-121.339
-1
0
336
852
0.00608326
31
-73.1132
-1
0
143
857
0.00389451
31
1.19765
-1
0
324
715
0.00211145
31
115.585
-1
0
228
761
0.00156306
31
-121.347
-1
0
348
850
0.0017352
31
-101.047
-1
0
322
850
0.00323669
31
142.198
-1
0
335
233
0.00205268
31
-112.96
-1
0
329
850
0.00273778
31
-82.2782
-1
0
153
375
0.00155984
31
-118.212
-1
0
338
850
0.00377009
31
-62.049
-1
0
300
857
0.00332117
31
140.67
-1
0
358
441
0.0012717
31
-52.0496
-1
0
153
324
0.00130183
31
138.898
-1
0
337
233
0.00129988
31
-127.216
-1
0
338
857
0.0014413
31
-86.7223
-1
0
99
851
0.00129281
31
96.3721
-1
0
237
765
0.00128104
31
-129.891
-1
0
166
349
0.00125162
31
-123.366
-1
0
358
835
0.0012485
31
-79.422
-1
0
101
836
0.00125309
31
42.0157
-1
0
253
724
0.00125721
31
-136.521
-1
0
341
839
0.00121945
31
-85.3331
-1
1
126
853.2
0.00378998
37.2
-82.1326
-1
1
126
858
0.00152908
37.2
-30.9638
-1
1
320.4
422.4
0.00245372
37.2
-92.3859
-1
1
152.4
853.2
0.00286041
37.2
-118.87
-1
1
337.2
849.6
0.0017849
37.2
-84.4401
-1
1
129.6
852
0.00330724
37.2
-75.6114
-1
1
307.2
853.2
0.00350095
37.2
-92.8913
-1
1
318
853.2
0.00184138
37.2
-84.1687
-1
1
122.4
849.6
0.00133807
37.2
-92.0273
-1
1
151.2
858
0.00139835
37.2
141.55
-1
1
333.6
231.6
0.00118216
37.2
-90
-1
1
153.6
373.2
0.00177113
37.2
-80.0738
-1
1
135.6
849.6
0.00156932
37.2
-119.382
-1
1
222
606
0.00118879
37.2
-55.8564
-1
1
246
604.8
0.00147631
37.2
-80.789
-1
1
122.4
858
0.00115807
37.2
-129.958
-1
1
333.6
835.2
0.00228298
37.2
-51.4146
-1
1
295.2
854.4
0.00158094
37.2
-63.078
-1
1
152.4
324
0.0012019
37.2
-10.6698
-1
1
307.2
679.2
0.00153405
37.2
-89.7407
-1
1
315.6
849.6
0.0028406
37.2
-80.1747
-1
1
308.4
856.8
0.0021535
37.2
-91.8986
-1
1
236.4
194.4
0.00202392
37.2
-75.8089
-1
1
306
856.8
0.00184233
37.2
-62.5924
-1
1
297.6
856.8
0.00151324
37.2
100.008
-1
1
236.4
764.4
0.00119626
37.2
-90.9392
-1
1
151.2
849.6
0.00178071
37.2
137.107
-1
1
174
763.2
0.00173102
37.2
147.381
-1
1
162
763.2
0.00150264
37.2
-85.2155
-1
1
142.8
856.8
0.00239044
37.2
39.0551
-1
1
296.4
762
0.00199666
37.2
-84.017
-1
1
135.6
856.8
0.00188085
37.2
29.0675
-1
1
308.4
760.8
0.0014242
37.2
-173.911
-1
1
157.2
712.8
0.00266126
37.2
98.7462
-1
1
242.4
760.8
0.00286792
37.2
-76.0283
-1
1
307.2
849.6
0.00153916
37.2
99.4073
-1
1
228
760.8
0.00121611
37.2
-95.6176
-1
1
153.6
849.6
0.00168623
37.2
-166.936
-1
1
180
733.2
0.00183159
37.2
-82.1467
-1
1
122.4
855.6
0.00224898
37.2
-82.9333
-1
1
142.8
850.8
0.00220808
37.2
-110.797
-1
1
327.6
849.6
0.00152892
37.2
-64.9994
-1
1
298.8
849.6
0.00173069
37.2
3.01279
-1
1
324
714
0.00131957
37.2
177.383
-1
1
146.4
717.6
0.00195019
37.2
6.05173
-1
1
321.6
717.6
0.00358341
37.2
5.27586
-1
1
315.6
718.8
0.00247403
37.2
-127.266
-1
1
165.6
349.2
0.00119492
37.2
-115.051
-1
1
333.6
855.6
0.00111286
37.2
175.881
-1
1
153.6
721.2
0.00158766
37.2
-102.882
-1
1
321.6
849.6
0.00314668
37.2
-86.8859
-1
1
234
602.4
0.0010545
37.2
-124.537
-1
1
332.4
838.8
0.0010137
37.2
-3.45569
-1
1
312
712.8
0.00104175
37.2
-82.3853
-1
1
124.8
838.8
0.000988399
37.2
-109.942
-1
1
169.2
855.6
0.00103483
37.2
39.7099
-1
1
253.2
723.6
0.00102105
37.2
38.8046
-1
1
300
763.2
0.000893781
37.2
-18.8084
-1
1
294
337.2
0.00091869
37.2
123.69
-1
1
230.4
783.6
0.000923471
37.2
-147.632
-1
1
180
338.4
0.000881576
37.2
-82.8464
-1
1
129.6
858
0.000923505
37.2
-22.8214
-1
1
306
350.4
0.00082103
37.2
-29.1005
-1
1
226.8
638.4
0.000800409
37.2
-125.017
-1
2
165.6
349.92
0.00121034
44.64
-177.001
-1
2
156.96
712.8
0.002212
44.64
-0.14882
-1
2
311.04
712.8
0.001146
44.64
-21.8966
-1
2
305.28
349.92
0.000790217
44.64
178.686
-1
2
148.32
717.12
0.00165828
44.64
-9.9194
-1
2
306.72
679.68
0.00128862
44.64
8.37
-1
2
313.92
720
0.00192176
44.64
175.185
-1
2
154.08
721.44
0.00136786
44.64
-20.8003
-1
2
308.16
364.32
0.000774117
44.64
-146.842
-1
2
180
338.4
0.000823925
44.64
-172.219
-1
2
187.2
727.2
0.000753794
44.64
-102.995
-1
2
154.08
372.96
0.00161929
44.64
-73.2174
-1
2
152.64
324
0.000972007
44.64
-18.38
-1
2
293.76
336.96
0.000797843
44.64
-176.207
-1
2
180
734.4
0.00182818
44.64
96.2994
-1
2
227.52
760.32
0.00111668
44.64
105.391
-1
2
241.92
760.32
0.00254656
44.64
30.6013
-1
2
308.16
760.32
0.000934176
44.64
148.945
-1
2
161.28
761.76
0.00136288
44.64
140.815
-1
2
174.24
763.2
0.00148954
44.64
35.8436
-1
2
299.52
764.64
0.000795942
44.64
145.491
-1
2
228.96
783.36
0.000753532
44.64
69.444
-1
2
239.04
783.36
0.000814465
44.64
-13.015
-1
2
303.84
672.48
0.00110159
44.64
-44.3489
-1
2
226.08
640.8
0.000931884
44.64
-98.0651
-1
2
152.64
849.6
0.00118528
44.64
-59.5214
-1
2
298.08
849.6
0.000789956
44.64
-92.8359
-1
2
236.16
194.4
0.0019129
44.64
-90.5256
-1
2
315.36
849.6
0.00193286
44.64
-132.58
-1
2
239.04
639.36
0.000869186
44.64
-95.8906
-1
2
148.32
852.48
0.0023736
44.64
-98.1943
-1
2
152.64
853.92
0.0018566
44.64
-49.849
-1
2
295.2
853.92
0.000795112
44.64
-78.0239
-1
2
306.72
853.92
0.00148407
44.64
-106.826
-1
2
162.72
856.8
0.000992297
44.64
-110.215
-1
2
167.04
856.8
0.000917135
44.64
-62.8189
-1
2
244.8
603.36
0.00102785
44.64
-60.4483
-1
2
298.08
856.8
0.000747263
44.64
-80.1222
-1
2
308.16
856.8
0.000909777
44.64
135.556
-1
2
214.56
724.32
0.000770139
44.64
-116.228
-1
2
221.76
606.24
0.00116199
44.64
-97.6242
-1
2
151.2
858.24
0.000878139
44.64
-99.5332
-1
2
154.08
858.24
0.000709647
44.64
-78.7966
-1
2
306.72
849.6
0.000644761
44.64
-7.275
-1
2
300.96
676.8
0.000606189
44.64
-160.017
-1
2
181.44
247.68
0.000615312
44.64
36.5631
-1
2
275.04
715.68
0.000581889
44.64
-113.155
-1
3
222.912
604.8
0.000868485
53.568
-65.8687
-1
3
245.376
606.528
0.00121011
53.568
-93.5396
-1
3
236.736
195.264
0.00176783
53.568
100.916
-1
3
228.096
760.32
0.00106691
53.568
105.601
-1
3
241.92
760.32
0.00203436
53.568
146.196
-1
3
172.8
763.776
0.00145259
53.568
-107.03
-1
3
238.464
639.36
0.000886325
53.568
-65.7941
-1
3
226.368
641.088
0.00100117
53.568
-146.067
-1
3
179.712
338.688
0.000820369
53.568
105.173
-1
3
236.736
763.776
0.000725509
53.568
178.636
-1
3
186.624
727.488
0.00058889
53.568
-38.0997
-1
3
269.568
737.856
0.000582923
53.568
-159.067
-1
3
181.44
247.104
0.000616993
53.568
54.0193
-1
3
233.28
846.72
0.000649864
53.568
-170.011
-1
3
181.44
665.28
0.000479261
53.568
-176.03
-1
3
198.72
819.072
0.000568604
53.568
19.9831
-1
3
286.848
689.472
0.000496612
53.568
-114.549
-1
3
219.456
611.712
0.000555207
53.568
26.1079
-1
3
274.752
715.392
0.000536873
53.568
-113.34
-1
4
219.802
611.712
0.000523383
64.2816
-96.3402
-1
4
236.39
638.669
0.00092945
64.2816
-82.9772
-1
4
228.096
640.742
0.00103272
64.2816
109.877
-1
4
240.538
758.938
0.00143888
64.2816
-111.077
-1
4
223.949
603.418
0.000781136
64.2816
102.212
-1
4
230.17
761.011
0.000863435
64.2816
104.457
-1
4
236.39
763.085
0.000948388
64.2816
-68.7026
-1
4
244.685
603.418
0.000844827
64.2816
-73.1371
-1
4
242.611
611.712
0.000414541
64.2816
222
64
218
58
223
223
254
179
219
248
94
59
83
62
191
227
155
88
250
213
57
102
204
165
131
120
14
218
186
63
210
11
55
47
215
37
85
251
82
125
233
118
112
92
25
30
213
156
249
29
157
172
24
5
240
29
156
73
80
246
49
189
92
87
32
242
207
48
206
112
223
227
115
86
48
61
196
119
142
219
166
105
234
245
59
98
237
175
202
123
78
202
176
47
218
13
51
111
215
39
21
186
82
120
109
116
112
220
26
15
213
20
245
239
153
172
24
5
240
28
156
73
16
242
51
157
88
87
32
250
247
54
51
53
221
160
142
200
74
105
170
123
226
67
128
17
226
197
39
66
207
172
139
94
78
206
163
47
146
12
33
127
99
39
124
187
80
60
101
246
99
70
16
143
200
18
153
23
136
164
24
1
224
30
141
65
16
242
51
189
92
70
32
176
103
5
56
26
17
134
31
69
6
230
33
136
144
74
167
87
130
117
0
67
138
179
210
2
84
194
162
45
18
56
49
97
199
4
21
186
130
104
225
126
50
74
52
169
247
28
133
47
153
172
24
5
112
25
156
65
16
178
51
189
88
86
40
235
18
115
25
222
38
27
28
39
67
0
61
144
85
148
92
250
247
214
0
237
6
176
225
131
205
135
164
89
3
168
156
104
176
52
116
154
74
114
130
213
130
219
181
45
182
150
229
78
147
160
199
70
34
25
183
25
128
243
17
248
89
86
98
249
58
51
113
118
254
175
95
120
198
52
243
51
237
88
220
84
246
215
98
98
246
46
129
214
204
186
231
189
82
188
245
232
195
44
68
190
222
56
225
117
248
94
177
207
241
114
149
79
186
164
153
67
112
29
157
65
0
242
115
187
120
87
36
249
58
187
117
246
190
189
135
120
206
84
219
117
237
92
220
212
246
244
67
98
246
42
146
118
221
170
228
13
86
152
121
169
199
44
86
158
194
114
201
253
219
95
145
142
212
162
133
79
152
164
153
9
114
29
159
65
32
242
115
191
88
87
38
248
122
57
243
246
55
175
89
123
198
164
211
183
255
204
156
94
242
213
99
87
183
47
209
87
157
254
231
143
82
190
116
236
207
47
103
190
222
56
251
125
121
93
181
239
205
113
181
111
186
166
153
203
242
28
156
81
96
178
115
251
251
71
172
254
58
21
125
150
191
229
91
125
246
68
215
21
125
104
185
116
246
212
66
98
246
58
145
118
188
170
230
25
122
250
125
169
102
100
21
190
198
115
217
221
145
201
221
14
192
22
233
78
141
164
91
13
250
28
156
73
24
242
123
185
91
14
40
241
189
145
237
244
55
181
121
122
181
255
213
241
255
248
180
79
178
253
119
107
244
126
240
127
61
186
167
23
126
245
117
235
87
108
158
254
214
125
241
253
88
239
255
47
242
37
209
111
191
188
154
13
234
157
158
85
56
178
123
159
251
159
44
251
58
21
125
150
55
197
91
125
246
68
223
21
61
108
177
116
247
212
66
98
210
58
211
118
60
170
226
25
122
218
127
41
86
100
21
158
194
114
217
93
17
201
93
14
196
4
229
110
157
164
90
5
242
28
156
73
24
114
123
185
89
15
32
240
189
61
247
245
216
237
227
253
206
69
207
119
245
94
251
244
243
180
195
66
247
41
55
214
151
234
226
235
194
158
243
175
111
38
87
190
144
114
217
220
217
85
148
134
228
35
189
111
153
172
201
109
242
31
28
65
32
178
83
171
154
7
173
88
77
43
183
20
0
111
161
118
145
156
206
21
65
181
155
162
139
9
227
6
244
13
198
147
91
109
20
132
104
198
34
201
207
3
97
176
21
170
205
44
125
53
50
167
109
161
55
238
184
160
233
153
241
29
24
0
38
234
7
225
74
71
5
90
36
38
97
162
200
206
162
67
36
104
10
69
1
103
152
36
195
65
193
96
213
33
24
83
94
220
4
7
130
154
49
198
71
38
87
186
16
114
233
4
68
84
16
130
69
4
229
75
152
44
24
8
242
29
156
73
0
114
19
181
74
87
32
120
210
75
11
245
232
90
250
193
24
177
87
95
210
113
89
176
164
205
29
111
14
172
132
82
111
158
151
175
198
35
51
62
178
183
113
91
82
123
236
214
209
188
153
86
233
142
232
43
201
133
87
71
217
87
175
105
81
250
57
189
92
7
51
191
24
152
154
235
63
243
250
254
21
250
86
149
17
22
171
202
202
215
153
10
196
53
206
123
41
192
42
5
87
73
61
127
119
130
189
33
119
255
237
49
240
109
231
44
55
132
81
107
159
56
63
133
183
37
188
200
208
202
62
207
81
15
51
247
58
59
245
118
254
175
125
122
198
36
251
113
255
220
220
84
243
213
99
114
247
47
129
247
158
254
231
191
82
190
116
236
199
47
69
190
222
56
249
125
121
93
181
111
205
117
181
79
168
166
153
203
242
29
157
65
96
178
115
187
120
71
164
254
28
154
139
201
62
243
218
243
30
250
82
220
145
16
249
232
10
213
184
42
196
53
206
91
45
208
51
39
20
75
55
127
119
146
221
33
118
254
235
51
240
125
231
124
55
134
81
123
158
185
61
133
183
37
188
90
69
194
58
239
81
95
97
183
62
51
243
219
223
149
135
237
206
68
154
50
245
94
187
84
251
151
99
82
215
59
223
70
158
215
117
41
146
216
215
171
135
46
71
158
208
112
235
92
32
85
244
47
85
148
149
71
154
172
153
9
178
29
156
81
32
112
82
189
90
79
44
90
199
194
202
105
253
146
130
194
48
59
164
235
234
113
134
25
224
129
63
246
193
7
175
115
70
75
185
47
215
12
161
114
247
36
20
187
82
48
37
244
242
94
24
31
209
85
211
79
153
172
24
5
240
29
156
73
16
242
51
157
88
87
34
249
58
21
117
214
191
229
219
121
246
76
215
21
253
108
177
116
246
212
66
98
246
58
145
118
188
170
226
25
250
250
117
237
102
100
29
190
214
114
217
93
145
201
221
14
192
4
233
79
141
164
217
13
250
28
156
73
24
242
123
153
91
14
40
240
56
243
117
244
254
173
175
120
206
84
251
115
237
88
220
84
242
213
71
98
246
42
129
246
204
174
231
191
214
156
117
233
230
44
86
190
222
58
241
253
255
94
147
143
196
50
149
79
136
164
153
9
114
29
159
81
32
242
115
191
122
86
36
248
125
48
237
124
31
231
121
126
212
190
208
189
109
204
191
111
251
245
195
114
253
63
202
63
13
234
166
135
91
93
127
239
207
174
149
190
246
190
233
117
90
76
215
46
215
113
165
107
186
188
24
5
224
189
156
81
48
178
255
187
251
214
38
247
50
179
117
222
55
173
13
125
198
68
251
177
109
90
221
212
247
214
66
114
246
42
193
118
221
173
225
57
22
152
117
169
198
36
86
158
198
120
161
117
167
94
177
175
212
146
213
78
154
164
153
9
114
29
159
81
32
242
115
187
88
71
36
248
40
39
231
248
50
55
45
127
116
126
192
17
93
245
177
71
234
220
225
106
240
244
192
187
14
184
162
145
122
68
52
233
83
38
85
186
82
116
81
116
116
77
88
30
86
132
193
78
153
173
28
5
226
28
158
77
144
242
51
157
89
86
32
242
51
247
117
138
215
46
7
121
198
68
217
188
109
45
220
212
242
244
71
100
112
34
144
116
220
188
104
13
211
154
113
169
192
36
86
158
66
114
129
252
150
218
16
143
84
26
228
76
129
36
16
8
96
29
135
65
40
242
51
184
88
70
42
185
36
166
231
153
200
132
139
1
238
239
2
15
221
97
25
4
208
41
227
162
221
103
90
207
218
114
38
230
8
156
249
214
71
218
79
37
152
172
127
42
108
100
0
142
85
112
145
243
57
204
136
75
183
89
28
83
15
70
82
181
234
241
105
102
82
35
145
18
0
130
14
5
66
162
177
48
224
130
131
18
230
131
2
212
201
161
67
134
196
65
236
45
2
140
161
96
195
44
68
190
88
56
33
84
32
74
48
43
213
116
133
79
153
172
24
1
112
24
28
65
0
242
19
149
88
82
96
106
186
22
117
134
22
15
7
105
230
68
251
19
253
45
240
116
243
213
71
100
80
226
129
116
28
220
173
25
250
154
115
41
80
100
85
154
66
120
9
212
53
64
60
47
196
6
244
76
137
164
16
4
226
30
142
73
24
242
49
188
88
6
32
184
250
219
255
255
126
127
222
215
255
186
126
217
63
244
127
223
255
214
250
43
196
251
229
62
173
215
247
127
95
235
183
250
247
204
207
117
246
119
250
113
122
223
227
125
247
230
213
127
191
189
158
3
234
189
191
95
215
246
127
191
127
31
49
182
255
216
238
229
255
183
211
218
54
125
244
123
255
248
182
93
250
245
61
246
229
93
171
123
46
251
59
63
255
95
118
111
215
103
28
251
82
117
253
245
83
223
94
31
217
28
245
207
157
189
26
5
250
60
158
73
16
246
59
159
89
31
36
249
56
58
247
215
62
245
217
180
222
252
86
85
189
127
155
84
254
247
234
42
244
111
199
255
185
170
246
191
126
217
247
255
103
108
103
180
255
122
249
125
253
93
227
174
205
160
217
111
187
188
157
139
246
29
156
85
100
242
123
223
251
143
44
254
120
58
254
223
254
255
250
245
126
253
215
189
255
247
251
250
251
213
121
110
205
141
199
57
47
202
186
63
95
79
55
191
247
37
85
251
82
119
253
116
242
92
88
30
221
142
201
63
157
173
94
5
248
29
159
73
144
246
59
157
88
6
34
243
58
53
245
246
127
167
89
123
214
100
215
53
253
236
144
84
246
213
66
114
246
62
145
119
158
186
230
29
114
248
116
233
71
44
23
190
198
120
211
93
88
201
213
207
205
32
229
79
159
166
153
137
242
28
156
81
104
178
123
251
251
143
44
254
125
182
255
125
125
247
255
252
244
190
200
185
237
127
131
79
187
237
251
107
249
107
222
191
76
235
238
183
121
85
101
239
255
169
181
191
215
184
241
127
124
78
123
174
247
241
211
107
185
174
24
3
240
60
156
77
60
246
183
159
250
215
32
254
57
190
247
207
190
253
249
180
254
252
94
93
253
127
219
244
255
247
235
42
244
111
199
255
249
127
244
190
110
219
247
255
255
108
109
180
255
186
249
125
253
93
251
190
229
162
253
111
187
173
157
139
246
29
157
93
110
246
119
253
250
207
40
254
125
190
255
125
255
255
251
124
248
255
222
189
253
127
139
238
235
189
219
123
253
99
222
253
157
235
234
183
127
87
103
239
223
169
85
191
247
251
253
125
120
92
123
174
247
161
255
123
191
174
28
7
241
61
158
77
116
254
255
189
250
215
42
254
126
249
251
214
126
151
223
123
214
111
189
250
247
198
180
89
243
215
126
87
215
61
17
223
174
222
231
127
82
251
244
251
199
47
30
191
218
124
251
247
112
202
245
111
253
28
181
111
157
174
24
71
232
61
156
83
80
242
115
159
120
125
177
186
254
245
251
214
254
183
223
123
214
127
189
123
247
198
180
93
251
215
126
87
215
63
17
223
190
223
247
127
82
121
244
122
199
47
30
255
218
125
243
117
112
206
241
111
253
124
149
95
157
174
24
71
232
60
156
67
80
242
115
159
120
23
177
186
57
186
247
79
190
253
185
188
254
189
82
223
253
127
219
244
255
247
235
42
244
111
207
255
249
254
246
191
126
219
247
255
247
108
109
180
255
186
249
125
253
93
235
190
229
226
249
111
186
189
157
203
246
29
157
93
38
246
87
255
250
207
36
254
86
0
218
151
251
147
218
224
158
51
21
26
151
242
147
80
114
215
57
102
200
167
194
113
14
218
188
47
210
137
49
42
215
36
21
187
82
121
225
116
112
92
24
14
209
28
193
15
153
172
24
5
240
29
156
73
16
242
51
189
88
87
32
251
58
21
117
214
191
165
91
121
214
76
215
21
125
104
177
116
246
212
66
98
246
58
145
118
188
170
230
25
250
248
125
237
103
108
31
190
214
112
209
93
53
201
213
14
196
4
193
79
141
164
217
13
226
28
156
81
40
178
123
187
219
14
40
244
196
34
35
129
200
212
139
228
202
167
131
84
193
33
219
128
233
196
99
98
200
129
38
144
220
253
189
43
128
142
35
90
213
36
71
186
88
48
233
94
112
92
48
174
213
112
176
45
153
172
24
1
240
29
148
65
16
242
17
189
88
87
32
250
125
54
109
248
62
181
127
120
244
254
210
49
205
121
153
71
242
253
203
106
252
119
218
255
92
184
166
183
126
85
117
239
87
108
222
187
214
248
177
125
252
78
123
143
215
161
193
91
186
189
156
9
224
189
159
93
60
246
123
159
218
151
44
183
125
182
255
125
127
243
251
124
248
191
208
189
237
127
171
111
171
253
251
123
253
115
206
191
133
235
234
183
121
85
103
239
255
169
213
191
247
249
249
127
124
92
123
46
247
241
243
123
189
174
24
7
240
61
220
77
116
254
183
191
250
215
160
254
218
153
138
183
127
202
222
14
30
171
61
254
191
198
54
120
253
215
60
215
199
63
227
107
175
215
251
111
83
235
182
106
151
173
21
255
122
125
235
244
112
220
116
105
213
28
181
111
221
172
26
5
240
21
188
75
16
242
51
189
88
87
48
250
58
51
117
214
191
173
31
121
206
84
251
119
237
92
216
116
246
212
66
98
246
42
145
118
157
174
231
25
86
186
117
237
70
44
87
158
198
122
217
221
181
93
145
143
196
162
245
79
138
165
153
9
242
29
159
81
32
242
115
251
250
199
44
252
56
58
247
215
62
245
217
180
254
252
86
85
189
127
155
212
254
247
234
42
244
127
199
255
185
170
246
190
126
217
247
255
247
108
103
180
255
123
249
125
253
93
227
190
205
160
217
111
187
172
157
139
246
29
156
93
102
246
127
221
251
143
40
254
58
159
254
215
47
247
217
183
254
252
86
85
61
127
59
212
254
214
216
186
244
127
215
127
187
42
230
30
126
209
253
255
231
108
103
180
255
122
248
125
221
93
219
190
205
164
211
111
191
172
223
137
246
29
157
93
102
247
127
221
251
15
40
254
58
186
247
87
62
245
157
253
222
189
218
117
239
94
155
245
255
199
227
27
245
47
207
223
205
235
244
255
94
89
247
254
239
172
229
190
254
186
233
117
121
93
227
174
205
225
153
111
186
190
137
203
242
157
156
65
36
178
215
255
250
87
36
254
44
38
109
208
58
191
45
123
245
254
114
17
93
249
249
198
194
220
203
106
244
112
216
187
93
169
167
150
124
217
49
255
115
102
84
186
214
250
177
116
244
84
122
191
70
134
193
75
155
173
28
5
240
29
159
77
24
230
123
157
74
22
40
246
196
34
35
129
200
196
139
237
202
231
3
22
193
129
147
2
235
196
99
67
200
129
102
128
220
213
189
43
128
138
35
26
65
36
71
186
88
48
233
94
112
80
48
175
213
16
180
45
153
172
24
1
240
29
156
65
16
242
17
189
88
87
32
250
67
132
8
11
201
154
14
1
42
35
1
202
128
5
6
1
12
35
32
196
136
39
83
64
64
84
153
46
18
34
3
66
135
20
211
10
1
8
232
66
32
24
40
169
245
88
181
43
144
206
24
1
245
13
216
139
16
179
50
181
16
83
32
106
60
186
255
85
191
245
251
125
222
191
210
253
239
72
155
125
251
229
227
19
253
47
223
223
213
235
246
175
94
221
231
238
207
172
207
191
222
185
233
119
120
92
227
175
215
113
189
127
186
190
152
67
240
189
220
81
4
178
247
191
250
215
232
126
130
192
138
42
4
82
140
3
1
170
41
202
130
4
6
11
141
69
33
195
128
5
74
75
72
215
55
38
19
34
51
66
199
132
217
1
57
108
104
34
96
106
32
105
151
20
53
107
88
136
24
5
228
1
60
72
17
178
18
181
80
83
64
234
59
21
253
214
127
167
89
123
214
100
213
53
125
200
176
84
246
245
66
114
246
62
145
119
190
170
230
29
114
249
125
233
71
44
22
190
214
120
211
93
208
201
215
78
192
20
193
79
159
166
153
141
114
28
156
81
40
178
123
187
251
158
44
253
61
53
245
180
218
229
225
125
226
69
198
119
253
111
178
117
242
244
195
98
247
105
18
246
158
170
102
217
250
92
119
173
95
102
21
158
144
114
89
92
93
81
156
6
224
37
237
79
153
36
9
77
242
28
28
73
56
178
115
171
90
15
37
248
44
55
239
248
54
119
121
127
244
254
208
149
93
237
177
103
235
220
227
106
240
240
212
187
28
171
162
145
91
80
52
235
83
38
21
186
214
124
113
116
116
76
122
46
214
132
229
110
25
172
28
5
226
28
158
77
144
242
123
157
91
86
40
242
229
173
146
6
192
198
6
39
66
65
41
88
130
163
134
44
235
3
36
133
89
5
115
193
218
101
153
108
129
156
130
1
204
37
68
154
8
0
141
220
112
24
56
163
149
24
244
44
145
172
9
9
240
89
16
195
8
123
16
48
24
85
32
234
250
219
191
207
230
255
222
189
223
155
255
222
255
148
127
254
253
215
123
223
28
151
231
220
185
95
255
236
197
215
246
170
207
45
203
125
223
127
236
113
120
93
247
63
215
191
183
60
191
138
159
195
242
189
220
217
197
243
121
249
119
91
72
246
59
52
255
215
62
229
217
63
215
252
213
117
125
94
147
86
254
246
66
51
244
63
215
255
188
170
230
31
122
249
125
239
231
108
165
190
254
123
249
125
89
93
199
174
205
48
129
111
190
190
155
139
242
156
156
85
108
178
127
251
251
143
46
254
125
246
237
252
62
183
127
124
244
126
208
189
237
205
149
79
251
253
203
106
248
99
218
191
12
234
166
151
91
93
113
239
215
44
151
191
214
188
113
117
126
206
251
175
215
177
229
123
186
188
24
1
224
188
158
85
188
182
123
159
218
215
46
247
122
53
253
246
63
167
89
123
214
100
213
53
125
204
144
86
254
213
98
114
246
63
209
119
158
186
230
29
122
249
116
237
71
44
183
190
206
120
219
93
56
201
215
239
205
52
229
111
158
166
153
137
242
28
156
81
104
178
123
219
251
143
172
254
251
254
254
244
255
191
243
122
124
125
246
123
255
249
228
220
234
245
61
111
229
77
171
123
47
255
59
63
254
79
115
111
215
103
124
251
86
119
253
252
213
220
218
31
201
142
253
207
141
165
94
132
248
63
159
77
88
246
51
157
216
31
32
252
4
122
25
137
178
221
14
209
79
162
43
138
209
20
253
227
211
208
64
8
141
144
83
128
201
85
173
40
0
206
151
18
224
4
215
170
80
122
169
99
178
93
100
45
54
246
180
61
146
173
176
39
178
29
157
89
16
99
19
52
89
82
104
242
61
49
237
248
30
119
121
126
245
254
216
181
77
205
157
111
243
252
195
98
244
122
216
63
77
170
166
147
91
89
121
239
119
38
215
186
214
126
241
117
126
108
223
174
214
49
229
107
154
172
24
1
224
29
156
85
152
178
123
187
218
214
46
246
57
176
255
59
31
229
255
124
222
191
208
249
239
75
151
95
251
229
99
115
253
103
223
255
205
235
246
191
91
221
97
238
207
174
207
191
222
188
249
127
124
76
243
175
215
113
181
127
186
190
24
1
240
189
220
81
12
178
247
251
186
215
168
118
227
205
212
6
201
138
71
2
170
5
5
75
174
235
196
29
230
179
61
228
199
79
129
103
102
254
61
63
186
10
192
33
150
111
68
159
66
24
255
252
85
222
24
139
217
88
253
207
193
164
16
4
224
28
142
203
56
254
50
189
88
85
48
248
127
180
237
60
31
231
127
124
212
190
220
189
237
77
151
95
251
245
83
115
253
111
219
127
77
238
246
183
91
93
113
239
207
174
133
191
254
185
249
127
120
206
255
175
215
113
165
123
186
188
24
1
224
189
156
81
56
178
255
251
250
215
46
246
19
213
24
94
33
136
92
0
163
6
41
200
172
41
4
22
45
34
36
153
166
110
81
103
241
119
247
120
32
50
196
32
142
92
169
132
139
8
250
105
44
170
185
233
182
113
183
110
51
146
32
78
32
0
122
4
59
147
86
195
49
243
201
74
125
52
237
124
63
231
125
126
244
254
216
189
109
205
151
111
251
252
195
99
248
107
218
63
76
234
166
151
91
93
121
239
199
46
151
190
246
188
113
117
90
206
219
174
215
113
229
107
184
188
24
1
224
188
156
81
184
178
127
155
250
214
46
247
58
158
255
215
62
247
217
183
214
252
86
85
61
126
59
84
254
214
218
170
244
127
215
127
187
170
230
30
126
249
253
239
231
108
55
180
255
123
248
125
221
93
215
142
205
164
193
111
191
172
223
141
246
28
156
93
102
246
123
219
251
143
42
254
2
9
128
50
1
202
224
75
132
0
14
100
176
102
169
32
3
17
129
6
198
47
74
67
119
198
0
5
2
138
10
64
135
134
67
146
32
202
79
28
1
53
4
96
5
86
53
227
81
36
169
52
149
1
104
162
17
106
38
169
0
5
177
74
212
249
155
221
34
67
220
239
87
195
93
222
83
196
151
250
191
215
60
111
14
189
230
3
175
215
178
109
67
170
22
57
246
55
53
251
82
125
218
245
82
255
181
110
191
28
229
110
223
172
59
215
248
29
180
75
81
250
121
123
89
53
147
251
227
205
84
6
201
142
7
2
162
5
36
75
174
235
196
29
98
163
53
228
231
15
145
103
86
254
45
47
178
10
192
33
146
111
68
159
2
48
255
252
69
222
24
139
217
88
244
207
129
164
16
0
224
28
142
139
56
246
50
189
88
85
48
232
125
54
109
248
62
189
59
121
252
254
242
145
205
121
153
71
242
253
203
106
252
99
218
255
93
168
167
183
124
217
113
239
83
100
214
186
214
248
177
125
252
94
122
159
210
160
193
75
187
173
156
9
224
29
159
93
60
246
115
157
218
214
40
247
114
244
117
142
87
14
7
121
198
68
153
48
109
13
212
84
242
244
71
100
48
162
144
36
220
188
233
13
147
152
121
169
192
36
86
158
194
114
1
220
22
202
16
143
84
24
228
12
128
36
16
8
96
28
135
65
8
178
113
184
90
70
42
185
213
200
204
13
224
219
30
244
59
151
61
222
142
63
206
170
233
193
60
173
9
193
231
176
105
117
189
124
237
14
146
33
220
101
84
219
66
123
141
252
210
222
56
63
149
58
252
52
145
173
30
5
249
93
151
79
88
246
56
60
92
85
34
251
179
218
76
199
191
184
223
24
254
29
191
251
175
123
108
249
247
247
44
185
228
102
161
116
101
255
241
59
255
59
199
57
214
108
220
222
122
121
248
245
247
222
59
63
212
18
252
127
136
191
16
5
248
133
159
77
48
242
54
191
120
223
36
186
109
49
255
116
52
103
125
126
244
164
237
177
79
237
182
79
187
252
99
107
183
235
244
183
12
171
166
153
121
13
116
233
211
46
55
190
194
60
113
125
124
232
185
175
254
113
231
110
25
164
126
67
224
28
148
77
152
178
123
159
120
22
33
250
54
53
113
130
209
204
3
73
198
65
187
118
245
78
208
116
251
151
71
84
147
34
145
68
220
213
121
45
18
154
67
40
2
44
71
158
130
56
109
94
32
80
52
169
69
24
180
39
147
164
145
8
160
25
12
81
0
50
112
185
24
23
40
90
28
235
191
153
2
93
160
255
217
154
126
157
81
180
219
234
219
24
227
106
92
144
228
150
217
61
149
160
201
194
54
154
232
0
101
240
29
114
201
124
184
93
181
54
118
183
49
236
187
172
239
151
210
31
20
88
132
224
11
249
95
71
96
242
124
54
245
245
124
183
123
125
244
254
192
177
237
105
147
71
250
237
203
107
253
107
218
255
93
235
166
183
120
85
97
239
95
41
247
191
214
184
241
117
252
76
59
175
243
113
211
107
184
172
24
9
240
61
156
93
28
246
247
159
250
87
40
255
56
19
117
214
254
141
95
121
206
68
251
85
253
124
216
116
246
213
66
98
246
42
146
119
158
170
166
29
114
152
117
169
198
36
87
190
198
114
219
93
245
93
149
143
196
22
253
79
155
164
153
9
242
29
157
81
104
242
115
185
90
71
40
252
58
21
125
214
254
133
91
121
182
68
87
21
157
124
48
116
246
213
64
98
214
124
144
115
62
170
166
28
122
218
117
169
86
100
21
186
194
120
219
92
85
217
221
15
196
4
229
79
157
164
25
13
242
28
156
73
24
242
123
157
89
15
32
248
76
43
183
148
64
111
35
247
217
156
78
21
65
181
155
162
171
77
227
102
116
141
198
151
89
105
156
132
104
128
58
136
77
33
97
184
21
58
205
76
120
52
51
166
109
33
39
238
185
36
233
153
209
95
28
72
100
234
3
249
74
7
37
250
251
57
239
244
54
175
125
122
212
223
243
243
239
200
148
78
251
245
103
119
246
127
240
247
29
255
183
191
90
218
116
233
207
44
246
190
222
124
249
125
120
92
183
175
215
49
245
111
186
172
153
137
224
61
156
85
104
178
115
251
251
215
44
250
121
182
237
245
254
247
251
124
252
255
208
253
237
77
179
103
250
253
219
107
252
111
218
255
13
234
166
183
90
81
117
239
71
103
221
187
214
255
249
119
92
76
251
174
215
49
237
123
188
188
24
5
224
189
156
69
120
182
115
191
218
215
46
246
58
59
117
212
254
173
223
121
206
69
243
83
253
121
216
84
246
213
70
102
246
46
146
119
222
170
167
61
82
152
117
173
198
45
86
190
214
122
211
221
245
94
145
143
192
50
221
79
137
164
153
9
114
29
157
81
32
242
115
187
90
71
40
248
59
190
255
231
190
245
217
189
222
253
86
85
189
126
27
116
255
247
234
43
244
127
222
127
189
234
246
55
126
251
119
255
231
236
79
180
254
123
249
125
125
93
227
174
197
160
185
111
191
188
153
137
246
29
156
85
100
242
119
251
251
159
44
254
58
186
247
231
255
245
223
124
222
253
214
249
237
88
187
85
255
245
99
51
244
127
222
127
189
235
246
63
126
217
117
239
207
236
223
190
254
120
249
127
125
93
231
175
213
49
253
111
190
188
153
137
242
189
156
85
104
182
247
251
251
223
44
254
58
179
245
214
254
173
219
124
206
68
211
117
237
88
154
84
246
213
66
98
246
43
194
118
222
170
230
29
210
152
125
233
199
44
86
158
214
114
219
253
209
95
145
142
192
18
193
79
152
164
153
9
114
29
157
81
32
242
115
187
88
87
38
249
122
17
237
214
54
183
89
123
245
222
213
211
255
248
48
70
250
245
99
111
246
127
208
119
28
250
182
30
122
208
116
233
71
110
150
190
222
124
249
125
92
237
247
175
211
32
245
111
159
172
153
137
226
29
158
85
40
246
115
219
251
159
40
250
243
221
214
22
217
138
87
2
250
5
37
251
190
235
230
92
234
179
60
37
79
143
163
103
110
223
255
63
178
42
210
45
150
103
4
223
66
125
255
252
81
222
56
107
217
24
253
143
197
164
16
20
233
58
158
203
120
254
48
61
88
85
48
250
51
213
8
126
39
144
93
10
227
2
57
200
172
75
4
31
21
34
36
215
34
126
209
103
208
55
227
120
50
50
196
32
138
94
128
132
139
8
122
105
44
171
189
233
182
113
183
110
18
186
129
79
34
0
120
20
41
179
86
211
49
243
237
74
122
251
247
222
118
175
223
122
198
213
241
251
239
216
148
94
246
213
110
111
246
47
195
119
207
234
231
63
86
188
116
237
199
47
118
190
222
120
243
253
251
94
179
239
217
56
153
79
154
164
153
137
112
60
157
81
96
242
115
251
120
87
36
255
197
239
119
213
248
254
167
241
40
213
74
95
199
117
219
168
235
205
237
110
95
173
174
242
79
127
31
46
252
14
35
31
214
39
117
187
80
178
253
116
117
116
56
182
237
136
253
231
137
173
92
49
241
31
140
73
16
252
51
173
88
71
33
250
250
217
138
255
255
202
218
143
94
235
53
254
187
194
38
251
253
215
60
215
206
189
227
107
39
215
243
47
211
123
55
111
215
175
93
251
122
125
239
246
114
222
100
105
211
28
245
127
221
172
26
5
240
29
156
107
16
242
51
189
92
85
50
251
58
21
125
212
254
141
91
121
182
68
87
20
157
124
48
84
246
212
64
98
214
120
130
114
28
170
166
29
122
216
125
41
87
100
21
186
194
114
219
85
84
217
221
15
196
4
229
79
157
164
24
5
242
29
156
73
24
114
123
189
89
31
32
248
125
190
255
125
252
255
251
253
253
255
202
253
237
125
187
239
187
253
251
107
253
111
222
253
253
235
190
183
125
93
119
239
255
233
223
191
246
187
253
119
252
92
123
174
247
243
251
115
189
188
24
43
241
253
157
77
92
254
247
191
250
215
42
246
58
156
238
215
63
255
217
55
63
252
87
213
191
126
123
246
189
215
120
187
244
125
215
123
57
106
242
22
126
243
255
239
199
120
119
48
255
91
248
117
209
93
255
46
213
134
243
111
159
238
159
13
246
29
156
93
27
247
127
255
219
63
44
254
218
57
155
222
34
67
88
167
87
226
21
148
83
198
55
218
191
211
112
15
6
189
228
131
139
211
242
93
67
234
150
104
194
54
53
251
218
124
210
117
112
249
181
111
191
28
229
110
223
170
59
215
240
25
52
91
81
243
121
123
89
52
193
250
164
234
35
129
200
212
131
225
202
231
59
94
195
65
209
160
235
196
103
98
220
32
62
200
94
215
189
43
129
154
35
90
225
36
71
154
88
48
233
254
112
92
48
175
213
18
176
53
153
172
16
1
240
29
148
65
0
242
17
189
88
87
32
248
58
186
247
111
255
245
219
252
222
189
214
253
239
88
155
221
255
247
107
59
244
47
223
255
237
251
246
191
126
217
119
254
239
236
207
190
254
59
249
119
249
93
227
174
213
113
153
111
186
188
153
137
240
189
157
81
100
178
247
251
250
223
44
254
59
150
255
231
190
245
217
61
255
253
86
85
191
126
51
84
254
247
122
59
244
127
222
127
188
234
244
63
126
249
117
239
199
236
159
180
254
121
249
125
125
93
231
174
197
160
209
111
191
188
153
137
246
29
156
85
104
246
123
219
251
159
44
254
215
249
219
255
247
154
223
202
159
255
125
251
143
202
214
218
235
213
60
111
142
141
234
123
47
223
59
47
87
43
50
63
211
167
60
219
118
253
255
247
115
238
233
127
159
30
125
179
205
181
54
181
201
183
175
110
208
252
56
95
93
85
51
191
59
150
239
231
190
245
217
189
255
253
86
85
189
126
59
84
254
247
90
59
244
127
214
127
189
234
180
63
126
249
117
239
199
236
31
180
254
121
249
125
125
93
231
174
197
160
209
111
191
188
153
137
246
29
156
85
112
246
123
221
251
159
40
254
58
156
238
231
47
221
217
45
63
253
86
213
191
126
59
212
252
151
120
187
244
127
215
127
57
234
240
55
126
249
255
239
151
236
87
176
255
91
248
125
213
221
239
46
213
132
241
111
191
174
159
13
246
29
158
93
58
247
127
253
219
31
40
254
196
232
77
139
194
25
150
132
106
131
45
250
248
55
239
232
195
17
24
164
9
209
103
224
97
65
24
41
163
140
18
33
244
4
86
202
74
115
141
188
146
222
24
28
21
30
80
20
145
44
18
4
25
25
213
75
24
244
40
60
92
80
98
249
250
249
239
246
54
255
125
123
221
157
245
251
239
216
212
94
251
213
119
127
246
47
225
247
221
255
247
191
83
254
118
232
207
44
100
190
222
60
249
253
120
94
179
175
219
49
181
111
187
174
153
203
240
29
156
81
96
242
115
251
122
215
172
254
36
46
225
162
216
142
162
67
76
120
66
87
193
71
154
68
226
69
129
96
197
37
27
83
94
200
8
135
130
136
49
206
71
36
87
186
49
122
237
84
192
84
16
142
69
6
245
75
152
44
24
0
240
29
157
73
0
114
19
181
72
23
32
248
205
170
198
115
249
242
227
218
48
61
68
127
174
251
166
105
226
245
57
98
237
173
203
123
78
250
176
39
218
11
51
111
215
39
85
186
82
120
109
116
112
92
56
47
221
16
245
239
153
172
24
5
240
28
156
73
16
242
51
157
88
87
32
250
58
21
229
214
54
167
93
123
214
76
215
19
255
236
48
70
246
245
98
103
246
127
210
119
28
254
182
60
122
216
116
233
71
108
55
190
222
120
249
93
125
205
247
175
207
48
245
111
159
164
153
137
226
28
156
85
104
182
115
251
251
143
40
250
71
133
184
157
25
132
31
73
2
230
129
186
128
74
167
87
162
117
0
67
139
165
210
98
68
194
178
47
18
44
49
99
199
4
21
186
18
120
225
118
34
74
56
169
245
24
197
47
153
172
24
5
240
24
156
65
16
178
51
189
88
87
34
251
58
21
245
214
54
167
93
123
214
76
87
83
255
104
48
84
246
213
98
103
246
63
210
119
28
250
166
28
122
216
116
169
70
101
54
190
198
120
211
93
117
201
245
175
205
4
245
79
159
164
153
141
226
28
156
93
104
242
115
219
91
15
40
250
222
186
223
245
254
219
218
224
62
59
87
94
159
242
187
88
250
213
57
102
207
165
130
120
46
222
187
63
214
139
55
175
215
37
85
251
82
125
233
118
112
92
56
63
213
12
253
63
157
172
24
5
240
29
156
73
16
242
49
189
92
23
32
250
82
35
131
19
220
130
14
140
194
163
49
56
224
194
3
18
226
131
35
214
201
167
71
133
198
193
237
45
2
136
161
2
231
44
68
190
90
56
33
84
32
74
48
143
209
120
145
15
153
172
24
1
112
25
156
65
0
242
19
181
88
86
32
123
196
37
139
3
64
66
6
197
66
193
175
50
226
135
131
2
203
1
48
133
9
129
119
128
81
69
153
41
130
140
2
0
172
4
68
218
10
8
5
220
48
16
48
163
149
24
20
44
145
172
0
1
17
25
80
66
16
112
48
56
8
80
96
202
59
186
247
103
190
253
217
188
223
189
86
253
255
94
219
244
255
215
234
43
244
47
207
255
253
251
246
191
126
251
119
254
231
236
109
180
255
58
249
125
253
93
227
174
205
226
185
111
186
188
157
139
246
157
157
81
100
242
119
255
251
207
44
254
164
166
33
139
192
221
134
205
75
67
42
106
209
22
254
225
195
1
64
4
89
145
50
192
81
69
25
33
133
136
10
0
236
4
71
138
72
48
13
128
34
84
48
189
20
126
52
20
17
44
0
32
19
25
197
18
16
96
0
52
76
83
104
120
249
253
255
116
54
175
125
122
221
191
247
251
239
200
212
206
187
245
119
127
246
47
224
247
205
255
247
191
90
94
118
233
207
44
228
190
222
60
249
253
120
254
179
175
251
113
181
111
187
174
153
203
240
61
157
81
96
178
115
251
123
215
173
250
18
49
25
158
38
15
28
7
199
2
61
144
81
130
60
210
244
210
64
196
2
48
193
7
220
128
164
77
3
184
156
232
160
60
70
190
202
114
128
213
130
219
21
8
144
22
129
78
147
164
146
3
34
25
151
89
144
243
59
184
120
70
34
241
58
21
117
212
254
141
91
121
206
68
219
21
221
108
184
116
246
213
66
98
214
58
146
118
28
170
166
29
114
216
117
169
71
36
85
186
194
114
219
93
181
93
221
15
196
6
229
79
157
164
153
13
242
29
157
73
8
114
115
185
91
15
40
248
122
187
231
214
54
175
221
122
198
204
251
243
239
200
20
94
242
213
98
119
182
47
193
119
159
254
247
63
82
248
116
237
199
47
118
190
222
124
251
125
121
93
183
239
207
48
181
111
156
164
153
137
242
60
156
81
96
178
115
251
123
87
36
250
121
180
239
221
255
229
255
124
252
255
208
253
237
77
151
77
251
245
123
99
252
111
218
253
108
234
182
183
90
89
119
239
79
111
159
191
214
189
249
127
124
76
243
175
215
113
253
115
186
188
24
1
224
189
156
85
120
182
251
251
250
215
44
246
58
186
247
207
190
253
217
61
255
253
94
253
189
127
91
252
255
215
234
59
244
111
195
255
185
255
244
191
126
251
247
239
223
236
103
52
255
90
248
125
253
93
235
191
245
162
253
111
187
174
157
139
246
29
159
93
110
246
247
253
251
223
44
254
255
254
238
244
255
255
87
122
62
125
246
251
254
249
230
221
235
245
63
111
229
79
235
123
47
255
59
63
255
79
114
111
215
103
52
251
82
125
253
246
241
222
120
63
217
140
125
231
141
165
94
4
248
63
143
77
16
244
59
157
88
23
32
251
248
59
222
223
250
223
218
247
126
241
87
62
255
246
251
234
235
213
57
110
79
149
199
53
47
218
184
63
215
79
54
58
247
37
85
251
82
119
237
118
240
221
88
30
221
142
233
181
157
173
30
5
248
31
159
73
16
246
57
189
92
23
34
251
207
222
238
81
255
123
210
210
58
121
180
251
254
249
230
93
235
213
63
239
197
95
171
123
47
223
59
63
255
79
50
111
215
103
20
251
82
125
253
244
83
223
120
63
217
140
245
231
157
173
30
4
248
29
158
77
16
244
59
157
88
31
32
251
199
234
206
73
253
146
130
234
50
59
180
250
238
241
134
72
226
145
63
247
197
7
171
115
78
91
57
47
215
13
32
122
223
39
84
187
82
120
237
244
242
94
56
15
209
28
209
207
153
172
24
5
240
29
157
73
16
242
51
157
88
87
34
249
147
211
76
206
191
184
221
24
191
21
61
234
175
127
100
89
245
246
36
185
196
102
129
118
97
247
225
123
127
59
197
57
146
108
220
158
74
89
250
245
119
222
59
63
212
18
244
111
129
183
16
5
248
5
159
77
56
242
50
191
88
223
36
186
121
150
237
219
254
181
255
125
252
255
80
217
253
125
177
69
250
245
219
107
252
123
218
255
60
250
166
54
126
209
117
239
215
102
158
187
214
249
249
127
124
79
122
175
215
160
213
123
156
188
156
9
242
189
158
93
56
246
115
159
219
223
44
254
192
40
202
19
218
219
18
198
74
33
7
54
242
210
235
226
106
145
35
70
205
133
71
149
7
90
188
47
194
14
50
34
215
36
69
186
82
114
233
84
208
84
24
14
209
126
161
111
153
172
24
5
240
29
156
73
16
242
51
189
88
23
32
250
57
188
239
95
255
245
251
124
220
255
212
249
239
73
151
77
251
245
123
115
252
111
223
255
125
235
118
191
95
93
115
239
207
239
207
191
222
185
249
127
121
92
227
175
215
113
189
115
186
188
153
9
240
189
156
81
104
182
247
251
250
215
44
254
247
251
227
215
253
160
207
248
94
253
184
251
227
75
208
25
226
197
61
103
207
45
139
123
79
206
35
47
86
13
33
63
119
39
124
187
82
61
239
246
243
78
40
143
203
26
217
151
137
165
24
1
240
190
157
67
16
242
51
191
92
71
32
185
124
190
255
125
252
255
251
125
253
255
218
253
237
109
155
239
251
221
251
107
253
111
222
253
221
235
190
183
94
93
119
238
207
237
223
191
214
187
253
119
252
92
251
175
247
115
255
115
188
188
24
33
241
189
156
93
84
254
247
191
250
87
41
246
197
40
130
1
221
194
130
250
200
33
130
119
226
193
192
33
226
133
71
214
197
7
47
215
70
122
40
14
208
14
35
114
255
46
69
186
82
50
237
212
208
84
16
142
193
114
161
239
153
44
24
1
240
29
156
65
16
242
51
189
88
87
32
248
57
61
255
87
254
229
219
125
254
69
215
117
255
110
178
116
250
245
82
102
255
47
179
247
190
234
230
63
242
94
118
171
71
47
69
190
218
115
219
221
89
93
157
206
201
52
249
111
153
172
25
77
240
29
156
73
56
242
115
187
122
23
33
248
173
213
239
252
55
183
121
123
181
255
213
217
159
248
180
79
186
253
119
107
246
127
242
119
61
251
183
54
125
113
116
235
199
124
182
250
210
121
248
253
90
239
127
175
243
52
245
111
157
172
154
13
248
29
158
85
56
246
123
159
251
223
46
251
4
233
15
152
2
89
128
247
205
128
127
148
81
116
219
226
139
0
66
2
84
176
228
130
89
53
149
0
129
202
30
152
236
4
67
170
28
98
203
40
178
61
181
38
20
182
181
108
155
172
207
67
146
29
20
24
132
224
8
121
72
71
98
242
79
149
186
157
255
151
219
193
6
231
1
190
145
74
183
95
234
245
0
67
143
183
210
90
12
210
178
47
82
40
55
107
199
36
21
187
82
120
233
119
112
74
52
44
247
28
145
63
153
172
24
5
240
29
156
65
16
242
51
189
88
87
34
251
11
7
196
146
79
159
132
19
36
126
2
67
152
127
57
5
224
249
33
242
212
39
210
115
66
126
181
46
80
16
49
67
215
44
87
186
83
120
233
116
112
92
56
47
213
84
247
111
153
172
24
5
240
29
156
73
16
242
51
189
88
87
32
250
178
178
121
131
255
213
131
136
198
71
157
116
189
30
176
117
251
214
70
48
1
82
165
100
236
148
125
57
182
186
95
57
20
236
159
158
202
81
9
23
5
65
69
24
132
140
252
20
2
63
151
40
58
128
198
123
160
80
32
12
96
159
44
24
3
214
88
131
185
208
159
200
47
207
11
206
140
47
233
53
207
247
36
99
204
112
130
120
77
215
177
59
18
42
51
59
215
4
221
186
82
120
233
112
100
92
56
45
245
20
244
127
153
172
24
5
240
29
156
73
16
242
51
189
88
215
32
250
58
21
117
212
254
141
91
121
246
68
87
83
221
120
48
84
246
213
66
98
246
124
144
119
30
186
166
28
122
216
117
169
86
100
20
186
198
120
211
93
117
217
221
15
192
4
245
79
141
164
153
13
242
28
158
77
24
118
115
153
91
15
40
248
205
143
207
245
255
191
241
250
188
125
118
91
143
249
182
77
226
221
45
99
228
47
194
115
79
250
179
47
216
10
50
107
215
38
84
186
82
124
233
244
208
92
56
15
217
20
245
239
153
172
24
5
240
29
156
73
16
242
51
189
88
87
32
251
82
209
24
158
3
2
92
15
19
130
61
136
48
130
36
26
47
22
16
93
2
176
228
3
45
129
226
73
83
40
20
40
176
52
52
218
2
77
2
241
18
202
181
105
178
28
69
110
83
162
118
5
40
24
180
74
145
178
41
88
29
84
18
163
3
211
76
206
55
152
93
24
183
23
61
202
173
123
100
29
165
246
36
185
196
102
128
114
101
151
225
59
127
42
69
105
146
108
216
154
98
88
250
241
118
222
59
45
212
18
244
111
129
183
16
5
232
5
223
13
56
242
50
191
80
215
36
186
226
35
131
19
221
130
131
140
198
163
177
58
163
194
19
2
226
133
35
214
75
167
199
68
78
203
189
47
146
152
34
26
231
44
68
190
90
56
225
84
96
88
48
143
209
120
145
15
153
172
24
1
240
29
156
65
0
242
51
189
88
86
32
250
197
42
163
17
216
202
131
114
202
45
130
119
195
201
208
41
226
229
103
71
213
7
26
199
70
122
60
46
128
14
34
82
207
47
71
187
90
58
237
252
208
84
16
142
209
120
177
239
153
172
24
1
240
29
156
65
16
242
51
189
88
87
32
250
205
207
206
221
63
191
241
242
60
253
102
219
142
249
254
79
226
221
37
107
228
47
194
115
75
126
183
38
88
6
50
107
215
38
85
186
82
120
233
116
240
92
56
47
221
20
245
239
153
172
24
5
240
29
157
73
16
242
51
189
88
87
32
251
206
233
206
91
250
91
210
199
122
179
7
190
190
246
235
232
235
213
57
102
79
133
199
52
47
218
188
47
211
11
50
58
247
36
85
251
82
115
237
118
210
92
24
30
213
158
225
45
153
172
30
5
240
29
157
73
16
240
57
189
88
87
34
251
162
234
35
129
200
196
138
225
206
231
59
94
195
65
209
164
227
197
103
98
206
37
174
72
94
199
47
47
130
154
51
94
103
36
79
155
90
48
233
214
98
92
32
175
212
26
176
55
153
172
16
1
240
29
156
65
0
242
17
188
88
86
32
184
198
250
195
25
220
146
130
218
226
49
160
251
195
209
134
9
226
197
47
103
201
135
42
87
78
219
189
47
147
12
34
122
215
37
84
187
82
56
237
244
114
94
56
143
217
88
145
207
153
172
24
1
240
29
156
73
16
242
51
189
88
87
34
251
195
40
139
19
222
74
130
206
200
163
151
54
226
198
203
225
234
213
35
70
77
135
199
85
79
218
188
47
210
10
50
42
215
44
69
186
90
50
237
84
208
84
16
14
213
126
161
109
153
172
24
5
240
29
156
65
16
242
51
189
88
87
32
250
204
11
130
181
16
103
44
247
0
253
66
147
194
196
147
11
235
221
33
99
204
141
194
115
79
223
183
34
80
4
50
75
215
38
85
186
82
124
233
116
112
92
56
47
221
20
247
239
153
172
24
5
240
29
156
73
16
242
51
189
88
87
32
250
3
198
8
139
41
216
154
0
45
223
43
206
136
63
105
37
131
245
36
99
196
112
129
112
77
213
177
59
22
42
51
83
214
4
221
138
82
120
232
33
96
92
56
45
244
20
244
111
153
172
24
5
240
29
156
73
16
242
50
189
88
211
32
250
42
5
41
154
2
15
29
15
199
70
59
128
49
44
60
246
213
50
66
212
18
50
81
6
213
128
228
8
2
176
92
224
128
44
66
174
138
74
128
200
10
219
20
169
212
118
164
78
145
174
144
10
98
29
85
17
56
242
51
184
56
210
106
232
35
209
8
58
39
48
93
10
99
6
57
162
44
75
36
27
20
34
36
211
34
118
17
103
192
55
227
120
50
48
196
49
154
28
130
132
203
8
146
105
46
234
189
105
182
81
150
78
18
170
16
67
104
1
121
85
59
179
87
147
48
243
236
11
122
57
155
222
34
87
88
167
87
226
85
148
19
194
63
218
189
210
112
207
14
189
231
7
157
211
182
125
67
249
150
104
195
62
37
254
202
109
242
113
48
249
245
105
191
28
165
110
223
170
187
199
178
29
52
91
81
243
121
251
121
60
193
250
3
15
130
144
201
154
132
2
36
116
2
67
154
253
42
5
224
241
33
226
196
39
210
115
70
222
177
46
18
0
49
67
215
36
87
186
82
120
233
100
112
92
56
47
213
84
245
111
153
172
24
5
240
29
156
73
16
242
51
189
88
87
32
250
122
1
9
190
38
131
26
5
198
34
21
4
49
0
61
82
244
146
66
212
128
50
193
7
220
128
228
77
66
184
189
232
192
44
6
190
74
98
128
80
146
203
21
8
80
148
129
78
147
44
152
3
34
25
21
89
16
242
59
184
120
70
34
241
228
38
33
3
192
92
6
205
200
65
170
106
240
22
202
164
195
33
7
84
89
129
50
132
84
197
25
33
130
152
10
0
172
12
70
154
72
50
5
140
32
80
16
151
84
122
52
132
17
44
0
8
17
25
197
2
16
96
0
52
72
86
104
88
194
32
9
11
192
16
6
129
74
130
41
138
160
6
11
2
67
1
0
212
9
129
71
4
80
213
153
41
130
136
2
16
160
4
69
218
10
8
5
82
32
82
48
169
21
92
4
4
19
172
16
1
17
25
69
74
16
96
32
60
12
80
96
234
222
219
222
213
255
209
219
200
62
255
23
126
159
250
243
125
235
213
60
102
207
189
166
122
46
223
179
63
214
43
55
59
215
36
85
251
82
117
249
118
112
92
56
63
213
12
253
63
157
173
24
5
248
29
156
73
16
242
49
189
92
23
32
250
205
234
207
243
248
243
243
210
120
189
108
255
158
255
162
107
235
213
189
99
205
165
171
123
78
223
177
39
218
11
51
127
211
38
85
186
82
249
237
116
112
92
56
47
213
20
245
227
153
172
24
5
240
29
156
73
16
242
51
157
88
87
32
250
4
42
129
162
216
138
162
71
72
120
2
119
225
70
154
65
226
69
129
0
197
37
75
75
78
200
8
7
130
8
49
79
71
36
87
186
48
250
237
116
192
84
18
2
69
6
245
75
152
44
24
0
240
29
157
73
20
114
19
189
72
87
32
248
199
133
170
221
255
144
218
201
10
227
129
254
146
202
163
95
170
213
32
71
207
165
194
90
76
218
178
47
210
44
55
59
199
36
85
187
82
120
233
119
112
88
48
46
245
28
145
63
153
172
24
5
240
29
156
65
16
242
51
189
88
87
34
251
50
208
24
130
63
216
147
25
183
83
23
68
173
30
116
53
86
246
4
185
128
114
145
100
33
148
104
90
54
123
221
121
148
204
155
4
226
75
138
131
193
217
71
0
144
198
244
45
146
155
145
13
190
129
250
127
48
18
186
12
241
155
46
217
237
111
103
144
16
87
33
247
164
196
44
20
91
185
243
238
203
116
111
110
51
210
180
178
30
117
29
1
177
158
18
153
224
6
7
250
0
112
69
156
54
49
48
182
12
170
96
228
15
45
231
152
27
26
132
20
168
108
105
92
77
132
44
248
130
42
3
129
200
212
138
193
78
231
59
94
195
68
217
160
235
193
37
98
206
32
174
72
94
215
183
43
130
138
51
95
103
36
93
154
80
112
233
198
96
84
32
175
213
30
244
53
153
172
16
1
240
29
148
65
0
242
17
189
92
87
32
184
82
65
8
158
2
2
92
7
7
162
53
128
17
130
53
26
4
82
16
129
130
176
196
11
8
129
162
77
19
169
28
104
224
52
52
171
2
108
2
114
50
202
37
104
22
28
0
78
19
168
50
5
40
24
52
74
145
34
56
88
25
68
34
163
185
221
255
220
54
175
221
122
223
223
213
217
239
205
148
78
191
245
118
111
246
111
242
247
125
255
183
62
91
219
116
233
207
44
246
190
214
124
250
125
120
254
183
175
255
48
245
111
187
174
153
139
240
29
156
85
121
178
115
251
251
215
47
251
58
154
238
199
63
253
217
61
63
253
95
221
191
127
123
244
189
215
120
187
244
127
211
119
57
127
240
54
126
251
215
239
223
124
83
48
254
91
248
125
245
93
231
175
213
134
245
111
191
174
153
139
246
29
159
93
106
247
247
249
251
31
44
222
215
249
219
221
248
218
223
232
155
255
61
250
151
194
198
218
171
213
188
47
14
253
238
123
47
215
187
63
215
43
54
63
215
199
188
219
118
253
255
183
115
238
233
125
191
30
125
179
199
189
54
181
201
247
183
238
208
252
56
111
93
93
51
183
58
154
239
239
255
245
219
188
223
253
214
221
239
92
27
253
251
245
123
59
244
127
222
125
61
251
52
55
127
219
119
255
231
237
223
52
254
123
249
125
249
93
227
174
213
176
185
123
190
188
153
137
240
189
156
81
100
246
247
255
251
223
44
254
5
7
84
0
217
42
35
88
32
84
130
65
12
121
200
5
226
108
133
100
96
106
152
114
66
168
0
16
188
0
9
5
28
99
80
184
0
18
21
140
197
148
26
135
64
130
232
70
0
53
89
12
96
30
139
13
40
4
35
164
64
6
37
88
249
217
239
214
54
191
93
122
215
223
125
219
223
248
20
78
183
245
102
111
246
127
242
247
29
255
183
62
122
218
116
233
199
44
118
190
214
124
250
253
120
127
183
175
251
48
245
111
155
172
153
137
242
29
156
85
105
242
115
251
251
215
41
250
185
157
239
212
54
191
93
123
183
221
93
209
223
253
52
78
191
245
118
111
246
127
242
247
57
255
183
62
120
218
116
233
199
108
54
190
214
124
250
125
124
253
183
175
255
48
245
111
155
172
153
137
240
29
156
85
57
246
115
251
251
215
41
250
58
153
238
215
63
223
216
55
63
249
215
245
191
126
123
238
189
147
112
187
213
125
215
115
57
66
240
22
124
255
159
239
223
124
83
240
222
91
250
117
208
221
239
46
149
6
245
111
159
238
155
13
242
29
153
93
26
247
255
255
91
63
172
222
58
158
239
231
191
245
219
45
255
253
86
93
191
124
59
244
253
247
122
59
244
119
222
125
61
255
244
63
126
243
119
239
135
236
71
52
255
123
248
127
125
93
227
174
213
160
253
111
191
188
157
137
246
21
158
85
112
246
247
221
251
159
44
254
185
157
239
212
55
183
253
123
181
221
117
219
159
249
52
79
190
253
126
107
246
127
242
115
57
255
183
54
124
209
116
233
223
116
182
248
214
121
250
253
80
255
255
175
241
52
245
111
157
172
154
13
248
29
158
93
57
246
123
159
91
159
45
250
41
221
239
220
54
183
253
123
181
223
37
201
159
249
52
79
190
253
252
107
246
127
210
243
57
255
183
54
125
209
116
235
215
112
150
248
210
121
250
125
116
255
126
47
247
180
245
111
157
173
154
13
248
29
158
93
57
246
123
159
91
159
45
251
250
216
139
255
255
203
223
143
94
235
61
255
187
206
102
255
235
215
60
147
206
189
239
107
47
215
179
47
211
123
55
111
215
167
157
251
122
125
239
119
114
222
102
105
223
28
245
255
221
172
26
5
232
61
156
107
144
178
51
191
93
93
50
187
58
156
238
199
47
221
217
61
63
249
87
253
191
126
58
244
189
151
112
187
212
119
211
115
57
202
208
54
126
249
95
239
143
252
83
48
247
91
248
117
208
221
239
46
213
4
245
111
159
174
155
13
246
29
156
93
56
247
255
189
219
31
44
222
58
158
239
231
191
245
219
45
191
253
86
221
191
124
59
84
252
247
122
59
244
119
222
125
61
250
180
63
126
241
119
239
135
236
31
52
247
121
248
127
125
93
239
174
213
132
241
111
191
172
153
13
246
21
156
93
56
246
123
157
251
159
40
254
163
198
5
10
15
88
5
24
226
100
168
200
40
57
100
37
193
100
4
176
208
66
56
36
64
165
1
34
187
26
1
65
248
108
210
56
74
0
33
170
102
90
42
175
20
82
116
64
0
181
84
4
0
24
134
0
56
32
34
28
208
214
36
25
213
239
119
213
248
206
167
241
40
85
74
95
199
117
216
168
235
197
189
110
94
173
166
242
79
223
59
46
244
14
34
31
210
39
117
187
80
178
253
116
117
124
184
183
237
138
253
183
137
165
84
49
241
31
143
73
64
252
51
173
88
71
33
250
56
21
239
214
54
183
93
115
183
223
85
209
159
249
52
78
190
245
118
111
246
127
242
247
56
250
182
62
120
216
116
233
199
100
22
186
214
120
250
125
84
237
255
175
209
36
245
111
159
172
153
13
242
29
158
93
57
246
115
223
91
159
40
250
56
21
239
212
54
183
93
123
183
221
85
209
159
249
48
78
190
245
126
111
246
127
242
243
57
250
182
62
124
208
116
233
215
100
54
186
214
120
250
125
84
253
255
175
241
36
245
111
157
172
153
13
242
29
158
93
57
246
115
223
91
159
41
250
58
154
239
239
255
253
219
60
223
253
94
221
191
127
89
252
255
247
123
59
244
127
206
125
189
255
245
63
126
243
119
255
199
236
79
52
255
123
249
127
253
93
227
191
213
162
253
111
191
189
157
137
246
29
159
85
100
246
247
253
251
223
44
254
50
2
35
131
202
197
138
225
6
230
27
22
145
100
145
100
107
81
0
98
202
36
142
72
30
212
185
47
130
138
51
91
103
36
85
154
80
120
105
78
32
64
4
42
197
12
240
63
155
172
16
5
178
25
156
73
0
114
17
177
72
87
32
242
200
201
199
253
56
102
253
246
60
252
110
157
3
237
219
239
235
212
57
107
206
173
230
59
79
207
182
15
83
3
50
127
247
39
117
251
82
118
233
244
210
126
56
46
223
22
193
238
153
172
94
5
240
31
157
73
144
242
35
189
88
86
34
251
8
193
77
216
34
95
80
118
23
198
53
148
89
48
61
226
136
212
64
108
2
112
228
163
41
33
132
24
97
200
28
105
240
4
17
138
66
114
131
240
178
251
29
14
18
150
97
110
19
41
87
4
56
25
151
28
144
226
42
220
89
14
98
241
213
239
215
85
248
206
251
251
138
117
75
223
199
245
222
168
235
197
61
111
14
173
162
115
79
222
191
63
212
10
50
62
215
39
117
219
64
191
255
118
213
124
185
183
237
138
253
183
137
165
85
177
241
95
159
75
64
254
49
189
92
71
35
250
195
220
139
95
255
194
223
143
154
235
61
203
163
198
38
93
235
215
60
19
206
15
238
75
39
215
187
47
83
43
55
110
199
165
61
219
114
125
239
119
115
206
108
105
159
28
189
187
221
188
26
5
252
181
188
107
144
178
50
191
92
85
50
251
212
249
219
221
240
91
223
254
27
251
45
250
147
194
223
202
171
213
188
47
14
189
230
59
47
215
187
63
215
43
54
63
215
199
60
219
86
253
255
55
115
238
233
127
191
158
93
179
199
189
118
181
137
247
183
238
208
252
56
79
93
93
51
183
98
6
1
11
200
90
2
137
200
0
42
6
161
53
75
160
195
1
1
68
8
130
24
4
84
212
29
40
130
138
3
24
160
4
67
154
0
2
5
2
164
16
0
129
85
90
36
128
16
44
0
8
17
25
197
11
0
96
0
52
72
86
104
88
194
66
9
11
193
82
6
137
194
34
57
10
48
2
71
2
75
1
4
68
8
146
141
4
92
213
157
41
131
138
3
24
160
12
65
219
66
0
5
66
34
66
0
24
21
92
0
4
19
44
16
4
17
25
196
170
16
96
32
60
76
80
114
185
0
42
129
131
216
138
130
93
72
121
2
119
227
82
170
65
234
69
161
2
196
37
74
201
71
218
24
39
18
8
19
79
215
36
85
186
80
250
237
116
224
84
40
15
193
20
245
107
152
172
24
5
240
29
157
73
16
242
19
189
72
87
32
250
101
7
100
16
201
142
7
90
164
68
3
0
136
121
128
5
130
33
3
100
210
47
16
99
82
42
132
4
48
8
8
65
30
38
66
154
0
0
23
140
132
48
24
131
64
104
193
79
16
36
24
8
49
24
153
9
56
34
19
180
8
70
36
72
66
1
136
154
2
147
10
7
6
162
17
4
17
130
49
82
4
18
0
128
138
49
193
11
28
128
162
13
2
232
29
72
97
132
135
171
2
104
2
66
34
67
68
72
18
28
129
14
23
44
16
5
34
24
116
83
144
34
58
152
9
216
122
225
3
198
9
138
44
152
156
0
40
214
43
194
136
21
108
33
129
100
36
97
196
112
0
114
69
213
145
34
22
42
19
83
214
20
221
138
82
120
232
33
96
92
56
45
212
20
244
107
152
173
16
5
240
29
220
73
16
242
50
189
80
211
96
250
194
66
9
11
202
18
6
129
202
35
1
10
176
34
103
0
74
17
12
100
8
144
45
4
92
212
29
41
131
138
19
24
176
36
68
155
74
98
5
2
130
66
8
24
17
28
0
16
17
45
16
4
19
25
133
171
144
96
32
60
76
86
114
185
35
4
40
26
3
142
7
15
164
102
9
4
49
44
60
7
196
48
3
208
208
50
81
7
80
160
132
12
2
144
57
64
192
44
2
186
138
34
0
72
18
202
20
137
84
112
164
78
17
44
24
8
32
25
85
17
24
162
59
184
26
210
42
225
1
2
21
2
200
136
162
112
104
24
34
69
132
113
73
161
102
64
129
32
192
96
9
224
66
24
1
0
172
2
9
21
60
66
89
48
52
130
13
0
229
20
10
6
68
130
120
193
128
21
9
32
178
5
139
9
46
64
6
164
64
7
36
88
200
201
175
253
96
102
249
215
60
252
110
141
67
237
219
175
235
221
57
111
198
173
230
59
79
203
182
6
81
3
50
127
247
39
117
251
82
126
233
244
210
126
56
62
223
22
193
238
153
172
94
5
240
31
157
73
144
242
59
189
92
86
35
251
197
5
153
20
0
2
62
64
1
33
15
6
194
165
2
2
13
9
52
69
10
133
66
128
200
86
152
236
0
38
130
1
18
17
32
170
0
8
66
74
16
160
57
163
167
8
230
44
17
130
33
118
65
88
48
138
25
75
17
113
8
48
81
234
1
7
129
16
0
130
32
67
32
0
2
65
192
113
128
1
194
69
1
100
192
37
66
115
68
138
0
4
16
0
0
64
87
38
80
186
64
56
1
68
196
32
24
135
193
68
193
79
24
36
24
4
112
24
158
9
16
114
19
149
72
87
32
250
18
134
152
165
42
148
152
1
26
251
82
207
144
52
17
20
36
155
128
171
196
37
194
121
25
146
160
118
12
227
181
111
199
176
81
32
247
200
232
96
96
28
105
44
245
20
241
111
155
200
24
7
244
29
156
73
7
243
51
189
82
87
32
254
66
1
8
154
2
130
30
6
2
162
17
128
16
32
53
18
4
18
0
4
130
49
192
3
76
128
168
12
3
168
25
72
245
36
20
186
2
104
2
64
162
74
4
8
18
28
193
78
17
40
24
5
32
24
53
75
144
98
59
184
88
86
34
227
196
11
215
85
232
202
38
225
138
1
11
87
146
245
216
160
235
213
45
103
14
175
130
115
79
223
191
47
132
10
50
28
82
39
101
155
64
62
239
86
241
116
56
63
205
14
253
183
137
165
80
53
241
31
143
75
64
120
49
189
72
71
33
250
0
1
13
152
34
27
18
111
38
2
7
132
25
48
61
226
130
16
64
44
130
112
192
162
25
128
128
28
33
200
29
72
248
4
1
170
66
98
130
88
178
187
29
6
52
134
193
78
19
40
151
5
50
25
151
24
16
98
59
156
73
6
98
241
196
11
147
85
224
202
110
235
138
161
11
87
147
245
202
170
171
133
62
111
14
143
162
115
79
222
191
46
128
10
50
28
82
39
101
155
64
62
239
86
81
116
184
55
237
14
253
191
137
165
80
181
209
95
157
75
80
122
49
61
76
85
49
250
101
5
160
16
201
134
3
65
166
100
1
2
128
233
176
5
130
33
0
100
154
47
18
99
86
162
140
12
0
152
8
1
67
39
66
154
128
40
7
206
4
32
28
130
193
88
129
15
16
36
16
8
49
88
28
3
56
42
83
181
8
84
40
104
98
0
128
146
203
134
2
1
134
98
1
4
145
194
49
70
64
17
0
68
138
55
90
75
22
128
174
13
2
152
25
66
99
142
6
139
0
104
7
74
0
64
4
8
1
92
129
11
21
44
16
4
35
24
28
147
0
34
18
176
8
84
56
97
66
66
0
11
203
18
6
136
134
34
17
10
177
6
93
2
66
17
4
84
8
130
136
12
76
212
29
41
130
138
1
24
0
172
65
27
64
0
5
66
32
66
0
8
21
220
4
17
19
13
16
0
7
25
133
179
128
96
0
48
76
86
50
48
212
203
215
213
224
94
251
235
152
177
95
223
215
245
222
234
171
213
60
111
14
173
162
115
111
222
191
63
212
11
50
62
210
39
117
219
66
127
255
118
209
252
185
127
237
142
253
191
205
165
87
181
217
127
159
75
80
254
49
125
92
21
51
190
66
66
1
11
200
2
6
137
140
34
42
2
129
33
89
32
66
1
5
68
72
130
136
0
94
212
13
44
130
138
1
26
32
4
67
154
0
2
5
2
164
80
0
128
84
218
0
129
0
13
16
0
17
25
133
171
0
104
0
52
72
70
48
48
66
66
1
11
201
18
6
137
128
34
41
10
177
164
77
32
67
1
5
68
8
130
136
4
94
212
29
9
130
138
3
24
48
132
65
27
64
0
5
2
34
66
0
24
84
222
4
144
3
13
16
4
1
25
133
171
128
96
33
60
76
84
50
48
195
216
203
207
255
219
223
156
191
187
45
203
171
142
38
221
235
213
60
47
142
31
238
109
47
215
59
47
87
107
23
111
215
167
189
91
114
125
239
119
115
222
106
125
159
28
125
179
221
156
30
5
253
183
188
235
144
182
58
63
93
93
54
251
195
200
139
95
252
210
222
142
186
171
33
202
130
195
39
27
107
213
56
47
138
143
110
109
110
215
191
47
23
43
19
110
215
167
61
219
82
125
111
118
113
74
40
127
159
92
125
179
89
172
26
5
245
58
188
235
144
242
48
29
92
85
48
251
