posters/Movie Poster 111.jpg
512 : 320
77
-32.2331
-1
0
140
126
0.0045532
31
-65.9768
-1
0
166
148
0.00355761
31
77.4712
-1
0
160
221
0.00326024
31
-155.341
-1
0
327
151
0.00513795
31
126.846
-1
0
135
202
0.00292499
31
-46.7149
-1
0
225
160
0.00540613
31
-38.382
-1
0
234
204
0.00594563
31
93.743
-1
0
151
215
0.00633367
31
82.9502
-1
0
156
219
0.00465346
31
-113.925
-1
0
252
163
0.00290418
31
69.3483
-1
0
160
212
0.00423682
31
-60.2551
-1
0
163
146
0.00499686
31
163.847
-1
0
318
175
0.00257477
31
3.2397
-1
0
226
177
0.0101759
31
151.091
-1
0
113
178
0.00553855
31
-140.659
-1
0
287
181
0.00272328
31
76.4256
-1
0
160
218
0.00484414
31
-150.396
-1
0
291
178
0.00300898
31
65.605
-1
0
164
215
0.00519191
31
148.192
-1
0
114
183
0.00739665
31
140.683
-1
0
126
214
0.00457137
31
-73.4742
-1
0
270
205
0.0036536
31
143.274
-1
0
123
196
0.00357135
31
145.628
-1
0
116
196
0.00656104
31
-69.0013
-1
0
167
137
0.00282584
31
-158.602
-1
0
325
149
0.00475616
31
94.2451
-1
0
151
219
0.00402462
31
91.8029
-1
0
351
219
0.003382
31
60.4166
-1
0
164
212
0.0024387
31
148.05
-1
0
336
188
0.00252858
31
95.6122
-1
0
150
212
0.00268075
31
90.9781
-1
0
359
217
0.00345087
31
-120.141
-1
0
254
161
0.00342184
31
-22.1427
-1
0
220
163
0.00256039
31
-117.876
-1
0
255
163
0.0021644
31
158.771
-1
0
333
216
0.00203899
31
145.837
-1
0
112
186
0.00206147
31
92.3685
-1
0
356
220
0.00206372
31
-28.4127
-1
0
225
132
0.00227019
31
-42.8789
-1
0
220
133
0.00221547
31
149.139
-1
0
340
183
0.00224867
31
7.90716
-1
0
396
220
0.0019679
31
-166.679
-1
0
316
167
0.00233418
31
-20.7723
-1
0
281
206
0.00219675
31
-113.575
-1
0
284
180
0.00219932
31
-116.565
-1
0
283
185
0.00192304
31
-158.132
-1
1
326.4
151.2
0.00391563
37.2
7.54942
-1
1
226.8
176.4
0.00378867
37.2
161.51
-1
1
318
176.4
0.00257107
37.2
-68.1395
-1
1
166.8
138
0.00190774
37.2
-34.3978
-1
1
140.4
126
0.00327331
37.2
-36.6656
-1
1
223.2
127.2
0.00240971
37.2
-40.8761
-1
1
224.4
159.6
0.00293752
37.2
-118.94
-1
1
252
163.2
0.00233589
37.2
141.297
-1
1
122.4
195.6
0.00257183
37.2
-159.239
-1
1
325.2
148.8
0.00363055
37.2
-113.962
-1
1
254.4
162
0.00172173
37.2
-19.6007
-1
1
218.4
140.4
0.00172716
37.2
-25.7693
-1
1
224.4
132
0.00226987
37.2
-158.07
-1
1
286.8
181.2
0.00190067
37.2
-133.315
-1
1
284.4
180
0.00142858
37.2
-27.165
-1
1
223.2
121.2
0.0014057
37.2
145.471
-1
1
336
188.4
0.00145973
37.2
144.154
-1
1
321.6
180
0.00162826
37.2
-162.28
-1
1
291.6
180
0.00131954
37.2
-31.1225
-1
1
226.8
166.8
0.00139759
37.2
-71.4791
-1
1
182.4
128.4
0.00134432
37.2
65.1576
-1
1
260.4
177.6
0.00131694
37.2
-1.5363
-1
2
216
167.04
0.00128877
44.64
-30.9638
-1
2
226.08
165.6
0.00132746
44.64
-60.1748
-1
2
164.16
145.44
0.0036956
44.64
-159.473
-1
2
325.44
151.2
0.00321765
44.64
-35.3482
-1
2
224.64
158.4
0.00138249
44.64
-106.557
-1
2
252
162.72
0.0014227
44.64
165.091
-1
2
318.24
175.68
0.00186824
44.64
-21.6874
-1
2
208.8
145.44
0.000927578
44.64
4.79105
-1
2
181.44
171.36
0.00107479
44.64
77
64
67
132
142
159
47
209
158
181
27
251
61
202
152
20
43
43
141
215
32
179
204
37
198
232
73
87
177
102
17
19
23
115
223
56
81
32
90
72
232
96
112
92
40
47
149
20
245
111
153
136
24
5
244
29
156
73
17
242
51
189
88
87
32
250
64
2
5
136
8
194
7
125
160
170
10
5
1
37
27
3
203
36
193
32
216
33
94
160
80
228
12
4
0
128
1
74
93
0
67
184
16
32
37
104
100
84
24
166
69
112
101
97
24
44
24
0
177
29
156
8
0
98
3
188
72
71
32
114
133
206
70
139
217
73
129
218
60
213
6
223
155
127
233
237
235
213
37
98
196
4
140
113
111
222
25
35
214
11
51
127
215
103
93
154
82
122
237
52
113
92
56
62
93
20
124
225
137
173
24
5
248
31
140
73
16
240
50
173
88
95
34
250
83
1
145
150
1
194
1
110
194
32
23
21
49
196
139
50
239
5
1
70
134
45
194
3
78
202
176
13
2
10
2
109
23
39
117
186
0
106
75
84
0
80
24
34
77
20
229
239
153
36
25
4
176
24
156
73
0
114
51
185
72
7
32
250
67
6
0
2
201
128
6
1
2
32
1
2
128
1
2
19
108
3
0
196
200
133
66
64
68
144
184
44
2
8
1
0
23
36
64
186
0
40
1
68
96
64
24
139
193
84
132
77
17
172
24
4
112
24
28
73
16
114
19
181
8
87
32
106
92
42
255
93
56
123
242
246
217
176
255
189
93
181
219
234
251
137
123
107
189
225
78
159
205
109
156
190
109
135
59
254
253
44
101
190
94
186
249
118
254
92
249
54
245
167
103
107
187
173
175
195
240
29
157
77
68
246
27
253
120
86
96
254
204
227
131
57
52
48
44
222
192
186
224
168
64
129
135
11
136
76
163
93
104
128
100
152
68
137
187
161
81
4
32
144
120
16
220
169
121
60
33
225
110
74
50
141
242
113
146
92
58
174
60
3
64
157
93
24
134
162
23
148
28
82
96
51
2
1
130
131
201
130
128
206
2
136
0
71
130
68
163
33
98
85
33
6
64
5
198
97
70
200
56
13
146
8
50
11
119
36
85
186
18
120
77
116
81
64
24
10
77
20
209
239
25
44
24
5
240
24
156
73
16
242
51
189
88
87
32
250
128
128
194
139
217
194
128
202
52
217
4
223
131
94
163
109
235
85
33
99
192
5
206
115
110
222
24
39
214
10
51
127
247
38
29
154
82
120
109
52
113
64
56
46
93
20
81
231
25
172
24
5
240
24
156
73
16
240
50
141
88
87
32
250
21
58
147
57
152
232
164
70
74
168
202
5
64
196
137
177
239
74
163
66
197
45
79
203
199
204
98
207
2
5
161
70
103
131
125
60
53
166
109
70
41
84
2
98
76
87
47
227
248
100
120
116
244
21
28
65
135
154
135
163
24
103
161
100
5
2
0
1
217
128
128
72
0
1
0
70
128
73
129
1
74
85
5
64
192
36
136
97
78
152
17
35
146
10
1
27
86
38
84
154
16
120
45
22
65
64
24
6
65
20
208
131
25
44
16
4
240
24
140
9
16
96
51
189
72
87
32
250
65
6
129
9
9
208
135
77
165
186
8
1
1
13
11
7
203
100
129
0
200
35
94
32
64
193
140
36
16
0
1
74
245
4
83
184
16
40
37
96
112
68
56
174
85
208
1
99
25
172
24
1
176
25
156
72
16
226
35
188
72
86
32
242
69
3
85
148
217
162
43
88
32
109
130
115
130
203
128
1
226
69
5
100
200
44
128
97
78
138
170
15
146
8
40
13
82
39
84
187
0
114
5
212
213
64
24
14
200
8
200
87
8
36
16
4
96
26
141
9
24
50
51
188
72
70
32
185
254
253
127
216
50
87
93
235
199
230
217
186
125
174
253
222
251
213
118
111
63
246
213
190
157
247
183
25
67
255
126
251
98
12
45
223
202
125
243
94
50
203
245
60
151
188
68
62
159
173
50
207
42
29
181
85
200
242
121
121
127
222
106
183
128
194
0
1
0
16
134
192
2
131
33
194
128
33
1
2
228
129
37
67
192
36
64
194
64
23
181
42
0
136
1
82
254
36
64
186
82
40
161
224
112
94
48
47
208
116
144
77
153
172
24
1
240
29
157
73
16
242
51
189
88
87
32
250
187
220
126
255
255
109
223
153
126
125
124
251
175
94
100
253
119
247
124
179
253
190
185
126
162
127
243
123
255
123
247
247
170
237
150
244
255
81
249
245
83
223
111
255
217
23
254
79
173
247
222
13
252
175
139
193
50
183
255
191
222
191
174
157
133
204
66
139
217
192
129
200
44
193
4
223
130
75
193
77
202
85
37
99
196
4
136
97
110
222
17
35
214
10
19
95
214
38
93
154
82
120
109
52
241
92
56
14
81
20
112
225
137
172
24
5
240
29
140
73
16
240
50
173
88
87
32
251
187
213
126
255
255
101
223
153
126
125
60
251
190
126
102
125
247
247
60
179
223
174
187
126
234
223
243
59
255
123
247
127
211
239
60
246
243
81
251
247
83
223
238
127
221
20
253
87
141
181
90
13
252
166
140
233
24
180
122
31
222
47
166
185
133
194
64
129
153
192
129
72
36
5
6
86
130
123
192
1
202
85
37
97
192
6
136
97
78
158
17
35
146
10
3
31
210
38
85
154
82
120
105
22
113
112
56
47
193
16
252
163
9
173
16
4
248
28
140
9
16
240
51
189
72
87
32
250
192
200
10
21
200
75
146
193
42
161
39
206
146
48
106
170
228
145
5
99
76
165
102
192
65
10
168
10
192
10
19
114
243
36
69
186
82
122
233
244
210
92
24
14
208
22
225
109
153
172
24
5
240
29
157
73
16
242
51
188
88
86
34
249
250
216
74
175
119
223
223
14
191
255
61
216
63
186
116
255
255
215
60
109
140
19
228
57
109
207
169
63
87
123
117
127
241
37
126
219
66
125
169
246
114
223
124
47
215
30
244
60
157
173
86
5
232
29
151
75
144
246
51
188
89
94
48
187
129
35
197
116
48
176
100
114
96
25
96
67
202
113
128
1
34
205
173
107
198
44
40
251
106
31
7
166
124
4
32
76
86
99
60
24
69
188
119
132
125
224
186
255
203
32
127
211
8
177
60
240
97
152
142
12
7
214
83
135
64
55
129
186
195
196
138
11
200
82
154
133
2
162
37
136
0
0
3
9
109
194
32
98
200
129
102
0
74
209
185
46
131
10
19
114
213
36
85
186
82
112
233
118
112
88
56
15
209
28
241
108
153
172
24
5
240
29
148
73
16
242
51
189
88
87
32
251
74
206
10
143
238
87
158
149
14
242
63
140
25
84
121
237
239
212
41
98
196
176
164
48
79
221
185
44
215
75
55
123
241
36
85
186
82
114
233
118
50
93
120
62
213
158
212
108
157
173
86
5
250
29
148
73
144
242
59
188
88
95
34
240
104
6
239
129
255
245
163
253
188
255
130
15
217
28
187
199
203
245
203
42
216
211
222
56
93
248
156
38
220
221
51
219
69
32
215
185
210
122
173
116
240
85
82
190
85
228
64
113
157
44
28
13
243
29
156
89
16
224
35
189
74
87
40
250
80
41
147
150
0
202
1
110
194
228
87
21
81
228
155
114
235
85
1
98
134
45
194
67
79
218
176
13
2
138
18
107
87
38
117
186
16
122
203
92
48
84
148
34
77
20
229
111
153
44
25
5
240
29
156
73
0
114
51
185
88
7
33
250
130
137
194
131
209
66
128
206
62
200
2
87
147
106
171
109
226
85
33
38
68
13
198
99
79
136
56
13
210
8
50
59
247
39
93
186
82
126
205
116
241
84
24
14
73
20
89
229
153
44
24
5
240
31
156
73
16
240
51
189
88
71
32
251
5
34
65
1
216
200
162
64
72
5
10
87
192
117
201
32
227
68
5
96
196
40
8
80
76
156
21
41
134
10
35
28
82
38
85
154
0
50
77
6
37
84
24
134
68
130
252
5
136
37
16
32
240
31
140
9
0
96
3
172
72
71
32
248
133
2
64
1
153
128
129
72
32
1
0
86
130
125
128
1
202
85
5
96
192
36
136
96
78
158
17
35
146
10
3
25
210
38
85
154
0
120
73
20
81
112
24
7
193
16
252
129
9
44
16
4
208
24
140
9
16
240
51
189
72
87
32
250
6
7
201
138
18
87
7
7
166
68
12
4
17
62
191
101
203
84
1
36
64
19
214
35
88
197
12
5
19
138
18
73
149
36
87
186
82
80
73
116
48
17
24
39
85
20
101
108
17
44
24
4
178
25
148
9
16
226
35
188
88
87
34
250
3
4
128
2
201
128
132
78
2
0
0
3
160
64
131
1
98
85
1
4
192
5
194
65
70
136
56
13
146
8
0
0
87
36
84
186
16
96
1
68
97
64
24
11
65
20
209
205
25
44
24
4
240
24
156
73
16
114
51
188
88
71
32
248
5
198
65
8
152
200
7
72
168
2
42
10
128
3
205
33
203
68
1
96
64
32
8
96
68
149
25
41
146
10
35
25
208
6
93
154
0
112
45
22
36
80
56
41
84
16
116
20
16
172
16
4
0
29
132
9
16
224
33
188
72
87
32
176
16
58
147
57
136
232
160
70
74
40
202
5
192
196
201
176
231
138
129
66
199
45
79
203
207
74
98
207
2
5
169
70
119
131
125
60
53
166
239
70
169
84
194
98
108
23
47
243
216
100
120
116
228
21
29
73
135
186
135
163
24
103
129
100
220
43
255
213
50
95
249
255
204
180
223
52
81
182
219
226
251
212
107
107
31
169
230
150
157
235
182
137
64
143
54
254
113
36
101
250
94
122
201
86
176
85
241
62
239
166
193
108
155
172
255
135
240
31
149
73
192
242
57
249
93
6
32
246
16
58
147
48
136
232
32
70
74
40
202
5
64
196
137
176
111
74
131
66
199
45
75
139
207
72
98
207
2
7
163
70
87
131
125
60
53
166
109
70
41
84
194
98
108
23
47
227
216
100
104
116
228
28
28
65
135
58
135
163
24
103
129
102
218
217
138
159
119
131
218
174
86
163
117
250
187
130
39
90
126
215
52
87
14
149
231
35
45
219
249
47
83
41
54
59
211
37
20
251
82
125
225
117
242
219
53
43
211
28
209
47
157
172
26
5
248
29
156
75
80
242
59
185
89
87
34
251
200
72
78
149
234
79
218
225
58
225
39
78
158
112
121
224
228
209
21
99
76
160
164
48
105
10
168
10
192
139
55
123
242
36
85
250
82
115
201
244
210
92
24
14
208
22
224
109
153
172
26
5
248
29
157
73
16
242
51
188
88
22
34
249
5
230
65
137
216
200
167
73
40
64
42
74
192
103
237
33
195
68
5
96
64
32
8
96
76
221
17
41
146
10
19
25
208
6
85
154
0
112
109
22
37
80
24
39
84
20
116
5
136
44
16
36
176
29
132
9
16
224
0
172
88
71
32
184
255
240
255
127
254
247
251
252
221
191
212
255
239
138
147
94
251
213
187
107
237
255
238
124
173
255
191
183
95
107
119
255
87
237
189
247
247
253
253
119
121
76
251
126
255
145
249
113
255
189
127
165
253
190
188
101
196
190
191
219
255
143
52
182
253
62
255
245
254
183
251
252
220
253
214
191
223
187
147
94
250
221
251
43
253
207
206
125
63
250
190
183
254
217
119
255
87
225
52
251
246
255
245
127
220
92
235
190
235
128
201
241
191
173
61
177
241
190
159
109
108
254
251
219
223
135
48
255
5
6
129
10
0
70
4
7
130
4
8
4
0
23
147
1
75
68
1
36
64
3
192
0
72
129
12
1
18
8
0
72
148
4
81
170
0
16
9
68
36
16
24
161
84
16
36
76
16
44
24
0
176
25
148
9
0
98
2
180
72
87
32
122
77
50
101
244
254
191
43
112
188
62
210
23
205
121
121
69
128
253
203
108
244
103
210
251
13
56
140
148
124
84
53
203
95
120
215
185
95
122
145
37
220
116
26
30
193
229
195
75
184
61
24
5
243
189
159
13
6
230
23
159
74
7
36
243
131
21
192
146
221
128
71
72
34
97
133
114
174
107
134
17
106
245
37
97
130
45
234
99
70
147
177
47
18
8
1
105
151
38
20
154
66
120
99
86
64
194
56
73
209
24
245
15
145
164
24
4
112
24
156
73
24
114
51
157
88
87
32
251
205
234
219
95
249
219
254
248
26
187
47
191
146
214
239
235
99
215
189
78
77
133
166
152
11
223
185
47
213
11
50
62
250
37
85
251
82
119
237
244
114
92
56
63
253
142
252
181
141
141
22
53
217
255
143
235
80
252
57
60
92
84
48
184
187
217
124
214
255
185
223
48
190
63
253
202
191
121
116
93
245
251
126
243
247
126
177
126
161
127
247
126
253
247
247
243
218
124
138
116
219
25
248
251
90
223
127
63
241
115
246
79
173
223
146
11
252
173
219
93
59
247
247
191
243
251
172
137
186
208
124
199
239
189
223
48
190
95
125
202
191
121
116
125
244
251
126
243
245
118
49
254
176
127
247
250
252
247
247
243
222
120
138
68
223
41
248
251
95
223
127
191
241
115
246
79
175
223
144
11
252
133
218
93
63
215
246
191
243
187
236
172
82
1
147
150
1
194
64
111
194
160
23
21
51
196
3
50
239
86
32
67
142
45
194
3
76
222
178
13
18
10
18
108
23
38
117
186
2
104
203
86
32
80
181
106
141
20
165
111
153
164
25
5
176
24
156
73
1
50
51
185
88
5
32
250
126
117
107
254
54
55
95
251
199
238
249
178
125
142
253
94
243
213
127
111
183
182
208
63
29
220
191
13
83
251
125
251
66
173
190
223
202
124
161
87
58
203
245
125
215
156
4
63
207
173
18
141
106
61
165
85
208
242
121
219
127
222
58
182
197
18
85
20
217
130
35
120
162
37
3
83
130
203
128
1
226
197
5
101
72
141
162
97
78
138
168
15
144
8
32
13
82
37
20
187
0
112
5
212
213
64
24
15
200
8
200
77
0
36
24
4
96
26
158
73
16
50
51
156
72
22
32
249
96
14
167
137
232
215
131
253
188
255
2
15
145
60
123
133
202
245
201
34
216
131
222
248
89
240
28
38
156
83
19
95
197
0
83
49
80
242
237
32
240
84
74
158
85
164
208
97
153
44
28
5
211
29
156
75
16
232
35
189
74
87
40
250
131
198
136
139
47
208
158
133
63
251
61
202
152
56
47
47
141
83
32
187
204
35
202
104
73
85
153
34
17
19
19
67
215
184
81
32
90
72
232
98
112
28
40
45
149
20
245
105
153
200
24
5
244
29
152
74
19
243
50
61
80
83
32
250
253
254
255
247
254
247
255
248
252
255
254
255
239
255
219
252
251
221
255
107
253
239
174
124
63
255
63
183
255
91
119
255
119
227
125
247
247
253
253
127
125
92
235
191
255
163
253
241
175
253
95
181
221
255
156
237
236
252
247
207
223
159
49
190
92
42
255
249
122
255
115
245
217
188
254
189
93
245
219
226
251
201
251
106
253
241
238
159
221
111
172
174
105
199
59
238
253
7
69
187
94
242
253
126
248
93
241
54
213
175
231
107
159
172
207
195
241
29
151
89
196
254
11
253
88
86
97
254
81
186
147
117
216
226
170
124
74
184
202
101
228
68
137
49
247
143
163
2
199
45
75
207
199
74
98
238
0
5
225
102
95
131
125
53
53
174
239
103
105
68
194
98
111
113
191
243
184
86
104
243
244
244
28
193
71
155
151
163
144
103
149
70
194
192
130
15
200
194
130
133
34
161
41
204
16
33
39
184
109
0
32
100
200
1
102
0
78
213
185
46
131
10
19
34
213
36
65
186
82
96
232
96
114
88
56
43
213
28
245
108
153
172
24
5
240
29
148
73
16
242
51
189
88
87
32
251
80
9
147
150
0
202
81
111
198
224
23
21
179
196
155
114
239
23
32
67
142
45
194
67
77
218
178
13
2
138
18
111
7
38
117
186
18
106
203
86
48
84
181
98
141
20
165
111
153
172
25
133
240
29
156
65
0
114
51
249
88
5
33
250
84
56
147
117
88
170
238
126
90
184
202
117
226
68
139
177
118
143
179
2
197
45
75
219
199
74
98
206
64
5
225
110
111
179
125
53
61
174
238
103
201
84
195
98
239
35
191
239
248
118
104
243
244
118
29
193
71
27
151
163
144
39
145
70
255
244
255
255
255
247
255
220
253
255
100
251
191
187
183
223
235
245
185
107
253
249
255
60
45
251
187
183
127
121
119
255
247
229
60
251
247
253
245
119
114
206
122
62
211
149
217
115
157
173
30
5
252
191
156
109
152
254
123
159
223
95
50
183
253
248
127
255
255
247
251
248
252
255
220
255
191
111
251
254
251
245
255
107
253
251
238
124
45
255
255
183
223
91
119
255
119
229
189
247
247
253
253
127
121
76
235
62
247
161
249
113
175
189
94
165
253
191
156
245
252
252
255
223
223
159
58
182
187
221
124
223
255
253
215
185
126
125
252
251
191
126
100
253
119
247
60
187
247
58
185
126
165
255
115
63
255
123
215
127
191
239
60
214
246
83
255
247
211
223
239
127
217
151
253
119
133
183
87
13
252
166
143
239
112
246
254
31
219
31
182
157
187
220
124
254
255
189
221
18
126
117
189
235
190
126
100
253
245
179
124
179
247
126
185
127
178
127
227
127
255
127
223
247
187
239
18
116
251
81
250
255
83
223
207
95
216
83
255
79
237
247
214
13
252
135
155
197
59
247
254
191
243
191
174
221
253
254
119
231
255
255
255
249
253
253
250
251
175
127
219
237
251
253
255
59
253
239
191
252
123
255
127
183
255
91
99
255
251
235
253
247
247
189
253
253
127
92
235
191
223
163
254
113
172
253
95
169
253
191
143
205
238
252
247
239
254
223
44
190
68
6
128
138
201
206
7
79
38
68
10
4
17
46
191
101
203
116
1
36
192
3
210
33
86
196
8
13
18
138
18
65
149
4
87
186
0
82
77
84
32
80
24
33
85
84
229
238
145
44
24
4
178
25
156
11
16
98
35
188
72
71
32
248
69
34
215
133
216
2
163
242
34
20
2
23
196
255
131
0
226
197
137
38
64
141
134
241
74
168
8
12
184
8
24
31
244
37
116
186
80
114
5
212
213
16
24
6
72
130
200
204
9
36
88
5
112
26
157
73
0
120
51
156
72
70
34
249
187
221
92
255
255
216
223
137
255
89
188
251
191
127
228
253
255
215
60
59
199
106
175
126
101
223
115
63
255
123
215
127
151
239
60
215
118
113
255
247
83
223
235
127
221
22
253
119
197
183
94
5
252
166
174
239
88
246
254
31
93
31
182
189
124
42
239
253
122
247
251
253
220
252
223
189
81
180
251
230
251
220
91
106
253
185
238
159
157
105
174
143
69
223
63
254
233
45
103
191
222
115
197
126
218
93
209
62
207
175
139
106
159
45
223
139
242
29
149
81
212
242
107
253
123
6
42
246
205
30
119
193
252
191
171
248
188
127
194
95
193
93
251
101
226
253
223
34
252
135
154
248
78
252
63
38
220
71
59
223
83
227
95
57
84
247
237
54
213
84
74
30
69
168
232
209
140
29
24
37
211
255
140
75
80
252
51
173
206
7
32
180
155
248
154
127
61
114
248
134
91
186
213
253
102
134
79
187
124
138
144
219
133
9
111
27
229
10
226
203
71
103
239
118
245
176
189
117
127
255
232
247
219
206
203
120
186
23
131
127
217
122
126
215
236
7
117
105
151
147
191
239
181
51
211
167
254
232
235
255
122
254
251
207
220
255
119
156
19
138
255
254
171
213
63
111
140
147
238
63
45
203
175
47
87
235
55
254
225
165
125
251
114
127
237
246
242
94
113
124
211
158
129
123
223
173
30
5
249
29
181
73
208
242
59
253
93
86
50
183
124
42
239
253
250
255
251
255
220
254
222
21
81
244
251
238
155
221
219
106
252
185
206
159
31
234
174
135
73
215
63
254
227
47
71
187
222
243
229
126
216
125
213
62
213
175
131
107
191
172
159
141
243
29
157
89
212
238
123
253
219
30
42
246
64
2
0
131
200
214
130
197
12
244
2
7
128
29
27
4
74
69
137
32
200
3
206
96
72
192
28
36
144
8
19
79
85
0
81
32
16
130
45
0
100
20
8
134
69
128
192
65
24
12
24
33
149
89
156
203
0
104
50
52
64
71
32
250
82
9
147
150
3
66
88
46
2
160
31
6
51
196
11
50
111
87
32
67
134
45
194
67
13
222
178
12
18
42
18
111
87
39
117
154
2
108
234
86
49
80
165
107
143
28
181
111
153
160
24
5
176
24
188
65
17
50
51
249
88
5
33
250
92
42
231
253
250
255
235
245
221
188
218
29
221
245
219
234
251
221
251
106
252
233
206
191
95
203
190
183
237
199
59
238
247
163
69
59
94
243
253
118
252
124
249
62
93
167
235
115
191
172
221
193
243
93
157
89
196
238
43
253
216
70
33
246
85
186
147
101
252
162
251
246
218
189
210
85
198
85
3
16
252
207
187
3
228
45
78
219
239
106
126
230
76
101
225
239
95
179
121
53
125
174
236
101
217
28
195
230
233
33
155
123
248
214
73
243
244
230
28
195
103
155
151
227
242
39
149
126
193
19
85
22
248
130
59
88
162
37
1
83
134
235
130
3
226
197
4
101
72
173
162
96
78
138
184
47
146
8
49
45
83
37
52
187
0
120
1
212
209
66
24
15
233
8
201
29
129
164
24
5
96
26
156
75
16
122
49
156
88
22
32
249
234
202
227
253
249
234
175
204
220
251
226
249
227
9
203
158
235
213
169
75
236
41
238
120
77
203
187
167
83
1
35
223
247
165
125
187
116
252
237
118
226
94
58
175
215
19
217
123
153
172
24
1
241
29
157
73
144
250
179
189
92
87
48
255
67
4
0
48
1
2
37
75
132
34
40
0
1
141
4
7
128
92
1
64
200
130
192
35
68
136
128
1
18
0
33
72
17
36
80
170
32
40
1
64
32
0
56
169
68
16
36
79
16
164
24
0
96
24
188
8
16
162
51
184
8
86
32
250
