posters/Movie Poster 83.jpg
512 : 786
291
-18.1381
-1
0
270
587
0.00361916
31
21.5571
-1
0
109
149
0.00382138
31
7.59464
-1
0
241
654
0.00841208
31
106.39
-1
0
143
631
0.00447067
31
172.504
-1
0
145
193
0.0038252
31
61.5258
-1
0
340
677
0.00587697
31
-10.9652
-1
0
147
489
0.00390565
31
169.05
-1
0
389
564
0.00373369
31
-95.0131
-1
0
286
608
0.00386123
31
-82.7014
-1
0
109
429
0.00372902
31
3.30675
-1
0
336
572
0.0039768
31
-152.723
-1
0
312
567
0.00624954
31
-169.744
-1
0
372
328
0.0142791
31
65.3231
-1
0
337
674
0.00388063
31
-152.7
-1
0
233
601
0.00419633
31
157.457
-1
0
139
145
0.0104101
31
-88.0251
-1
0
414
290
0.00461441
31
47.7591
-1
0
131
478
0.00385572
31
67.7824
-1
0
356
642
0.00652277
31
-1.94149
-1
0
151
535
0.0110423
31
97.6306
-1
0
350
528
0.00600888
31
55.3889
-1
0
109
155
0.00422269
31
-15.4857
-1
0
333
565
0.00412216
31
-120.838
-1
0
349
489
0.00599439
31
-167.905
-1
0
275
386
0.00366276
31
153.231
-1
0
122
151
0.00608959
31
175.03
-1
0
314
493
0.00385951
31
146.725
-1
0
135
151
0.0124779
31
-102.311
-1
0
101
127
0.00465542
31
14.5682
-1
0
235
658
0.00397758
31
53.7234
-1
0
106
493
0.00367948
31
-85.2364
-1
0
285
606
0.00403047
31
-177.917
-1
0
404
589
0.00519186
31
-43.078
-1
0
249
662
0.00740484
31
-105.945
-1
0
209
649
0.00598648
31
52.4959
-1
0
181
239
0.00621634
31
-138.215
-1
0
309
576
0.00391491
31
-108.435
-1
0
135
134
0.00476913
31
136.701
-1
0
195
649
0.00408185
31
116.358
-1
0
403
624
0.00478039
31
158.617
-1
0
396
568
0.00770927
31
44.6569
-1
0
246
621
0.00597814
31
-61.5873
-1
0
253
658
0.00683272
31
-21.9745
-1
0
246
658
0.00586284
31
68.7948
-1
0
406
340
0.00370681
31
-0.627301
-1
0
207
139
0.00364845
31
-0.855097
-1
0
241
649
0.0042282
31
116.565
-1
0
375
542
0.00892869
31
-111.866
-1
0
303
594
0.00566025
31
26.3654
-1
0
177
176
0.0102248
31
50.9754
-1
0
110
492
0.00455524
31
161.703
-1
0
390
569
0.00419366
31
106.909
-1
0
128
502
0.00372195
31
-44.5559
-1
0
152
604
0.00370379
31
171.957
-1
0
138
176
0.00969946
31
-158.243
-1
0
135
162
0.0106555
31
-5.03379
-1
0
245
650
0.00904278
31
-162.832
-1
0
122
162
0.00829152
31
46.7961
-1
0
336
680
0.00966078
31
-100.024
-1
0
404
306
0.00395951
31
-178.562
-1
0
123
103
0.00379261
31
-108.435
-1
0
133
103
0.00378631
31
94.2364
-1
0
329
681
0.00431581
31
-168.612
-1
0
123
108
0.00679382
31
-43.1817
-1
0
153
108
0.00564276
31
171.573
-1
0
221
639
0.00607746
31
87.8389
-1
0
163
269
0.00388504
31
-31.2062
-1
0
179
121
0.00806181
31
-47.8156
-1
0
175
121
0.0092656
31
-45
-1
0
152
121
0.00808954
31
-35.6045
-1
0
177
120
0.0109837
31
104.087
-1
0
101
162
0.00535142
31
-8.06325
-1
0
269
646
0.00493324
31
120.334
-1
0
371
539
0.00478031
31
-122.005
-1
0
135
120
0.00560197
31
120.324
-1
0
292
498
0.00499385
31
-15.2551
-1
0
134
540
0.00410176
31
67.5516
-1
0
210
269
0.00363729
31
-26.8058
-1
0
266
577
0.00316938
31
-28.7676
-1
0
143
559
0.00328241
31
16.294
-1
0
135
576
0.00350983
31
22.2856
-1
0
111
147
0.00348765
31
-61.0373
-1
0
267
556
0.00331058
31
177.266
-1
0
125
672
0.00321336
31
0
-1
0
273
646
0.00332777
31
-104.663
-1
0
103
126
0.00339638
31
-47.9609
-1
0
270
546
0.00335127
31
-49.6106
-1
0
272
548
0.00344787
31
90
-1
0
158
269
0.00332756
31
93.5458
-1
0
148
269
0.00329486
31
83.2487
-1
0
178
255
0.00323076
31
-105.826
-1
0
312
514
0.0034062
31
-100.107
-1
0
404
304
0.00355841
31
50.4281
-1
0
126
477
0.00320841
31
-131.424
-1
0
146
103
0.00322001
31
-70.6557
-1
0
109
134
0.00349145
31
-23.6705
-1
0
109
139
0.00348581
31
104.036
-1
0
313
525
0.00356814
31
-77.3807
-1
0
198
605
0.00333397
31
-98.9121
-1
0
411
295
0.00333579
31
139.95
-1
0
295
528
0.00331762
31
147.698
-1
0
367
344
0.0027807
31
-85.0303
-1
0
232
580
0.0031397
31
111.801
-1
0
138
619
0.00279205
31
-7.75725
-1
0
228
131
0.00301245
31
155.145
-1
0
321
677
0.00297832
31
41.4237
-1
0
354
654
0.00310527
31
2.97925
-1
0
232
158
0.00313617
31
-114.444
-1
0
224
643
0.00311977
31
114.399
-1
0
378
538
0.00315308
31
-5.30093
-1
0
216
134
0.0028597
31
-62.1027
-1
0
214
599
0.00288156
31
100.954
-1
0
116
269
0.00294531
31
172.972
-1
0
297
634
0.00301853
31
-15.1541
-1
0
111
141
0.00283434
31
22.8467
-1
0
199
162
0.00283604
31
-40.4261
-1
0
273
541
0.00310039
31
82.875
-1
0
155
449
0.00311307
31
32.1419
-1
0
231
662
0.0029323
31
90.3845
-1
0
135
269
0.00288548
31
-170.754
-1
0
282
636
0.00302611
31
75.3791
-1
0
112
157
0.00315375
31
83.1336
-1
0
317
525
0.00313264
31
-136.664
-1
0
299
588
0.00293319
31
138.094
-1
0
318
132
0.00281131
31
163.301
-1
0
335
670
0.00302928
31
178.142
-1
0
394
666
0.00277605
31
35.4171
-1
1
154.8
448.8
0.00307639
37.2
-81.9509
-1
1
232.8
576
0.00226493
37.2
-105.422
-1
1
309.6
576
0.00324889
37.2
-130.575
-1
1
349.2
488.4
0.00304621
37.2
156.975
-1
1
319.2
132
0.00229078
37.2
60.5241
-1
1
180
238.8
0.00288804
37.2
-28.763
-1
1
266.4
577.2
0.00305817
37.2
165.677
-1
1
291.6
498
0.00313333
37.2
-112.166
-1
1
231.6
579.6
0.00210181
37.2
-10.2348
-1
1
270
645.6
0.00314644
37.2
98.1301
-1
1
194.4
645.6
0.0034864
37.2
121.329
-1
1
142.8
631.2
0.00347592
37.2
-166.945
-1
1
212.4
630
0.00212758
37.2
172.674
-1
1
277.2
366
0.00242711
37.2
-21.5504
-1
1
270
586.8
0.00193481
37.2
-24.4698
-1
1
180
123.6
0.00262748
37.2
142.024
-1
1
295.2
528
0.0023399
37.2
-112.645
-1
1
298.8
588
0.00249874
37.2
-169.627
-1
1
373.2
129.6
0.00219285
37.2
-3.27049
-1
1
150
490.8
0.0023414
37.2
-145.437
-1
1
363.6
480
0.00197151
37.2
177
-1
1
374.4
135.6
0.00256107
37.2
-34.6747
-1
1
178.8
121.2
0.00393129
37.2
66.0899
-1
1
350.4
664.8
0.00340267
37.2
-82.875
-1
1
307.2
594
0.00245622
37.2
-1.60901
-1
1
336
571.2
0.00258864
37.2
53.387
-1
1
355.2
662.4
0.00224157
37.2
-32.2399
-1
1
267.6
597.6
0.00220468
37.2
-22.4794
-1
1
248.4
662.4
0.0042302
37.2
-75.4342
-1
1
214.8
600
0.0024806
37.2
165.141
-1
1
297.6
633.6
0.00242588
37.2
128.333
-1
1
237.6
290.4
0.00212004
37.2
-39.629
-1
1
152.4
604.8
0.00215928
37.2
27.341
-1
1
178.8
175.2
0.00316188
37.2
52.3996
-1
1
355.2
658.8
0.00212429
37.2
41.7039
-1
1
176.4
175.2
0.00331373
37.2
-4.32506
-1
1
244.8
658.8
0.00265817
37.2
160.56
-1
1
139.2
175.2
0.00209074
37.2
175.486
-1
1
136.8
175.2
0.00239722
37.2
-17.488
-1
1
253.2
657.6
0.00474206
37.2
-90
-1
1
285.6
607.2
0.00239968
37.2
-94.8645
-1
1
303.6
594
0.00508099
37.2
-2.97023
-1
1
152.4
534
0.00329029
37.2
92.1165
-1
1
126
268.8
0.00199326
37.2
153.831
-1
1
362.4
346.8
0.0021983
37.2
161.565
-1
1
313.2
633.6
0.00233684
37.2
-91.6847
-1
1
199.2
610.8
0.00233678
37.2
118.954
-1
1
379.2
538.8
0.00223833
37.2
-16.2739
-1
1
270
573.6
0.00314924
37.2
-37.5686
-1
1
270
546
0.0019517
37.2
57.0241
-1
1
354
654
0.00241577
37.2
52.125
-1
1
282
636
0.00201691
37.2
-19.7468
-1
1
134.4
540
0.00254996
37.2
92.411
-1
1
148.8
268.8
0.00220977
37.2
4.1065
-1
1
241.2
652.8
0.00521169
37.2
85.2878
-1
1
164.4
268.8
0.00301615
37.2
167.471
-1
1
138
144
0.00278854
37.2
150.255
-1
1
274.8
386.4
0.00209116
37.2
95.5149
-1
1
187.2
268.8
0.00204332
37.2
170.218
-1
1
145.2
193.2
0.00292871
37.2
15.1858
-1
1
199.2
162
0.00249332
37.2
-26.5651
-1
1
273.6
542.4
0.00243889
37.2
-160.831
-1
1
134.4
162
0.00372473
37.2
-168.857
-1
1
121.2
162
0.00345666
37.2
-1.36393
-1
1
241.2
649.2
0.00272119
37.2
45.8579
-1
1
130.8
477.6
0.00195296
37.2
-9.82528
-1
1
246
649.2
0.00456573
37.2
116.983
-1
1
375.6
542.4
0.00494589
37.2
-27.4128
-1
1
199.2
127.2
0.0034691
37.2
-6.40435
-1
1
324
549.6
0.00200444
37.2
69.1196
-1
1
210
268.8
0.00255292
37.2
155.15
-1
1
134.4
151.2
0.00368501
37.2
62.354
-1
1
234
268.8
0.00196041
37.2
-11.2059
-1
1
273.6
645.6
0.0027301
37.2
-142.883
-1
1
210
649.2
0.00286517
37.2
100.62
-1
1
194.4
648
0.00271437
37.2
-20.1964
-1
1
228
126
0.00208811
37.2
127.917
-1
1
138
619.2
0.00192636
37.2
26.7424
-1
1
244.8
621.6
0.00464959
37.2
157.834
-1
1
122.4
151.2
0.00199894
37.2
-172.36
-1
1
314.4
493.2
0.00206561
37.2
86.1215
-1
1
168
529.2
0.00230059
37.2
72.8015
-1
1
355.2
643.2
0.00449189
37.2
-26.9315
-1
2
266.4
577.44
0.00326105
44.64
-128.991
-1
2
348.48
489.6
0.00169404
44.64
-31.185
-1
2
152.64
604.8
0.00151909
44.64
159.887
-1
2
220.32
587.52
0.00169032
44.64
1.37483
-1
2
241.92
619.2
0.00339749
44.64
-98.5172
-1
2
303.84
596.16
0.00248941
44.64
-2.45403
-1
2
151.2
534.24
0.00247853
44.64
-100.008
-1
2
309.6
576
0.00308432
44.64
-82.4386
-1
2
233.28
576
0.00271485
44.64
-178.386
-1
2
292.32
496.8
0.00229191
44.64
148.941
-1
2
275.04
385.92
0.00208665
44.64
-30.6354
-1
2
270.72
545.76
0.00151166
44.64
13.2633
-1
2
244.8
622.08
0.00358649
44.64
-147.995
-1
2
276.48
466.56
0.00156629
44.64
29.5388
-1
2
154.08
449.28
0.00249572
44.64
144.944
-1
2
296.64
528.48
0.00193284
44.64
167.764
-1
2
277.92
365.76
0.0024475
44.64
13.4249
-1
2
200.16
162.72
0.00157492
44.64
-21.5953
-1
2
273.6
542.88
0.00224323
44.64
-6.05419
-1
2
335.52
571.68
0.00214802
44.64
-85.1116
-1
2
214.56
600.48
0.00213173
44.64
0.561705
-1
2
154.08
540
0.00217909
44.64
-11.1429
-1
2
329.76
564.48
0.00199627
44.64
-166.729
-1
2
313.92
491.04
0.00203905
44.64
83.7581
-1
2
164.16
266.4
0.00288832
44.64
4.49258
-1
2
208.8
144
0.0014592
44.64
151.499
-1
2
299.52
524.16
0.00199996
44.64
-159.444
-1
2
223.2
642.24
0.00178803
44.64
180
-1
2
279.36
468
0.00195419
44.64
-149.146
-1
2
364.32
480.96
0.00202926
44.64
-33.0417
-1
2
266.4
597.6
0.00188557
44.64
164.055
-1
2
296.64
635.04
0.00300522
44.64
-150.781
-1
2
211.68
629.28
0.00143845
44.64
-107.274
-1
2
298.08
590.4
0.00190591
44.64
-40.3051
-1
2
267.84
558.72
0.00224711
44.64
85.7895
-1
2
178.56
256.32
0.00134053
44.64
-47.0576
-1
2
249.12
570.24
0.00138646
44.64
153.435
-1
2
362.88
347.04
0.00143022
44.64
103.039
-1
2
348.48
527.04
0.00136091
44.64
-78.7565
-1
2
285.12
607.68
0.00138709
44.64
5.06942
-1
2
231.84
158.4
0.00142783
44.64
-144.689
-1
2
221.76
637.92
0.0013285
44.64
-156.801
-1
2
368.64
172.8
0.00132923
44.64
-11.1363
-1
3
273.024
542.592
0.0015644
53.568
104.845
-1
3
316.224
530.496
0.00143783
53.568
150.676
-1
3
295.488
527.04
0.00180276
53.568
-167.705
-1
3
219.456
587.52
0.00153624
53.568
-98.34
-1
3
222.912
606.528
0.00194259
53.568
-158.459
-1
3
290.304
495.936
0.00196309
53.568
-163.254
-1
3
312.768
490.752
0.0016845
53.568
-31.2121
-1
3
264.384
597.888
0.0013258
53.568
-41.8675
-1
3
267.84
559.872
0.00214164
53.568
-160.253
-1
3
276.48
466.56
0.00108575
53.568
85.2964
-1
3
179.712
255.744
0.00133046
53.568
-105.848
-1
3
297.216
589.248
0.00122089
53.568
-94.7636
-1
3
233.28
577.152
0.0028061
53.568
175.083
-1
3
278.208
364.608
0.00200215
53.568
-95.0424
-1
3
309.312
575.424
0.00329382
53.568
-49.9441
-1
3
247.104
570.24
0.00131836
53.568
-98.9938
-1
3
214.272
601.344
0.00194969
53.568
-2.38594
-1
3
333.504
571.968
0.00185286
53.568
-61.3631
-1
3
238.464
575.424
0.00127427
53.568
-28.4127
-1
3
267.84
575.424
0.0019559
53.568
156.425
-1
3
274.752
383.616
0.00200067
53.568
-22.8519
-1
3
269.568
546.048
0.00107246
53.568
89.029
-1
3
186.624
267.84
0.00103758
53.568
112.743
-1
3
321.408
525.312
0.00105849
53.568
-162.97
-1
3
307.584
495.936
0.00106286
53.568
-44.1854
-1
3
224.64
193.536
0.00101499
53.568
-104.522
-1
3
176.256
378.432
0.00102898
53.568
71.1699
-1
4
228.096
267.494
0.00129186
64.2816
157.598
-1
4
275.789
383.616
0.00192204
64.2816
-40.7321
-1
4
271.642
564.019
0.00156885
64.2816
177.207
-1
4
279.936
364.954
0.00126546
64.2816
-164.476
-1
4
290.304
495.59
0.00131192
64.2816
-84.0194
-1
4
234.317
576.461
0.00207954
64.2816
-31.4296
-1
4
267.494
574.387
0.00166512
64.2816
-38.7844
-1
4
267.494
559.872
0.00189165
64.2816
-15.5725
-1
4
273.715
543.283
0.00129995
64.2816
154.22
-1
4
296.525
526.694
0.00148648
64.2816
172.316
-1
4
296.525
518.4
0.00096417
64.2816
291
64
218
217
222
222
54
125
92
87
63
251
61
218
15
210
182
223
235
214
48
107
142
253
227
51
111
215
179
59
83
105
54
104
215
38
148
250
66
125
251
117
114
254
187
111
151
20
245
111
145
172
26
5
224
29
158
73
16
242
51
191
89
85
35
251
131
206
18
231
233
216
166
193
10
89
10
79
130
87
200
184
111
139
172
11
70
44
172
88
103
223
27
99
150
34
3
23
2
243
121
17
113
150
238
6
101
52
168
247
173
138
124
177
192
209
116
240
205
230
171
171
195
88
128
7
68
101
145
62
6
192
10
137
3
209
140
165
17
218
56
152
16
38
43
226
137
16
1
153
9
80
199
48
41
69
9
32
65
204
51
18
244
4
157
234
86
121
41
48
50
78
56
44
22
150
84
112
27
168
30
5
144
29
212
88
146
224
43
220
77
82
96
242
176
214
53
199
173
252
183
185
61
89
126
79
173
93
88
37
245
206
197
56
244
32
154
248
249
253
81
242
252
19
99
191
207
240
217
16
245
153
232
35
117
28
43
183
228
131
252
49
136
219
137
43
252
135
142
105
39
210
246
141
210
95
44
28
58
130
32
139
207
217
134
41
206
2
154
4
249
84
121
180
213
18
67
144
212
114
19
196
145
84
77
160
134
214
143
144
140
104
203
4
253
2
232
0
45
21
86
169
84
247
182
101
186
154
137
11
178
133
72
113
39
3
158
176
34
203
108
64
53
38
177
40
136
196
161
109
194
58
194
49
225
1
139
16
251
136
163
64
241
35
91
221
212
153
117
239
2
140
225
206
77
140
69
190
60
176
41
110
108
68
32
139
85
241
183
111
184
236
8
0
242
29
28
65
4
242
151
177
186
71
104
118
133
190
247
69
188
249
167
240
248
189
230
235
206
121
202
129
235
237
175
107
245
109
74
245
229
127
21
246
124
7
227
103
223
98
117
188
84
184
249
124
125
28
58
183
213
225
127
103
184
253
12
37
240
157
154
77
62
214
23
165
216
87
36
218
30
251
223
221
190
185
222
112
90
187
255
249
223
116
221
250
245
215
126
251
207
125
195
251
173
95
227
127
92
111
245
122
223
60
93
191
94
121
249
117
112
92
251
47
247
182
245
127
155
175
24
7
240
29
159
73
16
243
51
255
121
87
32
254
43
134
160
35
139
205
135
13
169
212
214
69
184
60
41
4
205
59
35
208
240
23
91
85
81
125
93
230
100
214
195
194
141
40
67
36
251
8
232
40
105
29
116
169
213
113
182
105
185
202
137
13
246
5
88
65
54
210
151
181
178
219
104
74
1
131
13
12
32
24
24
66
49
24
6
197
88
53
108
35
128
92
1
33
196
32
192
115
77
136
132
16
120
4
57
72
214
48
81
168
82
122
136
32
210
62
24
14
208
22
225
111
153
172
24
5
240
29
157
8
16
226
51
188
72
87
34
251
218
152
154
247
110
147
222
166
95
187
117
219
158
194
51
90
52
211
56
187
205
61
199
91
169
67
242
127
94
105
183
126
247
177
60
113
255
253
250
247
240
95
231
108
187
20
211
123
223
234
25
199
244
125
189
239
87
247
191
251
249
57
48
255
77
58
146
125
57
225
186
244
24
184
195
173
192
148
139
35
164
137
203
74
237
45
78
217
133
40
234
198
64
5
167
230
127
17
117
45
21
186
232
103
152
28
83
6
239
227
171
123
184
202
40
119
240
253
88
65
23
203
159
167
184
98
231
71
194
4
136
179
73
194
90
5
2
235
1
206
178
194
6
22
10
19
32
195
138
165
235
11
84
211
178
47
2
41
35
67
135
166
21
51
51
72
106
98
96
104
44
233
211
28
245
123
89
172
24
5
229
24
60
235
17
242
51
185
24
87
48
234
60
34
241
32
8
132
33
109
198
44
210
53
117
40
153
86
250
160
195
64
240
35
218
141
156
184
244
205
2
156
97
206
77
172
71
190
156
176
33
78
44
64
68
138
69
225
161
79
184
36
137
8
178
28
28
81
36
114
151
177
170
199
40
118
12
10
128
168
1
201
164
69
13
192
14
4
16
22
235
161
139
56
225
0
196
16
94
129
81
85
17
160
32
194
11
195
141
0
83
32
49
194
233
40
36
53
52
33
85
151
54
224
152
232
169
56
151
13
72
16
38
128
135
161
3
75
108
74
0
42
129
0
136
200
128
126
192
0
2
4
64
4
9
160
74
68
131
0
192
4
10
197
74
144
28
0
128
10
11
74
85
4
65
8
28
162
73
2
128
20
0
2
65
32
160
233
178
44
9
0
176
29
28
1
4
2
2
160
0
5
96
102
131
198
12
13
238
152
159
16
58
119
61
202
136
57
100
9
128
245
44
160
200
64
10
120
76
213
137
54
189
11
17
87
213
100
80
56
90
121
168
162
118
94
40
15
209
20
252
17
153
141
24
5
240
29
159
73
16
242
50
156
80
87
32
249
163
137
139
95
31
67
209
142
210
184
44
205
51
206
47
251
235
214
0
3
198
171
230
38
77
203
162
11
211
74
19
106
247
38
85
186
82
114
203
244
82
93
28
46
212
22
165
110
153
172
90
5
240
29
156
65
16
242
35
189
88
86
34
249
26
146
142
207
175
241
154
53
30
251
86
141
157
62
25
148
109
214
9
42
200
33
206
121
41
153
40
46
95
65
53
127
85
164
61
48
119
115
168
118
241
78
107
62
87
132
217
119
153
141
94
5
244
13
159
73
144
242
59
157
80
15
34
247
250
123
91
246
255
58
94
59
222
57
255
115
175
214
68
120
118
151
61
215
103
172
129
87
175
222
243
175
214
51
230
252
218
45
84
255
95
124
233
245
88
220
177
127
201
15
247
111
137
167
17
135
248
63
158
73
80
242
55
191
88
23
176
154
69
142
130
48
77
58
34
95
48
248
130
193
2
153
6
15
192
109
161
99
196
39
216
115
69
202
136
6
80
0
33
71
215
34
84
168
83
56
237
116
80
28
58
175
209
81
119
235
153
172
24
0
241
29
156
73
16
242
51
189
88
87
32
250
129
138
70
199
253
184
226
144
56
57
46
79
138
115
234
161
34
237
189
43
196
45
10
120
99
94
25
54
188
67
3
87
191
227
120
80
117
219
255
167
197
53
74
87
201
7
250
225
204
85
9
52
221
231
139
174
55
92
182
39
192
61
149
92
215
186
210
215
236
194
218
160
90
185
83
223
142
119
67
56
60
195
188
179
205
45
203
91
235
94
251
127
78
43
231
127
215
241
125
53
127
185
250
119
113
92
235
111
237
24
255
123
153
206
24
67
244
229
156
235
71
255
182
191
248
119
48
254
99
5
130
18
0
134
4
7
66
228
1
128
18
162
18
26
100
35
32
135
130
5
83
3
216
2
164
12
2
152
208
97
135
38
32
178
11
12
66
200
0
72
52
233
155
24
1
239
81
168
24
5
52
24
56
195
25
115
51
177
24
112
0
234
30
49
72
142
23
65
24
46
70
130
213
52
57
14
33
82
24
18
64
144
3
178
197
6
12
144
240
25
18
232
157
121
24
44
149
154
78
90
3
87
16
201
197
8
134
20
128
108
23
46
147
135
58
24
116
81
136
35
188
89
41
137
162
71
13
204
204
72
29
251
117
118
57
244
236
157
76
61
239
235
235
252
185
40
228
65
238
51
109
109
8
54
125
69
89
111
189
99
113
120
86
211
253
254
115
159
106
39
92
146
117
226
153
36
79
4
240
29
147
12
56
228
43
188
216
70
38
221
124
47
245
196
112
95
35
117
255
84
86
23
221
125
219
228
250
213
202
44
116
109
210
246
157
168
28
29
172
222
95
237
7
71
103
190
196
250
223
92
181
149
209
150
45
166
237
109
183
37
237
184
178
31
159
95
108
124
90
77
203
15
45
254
0
46
1
0
136
200
4
65
104
1
10
69
194
37
72
129
203
0
165
1
196
4
56
193
195
85
1
166
0
14
1
68
85
2
65
8
8
162
237
0
101
20
40
167
69
70
116
227
128
164
8
4
242
29
9
9
4
82
2
165
64
87
96
106
210
169
154
151
32
198
220
166
91
135
125
218
150
227
22
58
125
131
52
167
15
165
231
195
217
87
247
111
3
170
210
42
151
60
69
166
95
9
234
248
112
92
177
233
149
24
181
111
219
172
9
195
240
29
56
211
67
243
51
249
120
113
96
234
0
192
8
139
1
208
0
164
1
138
40
140
16
4
13
162
9
16
1
145
9
144
205
0
65
5
8
0
1
142
35
16
248
4
85
170
18
104
9
48
50
68
52
40
22
20
36
96
27
40
58
4
144
25
228
8
144
224
43
248
8
82
98
227
64
9
131
31
0
195
224
239
64
128
86
21
82
196
139
10
171
84
33
102
14
45
198
131
75
218
146
4
64
10
50
24
214
38
117
186
22
124
203
84
48
116
184
46
77
20
97
238
153
172
25
133
240
28
156
72
0
226
59
249
72
7
33
242
42
142
174
41
42
221
150
5
189
216
22
69
153
52
57
196
157
185
99
144
241
83
87
213
81
93
157
182
108
246
183
194
141
120
67
36
255
24
232
40
108
29
116
173
213
245
183
107
185
238
136
15
246
13
216
89
54
195
23
181
114
219
104
90
18
19
17
211
232
208
138
9
142
19
3
68
129
80
17
17
126
215
0
34
204
33
130
66
12
214
181
110
22
42
17
42
151
36
81
176
114
72
234
64
96
92
32
45
213
4
245
111
153
140
24
5
240
29
156
73
17
114
50
189
80
87
32
250
1
12
172
8
201
206
163
124
184
84
6
5
8
61
75
165
128
124
145
96
240
3
222
113
121
168
12
4
124
1
9
79
253
98
65
32
83
130
13
40
145
180
24
134
68
226
96
225
25
8
95
12
145
93
141
0
56
192
43
172
194
135
6
217
1
70
10
10
5
80
132
158
19
154
40
1
32
8
33
3
15
118
164
24
64
18
60
0
64
149
17
32
23
64
0
17
104
0
152
32
48
68
34
33
96
98
42
45
22
196
20
208
48
155
126
4
142
128
236
0
151
32
174
14
7
145
68
18
34
2
0
2
140
16
128
33
194
2
18
68
40
35
1
0
70
66
1
176
64
66
129
68
72
128
12
8
134
8
9
24
52
76
200
154
72
0
9
0
133
64
24
136
64
96
128
68
18
60
17
0
50
0
68
9
8
32
2
128
64
83
96
32
101
46
183
49
200
236
171
85
232
238
202
5
193
197
155
167
139
105
195
98
253
47
94
159
215
124
150
230
0
150
43
198
71
146
71
45
144
174
237
14
44
52
0
162
103
97
47
243
184
108
40
123
243
93
28
16
143
10
195
161
170
231
105
102
195
213
138
30
21
2
92
142
18
170
189
176
34
130
7
27
0
6
0
151
0
131
229
3
68
131
226
9
19
40
0
104
161
36
148
250
114
36
3
245
66
74
49
200
146
16
129
78
83
174
90
5
48
24
245
67
144
178
47
24
28
84
162
233
140
9
139
137
2
89
129
238
157
130
14
6
81
132
123
234
137
24
195
6
68
144
68
128
91
229
20
0
129
202
30
152
172
16
195
224
20
66
201
40
50
53
20
48
84
246
36
236
63
44
139
21
147
31
80
16
36
0
13
56
13
200
74
64
133
227
73
64
176
152
77
72
168
3
171
218
193
85
204
97
2
69
6
105
14
100
0
104
45
150
7
35
22
42
17
24
82
198
220
138
0
187
187
150
131
226
40
117
178
142
124
19
1
181
48
100
9
145
167
44
16
66
48
14
76
85
97
176
20
58
84
85
248
137
154
113
90
177
215
119
204
119
200
32
244
195
70
163
213
45
195
247
201
126
228
126
108
14
131
110
223
45
69
190
94
58
233
84
209
92
185
175
193
38
253
111
153
172
25
3
240
29
152
73
2
115
51
189
88
23
32
254
10
5
136
146
7
157
92
3
39
66
45
2
146
140
36
87
205
50
32
209
138
118
83
67
20
87
179
104
18
254
148
32
2
28
147
10
130
72
106
66
32
129
100
105
151
92
181
47
87
136
16
4
34
25
242
19
17
51
48
53
1
185
72
234
9
10
167
129
137
189
165
120
172
213
66
71
153
61
27
4
128
125
193
40
240
69
202
241
73
168
24
0
60
192
25
143
31
66
81
32
21
202
13
8
197
53
90
38
69
161
125
225
26
24
169
60
211
77
141
12
45
68
7
164
194
143
4
94
36
134
101
137
202
215
135
133
165
198
10
4
25
61
59
164
137
56
67
36
208
83
126
160
88
96
12
4
33
152
25
194
229
40
67
170
82
114
13
168
22
21
16
174
84
118
64
224
25
44
152
8
147
29
132
24
16
192
35
188
74
86
42
248
197
1
140
144
205
146
6
18
52
31
4
67
138
217
36
9
0
125
181
39
192
101
130
99
66
210
153
38
152
8
0
1
214
34
208
160
82
72
103
32
80
52
26
15
209
16
245
207
24
172
24
4
241
121
156
11
16
178
51
189
72
87
36
250
51
17
33
158
29
36
15
92
198
110
56
17
33
77
148
21
243
228
65
64
192
40
145
14
76
168
162
9
83
24
97
105
96
36
94
186
82
112
1
245
82
78
18
139
198
18
196
78
136
164
88
0
96
28
157
65
144
178
51
188
88
70
34
176
6
200
138
139
3
208
146
165
25
154
54
216
16
18
75
170
137
16
32
153
1
17
231
0
105
1
9
32
69
12
1
18
245
36
85
170
82
122
169
48
242
94
48
44
22
150
16
104
155
172
30
5
145
29
221
72
146
226
42
252
88
83
34
251
95
190
239
101
254
182
155
120
248
63
214
95
206
125
2
65
232
237
59
242
228
101
74
255
238
250
188
183
126
23
115
239
215
109
85
187
94
56
233
117
124
92
27
15
213
49
247
107
185
172
24
7
240
29
156
73
20
246
51
189
216
87
32
254
56
14
163
227
139
229
162
253
92
249
82
85
177
80
251
228
234
213
201
107
212
41
207
121
57
138
34
6
86
193
59
255
103
167
125
49
119
251
237
86
209
85
66
14
75
134
73
243
157
44
92
5
246
31
141
73
16
112
35
189
75
15
32
254
20
1
149
20
0
2
32
118
2
0
81
17
68
225
130
2
46
8
128
100
66
45
192
163
202
10
132
92
32
4
0
72
94
54
32
186
4
40
18
68
148
32
153
134
232
32
193
78
19
36
73
210
32
24
28
9
9
98
19
209
8
5
1
235
65
75
135
223
0
195
225
250
65
148
70
151
210
244
201
74
235
85
33
111
14
172
196
243
73
254
147
36
80
10
50
25
210
38
117
186
82
120
203
116
48
124
184
46
93
148
101
238
137
172
24
5
240
29
156
72
16
226
51
189
88
71
33
250
213
254
127
85
252
152
223
112
122
253
255
251
206
113
192
184
231
199
62
107
221
109
227
251
237
111
227
126
124
15
227
127
255
101
84
190
94
57
249
245
247
92
185
191
209
34
253
127
153
173
25
7
240
29
159
73
80
246
51
189
88
87
32
254
250
249
138
191
103
67
94
143
215
131
181
250
191
194
54
94
255
147
118
215
11
151
243
7
182
215
251
61
195
251
214
168
134
173
15
223
234
109
234
115
50
203
229
105
151
92
181
62
215
174
146
135
42
17
116
251
208
179
248
121
61
121
248
139
18
1
144
180
0
10
120
71
18
8
66
69
66
192
2
50
116
10
128
129
196
45
97
67
221
10
226
196
2
164
168
96
7
48
96
160
61
10
194
192
192
148
145
193
224
23
163
110
145
162
41
67
224
29
57
65
7
51
23
241
0
50
129
107
3
16
8
35
141
160
138
24
146
43
128
101
160
4
32
17
102
55
1
16
192
38
74
77
0
136
96
6
82
33
41
102
95
172
152
52
51
10
0
195
200
66
10
8
192
69
129
91
56
26
24
5
100
128
220
97
16
50
183
156
0
23
34
89
67
197
136
58
1
2
28
14
33
170
137
138
56
165
39
10
143
48
33
208
8
243
83
34
84
213
145
32
67
160
35
64
219
4
1
184
3
104
32
104
50
74
60
41
23
85
103
108
25
170
24
5
160
24
124
12
24
226
63
185
24
67
34
99
6
194
78
137
39
209
150
165
61
218
28
156
24
52
63
202
137
80
25
188
65
81
198
48
105
65
8
0
93
205
57
27
245
36
29
234
94
123
137
48
114
94
56
62
22
150
80
96
27
45
30
5
145
29
157
76
144
226
42
156
89
91
34
243
250
202
139
251
42
87
248
167
93
186
120
154
19
128
123
250
215
214
121
75
76
177
237
30
13
131
183
42
211
193
55
250
225
4
222
249
119
116
225
240
242
95
116
60
210
150
145
125
159
172
30
5
242
29
157
89
144
240
51
188
93
90
98
177
21
34
245
32
152
160
39
124
224
40
226
49
228
33
129
0
235
44
163
64
233
1
74
221
196
249
125
175
40
12
97
78
221
132
69
190
28
176
41
110
108
84
56
167
69
113
190
67
184
228
9
34
240
28
92
65
44
242
151
161
152
71
96
94
71
6
4
0
200
140
6
0
34
38
3
2
136
37
16
0
4
65
0
228
136
97
2
192
72
16
140
76
0
8
17
1
85
20
81
10
8
72
0
10
36
0
8
9
5
8
228
9
17
140
0
4
37
89
24
139
8
67
16
52
64
19
96
226
0
205
174
13
233
210
186
239
156
144
205
205
82
117
15
172
137
8
67
214
244
3
118
151
83
105
140
132
65
150
42
146
237
56
67
184
83
50
200
252
218
30
16
174
212
115
131
110
185
174
30
1
240
29
156
65
16
242
51
188
120
87
34
249
90
241
203
218
54
81
88
143
83
170
49
184
124
130
167
219
234
212
48
43
11
144
101
10
141
129
163
9
67
105
60
56
112
38
188
251
74
117
3
247
178
203
108
92
18
148
64
188
85
45
86
71
42
26
166
76
144
240
41
94
93
76
98
179
122
49
19
55
54
32
249
174
210
168
211
53
97
194
145
82
114
134
2
82
239
170
197
22
140
138
230
137
66
168
229
254
98
44
36
190
95
58
129
221
216
76
145
74
226
35
129
78
171
174
89
67
112
30
29
65
128
243
51
248
120
6
34
181
16
171
131
205
32
219
160
231
77
144
250
213
83
52
91
168
251
136
105
207
197
1
103
211
223
73
8
164
5
134
50
202
245
36
71
186
92
114
233
100
243
92
48
46
213
134
179
110
153
172
141
1
240
29
156
89
4
242
19
181
88
87
32
250
26
208
77
138
54
83
30
60
115
18
61
152
61
50
37
88
157
214
56
188
0
80
164
32
168
213
249
120
63
106
150
40
148
92
145
192
110
81
42
113
50
139
111
61
181
156
244
108
23
155
135
135
186
161
242
223
220
167
56
88
113
217
118
211
192
2
128
2
193
72
6
5
42
1
42
3
128
39
10
33
9
35
160
132
73
129
83
192
82
69
25
32
128
142
130
0
12
0
67
160
32
0
13
0
100
20
48
161
5
80
60
228
16
128
168
56
131
75
72
170
14
73
4
36
0
81
64
72
50
22
160
134
29
102
140
63
198
88
56
87
33
6
18
37
251
198
97
208
208
38
209
87
72
157
177
10
82
26
35
104
207
44
87
186
90
56
233
116
112
92
48
175
212
52
181
111
153
172
24
1
240
29
156
65
16
242
51
189
88
87
32
250
2
18
0
130
159
128
2
9
66
10
146
36
160
2
32
17
68
22
1
144
192
16
75
64
4
144
104
9
18
8
1
0
77
36
158
176
40
104
1
64
0
64
6
8
64
4
128
69
16
44
24
4
34
0
92
9
0
34
22
144
8
19
96
98
2
18
0
130
159
129
2
24
2
2
128
38
160
0
33
65
66
85
1
144
192
20
9
72
4
144
40
8
146
8
9
80
88
36
158
154
0
104
1
2
128
64
6
8
64
4
128
17
16
60
16
4
34
152
76
1
0
32
146
20
0
27
38
33
58
132
40
139
3
69
159
133
7
198
29
140
25
44
59
246
157
50
64
144
16
210
215
0
57
245
188
72
3
251
223
43
133
188
3
72
138
65
74
74
32
137
101
40
23
28
36
44
23
138
211
13
190
1
112
242
184
35
104
120
179
137
90
226
2
18
0
130
159
128
2
24
66
10
146
38
160
0
33
17
68
87
0
144
192
16
75
64
4
144
104
1
18
72
9
64
77
44
158
176
104
104
1
65
128
64
6
8
0
68
128
77
16
60
24
4
34
152
92
1
0
34
22
148
8
19
100
67
205
154
130
33
253
250
166
208
60
185
170
75
130
88
107
173
137
253
233
210
237
7
26
121
67
125
25
102
212
7
35
215
207
49
219
33
81
184
236
35
121
28
50
55
213
97
191
241
184
222
24
33
213
253
216
193
18
155
183
165
208
83
4
90
235
244
111
43
223
117
135
157
248
213
172
236
109
63
167
237
203
116
59
244
121
211
63
180
102
253
25
161
255
30
3
19
189
108
151
250
90
49
45
52
126
91
58
191
85
121
116
164
56
188
78
12
209
191
196
73
184
164
37
28
26
215
110
89
78
176
207
53
126
179
219
62
208
191
213
117
251
80
51
65
136
221
123
243
224
55
194
223
44
234
188
167
82
85
53
234
215
44
149
187
94
120
233
117
120
92
123
46
209
117
147
107
187
172
24
7
240
29
156
73
20
242
51
189
120
87
96
250
242
35
163
150
2
6
9
167
198
238
83
19
17
130
19
86
114
68
64
7
26
137
244
6
28
128
166
9
130
152
16
202
97
36
102
186
156
108
3
204
128
64
149
138
10
4
1
204
26
44
217
137
50
26
52
81
192
48
65
80
14
4
40
97
61
252
252
232
117
127
117
118
57
92
220
189
76
191
206
237
139
220
249
236
117
81
225
179
107
125
25
180
125
87
226
233
220
81
145
224
199
83
253
53
127
159
187
183
125
179
118
236
191
181
239
156
233
237
218
156
254
207
111
239
219
203
110
215
187
213
120
186
255
55
123
24
180
127
241
250
173
74
180
93
246
247
21
112
240
118
144
122
38
170
226
31
219
113
117
233
199
164
158
187
243
120
49
253
210
202
94
201
208
17
209
95
152
190
24
5
104
60
220
81
24
178
115
158
222
222
42
185
1
210
85
2
217
200
7
88
234
37
46
77
172
125
204
177
235
245
5
96
196
99
171
101
77
253
41
47
59
11
81
111
213
100
85
154
66
114
233
126
245
220
40
47
213
18
244
111
145
164
24
4
240
29
159
73
24
242
51
189
88
87
32
250
243
213
236
214
55
167
93
50
51
125
53
219
142
235
36
95
226
247
52
171
251
109
243
115
104
186
179
63
123
25
112
109
215
102
180
186
66
125
51
245
86
202
186
47
219
16
213
79
17
164
24
5
104
184
158
77
24
182
115
159
88
87
38
251
161
159
239
212
54
191
217
115
50
223
17
215
207
113
52
79
170
213
44
107
214
45
194
115
13
218
179
62
94
14
54
107
215
36
85
186
82
120
249
117
112
92
56
47
209
4
245
111
153
172
24
5
240
29
158
73
16
242
51
159
88
87
32
250
94
33
139
220
2
67
88
230
18
162
87
20
81
132
27
226
8
84
16
78
10
153
198
3
12
128
162
13
67
168
60
40
113
39
53
251
78
119
67
84
176
225
149
72
15
140
65
238
95
44
95
197
33
24
180
74
192
98
41
217
77
4
50
243
131
202
16
239
233
216
166
200
42
25
42
203
130
119
204
153
111
171
173
45
78
172
40
120
103
223
27
99
191
34
3
21
146
227
120
81
97
215
255
166
231
62
42
117
173
138
124
145
192
209
116
116
205
231
171
171
3
220
132
39
84
101
149
26
149
254
119
69
248
186
179
122
250
149
134
255
230
63
204
169
226
229
159
45
244
14
0
245
235
254
92
159
124
11
74
62
158
101
101
158
80
155
205
252
221
28
26
150
233
226
248
231
169
53
45
57
248
63
143
77
52
254
50
173
120
71
39
219
119
221
217
222
55
94
93
79
151
68
21
152
19
222
236
223
235
213
48
109
6
45
224
35
111
215
179
45
83
43
22
41
150
36
53
218
66
121
235
117
50
219
185
109
189
28
245
110
209
164
18
5
168
25
182
75
16
242
56
63
88
85
35
251
171
236
111
11
255
253
147
157
252
211
174
236
249
30
239
237
203
180
95
212
125
146
63
180
53
253
89
169
215
91
127
179
232
44
199
218
90
115
141
188
186
95
80
30
84
255
152
52
157
61
86
13
217
159
197
97
176
224
45
188
94
223
46
217
210
249
154
159
34
210
220
166
91
167
61
222
158
230
22
186
125
195
112
167
15
165
231
135
233
87
183
111
67
171
214
42
151
60
5
230
95
9
234
120
114
94
177
105
149
28
181
111
155
172
139
195
240
29
56
219
80
243
51
249
120
113
98
234
189
46
245
70
248
207
35
122
254
85
134
119
255
59
250
228
250
181
255
45
245
79
186
245
191
254
29
63
174
218
86
45
159
101
103
158
192
219
253
92
213
149
120
183
233
106
252
229
165
165
233
188
242
31
155
15
120
126
114
173
203
157
44
218
189
190
247
69
248
255
179
122
250
213
198
127
255
59
226
205
234
245
255
45
245
77
242
245
191
250
93
63
126
95
86
47
159
101
116
222
212
219
253
253
213
149
123
151
233
168
248
229
141
181
237
189
242
191
154
79
124
126
114
205
219
157
44
222
33
5
132
6
17
196
29
63
146
76
62
55
160
15
131
36
235
166
33
84
80
38
211
119
88
189
177
40
82
26
34
41
206
36
85
186
82
56
201
124
112
92
56
175
212
48
181
110
153
172
24
5
240
29
156
65
16
242
51
189
88
87
32
250
58
1
128
150
35
197
30
37
70
202
121
22
177
70
51
102
251
211
97
70
88
167
195
86
88
221
177
41
82
154
50
168
198
36
87
186
83
120
201
116
112
92
48
47
213
20
181
110
153
172
24
5
240
29
156
73
16
242
51
189
88
87
32
250
19
20
0
2
5
136
4
41
2
0
27
4
32
6
8
16
101
2
0
144
192
32
1
194
192
20
224
72
0
8
129
64
76
36
81
186
10
10
1
64
32
144
16
171
68
0
164
79
144
36
9
4
160
25
24
1
0
50
19
176
8
23
32
74
14
193
136
56
7
16
220
15
2
138
49
170
144
66
39
26
12
11
32
211
131
117
66
74
132
147
243
233
3
96
165
66
135
152
141
5
59
108
98
99
34
42
245
105
183
85
151
127
91
202
24
71
38
65
124
240
159
147
151
211
53
251
216
99
71
6
0
0
200
132
6
0
34
102
3
2
136
37
32
1
4
97
0
228
136
97
2
192
72
84
156
108
128
8
17
1
85
20
81
10
8
72
0
10
36
0
8
9
69
8
228
9
16
140
16
4
35
89
24
139
8
67
16
52
64
83
96
226
131
1
139
146
3
66
69
142
198
166
45
196
51
206
50
51
231
118
32
3
70
163
100
6
68
199
165
11
147
10
18
105
247
38
87
186
82
96
235
244
114
92
48
43
212
84
181
110
153
172
24
5
240
25
156
65
16
242
51
189
88
86
32
248
100
40
33
128
1
79
38
111
141
32
250
52
113
164
218
230
155
16
67
84
20
146
228
134
93
197
140
0
0
158
10
200
72
12
103
170
132
34
129
68
56
149
53
167
6
39
36
104
179
38
255
136
131
29
85
24
192
96
5
248
43
6
40
82
90
129
154
159
34
83
88
166
83
162
21
156
16
162
63
90
29
18
48
174
11
241
199
139
137
65
182
92
65
233
150
98
215
20
5
227
154
77
226
123
50
235
229
104
183
156
193
110
95
234
58
199
182
89
112
222
211
227
57
89
125
120
83
231
192
221
154
253
0
70
252
199
19
235
41
204
2
132
135
187
47
74
180
79
14
137
100
11
109
207
179
107
83
35
162
55
96
147
61
73
51
229
110
243
51
234
160
248
190
28
93
190
73
136
118
241
205
114
36
226
209
153
105
75
21
116
147
162
197
39
7
85
192
38
42
240
160
140
2
7
192
197
131
3
32
105
139
102
122
173
0
210
202
126
151
228
128
6
34
16
114
51
69
187
25
56
69
68
108
32
24
142
229
104
139
79
8
172
8
67
209
94
28
65
5
106
19
149
76
102
33
114
238
253
171
154
54
87
89
143
215
206
21
220
91
142
54
255
248
246
52
191
20
149
116
3
221
130
166
11
83
248
126
105
226
44
150
250
218
126
193
252
210
206
52
168
146
22
97
238
217
172
26
5
224
29
188
81
144
242
115
189
95
212
106
251
131
134
4
1
204
156
130
0
40
69
7
78
136
49
68
33
4
97
4
160
200
1
26
96
74
84
25
38
164
2
3
3
213
52
80
8
74
2
168
162
208
28
8
143
209
26
252
1
145
140
24
1
241
29
157
11
16
82
50
188
64
87
32
248
215
232
219
217
112
218
214
238
27
241
253
250
198
177
206
250
203
197
60
47
134
69
238
123
111
215
153
111
119
43
18
111
151
135
245
203
86
255
255
118
242
190
233
117
159
158
117
235
223
173
47
149
249
125
191
78
80
254
58
127
89
85
55
255
214
138
211
247
249
136
218
200
26
185
18
95
131
211
194
184
98
215
61
43
206
141
238
121
47
218
58
47
214
43
51
63
119
167
124
251
118
255
239
246
209
92
168
94
203
14
217
179
201
172
24
181
245
151
157
235
80
248
51
189
92
21
49
255
7
225
0
42
85
2
3
10
128
2
128
34
32
11
132
17
64
36
3
212
1
130
0
4
70
128
72
9
147
8
40
0
184
44
132
158
0
32
5
196
10
66
16
136
80
121
0
132
16
36
16
0
0
24
68
1
0
160
1
144
28
198
34
1
17
200
28
43
168
152
248
32
58
187
102
203
140
49
77
18
70
138
129
43
204
100
202
121
41
0
33
114
108
65
161
127
247
208
56
96
119
203
184
34
243
222
107
5
178
22
91
115
155
200
56
37
252
133
253
108
31
211
190
237
209
19
66
255
93
242
219
106
125
242
183
94
210
154
236
245
103
87
133
121
235
213
191
71
193
37
229
119
166
223
121
175
87
10
35
122
215
4
213
187
118
120
237
117
112
92
58
45
213
21
245
111
152
188
24
5
240
61
220
73
16
178
55
159
88
87
36
250
250
249
155
190
22
75
92
15
87
131
125
254
51
198
54
250
125
19
52
215
15
189
227
7
175
215
243
109
67
251
150
40
134
62
165
223
170
77
202
113
50
251
181
105
191
28
181
46
215
170
147
199
232
17
116
243
209
179
121
123
61
121
219
234
48
38
117
1
200
212
163
241
206
255
66
31
197
37
155
36
218
197
195
32
216
71
154
204
216
244
61
38
140
154
99
158
71
76
79
63
20
184
109
78
108
84
0
166
69
224
188
49
186
12
153
41
178
157
12
83
68
104
18
161
202
199
104
118
92
59
215
117
112
242
254
238
218
144
255
181
255
247
217
250
251
197
59
111
79
45
199
151
143
223
237
253
110
46
182
184
246
37
101
191
94
122
217
116
120
92
185
46
237
142
245
110
153
173
13
199
240
29
156
73
68
254
51
253
120
87
48
250
1
2
1
4
8
192
160
70
0
24
42
69
64
53
1
160
7
64
129
40
192
8
44
137
78
136
0
0
5
0
9
76
116
226
120
16
52
166
8
128
199
32
8
6
42
130
72
192
64
1
108
48
132
2
166
8
133
64
2
4
64
68
3
48
35
38
229
101
252
182
155
120
240
61
210
87
205
113
17
0
168
205
75
242
244
101
74
255
220
250
188
182
108
149
33
207
215
44
69
186
94
56
233
126
220
92
25
142
209
33
243
107
185
172
8
3
240
29
156
73
20
242
19
189
218
87
32
254
60
54
113
162
31
167
171
121
214
126
82
49
177
10
177
85
242
213
131
96
208
51
192
127
12
136
166
13
82
88
53
234
103
36
156
186
118
120
1
85
240
65
86
14
66
132
129
79
24
44
24
5
98
24
156
73
16
50
59
156
75
14
32
240
231
213
104
58
23
118
93
142
183
199
173
234
46
143
38
127
233
246
54
253
59
210
244
38
117
231
255
57
83
59
118
49
224
44
182
223
194
125
33
253
50
202
60
185
150
88
84
60
81
168
86
13
72
26
228
68
184
176
105
28
29
214
42
187
90
19
155
185
54
243
158
223
134
170
41
132
81
132
187
115
255
212
99
98
204
179
198
23
13
221
181
45
83
202
55
250
247
36
215
190
82
120
233
116
112
93
52
47
213
84
181
111
153
172
24
5
242
29
156
89
16
242
51
189
88
87
32
250
98
9
131
130
195
206
3
15
142
65
3
64
147
202
122
132
8
17
32
5
14
7
250
65
31
211
29
45
2
184
18
8
4
167
67
155
0
68
111
10
160
49
36
193
9
28
61
162
85
0
144
56
19
65
37
178
65
104
64
57
0
21
24
106
196
201
154
253
1
74
252
198
27
235
45
204
18
132
230
186
39
26
180
79
14
140
228
11
103
199
163
107
67
35
190
55
224
151
61
75
35
239
238
242
19
234
164
120
190
30
45
182
205
137
118
245
77
103
36
226
209
153
40
106
21
116
147
161
163
213
220
94
3
7
89
66
34
197
37
202
158
232
36
95
230
247
36
103
6
46
240
99
68
159
179
47
83
10
112
97
214
38
20
154
66
120
251
252
114
90
60
107
209
84
245
111
153
172
16
5
240
29
156
73
25
242
51
189
88
87
35
251
245
174
245
6
200
206
35
98
239
85
14
223
223
191
222
188
251
161
254
37
117
79
243
229
255
255
29
63
174
158
194
173
151
109
99
158
132
155
253
124
221
156
40
183
237
122
253
165
161
164
233
184
241
31
155
15
104
252
82
45
250
213
56
218
34
5
168
148
6
135
88
7
7
70
21
0
17
128
48
22
20
50
64
148
146
49
80
3
152
128
132
92
0
240
220
96
7
24
130
44
138
72
2
73
0
139
21
200
176
84
129
78
19
170
137
79
34
24
120
16
57
35
123
177
35
178
74
203
0
0
8
10
1
81
36
196
0
162
42
4
16
36
171
162
75
16
1
64
8
144
109
128
0
5
8
8
129
138
51
82
120
4
5
234
16
96
1
66
50
64
52
44
22
150
4
228
27
40
118
4
152
25
68
72
144
96
41
60
13
2
96
160
8
3
213
136
34
221
7
124
230
84
46
7
221
60
59
99
255
245
97
100
240
37
66
243
8
253
181
44
112
130
115
169
215
36
87
186
82
120
233
124
116
93
56
47
213
52
245
111
153
172
24
5
242
29
156
73
16
242
51
189
88
87
32
250
227
204
203
75
238
221
213
132
251
245
44
201
62
190
127
221
203
246
56
42
204
81
127
45
123
197
29
39
175
89
30
63
181
231
56
81
122
215
191
58
115
255
104
116
29
222
92
144
213
89
78
189
157
163
167
238
241
236
40
44
215
205
30
255
129
206
102
65
237
190
167
176
60
93
46
75
142
121
72
5
192
233
253
174
245
78
153
113
115
126
29
54
252
23
195
215
218
107
90
33
117
154
253
168
253
52
26
151
205
227
254
193
168
213
152
40
221
239
139
143
59
220
246
133
194
243
4
24
193
7
150
84
104
67
162
246
32
180
2
71
66
241
3
1
110
169
235
230
117
171
125
150
82
107
156
134
168
4
163
70
255
43
65
52
81
144
109
108
221
52
24
150
201
97
147
73
57
236
76
65
209
94
152
73
55
249
7
149
72
103
33
72
133
174
239
193
248
252
227
249
216
255
70
95
195
113
219
160
130
205
255
43
220
101
206
217
125
250
30
167
108
11
35
95
119
195
93
27
116
187
253
54
209
116
171
182
225
162
89
179
187
61
45
241
209
213
157
104
68
204
18
237
202
23
97
254
135
198
64
34
221
168
38
64
40
17
162
99
160
91
196
1
66
109
133
208
225
34
9
112
70
156
9
35
150
6
33
21
16
230
92
146
97
144
37
134
207
86
26
23
64
67
254
1
0
117
16
36
77
134
139
41
18
192
135
132
64
87
36
25
223
241
200
254
55
2
92
2
83
131
181
248
62
130
36
91
160
147
52
223
3
253
225
35
164
211
227
125
83
125
212
33
146
188
180
219
234
125
146
245
34
235
253
105
187
28
213
46
87
162
50
199
42
48
114
174
217
183
56
91
57
248
242
171
66
1
130
144
2
7
8
7
134
70
3
6
147
192
51
23
124
87
64
102
26
183
210
3
26
130
180
76
16
152
20
0
71
52
3
170
128
72
66
64
0
1
20
10
129
76
129
78
21
168
152
13
50
24
28
83
17
50
49
25
73
20
8
234
51
20
0
6
207
132
3
9
38
69
17
66
188
107
32
20
116
179
4
176
192
38
145
102
16
146
224
15
50
184
209
97
2
44
0
150
194
72
2
200
197
195
12
137
128
64
192
79
1
36
16
12
38
0
157
67
56
50
50
144
0
23
32
73
135
35
0
32
209
2
2
74
128
2
129
34
32
74
162
17
226
36
7
84
67
162
32
6
70
136
236
9
146
8
40
0
120
44
4
158
0
48
1
196
136
64
24
10
192
105
128
76
16
36
16
4
96
26
68
1
16
48
1
148
12
86
32
41
120
59
179
245
216
111
225
255
220
248
242
23
243
192
219
228
246
221
235
66
252
173
206
223
159
138
38
132
218
194
58
222
103
163
127
53
53
246
237
68
233
116
214
94
76
167
9
243
236
60
217
241
242
191
141
81
197
40
71
235
78
14
129
116
83
1
138
18
0
2
80
6
66
162
21
128
50
162
2
26
78
2
32
135
130
37
227
3
88
131
160
13
2
168
128
96
151
38
0
178
10
72
66
90
0
72
44
105
147
28
33
238
83
168
25
5
52
8
48
195
25
50
50
121
24
81
64
235
7
38
100
32
221
168
39
88
96
0
162
99
232
123
132
1
66
45
135
208
225
102
25
116
70
156
9
135
190
4
33
193
26
110
214
154
41
56
37
132
77
144
26
129
64
65
246
67
32
53
0
8
96
20
75
9
62
0
151
132
8
211
36
72
2
18
8
2
151
144
2
9
134
2
19
36
41
18
16
49
84
130
6
144
193
34
129
68
4
128
76
9
22
152
129
0
48
44
130
142
74
16
1
192
128
192
16
8
64
196
160
76
18
45
144
0
32
0
194
25
0
98
50
148
72
18
100
89
209
213
220
214
52
147
95
54
51
245
21
219
142
251
134
91
234
215
60
47
138
109
227
99
104
243
178
63
123
41
85
105
215
100
180
250
82
121
51
245
86
202
171
47
179
16
213
79
17
172
26
5
120
56
156
79
24
182
51
159
88
85
38
251
245
238
127
93
248
221
215
225
235
245
175
190
223
255
249
254
243
160
94
107
255
232
62
188
223
111
173
251
233
159
219
63
225
109
71
254
218
179
243
254
214
95
72
182
244
250
200
53
137
45
70
111
248
31
133
79
184
252
97
60
254
214
43
189
5
18
16
32
29
32
33
94
32
44
128
37
0
141
160
3
194
108
131
64
224
130
104
51
68
168
0
0
80
4
41
65
121
2
148
186
0
160
1
196
12
66
26
2
64
65
2
200
24
52
120
20
96
24
132
0
152
32
35
134
8
6
39
97
167
238
101
11
223
124
131
157
232
68
172
174
105
31
239
237
201
100
3
244
121
194
62
52
70
237
29
33
251
26
3
17
232
108
215
250
90
50
13
52
62
94
26
191
84
242
124
160
24
60
94
12
145
191
132
1
56
160
41
60
94
198
46
217
1
134
32
8
0
68
4
87
35
196
8
128
0
21
55
7
205
104
129
137
16
0
116
128
80
53
21
64
37
20
136
1
132
16
51
136
0
0
8
0
37
0
48
163
4
240
52
236
16
16
228
8
16
2
34
4
178
0
0
4
66
65
12
74
17
223
44
192
37
189
180
49
61
85
94
71
140
61
76
133
197
238
197
185
244
98
144
240
113
62
81
114
124
86
201
177
158
112
217
0
247
27
248
33
85
149
58
183
196
163
118
111
171
145
137
8
248
5
203
13
55
211
54
237
66
155
44
218
133
2
4
5
200
128
130
144
34
1
42
71
136
49
64
33
128
32
4
164
64
0
0
192
66
0
9
0
132
14
9
16
120
113
88
136
72
34
12
132
199
0
8
158
0
98
216
16
0
5
80
0
17
74
136
10
2
64
0
4
68
68
32
40
31
4
76
40
39
149
91
100
18
70
85
20
28
60
9
84
236
220
17
232
160
112
128
48
44
152
160
89
118
101
125
41
20
116
20
202
70
115
0
88
144
131
29
12
64
132
192
76
19
37
23
4
40
16
183
77
24
98
59
216
73
143
34
247
224
217
222
222
54
93
92
23
119
251
45
136
31
146
182
219
255
214
48
43
14
245
227
51
73
215
179
59
83
73
22
104
215
4
183
250
66
125
251
117
114
222
56
47
183
20
245
110
145
172
62
5
224
29
158
77
144
242
51
191
89
85
33
251
2
18
0
2
135
128
0
25
2
10
128
0
160
0
33
17
76
22
0
144
192
50
1
64
0
144
112
72
18
8
129
0
76
44
147
160
0
72
1
64
32
64
22
9
64
68
160
76
16
60
24
4
34
24
92
65
0
34
22
148
0
67
36
66
215
232
203
105
124
218
210
238
89
179
253
248
206
179
207
250
203
197
57
111
142
197
238
57
237
213
25
191
103
43
19
110
149
197
181
203
126
253
237
118
50
158
233
117
31
158
125
177
223
173
111
181
217
245
182
110
208
252
41
125
89
85
118
255
56
154
255
235
253
252
227
253
188
221
214
89
173
121
217
132
255
221
249
42
244
109
206
123
111
251
19
166
126
67
35
255
215
227
121
48
119
243
253
52
245
116
186
183
77
131
89
227
139
29
223
160
252
165
143
77
69
252
175
207
210
7
37
254
137
192
207
129
39
53
25
184
180
255
60
202
139
169
54
47
128
125
101
105
120
214
226
112
41
231
157
50
121
67
50
11
255
96
146
232
82
105
104
177
118
238
58
47
210
48
116
121
27
136
24
5
209
157
156
28
56
178
51
156
92
214
36
251
21
254
255
77
248
249
247
244
250
157
238
253
206
117
207
169
235
237
235
43
245
109
110
247
239
127
53
246
109
15
99
127
223
106
69
190
94
185
249
124
125
28
58
183
213
226
253
111
185
189
13
71
240
29
158
77
62
214
19
173
216
215
100
250
36
165
145
138
1
78
5
79
199
64
13
160
49
182
191
206
203
18
32
4
18
1
80
3
80
213
144
13
35
136
16
72
133
4
99
154
128
64
75
76
32
25
36
163
61
212
53
238
81
164
233
24
178
8
48
10
56
98
74
41
24
69
45
74
129
6
237
132
46
21
17
188
180
125
20
67
143
185
18
7
136
117
100
41
88
199
226
240
72
162
156
50
248
81
19
79
215
96
16
112
86
72
56
168
84
149
42
191
193
32
245
105
17
136
25
13
209
26
158
12
56
118
51
29
194
151
4
250
2
18
0
2
151
128
2
24
2
2
2
2
160
2
32
17
68
86
1
144
72
18
1
64
0
144
120
8
18
8
1
0
8
44
147
170
72
72
1
64
32
64
22
9
64
68
160
69
16
44
24
4
34
152
76
1
16
34
18
148
8
19
36
66
24
146
87
231
190
177
161
120
222
156
82
85
237
28
89
80
118
215
203
42
224
38
206
253
169
184
36
174
94
193
113
254
119
108
93
52
119
186
169
116
253
84
83
14
68
164
152
87
186
189
157
1
242
133
159
89
4
242
50
204
208
15
32
246
203
150
142
113
255
179
158
156
48
59
184
73
142
216
34
13
228
253
61
242
232
163
174
58
70
203
171
102
221
81
49
119
119
40
156
57
123
116
36
241
82
78
26
31
209
5
211
95
152
173
28
5
240
188
156
73
144
242
55
158
92
86
32
249
218
248
206
215
126
251
218
180
95
187
87
255
190
146
123
218
189
211
124
187
205
125
239
219
169
87
251
119
95
111
247
126
223
249
189
101
127
255
250
115
240
221
231
125
179
28
251
123
255
218
27
199
253
229
252
255
87
255
190
255
253
57
208
255
17
250
87
3
252
188
163
248
250
159
82
95
205
53
217
32
246
197
207
40
228
70
138
252
233
188
61
178
254
11
99
190
119
108
205
148
116
187
169
52
221
84
26
158
213
162
216
117
186
29
24
33
240
133
141
105
4
210
18
172
208
87
32
190
37
37
211
154
0
196
4
71
99
224
9
160
114
166
167
75
139
32
160
35
139
37
119
131
81
215
145
41
3
138
18
65
199
4
103
186
16
104
107
124
96
120
60
163
183
84
117
110
25
172
56
21
178
25
28
72
24
242
19
181
24
85
33
234
5
134
44
9
201
22
163
197
44
86
2
68
0
57
155
165
128
40
131
36
80
67
30
96
82
32
12
0
185
132
9
3
229
0
66
168
16
34
13
168
214
54
24
134
80
114
64
192
25
44
24
40
209
93
141
8
48
200
34
164
66
211
42
249
107
213
76
26
55
115
93
222
53
238
45
136
60
173
167
239
203
244
49
108
40
210
244
50
100
229
161
25
123
73
124
33
240
68
148
250
66
113
17
248
50
203
60
61
22
214
68
76
25
172
94
5
8
25
148
76
152
228
41
28
93
214
34
177
198
9
129
146
193
206
3
9
143
67
35
10
147
138
244
6
9
53
36
5
14
141
50
1
87
215
27
45
2
170
2
9
2
7
118
139
0
76
71
14
32
160
36
233
11
24
60
182
68
128
112
48
3
98
36
162
201
8
64
57
12
69
17
34
58
152
236
212
46
253
218
53
126
255
215
221
253
116
124
244
253
219
66
179
245
127
211
255
185
126
246
254
108
247
247
230
223
120
207
52
254
123
248
113
249
221
247
47
213
55
247
111
187
254
152
79
240
29
216
93
31
243
255
191
243
187
232
254
82
9
137
20
4
10
88
55
80
170
87
128
66
128
6
10
4
10
32
151
68
165
96
131
201
2
134
196
64
36
128
96
207
56
128
160
63
8
194
225
216
190
179
201
178
53
131
110
59
170
9
195
240
29
121
0
7
179
23
243
40
50
196
203
16
1
151
20
0
2
24
102
2
0
85
16
66
161
3
2
44
8
32
100
2
133
194
131
202
8
148
88
32
128
0
8
85
52
33
186
12
8
0
72
52
0
153
131
169
16
225
78
19
160
73
147
48
24
16
73
9
51
19
217
8
5
0
234
48
250
117
131
216
252
163
249
222
159
90
95
205
61
217
164
246
199
199
32
252
70
138
252
249
252
61
162
158
154
115
158
85
108
77
148
116
187
233
44
253
84
10
190
85
162
252
53
186
157
25
33
240
133
141
121
4
240
18
168
210
87
32
190
208
1
135
148
0
2
24
102
2
128
85
20
10
161
2
2
44
0
0
101
2
141
230
163
72
10
144
24
32
136
0
8
92
52
32
186
2
44
2
76
16
32
153
2
171
24
65
206
19
32
121
145
112
26
20
12
9
50
49
89
8
20
0
235
4
2
8
129
200
213
130
197
44
218
34
4
145
48
187
229
128
16
193
32
88
209
94
32
80
0
8
0
128
200
25
18
101
0
215
170
80
114
5
128
132
20
16
12
80
134
64
64
26
44
28
4
147
29
205
24
16
96
3
180
72
82
104
112
3
20
8
35
133
160
147
24
144
159
4
71
160
8
0
1
68
119
21
17
192
38
202
96
32
154
40
6
86
1
41
59
86
40
152
48
115
11
8
1
209
192
26
8
195
64
8
87
24
24
24
5
252
160
140
97
17
18
54
157
0
23
38
251
3
16
8
2
13
176
146
24
16
155
4
68
162
24
32
1
76
119
5
145
192
38
202
65
32
146
64
6
84
1
1
98
31
8
152
32
115
9
8
0
208
128
26
12
193
65
1
79
57
24
24
4
244
0
220
65
19
18
54
157
0
147
4
219
69
6
108
129
201
215
131
213
60
94
6
4
9
61
187
133
136
124
203
36
80
67
30
48
80
32
28
4
252
156
25
19
101
64
87
168
82
114
5
24
212
20
24
142
65
224
64
192
25
44
28
8
145
93
141
8
24
68
43
188
74
151
42
241
43
134
32
33
139
221
167
41
137
80
222
69
208
60
41
36
141
41
99
208
240
19
82
208
81
125
29
228
68
214
35
194
141
56
67
36
219
8
232
40
105
21
48
175
85
113
182
105
185
138
137
13
242
13
88
81
38
194
151
181
34
219
104
74
11
158
134
101
239
243
209
158
60
185
214
65
14
88
43
133
236
220
57
250
228
11
174
59
38
139
34
6
221
65
49
127
117
43
88
49
119
119
173
244
209
84
90
30
201
135
219
195
153
61
94
5
240
29
159
73
147
242
39
159
80
23
0
249
218
251
218
246
127
59
125
58
220
57
255
251
175
218
196
218
243
159
63
223
239
175
161
119
175
223
243
191
87
99
228
236
218
47
116
255
127
125
241
245
218
223
243
127
217
7
191
111
237
167
31
133
232
63
159
73
80
242
183
255
120
54
180
158
97
5
172
144
32
214
63
103
20
214
47
6
144
189
19
38
239
253
33
100
120
165
210
115
92
253
189
44
80
18
50
41
198
36
85
186
82
120
201
124
112
92
56
175
213
16
245
110
153
172
24
5
240
29
156
65
16
242
51
189
88
87
32
250
155
216
223
239
255
248
253
136
59
187
124
223
175
119
206
248
107
215
189
43
204
205
238
120
47
223
51
59
223
107
55
63
247
231
61
83
119
255
255
183
243
222
235
127
255
150
125
177
205
157
126
181
220
167
175
237
208
252
184
111
85
29
51
191
70
73
8
152
209
138
78
10
2
2
33
138
128
194
237
11
0
85
48
68
10
133
128
1
70
144
171
13
147
40
32
0
80
23
156
203
0
101
7
66
162
226
20
73
27
30
0
148
68
4
50
52
9
249
229
170
209
40
40
58
12
68
19
161
162
196
162
138
1
70
140
71
167
226
41
192
27
169
54
15
207
48
38
225
128
70
125
47
85
131
164
10
3
156
25
66
229
44
102
58
18
44
33
234
70
74
40
169
146
84
85
237
25
168
24
1
240
25
180
76
24
242
51
188
88
85
10
235
34
134
237
225
238
190
147
97
252
127
86
87
207
121
16
4
136
197
107
43
244
101
218
245
125
250
156
182
110
151
49
235
215
104
87
184
126
56
233
124
252
92
58
175
209
0
245
107
187
172
24
9
240
29
158
89
20
242
51
189
90
87
40
250
243
213
254
151
23
197
89
158
54
239
21
223
175
202
38
95
127
247
52
35
186
191
243
35
56
243
242
123
83
123
214
43
199
36
180
250
146
109
122
253
80
201
239
235
187
16
245
127
145
172
26
13
248
152
156
65
57
178
115
27
219
213
46
251
241
45
245
6
224
207
83
107
255
69
7
87
191
187
254
252
251
183
62
37
62
79
242
101
255
255
189
63
42
155
86
45
151
109
101
223
130
27
255
94
213
221
44
167
169
122
253
45
133
164
217
60
224
31
158
207
120
126
112
61
250
149
56
250
56
18
53
131
142
253
131
177
158
221
82
87
157
62
89
244
246
215
193
32
220
34
142
124
121
220
61
34
30
210
51
190
101
100
93
16
117
123
233
4
229
84
83
174
69
134
248
53
170
157
153
41
246
133
140
121
0
114
50
232
66
15
32
182
51
212
125
142
55
196
157
8
119
196
61
248
61
43
100
116
181
182
4
49
144
112
176
96
241
165
225
89
63
123
221
121
180
244
152
146
174
73
186
249
119
155
109
169
180
18
244
110
131
186
131
15
60
1
116
93
56
19
62
104
179
222
110
217
235
213
236
254
127
55
121
27
52
127
32
203
175
200
36
95
228
255
165
115
240
126
144
123
6
186
163
23
91
113
117
231
195
160
158
177
243
124
176
245
214
78
94
205
210
17
193
79
152
188
24
5
226
60
157
65
25
178
119
159
218
214
46
185
100
5
236
150
3
71
30
39
38
198
43
6
25
46
179
102
233
179
97
102
80
167
208
114
88
125
177
12
80
154
51
97
199
36
87
186
82
120
233
124
112
92
56
47
213
20
245
111
153
172
24
5
240
29
156
73
16
242
51
189
88
87
32
250
2
2
8
139
3
209
134
132
8
154
56
140
16
22
43
226
129
16
1
136
72
209
206
0
9
129
8
1
19
72
19
26
245
4
213
162
82
82
5
48
50
87
24
44
20
150
64
96
27
44
28
4
147
25
204
24
144
96
43
60
72
82
98
240
32
6
4
134
125
86
134
19
166
112
40
71
1
87
146
37
235
199
33
96
208
39
145
118
90
221
189
14
146
26
3
106
199
36
87
186
82
56
233
116
112
92
56
175
213
20
244
109
153
172
24
1
240
29
156
73
16
242
51
189
88
87
32
250
0
10
1
128
200
72
0
44
140
32
82
5
1
0
91
128
12
12
193
0
196
0
136
192
75
144
28
0
128
130
3
78
69
32
65
32
20
130
136
0
192
20
0
2
65
34
160
105
154
12
137
0
180
29
29
1
4
98
19
176
0
7
0
126
106
22
33
160
79
54
39
79
132
66
128
0
97
8
48
21
254
252
71
68
112
2
56
20
20
153
45
141
146
144
49
200
64
44
6
190
192
48
5
68
40
64
16
141
65
109
128
76
24
44
144
8
98
24
134
81
128
240
67
156
74
87
40
56
90
16
137
158
15
3
28
15
134
162
57
130
17
134
63
114
245
214
32
210
192
180
192
3
12
133
225
75
18
248
21
106
195
44
87
186
90
120
225
116
112
93
52
43
212
20
165
111
153
172
24
5
242
29
156
65
16
242
51
189
88
86
32
250
34
18
32
138
199
205
134
25
143
2
154
6
161
12
121
37
213
53
66
148
80
50
17
68
81
116
77
44
144
214
203
128
14
44
203
12
136
10
200
1
44
21
22
169
68
242
180
37
178
26
129
8
178
133
72
19
43
3
22
48
34
203
76
64
195
197
220
156
32
14
92
66
51
198
45
200
30
169
52
27
229
245
36
103
6
100
96
99
77
223
167
126
81
42
48
97
210
52
20
186
66
104
224
244
114
218
56
47
211
20
245
110
153
172
24
5
224
29
156
73
24
242
51
189
88
87
34
251
241
237
247
215
226
79
211
201
255
213
47
223
191
255
254
252
255
179
126
39
126
239
243
102
251
255
253
63
170
251
86
173
135
109
99
255
210
27
255
124
245
221
41
183
173
122
253
45
165
164
201
41
240
31
157
207
120
254
112
61
250
213
57
250
3
0
128
30
1
64
12
142
33
170
137
133
56
165
7
10
141
0
0
144
72
163
71
42
64
69
176
0
3
32
35
66
221
56
1
48
59
32
96
96
38
74
60
43
86
85
229
104
25
170
24
5
144
24
92
72
154
163
63
177
28
66
34
98
170
202
138
203
47
85
152
159
29
250
42
141
51
144
123
239
221
212
65
155
212
144
126
26
1
129
160
2
215
209
63
242
229
36
215
48
115
114
232
240
210
95
86
30
208
150
129
104
153
172
222
5
242
29
149
89
144
242
35
188
91
94
42
249
3
128
8
11
3
88
130
132
24
146
62
140
16
18
75
162
9
80
1
140
0
145
206
0
109
129
8
33
19
8
19
26
181
4
209
226
114
90
141
48
178
86
48
44
20
150
16
96
27
44
30
5
145
29
237
2
16
224
42
60
72
82
98
251
130
137
138
222
7
66
209
134
22
132
45
205
19
94
63
171
227
86
0
35
70
43
230
35
73
130
134
10
19
8
18
107
247
38
87
178
82
90
203
244
210
124
16
46
148
22
225
110
153
172
24
5
240
29
156
73
16
242
51
189
88
86
34
249
6
130
72
137
67
83
130
133
60
210
22
140
24
54
123
224
137
80
9
172
64
81
206
48
45
208
24
5
149
202
27
26
180
32
85
170
82
114
13
48
144
21
24
60
21
150
64
224
27
44
30
4
147
29
141
10
16
224
42
60
72
91
34
243
11
170
239
97
254
255
211
112
248
189
214
223
207
125
92
73
232
237
123
171
228
103
202
253
111
254
29
182
126
87
51
239
215
104
85
184
126
57
249
124
120
92
58
47
213
32
245
107
185
172
24
5
240
29
158
73
52
246
51
189
218
87
36
250
0
10
16
131
137
217
162
65
14
80
2
5
145
52
249
224
238
208
129
96
196
32
140
112
73
156
32
8
22
138
27
91
84
36
85
186
80
114
201
68
177
84
24
6
68
134
240
101
153
44
24
5
178
29
140
73
16
114
51
172
88
71
32
248
23
250
86
103
253
152
214
128
122
17
175
107
236
119
233
81
54
163
188
186
229
109
11
252
167
126
89
255
174
111
199
55
159
249
75
23
121
153
254
63
101
29
107
119
229
201
255
51
172
223
137
103
245
229
218
239
126
223
150
167
240
123
245
94
19
192
69
10
200
136
7
0
234
37
60
217
140
47
148
48
226
215
5
96
192
35
139
108
76
220
45
47
50
11
81
111
215
229
84
154
66
56
173
254
119
94
40
43
213
24
252
7
145
164
24
4
240
29
156
73
24
242
50
188
88
87
34
249
1
14
145
0
200
200
38
69
138
41
42
65
64
69
76
129
207
64
161
0
196
33
42
201
66
213
13
38
0
0
1
68
85
2
64
48
0
160
45
0
101
20
40
163
69
64
181
195
144
132
8
4
228
29
15
9
4
82
2
165
64
87
32
122
211
218
89
171
255
184
135
24
254
57
62
123
173
95
204
121
98
215
29
32
200
5
138
120
110
220
57
47
254
11
19
47
149
229
220
219
98
115
173
247
211
222
74
31
213
158
252
21
132
181
24
36
236
183
143
235
80
244
50
60
88
87
54
189
175
238
109
11
223
125
131
157
248
84
174
63
57
30
235
229
195
116
27
84
121
146
30
52
119
237
29
33
247
90
26
17
232
44
87
250
90
115
141
60
186
85
24
158
84
247
44
128
141
45
86
12
153
159
133
1
48
224
41
60
78
206
46
208
3
199
9
11
128
80
130
136
34
130
33
204
16
0
37
33
4
102
0
4
0
48
4
64
96
129
9
64
133
42
18
17
180
16
153
0
0
64
10
160
34
10
12
0
48
212
144
44
16
24
16
5
23
64
100
162
145
64
8
12
68
217
66
177
5
134
32
8
0
68
4
87
35
68
8
196
0
13
54
7
205
104
193
129
16
0
116
128
80
53
20
64
1
22
10
1
132
16
59
136
128
0
8
8
37
0
48
163
6
112
52
236
16
48
236
8
130
0
34
0
178
0
0
4
66
67
12
106
29
251
221
120
125
187
247
122
240
28
238
113
111
127
204
121
227
213
191
102
228
109
128
247
238
255
97
159
126
75
96
105
223
103
213
186
118
120
253
245
127
222
58
39
221
147
245
207
153
181
25
20
248
61
159
73
60
254
55
175
88
87
37
216
17
214
142
13
37
176
184
52
24
216
116
201
140
17
13
136
44
202
161
186
196
96
198
241
41
25
65
240
125
68
161
51
255
112
249
0
127
73
168
33
243
30
59
46
86
149
83
111
155
218
57
7
176
5
153
76
23
195
62
229
80
107
6
195
131
87
24
2
7
17
12
1
3
66
41
130
176
136
36
23
69
50
36
213
10
150
81
0
64
85
249
104
18
40
148
0
136
20
146
138
0
72
32
67
32
11
52
41
182
92
180
44
16
138
16
4
34
24
240
65
16
51
49
20
25
80
8
74
1
140
205
10
136
200
245
100
57
116
44
141
12
61
143
168
235
116
145
32
228
73
238
49
107
233
0
22
121
1
89
111
149
98
49
112
22
195
249
62
119
159
8
39
92
18
125
226
153
36
95
4
244
29
149
13
56
230
43
188
216
71
38
253
126
56
117
214
250
205
83
101
127
116
87
21
157
118
250
246
250
214
88
40
158
248
146
48
189
152
180
27
238
251
95
237
147
101
119
218
198
83
219
94
149
213
205
22
169
142
233
47
133
165
199
141
186
31
151
95
72
118
120
121
91
13
40
254
218
249
154
127
51
219
218
138
91
187
213
255
182
198
239
218
127
147
188
159
143
61
199
79
165
87
243
111
71
111
246
118
159
159
109
87
127
253
254
119
97
93
231
105
191
29
63
63
255
250
57
247
254
229
248
235
87
251
190
99
61
121
209
6
26
146
10
239
175
241
216
148
60
217
86
77
156
30
57
21
109
222
9
250
192
48
135
121
40
156
32
70
94
67
181
55
245
96
25
48
119
83
200
48
81
93
90
62
212
132
218
127
153
29
30
5
252
5
158
73
18
210
59
157
80
15
34
250
195
209
222
223
55
146
94
20
51
167
5
216
142
187
166
91
170
215
60
47
139
101
227
99
104
211
185
63
123
41
20
41
215
100
180
250
82
89
51
117
86
202
40
47
179
28
213
111
17
172
26
5
112
24
188
207
24
246
50
157
88
85
38
251
66
1
138
18
1
66
80
7
66
130
21
128
50
130
3
26
79
2
32
151
3
133
231
3
80
147
240
13
2
168
128
96
135
36
1
178
11
12
66
88
32
72
52
105
151
28
1
238
81
168
24
5
52
8
112
195
24
51
49
57
24
17
16
202
70
9
139
28
36
34
88
54
16
162
85
128
66
128
11
10
8
72
32
159
14
165
68
131
9
3
130
132
65
32
4
72
235
56
176
160
31
12
194
97
240
62
179
104
178
52
131
110
27
170
43
195
17
89
121
0
7
163
27
251
40
48
196
203
128
202
4
193
232
152
162
64
56
17
6
79
138
113
76
160
64
137
141
168
196
68
11
240
99
28
25
166
172
6
11
20
148
227
89
0
117
147
189
160
197
52
10
23
73
130
250
129
129
85
13
48
213
199
139
171
23
76
6
36
64
115
20
217
195
80
8
2
23
2
4
26
35
32
45
162
34
154
38
3
2
119
36
149
8
148
65
0
64
129
137
33
18
40
0
1
184
36
144
178
66
72
1
225
98
203
46
9
144
84
192
76
16
166
24
4
0
24
250
130
16
50
48
28
24
80
36
73
11
155
130
117
239
249
240
150
60
25
70
77
10
88
107
141
108
222
185
210
228
47
174
115
99
139
18
70
221
65
50
118
183
35
81
48
115
83
232
96
217
61
26
94
201
199
219
199
185
29
94
5
240
15
153
73
19
210
39
191
80
39
134
249
218
91
206
244
55
59
125
250
156
187
255
251
191
216
118
207
189
157
127
223
238
191
227
63
39
223
243
190
95
229
52
238
219
47
102
255
87
125
240
245
218
255
243
127
219
103
151
111
189
175
30
133
232
61
223
89
17
242
183
191
125
54
161
250
56
27
183
245
255
239
233
255
156
248
210
23
247
220
91
228
246
221
233
66
246
45
206
123
15
170
98
198
220
192
126
255
111
35
125
49
117
246
223
69
217
117
215
94
73
135
201
247
236
20
221
209
242
191
157
73
69
122
119
235
71
15
133
244
135
3
17
52
217
34
33
74
128
0
161
32
32
201
128
17
98
36
7
68
96
130
32
6
70
136
164
9
146
8
32
64
112
44
6
190
0
32
1
204
8
64
16
10
192
113
128
76
8
36
80
0
96
26
4
1
16
48
1
148
8
70
32
121
183
238
127
111
184
156
253
201
251
255
43
250
223
115
253
220
243
166
47
107
254
104
60
252
253
223
39
187
207
155
121
126
227
238
76
223
218
191
177
254
255
222
104
191
214
226
220
23
137
173
22
111
108
23
143
109
144
246
121
172
222
86
106
181
104
22
33
160
206
55
38
113
132
126
96
0
65
0
48
5
116
221
79
68
240
1
184
144
26
41
45
140
208
144
49
200
72
36
214
187
65
112
37
192
120
64
16
143
64
37
146
196
24
45
24
8
98
28
142
81
128
240
3
148
74
86
40
56
243
205
244
22
203
78
91
9
254
69
63
223
191
235
222
252
255
179
60
37
30
175
243
102
123
255
253
63
235
187
86
45
135
109
101
223
130
73
255
126
241
221
173
235
141
26
253
45
133
164
211
13
232
31
156
207
120
254
112
57
58
21
56
250
195
196
8
138
5
0
6
8
35
66
45
138
32
130
38
11
1
50
36
149
8
128
113
0
64
197
153
40
19
8
0
1
152
36
146
162
2
72
32
224
34
202
60
41
148
92
84
12
17
170
16
4
0
24
113
138
16
176
48
20
24
80
32
75
251
253
255
127
118
103
255
174
250
221
253
251
255
235
134
254
119
167
180
119
127
253
119
183
189
239
227
255
107
121
230
187
186
125
180
247
191
121
210
253
94
223
191
232
243
19
209
110
191
174
11
207
248
61
125
197
124
183
127
251
187
214
255
219
163
5
0
6
207
128
3
8
38
65
17
66
190
107
36
21
102
51
4
177
194
38
145
102
16
146
224
15
50
56
193
97
22
172
2
146
66
72
2
206
196
194
12
73
128
88
192
15
17
36
16
4
100
0
158
139
56
114
50
28
8
21
32
73
215
248
223
105
252
250
246
236
249
177
252
187
206
179
207
250
203
197
185
111
141
193
238
56
237
221
25
183
255
43
35
62
149
197
181
251
118
241
253
119
50
222
171
117
95
158
125
177
223
189
111
181
217
247
182
110
212
236
41
111
92
71
118
255
31
0
76
168
206
145
18
32
16
4
87
20
28
120
57
64
108
216
1
224
192
112
128
112
44
24
172
92
240
69
189
41
80
100
17
138
79
115
1
80
144
129
93
14
64
132
194
12
31
36
19
4
58
28
135
73
8
98
59
152
73
15
34
245
67
193
141
156
34
26
94
6
51
198
45
136
30
161
52
10
173
209
36
109
134
37
224
51
77
215
161
124
65
32
52
105
210
52
84
186
66
104
224
248
114
222
56
47
183
20
245
110
153
168
24
5
224
29
156
73
16
242
51
189
88
86
34
251
242
205
117
151
235
79
219
137
255
197
63
223
191
107
126
252
127
147
124
55
30
171
247
100
249
223
253
63
235
187
215
191
135
109
99
223
210
75
254
254
243
221
237
251
157
30
253
45
141
164
219
9
252
7
157
239
120
254
112
57
127
95
56
250
218
248
202
203
255
219
218
188
95
187
214
254
191
82
127
248
217
147
124
159
205
87
239
125
175
87
123
55
95
255
183
254
223
235
223
69
126
255
255
51
240
253
231
125
151
31
183
179
255
222
159
199
255
229
248
255
86
223
190
255
241
185
216
222
73
196
76
24
35
83
93
214
49
126
44
136
28
173
47
239
199
244
1
96
64
208
228
50
76
161
160
16
251
69
61
105
241
4
149
232
82
112
1
248
50
203
92
28
84
150
192
76
27
44
30
5
40
25
148
77
152
226
43
156
93
210
34
241
250
217
170
254
55
123
125
31
157
59
253
251
59
216
118
223
187
221
127
95
110
191
242
55
39
223
243
63
87
243
54
232
203
47
246
255
247
125
240
245
122
255
247
127
223
119
183
111
253
167
158
133
232
61
255
89
17
242
119
191
127
127
131
251
246
248
202
103
255
218
218
169
91
155
215
254
234
86
66
216
57
131
62
159
143
47
235
93
239
87
123
47
70
63
135
62
143
255
237
87
254
157
255
55
121
124
227
253
159
61
191
51
255
222
9
227
253
229
248
251
86
223
246
235
176
57
244
222
62
61
125
215
186
205
89
33
126
101
87
85
159
115
248
212
250
214
92
107
158
120
178
123
189
154
178
31
110
251
95
255
147
229
117
218
206
91
219
94
213
221
205
78
233
14
233
47
143
165
215
143
254
31
151
77
88
118
123
249
91
15
42
255
0
6
4
6
73
66
6
3
38
96
46
71
8
127
2
36
105
131
32
176
208
39
144
98
82
85
185
14
144
154
3
98
223
36
71
186
82
56
233
124
112
92
56
175
213
112
244
109
153
172
24
1
240
29
156
73
16
114
51
189
88
87
32
250
113
21
176
150
119
135
91
87
150
76
1
1
1
72
52
23
230
215
16
103
192
47
208
99
76
138
166
76
82
40
60
105
199
37
52
187
210
120
128
245
208
202
25
14
225
20
193
78
153
164
24
5
96
24
156
73
16
178
51
157
88
86
34
251
214
250
219
121
252
248
242
204
218
177
238
187
195
147
207
251
107
197
185
75
205
129
238
24
47
221
185
47
215
43
35
110
149
135
245
251
118
177
237
119
242
220
171
117
125
158
125
177
219
189
127
177
217
183
183
107
208
248
169
111
92
71
53
254
0
3
1
2
128
128
134
32
66
0
11
0
128
4
89
0
15
2
0
132
2
0
1
192
72
20
29
8
128
138
0
16
0
4
73
0
8
2
14
0
33
48
0
2
4
172
28
4
2
0
97
34
19
2
1
162
1
8
0
96
0
1
64
32
62
248
253
206
126
187
94
122
122
48
157
253
111
119
236
217
251
213
250
57
197
125
73
255
167
214
104
159
127
109
213
238
159
229
159
222
110
251
251
119
119
223
235
55
253
151
245
111
151
247
143
198
232
181
219
95
92
247
190
143
249
93
246
223
35
39
145
142
1
74
5
79
195
64
5
176
49
158
143
94
43
38
32
0
130
1
208
3
84
213
144
13
35
168
0
73
133
4
97
154
0
72
75
76
37
17
52
225
45
144
53
238
80
164
233
24
50
0
48
0
32
98
2
169
8
69
37
90
97
165
195
26
0
198
5
79
67
194
41
184
32
167
143
10
139
32
32
7
139
5
87
7
81
213
145
37
3
138
2
9
197
6
101
186
16
56
107
124
32
120
48
163
23
16
53
238
17
172
56
1
176
25
52
0
0
226
3
185
24
85
32
106
198
73
129
152
193
74
14
79
15
67
41
138
131
130
182
31
9
21
52
69
10
141
50
0
86
213
59
109
147
170
2
1
0
23
127
203
0
100
71
6
32
224
52
233
15
28
60
180
68
128
112
48
1
242
36
162
217
8
32
57
12
69
17
34
129
6
4
2
192
10
6
0
34
5
34
66
128
33
0
0
4
33
4
165
64
96
32
224
72
16
9
0
164
8
1
1
84
64
88
0
0
8
6
136
69
0
8
131
0
0
84
64
0
0
0
0
1
64
11
138
9
64
0
4
64
81
96
40
25
155
150
225
239
249
225
188
60
221
86
77
141
121
75
132
237
223
185
106
228
47
142
115
107
251
17
102
252
67
51
255
159
99
113
112
119
83
253
36
253
53
250
86
77
135
123
231
137
25
223
4
240
135
143
73
51
212
47
175
80
15
133
222
247
239
245
214
240
158
83
45
238
85
23
219
143
123
222
220
122
215
124
109
30
111
242
119
123
251
189
63
191
185
82
45
151
101
116
219
194
27
255
126
213
222
169
159
153
26
253
47
145
165
157
137
240
31
159
207
112
254
112
125
90
85
48
255
6
0
0
130
15
2
6
2
6
32
19
2
16
6
16
16
96
19
0
144
193
36
193
67
72
16
128
13
2
136
145
64
7
44
81
186
10
72
1
70
32
0
4
41
68
4
164
79
17
172
24
0
50
24
24
65
0
50
19
176
8
19
32
106
39
229
16
14
209
138
14
9
66
65
9
238
160
71
196
61
162
3
4
68
7
46
17
70
84
214
160
13
147
42
9
0
130
37
69
154
0
26
203
246
3
218
24
203
245
88
164
15
129
164
16
4
96
21
158
3
16
242
48
189
24
87
50
121
155
216
95
239
191
120
252
184
59
153
125
219
174
55
78
249
111
215
188
43
68
12
174
120
47
223
115
123
255
99
54
63
246
241
61
81
119
255
250
183
243
222
235
127
191
150
252
181
205
155
118
181
220
167
175
237
209
212
188
111
85
93
23
191
69
142
142
25
216
250
162
86
56
251
4
201
194
209
134
137
139
109
161
99
204
37
126
219
67
123
152
166
81
5
35
71
223
2
85
168
17
184
237
52
112
60
58
167
213
17
247
227
153
172
24
53
241
29
156
72
22
250
51
189
88
87
33
250
12
15
32
32
9
222
162
109
141
80
206
4
209
84
89
164
137
9
195
210
212
51
82
211
85
84
20
132
4
150
3
192
143
24
195
40
144
10
232
32
104
53
48
165
85
229
183
107
186
136
137
9
243
93
216
16
39
194
87
165
34
83
108
74
250
59
255
247
246
255
95
236
222
191
255
190
255
244
155
250
251
213
122
111
110
191
198
183
143
207
190
191
194
249
118
170
247
45
69
255
94
127
241
125
120
92
177
63
215
174
237
63
159
172
31
135
240
29
159
89
80
246
57
253
124
22
48
254
0
2
1
3
0
136
134
32
74
130
10
6
128
4
73
32
6
2
128
4
0
32
0
192
73
20
12
0
0
138
9
24
48
4
73
0
0
10
14
0
129
16
0
0
4
134
0
0
2
9
33
32
23
1
33
138
5
72
8
96
64
1
64
32
130
9
138
151
35
81
152
163
28
218
23
6
154
224
123
6
12
90
0
162
76
180
194
98
75
18
144
0
144
130
22
19
82
48
81
96
83
74
200
96
208
60
24
14
209
20
225
109
153
136
24
5
208
29
152
73
19
115
51
61
64
19
0
234
242
220
50
183
239
206
222
137
15
225
59
223
191
110
126
254
125
147
60
215
158
171
247
44
217
223
251
127
147
187
215
190
163
173
119
87
243
75
238
247
227
92
229
233
151
30
253
61
205
142
208
9
244
167
181
235
88
247
241
57
31
87
56
238
196
106
231
245
232
190
46
243
120
255
122
155
206
241
219
170
130
201
255
111
253
205
110
185
219
111
175
182
105
133
34
222
243
51
100
187
93
191
245
244
222
126
185
190
251
170
75
243
155
237
60
243
209
95
159
76
70
252
19
253
92
86
99
189
223
248
219
105
248
248
247
204
217
185
252
191
229
55
207
248
235
197
185
110
77
233
238
56
237
221
57
187
255
107
51
63
181
199
253
251
118
243
253
118
51
222
235
113
119
158
125
177
223
188
127
181
217
247
181
111
212
236
169
107
92
71
55
247
5
134
69
0
200
152
162
96
40
85
2
67
204
113
200
0
192
41
141
36
192
97
10
224
88
48
9
118
172
4
1
1
158
82
80
32
52
130
61
40
197
20
8
135
65
130
252
65
16
69
9
40
145
73
139
15
46
76
22
164
64
211
100
88
0
2
1
136
8
90
4
126
0
48
42
4
1
85
73
160
133
68
0
0
192
0
140
130
74
196
0
0
129
0
9
75
245
0
81
40
80
98
128
32
50
20
0
38
84
134
196
72
17
8
92
0
144
29
151
9
129
98
10
60
64
70
2
240
58
246
117
238
127
62
31
11
247
122
121
251
45
123
148
93
246
215
44
121
209
110
145
127
252
207
227
63
127
121
245
236
215
229
124
183
231
124
177
245
103
206
251
221
250
133
213
95
192
183
28
139
102
36
191
205
200
246
119
223
126
79
56
181
190
45
111
183
187
205
217
171
126
235
87
117
191
230
249
246
50
151
20
51
206
124
164
107
63
154
162
31
122
251
63
255
51
228
93
242
247
127
251
246
212
221
205
72
195
22
225
127
223
172
27
133
254
21
189
109
88
246
123
249
91
31
50
191
67
7
131
26
1
194
7
15
129
130
41
176
32
135
137
2
139
1
32
79
138
35
198
7
93
213
153
37
3
10
0
8
133
38
101
186
0
56
111
12
32
112
48
169
23
24
53
162
17
168
56
0
177
25
180
2
0
98
3
241
8
85
32
122
247
205
236
222
243
94
91
35
62
69
119
250
191
251
222
220
42
215
60
101
31
239
243
98
63
211
153
63
243
187
86
41
135
101
85
219
194
91
255
126
242
255
185
223
153
30
245
47
151
164
19
141
233
31
151
143
120
254
112
121
90
85
56
255
255
253
255
191
118
227
219
174
243
237
213
255
255
175
166
122
178
183
22
119
229
125
99
247
181
234
248
159
107
249
127
239
191
237
52
247
255
123
249
253
222
223
255
104
243
17
225
111
191
174
139
207
248
61
124
205
124
183
255
251
187
223
246
223
2
0
0
130
14
130
6
0
6
34
17
0
152
6
48
17
64
115
0
144
192
37
67
65
64
128
136
15
18
136
17
65
23
44
23
170
10
72
33
66
36
64
4
9
197
20
165
79
16
172
24
1
50
24
28
65
8
50
19
145
8
83
32
106
25
139
150
253
235
249
240
242
60
84
86
79
156
125
107
140
237
219
249
42
228
111
202
115
107
127
17
114
252
67
147
239
159
99
113
112
119
91
248
40
245
181
250
55
77
135
255
231
137
145
223
13
248
15
155
77
51
214
63
175
82
47
133
222
65
4
33
16
13
34
33
94
128
44
128
1
64
201
0
3
226
108
135
64
224
170
172
10
78
170
132
2
144
4
97
79
113
39
52
56
16
32
5
204
192
98
26
138
72
80
1
202
8
36
88
0
96
26
12
1
176
48
35
152
136
70
34
249
31
21
92
184
158
161
90
112
50
70
87
20
220
109
41
80
228
216
1
224
235
112
130
114
44
40
160
89
120
69
253
41
82
116
149
138
66
115
17
86
148
193
93
14
64
132
195
15
155
44
17
5
106
28
156
73
24
178
59
185
88
10
34
225
184
27
182
245
247
239
249
255
29
221
210
85
23
220
123
228
254
221
217
111
118
47
230
115
47
170
242
214
92
192
126
191
127
115
121
49
247
118
216
69
217
117
215
94
233
135
203
238
140
17
221
149
242
190
159
73
65
254
119
235
67
47
133
254
195
229
1
62
81
138
14
11
192
3
129
238
162
199
132
27
130
5
4
85
10
174
17
71
68
222
154
15
18
42
32
0
130
165
68
155
0
40
193
214
2
234
24
233
209
88
164
15
65
166
16
0
97
16
52
35
16
178
49
189
24
87
50
43
1
196
141
8
10
83
0
102
49
54
4
132
24
53
47
168
143
84
128
32
192
112
204
34
72
128
128
16
41
65
25
75
245
0
17
40
18
98
0
32
182
31
76
6
84
150
193
72
17
40
30
5
176
25
148
9
153
226
43
188
80
70
2
241
154
250
138
107
255
249
210
156
223
187
188
254
187
22
111
249
217
151
122
155
205
87
79
93
167
215
121
39
95
111
151
242
159
204
223
69
126
221
239
51
122
93
102
125
151
255
53
177
255
223
142
165
255
229
248
250
86
221
190
111
241
249
220
222
67
3
1
54
93
34
47
74
192
34
161
34
161
195
132
19
2
37
39
84
138
166
0
71
70
158
135
45
146
40
32
64
2
172
70
186
0
40
33
198
40
98
48
201
192
89
132
15
72
164
16
0
96
24
28
1
0
162
17
148
8
86
48
56
195
197
206
91
55
211
223
132
115
135
37
218
190
59
167
75
139
247
56
111
10
117
231
98
105
215
153
63
123
41
23
59
151
101
53
219
82
89
127
118
114
235
40
109
151
28
85
47
29
172
26
5
249
24
180
206
24
246
56
29
89
85
50
251
109
22
36
160
220
54
38
49
0
110
120
2
136
65
19
5
192
77
1
228
240
129
152
112
90
72
40
140
208
20
49
193
101
36
212
171
81
112
37
192
116
64
24
143
69
8
214
69
24
44
24
8
96
28
140
73
0
176
35
148
74
86
40
240
242
221
48
183
207
78
90
137
79
97
63
254
191
107
94
190
255
19
52
215
30
171
243
100
89
223
251
63
211
187
199
172
135
165
119
215
163
73
238
246
97
220
165
233
149
30
253
61
133
166
208
9
244
39
52
235
88
191
113
57
30
87
56
234
67
4
128
3
207
194
14
5
2
107
41
72
144
2
34
53
109
243
32
144
200
39
91
73
64
193
168
47
18
8
177
98
199
36
87
186
82
120
233
118
96
92
32
41
213
84
181
111
153
172
24
5
244
29
156
65
16
242
51
189
88
87
32
250
204
42
151
241
232
159
174
227
72
187
106
23
211
245
219
162
195
201
237
111
205
133
78
153
203
78
175
166
128
134
51
222
115
3
69
187
93
254
229
196
204
116
176
62
207
14
75
241
154
173
56
243
211
93
157
72
70
248
19
244
76
86
97
124
58
40
123
183
219
207
219
169
95
232
95
119
189
110
217
244
179
23
20
18
199
60
133
106
63
222
226
31
210
251
127
255
39
165
125
243
183
119
235
95
193
93
197
104
236
22
233
127
207
174
219
141
254
7
188
249
200
50
251
249
31
15
48
180
133
143
230
84
125
250
229
123
188
121
142
71
143
125
200
165
169
205
239
43
212
47
136
115
99
254
17
54
124
3
3
79
223
115
81
56
84
186
249
52
213
60
58
183
205
163
245
107
184
181
29
1
241
29
159
73
17
214
55
175
66
87
37
218
221
31
247
117
252
183
255
242
176
63
123
83
206
249
146
9
230
237
255
103
254
237
162
243
202
127
191
254
248
4
112
251
215
51
84
189
87
60
244
253
124
92
187
143
249
41
215
79
156
172
24
71
241
125
157
73
109
254
51
191
120
215
33
248
131
218
64
235
255
184
134
24
62
121
32
107
174
91
100
93
98
247
61
176
196
36
139
120
38
222
121
47
222
107
35
119
151
229
220
179
115
89
173
247
195
222
74
93
209
20
252
85
136
181
24
4
236
167
143
233
16
180
182
191
92
95
54
185
107
22
36
176
220
54
46
177
32
126
120
3
136
65
19
5
224
205
9
228
121
161
155
248
74
72
184
132
208
20
49
193
103
37
213
187
91
112
37
68
116
64
26
143
69
128
199
77
24
44
24
4
225
60
156
73
18
160
51
148
78
70
40
240
235
205
239
251
243
95
83
171
124
231
125
254
187
254
254
238
11
85
61
111
62
221
211
114
63
215
155
55
247
251
54
41
147
103
21
219
194
125
255
62
50
253
253
125
221
30
245
177
223
173
19
141
217
63
190
174
112
236
121
125
93
221
56
250
31
53
93
56
222
177
122
80
114
38
69
22
220
98
161
81
224
221
1
226
203
112
3
242
140
8
162
221
80
13
253
33
83
4
149
170
74
123
17
85
144
192
28
12
80
20
195
31
153
44
24
5
104
29
28
73
24
178
59
159
88
18
98
225
50
246
113
238
127
182
159
11
87
122
113
251
175
115
148
92
178
215
60
57
209
109
145
127
252
218
235
31
31
249
61
239
135
229
60
179
254
252
177
247
71
206
235
221
251
132
213
79
194
183
29
139
100
32
191
255
68
246
246
223
90
95
58
191
193
4
33
20
12
38
9
90
128
110
160
3
66
201
6
7
36
108
7
66
232
172
184
10
78
170
166
2
144
0
33
79
99
34
20
56
16
164
32
238
66
98
10
138
200
16
129
75
8
36
88
0
64
26
156
1
145
178
51
158
204
86
34
177
203
201
207
123
99
210
214
136
121
163
61
170
186
183
39
74
139
21
57
127
14
245
199
119
101
215
153
53
119
43
50
59
151
103
53
219
82
121
253
54
50
251
56
125
151
156
117
163
93
173
18
5
217
29
180
174
24
228
57
157
89
87
50
251
235
205
234
186
211
78
91
139
124
103
119
250
187
235
238
254
139
85
61
103
30
253
243
98
63
223
155
63
243
59
54
41
130
167
85
219
195
127
253
126
242
253
253
233
217
30
245
187
223
164
19
140
201
63
189
174
88
252
121
249
95
87
56
251
242
220
170
191
223
206
94
137
95
227
63
254
179
134
126
255
247
19
60
215
31
175
243
76
117
215
251
47
211
187
167
182
163
173
119
243
227
79
239
247
98
222
229
233
159
30
189
53
205
206
16
41
237
231
189
251
80
191
241
123
31
116
186
174
223
248
91
237
220
232
255
204
122
159
252
255
237
71
223
249
251
213
153
102
109
233
174
120
237
221
123
187
255
107
115
191
181
231
221
219
54
243
253
119
115
222
219
120
117
159
253
53
207
189
95
37
217
183
165
111
216
188
168
107
220
79
55
180
154
250
91
239
255
249
251
232
94
251
252
253
189
94
253
248
115
215
157
90
204
56
174
120
47
204
106
63
223
107
119
255
181
229
221
219
118
247
237
247
211
95
195
124
212
151
252
49
207
63
95
165
252
183
143
105
208
246
174
238
221
79
178
181
