posters/Movie Poster 70.jpg
512 : 811
337
98.427
-1
0
152
200
0.00797478
31
-23.2592
-1
0
166
547
0.00358162
31
-67.1867
-1
0
301
548
0.00346728
31
-59.1576
-1
0
311
552
0.00380798
31
-70.2011
-1
0
307
555
0.00521786
31
-16.9553
-1
0
164
549
0.00368031
31
138.18
-1
0
315
505
0.0079541
31
-165.781
-1
0
137
554
0.0037653
31
-28.9677
-1
0
264
602
0.00877853
31
95.5275
-1
0
256
606
0.00851878
31
55.7843
-1
0
258
606
0.00844035
31
78.5086
-1
0
354
509
0.00736307
31
120.912
-1
0
312
509
0.00812596
31
-6.46982
-1
0
264
606
0.00925948
31
-7.47156
-1
0
266
606
0.00930859
31
60.5663
-1
0
280
509
0.0046277
31
167.567
-1
0
218
622
0.00646013
31
171.591
-1
0
221
622
0.00344915
31
-69.7128
-1
0
154
376
0.00686672
31
152.592
-1
0
402
506
0.00366274
31
1.99999
-1
0
296
636
0.01131
31
-31.0271
-1
0
352
646
0.00490183
31
-92.1858
-1
0
244
561
0.00601433
31
106.798
-1
0
349
506
0.010547
31
119.305
-1
0
318
506
0.00619703
31
127.365
-1
0
116
441
0.00932651
31
76.0922
-1
0
276
505
0.00766351
31
46.7357
-1
0
146
441
0.0070198
31
163.124
-1
0
193
504
0.00824437
31
130.848
-1
0
194
442
0.00716297
31
33.1891
-1
0
228
443
0.00624566
31
10.4599
-1
0
146
503
0.00543172
31
169.114
-1
0
116
503
0.00906698
31
128.784
-1
0
111
462
0.00459645
31
-112.891
-1
0
190
554
0.00377193
31
-85.3331
-1
0
256
555
0.00370337
31
-107.879
-1
0
195
554
0.00437438
31
94.0536
-1
0
238
466
0.00807344
31
93.6844
-1
0
240
474
0.00382079
31
71.8839
-1
0
339
475
0.00377659
31
-107.43
-1
0
233
555
0.00351344
31
-103.039
-1
0
226
555
0.0033826
31
-96.2484
-1
0
215
560
0.00320346
31
-78.5788
-1
0
239
555
0.00335385
31
-43.3445
-1
0
146
171
0.00314601
31
-71.8279
-1
0
290
555
0.0033567
31
-26.6929
-1
0
344
556
0.00326821
31
-161.801
-1
0
146
554
0.00330837
31
-48.0941
-1
0
299
552
0.00315787
31
-64.0108
-1
0
168
554
0.00298035
31
-150.076
-1
0
133
644
0.00301167
31
-5.78901
-1
0
281
603
0.00300452
31
-173.698
-1
1
210
600
0.00217806
37.2
-113.499
-1
1
195.6
554.4
0.00352925
37.2
-117.553
-1
1
188.4
554.4
0.00219199
37.2
-96.0959
-1
1
225.6
554.4
0.00248228
37.2
52.7336
-1
1
336
465.6
0.00255165
37.2
-114.538
-1
1
199.2
550.8
0.00327005
37.2
-97.4069
-1
1
232.8
554.4
0.00402158
37.2
-80.1807
-1
1
238.8
554.4
0.00273218
37.2
-107.021
-1
1
230.4
550.8
0.00293567
37.2
132.292
-1
1
133.2
540
0.0017827
37.2
87.4552
-1
1
324
505.2
0.00208388
37.2
-178.186
-1
1
192
631.2
0.00346716
37.2
73.1197
-1
1
232.8
457.2
0.00295993
37.2
-84.9576
-1
1
256.8
555.6
0.00336402
37.2
-81.7733
-1
1
214.8
544.8
0.0018557
37.2
-88.8188
-1
1
270
552
0.0036071
37.2
-82.7555
-1
1
280.8
555.6
0.00216238
37.2
-106.579
-1
1
144
384
0.00215841
37.2
-82.2348
-1
1
283.2
552
0.00202541
37.2
-59.8935
-1
1
289.2
555.6
0.00221188
37.2
-80.1342
-1
1
168
554.4
0.00188714
37.2
-73.5892
-1
1
308.4
555.6
0.00247292
37.2
-24.3937
-1
1
344.4
555.6
0.00236855
37.2
130.486
-1
1
154.8
554.4
0.00167825
37.2
-72.7473
-1
1
298.8
544.8
0.00232648
37.2
175.03
-1
1
146.4
554.4
0.00214197
37.2
103.333
-1
1
321.6
204
0.00195513
37.2
-63.4349
-1
1
298.8
552
0.00301225
37.2
-178.873
-1
1
132
560.4
0.00207933
37.2
63.1809
-1
1
279.6
508.8
0.00593088
37.2
178.1
-1
1
194.4
620.4
0.00465839
37.2
9.49686
-1
1
297.6
636
0.00269835
37.2
49.4351
-1
1
146.4
441.6
0.00639977
37.2
-153.905
-1
1
163.2
560.4
0.00218581
37.2
-121.357
-1
1
170.4
560.4
0.00185271
37.2
-103.36
-1
1
177.6
560.4
0.00197576
37.2
-109.654
-1
1
186
560.4
0.00200671
37.2
-62.3005
-1
1
301.2
548.4
0.00279378
37.2
26.4649
-1
1
146.4
502.8
0.00491602
37.2
-101.421
-1
1
216
560.4
0.00234698
37.2
80.3625
-1
1
339.6
475.2
0.00208461
37.2
165.611
-1
1
190.8
637.2
0.00233188
37.2
87.3974
-1
1
151.2
200.4
0.0052923
37.2
-103.928
-1
1
224.4
560.4
0.00205284
37.2
-95.1104
-1
1
231.6
547.2
0.00251859
37.2
100.421
-1
1
343.2
468
0.00196227
37.2
-79.1597
-1
1
232.8
560.4
0.0022054
37.2
179.406
-1
1
138
554.4
0.00281804
37.2
-90.4897
-1
1
243.6
560.4
0.00320967
37.2
-94.0567
-1
1
249.6
561.6
0.00217094
37.2
101.215
-1
1
349.2
505.2
0.00962796
37.2
-69.9779
-1
1
262.8
561.6
0.00183368
37.2
115.741
-1
1
313.2
508.8
0.00697693
37.2
141.911
-1
1
139.2
663.6
0.00208679
37.2
-22.3532
-1
1
264
602.4
0.00625383
37.2
97.2912
-1
1
247.2
474
0.00257005
37.2
89.0964
-1
1
240
474
0.00349002
37.2
90
-1
1
322.8
222
0.00197635
37.2
-18.1381
-1
1
165.6
547.2
0.00270864
37.2
49.1849
-1
1
331.2
306
0.00239711
37.2
74.6872
-1
1
238.8
508.8
0.00210762
37.2
80.2283
-1
1
354
508.8
0.0083944
37.2
-73.8338
-1
1
154.8
375.6
0.00601861
37.2
-23.8243
-1
1
164.4
543.6
0.00207456
37.2
127.147
-1
1
139.2
666
0.00174633
37.2
160.017
-1
1
218.4
621.6
0.0022256
37.2
-154.537
-1
1
133.2
644.4
0.00166308
37.2
-90.1996
-1
1
138
390
0.00172292
37.2
89.4915
-1
1
238.8
465.6
0.00482341
37.2
146.16
-1
1
132
669.6
0.00225812
37.2
-59.1622
-1
1
309.6
552
0.00297253
37.2
67.4021
-1
1
168
450
0.00169355
37.2
179.403
-1
1
205.2
604.8
0.00244926
37.2
-15.2551
-1
1
164.4
549.6
0.00316931
37.2
-167.838
-1
1
142.8
568.8
0.00248339
37.2
-77.9963
-1
1
134.4
390
0.00211931
37.2
-144.462
-1
1
145.2
568.8
0.00221999
37.2
68.8387
-1
1
276
504
0.00954586
37.2
-2.95078
-1
1
282
606
0.0029231
37.2
135.988
-1
1
193.2
504
0.00644891
37.2
154.502
-1
1
150
549.6
0.00234739
37.2
-19.2593
-1
1
343.2
571.2
0.00223454
37.2
-65.0188
-1
1
314.4
570
0.00218678
37.2
-19.5731
-1
1
351.6
645.6
0.0023076
37.2
78.7812
-1
1
337.2
471.6
0.00255058
37.2
-5.99253
-1
1
349.2
548.4
0.00249066
37.2
67.2535
-1
1
216
519.6
0.00187114
37.2
8.21921
-1
1
264
606
0.00350689
37.2
-70.8803
-1
1
284.4
570
0.00222492
37.2
35.1342
-1
1
258
606
0.00286049
37.2
-61.5709
-1
2
313.92
552.96
0.00233351
44.64
69.9048
-1
2
279.36
508.32
0.00659908
44.64
-86.9059
-1
2
214.56
552.96
0.00122665
44.64
109.654
-1
2
334.08
305.28
0.00246086
44.64
5.5936
-1
2
211.68
397.44
0.00162273
44.64
75.6244
-1
2
168.48
449.28
0.00152257
44.64
63.4349
-1
2
165.6
550.08
0.00261807
44.64
-3.93018
-1
2
348.48
544.32
0.00158604
44.64
-90.7252
-1
2
226.08
554.4
0.00300645
44.64
-7.83553
-1
2
264.96
603.36
0.00238601
44.64
-90
-1
2
231.84
554.4
0.00320784
44.64
-97.7652
-1
2
230.4
547.2
0.00185478
44.64
174.161
-1
2
204.48
603.36
0.0017023
44.64
-82.711
-1
2
239.04
554.4
0.00432898
44.64
-73.0547
-1
2
283.68
551.52
0.00235157
44.64
-78.1664
-1
2
256.32
554.4
0.00276664
44.64
150.341
-1
2
149.76
550.08
0.00243799
44.64
-129.611
-1
2
195.84
552.96
0.00375038
44.64
-88.0419
-1
2
269.28
550.08
0.0022204
44.64
-59.6209
-1
2
299.52
551.52
0.00329872
44.64
-62.9203
-1
2
299.52
544.32
0.00189196
44.64
-58.6429
-1
2
309.6
550.08
0.0022814
44.64
167.678
-1
2
197.28
613.44
0.00300559
44.64
-88.698
-1
2
201.6
547.2
0.0031253
44.64
100.214
-1
2
344.16
468
0.00205279
44.64
91.0642
-1
2
247.68
473.76
0.00145036
44.64
-94.0856
-1
2
273.6
554.4
0.00318974
44.64
-76.9666
-1
2
280.8
554.4
0.00265195
44.64
129.92
-1
2
336.96
300.96
0.0013425
44.64
1.72525
-1
2
277.92
600.48
0.00209852
44.64
173.894
-1
2
191.52
630.72
0.00321754
44.64
-131.186
-1
2
194.4
538.56
0.00123887
44.64
3.75856
-1
2
295.2
630.72
0.00253236
44.64
113.018
-1
2
312.48
508.32
0.00346286
44.64
-3.66194
-1
2
292.32
622.08
0.00263515
44.64
154.195
-1
2
146.88
552.96
0.00183511
44.64
46.5482
-1
2
331.2
308.16
0.00126255
44.64
-15.6066
-1
2
345.6
554.4
0.00183529
44.64
132.248
-1
2
338.4
298.08
0.00138689
44.64
83.4852
-1
2
239.04
473.76
0.00296449
44.64
-49.1122
-1
2
315.36
570.24
0.00122774
44.64
51.4734
-1
2
146.88
442.08
0.00564723
44.64
-90.5305
-1
2
230.4
544.32
0.00133863
44.64
-178.932
-1
2
210.24
599.04
0.00179793
44.64
162.597
-1
2
148.32
560.16
0.00156432
44.64
158.749
-1
2
164.16
560.16
0.00248531
44.64
39.3518
-1
2
325.44
472.32
0.00143153
44.64
117.58
-1
2
192.96
442.08
0.00459273
44.64
-122.125
-1
2
198.72
548.64
0.00263889
44.64
-169.509
-1
2
169.92
560.16
0.00195807
44.64
85.7026
-1
2
352.8
508.32
0.0102829
44.64
-102.779
-1
2
230.4
550.08
0.00224804
44.64
-60.3008
-1
2
300.96
547.2
0.00247302
44.64
-36.7475
-1
2
288
570.24
0.00132621
44.64
-132.797
-1
2
178.56
560.16
0.00186078
44.64
-77.4712
-1
2
243.36
542.88
0.00151097
44.64
91.1052
-1
2
239.04
465.12
0.00432053
44.64
-52.0013
-1
2
285.12
570.24
0.00168328
44.64
-128.234
-1
2
184.32
560.16
0.0022172
44.64
-78.6161
-1
2
247.68
540
0.00197774
44.64
-60.3763
-1
2
214.56
542.88
0.00183746
44.64
107.241
-1
2
155.52
552.96
0.00189879
44.64
73.4312
-1
2
336.96
472.32
0.00171581
44.64
-110.973
-1
2
217.44
560.16
0.0014859
44.64
-136.848
-1
2
188.64
552.96
0.00257397
44.64
-96.7098
-1
2
198.72
542.88
0.00222243
44.64
-104.036
-1
2
223.2
560.16
0.00193174
44.64
-94.8136
-1
2
243.36
560.16
0.00282774
44.64
-77.6446
-1
2
250.56
561.6
0.00172696
44.64
-79.4722
-1
2
262.08
561.6
0.00162213
44.64
-91.8087
-1
2
275.04
561.6
0.00173608
44.64
35.0958
-1
2
164.16
542.88
0.00239491
44.64
126.573
-1
2
151.2
542.88
0.0015483
44.64
-74.8722
-1
2
154.08
375.84
0.00304872
44.64
63.4349
-1
2
335.52
465.12
0.00217847
44.64
152.003
-1
2
190.08
640.8
0.00208904
44.64
-82.1339
-1
2
266.4
540
0.00134995
44.64
-45
-1
2
293.76
561.6
0.00143545
44.64
-6.77216
-1
2
348.48
548.64
0.00175519
44.64
38.2811
-1
2
146.88
502.56
0.0034003
44.64
-64.204
-1
2
309.6
561.6
0.00132214
44.64
20.8545
-1
2
165.6
545.76
0.00163148
44.64
61.004
-1
2
233.28
456.48
0.00292246
44.64
128.823
-1
2
192.96
502.56
0.00598159
44.64
92.4681
-1
2
348.48
504
0.00930193
44.64
-66.3058
-1
2
295.2
540
0.00130435
44.64
34.6602
-1
2
228.96
443.52
0.00194552
44.64
70.1862
-1
2
275.04
504
0.0104425
44.64
-80.5377
-1
2
241.92
551.52
0.00214548
44.64
124.992
-1
2
167.04
552.96
0.00187776
44.64
175.684
-1
2
144
568.8
0.00168622
44.64
90.9963
-1
2
322.56
221.76
0.00139774
44.64
-149.036
-1
2
197.28
560.16
0.00119114
44.64
51.3792
-1
2
280.8
666.72
0.00114919
44.64
-18.1573
-1
2
342.72
570.24
0.00111063
44.64
103.173
-1
2
324
207.36
0.00113688
44.64
124.946
-1
2
146.88
538.56
0.0011228
44.64
129.472
-1
2
201.6
568.8
0.00110885
44.64
2.32782
-1
3
292.032
622.08
0.00142759
53.568
119.604
-1
3
333.504
305.856
0.00169781
53.568
-90.6821
-1
3
229.824
549.504
0.00289063
53.568
-48.8141
-1
3
331.776
549.504
0.00200762
53.568
9.77323
-1
3
288.576
613.44
0.00172221
53.568
-138.814
-1
3
196.992
552.96
0.0039865
53.568
-79.2869
-1
3
236.736
552.96
0.00318353
53.568
-77.9885
-1
3
241.92
552.96
0.0023551
53.568
11.6894
-1
3
217.728
393.984
0.00151741
53.568
5.66097
-1
3
210.816
397.44
0.00166062
53.568
110.063
-1
3
191.808
442.368
0.00494167
53.568
-68.4481
-1
3
283.392
552.96
0.00229585
53.568
-152.103
-1
3
183.168
554.688
0.00222105
53.568
-72.8973
-1
3
267.84
554.688
0.00301742
53.568
56.441
-1
3
233.28
456.192
0.00310102
53.568
-88.5121
-1
3
241.92
559.872
0.00224318
53.568
-83.4181
-1
3
231.552
561.6
0.00145454
53.568
-84.2072
-1
3
226.368
552.96
0.00257241
53.568
-70.71
-1
3
274.752
561.6
0.00181484
53.568
78.7565
-1
3
238.464
473.472
0.0022232
53.568
-78.559
-1
3
260.928
561.6
0.00166499
53.568
-59.6419
-1
3
250.56
561.6
0.00148736
53.568
108.695
-1
3
191.808
502.848
0.00502138
53.568
67.5641
-1
3
274.752
502.848
0.0141682
53.568
-118.523
-1
3
222.912
561.6
0.00186817
53.568
74.7167
-1
3
278.208
508.032
0.00657555
53.568
101.781
-1
3
312.768
508.032
0.00216742
53.568
-178.831
-1
3
177.984
561.6
0.00186706
53.568
-166.264
-1
3
183.168
559.872
0.00258345
53.568
-49.9166
-1
3
312.768
552.96
0.00161978
53.568
-74.6115
-1
3
279.936
552.96
0.00208243
53.568
-70.8664
-1
3
255.744
552.96
0.00221247
53.568
100.176
-1
3
195.264
539.136
0.00163382
53.568
32.0054
-1
3
295.488
639.36
0.0022415
53.568
-130.601
-1
3
198.72
547.776
0.00251851
53.568
150.255
-1
3
198.72
544.32
0.00180464
53.568
65.3764
-1
3
250.56
463.104
0.00105851
53.568
-18.8247
-1
3
336.96
561.6
0.00111106
53.568
-10.1247
-1
3
214.272
540.864
0.00140253
53.568
-67.6519
-1
3
241.92
540.864
0.00123297
53.568
-42.3974
-1
3
309.312
561.6
0.00128266
53.568
172.313
-1
3
209.088
597.888
0.00128791
53.568
-48.3231
-1
3
295.488
540.864
0.00134159
53.568
-76.7989
-1
3
264.384
539.136
0.00110871
53.568
-67.9196
-1
3
286.848
542.592
0.00111018
53.568
-67.249
-1
3
247.104
539.136
0.00124028
53.568
-50.3073
-1
3
312.768
549.504
0.00127971
53.568
0
-1
3
262.656
603.072
0.00118254
53.568
11.2473
-1
3
283.392
604.8
0.00139738
53.568
-48.0128
-1
3
323.136
546.048
0.00106473
53.568
158.663
-1
3
196.992
611.712
0.00142373
53.568
128.66
-1
3
335.232
300.672
0.00136651
53.568
-74.0546
-1
3
214.272
551.232
0.00112279
53.568
-53.0272
-1
3
323.136
549.504
0.00126667
53.568
7.38604
-1
3
276.48
599.616
0.00126942
53.568
-117.3
-1
3
217.728
559.872
0.001196
53.568
156.89
-1
3
190.08
637.632
0.00129112
53.568
86.154
-1
3
247.104
473.472
0.00104511
53.568
-78.0558
-1
3
247.104
551.232
0.000974533
53.568
-81.4164
-1
3
269.568
547.776
0.001002
53.568
-36.7241
-1
3
286.848
570.24
0.000954261
53.568
94.548
-1
3
323.136
207.36
0.000905289
53.568
54.1967
-1
3
330.048
471.744
0.000938518
53.568
-55.6922
-1
4
284.083
553.651
0.00234349
64.2816
60.9278
-1
4
234.317
462.413
0.00389161
64.2816
62.3652
-1
4
273.715
501.811
0.010325
64.2816
59.5445
-1
4
234.317
456.192
0.00465163
64.2816
68.1458
-1
4
277.862
508.032
0.00593105
64.2816
118.61
-1
4
203.213
551.578
0.00294296
64.2816
16.6331
-1
4
217.728
389.837
0.00161994
64.2816
10.5353
-1
4
211.507
398.131
0.00201757
64.2816
-69.7174
-1
4
226.022
551.578
0.00143725
64.2816
-70.2532
-1
4
246.758
551.578
0.0016781
64.2816
-57.5288
-1
4
255.053
551.578
0.00145946
64.2816
68.6631
-1
4
248.832
464.486
0.00142189
64.2816
-53.1301
-1
4
267.494
553.651
0.00207418
64.2816
-45.9878
-1
4
275.789
561.946
0.00167081
64.2816
72.0483
-1
4
238.464
474.854
0.000945605
64.2816
165.256
-1
4
221.875
561.946
0.00136859
64.2816
18.4349
-1
4
284.083
605.491
0.000998925
64.2816
-53.6525
-1
4
261.274
561.946
0.00132896
64.2816
-72.8973
-1
4
213.581
549.504
0.000982138
64.2816
31.3832
-1
4
255.053
445.824
0.00123286
64.2816
-41.2686
-1
4
242.611
539.136
0.000739745
64.2816
-55.7131
-1
4
250.906
561.946
0.000898581
64.2816
-42.5104
-1
4
246.758
539.136
0.000810126
64.2816
-3.79922
-1
4
226.022
416.794
0.000794593
64.2816
13.4809
-1
4
275.789
599.271
0.000754496
64.2816
160.186
-1
4
209.434
597.197
0.000872178
64.2816
-62.071
-1
4
250.906
545.357
0.000870702
64.2816
55.008
-1
4
213.581
539.136
0.000710323
64.2816
-55.9541
-1
4
261.274
545.357
0.000711506
64.2816
61.0086
-1
5
271.227
500.152
0.00346751
77.1379
63.3492
-1
5
248.832
465.316
0.0015607
77.1379
-33.6901
-1
5
261.274
562.36
0.00103026
77.1379
71.0975
-1
5
251.32
472.781
0.000829836
77.1379
-42.337
-1
5
251.32
547.431
0.000736172
77.1379
337
64
182
71
48
253
40
68
252
229
7
230
121
130
80
68
27
182
253
138
98
195
151
170
117
154
221
79
247
234
129
182
227
246
227
184
71
46
152
168
234
106
42
28
177
235
246
114
183
111
155
232
152
75
240
31
16
81
131
243
81
177
126
114
105
230
10
218
138
107
175
241
254
188
25
187
88
205
160
84
11
169
13
223
185
155
236
51
207
217
97
79
18
166
93
67
35
214
255
154
217
33
127
143
236
33
122
124
242
124
87
181
31
243
186
218
30
101
213
229
252
240
215
131
175
247
211
251
198
86
206
32
235
129
222
135
139
148
172
175
17
62
219
138
51
65
152
117
123
246
201
151
202
105
78
208
188
39
144
157
51
206
87
45
31
187
90
125
45
86
112
64
68
14
209
92
137
49
29
172
24
1
243
248
156
83
16
114
51
157
76
87
48
242
199
196
234
9
223
151
159
140
188
239
132
170
155
172
39
79
137
125
59
117
248
215
94
56
20
240
156
39
81
25
51
99
197
172
134
235
82
121
37
126
114
74
104
172
215
120
133
49
29
172
24
5
209
121
156
66
16
246
59
157
220
215
58
251
231
12
238
1
223
143
3
81
40
103
134
10
202
169
34
7
136
125
51
229
248
199
90
97
87
112
156
38
80
28
113
3
199
44
214
171
146
104
165
126
208
22
60
139
209
120
193
129
25
172
24
13
113
93
29
2
56
178
115
189
138
215
40
235
10
138
130
235
175
241
172
180
28
187
248
141
160
76
11
169
13
24
233
218
236
51
207
89
1
77
2
166
93
197
35
198
239
186
219
33
127
172
108
35
106
108
243
44
87
181
23
243
58
218
156
129
247
229
216
240
199
131
135
211
147
251
194
70
91
21
138
95
23
195
218
140
18
171
149
188
178
202
35
126
108
151
16
211
142
63
231
11
37
130
242
47
83
41
183
110
103
167
61
219
82
125
235
87
144
200
229
106
147
28
137
63
157
174
26
5
104
24
180
99
145
178
185
251
29
55
178
247
84
45
179
212
0
7
92
103
131
224
11
147
83
230
179
94
189
3
98
71
31
173
82
131
219
74
246
76
0
184
150
40
79
55
103
191
144
44
210
76
112
56
181
227
175
124
165
110
221
170
168
219
242
88
60
194
65
123
83
243
57
116
129
234
1
6
9
11
192
18
130
160
0
2
16
6
128
5
3
0
0
65
1
4
64
0
128
192
72
144
28
0
128
2
3
24
196
4
65
136
88
8
13
0
32
0
16
140
85
152
160
65
27
12
17
0
145
9
140
130
0
64
16
16
64
83
98
240
3
69
8
34
5
16
0
2
32
2
1
64
0
0
32
19
76
32
5
213
2
0
32
0
68
149
17
8
2
34
32
16
16
4
152
138
8
44
0
0
32
66
56
9
18
80
16
140
80
24
48
4
0
0
100
32
145
0
0
4
4
211
64
35
131
0
0
2
7
2
8
158
2
42
33
0
0
128
34
3
12
116
4
145
0
144
100
0
0
129
152
0
145
0
1
65
64
52
144
32
0
64
0
193
128
66
6
9
2
84
0
72
16
32
82
4
2
26
100
0
144
32
32
20
4
84
0
33
22
179
213
162
92
186
160
114
224
24
80
113
79
115
148
16
114
207
195
98
197
100
9
215
142
138
36
143
42
140
161
202
215
110
86
190
125
56
121
100
76
84
18
15
208
20
247
207
184
44
137
66
242
29
28
89
12
242
19
181
88
87
100
121
254
57
187
151
247
215
222
173
14
227
83
190
179
134
155
86
127
215
120
95
143
181
198
89
157
194
250
111
82
184
182
170
71
53
85
155
210
127
233
87
48
93
245
44
247
28
145
63
159
174
25
135
242
29
156
91
64
243
49
249
93
31
48
246
0
0
9
131
0
144
130
33
0
130
16
4
128
5
17
2
0
64
0
4
128
32
194
192
8
128
12
4
0
8
1
8
68
4
153
136
16
40
9
0
0
64
16
136
2
0
0
48
19
8
24
0
17
8
12
18
0
98
10
216
64
19
96
242
0
0
9
3
0
144
130
32
0
130
18
4
128
4
1
2
8
68
0
4
128
32
194
192
72
144
12
4
0
8
1
24
68
4
153
136
16
42
9
0
144
64
16
8
2
132
0
32
19
8
24
0
17
25
76
2
0
98
26
152
64
19
98
242
196
187
215
118
89
34
224
254
244
153
192
247
227
199
134
73
98
197
187
71
197
47
234
127
102
202
118
135
222
9
34
238
223
39
108
191
117
188
109
244
89
124
58
175
201
113
189
239
185
164
24
17
240
30
156
73
20
248
55
175
92
87
163
251
34
5
32
26
1
12
5
11
166
68
43
2
49
108
124
38
2
48
2
68
22
34
144
102
84
148
133
9
2
154
0
0
130
44
67
154
128
8
195
78
32
240
16
161
4
90
164
14
17
164
144
8
32
25
134
1
48
98
112
60
72
70
40
248
34
5
32
26
3
12
5
11
134
68
11
4
17
108
60
6
0
48
0
68
18
34
144
70
84
148
133
9
2
186
16
0
130
44
67
154
130
8
67
74
32
241
20
169
4
88
164
14
17
164
144
8
34
24
132
1
48
98
120
61
8
68
40
224
3
213
136
56
23
162
29
26
177
42
169
232
170
141
36
31
137
109
35
209
224
39
82
123
68
255
243
47
83
48
97
97
223
60
149
170
74
44
232
113
112
202
58
169
215
81
245
111
24
190
24
5
224
61
220
65
16
178
55
191
24
215
36
122
147
213
154
94
33
2
88
14
194
130
37
200
34
192
4
27
102
130
36
151
2
170
101
7
128
131
227
72
3
40
128
32
234
46
0
158
74
44
66
240
18
202
48
73
146
92
129
110
145
170
18
5
40
24
244
67
145
243
48
29
56
112
130
235
5
10
195
101
168
232
168
228
24
185
66
85
192
49
203
128
170
204
137
106
196
9
238
121
77
137
16
35
92
5
49
95
117
33
125
186
116
246
169
52
209
116
24
30
106
134
89
243
153
44
124
53
208
31
157
72
128
226
35
173
72
71
32
246
7
170
1
100
60
248
166
72
248
57
202
101
224
21
200
161
139
237
143
89
228
38
72
221
101
222
5
167
78
7
33
198
151
168
79
48
127
186
233
52
233
84
58
175
197
227
182
107
184
253
12
1
240
21
159
9
22
210
151
173
98
87
36
90
103
38
161
10
217
134
7
13
226
103
169
40
160
75
164
37
128
37
2
20
216
7
90
69
86
224
140
47
2
24
73
64
229
44
70
190
200
48
37
254
66
74
0
139
208
120
165
75
49
172
24
8
113
24
156
3
48
242
19
188
186
214
42
121
94
49
137
178
119
51
26
46
214
10
215
54
121
198
51
82
80
215
83
212
65
245
195
22
140
192
232
141
82
236
180
168
86
44
149
175
126
122
193
81
24
193
213
8
197
133
167
110
159
174
153
7
242
29
220
89
64
50
59
217
105
26
112
242
95
17
154
183
87
227
219
172
18
161
215
54
178
142
131
82
110
151
16
87
171
141
195
65
44
202
248
77
82
41
230
43
95
53
53
251
22
105
201
85
16
201
181
42
233
29
169
47
159
174
27
133
240
60
220
65
80
51
59
249
25
23
176
202
131
197
8
142
7
200
156
15
7
67
61
200
26
12
4
188
141
18
36
213
0
0
224
97
77
215
185
105
19
58
2
41
148
60
81
138
74
72
232
96
98
24
61
41
149
20
244
44
145
172
16
5
240
17
180
73
16
242
48
185
24
85
32
234
120
51
179
242
250
55
171
203
198
122
66
51
241
194
179
84
118
151
235
70
208
151
82
95
150
200
254
205
130
216
244
234
71
45
79
191
81
124
37
84
104
68
16
15
65
229
145
207
188
172
152
1
242
28
156
81
0
122
19
157
94
23
40
112
5
130
197
137
0
216
167
92
41
254
42
141
129
55
171
35
139
101
161
33
192
69
74
225
73
213
25
36
56
10
19
75
215
0
213
160
48
216
233
32
100
28
58
39
21
16
117
107
152
172
56
5
240
29
156
72
20
226
19
189
72
87
96
250
211
213
154
126
7
2
92
134
18
171
61
136
34
202
38
31
100
146
52
151
10
175
229
43
38
131
226
75
83
41
160
97
243
166
52
243
99
101
34
242
82
202
172
73
154
28
193
222
81
170
82
133
108
26
181
227
145
179
57
27
28
116
146
161
2
193
136
158
7
202
92
3
7
3
61
202
154
70
36
28
13
19
32
151
6
55
195
99
66
215
145
44
18
186
150
0
150
60
81
138
74
72
234
96
96
57
53
105
149
28
181
110
145
170
24
5
176
1
216
203
17
243
50
177
16
113
0
202
135
228
105
168
17
92
39
72
165
71
173
250
9
47
228
109
131
116
37
97
64
208
48
96
68
213
137
51
243
42
19
89
176
4
215
170
32
120
233
180
102
26
56
33
212
22
244
104
25
173
16
4
216
21
204
8
24
178
49
188
88
214
44
184
4
10
4
129
200
237
162
245
8
125
74
5
128
117
219
160
131
72
129
96
204
40
142
184
75
8
12
130
196
6
59
87
117
35
85
56
17
242
205
134
213
52
24
22
76
134
106
209
136
69
92
52
213
31
141
8
0
104
3
164
72
6
35
252
211
213
8
30
7
2
92
2
2
3
57
138
2
202
36
31
100
18
52
213
10
174
161
34
70
135
227
105
147
40
160
49
242
52
20
219
66
109
2
213
2
202
60
73
154
28
132
30
65
166
18
5
40
26
181
227
145
179
49
24
28
116
18
161
50
43
241
134
34
221
129
37
207
196
87
20
61
50
219
244
254
146
64
36
20
83
195
69
221
128
140
29
34
248
222
168
133
44
67
158
220
90
203
92
164
85
181
129
165
134
177
110
151
172
137
139
178
5
185
91
96
114
82
249
123
77
104
254
241
47
230
83
208
135
134
179
98
205
16
91
190
235
131
76
106
243
57
166
91
141
219
231
90
122
62
44
170
24
208
7
199
39
116
179
208
92
23
108
101
98
136
158
9
56
89
151
92
44
24
252
23
106
153
203
106
124
80
21
94
101
25
107
95
34
205
56
255
155
23
108
34
50
213
50
220
247
175
82
194
213
25
100
201
245
202
112
76
192
136
29
122
9
29
105
151
132
148
187
66
122
133
86
52
219
89
13
85
140
197
79
151
44
25
4
35
61
159
11
88
238
59
156
88
70
50
245
211
61
214
19
202
3
66
166
114
53
20
31
158
255
163
88
102
243
57
166
73
205
203
225
138
98
60
63
170
73
218
39
151
103
20
243
90
93
87
124
84
65
76
22
73
28
201
133
93
44
9
148
181
122
152
207
122
124
57
29
88
5
18
234
26
233
137
90
34
91
92
39
223
130
53
152
61
178
124
218
93
146
50
251
6
118
193
71
173
151
245
105
67
171
148
104
150
12
65
206
74
89
234
112
178
223
181
109
151
52
53
110
147
168
131
7
56
29
245
89
16
243
59
253
121
89
96
251
59
245
109
154
38
31
93
35
115
198
61
216
31
42
116
94
253
210
52
253
150
116
225
99
189
215
179
125
99
251
212
105
210
100
148
218
202
121
250
120
114
219
253
45
151
20
117
110
151
168
19
15
104
29
182
93
24
242
123
249
89
219
104
251
14
248
88
40
27
120
52
77
188
48
142
172
49
22
237
249
217
152
67
208
197
50
8
52
101
221
81
105
81
143
163
224
157
12
199
238
83
18
233
116
186
157
48
37
84
247
182
109
185
174
154
0
248
29
201
89
16
226
175
189
24
83
38
218
86
34
197
131
219
147
7
40
238
49
18
55
189
127
187
64
242
149
89
36
201
119
138
100
78
192
60
31
170
200
25
14
87
103
69
187
84
122
21
92
68
85
72
14
69
140
201
71
157
44
153
4
179
120
156
203
72
126
19
157
72
71
48
124
114
38
233
211
249
158
2
9
218
113
22
63
177
247
142
84
226
135
25
20
220
165
219
93
82
192
248
15
130
25
9
46
135
165
85
179
82
91
133
118
208
84
8
142
81
140
233
23
149
44
24
12
181
125
159
235
80
126
179
189
90
87
58
249
195
236
136
27
201
138
19
8
218
33
38
170
160
202
78
59
98
35
24
148
205
167
11
196
195
98
200
47
130
9
193
35
139
45
64
183
27
11
165
252
210
222
0
131
209
123
161
7
145
174
8
5
245
61
89
195
48
186
183
188
152
214
50
73
74
32
201
183
254
131
27
12
239
39
7
14
185
194
51
83
178
119
80
96
138
53
74
77
132
128
172
31
66
233
61
230
215
172
6
191
75
123
161
95
144
91
68
8
209
92
129
27
157
172
24
7
118
29
29
211
16
242
59
189
249
31
114
251
236
174
175
249
96
127
242
247
29
250
246
186
83
176
219
206
139
137
251
79
253
213
222
155
95
123
157
166
65
215
34
234
207
3
69
235
215
189
237
112
248
60
177
183
255
189
51
235
191
236
175
217
209
125
217
88
86
236
255
253
90
83
89
255
79
32
204
176
222
179
26
112
32
34
213
54
220
165
162
66
128
93
17
100
137
85
194
113
12
192
136
29
120
13
61
105
87
52
148
171
66
121
1
86
20
193
93
13
193
12
229
11
31
44
24
4
97
88
158
13
88
102
59
152
72
22
32
250
103
134
96
35
221
132
135
9
164
107
160
106
168
75
132
21
192
37
33
208
201
7
26
108
86
212
57
39
146
24
33
71
71
172
78
187
112
56
37
46
100
66
8
137
213
88
148
17
24
236
24
0
101
16
156
35
24
178
179
148
152
87
48
104
117
45
179
84
0
6
65
111
131
196
5
133
66
202
134
14
164
35
96
7
22
45
80
195
211
106
198
76
0
152
200
73
206
55
96
190
128
12
210
76
16
56
181
227
169
120
165
238
81
162
169
219
49
88
24
194
105
59
83
243
58
100
137
75
78
32
235
169
63
151
159
140
4
238
17
188
153
46
179
86
24
53
64
219
169
113
198
105
28
224
184
31
18
249
117
203
101
180
159
171
250
120
33
95
32
73
101
40
151
28
193
59
31
174
24
5
119
24
252
114
144
226
51
221
201
223
58
246
195
148
137
11
206
134
159
140
187
175
9
202
144
12
39
29
141
119
48
32
136
87
90
72
96
244
60
110
144
121
95
103
135
153
137
69
170
205
110
43
32
139
108
105
151
88
181
49
85
216
24
37
135
225
124
227
121
30
184
57
181
221
90
230
80
41
155
223
32
210
220
199
83
162
7
148
80
198
155
154
127
130
32
79
142
173
199
3
141
147
178
77
67
168
180
122
247
20
117
186
18
122
194
116
176
94
177
104
183
20
129
110
155
168
58
71
176
29
181
73
17
243
59
253
89
119
99
243
131
194
77
136
180
152
135
24
42
87
56
202
205
57
68
1
129
101
36
32
64
68
128
96
76
245
25
49
190
10
3
9
150
68
217
138
74
120
169
32
100
94
56
189
213
16
244
5
18
189
16
0
208
145
206
29
40
242
18
29
80
211
108
250
138
9
138
154
3
65
64
238
6
192
29
148
18
196
35
234
203
84
0
71
6
185
230
3
14
131
144
8
19
74
30
41
150
38
17
250
2
66
75
84
16
49
148
98
28
20
101
238
17
44
91
5
146
25
148
72
17
32
41
57
73
20
39
250
195
9
198
87
203
131
70
142
234
161
20
123
190
227
34
74
106
19
56
183
14
207
235
103
74
211
30
63
170
8
18
14
151
111
100
243
90
77
119
86
85
115
236
91
137
92
89
151
85
4
88
244
23
234
157
239
89
124
32
59
28
117
145
250
225
175
130
87
192
207
66
135
75
193
1
235
178
210
166
78
106
19
56
135
31
143
123
199
83
83
30
47
131
152
18
4
207
47
100
155
64
28
127
78
193
112
160
207
137
124
57
182
213
132
88
252
19
106
144
226
65
124
64
55
88
117
145
107
226
6
197
211
253
146
2
153
110
113
22
63
175
243
2
5
226
135
24
20
200
165
203
104
66
210
216
47
178
25
11
46
159
167
84
115
82
91
103
86
208
84
8
158
193
12
233
145
149
12
25
32
181
250
158
235
80
124
181
29
72
21
52
95
45
246
117
168
156
189
39
89
236
126
162
41
109
25
253
197
218
236
199
104
249
96
25
188
148
61
5
163
253
84
97
215
201
64
214
190
241
176
33
116
238
86
122
151
84
227
86
65
184
253
140
40
242
157
143
89
54
224
199
132
218
215
108
121
224
43
198
215
203
195
194
175
238
161
18
123
191
243
178
74
107
147
124
39
79
143
239
39
10
211
154
47
170
200
18
14
87
39
100
243
80
85
119
70
69
97
236
86
137
12
89
178
85
132
221
245
215
250
148
239
73
124
64
23
76
117
145
122
194
0
207
19
223
147
66
136
254
49
22
50
191
242
163
67
234
149
57
54
200
247
202
108
6
210
156
47
250
201
17
46
87
175
6
251
82
121
39
86
240
85
76
14
65
76
201
145
157
12
24
37
117
249
157
235
88
124
187
61
72
23
48
254
106
2
143
11
239
147
139
28
238
51
3
14
185
90
43
65
206
247
24
242
200
119
75
125
66
208
188
46
22
73
61
102
95
173
223
27
90
251
173
82
144
73
76
12
209
236
137
19
157
204
24
37
55
173
220
251
16
126
178
157
216
95
50
243
230
42
199
215
222
131
3
168
238
57
146
123
255
243
178
66
106
213
127
55
76
173
202
252
14
218
159
39
170
216
19
14
87
47
116
187
92
124
119
70
68
117
104
31
201
12
253
145
148
132
24
36
211
250
158
235
64
124
17
29
76
85
48
126
58
209
104
254
55
157
221
9
247
199
189
248
191
30
52
95
253
182
118
155
183
118
209
103
181
247
227
63
87
251
213
233
143
44
142
158
234
121
250
121
122
223
117
105
151
117
181
111
183
190
154
13
234
5
254
85
48
179
254
255
187
219
174
219
221
49
212
180
85
35
37
122
54
24
214
51
238
235
130
83
126
223
161
100
97
205
193
115
142
218
240
221
250
76
242
233
95
103
149
186
21
120
93
85
116
193
191
39
205
5
247
239
154
180
25
132
226
56
158
77
72
54
51
155
88
23
36
250
178
209
137
158
55
20
28
11
198
194
49
218
163
130
52
95
50
214
36
27
2
166
193
71
13
147
179
41
19
56
20
104
130
36
246
186
98
124
226
117
98
74
33
105
146
20
149
111
208
172
16
1
32
17
188
65
16
178
50
63
88
85
32
251
35
213
120
170
23
132
5
11
167
70
1
160
61
43
180
95
222
54
33
112
177
114
209
103
84
181
117
41
51
152
209
225
130
12
135
158
129
72
33
120
36
203
52
169
23
80
116
110
16
164
144
8
34
24
108
21
56
178
115
145
155
211
40
99
78
0
205
137
223
147
22
76
40
35
21
26
157
98
171
65
136
85
16
96
200
213
202
104
14
192
152
63
242
73
29
79
215
132
148
43
66
249
165
86
52
91
76
9
85
28
193
17
31
172
24
5
55
189
157
107
88
166
187
185
72
95
48
247
227
220
50
131
207
199
139
145
126
255
42
79
191
78
115
117
127
243
124
151
220
151
31
108
178
119
123
46
158
219
247
55
99
237
223
117
250
237
239
106
97
68
102
186
151
92
252
49
172
221
16
37
223
227
140
243
82
60
244
53
214
217
56
166
103
6
239
209
239
151
3
205
164
119
134
6
219
249
51
69
8
253
123
102
216
213
90
121
22
224
152
39
244
153
19
79
71
165
23
43
210
121
109
94
52
32
72
158
65
200
225
129
29
44
24
13
209
120
158
11
48
108
115
157
202
151
56
250
71
2
204
1
204
178
3
112
32
38
214
6
200
249
11
1
136
109
27
228
232
69
202
121
78
184
152
6
240
5
41
79
87
37
212
43
66
58
37
26
148
48
8
14
65
136
193
3
27
44
24
4
81
125
157
11
120
110
51
189
200
151
48
255
129
138
68
71
237
156
146
176
60
21
38
79
142
121
88
165
164
225
76
163
212
110
154
240
99
42
4
54
188
3
11
87
255
104
82
48
82
27
248
168
215
60
10
142
192
98
248
67
137
141
24
1
244
13
153
73
51
210
50
188
64
87
38
249
79
4
198
145
222
163
131
240
32
111
144
2
200
233
35
65
136
125
49
102
232
197
202
105
14
248
152
38
208
13
49
79
87
167
21
43
18
233
37
30
116
96
76
10
65
24
201
145
29
44
24
5
209
120
156
75
88
44
51
153
200
23
48
230
69
32
207
1
220
130
155
220
49
171
129
174
200
37
163
67
138
117
17
97
136
69
74
105
100
192
184
23
90
9
57
79
85
132
157
59
18
253
37
22
16
64
76
8
147
28
65
49
25
44
24
37
245
184
28
78
24
46
187
157
136
23
50
247
211
208
146
15
206
128
143
128
43
39
17
74
158
111
39
25
109
243
56
166
202
215
138
104
234
245
63
126
146
43
215
55
23
253
137
69
34
205
126
75
37
74
109
121
157
88
253
145
86
216
16
165
39
226
188
227
105
29
176
1
244
217
16
166
199
140
238
9
200
134
131
228
56
111
20
202
202
233
7
12
136
105
49
228
249
197
218
233
94
112
24
38
201
21
33
67
215
34
84
43
90
33
37
58
240
62
24
143
81
24
211
145
25
76
24
4
209
93
157
2
56
228
35
189
216
211
42
235
231
134
64
35
221
160
135
136
164
123
160
107
168
75
130
5
200
101
37
80
233
7
26
120
70
221
57
39
146
24
33
71
71
173
222
179
113
184
45
38
101
66
42
137
213
81
220
17
24
188
24
0
245
176
140
225
16
176
183
149
140
87
48
122
179
243
81
22
191
8
27
40
202
0
255
119
108
127
76
176
244
130
70
208
229
42
129
198
200
42
228
219
162
186
205
124
186
60
68
182
207
18
128
253
219
222
145
142
224
115
168
79
161
167
193
67
120
31
27
65
36
243
151
176
184
70
166
29
206
10
234
193
223
223
131
192
172
255
154
94
219
236
123
237
201
125
127
243
237
135
142
121
15
255
31
39
212
159
51
223
87
175
95
123
90
255
237
30
112
116
96
63
205
12
253
177
157
204
24
1
213
255
140
115
80
244
177
189
204
23
48
254
51
53
221
86
32
134
93
34
195
4
85
208
78
225
4
26
182
195
34
231
167
109
65
199
220
50
230
220
34
44
204
105
150
62
32
158
138
8
210
89
92
170
189
227
171
48
183
111
211
162
41
223
96
24
56
69
45
51
83
211
57
177
197
202
62
50
121
185
190
245
175
109
207
238
219
52
253
70
185
118
251
212
67
210
249
114
215
156
220
204
228
237
66
254
255
234
71
44
199
190
218
120
233
94
40
93
85
168
84
245
167
111
155
172
152
11
242
29
92
81
0
242
91
185
123
215
104
242
206
34
234
129
223
151
138
197
44
235
146
62
219
160
179
69
8
93
121
242
201
213
218
105
30
208
152
39
144
221
51
207
71
164
223
43
90
253
109
22
100
64
68
8
209
12
209
177
31
236
24
5
211
93
156
122
24
102
179
189
76
23
56
246
218
41
155
95
34
67
92
167
195
160
21
156
83
198
55
90
189
147
48
207
14
173
103
135
153
219
246
108
67
168
150
106
199
63
101
190
218
108
242
117
112
127
181
107
191
60
165
110
221
170
56
215
240
29
60
67
17
243
115
251
121
117
131
251
244
187
247
247
121
98
225
255
212
185
196
251
231
211
146
73
251
197
255
71
229
175
231
247
207
219
246
167
222
136
34
238
223
39
118
191
84
60
253
116
89
92
178
183
201
113
185
239
184
164
216
209
240
62
156
73
84
250
55
191
88
87
165
250
51
13
169
22
3
76
93
46
215
198
29
144
51
174
22
94
139
20
48
35
6
54
192
39
61
215
182
9
66
185
20
105
199
44
37
218
194
109
203
92
48
216
165
105
151
20
53
110
147
172
26
5
168
25
180
64
16
114
58
121
89
21
32
250
5
142
199
77
48
248
160
254
24
152
110
213
64
49
203
160
171
204
137
42
196
9
238
113
109
137
0
0
93
9
49
95
245
97
125
184
116
242
169
52
243
116
58
54
76
134
89
224
153
61
126
53
208
31
157
72
144
194
43
172
72
7
32
242
5
162
197
139
8
200
165
92
41
216
42
69
128
55
139
161
139
68
161
32
192
0
78
225
65
197
1
32
40
10
3
75
213
0
81
176
16
216
233
36
101
20
56
39
84
16
117
107
152
172
8
5
176
29
156
72
20
226
18
172
72
87
32
250
92
41
208
214
115
11
84
99
7
0
15
53
19
214
252
122
35
215
60
111
7
47
192
99
47
206
134
93
114
168
28
40
18
55
48
154
2
94
210
213
17
177
149
99
173
14
229
238
197
38
227
222
43
122
179
138
81
127
120
251
105
44
149
218
195
207
130
87
225
26
70
131
75
129
37
202
178
210
102
11
98
131
60
159
15
175
99
71
67
67
157
45
162
8
130
0
130
47
96
219
66
25
199
196
162
59
168
119
153
94
25
134
213
129
1
220
17
123
179
226
113
125
112
55
88
116
149
219
210
25
154
83
206
147
70
34
74
33
21
14
178
214
38
26
110
195
56
134
142
149
75
197
202
82
252
110
130
9
154
34
147
15
129
79
10
79
70
66
16
145
196
96
29
60
173
183
215
72
1
244
55
249
80
227
81
61
24
51
88
49
87
206
241
13
146
19
200
138
66
167
74
97
7
14
178
194
11
26
110
3
56
134
15
141
203
197
218
82
250
46
130
136
138
34
143
39
65
155
0
79
79
74
128
81
132
194
25
28
41
183
213
76
9
252
181
105
24
227
65
124
80
49
24
113
147
75
206
42
234
161
223
215
139
193
12
255
146
126
219
136
59
69
136
125
123
210
201
151
222
120
86
208
29
39
210
159
51
215
71
173
95
171
90
125
237
30
240
68
96
28
213
76
153
177
29
236
24
1
209
253
156
115
16
224
177
189
204
151
56
246
137
10
68
161
200
172
162
112
40
125
66
71
192
117
216
161
226
77
141
96
228
12
136
120
78
8
8
130
220
6
57
215
119
99
124
56
81
242
13
134
197
84
26
22
72
134
74
209
136
101
88
36
209
30
143
9
2
224
3
164
72
6
32
184
195
8
136
27
207
138
3
136
218
39
20
46
168
207
15
24
70
55
24
20
76
215
203
100
66
224
216
39
146
8
67
11
159
175
193
49
54
11
167
104
226
94
14
8
85
88
165
149
183
12
25
4
149
249
93
227
104
60
182
57
152
212
54
73
15
242
85
40
28
248
37
92
228
54
136
176
109
63
189
209
249
172
67
112
225
114
0
182
196
253
229
217
105
142
225
224
217
12
199
174
89
48
169
124
44
30
26
45
84
241
182
78
184
172
136
0
178
29
92
89
60
226
31
181
56
199
102
82
146
49
9
214
54
24
92
9
210
43
53
82
163
130
148
83
34
212
20
9
10
172
224
78
44
150
167
11
82
41
52
40
82
36
188
250
66
125
131
213
80
202
49
105
162
4
165
31
129
165
18
5
104
24
190
41
16
114
57
31
92
20
32
186
59
229
48
127
171
196
254
165
75
202
249
184
116
108
9
180
253
138
66
210
255
42
247
158
217
111
231
232
65
182
229
178
239
62
77
158
223
32
234
104
58
94
181
235
244
115
151
62
187
238
91
75
240
29
80
65
131
243
83
177
58
243
233
100
66
24
129
27
221
138
6
9
158
43
146
63
161
198
14
17
194
69
24
20
204
135
202
68
70
192
216
37
146
8
11
8
135
175
213
177
54
43
231
100
224
84
2
73
85
92
173
149
244
4
24
32
161
249
221
163
64
40
182
59
24
85
54
88
227
166
199
7
221
198
131
136
238
229
16
123
175
235
146
12
235
231
61
119
202
207
254
108
90
255
63
63
190
27
99
31
215
239
76
27
88
189
127
110
101
64
104
191
201
88
249
177
28
140
24
33
213
250
156
239
72
252
144
29
220
85
48
126
62
53
121
170
18
70
61
111
214
70
215
48
117
14
153
86
123
146
67
64
113
50
209
6
156
253
245
137
66
190
245
232
64
12
7
190
134
56
1
92
56
192
53
169
101
241
182
108
187
172
155
9
160
29
92
81
32
226
123
249
58
135
104
226
98
2
136
139
239
154
26
13
206
35
23
12
169
83
11
16
22
151
88
144
206
39
203
109
65
192
200
14
18
169
9
110
159
173
211
27
66
139
166
66
144
94
65
12
145
156
137
19
151
78
152
1
53
185
221
251
80
126
186
189
24
87
50
95
115
61
187
86
34
6
92
39
67
196
117
208
114
192
6
26
191
3
32
215
22
45
67
199
217
115
247
252
2
188
196
105
143
62
32
190
138
12
250
89
112
41
181
227
191
56
181
110
219
170
41
223
240
24
56
67
105
179
83
251
57
113
201
202
99
6
161
19
201
134
3
13
138
103
1
14
160
201
6
4
194
33
26
68
216
39
218
77
86
224
140
15
2
152
73
79
199
173
68
63
128
170
37
74
192
90
0
136
209
120
129
3
17
44
24
9
117
89
157
195
112
122
51
189
218
214
58
249
65
4
205
24
204
142
7
80
168
39
36
10
200
233
14
1
130
101
26
36
200
103
74
109
78
224
140
38
48
9
1
79
215
13
208
59
2
169
37
122
50
222
8
139
85
120
197
3
17
172
24
0
49
121
157
131
120
174
59
188
216
214
48
249
94
51
223
242
119
51
24
127
198
26
211
54
125
214
179
82
114
215
67
246
65
215
193
119
142
200
244
205
82
204
180
232
87
44
151
190
94
120
193
85
56
65
85
14
197
165
167
79
159
172
153
5
242
29
156
89
0
114
59
157
121
31
32
242
74
10
129
138
123
155
14
76
140
34
3
128
177
134
191
195
130
85
8
64
204
19
202
13
13
192
140
5
18
104
29
78
213
132
215
59
64
250
165
98
160
95
68
8
117
222
133
73
156
172
24
5
55
61
157
130
0
234
19
188
73
78
50
115
254
57
154
247
247
243
254
237
14
227
215
190
183
198
187
94
127
151
120
87
15
181
199
64
143
210
250
109
210
232
182
186
199
5
213
251
150
125
235
85
48
93
245
104
245
29
209
63
159
174
153
165
242
189
220
251
64
187
49
251
29
31
177
250
135
50
17
35
220
160
162
208
66
43
130
115
224
67
129
17
98
197
7
66
193
37
11
220
134
152
104
143
150
12
161
86
119
165
28
155
24
184
45
214
193
64
2
138
193
64
152
17
24
124
24
1
112
144
12
65
0
48
146
132
72
23
32
125
0
2
8
0
128
16
128
129
0
2
3
6
128
5
89
0
0
72
5
64
0
132
136
64
72
148
28
0
128
2
3
24
0
4
193
138
0
10
9
2
0
48
16
128
84
0
36
1
19
8
16
0
17
9
204
24
0
64
48
36
64
19
104
176
58
213
24
186
23
146
92
15
83
202
53
240
62
130
36
90
236
146
52
215
131
48
229
3
237
147
227
109
83
57
180
105
130
36
148
186
122
105
162
241
114
202
61
105
146
20
209
110
155
170
26
7
120
25
124
73
16
179
59
249
25
19
104
235
58
225
92
154
2
159
84
7
119
130
53
152
61
34
60
90
223
146
48
253
131
114
193
39
189
213
229
125
107
248
212
104
146
76
135
174
74
88
241
120
50
219
60
41
151
20
117
110
151
172
154
5
58
25
244
93
24
242
59
253
89
219
106
251
62
118
117
173
254
189
171
217
236
127
194
63
253
127
249
117
242
253
79
98
253
102
27
124
222
188
124
187
254
223
251
254
99
236
79
191
218
179
249
118
221
84
82
158
68
231
202
21
168
45
152
41
242
159
141
121
24
246
115
188
222
79
42
176
8
218
142
233
175
241
224
188
29
185
222
205
168
85
75
169
141
220
233
154
228
123
239
251
97
127
80
166
125
71
171
214
255
250
219
32
119
131
252
33
127
61
242
54
85
183
127
227
186
91
143
225
213
237
216
88
103
131
167
231
146
123
135
94
28
234
22
205
168
221
164
241
59
153
74
207
212
53
89
168
253
203
233
171
213
68
79
217
249
125
29
246
44
199
147
214
223
209
105
36
125
139
232
32
125
29
107
55
61
166
126
241
168
217
173
251
182
197
10
236
103
207
150
229
243
107
69
78
255
53
239
18
223
231
83
31
246
103
149
122
191
234
182
95
251
247
119
245
121
215
243
119
22
251
253
63
250
219
118
168
207
45
134
255
218
57
109
125
120
201
52
175
209
121
181
239
189
172
152
9
240
56
220
81
56
182
115
157
186
215
44
250
28
187
215
176
28
43
160
119
228
24
208
113
79
227
148
73
122
204
227
99
197
46
73
247
142
26
38
207
72
140
176
232
215
46
78
190
93
60
121
116
93
86
18
15
217
117
247
207
184
172
152
0
240
29
156
89
14
242
19
181
88
87
32
251
7
212
142
24
21
178
29
30
177
175
168
200
138
141
38
15
137
125
35
241
224
71
90
107
69
247
147
38
81
17
33
67
223
56
149
40
82
44
104
97
112
238
58
175
215
80
117
235
24
184
24
4
224
61
220
0
25
178
51
191
152
215
4
250
8
218
14
233
175
249
246
184
60
185
222
207
168
93
77
169
13
221
253
155
252
122
143
248
33
127
81
182
125
71
163
215
223
250
243
96
127
219
252
33
121
189
250
55
85
165
126
243
170
219
143
41
221
237
202
188
119
197
175
199
211
251
134
94
133
50
18
33
220
160
162
208
72
185
194
119
226
67
193
33
98
205
143
66
193
44
15
88
6
154
57
175
214
15
35
86
119
167
93
155
16
186
109
150
193
68
10
14
73
1
154
145
136
125
16
33
240
182
140
97
0
56
147
133
76
23
32
60
35
5
0
22
1
12
5
3
134
68
43
2
17
174
52
6
2
48
0
65
18
38
208
71
88
132
132
8
2
152
16
1
130
36
66
154
0
8
3
204
0
16
20
163
132
80
164
78
17
36
16
8
50
24
20
1
40
114
49
176
8
84
32
104
82
49
155
255
32
210
250
231
83
162
87
148
112
134
139
242
127
130
16
79
143
185
199
3
141
211
242
77
67
170
183
122
247
20
101
190
18
122
202
113
176
92
177
104
183
20
161
110
155
170
58
71
240
29
124
73
17
243
59
249
121
115
227
243
0
2
4
129
136
221
130
49
47
116
10
70
152
117
89
36
133
105
64
162
212
100
26
225
89
100
4
70
32
146
27
83
231
16
67
32
80
10
234
40
84
53
0
166
212
34
245
107
144
204
137
9
182
13
152
89
35
66
18
180
64
83
104
248
26
193
152
186
3
91
84
7
199
130
53
184
49
34
60
218
95
146
96
213
135
114
193
7
173
213
245
109
67
168
148
232
150
12
71
142
74
72
235
112
50
223
52
105
23
84
53
110
147
172
154
0
160
29
245
89
16
242
59
249
25
83
96
235
133
242
81
71
253
184
166
216
122
57
166
123
162
83
196
81
106
197
189
3
197
44
43
88
102
223
121
47
214
11
3
118
223
167
92
154
114
249
237
246
241
94
42
23
209
20
252
67
137
189
24
5
252
151
143
73
16
242
182
173
88
87
36
251
231
196
170
9
223
214
131
133
44
239
128
142
128
140
55
13
137
125
59
208
249
135
94
88
86
245
29
39
209
31
35
83
197
172
159
235
90
53
109
58
112
74
32
172
85
88
176
177
25
236
24
1
209
125
156
98
16
224
33
189
222
211
58
243
184
154
111
195
54
253
209
249
255
213
86
215
253
60
121
228
246
212
95
107
244
114
244
244
57
186
52
26
124
219
95
251
254
108
211
254
214
123
217
253
209
93
119
62
208
166
80
109
159
189
159
13
250
29
159
93
48
242
123
252
91
159
46
254
24
9
138
210
19
81
85
110
7
198
61
144
19
156
179
234
203
84
32
75
6
180
230
35
13
199
144
41
19
8
22
105
215
6
21
186
2
120
107
84
48
241
180
39
20
20
117
238
19
172
59
149
178
25
148
64
16
98
41
249
73
21
33
250
8
154
138
233
175
241
228
189
28
248
222
205
32
84
107
173
13
24
233
154
244
59
239
219
35
111
66
166
93
87
163
214
239
186
219
32
119
194
236
33
121
61
242
54
85
167
19
227
62
218
223
137
215
237
216
80
7
131
239
167
131
123
141
78
84
33
147
214
0
130
88
79
134
128
5
20
19
194
179
82
54
19
96
71
6
45
194
3
158
130
166
77
2
168
20
40
6
23
38
190
0
76
82
92
0
40
181
64
171
28
129
110
81
174
184
211
48
88
60
211
17
59
115
187
41
52
145
235
0
130
12
137
40
221
128
48
15
230
43
4
144
124
121
36
133
81
64
162
212
116
128
227
89
100
133
4
32
138
31
83
247
16
65
32
80
74
234
42
54
61
32
38
180
182
244
107
147
200
153
5
182
29
152
88
1
67
50
180
64
211
104
248
82
1
146
150
67
2
88
7
6
226
1
148
51
194
179
90
50
19
48
199
11
173
195
3
30
130
162
13
2
168
148
32
7
55
38
187
2
76
70
84
128
96
181
72
171
28
1
174
85
42
56
211
51
88
52
194
81
59
121
91
9
36
147
227
248
59
243
247
255
39
169
255
214
121
210
115
243
210
178
85
122
151
235
87
245
15
243
215
150
202
254
175
214
216
118
238
79
47
70
191
212
124
237
212
217
85
18
159
201
101
145
207
188
172
152
9
242
30
156
81
0
242
119
189
90
23
40
122
3
198
69
128
140
156
133
64
44
71
42
66
137
61
88
37
129
100
37
96
64
68
152
96
76
212
17
32
190
10
19
25
150
68
211
138
64
88
41
0
36
20
56
165
84
128
244
1
16
189
16
0
144
21
142
25
56
64
48
172
64
215
44
248
26
145
154
191
3
128
88
142
22
170
21
188
54
194
167
90
126
146
16
19
138
185
231
11
172
130
226
73
83
233
244
107
119
164
60
251
50
109
66
247
146
202
229
72
178
20
193
62
219
170
122
133
32
16
180
105
145
179
57
91
29
52
163
231
58
51
92
86
55
185
92
50
214
16
247
112
239
82
84
82
116
130
102
219
167
126
193
215
169
62
231
222
102
180
196
232
94
124
160
158
207
24
210
209
88
219
177
111
162
37
151
79
179
179
129
195
104
13
251
93
33
115
115
219
121
187
229
222
71
2
0
32
217
160
35
72
0
43
2
38
128
10
162
65
66
117
1
64
201
7
138
72
6
136
24
39
146
8
33
71
23
164
93
187
48
248
45
6
64
64
0
9
65
0
160
81
24
44
24
4
231
16
156
33
0
34
51
148
8
23
48
112
68
6
160
0
200
210
34
85
32
50
130
0
64
17
11
1
8
9
11
196
201
1
74
145
4
1
12
164
0
4
1
64
93
0
193
170
64
48
37
2
44
16
24
135
69
233
34
192
24
108
12
0
81
93
194
8
0
72
3
148
72
83
96
88
12
186
229
160
60
250
165
126
244
24
202
117
79
53
158
161
217
237
195
105
229
103
74
247
69
106
4
151
124
68
33
194
159
72
211
160
125
58
249
37
204
20
58
167
213
99
119
107
184
188
137
0
240
29
219
93
46
214
23
165
90
211
100
90
44
242
117
168
28
252
37
92
236
52
130
188
109
63
253
213
251
236
195
96
245
98
20
180
149
189
245
217
57
158
225
194
153
12
199
174
153
50
169
125
44
31
18
165
84
241
182
110
184
172
136
11
242
29
89
81
60
162
23
181
250
195
110
82
139
210
76
43
255
241
135
152
188
59
188
239
172
31
102
125
73
247
45
144
225
87
27
124
34
253
121
39
254
83
227
247
159
232
223
52
123
89
237
51
125
93
106
61
213
81
246
113
188
223
24
5
246
165
222
121
54
246
183
157
210
219
36
90
197
249
223
253
245
98
255
222
58
249
172
255
206
223
239
251
235
213
61
111
77
141
230
51
111
223
187
47
215
15
50
63
247
39
117
251
82
117
237
245
115
94
58
63
223
30
253
244
201
172
94
21
248
191
156
73
144
252
41
191
92
87
50
251
2
2
8
137
128
208
128
5
0
194
6
4
0
16
9
0
8
64
1
64
128
0
206
0
8
128
8
0
20
0
1
0
5
4
145
138
64
66
9
2
160
16
16
4
16
132
64
0
19
8
22
0
48
1
192
8
16
66
42
148
64
19
96
243
69
34
9
0
40
146
35
116
192
166
131
0
64
145
128
2
2
77
139
73
136
1
74
153
76
160
140
134
0
4
33
74
81
4
128
42
0
184
37
2
24
0
40
135
34
232
0
105
27
40
40
34
81
88
30
0
16
106
19
156
72
22
96
250
3
0
8
130
5
80
128
6
0
130
48
0
0
2
3
3
8
80
1
144
0
16
236
0
8
129
8
0
17
8
1
65
52
4
144
128
66
64
1
128
34
2
24
8
16
4
64
72
19
40
94
4
16
8
196
0
144
0
40
16
0
18
96
225
69
14
234
41
201
214
163
192
56
127
128
14
192
237
171
45
201
105
59
98
232
133
30
120
86
252
25
39
208
7
35
87
87
131
93
107
82
245
109
62
48
100
72
158
85
216
124
177
29
76
24
36
209
127
140
35
16
236
169
189
204
199
48
240
250
187
247
247
119
107
161
255
236
185
242
251
239
211
150
219
251
197
111
119
101
141
231
247
135
219
241
191
251
216
98
238
223
47
118
190
127
60
249
245
205
92
50
63
201
53
253
239
248
164
217
129
242
62
156
89
4
246
23
191
88
87
164
91
195
194
10
3
207
147
138
160
203
163
17
78
186
72
99
8
206
147
60
150
202
151
139
108
66
86
127
46
150
11
155
22
91
173
73
85
82
141
110
74
48
64
104
28
149
108
152
177
151
201
16
37
159
235
204
227
81
124
176
21
212
217
16
54
173
47
247
213
216
109
225
247
61
221
78
87
87
253
219
228
227
252
207
34
117
172
190
178
123
110
22
194
236
198
58
223
255
67
117
248
20
242
221
188
221
53
154
150
108
162
107
226
169
37
239
252
209
95
137
77
63
204
99
175
202
38
39
248
7
134
0
11
1
208
134
13
35
194
40
168
160
3
167
3
75
34
161
1
192
1
90
64
64
213
25
33
18
10
3
67
149
4
81
162
49
72
41
32
96
20
56
161
21
20
116
101
24
172
56
4
180
9
252
72
16
226
38
181
24
83
32
90
58
201
108
194
38
93
209
179
191
212
86
214
29
60
121
230
214
212
93
105
20
114
208
118
57
180
20
24
126
211
95
249
182
108
211
250
210
91
201
120
208
221
124
62
208
134
112
108
159
45
159
13
250
29
159
93
48
242
59
188
91
159
46
251
45
246
117
41
220
253
39
124
248
63
232
189
109
63
221
233
227
236
207
104
249
66
46
188
205
173
45
161
255
11
105
157
248
70
221
191
21
179
21
180
191
214
26
150
86
227
74
144
168
53
118
48
104
191
135
13
188
172
11
142
222
198
102
181
171
218
108
43
255
249
167
152
252
63
252
235
173
63
108
125
89
255
239
240
249
86
27
124
35
125
89
183
254
87
227
247
159
232
223
52
127
153
237
63
125
93
106
189
213
113
254
113
184
223
152
8
244
165
202
125
62
244
183
189
210
219
44
94
194
2
130
131
205
146
130
137
174
35
19
78
171
67
2
21
78
215
60
22
202
135
139
108
66
210
57
46
150
11
3
30
87
239
217
91
66
141
111
2
133
64
72
25
129
12
249
177
84
220
16
32
149
227
204
235
81
124
176
29
68
85
16
126
0
2
8
136
137
24
32
65
36
66
2
6
128
21
89
1
8
72
1
96
0
64
136
96
8
148
24
0
144
2
3
16
16
4
211
8
1
74
9
2
160
48
24
0
84
132
100
1
16
9
16
0
1
29
138
24
16
64
41
180
64
3
32
162
194
2
138
67
239
147
130
137
174
179
7
78
187
80
35
5
78
215
60
23
202
215
142
108
34
210
24
46
150
9
19
30
23
175
154
89
82
217
110
2
208
65
72
28
129
76
153
145
85
204
24
37
151
225
220
235
81
124
176
29
68
29
16
254
226
202
199
199
239
194
131
137
238
241
48
203
191
241
82
40
235
213
60
55
78
141
174
108
106
215
25
46
191
11
19
31
215
231
121
91
82
253
127
38
117
124
104
63
153
28
252
177
205
141
16
181
221
226
140
235
80
252
176
29
212
85
16
190
20
1
152
216
2
69
84
103
7
196
63
20
17
204
187
118
255
214
32
34
6
184
198
35
13
197
178
72
16
136
22
105
87
22
17
170
0
104
203
84
48
49
181
99
36
132
229
110
147
172
59
5
178
25
148
73
1
98
56
121
73
4
33
242
66
2
138
3
239
147
138
152
190
59
18
78
187
64
35
1
142
85
56
54
200
87
138
109
98
210
60
38
150
73
17
94
87
173
200
49
114
237
46
2
208
68
74
12
209
108
153
19
63
220
24
37
183
233
220
235
80
126
178
29
192
29
16
254
199
4
207
17
205
128
139
216
184
175
130
15
202
237
3
1
136
101
59
34
200
197
138
104
6
244
155
38
216
15
35
95
83
163
157
105
82
237
109
26
112
96
74
46
71
8
201
177
29
204
24
37
213
248
140
106
88
44
179
61
204
151
48
182
203
0
207
3
206
145
139
136
185
47
2
78
155
104
51
65
138
117
56
38
200
87
202
104
74
208
28
54
154
73
31
15
87
197
157
41
82
237
109
2
244
101
76
12
209
92
217
17
29
140
24
37
151
249
156
235
88
110
178
61
196
157
48
247
58
49
92
118
55
185
93
42
214
23
247
240
191
122
52
82
116
147
102
219
167
126
193
119
169
178
231
223
118
240
244
232
154
60
130
190
207
24
146
217
216
219
181
109
178
101
151
79
179
171
129
195
104
29
251
85
49
243
55
219
121
187
228
218
192
9
211
215
65
194
70
206
227
129
133
249
55
243
162
90
235
17
60
47
14
141
231
39
103
211
91
47
35
168
2
8
150
103
32
219
0
93
127
28
101
225
172
115
171
12
125
166
85
128
239
244
83
114
180
174
217
124
96
75
9
61
145
90
227
4
231
145
206
197
195
193
60
237
134
79
219
233
51
5
136
125
123
102
216
141
90
233
62
255
31
38
232
151
51
31
71
231
31
121
90
237
125
30
117
96
108
191
205
12
249
177
29
204
24
45
209
250
156
42
88
108
113
29
206
21
24
254
206
138
227
161
202
215
130
201
44
251
130
78
219
32
187
69
8
125
57
98
200
85
30
120
22
209
25
39
142
203
51
215
85
129
223
43
112
244
109
34
228
100
108
8
81
28
240
177
28
204
24
37
215
117
140
122
16
236
131
189
204
95
120
246
206
138
235
225
255
254
199
136
60
255
186
78
219
124
123
237
137
253
61
250
236
85
190
120
47
215
27
39
222
223
51
223
85
235
223
107
122
247
237
54
240
116
98
61
85
142
252
177
221
221
30
5
221
245
141
251
208
196
163
189
204
159
48
190
231
206
170
169
221
246
135
193
188
255
138
14
193
205
219
45
201
125
59
98
248
135
158
120
126
213
29
39
214
31
51
87
101
131
223
107
114
181
109
62
112
100
96
188
85
216
124
177
29
205
24
33
213
253
140
99
80
236
169
189
206
215
56
182
22
193
205
152
2
77
89
102
39
134
21
156
29
164
190
218
203
84
0
107
6
240
192
35
13
147
182
25
99
170
22
105
215
4
53
170
2
104
219
124
48
217
189
105
151
20
101
110
147
168
59
5
176
25
180
76
24
242
59
249
89
87
34
251
243
216
134
67
206
195
202
176
106
175
58
79
190
200
115
169
127
243
124
167
78
159
47
236
171
119
63
46
150
75
215
54
115
239
95
85
90
229
238
194
113
84
108
62
143
126
216
177
205
221
16
181
159
235
140
235
209
124
176
63
212
61
16
172
60
53
121
158
22
79
29
127
214
78
219
48
117
14
189
86
251
214
66
64
241
50
209
135
156
245
247
9
82
254
245
232
68
44
135
190
134
120
201
93
56
200
53
171
103
180
181
110
179
166
154
11
162
24
28
81
144
34
123
249
59
135
40
242
90
213
24
186
23
146
94
7
83
202
53
184
52
130
36
90
246
146
48
215
131
48
225
3
228
131
227
109
83
41
180
32
226
4
148
190
74
121
33
240
114
202
53
105
146
20
145
110
155
174
26
5
104
25
252
73
16
179
59
153
25
82
98
235
193
14
230
17
200
132
131
240
40
101
22
79
202
253
2
4
136
105
63
102
218
207
138
249
94
122
28
38
184
5
19
15
87
39
80
59
82
169
125
14
84
48
8
134
73
40
105
145
29
76
25
36
209
250
140
42
121
108
49
157
200
21
16
254
197
6
143
17
204
146
131
216
184
191
130
7
202
233
3
1
128
109
59
34
200
197
10
249
78
240
28
38
152
7
43
95
87
163
85
41
90
189
109
10
212
100
8
14
65
8
201
145
25
76
24
37
213
249
140
42
80
108
179
157
204
151
48
246
165
239
119
209
216
77
163
241
189
93
142
95
213
125
219
228
227
253
207
38
116
174
158
242
95
110
20
64
188
142
27
31
230
99
85
186
20
242
221
188
215
52
24
150
76
162
233
229
137
45
92
56
208
31
141
73
48
216
99
173
90
70
35
248
3
70
72
34
137
24
5
0
32
6
42
2
136
59
68
1
1
108
37
96
64
192
136
96
76
149
17
33
178
2
1
81
144
4
208
138
65
72
33
10
36
16
56
33
84
16
116
65
18
173
16
4
80
29
206
8
56
96
49
180
72
211
36
184
50
213
9
222
55
28
92
11
135
194
49
152
35
130
20
31
106
214
36
75
134
42
224
7
77
147
167
41
19
56
16
104
130
38
188
154
66
124
227
247
34
202
177
233
146
20
53
110
211
168
48
5
32
17
183
64
144
242
48
255
89
84
34
179
221
233
219
221
114
75
95
238
219
228
253
188
115
214
223
234
139
21
120
15
15
185
230
131
127
231
155
45
67
235
30
59
162
23
53
251
150
247
255
127
50
191
229
118
63
158
45
182
199
139
231
247
153
255
52
230
241
236
105
123
93
108
147
214
5
142
5
4
24
232
160
116
24
144
6
69
64
21
201
161
235
76
129
104
196
8
140
241
105
156
16
2
84
10
35
95
213
98
125
154
16
178
201
52
209
20
26
166
76
130
124
227
137
53
124
32
240
31
142
8
16
192
34
173
64
7
36
250
222
57
218
191
247
227
218
253
14
195
211
190
183
198
187
254
255
215
120
86
15
189
198
66
143
223
250
125
210
234
246
187
102
53
215
255
210
125
203
85
48
93
181
104
247
29
217
62
159
174
152
135
242
189
156
251
64
187
57
251
61
95
176
242
5
198
69
72
168
156
165
89
40
85
10
203
128
53
204
1
139
236
133
104
192
0
24
112
69
221
17
34
60
2
3
85
212
64
89
154
80
184
41
36
101
20
56
183
84
128
124
97
8
181
52
32
208
29
142
8
16
192
18
133
64
71
36
122
58
17
220
118
55
177
92
50
231
2
85
240
191
251
20
82
244
215
102
249
163
126
193
119
200
18
231
223
122
176
212
232
150
124
160
190
207
24
146
209
92
203
189
109
178
53
247
79
179
162
137
199
96
24
250
93
41
179
51
219
121
179
228
219
20
254
20
105
168
248
166
49
91
153
78
205
196
55
201
176
253
138
233
168
245
64
75
216
249
125
125
250
44
199
203
246
157
208
105
4
125
155
232
34
109
21
107
183
117
163
126
49
170
219
173
251
182
197
107
237
102
223
150
229
242
107
69
78
166
214
64
163
221
176
167
153
172
123
160
107
169
91
130
5
203
237
173
16
232
7
154
124
70
221
89
39
158
19
35
214
157
224
223
48
113
176
45
38
109
68
42
141
213
81
252
81
56
252
24
32
245
164
204
105
16
176
183
149
218
87
52
90
133
47
119
193
216
77
163
241
172
93
138
87
193
125
219
228
227
253
207
38
92
174
158
240
95
110
20
64
188
142
27
31
230
35
85
186
16
242
205
252
213
20
24
150
76
162
233
229
137
45
88
57
240
31
141
73
32
120
35
172
74
71
33
248
122
209
88
186
3
147
30
15
231
130
45
168
61
162
189
94
255
146
96
244
131
114
193
39
132
213
229
61
83
232
180
224
146
12
7
190
66
120
161
116
34
91
116
41
213
84
213
110
157
172
152
5
50
29
252
89
24
242
59
189
121
90
32
243
69
34
5
9
200
146
166
68
32
42
138
4
192
37
139
33
67
73
139
96
200
65
14
152
6
192
8
164
128
4
33
70
117
132
85
43
16
176
37
2
36
64
8
4
69
204
64
145
24
108
24
36
19
88
12
9
128
104
3
132
72
70
96
112
5
134
5
139
0
200
164
100
9
192
42
85
0
55
139
160
139
64
129
32
192
0
198
224
73
197
25
32
32
10
3
75
149
4
81
146
16
88
233
36
101
20
56
39
84
18
116
105
152
172
41
5
176
13
156
8
0
98
18
164
72
71
32
122
227
206
71
199
205
198
139
136
254
255
58
207
175
239
66
172
111
167
60
55
220
143
191
108
115
247
59
38
159
155
3
31
211
239
77
81
82
189
239
174
117
92
104
191
159
24
252
177
205
205
16
177
221
231
140
235
208
252
176
61
214
85
16
190
128
1
136
210
2
65
80
198
6
130
13
4
16
198
179
226
139
84
0
2
6
184
230
2
8
131
146
8
145
10
30
41
150
6
17
234
2
64
75
80
16
185
148
96
180
20
229
110
17
44
94
5
144
25
148
73
145
96
40
59
72
52
35
250
51
53
245
118
52
166
88
35
99
68
81
208
238
225
4
26
244
195
38
255
163
108
65
231
220
26
230
221
42
52
228
104
146
60
164
190
206
40
210
205
204
202
185
201
178
16
195
79
210
162
41
203
96
24
58
77
45
179
83
211
120
242
237
235
58
115
49
246
34
13
124
99
67
70
251
148
117
68
92
50
246
138
70
211
55
60
193
199
157
46
231
216
2
182
244
232
98
60
100
190
141
42
210
201
138
90
181
235
246
55
167
110
130
162
129
203
98
29
59
81
5
179
83
243
57
114
235
40
21
50
85
32
216
224
38
112
224
56
218
117
236
119
128
32
235
76
131
96
225
104
139
252
206
28
4
147
236
6
33
206
93
98
29
186
61
176
57
20
109
64
26
135
68
161
254
65
40
116
73
32
224
158
10
9
14
160
135
128
72
7
36
100
2
193
136
158
7
8
92
3
7
66
57
194
178
206
36
31
9
18
36
213
3
54
193
99
64
215
179
41
18
42
4
33
130
52
148
138
2
76
234
113
32
234
52
105
151
20
245
110
81
162
16
4
32
9
252
8
17
179
48
185
25
113
160
234
240
201
215
215
193
194
70
239
206
161
165
249
51
243
134
138
107
5
60
47
14
175
239
39
15
215
155
47
35
139
2
46
147
39
37
219
0
149
127
86
113
120
168
115
143
28
125
182
69
128
247
241
209
250
180
238
217
124
96
123
29
117
145
222
86
57
155
212
34
10
93
106
83
128
191
244
83
196
196
122
180
147
54
95
6
60
224
67
175
198
226
93
66
174
220
105
18
54
52
142
202
126
210
221
82
185
181
105
170
30
165
110
199
162
35
215
104
25
54
70
81
115
123
251
57
52
211
218
188
59
247
208
22
47
160
87
246
24
130
113
95
243
178
89
250
212
99
99
69
15
97
247
142
138
180
75
122
204
176
224
215
46
70
190
82
124
217
116
92
85
18
15
201
100
245
206
184
172
152
1
242
29
156
89
24
242
51
189
88
87
36
250
226
202
135
215
239
195
131
137
238
49
20
75
187
241
54
9
106
213
60
55
78
143
170
108
14
223
25
38
182
11
18
30
151
167
114
123
82
221
111
38
101
113
104
63
137
12
253
177
68
133
153
180
215
250
142
235
81
124
176
29
92
85
20
254
206
138
235
161
222
246
131
201
188
255
130
78
219
72
123
237
137
125
63
98
204
85
30
120
39
213
25
39
214
95
51
223
71
163
223
107
114
253
237
50
224
116
98
60
85
76
240
177
157
221
24
5
213
245
140
122
16
236
179
189
204
95
56
190
67
0
1
42
9
194
39
76
128
170
218
20
33
12
11
130
75
4
1
64
136
3
206
8
13
201
40
7
19
1
33
79
117
164
125
59
52
162
37
6
32
64
0
40
6
129
4
113
26
40
126
0
37
24
180
0
128
32
171
248
136
6
50
118
226
9
146
214
65
2
86
142
71
129
47
98
179
214
162
90
43
19
60
15
15
173
99
7
7
215
211
45
34
168
22
0
130
39
34
219
0
77
87
220
1
177
180
115
169
76
61
174
69
162
225
252
19
122
48
162
113
125
112
91
9
52
149
74
226
206
131
195
239
212
143
137
206
251
58
79
163
84
91
189
111
215
60
27
204
7
191
125
63
215
59
39
150
187
35
94
103
237
95
17
118
181
239
162
97
92
98
189
159
14
188
177
252
221
28
161
215
231
156
235
192
124
182
45
214
93
16
62
58
209
24
186
23
203
28
15
199
130
49
168
49
2
61
223
127
146
98
212
135
50
197
7
133
213
245
109
19
184
180
224
128
44
199
190
74
104
225
112
32
91
52
105
23
84
53
110
155
174
152
1
34
29
117
81
144
178
59
185
57
83
40
227
64
2
1
8
8
146
39
108
128
174
98
0
65
33
155
2
2
76
131
104
136
1
206
152
12
129
12
38
0
1
33
78
117
128
117
41
20
168
37
2
164
64
40
135
6
128
64
81
26
8
56
32
5
88
141
8
128
104
139
216
200
70
32
246
226
13
131
87
65
66
86
143
203
129
7
98
178
198
162
26
107
3
60
23
14
175
115
7
87
215
219
45
130
42
2
32
130
47
32
223
2
13
87
84
1
241
164
99
137
92
45
166
69
130
99
252
17
114
48
162
89
60
96
59
9
53
149
74
227
218
131
199
255
217
159
152
223
255
58
203
187
92
123
253
163
245
60
27
204
29
174
124
111
215
59
39
159
123
55
127
247
237
223
81
126
247
239
183
227
92
98
63
221
14
252
177
204
221
28
165
215
231
157
227
208
252
180
46
214
93
16
188
171
222
40
231
239
253
223
145
62
127
62
79
189
92
120
181
29
247
60
186
252
118
27
124
55
215
125
54
254
115
215
119
7
249
219
69
255
219
236
35
241
221
106
125
213
206
252
49
173
219
20
47
255
229
207
243
119
87
254
47
247
155
92
190
54
114
80
38
255
168
27
56
214
60
222
117
45
95
212
116
242
214
70
144
225
42
161
124
206
172
228
27
190
251
205
236
184
237
68
190
110
50
137
245
207
221
67
10
192
99
172
77
160
55
209
0
232
150
142
65
40
50
183
184
184
6
38
28
61
246
117
40
156
172
37
90
230
92
200
53
101
95
189
117
243
238
195
96
241
34
17
247
214
188
101
201
58
30
225
193
140
108
215
190
177
48
9
124
109
84
18
167
84
241
182
79
184
180
136
8
242
28
142
81
44
178
23
164
218
199
44
88
195
9
130
19
207
138
3
142
174
37
16
78
170
201
38
25
110
117
56
52
74
143
202
101
70
194
152
47
178
40
2
13
151
167
80
59
32
77
87
70
68
113
12
73
137
24
237
145
84
4
25
180
151
250
156
163
105
60
48
59
140
85
22
91
240
237
211
87
65
74
83
239
203
129
165
250
35
227
134
154
171
5
60
15
14
173
230
7
95
211
147
45
35
170
2
40
150
7
96
219
0
13
255
84
225
184
185
241
187
24
61
166
215
162
227
249
81
114
52
174
73
60
96
107
29
117
149
219
241
218
134
79
236
71
222
182
202
173
59
207
162
207
91
169
111
199
124
167
94
143
175
140
107
119
63
46
151
11
18
62
253
239
125
95
90
181
239
182
115
92
104
191
159
122
188
177
205
221
86
177
221
239
132
227
209
252
160
46
212
85
16
188
194
10
130
147
205
138
3
138
142
33
18
10
163
200
18
27
70
85
56
20
78
143
202
109
70
210
152
47
146
136
2
14
23
175
82
57
98
15
103
66
192
116
0
73
9
8
173
145
212
4
152
176
21
251
157
163
65
60
176
61
12
21
20
90
99
4
169
27
201
134
3
9
138
103
0
10
131
201
6
12
130
37
24
4
216
7
218
73
94
210
152
38
146
25
9
79
135
133
0
41
0
139
38
42
192
106
0
136
209
24
137
147
17
12
24
40
21
121
157
163
81
110
178
61
200
213
26
255
65
0
137
11
201
144
159
12
156
39
5
10
129
9
3
0
2
37
24
0
200
7
202
105
104
224
152
38
18
9
1
15
215
133
16
41
18
137
36
42
48
74
8
140
149
24
137
17
17
140
24
33
53
249
157
162
112
106
186
157
192
149
50
247
64
2
137
137
202
147
135
76
136
35
3
14
145
84
59
1
136
85
24
36
200
21
74
73
14
192
156
38
144
73
29
78
215
133
211
41
80
235
164
2
160
55
68
4
85
220
137
17
28
12
24
37
23
253
157
170
80
106
59
189
72
71
50
242
69
14
133
17
200
142
2
100
168
37
2
6
202
241
10
0
128
9
27
100
204
197
74
225
90
96
28
6
160
4
9
78
215
35
64
41
8
170
5
10
212
52
8
134
65
120
201
131
17
12
8
0
81
93
29
138
89
108
19
189
72
87
66
249
237
174
239
97
120
127
167
246
249
252
206
245
93
61
219
226
139
237
219
111
245
193
126
180
125
237
28
151
237
199
115
223
245
67
71
235
253
178
189
188
220
53
58
182
117
227
82
224
191
45
239
123
209
127
143
28
126
236
79
204
202
151
105
254
190
245
120
246
55
189
95
25
246
87
191
114
189
90
116
117
116
246
70
147
247
114
145
118
180
182
225
91
118
251
213
249
170
188
150
246
250
89
235
253
90
223
119
105
208
71
180
79
183
191
145
15
250
21
255
81
48
179
247
191
187
158
172
152
67
214
142
24
29
242
5
22
49
190
40
200
10
141
38
11
137
109
32
185
192
71
90
107
64
119
145
38
57
1
3
67
215
56
147
40
82
44
104
33
116
46
42
175
151
80
117
235
16
184
24
4
241
57
156
4
57
178
51
159
216
209
4
250
61
54
117
40
156
181
37
88
224
92
232
49
109
127
189
85
251
238
195
96
241
96
25
244
132
189
101
249
254
68
241
225
220
68
215
190
113
112
49
124
109
85
26
135
68
225
246
71
184
181
8
12
242
28
142
77
46
242
7
132
218
199
36
112
146
50
89
198
62
24
29
76
198
51
19
80
15
51
148
82
242
214
12
105
130
32
224
124
13
130
164
27
22
41
53
108
85
164
60
154
66
122
129
215
208
202
9
31
130
132
196
29
145
165
20
5
96
24
183
73
144
114
49
220
92
22
34
191
227
206
227
197
253
252
143
216
189
255
170
207
139
221
123
173
131
229
63
43
252
143
62
124
119
239
63
39
159
27
35
31
231
239
95
91
114
183
239
190
227
124
106
190
223
90
253
177
204
221
92
49
213
247
141
226
208
252
224
62
222
85
16
188
71
34
193
41
216
242
163
204
224
170
128
140
193
5
163
3
202
101
129
96
200
209
78
24
68
192
24
167
3
8
33
78
85
132
221
43
48
240
37
34
36
66
72
8
87
220
64
17
24
44
56
36
151
56
124
104
152
168
131
156
204
87
114
115
171
214
68
43
255
248
167
152
188
59
232
107
172
31
100
61
73
255
175
208
233
70
155
124
102
253
89
167
254
83
99
215
157
232
223
52
119
153
173
55
109
92
106
189
213
113
254
113
184
221
24
0
244
165
206
97
50
244
183
188
210
215
36
94
141
10
69
160
216
168
160
80
56
93
194
71
202
49
192
1
226
109
133
96
224
4
8
249
78
8
8
134
252
4
41
87
117
99
92
184
112
250
45
132
213
84
26
6
72
3
90
193
136
53
24
4
240
30
143
9
30
208
35
172
72
23
32
185
69
6
231
9
200
150
166
196
40
111
128
10
200
161
139
0
200
41
171
96
200
197
74
232
94
81
24
38
168
5
35
71
85
195
69
43
16
160
37
42
36
32
8
143
85
152
80
145
25
76
24
32
145
89
12
10
24
236
3
181
204
83
112
230
141
174
239
97
248
127
163
246
184
190
238
117
75
61
251
233
137
237
251
106
245
85
126
249
111
105
28
150
236
69
59
223
253
90
199
104
125
179
253
184
252
53
90
182
85
227
83
225
191
125
175
121
209
125
203
20
54
204
143
172
202
155
109
252
35
212
116
170
17
132
37
73
166
102
161
168
45
43
164
95
202
118
33
96
176
114
17
102
84
181
225
57
59
24
97
65
192
68
150
186
128
120
49
124
38
202
60
137
84
80
244
79
16
164
16
12
98
24
222
13
56
178
115
157
26
215
40
115
26
17
154
191
51
129
216
142
87
234
17
188
53
130
163
90
126
150
0
91
138
185
199
11
173
130
226
73
83
233
245
107
55
164
61
250
50
109
194
87
130
75
229
72
178
20
65
62
223
170
58
135
50
16
180
105
145
51
59
219
29
12
163
231
62
51
243
208
54
55
5
87
198
30
130
55
87
214
179
81
122
213
99
102
81
23
81
215
142
138
246
73
82
220
244
232
71
46
87
190
90
124
65
84
120
69
86
14
77
228
165
207
156
172
152
5
242
28
156
89
16
114
51
157
89
31
32
250
198
202
235
225
254
254
135
217
60
127
250
91
203
81
94
237
137
221
61
43
204
197
174
120
111
223
25
39
223
91
51
223
247
227
223
123
126
245
237
182
227
116
106
61
221
142
252
177
220
221
28
160
221
247
143
171
80
220
162
61
204
95
48
188
5
228
89
168
24
56
39
72
97
98
168
170
96
7
164
99
194
100
133
96
192
96
24
112
68
132
0
131
83
8
41
65
176
4
212
186
32
250
1
244
70
94
24
1
84
19
68
77
24
44
24
4
112
29
205
9
24
176
35
188
88
86
102
249
250
63
243
247
127
39
129
159
222
249
214
115
247
218
178
87
122
183
111
95
125
141
247
87
151
251
248
175
210
216
114
239
79
47
118
190
255
124
229
220
217
85
50
159
201
5
153
239
221
164
216
137
242
30
156
65
48
242
119
189
90
23
44
218
99
4
138
3
207
213
155
141
190
187
16
78
187
108
35
5
14
85
56
50
200
87
223
109
42
208
62
38
158
91
51
62
87
237
157
49
114
229
110
18
112
64
78
12
213
76
249
177
61
220
24
37
181
224
156
235
208
126
178
29
198
29
24
246
50
119
117
22
191
12
31
41
198
24
249
49
45
127
148
84
247
134
70
144
241
42
145
38
216
173
229
89
170
248
205
236
8
44
6
182
239
16
145
253
111
202
147
139
196
225
164
78
162
167
217
11
162
24
222
89
44
115
215
152
58
70
168
28
114
53
179
244
34
134
88
67
194
196
17
128
87
192
48
86
52
131
34
71
146
45
80
71
156
130
230
93
2
188
212
104
7
62
38
190
136
108
82
77
0
104
181
233
171
92
129
111
81
162
168
219
98
24
60
65
1
51
83
211
57
53
137
234
190
246
117
229
254
189
171
217
252
127
202
127
237
127
249
117
242
253
79
98
253
46
27
124
214
254
103
191
222
223
251
246
103
239
95
191
250
186
249
246
221
84
82
158
193
231
250
87
168
61
24
9
242
157
141
73
16
242
115
191
222
95
40
176
197
9
179
212
81
11
93
74
135
5
129
246
83
204
164
90
170
117
62
71
6
47
224
67
47
246
146
13
18
40
84
9
6
23
60
155
0
108
95
157
65
169
181
99
171
24
53
238
68
178
113
212
67
114
54
130
97
26
112
107
9
61
149
58
21
235
117
200
248
222
39
98
248
84
126
221
77
125
220
168
227
196
173
108
68
104
128
115
111
253
5
53
239
10
50
57
210
102
85
154
68
50
253
188
247
222
184
183
84
130
244
230
139
165
85
0
248
29
143
13
64
244
35
172
88
71
35
184
7
38
65
35
217
160
163
72
32
111
2
119
128
75
130
65
66
101
129
96
201
5
10
104
6
152
56
39
154
8
33
71
87
132
221
187
49
248
45
22
68
64
10
9
65
0
248
81
24
108
24
36
231
148
156
41
8
48
147
181
200
23
48
126
62
178
121
185
190
181
191
121
222
254
219
60
253
70
185
117
243
213
67
98
253
50
151
220
220
220
230
237
82
223
253
250
103
44
223
190
218
122
233
119
56
76
87
44
86
245
149
127
187
172
24
5
242
29
156
81
16
242
59
189
122
79
104
182
191
213
120
182
55
181
89
25
183
79
181
242
191
74
52
87
244
247
20
177
243
118
209
102
180
182
227
91
122
123
253
225
130
236
158
254
234
121
251
253
82
203
119
105
146
84
245
111
149
190
154
13
234
145
252
85
56
179
126
159
187
155
174
187
48
186
21
142
32
205
144
37
90
152
86
85
124
55
89
176
126
130
192
168
213
40
101
214
185
40
100
216
47
220
201
228
189
104
105
180
255
18
136
108
223
29
19
134
96
166
139
78
169
100
207
75
180
7
27
73
38
83
14
224
114
47
98
205
5
198
69
0
8
252
165
80
32
84
10
65
0
53
204
129
203
108
133
104
192
32
8
112
73
221
17
34
60
2
1
93
148
98
113
154
64
152
41
36
101
20
56
167
68
128
116
99
8
181
52
0
240
29
142
8
16
192
2
173
64
71
36
250
181
111
118
213
248
77
225
243
63
93
14
87
86
253
218
228
226
240
207
42
87
172
188
242
123
46
6
66
172
206
90
63
242
99
116
250
20
242
223
252
215
53
152
150
104
162
201
198
137
37
125
252
216
31
143
73
38
88
98
45
90
36
35
248
194
202
134
131
207
194
139
136
174
187
58
79
187
233
99
45
9
21
60
55
76
207
174
104
98
215
27
38
158
139
3
31
123
231
95
81
82
237
254
2
117
100
104
63
141
12
252
177
69
221
16
177
157
227
140
235
89
92
176
61
196
29
16
190
205
206
102
225
216
254
163
209
44
125
2
79
130
93
248
165
194
253
191
96
248
7
58
120
6
220
29
39
220
7
51
87
85
227
95
25
112
247
45
166
197
84
74
150
73
202
120
145
204
85
20
52
215
247
143
171
80
204
163
140
198
95
48
188
5
194
68
160
9
24
37
64
36
68
2
66
136
57
236
1
200
124
37
96
192
96
24
112
65
157
17
32
60
2
33
65
144
66
83
138
1
88
41
12
165
20
56
39
84
80
116
193
136
37
16
0
242
5
143
8
8
192
3
165
64
87
32
122
210
137
155
220
97
66
91
238
135
129
181
218
19
248
150
158
175
21
56
79
14
143
230
3
127
211
155
45
3
170
6
40
134
55
33
219
130
77
222
92
49
169
177
113
187
28
61
174
87
130
247
243
25
114
180
166
209
124
104
91
61
37
145
219
194
138
142
131
207
209
138
137
190
187
2
78
187
109
35
5
13
21
60
51
200
87
174
105
34
215
59
38
158
75
19
94
95
197
219
65
114
237
110
2
85
100
104
60
151
12
248
177
85
216
24
37
151
225
204
234
217
92
182
45
196
29
16
62
194
130
142
131
205
208
139
136
190
187
0
79
139
109
51
13
9
85
188
34
200
71
142
104
98
214
59
38
158
11
19
94
87
193
159
65
114
237
110
34
117
100
106
60
151
92
248
177
29
216
24
37
149
225
156
234
217
76
178
13
196
93
16
182
1
198
8
11
1
216
134
12
41
146
40
168
176
59
237
175
203
48
161
0
193
2
95
96
65
85
25
33
19
10
3
19
221
4
85
178
81
88
169
52
98
94
56
37
84
84
116
97
153
172
24
5
240
13
200
72
16
226
39
180
88
83
34
91
7
134
0
43
1
192
166
12
32
192
40
168
160
23
141
33
11
0
161
0
193
0
75
64
64
213
25
33
18
10
3
1
149
4
81
178
49
72
45
36
100
20
56
161
21
16
116
97
24
172
56
36
149
1
232
40
0
224
6
164
8
87
32
74
6
193
8
158
7
0
92
11
7
66
45
232
34
142
36
31
141
18
36
213
2
54
224
99
68
215
243
73
19
42
132
32
130
52
148
138
2
72
66
113
34
202
52
105
182
20
181
110
17
166
16
4
104
24
244
1
16
179
48
185
24
81
34
170
193
12
139
1
200
210
131
200
184
191
2
78
194
233
35
1
137
109
189
34
200
197
14
104
78
215
31
38
152
3
51
95
87
131
221
105
48
229
109
42
112
100
74
24
85
88
120
177
29
76
24
53
213
253
140
170
220
108
161
61
204
149
80
182
214
237
187
92
33
66
93
239
131
195
189
186
83
192
134
90
11
5
62
79
14
189
224
3
191
215
211
125
67
168
6
40
130
23
32
203
130
109
210
209
50
171
181
97
191
28
53
174
87
162
35
223
9
122
116
142
217
191
121
123
61
116
217
203
192
134
135
1
200
212
131
201
168
251
0
79
131
101
51
5
136
69
184
34
200
71
30
104
74
212
30
38
156
11
19
94
119
131
95
33
48
173
111
34
68
100
72
140
23
92
88
177
28
76
24
37
151
233
140
234
80
76
146
13
196
85
16
182
33
214
117
42
25
166
37
74
226
110
160
160
44
43
164
21
226
100
33
96
240
96
16
103
84
177
225
61
59
8
97
73
208
4
148
186
0
120
33
108
38
74
56
137
84
80
212
79
24
172
24
4
96
24
220
73
24
178
51
156
24
214
40
113
227
140
139
139
201
150
131
137
142
231
4
78
131
201
3
13
8
101
56
6
216
5
158
105
114
208
24
38
146
25
3
31
135
135
90
1
18
133
46
42
192
50
0
136
25
24
217
145
85
72
24
57
21
225
140
162
81
76
176
61
192
213
26
255
194
138
138
131
207
146
139
136
142
171
3
78
147
72
107
13
12
21
56
22
200
23
142
73
2
208
24
38
148
171
3
95
71
149
219
1
80
207
174
2
128
100
68
8
145
28
152
145
84
88
24
37
151
225
220
242
81
76
176
61
132
93
18
55
194
202
14
3
205
210
138
152
174
187
18
78
171
105
67
1
13
87
60
54
200
199
142
108
98
215
59
38
158
11
3
30
91
237
219
65
82
173
110
2
116
100
106
60
149
76
248
177
68
217
16
33
157
227
204
251
81
124
180
61
196
21
16
62
64
14
131
129
200
150
131
201
168
255
2
14
129
1
27
1
0
69
153
34
200
5
74
201
74
208
28
38
128
9
9
94
87
131
89
33
16
175
45
2
192
36
72
140
1
136
72
145
25
76
24
48
149
249
141
170
84
76
130
45
196
21
80
247
106
209
80
170
23
131
14
11
231
10
41
168
53
2
189
95
247
151
33
84
193
55
81
103
68
197
233
45
19
232
180
224
198
44
199
190
0
120
33
116
34
75
52
41
85
84
149
78
152
172
24
5
34
29
220
89
24
178
51
189
24
87
32
99
65
2
131
137
200
144
131
200
136
63
2
14
145
76
59
1
8
117
152
34
200
21
74
73
10
208
24
38
144
73
25
79
87
131
219
33
48
235
47
34
0
36
70
0
21
156
73
145
20
72
24
52
151
233
156
162
81
76
146
45
192
213
18
246
98
134
130
139
205
132
143
141
12
255
0
143
129
13
19
5
8
101
137
144
200
7
222
105
84
208
24
38
18
145
33
87
101
161
31
33
112
173
44
42
96
74
98
168
23
144
88
49
24
72
24
33
149
224
188
242
146
194
182
148
198
199
26
118
58
49
25
151
22
197
216
141
198
234
17
54
245
6
179
82
126
214
64
82
138
176
199
14
140
144
242
9
2
248
183
250
71
36
159
190
154
104
67
87
16
73
85
72
147
20
129
63
155
174
24
7
50
24
52
89
144
50
57
185
29
31
106
242
254
63
243
246
63
111
161
255
214
253
246
115
127
218
178
222
251
247
103
83
117
143
247
119
159
251
241
171
210
216
246
239
199
47
118
190
222
120
233
252
217
85
50
191
201
5
177
239
153
164
217
141
242
30
156
65
32
242
115
189
90
23
44
250
194
11
131
215
205
2
71
142
174
5
7
74
139
221
18
9
10
117
60
39
14
141
234
99
74
210
26
46
178
8
2
13
151
167
114
91
64
69
118
6
5
48
136
83
137
8
253
145
84
16
209
176
21
226
150
170
121
60
48
31
68
21
149
250
250
187
247
247
119
107
169
191
238
217
249
251
111
219
182
255
251
215
111
127
101
143
231
55
135
207
241
187
255
218
230
239
223
45
118
190
91
116
249
245
127
92
50
63
217
23
253
236
216
166
220
129
242
63
156
93
0
244
53
191
92
87
164
90
254
121
251
255
119
119
216
171
94
202
251
190
119
194
251
254
255
215
124
215
15
157
197
23
143
223
243
105
211
254
246
184
226
36
87
255
218
124
201
117
112
93
181
63
223
28
181
110
221
174
152
135
250
31
156
81
16
243
49
189
93
87
32
186
212
125
187
212
34
7
92
115
83
194
253
208
87
192
20
58
180
195
118
207
22
60
224
131
157
2
230
220
65
188
244
104
226
54
52
175
138
108
210
241
82
234
181
235
186
28
165
110
211
162
51
215
104
24
52
85
81
179
115
219
57
112
203
171
215
121
187
212
50
66
93
110
195
134
189
208
83
192
148
122
181
199
54
79
6
189
224
131
142
199
231
93
1
46
212
41
66
22
180
207
138
108
210
217
82
234
181
105
186
28
165
110
87
162
51
215
104
88
116
86
193
59
113
91
57
180
209
186
101
206
35
169
216
246
163
193
56
127
10
79
192
29
203
45
195
109
153
32
248
5
30
120
86
220
24
167
222
3
43
87
229
193
223
41
112
183
45
34
101
84
10
156
85
200
120
177
24
93
24
48
213
245
140
235
20
204
131
172
198
71
58
180
193
12
143
1
200
214
131
200
184
191
2
79
202
237
3
1
136
101
189
34
200
197
14
232
78
246
31
38
136
11
51
95
87
195
93
105
82
173
111
10
84
100
72
62
69
72
120
177
29
76
24
37
213
249
140
170
92
76
162
61
196
149
16
190
195
136
138
3
203
209
139
136
189
191
2
79
146
40
43
33
138
117
184
34
200
87
206
104
102
208
26
38
158
75
59
95
119
129
221
33
48
237
110
42
224
100
110
8
23
92
217
177
61
200
24
37
151
225
220
234
81
76
182
45
196
221
16
182
63
244
125
175
191
189
223
29
255
95
189
120
189
58
244
245
247
246
20
240
241
80
183
124
188
173
105
123
255
121
253
173
180
236
158
222
234
113
185
247
83
203
79
9
208
150
220
28
133
181
86
13
106
176
151
125
184
182
58
156
219
159
46
177
129
195
79
73
53
112
245
254
48
145
44
201
10
113
135
169
99
204
13
107
64
32
164
50
42
139
0
2
253
1
32
123
244
38
20
250
82
114
1
180
211
94
26
22
208
134
193
204
153
45
94
5
88
31
135
73
16
240
35
156
88
86
38
249
210
201
155
223
65
66
87
239
159
129
189
184
51
249
134
190
43
21
56
15
14
143
230
39
63
215
155
45
99
171
2
40
146
39
33
219
2
13
127
126
50
185
165
115
191
28
125
182
69
128
247
248
153
250
180
174
249
124
104
123
29
36
145
218
186
209
124
222
39
21
92
27
247
219
189
234
63
250
52
95
116
178
118
155
55
126
113
231
177
55
231
90
123
253
212
240
234
60
162
244
219
73
242
249
90
207
247
109
178
117
151
110
189
170
154
79
250
9
248
85
63
243
127
159
59
186
239
203
50
144
24
162
63
178
218
26
214
59
149
244
163
74
148
85
114
215
71
81
193
38
225
95
36
146
228
15
82
9
161
234
199
44
158
190
83
56
1
245
88
202
18
12
209
85
129
79
153
172
24
1
232
24
220
81
16
242
51
157
88
23
34
251
37
54
69
35
221
176
167
88
224
123
194
99
168
11
129
1
66
109
129
96
233
69
26
120
70
152
24
167
158
0
33
71
87
192
220
50
113
184
45
6
109
64
74
140
69
193
218
81
24
124
24
36
247
164
140
105
4
32
151
132
202
23
36
118
13
138
238
105
41
253
177
116
189
189
198
205
220
61
127
172
137
56
203
235
245
83
206
245
121
120
20
182
109
199
127
199
157
216
99
32
245
155
248
40
253
61
123
54
245
227
119
107
187
218
173
59
215
69
219
28
47
199
191
229
227
251
79
94
163
218
10
235
255
248
135
152
60
127
62
203
171
93
110
189
135
245
188
187
236
87
187
124
103
215
25
54
191
115
19
95
183
233
219
81
118
219
236
163
231
93
106
61
213
138
252
177
252
221
28
37
223
231
207
251
119
220
182
46
214
221
28
188
69
38
3
41
200
242
163
200
168
126
2
14
193
37
139
33
66
109
137
96
200
65
14
88
78
212
24
167
138
3
35
95
117
128
221
41
49
160
45
2
36
68
8
136
85
136
80
145
24
76
24
32
149
117
12
40
28
204
139
172
204
199
112
244
16
1
153
220
0
69
92
71
2
64
13
4
17
196
59
178
239
82
0
34
6
184
196
2
200
135
166
72
1
168
30
104
150
22
17
202
2
64
202
80
48
185
148
98
36
148
229
110
145
168
122
69
48
24
20
73
145
98
56
59
88
36
35
242
235
222
79
227
255
250
167
216
184
123
110
107
171
31
238
237
203
253
189
40
236
85
58
120
103
221
25
167
254
67
51
223
213
193
223
97
119
245
237
178
125
212
106
61
85
199
124
241
190
221
28
36
221
229
207
187
86
220
167
172
198
223
124
188
227
206
163
201
253
220
199
137
189
255
42
203
139
93
126
173
129
245
189
43
204
15
190
120
103
215
31
39
159
27
3
95
231
235
95
81
114
183
239
166
227
126
98
255
221
202
124
177
236
221
28
32
221
231
143
162
81
220
228
47
214
93
16
188
195
206
171
97
255
254
135
216
184
127
170
75
139
93
106
173
137
253
189
57
204
197
186
120
103
215
27
39
222
83
51
95
87
227
221
105
114
247
237
162
229
116
106
189
213
138
124
177
220
221
28
36
197
247
143
170
80
220
166
61
198
215
16
190
171
222
130
227
255
253
135
153
189
255
58
203
171
92
126
173
135
245
189
59
204
87
191
124
111
215
25
38
191
83
23
95
183
233
219
81
118
223
236
163
231
125
106
61
221
142
252
177
252
221
28
37
215
231
143
235
87
220
182
47
214
93
20
252
101
206
35
41
216
254
167
217
184
127
10
79
193
29
251
173
203
109
185
32
232
5
30
120
103
220
29
167
222
3
35
87
101
195
223
49
112
183
109
54
97
84
74
188
85
202
124
177
188
93
28
32
213
247
140
235
20
204
171
172
198
71
56
180
2
2
0
168
9
56
32
65
36
96
2
6
0
20
105
1
72
88
1
64
0
128
8
112
4
156
16
0
144
2
33
81
16
130
83
8
1
194
1
2
160
16
16
0
68
133
102
193
8
1
16
0
0
21
130
8
16
64
41
164
64
3
32
32
3
70
0
40
9
8
37
8
32
68
42
2
136
45
109
5
193
56
5
96
224
100
24
96
68
156
1
0
50
2
33
81
146
134
81
8
1
72
41
10
36
16
56
33
84
17
116
193
8
44
16
4
82
21
140
8
56
224
51
180
0
199
32
122
237
206
103
33
223
255
163
217
188
127
10
79
139
125
233
229
203
253
189
96
236
87
26
120
103
220
25
39
254
67
59
87
85
227
223
17
113
247
173
38
237
84
74
31
77
207
252
145
204
93
20
52
207
231
143
171
80
204
167
172
198
95
52
180
16
193
29
152
2
205
93
100
7
166
21
148
21
100
189
82
255
214
64
99
134
112
192
34
205
151
182
88
33
170
85
105
210
20
81
138
2
104
210
90
48
155
181
33
180
20
229
46
147
168
177
5
50
25
20
93
9
242
59
249
89
87
99
250
181
239
247
213
216
79
225
243
62
93
14
87
215
253
219
236
226
225
207
38
87
172
188
227
95
126
54
74
172
142
90
63
242
99
117
250
20
242
223
252
215
20
136
150
232
34
233
198
137
37
93
185
248
31
141
75
48
120
98
45
90
68
35
248
195
206
2
3
239
208
138
128
43
191
26
79
138
77
99
41
13
115
60
179
204
199
143
108
106
87
63
38
158
123
19
86
83
233
221
81
122
173
238
34
101
76
106
60
151
92
252
177
228
217
16
37
159
227
140
235
211
93
176
53
196
89
16
166
205
138
66
161
217
251
163
208
44
63
130
79
194
92
235
225
202
125
191
96
236
7
30
120
71
220
25
39
158
71
59
87
117
227
95
25
112
247
237
38
197
116
74
30
77
206
120
145
204
93
28
52
215
247
143
171
80
204
162
164
196
95
48
52
3
70
0
40
9
8
36
0
32
34
42
2
0
45
77
1
65
40
1
96
192
64
136
96
68
157
1
0
146
2
33
65
16
132
81
40
33
8
33
8
36
0
56
33
84
145
118
65
16
36
16
4
0
21
206
8
24
224
35
180
0
67
32
32
195
9
131
151
205
2
67
142
166
37
1
74
139
201
22
9
42
117
60
39
10
143
234
33
70
211
26
46
178
40
2
13
151
231
50
91
0
69
118
6
69
224
140
83
137
24
253
145
68
148
208
176
5
226
148
170
121
60
32
27
4
85
149
123
146
19
89
214
54
144
93
13
150
115
21
208
29
22
180
82
126
214
4
105
138
48
224
58
44
146
162
75
86
41
21
105
83
36
20
250
66
121
131
215
80
202
41
125
146
132
197
79
147
173
22
5
104
24
183
73
16
114
59
221
89
22
34
251
90
209
152
186
55
179
90
15
87
138
177
184
48
2
37
91
246
215
48
212
129
55
195
87
196
129
227
109
83
108
180
32
214
44
159
191
82
120
161
117
50
202
52
9
211
20
145
110
155
174
24
5
224
25
252
89
16
243
59
157
89
82
34
243
195
12
138
3
201
212
139
137
186
255
2
79
130
105
3
37
137
117
188
34
204
7
158
104
114
215
59
38
158
27
3
95
71
227
93
97
114
173
110
10
113
100
106
184
135
72
249
177
29
220
24
37
149
225
140
226
209
76
178
45
198
149
24
182
224
142
231
129
200
196
131
201
188
255
42
79
155
101
115
44
1
69
253
35
220
205
62
232
58
215
31
38
172
155
51
31
119
227
95
113
112
237
127
162
117
100
104
190
143
12
125
177
29
204
24
33
213
235
140
238
93
76
224
45
198
85
24
190
66
2
1
169
201
224
39
108
148
186
90
5
1
45
27
130
75
76
129
32
200
3
206
56
12
201
8
6
90
1
33
206
117
161
125
49
53
160
37
38
37
68
74
10
71
129
72
209
56
64
92
32
133
28
140
40
200
224
175
152
204
6
48
244
58
150
53
133
238
181
143
89
238
127
138
79
253
76
57
117
246
245
67
98
220
54
27
220
220
254
230
46
22
214
127
254
103
44
79
60
218
120
232
100
124
76
84
174
213
116
189
127
184
172
24
1
242
29
156
81
16
242
83
189
90
95
40
176
53
54
117
32
156
172
165
120
240
28
218
117
236
111
201
1
227
108
131
240
241
32
9
212
204
60
101
129
106
30
225
137
94
110
85
190
61
50
9
124
125
84
26
175
68
33
254
71
168
52
9
8
240
28
13
65
46
178
7
176
10
7
36
104
193
142
135
41
200
254
163
200
184
127
2
79
128
37
75
137
139
109
185
32
200
69
30
120
110
212
24
166
156
3
35
95
85
195
217
33
117
167
45
34
229
116
74
156
85
136
124
177
28
93
24
52
213
229
140
170
84
204
134
172
198
215
88
182
35
212
113
42
29
166
37
75
226
110
168
48
164
11
133
21
226
101
33
96
240
4
144
101
84
189
233
45
18
24
97
73
197
36
213
186
0
40
33
108
38
74
60
169
84
16
212
79
24
172
24
12
96
24
28
65
8
178
19
184
26
215
40
96
189
191
247
246
55
125
177
255
212
221
246
243
47
155
146
222
251
212
231
107
117
142
247
119
31
187
241
43
223
90
114
237
199
36
116
186
247
124
233
244
249
92
51
191
201
1
245
236
153
164
93
137
240
31
158
65
32
242
115
253
90
87
36
250
35
214
116
42
29
164
5
75
34
110
160
32
44
41
133
21
226
100
33
112
224
70
153
97
84
153
233
45
18
24
97
73
213
36
20
186
16
56
33
108
36
74
56
137
84
17
212
79
24
172
24
4
96
24
156
73
8
178
19
148
24
87
40
113
188
251
247
254
55
127
241
255
212
221
252
253
111
155
150
254
251
212
103
123
117
143
229
55
159
239
241
187
255
218
118
233
205
36
119
254
215
116
233
245
122
93
179
191
220
23
247
236
153
172
223
137
240
31
158
77
48
242
55
253
90
87
36
250
58
177
120
134
191
69
217
13
246
68
189
116
61
122
180
245
255
182
70
144
113
114
181
102
180
161
224
89
255
249
221
169
140
108
142
214
238
81
139
253
91
217
87
9
208
117
180
76
179
182
223
13
186
0
212
81
184
51
126
56
59
159
174
217
1
198
0
11
1
216
134
8
40
128
40
168
176
59
237
47
67
50
33
208
193
2
91
96
65
85
9
33
19
10
3
0
220
4
69
178
81
24
45
44
34
94
56
39
84
85
54
101
153
172
24
4
180
13
200
8
16
224
39
180
24
83
34
75
1
6
0
43
137
192
166
8
32
0
170
36
160
23
137
33
75
0
129
16
192
0
202
96
64
213
9
33
18
10
3
1
157
4
81
178
49
8
45
36
36
20
56
161
84
17
116
225
24
44
24
4
145
5
200
8
0
96
7
164
8
71
32
74
195
202
10
3
207
216
130
128
60
187
42
79
138
61
104
161
13
51
188
145
204
87
10
104
99
215
25
38
158
99
3
87
23
233
203
65
115
141
238
42
101
52
106
57
149
72
188
177
228
217
16
37
159
231
236
162
83
76
180
37
196
217
16
62
195
142
10
195
201
216
130
137
60
251
42
79
130
29
75
165
1
37
189
27
204
5
158
104
99
213
25
38
156
3
3
87
119
195
219
65
112
207
238
34
97
116
106
189
21
138
124
177
93
217
24
33
149
231
204
170
83
76
166
45
198
93
16
62
131
142
10
43
207
248
131
153
57
251
10
79
136
29
107
165
137
125
185
42
196
87
158
120
99
212
25
38
156
67
59
87
117
193
217
1
117
203
236
34
229
52
74
60
85
134
124
241
188
89
24
37
151
229
204
170
87
76
166
44
198
219
28
118
58
208
184
170
31
179
153
27
246
10
160
170
165
10
181
93
118
247
67
80
192
23
209
119
4
128
232
13
82
24
241
234
231
44
151
190
82
120
33
117
114
74
18
13
208
85
144
79
153
172
24
1
240
29
220
81
16
178
51
156
88
86
34
249
1
138
6
161
205
250
163
152
44
187
2
79
136
29
75
33
8
125
137
40
192
69
138
120
99
220
24
38
156
67
43
95
85
193
217
1
117
238
109
34
229
116
74
28
69
136
120
177
28
89
24
36
215
229
140
170
70
76
134
164
196
95
16
54
64
6
130
169
201
240
162
205
28
251
66
15
129
41
11
4
72
93
153
32
200
3
206
120
76
216
24
38
220
1
35
94
117
193
89
33
117
161
45
34
229
68
74
142
69
133
88
241
24
72
24
32
213
228
140
170
194
204
175
140
198
71
16
118
42
214
176
170
23
34
15
79
231
74
161
170
177
10
167
95
246
183
33
84
192
23
211
101
84
193
249
45
19
24
104
96
197
36
215
190
16
120
33
116
34
74
52
169
85
85
180
77
152
172
24
5
226
29
220
81
16
178
51
188
24
87
40
115
146
177
159
214
34
5
88
35
83
132
85
214
94
241
22
58
52
130
68
187
22
124
225
195
185
34
230
88
32
188
212
104
190
62
32
204
206
74
218
217
210
185
189
98
176
52
225
110
147
170
171
207
56
8
56
93
47
115
112
123
49
48
195
203
13
6
0
32
9
40
37
72
32
96
10
0
0
45
236
5
195
56
133
96
224
34
24
114
68
156
1
1
18
2
33
65
16
134
83
42
33
232
33
10
36
16
56
33
68
65
118
75
8
36
16
4
226
29
142
8
8
224
3
180
72
71
32
58
3
130
130
171
201
144
162
136
60
187
2
79
128
41
11
5
8
57
137
32
192
71
206
120
96
208
24
38
156
67
43
87
117
193
89
33
117
203
45
34
229
4
74
12
71
128
88
241
60
88
24
33
151
225
140
170
66
76
166
132
196
79
18
119
195
206
2
67
239
216
142
128
58
59
58
79
138
125
66
61
5
35
60
185
204
199
187
104
99
215
29
38
158
115
3
86
19
249
201
65
127
141
238
170
101
116
106
249
149
74
252
177
228
217
16
36
141
227
234
170
87
93
180
37
198
249
24
62
36
34
97
163
217
236
161
121
204
121
194
117
161
95
217
101
203
68
193
64
208
34
154
124
94
156
16
3
214
154
35
223
69
164
87
186
116
178
105
20
65
84
18
142
68
1
228
65
152
44
152
0
240
29
140
89
0
98
39
188
74
23
32
124
139
206
76
97
239
185
167
184
61
249
254
75
172
61
105
133
141
189
253
184
244
87
154
120
97
125
25
182
252
83
35
215
157
249
219
32
127
219
188
33
125
21
106
183
85
227
254
97
190
219
141
45
221
229
203
188
127
197
182
164
194
219
28
94
3
134
130
171
201
212
130
129
60
251
0
79
128
13
11
5
8
57
137
2
200
7
222
104
112
208
24
38
28
83
35
87
101
193
91
33
117
201
44
34
101
100
74
136
23
144
88
241
56
88
24
33
149
224
236
170
23
76
166
132
198
67
26
119
139
202
76
235
239
185
167
184
61
189
254
203
172
61
73
133
133
253
253
185
244
87
138
120
97
125
25
182
252
83
35
215
157
249
217
96
127
219
188
33
125
29
106
55
85
163
126
113
174
219
141
45
221
229
203
188
118
196
190
172
194
219
20
94
5
38
69
1
200
152
162
192
56
20
6
5
200
53
201
161
194
77
137
32
192
64
14
240
108
136
8
5
236
8
25
19
181
64
81
184
112
243
13
52
213
20
24
22
68
134
72
193
25
45
12
36
209
29
143
8
28
196
43
172
72
7
34
248
5
6
0
40
9
32
36
64
32
42
42
2
0
45
201
3
195
40
129
64
224
32
24
120
68
156
1
129
82
6
33
81
16
130
81
40
33
168
33
8
44
0
56
161
68
81
118
65
8
36
16
4
64
28
140
0
24
160
3
180
8
71
32
34
18
17
17
220
34
73
92
7
2
64
13
4
20
68
61
146
125
146
0
66
134
40
196
2
152
135
226
72
1
168
149
104
135
52
49
158
128
64
194
67
32
137
133
99
164
148
165
110
145
162
82
71
34
24
20
73
145
115
56
185
121
103
33
226
131
142
10
67
239
252
135
153
188
251
46
79
138
29
107
165
1
253
189
59
204
87
158
120
99
213
25
38
156
83
19
95
167
195
217
65
119
219
236
162
225
52
106
189
85
198
124
177
188
217
28
36
213
231
207
170
87
76
166
44
198
223
28
254
188
106
111
225
186
125
161
253
253
254
250
54
93
183
219
230
219
220
207
104
121
208
188
188
31
173
60
145
255
222
58
155
112
68
223
251
212
118
21
244
222
85
82
158
86
167
66
212
158
45
223
184
218
159
135
93
196
228
1
220
79
94
106
180
139
142
6
99
255
249
135
153
188
187
42
79
139
28
105
165
1
253
189
56
196
87
154
120
35
213
25
38
188
67
51
86
85
203
219
1
117
219
237
34
229
53
106
61
69
199
124
241
188
217
28
36
215
229
207
186
86
76
166
172
198
159
28
62
184
187
255
166
55
125
49
255
244
220
246
241
111
155
150
255
251
212
231
105
113
134
229
55
109
155
177
171
95
90
50
233
213
36
52
250
86
120
233
244
121
220
58
191
216
5
117
236
153
164
94
1
240
31
158
73
16
242
35
157
90
23
36
250
42
214
234
170
23
49
137
27
244
218
160
170
173
10
165
93
114
244
35
80
240
22
209
117
6
136
233
9
83
88
48
251
237
44
151
186
82
120
33
116
114
78
50
15
80
85
208
77
152
172
24
5
240
29
220
73
16
242
55
156
88
87
42
241
9
6
4
33
205
241
162
148
60
123
66
69
128
29
43
133
76
125
137
0
240
3
158
120
96
120
24
166
220
67
43
199
93
193
219
33
117
195
44
34
205
20
74
22
69
197
122
209
60
89
28
36
215
229
202
168
22
204
175
132
194
11
4
84
10
210
202
170
55
51
153
30
246
154
148
174
61
158
55
91
246
246
65
80
64
23
193
117
6
136
248
9
83
72
116
232
221
44
151
190
83
120
1
117
114
79
22
12
212
213
192
109
153
172
24
5
242
29
220
89
16
242
59
156
88
87
38
251
9
206
6
43
237
248
166
153
60
57
78
79
136
29
105
165
13
237
253
184
244
71
26
120
99
124
25
166
252
67
35
214
221
201
219
33
117
155
172
32
253
20
74
182
85
227
126
241
172
89
156
40
213
229
203
168
118
204
166
164
194
75
28
94
