posters/Movie Poster 57.jpg
512 : 733
358
161.274
-1
0
369
198
0.000163561
31
-116.93
-1
0
374
349
0.000253198
31
-138.481
-1
0
367
350
0.000313137
31
167.559
-1
0
335
454
0.000311699
31
75.6
-1
0
332
174
0.00125593
31
84.9681
-1
0
329
174
0.00159713
31
90.9548
-1
0
280
174
0.0013518
31
87.3426
-1
0
267
174
0.00221939
31
88.9488
-1
0
260
174
0.00113404
31
167.796
-1
0
339
456
0.000313714
31
-102.423
-1
0
389
362
0.000216903
31
77.4712
-1
0
314
173
0.0020419
31
78.8813
-1
0
311
173
0.0016868
31
88.5236
-1
0
288
173
0.000780148
31
92.7743
-1
0
283
173
0.00264917
31
95.8886
-1
0
251
173
0.00203934
31
134.297
-1
0
233
173
0.00165469
31
112.659
-1
0
218
173
0.00114401
31
93.8879
-1
0
201
173
0.000902228
31
102.355
-1
0
195
173
0.00122395
31
103.285
-1
0
180
173
0.00163435
31
92.583
-1
0
148
173
0.00168215
31
94.0002
-1
0
132
173
0.00131306
31
105.224
-1
0
124
173
0.00604329
31
108.225
-1
0
119
173
0.00193555
31
100.746
-1
0
108
173
0.00294517
31
76.6839
-1
0
302
172
0.000618973
31
95.8489
-1
0
270
172
0.00116457
31
102.615
-1
0
246
172
0.000877511
31
109.799
-1
0
175
172
0.00219035
31
101.121
-1
0
155
172
0.00174072
31
103.355
-1
0
139
172
0.0016122
31
107.282
-1
0
98
172
0.00350805
31
88.5534
-1
0
276
171
0.00107513
31
87.9047
-1
0
263
171
0.00368828
31
89.322
-1
0
260
171
0.00162601
31
101.121
-1
0
127
171
0.00803358
31
76.9448
-1
0
303
170
0.000376399
31
104.778
-1
0
247
170
0.00135941
31
115.907
-1
0
190
169
0.00295244
31
-65.6235
-1
0
160
160
0.000427058
31
95.5055
-1
0
192
170
0.0029753
31
66.5519
-1
0
297
169
0.00115831
31
73.1237
-1
0
295
169
0.00229122
31
76.293
-1
0
292
169
0.00122844
31
-76.1713
-1
0
165
158
0.00102596
31
87.0643
-1
0
257
169
0.00227362
31
137.083
-1
0
184
169
0.0054554
31
-56.6593
-1
0
163
161
0.000186092
31
119.632
-1
0
241
168
0.00322647
31
117.165
-1
0
142
168
0.00463934
31
111.801
-1
0
108
168
0.00784283
31
44.1931
-1
0
298
167
0.00105169
31
53.6156
-1
0
291
167
0.000987239
31
78.2749
-1
0
257
167
0.00216434
31
114.444
-1
0
247
167
0.00139166
31
147.875
-1
0
238
167
0.00246971
31
124.695
-1
0
215
167
0.00304035
31
88.8542
-1
0
275
166
0.00256405
31
106.39
-1
0
273
166
0.0027839
31
98.6525
-1
0
146
166
0.00667228
31
125.882
-1
0
108
166
0.0076309
31
175.101
-1
0
189
165
0.00963522
31
178.854
-1
0
187
165
0.0100455
31
119.055
-1
0
127
165
0.00643324
31
107.403
-1
0
170
174
0.000201288
31
-115.133
-1
0
116
154
0.00121173
31
-104.036
-1
0
124
154
0.00630613
31
-101.014
-1
0
132
154
0.00178507
31
-99.1623
-1
0
139
154
0.00550006
31
-90.4007
-1
0
145
154
0.00292685
31
-102.711
-1
0
188
154
0.00169343
31
-128.548
-1
0
233
154
0.0015601
31
-98.7283
-1
0
242
154
0.000573376
31
-92.6224
-1
0
272
154
0.00146121
31
-91.0933
-1
0
275
154
0.00169074
31
-85.7374
-1
0
325
154
0.00114902
31
-55.8855
-1
0
335
154
0.000793891
31
-108.172
-1
0
101
155
0.00221354
31
-90.7902
-1
0
147
155
0.00295469
31
-93.2473
-1
0
155
155
0.0015718
31
-90.8069
-1
0
175
155
0.00202969
31
-105.695
-1
0
201
155
0.00206068
31
-116.787
-1
0
218
155
0.00111908
31
-97.0055
-1
0
244
155
0.00108684
31
-95.6405
-1
0
251
155
0.00182727
31
-89.5361
-1
0
277
155
0.00139328
31
-84.3151
-1
0
286
155
0.00185053
31
-92.3493
-1
0
289
155
0.00259935
31
-101.02
-1
0
299
155
0.00160672
31
-106.557
-1
0
302
155
0.00307161
31
-99.9558
-1
0
307
155
0.00444348
31
-83.991
-1
0
323
155
0.00229539
31
-39.2894
-1
0
339
155
0.00129616
31
-100.437
-1
0
127
157
0.00662266
31
-109.592
-1
0
142
157
0.00773338
31
-84.629
-1
0
148
157
0.00439877
31
-78.2317
-1
0
261
163
0.00236913
31
-125.961
-1
0
246
163
0.0013211
31
-99.3236
-1
0
245
157
0.00115193
31
-83.976
-1
0
261
157
0.00221027
31
-101.459
-1
0
307
157
0.00548565
31
-75.3355
-1
0
318
157
0.00238272
31
-74.6384
-1
0
321
157
0.00320891
31
-69.9285
-1
0
330
157
0.00210442
31
-84.8572
-1
0
145
158
0.00708082
31
-41.1859
-1
0
147
163
0.0040255
31
-86.5936
-1
0
148
159
0.00467254
31
-149.036
-1
0
132
163
0.00192276
31
-79.5994
-1
0
257
159
0.00273159
31
-93.4893
-1
0
309
159
0.00173053
31
-67.0679
-1
0
317
159
0.0014458
31
-152.049
-1
0
115
163
0.0042092
31
-141.47
-1
0
102
163
0.00422281
31
-93.6745
-1
0
274
162
0.000916474
31
-102.407
-1
0
127
160
0.00621362
31
-83.6598
-1
0
145
160
0.00698356
31
-118.673
-1
0
240
160
0.00330112
31
-102.863
-1
0
245
160
0.000348962
31
-121.293
-1
0
203
161
0.00444962
31
-115.989
-1
0
188
161
0.00508798
31
-139.185
-1
0
142
161
0.00622617
31
-80.5377
-1
0
148
161
0.00432701
31
135.659
-1
0
251
582
0.000138583
31
159.978
-1
0
330
447
0.000143805
31
158.839
-1
0
391
194
0.000153731
31
157.38
-1
0
367
196
0.000158497
31
162.216
-1
0
359
198
0.000118797
31
158.009
-1
0
361
197
0.000117999
31
167.905
-1
0
387
198
0.000113068
31
168.232
-1
0
340
459
0.00012132
31
91.2454
-1
0
327
165
0.000129231
31
38.8627
-1
0
334
165
0.00011891
31
152.676
-1
0
375
196
0.000127843
31
-145.056
-1
0
366
353
0.000107993
31
142.193
-1
0
359
192
0.00010491
31
160.463
-1
1
192
165.6
0.00486757
37.2
118.369
-1
1
193.2
168
0.00282998
37.2
-144.162
-1
1
192
163.2
0.00188231
37.2
143.915
-1
1
184.8
169.2
0.00400757
37.2
89.6952
-1
1
282
172.8
0.00214331
37.2
95.2222
-1
1
252
172.8
0.00188233
37.2
102.766
-1
1
124.8
172.8
0.00511248
37.2
131.711
-1
1
175.2
171.6
0.00178585
37.2
95.9206
-1
1
262.8
170.4
0.00312264
37.2
107.526
-1
1
192
170.4
0.00218443
37.2
105.154
-1
1
127.2
170.4
0.00737399
37.2
72.9698
-1
1
295.2
169.2
0.00178551
37.2
116.887
-1
1
142.8
169.2
0.00238264
37.2
128.928
-1
1
241.2
168
0.00214097
37.2
139.827
-1
1
238.8
168
0.002239
37.2
117.031
-1
1
144
166.8
0.00658507
37.2
156.371
-1
1
214.8
165.6
0.00208537
37.2
135
-1
1
146.4
165.6
0.00469813
37.2
144.866
-1
1
127.2
165.6
0.00611328
37.2
-165.069
-1
1
187.2
164.4
0.00801555
37.2
154.231
-1
1
142.8
164.4
0.00669647
37.2
-93.3665
-1
1
260.4
163.2
0.00209057
37.2
-135
-1
1
204
162
0.00239446
37.2
-106.607
-1
1
147.6
160.8
0.0026984
37.2
-118.768
-1
1
142.8
160.8
0.00516279
37.2
-104.931
-1
1
127.2
159.6
0.00818986
37.2
-106.966
-1
1
244.8
157.2
0.00174948
37.2
-96.2156
-1
1
147.6
157.2
0.00342818
37.2
-106.756
-1
1
142.8
157.2
0.00722466
37.2
-103.61
-1
1
127.2
157.2
0.00863558
37.2
-98.7462
-1
1
308.4
156
0.00195546
37.2
-93.9259
-1
1
260.4
156
0.00188857
37.2
-99.888
-1
1
201.6
156
0.00208993
37.2
-88.6831
-1
1
289.2
154.8
0.00179035
37.2
-96.0333
-1
1
146.4
154.8
0.00235827
37.2
-103.291
-1
1
139.2
154.8
0.00426176
37.2
-103.935
-1
1
124.8
154.8
0.0057929
37.2
-101.371
-1
1
286.8
532.8
6.1721e-05
37.2
104.775
-1
1
195.6
172.8
0.000836489
37.2
121.504
-1
1
180
172.8
0.00144431
37.2
100.261
-1
1
147.6
172.8
0.00080126
37.2
-157.38
-1
1
254.4
570
6.4643e-05
37.2
102.626
-1
1
132
172.8
0.000718295
37.2
104.036
-1
1
201.6
172.8
0.000400486
37.2
-121.304
-1
1
190.8
160.8
0.000969606
37.2
-106.661
-1
1
132
153.6
0.000652805
37.2
-88.741
-1
1
166.8
153.6
0.000403819
37.2
-86.7108
-1
1
170.4
153.6
0.000448674
37.2
-104.834
-1
1
242.4
153.6
0.000903129
37.2
-99.4623
-1
1
308.4
153.6
0.000848833
37.2
90
-1
1
163.2
165.6
0.000404031
37.2
135
-1
1
232.8
172.8
0.0011739
37.2
-96.1829
-1
1
154.8
154.8
0.000691801
37.2
-113.199
-1
1
175.2
154.8
0.000849229
37.2
-112.249
-1
1
188.4
154.8
0.0015922
37.2
-119.105
-1
1
217.2
154.8
0.000433002
37.2
-128.752
-1
1
232.8
154.8
0.00112979
37.2
-104.564
-1
1
244.8
154.8
0.000759695
37.2
-88.9292
-1
1
252
154.8
0.00155747
37.2
-93.9542
-1
1
271.2
154.8
0.00104669
37.2
-91.9001
-1
1
277.2
154.8
0.000922245
37.2
-83.7289
-1
1
286.8
154.8
0.00169734
37.2
-103.583
-1
1
300
154.8
0.0016899
37.2
-88.1221
-1
1
325.2
154.8
0.000903412
37.2
-45
-1
1
338.4
154.8
0.000851193
37.2
-83.0317
-1
1
164.4
156
0.00104189
37.2
-84.2894
-1
1
170.4
156
0.000448663
37.2
90.9821
-1
1
276
171.6
0.000656373
37.2
83.3255
-1
1
286.8
169.2
0.000304744
37.2
136.153
-1
1
247.2
579.6
6.3497e-05
37.2
83.7742
-1
1
163.2
170.4
0.000937741
37.2
-63.7587
-1
1
330
157.2
0.00151312
37.2
-92.5261
-1
1
321.6
158.4
0.00111028
37.2
85.3549
-1
1
288
172.8
0.00127361
37.2
132.026
-1
1
250.8
582
0.000130009
37.2
-77.7352
-1
1
162
159.6
0.000978464
37.2
-125.372
-1
1
240
159.6
0.00168351
37.2
-93.5763
-1
1
309.6
159.6
0.000897424
37.2
-68.9625
-1
1
316.8
159.6
0.00071297
37.2
-97.1694
-1
1
290.4
535.2
8.6716e-05
37.2
97.3219
-1
1
271.2
171.6
0.000697202
37.2
105.719
-1
1
246
171.6
0.00171412
37.2
157.38
-1
1
368.4
198
6.58734e-05
37.2
156.975
-1
1
373.2
195.6
6.35369e-05
37.2
-140.194
-1
1
132
162
0.000989087
37.2
125.134
-1
1
217.2
171.6
0.00151478
37.2
103.416
-1
1
139.2
171.6
0.00129185
37.2
-143.531
-1
1
246
163.2
0.00127927
37.2
86.154
-1
1
302.4
170.4
0.000672699
37.2
154.075
-1
1
367.2
195.6
6.30465e-05
37.2
-110.973
-1
1
273.6
163.2
0.00145998
37.2
86.6822
-1
1
301.2
172.8
0.000612586
37.2
-122.16
-1
1
374.4
349.2
0.000204569
37.2
-138.556
-1
1
367.2
350.4
0.00029147
37.2
43.9584
-1
1
333.6
164.4
8.96558e-05
37.2
169.75
-1
1
339.6
459.6
9.68377e-05
37.2
168.148
-1
1
338.4
456
0.000323468
37.2
168.927
-1
1
333.6
454.8
0.000205342
37.2
164.954
-1
1
330
447.6
0.000126192
37.2
81.573
-1
1
330
174
0.00171989
37.2
142.595
-1
1
273.6
165.6
0.00157262
37.2
87.0263
-1
1
298.8
174
0.000431218
37.2
82.9987
-1
1
290.4
174
0.000547808
37.2
83.0888
-1
1
160.8
166.8
0.000682577
37.2
73.4429
-1
1
310.8
172.8
0.0012288
37.2
93.4212
-1
1
266.4
174
0.00152488
37.2
91.8377
-1
1
259.2
174
0.000553992
37.2
82.0382
-1
1
314.4
172.8
0.0016606
37.2
108.166
-1
1
168
174
0.000308113
37.2
92.1747
-1
1
256.8
168
0.00115143
37.2
106.753
-1
1
243.6
174
0.000456687
37.2
-107.731
-1
1
388.8
361.2
0.000220411
37.2
103.392
-1
1
170.4
174
0.00045902
37.2
-150.239
-1
1
368.4
364.8
5.85143e-05
37.2
92.1611
-1
2
302.4
169.92
0.000923535
44.64
119.134
-1
2
194.4
169.92
0.0013747
44.64
128.517
-1
2
190.08
169.92
0.00153016
44.64
144.941
-1
2
185.76
169.92
0.00158974
44.64
136.931
-1
2
181.44
169.92
0.00154703
44.64
83.9559
-1
2
295.2
168.48
0.00184456
44.64
84.8768
-1
2
298.08
174.24
0.000570475
44.64
93.9909
-1
2
263.52
168.48
0.00191039
44.64
103.325
-1
2
257.76
168.48
0.00136352
44.64
128.784
-1
2
246.24
167.04
0.00140973
44.64
156.038
-1
2
239.04
167.04
0.00128239
44.64
107.65
-1
2
161.28
167.04
0.000921207
44.64
129.936
-1
2
144
167.04
0.00274092
44.64
84.2537
-1
2
290.88
174.24
0.000625709
44.64
138.576
-1
2
217.44
171.36
0.000882605
44.64
142.253
-1
2
146.88
165.6
0.00216389
44.64
78.7851
-1
2
331.2
172.8
0.00116309
44.64
88.7363
-1
2
313.92
172.8
0.00131787
44.64
122.125
-1
2
168.48
169.92
0.000700681
44.64
87.4739
-1
2
300.96
172.8
0.000708082
44.64
92.4293
-1
2
280.8
172.8
0.00126037
44.64
96.1799
-1
2
252
172.8
0.00153324
44.64
-123.179
-1
2
273.6
164.16
0.00098737
44.64
-133.668
-1
2
260.64
164.16
0.00237799
44.64
-142.374
-1
2
191.52
162.72
0.00160841
44.64
112.897
-1
2
243.36
172.8
0.00110157
44.64
133.868
-1
2
233.28
172.8
0.00113081
44.64
110.037
-1
2
195.84
172.8
0.000781311
44.64
130.914
-1
2
180
172.8
0.00104843
44.64
-168.44
-1
2
214.56
164.16
0.00122291
44.64
96.7098
-1
2
257.76
171.36
0.00105179
44.64
95.3978
-1
2
272.16
171.36
0.000778659
44.64
-134.356
-1
2
246.24
162.72
0.00107462
44.64
-142.028
-1
2
204.48
162.72
0.00156898
44.64
-97.8002
-1
2
165.6
158.4
0.000638771
44.64
-148.449
-1
2
187.2
162.72
0.00242593
44.64
89.1757
-1
2
276.48
171.36
0.000743225
44.64
85.1009
-1
2
286.56
172.8
0.00145784
44.64
-95.0424
-1
2
316.8
159.84
0.000645203
44.64
-99.1302
-1
2
309.6
159.84
0.000827385
44.64
-103.416
-1
2
144
154.08
0.00192101
44.64
-98.0632
-1
2
257.76
159.84
0.00186934
44.64
-128.211
-1
2
233.28
154.08
0.00105221
44.64
-90.3114
-1
2
252
154.08
0.00123935
44.64
-92.4366
-1
2
275.04
154.08
0.00135617
44.64
-92.7006
-1
2
325.44
154.08
0.000595704
44.64
-101.206
-1
2
146.88
155.52
0.00132543
44.64
-140.631
-1
2
239.04
159.84
0.000822588
44.64
-90
-1
2
161.28
159.84
0.000990737
44.64
-117.332
-1
2
187.2
155.52
0.00138613
44.64
-108.778
-1
2
201.6
155.52
0.00125278
44.64
-96.4761
-1
2
260.64
155.52
0.00133003
44.64
-94.1771
-1
2
270.72
155.52
0.000906338
44.64
-85.6271
-1
2
288
155.52
0.00143037
44.64
-102.265
-1
2
300.96
155.52
0.00137969
44.64
-100.109
-1
2
309.6
155.52
0.00117313
44.64
-94.6669
-1
2
316.8
155.52
0.000656778
44.64
-55.0806
-1
2
338.4
155.52
0.000686234
44.64
-87.8789
-1
2
162.72
156.96
0.000666333
44.64
-111.564
-1
2
244.8
156.96
0.00248219
44.64
-57.4649
-1
2
331.2
156.96
0.00153669
44.64
-102.68
-1
2
148.32
158.4
0.00184949
44.64
-89.2838
-1
2
321.12
158.4
0.00153083
44.64
-116.017
-1
2
175.68
155.52
0.000259373
44.64
-96.4698
-1
2
155.52
155.52
0.000365928
44.64
-94.8793
-1
2
167.04
154.08
0.000485393
44.64
-103.722
-1
2
169.92
152.64
0.000299584
44.64
106.449
-1
2
148.32
172.8
0.000477523
44.64
103.241
-1
2
155.52
172.8
0.000394912
44.64
111.297
-1
2
167.04
172.8
0.00052363
44.64
119.982
-1
2
172.8
172.8
0.000398574
44.64
171.169
-1
2
339.84
459.36
0.000121748
44.64
59.4208
-1
2
326.88
164.16
0.00015463
44.64
48.0941
-1
2
334.08
164.16
0.000158866
44.64
169.75
-1
2
338.4
456.48
0.000266212
44.64
-126.314
-1
2
217.44
155.52
0.000158872
44.64
112.62
-1
2
169.92
174.24
0.000473915
44.64
-150.068
-1
2
254.88
570.24
7.6225e-05
44.64
118.72
-1
2
201.6
171.36
0.000375405
44.64
169.828
-1
2
334.08
453.6
0.000265129
44.64
102.225
-1
2
162.72
171.36
0.000357285
44.64
169.257
-1
2
328.32
447.84
0.000140153
44.64
-138.417
-1
2
367.2
349.92
0.000202402
44.64
92.9903
-1
3
293.76
174.528
0.000482677
53.568
90.3951
-1
3
286.848
174.528
0.000807181
53.568
88.4089
-1
3
330.048
172.8
0.000724041
53.568
92.0025
-1
3
312.768
172.8
0.000782122
53.568
90
-1
3
290.304
172.8
0.00133514
53.568
95.9061
-1
3
279.936
172.8
0.000995516
53.568
98.6156
-1
3
273.024
172.8
0.000866284
53.568
97.645
-1
3
266.112
172.8
0.000942398
53.568
102.352
-1
3
252.288
172.8
0.00122473
53.568
111.14
-1
3
247.104
172.8
0.00113958
53.568
120.101
-1
3
241.92
172.8
0.00119581
53.568
136.24
-1
3
233.28
172.8
0.00117874
53.568
127.164
-1
3
179.712
172.8
0.000513929
53.568
92.3859
-1
3
300.672
171.072
0.00109267
53.568
100.125
-1
3
257.472
171.072
0.000916201
53.568
136.273
-1
3
186.624
171.072
0.000662776
53.568
91.7357
-1
3
297.216
174.528
0.000834895
53.568
123.879
-1
3
200.448
172.8
0.000300094
53.568
116.878
-1
3
195.264
172.8
0.000436002
53.568
116.565
-1
3
171.072
172.8
0.000334409
53.568
144.689
-1
3
216
171.072
0.000449726
53.568
171.87
-1
3
336.96
456.192
0.000252666
53.568
173.437
-1
3
338.688
459.648
0.000109154
53.568
-41.9872
-1
5
263.762
375.736
7.64289e-05
77.1379
41.4965
-1
5
253.809
405.596
6.46015e-05
77.1379
358
64
63
247
253
254
55
53
125
123
245
222
245
241
127
186
180
95
250
244
99
123
183
62
209
119
221
191
231
185
91
220
116
233
206
44
102
190
210
120
241
124
122
95
52
175
214
117
23
110
185
172
152
13
242
29
156
85
48
242
115
253
123
215
40
251
94
49
219
190
22
67
88
239
70
130
209
180
113
198
179
114
235
212
33
103
7
173
196
51
12
139
162
9
82
8
52
40
114
36
21
186
66
124
193
84
48
72
181
46
214
28
193
110
153
172
16
5
96
28
148
73
144
242
49
185
92
86
32
242
28
51
223
252
48
115
121
126
64
158
211
180
69
215
155
194
235
220
1
111
71
160
196
51
77
138
162
137
82
8
48
105
86
36
85
186
82
122
193
116
240
92
57
46
214
132
193
110
153
172
24
5
240
29
156
73
16
242
51
189
88
86
32
242
37
166
101
136
220
148
135
80
224
86
168
122
205
51
189
65
203
229
35
96
193
97
26
240
76
213
61
47
22
12
49
75
213
36
87
186
90
120
169
116
116
92
56
175
213
80
244
77
153
172
24
1
240
29
156
73
16
242
51
189
88
87
32
250
138
208
12
171
239
185
158
0
60
59
52
75
156
49
36
17
100
219
21
176
192
80
138
120
32
28
185
118
253
97
181
102
213
240
24
96
123
65
168
226
114
159
74
13
209
21
246
73
153
204
24
5
252
13
158
73
26
211
191
188
80
91
34
249
10
210
8
169
239
177
158
0
52
59
41
74
152
20
52
17
20
218
5
208
192
48
2
120
0
20
169
98
212
97
181
226
213
176
210
32
123
96
168
225
98
31
86
13
212
21
246
73
153
206
24
5
246
29
222
89
18
211
51
148
80
91
34
249
3
198
128
8
9
136
4
2
0
34
32
128
16
32
4
10
13
10
32
145
192
36
64
195
64
21
129
66
1
6
129
64
223
48
65
32
25
8
232
104
98
30
56
41
212
84
183
111
153
200
8
5
240
29
88
65
19
211
19
181
16
83
66
75
0
10
128
130
9
72
128
7
32
0
10
68
16
36
104
160
13
10
33
128
192
4
64
193
83
21
128
66
0
130
131
66
157
16
67
32
17
10
168
96
224
28
48
33
212
86
182
109
153
200
136
1
244
13
89
73
19
211
19
180
0
83
64
74
1
4
128
2
9
66
128
7
0
0
10
5
0
37
3
32
13
42
129
144
192
4
80
65
82
0
136
64
128
128
1
66
141
16
67
32
17
0
168
104
96
28
16
131
212
80
182
77
25
136
24
1
244
13
88
65
19
211
55
180
0
83
0
72
4
162
101
128
24
148
135
80
226
86
42
114
205
51
145
65
195
197
35
96
193
97
66
240
76
213
29
47
34
12
17
75
213
36
85
186
80
120
169
116
116
84
56
47
213
20
244
109
153
172
24
1
240
29
156
73
16
242
19
188
88
87
32
250
102
33
225
18
17
6
5
75
198
2
129
48
49
198
180
87
234
48
2
68
3
166
81
7
84
148
164
9
2
152
0
0
66
44
6
154
0
56
1
92
32
64
20
171
68
92
165
78
17
164
16
0
34
24
20
1
24
50
49
185
8
86
32
106
3
128
12
2
203
153
22
0
56
33
47
70
156
53
100
32
4
26
4
240
192
112
2
96
0
20
137
114
232
163
149
67
149
112
64
32
91
66
168
234
212
29
28
9
208
22
246
73
153
200
8
5
244
13
153
73
27
211
51
180
80
83
32
200
130
198
0
130
168
152
2
1
34
113
45
78
144
49
36
33
4
170
4
208
192
32
50
80
80
20
137
106
132
162
129
66
149
48
82
32
91
64
168
226
66
30
24
141
208
84
246
77
153
200
8
5
244
13
154
73
19
211
19
148
80
83
34
89
3
4
0
0
8
128
4
0
32
34
41
64
128
1
32
33
4
42
0
144
192
36
80
195
64
20
133
98
0
6
129
64
223
56
67
32
25
8
40
104
96
8
56
169
212
112
182
111
25
200
8
1
244
9
88
65
19
147
19
180
0
211
64
74
1
4
0
8
0
128
4
2
0
162
33
128
0
0
5
3
12
42
32
145
192
36
80
195
80
21
129
64
0
6
129
64
207
16
65
32
25
8
232
104
96
28
48
169
212
80
183
111
25
200
8
3
240
25
88
65
23
211
19
181
16
115
64
74
65
2
0
0
0
2
38
6
32
32
42
3
0
133
11
35
4
40
129
132
64
128
80
130
64
0
136
64
0
4
1
64
216
16
67
32
17
8
0
32
96
52
48
163
84
80
166
104
25
136
8
1
209
93
24
0
23
67
19
180
0
82
0
106
5
201
139
217
0
216
244
70
24
130
4
140
64
148
205
138
9
72
1
106
134
32
78
147
109
156
2
0
69
7
48
17
212
18
61
202
82
127
73
48
48
190
56
46
86
148
101
226
25
40
62
20
152
29
132
8
144
194
43
189
72
7
35
243
5
199
13
25
32
156
167
112
56
150
44
138
200
53
93
2
0
40
195
106
244
96
82
242
89
52
133
176
104
134
33
19
223
80
65
40
17
40
248
40
126
62
56
167
116
240
119
107
25
136
40
35
209
29
152
12
63
194
27
165
64
211
99
251
5
6
4
1
136
152
166
17
56
185
34
67
136
49
73
1
4
41
129
160
216
64
82
240
65
60
153
242
104
6
161
82
221
16
65
32
57
10
168
32
252
20
58
167
212
115
246
105
185
200
8
7
240
93
89
8
30
195
23
180
2
83
96
74
5
198
4
9
40
144
174
112
32
186
32
137
192
33
13
2
8
8
129
192
192
32
66
208
65
29
129
224
1
6
33
66
223
16
65
32
25
40
168
32
126
62
56
167
244
241
182
107
57
200
8
7
209
93
24
8
23
195
23
181
64
83
98
99
12
2
8
161
42
153
162
1
44
186
2
6
208
52
57
34
0
8
193
192
192
112
66
208
1
0
132
192
64
196
53
194
117
16
67
32
121
74
168
0
232
53
52
36
228
199
178
105
25
200
136
3
210
93
89
24
23
67
19
180
64
19
96
106
5
132
8
8
201
128
166
0
16
96
4
2
128
33
13
0
4
9
129
128
192
32
2
192
80
20
153
96
128
6
1
67
205
16
65
32
17
8
168
40
112
28
24
131
212
17
182
73
25
204
8
5
244
77
88
1
18
195
55
180
0
83
96
72
5
6
0
0
200
132
166
1
32
107
2
66
144
97
32
1
4
41
129
128
208
32
26
192
80
16
9
98
128
132
1
66
79
16
67
32
17
8
40
8
96
20
24
129
212
80
246
73
25
204
8
9
244
93
88
9
22
67
19
180
2
83
104
104
5
2
4
0
8
152
166
64
32
174
34
2
144
33
41
2
0
41
129
227
228
100
74
194
1
52
129
226
0
4
33
67
223
16
65
32
17
8
232
40
100
52
56
39
212
80
119
107
24
168
8
5
242
29
88
0
7
194
19
181
64
211
96
106
4
3
0
24
0
152
166
64
0
170
34
2
128
65
9
3
0
9
161
66
196
36
74
195
65
84
145
228
0
6
33
66
215
18
81
32
17
168
232
32
96
52
48
167
85
80
55
107
24
168
56
1
241
93
24
0
23
194
19
181
64
115
97
98
4
15
128
88
8
152
224
65
40
186
2
6
192
117
73
2
12
9
161
194
198
44
74
211
65
94
147
228
0
6
35
66
223
18
65
32
25
136
234
32
96
52
56
231
85
116
183
107
153
200
8
69
240
93
24
72
23
195
19
181
64
115
225
106
2
0
0
2
136
128
6
0
34
33
45
64
136
97
0
1
4
10
4
144
192
32
3
192
64
21
129
98
160
128
129
64
157
56
66
32
25
0
40
192
100
16
24
129
212
80
182
77
17
200
136
1
244
8
88
9
27
83
19
180
0
83
96
72
0
3
136
16
0
90
4
6
0
162
10
4
16
4
43
34
13
8
33
144
192
52
64
195
1
21
144
64
0
134
131
64
95
16
67
32
25
8
232
64
96
20
48
33
84
84
183
111
25
200
8
5
178
93
88
24
23
67
23
181
0
115
64
74
65
7
0
16
0
2
38
1
0
128
34
3
128
0
3
2
0
9
129
132
72
160
64
194
80
20
145
128
0
6
3
0
66
16
65
32
17
8
64
0
96
52
48
163
68
64
167
106
24
136
8
1
209
93
24
0
7
67
19
181
0
82
64
106
12
2
32
160
2
149
174
65
4
250
66
6
209
4
57
6
0
24
193
202
208
48
80
210
25
0
132
128
0
212
53
194
103
16
195
32
153
106
168
0
104
53
116
36
118
228
3
107
26
200
168
15
211
29
88
16
7
67
19
181
67
123
104
98
5
2
0
0
8
153
166
16
0
170
34
2
144
0
105
3
0
40
129
208
192
48
64
192
1
20
129
224
0
6
33
66
223
16
211
32
25
72
168
32
100
52
52
33
84
85
182
107
24
200
8
5
214
93
88
0
7
131
23
180
0
83
96
74
12
2
0
0
10
145
166
0
0
170
2
2
144
32
41
0
0
24
129
128
192
48
74
192
0
16
129
224
0
196
17
66
95
16
65
32
17
72
40
8
100
53
52
37
84
84
182
107
25
200
8
5
214
29
88
0
7
67
19
181
0
83
96
106
4
11
146
81
8
210
224
198
8
184
2
7
192
212
11
2
108
139
225
194
198
45
78
211
193
90
150
228
0
132
163
66
95
18
67
32
17
138
250
96
224
52
176
102
101
100
51
111
152
232
40
65
242
93
24
73
7
211
83
183
64
115
193
106
3
0
128
0
1
128
4
6
0
2
32
0
0
1
0
1
13
42
33
144
192
36
64
195
64
21
145
96
0
4
129
64
159
16
65
32
25
8
40
0
96
16
56
161
84
81
183
111
16
202
8
0
180
9
88
1
19
3
23
177
0
115
64
74
1
4
128
2
9
64
128
7
0
0
10
4
0
4
3
33
13
42
129
144
192
4
80
195
80
0
128
64
0
130
131
64
13
16
67
32
49
8
40
8
96
20
48
161
68
81
182
105
25
200
8
9
180
9
88
1
23
67
23
180
0
83
72
74
1
6
128
2
1
66
0
7
0
0
10
4
0
37
3
32
13
42
129
144
192
4
80
195
80
0
136
64
0
128
131
64
141
16
65
32
17
8
40
8
96
16
56
161
68
81
182
105
25
200
8
8
180
73
88
128
23
67
23
180
0
83
64
74
5
2
4
0
8
144
166
0
32
162
0
2
128
53
1
2
0
9
129
128
192
100
74
194
64
20
129
224
0
132
1
66
223
16
65
32
17
8
40
40
100
52
56
167
84
80
119
107
25
200
8
1
244
89
88
8
7
195
19
181
64
83
96
106
2
2
0
2
137
128
6
0
34
32
41
2
144
101
32
1
4
10
0
144
192
32
3
192
0
20
129
98
160
164
129
64
29
56
66
32
9
0
32
64
100
0
4
1
196
116
182
77
16
202
136
3
246
8
88
9
11
19
19
148
32
83
96
72
64
7
0
16
0
2
34
1
0
0
2
6
128
4
3
34
0
9
129
132
72
160
80
194
80
16
144
128
0
134
3
0
74
16
67
32
17
8
64
0
0
48
16
162
68
64
167
106
24
8
8
0
147
88
24
0
7
67
19
181
0
114
64
106
5
38
1
16
0
192
164
116
0
170
74
5
64
4
137
2
9
8
129
195
129
32
70
130
9
28
132
128
0
4
33
66
77
16
97
40
29
170
72
0
56
52
48
166
102
33
39
106
25
104
40
71
209
29
24
0
7
67
19
225
0
35
97
98
64
1
138
16
0
66
88
6
2
130
7
132
16
196
11
34
12
10
0
199
14
161
69
131
1
2
130
76
0
132
128
32
122
22
1
168
10
10
194
72
144
160
148
96
178
116
3
110
19
8
42
71
48
25
112
64
19
99
59
177
0
48
195
227
5
6
0
8
136
128
166
33
0
58
64
3
128
37
1
0
12
8
129
128
193
32
66
208
80
28
152
224
0
4
161
66
205
16
65
32
61
136
40
40
104
4
56
167
116
113
182
105
57
202
8
3
213
72
88
0
6
195
23
148
0
83
96
74
3
4
0
2
201
136
2
1
2
64
6
66
160
1
0
5
4
34
4
144
192
34
25
64
80
16
72
2
130
176
129
64
13
184
66
0
41
0
40
8
65
16
0
129
192
80
182
73
17
194
8
8
244
0
88
129
19
19
150
180
2
19
8
72
3
6
0
2
137
128
2
1
34
0
1
66
128
65
0
5
4
42
0
144
192
34
17
64
80
16
0
66
128
180
129
64
141
56
66
0
9
0
40
8
64
16
0
129
192
112
182
73
16
202
8
8
244
0
88
1
51
83
150
180
32
115
72
72
3
2
0
2
137
128
0
0
34
0
1
66
128
65
36
1
4
42
0
144
192
34
17
192
0
16
128
66
128
4
129
64
159
56
2
0
9
8
32
8
96
0
8
129
208
112
182
73
48
194
8
0
116
8
88
1
51
19
150
148
32
243
64
72
64
1
138
82
34
83
88
7
18
130
7
4
16
212
43
34
12
18
0
143
14
180
69
131
17
2
130
72
0
196
148
32
74
18
1
160
27
74
194
64
144
49
20
100
166
196
163
110
155
170
40
71
178
25
88
72
19
99
59
181
73
48
193
234
1
2
128
2
9
0
0
6
32
0
0
0
0
33
34
1
4
42
129
144
192
4
73
193
0
0
8
64
32
4
129
64
157
16
67
32
1
8
0
8
100
0
24
1
64
112
182
73
16
72
8
0
180
72
88
128
63
3
22
180
0
115
64
74
13
41
139
56
0
248
224
102
16
170
70
132
64
128
201
170
2
72
129
74
132
0
76
147
13
8
6
128
65
5
48
82
117
2
117
170
16
238
65
48
178
52
24
6
114
150
3
234
27
40
126
116
208
29
37
0
148
194
43
236
72
2
67
227
64
1
154
88
0
18
88
230
2
130
1
132
80
224
11
42
4
8
0
206
14
173
68
131
1
0
134
76
1
132
128
0
250
22
33
168
0
46
66
72
178
42
176
70
50
248
3
110
27
8
34
83
48
89
112
66
145
99
25
213
80
96
195
227
1
7
0
16
0
128
32
101
0
128
2
5
64
1
1
2
8
8
129
68
8
32
66
131
72
8
132
128
0
4
32
0
64
18
97
40
17
10
0
0
128
32
16
130
96
0
3
74
25
8
40
48
81
88
24
0
7
67
3
161
0
34
65
106
5
4
12
8
0
192
32
69
32
162
4
132
64
37
137
2
8
8
129
64
128
96
70
131
1
0
128
128
64
4
33
64
221
16
1
32
17
136
0
32
48
32
56
32
118
245
99
106
25
104
40
7
145
29
88
8
31
195
27
164
0
67
99
227
4
35
129
80
0
194
96
103
0
160
66
4
64
101
153
2
8
8
195
66
198
41
74
131
89
26
150
196
0
132
33
66
79
18
65
32
21
138
74
8
168
52
144
198
101
224
35
107
59
104
41
83
177
93
24
8
7
67
83
161
64
99
225
98
131
4
0
34
205
136
6
8
2
1
34
67
160
11
68
21
100
35
5
144
192
2
57
64
66
148
73
46
146
0
129
69
0
173
80
16
33
0
36
130
65
128
0
137
64
80
188
129
0
80
16
0
36
0
73
163
50
48
166
48
0
23
20
8
3
0
0
34
205
136
2
8
34
1
0
66
168
43
4
17
68
35
4
144
192
34
9
96
64
144
72
2
178
32
129
68
21
236
24
16
41
0
0
130
69
130
8
137
64
80
244
65
16
82
16
0
36
0
74
171
27
19
150
20
0
83
20
73
3
2
0
2
9
0
0
2
32
0
0
64
0
33
32
1
12
42
128
144
192
68
9
65
0
16
8
64
32
4
129
64
157
144
2
32
41
8
0
8
100
0
12
1
64
80
182
73
48
66
8
0
54
0
88
137
47
3
150
132
0
115
68
74
0
3
0
16
0
128
34
69
0
0
2
4
64
4
1
2
8
8
129
196
72
160
64
130
80
0
132
128
0
132
0
0
72
16
65
32
17
10
0
0
0
32
16
130
96
100
35
74
24
8
40
2
147
88
24
0
7
67
3
176
0
98
65
98
4
2
131
128
0
0
160
199
0
130
0
0
64
129
147
2
72
72
129
96
0
128
78
129
76
137
4
64
0
12
32
64
117
2
124
138
0
164
5
6
32
32
16
130
66
0
0
192
24
44
120
48
17
88
4
8
128
64
1
132
76
70
32
226
13
35
135
8
0
213
165
118
32
148
72
4
80
53
153
2
11
40
195
106
176
112
78
147
24
44
4
128
40
132
49
195
125
66
97
40
16
168
1
8
60
33
24
38
100
160
71
226
26
40
109
116
147
28
0
4
47
194
3
197
193
195
65
98
3
0
0
0
1
128
4
2
0
2
2
0
0
5
1
1
4
42
128
144
192
100
65
195
0
16
0
192
32
4
129
64
31
24
129
32
41
8
0
0
44
0
20
1
4
97
166
75
50
74
137
2
54
8
88
16
47
3
150
145
32
179
68
74
4
1
136
16
0
66
32
38
0
130
2
4
64
4
3
2
8
8
129
128
129
32
64
131
0
0
128
192
0
4
1
64
93
16
129
32
9
8
0
0
32
32
20
32
36
113
35
106
51
104
41
66
145
88
88
16
15
3
15
241
0
162
65
66
5
4
8
0
0
128
34
4
0
2
2
0
128
33
1
2
8
8
129
128
192
96
74
192
64
16
0
128
0
4
1
64
29
16
1
32
49
136
0
8
44
32
24
129
100
113
34
75
51
72
40
2
149
72
88
8
15
3
23
160
0
51
96
66
68
35
147
208
0
194
96
102
0
160
66
4
80
228
155
2
10
8
193
66
198
41
78
147
8
8
134
132
0
132
32
202
127
18
65
168
21
162
67
0
32
32
144
70
100
164
3
234
27
40
233
115
179
88
16
8
7
74
11
193
72
34
193
98
196
34
17
160
208
2
32
207
0
72
162
51
64
130
131
1
98
68
133
68
72
128
164
0
14
136
56
9
146
8
32
24
112
37
84
187
0
118
5
212
129
64
16
18
72
142
72
196
64
37
84
52
1
26
135
9
128
104
1
28
76
6
48
49
196
34
17
160
208
2
36
207
0
0
160
51
64
131
130
1
106
68
141
68
73
128
164
16
14
137
57
9
146
8
32
24
112
37
20
187
0
52
5
212
33
66
24
151
72
140
200
148
64
37
84
48
1
26
135
9
128
104
1
28
76
70
48
48
4
34
129
8
0
128
32
103
0
160
66
0
64
33
137
2
10
8
129
64
128
32
72
131
24
8
4
132
0
132
33
64
77
18
97
32
21
136
1
0
172
32
16
130
100
164
3
202
26
104
41
112
17
24
25
8
7
74
11
224
0
66
97
99
4
6
32
168
8
148
174
1
4
250
34
2
128
0
57
7
0
40
193
192
240
34
80
210
81
52
133
160
0
148
33
194
207
16
67
32
145
8
160
40
104
60
48
173
244
113
150
107
56
200
152
9
211
29
88
16
7
195
19
180
98
211
104
106
2
136
128
10
9
200
0
7
34
32
7
196
48
119
46
145
108
18
0
145
196
37
75
99
65
130
192
74
2
41
129
102
151
164
81
16
67
74
234
98
224
28
40
33
148
22
245
107
145
236
24
5
180
13
153
73
16
115
178
181
16
81
34
75
2
1
128
146
3
64
0
7
38
32
5
4
16
230
38
50
125
18
32
145
192
36
65
67
0
3
192
72
2
168
129
64
151
52
67
160
91
72
234
96
96
25
52
41
148
84
181
111
145
168
152
1
180
9
24
73
17
115
51
181
24
83
32
74
2
5
128
18
1
64
0
7
2
64
1
4
48
198
38
55
109
34
0
147
192
32
81
3
80
3
192
72
0
184
130
64
143
52
67
160
17
8
202
104
96
24
48
161
148
84
165
110
145
170
24
9
180
9
88
65
17
115
19
181
24
83
32
74
3
1
128
22
1
64
0
6
34
0
5
132
8
231
6
51
109
34
0
145
64
160
65
35
64
3
128
72
32
40
128
64
150
52
65
160
11
8
66
96
100
24
56
35
148
80
229
110
17
168
8
5
180
8
24
73
27
115
51
181
24
82
32
74
2
1
128
22
0
64
20
6
34
128
45
4
16
231
2
34
45
2
32
135
74
164
65
131
64
3
128
72
0
128
128
0
210
52
67
160
91
8
194
104
112
24
56
47
148
80
165
110
145
168
24
1
176
25
24
73
19
115
51
181
88
114
0
234
18
155
152
30
39
89
28
6
50
16
45
192
30
114
38
57
109
146
32
145
196
52
97
99
129
3
225
90
51
104
148
96
151
52
80
180
123
72
234
225
114
31
60
45
148
84
245
111
145
174
24
7
242
13
154
73
19
243
50
181
80
81
36
203
3
144
128
134
13
8
132
14
18
16
36
65
34
19
4
17
110
214
5
145
192
0
233
99
98
137
96
10
23
9
1
101
149
36
48
16
98
80
41
244
211
214
8
15
200
20
244
207
145
36
90
4
244
0
159
73
16
114
34
188
80
23
32
249
130
65
0
30
5
2
14
3
2
2
41
2
0
70
38
19
13
2
4
148
64
160
1
66
0
151
241
72
146
34
130
0
130
52
81
160
83
72
192
96
96
74
48
41
212
20
181
78
17
174
24
5
240
25
220
65
16
243
51
181
24
83
32
106
3
131
140
26
32
216
20
6
34
0
47
196
24
117
44
160
13
10
32
178
196
96
64
227
65
23
129
88
32
2
128
1
158
48
65
160
91
72
200
104
116
28
56
39
212
20
247
110
153
168
8
5
240
29
152
73
27
243
51
181
80
83
32
202
0
139
136
26
34
217
4
6
2
128
47
132
16
116
45
170
13
154
32
131
196
52
64
195
1
23
129
72
1
2
144
64
222
48
81
160
91
72
200
96
112
29
56
39
212
20
247
110
153
168
8
5
240
29
152
73
19
243
51
181
80
83
0
234
65
13
146
20
0
66
32
135
0
136
2
133
0
197
11
162
45
10
160
135
76
173
69
131
209
11
128
192
0
4
130
0
234
18
97
160
17
10
194
104
224
60
56
162
228
114
131
110
153
168
40
67
240
29
24
65
7
243
19
177
24
114
1
106
209
11
155
85
32
82
120
230
8
130
75
132
82
229
75
170
13
201
57
111
14
173
230
147
15
75
178
204
65
6
50
24
114
23
121
203
64
110
194
66
176
104
185
126
175
142
67
190
155
137
118
215
65
95
149
72
193
235
49
221
68
52
1
178
11
136
136
62
11
201
16
6
42
32
7
196
156
102
110
179
109
50
32
209
196
53
75
107
1
83
240
110
2
35
151
102
151
180
81
32
67
202
232
98
224
29
108
41
213
86
247
107
153
234
24
5
246
13
217
73
27
243
179
181
144
83
32
206
2
3
128
150
0
64
4
7
34
0
9
4
16
198
38
35
45
2
32
148
64
164
81
131
192
1
128
72
0
160
128
0
134
48
83
160
9
72
66
64
32
24
48
43
148
84
165
110
17
170
8
7
176
8
24
73
19
115
19
181
24
114
0
74
3
5
128
30
1
64
0
7
2
0
9
4
16
230
15
50
109
2
0
150
64
32
65
131
208
1
192
72
0
32
128
0
142
48
65
160
25
8
202
104
32
28
56
171
148
16
165
110
145
170
8
7
176
9
24
65
3
115
19
177
24
115
32
74
35
7
148
30
35
68
29
7
34
68
13
132
30
255
38
63
45
34
32
151
112
116
81
227
144
34
192
88
32
176
196
1
142
56
67
164
153
72
202
104
100
25
60
161
180
80
229
110
145
170
8
15
242
24
88
65
59
243
83
181
58
243
74
74
18
129
136
30
7
72
28
6
114
0
29
196
62
39
38
26
109
2
32
145
196
100
65
99
129
23
240
90
35
168
134
96
151
60
65
180
90
72
234
96
112
157
44
41
148
84
245
111
145
174
8
7
180
9
88
73
26
115
50
177
56
81
96
202
34
136
136
130
15
73
16
15
54
0
22
68
57
62
46
245
125
178
0
144
196
50
209
103
49
128
192
10
18
248
149
96
157
44
67
180
106
74
234
96
224
221
68
41
148
84
181
111
145
174
152
4
182
1
216
89
16
114
54
61
16
89
32
74
2
7
0
18
1
66
14
3
2
2
9
6
0
70
6
49
13
2
0
148
64
160
1
66
64
20
241
72
128
34
130
0
198
52
81
160
25
8
72
96
96
8
16
169
212
84
181
110
16
174
24
5
176
24
88
65
16
51
19
181
24
83
32
106
2
1
8
22
1
64
24
6
2
2
47
4
16
101
0
48
13
2
0
148
64
32
64
66
80
21
129
72
0
162
130
0
150
52
65
160
11
8
200
72
96
24
56
169
212
80
181
110
145
172
24
1
240
25
24
73
17
115
51
181
0
19
32
234
0
3
136
16
32
208
4
7
2
130
45
132
16
84
33
34
13
10
32
131
196
36
64
195
65
23
129
64
0
2
128
64
222
16
65
160
81
72
200
96
112
28
56
39
212
84
183
110
153
168
24
5
240
29
152
73
19
243
51
181
80
115
64
234
0
13
138
24
0
83
128
135
0
130
11
132
16
164
41
162
13
10
32
135
68
180
68
131
17
7
128
64
0
134
130
80
250
16
65
160
25
74
194
104
112
60
56
36
148
22
195
110
153
168
8
5
176
29
88
72
19
227
19
181
24
114
64
234
0
9
140
154
2
91
128
7
34
128
14
4
24
116
41
34
13
26
32
146
196
116
64
195
17
2
128
64
32
130
144
64
159
48
67
32
91
72
200
104
112
29
60
39
212
84
247
110
153
168
8
5
242
13
88
73
27
243
51
181
16
115
64
202
1
131
132
18
8
66
0
6
34
0
4
68
10
117
4
32
13
42
160
163
192
100
65
195
64
3
128
66
40
128
129
64
159
16
67
32
25
8
234
104
100
28
56
33
212
80
247
111
153
168
8
1
244
9
88
73
31
211
19
181
16
115
64
74
1
132
128
10
9
74
132
7
34
0
4
197
0
119
4
0
77
2
160
145
196
36
81
99
80
3
128
66
40
0
129
66
159
16
65
32
49
8
234
104
100
28
40
161
212
80
245
111
145
232
9
9
244
9
88
73
63
211
22
181
16
115
4
74
1
7
128
18
9
66
0
7
2
64
0
69
0
119
2
32
13
10
160
131
192
36
81
67
80
3
128
66
0
128
129
64
143
16
65
32
49
8
106
104
96
28
48
163
212
80
183
111
25
232
8
9
244
9
88
65
19
83
23
181
16
115
0
74
65
7
146
20
0
70
32
135
0
200
2
5
0
197
11
34
45
10
161
134
92
173
85
131
209
11
148
192
0
132
130
16
234
18
65
160
145
8
194
104
96
60
48
162
228
112
131
110
153
168
40
75
240
29
24
65
7
243
83
177
10
98
65
106
196
75
139
221
96
83
88
230
10
131
43
158
82
228
235
234
9
93
56
111
14
189
230
3
15
199
178
108
1
46
54
24
114
23
125
203
64
127
214
82
178
40
185
126
191
142
73
190
87
137
118
247
9
123
183
46
209
76
41
95
77
36
19
179
2
1
128
18
3
0
4
6
2
2
1
0
16
66
35
19
77
2
32
144
192
48
65
67
128
1
192
72
0
168
128
64
135
28
67
164
25
8
66
64
32
25
52
41
148
84
181
78
17
170
8
7
182
9
88
65
19
115
18
181
48
113
64
74
2
3
128
2
1
8
4
7
2
0
5
64
32
115
6
16
108
130
0
145
192
32
65
67
0
3
192
72
2
168
129
64
151
36
64
128
106
8
34
64
96
18
32
33
148
84
181
79
145
166
9
0
52
0
218
73
19
115
18
53
16
81
32
74
0
3
128
18
0
64
4
7
2
2
9
4
16
198
35
3
13
2
0
150
66
164
65
131
0
0
128
72
0
0
128
0
202
16
67
160
9
8
66
64
32
40
48
33
180
84
167
110
16
170
8
7
178
24
88
73
3
99
19
149
8
114
64
74
4
3
128
16
0
128
4
7
0
2
1
0
0
4
3
2
12
10
0
132
2
32
66
131
80
0
128
192
0
164
128
0
14
16
1
160
9
8
2
8
36
32
16
161
36
112
135
78
18
170
40
66
50
8
120
16
7
3
18
145
32
115
97
66
3
4
0
2
141
128
4
8
2
2
161
2
160
1
0
17
100
34
4
144
192
2
1
64
70
128
96
8
146
40
129
64
0
172
16
24
32
0
0
194
0
66
12
137
64
80
128
13
16
70
16
4
36
0
72
33
8
51
146
176
0
82
32
73
2
5
0
6
1
2
14
3
2
2
1
2
0
70
2
17
12
2
0
144
64
32
81
66
64
20
241
72
128
40
129
64
6
48
17
160
9
8
0
64
32
8
48
169
212
84
181
78
16
174
24
1
176
8
88
65
18
51
18
177
0
83
32
106
6
7
128
24
0
144
12
7
2
194
1
4
16
68
33
3
13
42
0
134
2
36
82
195
80
16
128
64
0
164
128
0
134
16
67
160
25
8
74
72
32
40
48
161
180
84
167
110
17
168
8
7
178
25
88
64
19
99
19
181
8
115
104
106
1
7
128
18
9
2
4
7
2
0
2
0
0
119
2
0
13
42
160
144
192
36
81
67
80
1
128
64
0
128
129
64
143
16
65
32
49
8
106
72
96
16
32
161
196
64
183
111
17
232
8
9
180
8
88
1
23
83
22
181
0
115
64
74
64
3
146
144
0
67
32
7
4
130
3
4
16
196
59
34
13
10
193
198
74
165
68
131
0
0
150
192
0
132
130
128
74
18
67
160
17
8
66
64
36
32
52
34
100
100
167
110
24
136
168
83
178
25
24
80
7
99
19
177
0
98
65
98
64
7
146
144
0
70
32
199
0
194
3
4
16
196
27
34
13
10
225
198
90
173
84
131
80
0
150
196
0
132
130
16
106
18
67
160
17
8
66
72
32
32
48
162
101
112
131
110
24
136
40
91
178
88
24
64
7
99
83
177
0
98
73
98
65
1
146
20
0
66
96
230
0
132
67
4
66
196
3
34
45
8
129
199
14
173
68
131
136
42
150
200
0
4
130
17
122
18
97
168
17
8
66
72
16
48
145
34
237
32
131
110
25
8
41
215
240
88
16
64
35
115
19
241
0
50
193
234
0
3
128
18
0
0
4
6
2
130
3
0
0
198
3
3
12
2
0
150
2
164
65
131
128
0
128
72
0
32
128
0
26
16
65
160
9
8
66
64
32
32
48
33
164
116
167
110
16
170
8
67
48
24
88
73
3
35
19
181
40
114
64
74
64
1
130
24
0
2
8
230
2
130
3
4
80
196
11
2
12
8
0
70
10
169
68
131
10
0
134
72
0
132
8
0
112
22
33
139
0
38
6
74
128
32
144
66
46
140
1
142
83
8
96
214
1
88
48
2
129
73
9
81
68
32
67
225
2
3
128
18
0
0
4
7
2
2
1
0
16
198
35
3
12
2
0
148
66
164
65
131
128
0
192
72
0
160
128
0
14
16
67
160
9
8
2
64
32
0
52
33
52
84
135
78
16
170
8
7
50
8
88
201
3
35
19
177
0
114
64
74
3
68
0
34
137
128
6
8
34
2
1
34
160
11
132
17
98
38
4
80
2
34
129
96
68
144
105
9
146
40
9
1
16
164
28
154
0
0
1
198
135
194
8
9
0
88
192
20
0
36
16
4
40
0
231
41
24
48
48
20
8
70
34
33
6
1
136
24
0
144
0
6
2
130
1
132
16
160
37
2
12
10
0
134
2
116
66
195
0
16
128
64
0
164
128
0
150
16
65
160
9
8
66
64
32
40
60
1
52
84
163
110
19
168
8
71
178
25
88
8
3
99
19
177
8
115
96
99
1
7
128
18
1
2
0
6
2
0
2
4
16
96
3
2
12
10
128
128
192
36
65
195
16
0
144
64
0
128
128
64
15
18
65
32
49
8
66
72
32
32
16
129
68
96
167
78
49
104
9
4
182
8
88
1
7
67
23
177
0
51
65
74
72
3
146
16
0
67
32
230
0
130
3
4
80
192
51
2
12
24
193
198
10
181
68
131
8
0
150
196
0
196
180
0
90
18
65
168
17
104
66
64
36
33
20
2
101
228
3
238
26
8
40
87
50
88
16
64
3
35
19
145
1
34
65
98
131
82
0
34
221
128
14
8
2
3
41
98
160
11
0
17
98
71
4
84
2
34
137
104
4
148
105
15
146
40
1
16
18
164
28
155
0
40
5
198
1
66
8
9
192
72
148
21
0
53
16
0
40
0
174
171
0
48
48
20
12
86
48
32
67
16
0
34
223
130
6
8
34
35
169
98
160
14
36
17
102
55
20
144
192
39
9
104
4
212
105
15
146
41
129
103
19
165
28
27
34
200
37
214
1
194
76
73
193
92
164
1
64
102
16
4
45
32
108
163
24
50
182
24
136
22
48
12
3
3
0
2
1
152
0
2
2
0
1
64
0
16
4
0
4
10
0
144
128
36
65
195
0
16
192
64
0
164
129
64
143
24
64
0
9
8
10
8
160
16
48
129
176
112
179
79
16
202
137
10
52
9
88
0
35
67
22
181
32
115
68
75
2
5
128
2
1
0
0
7
2
2
1
4
32
2
35
17
76
2
0
144
193
32
81
67
144
0
192
72
2
56
129
64
143
28
194
132
41
8
2
64
0
10
4
136
144
84
129
78
16
106
8
15
54
0
88
65
19
51
22
177
48
113
106
75
0
1
128
18
0
2
0
6
2
2
3
0
16
194
3
2
12
2
0
148
2
164
65
131
128
0
144
72
0
160
128
0
30
24
67
160
9
8
2
64
32
32
20
0
36
116
131
78
16
170
8
67
50
8
88
136
11
35
19
177
32
48
192
74
3
2
0
2
13
0
8
2
2
2
1
64
32
0
32
17
100
2
0
144
192
0
1
67
6
128
96
72
146
40
129
64
5
164
24
16
32
0
2
64
64
64
0
9
128
84
128
77
16
46
24
4
36
0
88
65
18
51
18
20
0
81
32
73
2
3
0
2
5
2
12
3
2
2
1
2
0
0
0
17
12
2
0
144
192
32
1
66
64
16
240
72
0
40
129
64
6
56
0
160
40
8
2
64
32
0
0
137
128
80
132
79
16
170
24
3
34
8
88
1
3
51
18
21
0
83
96
66
51
148
0
2
15
136
0
11
2
64
21
96
168
10
4
21
100
34
4
145
193
38
145
71
148
144
97
75
18
56
193
96
134
172
64
148
234
8
10
72
193
218
12
201
144
80
180
79
145
230
24
12
36
1
122
1
18
51
182
177
16
81
40
75
3
150
16
6
15
136
136
2
2
0
3
100
176
66
36
17
100
178
4
145
193
38
1
67
128
18
224
75
2
40
129
96
150
188
72
148
106
8
138
64
193
28
12
73
144
84
176
79
144
238
24
5
182
1
88
65
18
19
150
53
48
113
32
75
3
20
16
2
141
136
0
8
2
1
3
96
160
10
68
17
102
2
4
208
130
34
129
64
4
144
97
11
18
40
129
0
0
164
92
154
0
10
3
134
129
192
0
137
128
16
188
5
0
52
16
0
40
0
103
33
16
50
48
32
0
23
32
8
0
3
128
18
0
2
4
7
2
130
1
0
16
194
3
2
12
2
0
150
2
160
65
131
128
0
192
72
0
160
128
0
14
24
65
160
9
8
2
64
32
32
52
0
36
116
131
78
18
170
40
67
50
8
88
128
7
35
23
145
32
112
193
66
142
128
139
137
198
209
138
212
24
155
0
206
144
4
59
1
9
93
0
5
72
21
78
72
37
208
24
34
148
66
55
19
85
16
219
73
82
105
172
32
112
12
100
60
151
20
112
49
29
152
24
5
147
221
156
122
16
192
48
61
69
91
96
242
5
174
101
1
216
251
167
112
184
61
138
119
200
117
232
225
195
229
11
98
213
33
26
242
71
126
29
39
220
14
51
67
223
38
85
186
82
114
237
116
116
84
24
47
85
118
245
99
153
172
24
4
240
29
157
73
16
242
51
189
88
87
32
248
61
55
125
184
23
189
37
123
245
94
254
49
125
127
188
85
251
212
99
96
241
34
209
119
92
189
165
137
90
92
113
233
214
44
85
190
82
120
233
116
120
92
56
47
212
53
245
79
153
172
24
5
240
29
156
73
16
242
51
189
88
87
32
250
61
247
245
124
55
37
125
122
245
220
249
241
127
251
180
79
251
244
99
123
183
110
209
119
93
191
247
185
122
220
116
233
206
44
102
190
210
56
241
125
124
94
187
175
214
113
247
111
185
172
24
13
240
28
156
69
56
242
115
255
123
215
40
250
63
253
255
126
55
37
125
123
245
204
245
177
127
234
180
95
242
244
103
123
55
62
209
119
213
191
231
185
83
220
116
233
202
46
38
190
210
124
241
125
122
223
181
239
222
117
183
110
185
174
24
13
242
28
156
69
48
242
115
255
123
215
169
251
61
245
253
124
55
37
125
123
245
220
253
249
127
250
180
79
242
244
103
123
183
62
209
119
93
191
231
153
123
220
124
233
206
46
38
190
210
120
241
125
122
223
189
175
214
113
183
111
185
174
24
13
242
28
156
69
56
242
115
255
123
215
171
251
62
245
125
186
55
53
61
123
231
78
241
176
125
106
180
87
242
244
99
114
241
118
209
119
220
191
229
137
82
220
124
233
198
44
86
190
210
120
225
116
120
95
60
175
212
21
245
78
153
172
24
13
242
29
156
89
16
242
51
189
90
87
40
251
37
162
109
128
24
156
135
64
226
70
33
114
205
51
148
65
194
197
35
96
193
96
66
112
76
145
141
47
34
8
17
75
213
36
85
154
82
120
169
116
116
92
56
47
213
16
244
109
153
172
24
5
240
29
156
73
16
242
51
188
88
87
32
250
14
130
0
56
1
176
170
4
0
170
33
136
144
0
37
3
4
8
128
210
192
48
66
202
0
1
129
224
0
36
165
66
207
144
192
32
57
136
32
33
42
42
52
9
242
85
147
75
58
202
56
7
118
25
120
16
7
131
151
149
48
115
96
99
130
18
0
163
205
136
134
136
14
41
10
71
160
4
64
49
102
3
5
144
200
7
139
72
2
212
121
46
146
2
131
86
21
165
89
17
49
130
45
130
65
84
2
8
69
12
60
145
128
80
24
0
181
162
140
227
2
48
166
48
0
23
16
12
61
181
101
52
55
165
117
123
245
220
244
241
125
123
180
71
242
252
99
99
245
110
209
247
92
191
165
185
122
92
117
233
206
108
84
190
214
120
241
124
124
95
62
175
212
113
247
111
185
172
24
13
240
29
156
69
56
242
115
189
90
215
44
250
29
35
213
244
48
114
41
126
112
158
194
53
69
247
153
66
234
204
1
111
101
32
196
179
77
138
160
137
80
12
48
105
214
36
85
186
82
122
193
116
112
92
56
46
212
132
225
110
153
172
24
5
240
29
156
73
16
242
51
189
88
86
32
250
61
247
125
244
55
61
125
120
245
220
255
241
109
127
220
71
171
252
231
107
247
106
192
246
109
191
131
179
126
78
117
233
223
102
245
186
215
120
249
117
124
253
187
39
246
49
247
111
187
190
57
71
240
29
159
76
60
242
119
255
123
215
165
250
4
34
131
128
16
66
33
238
0
8
194
21
65
128
155
226
106
76
129
68
64
128
172
128
14
136
8
129
128
8
48
93
112
33
116
186
20
118
5
148
129
64
20
2
72
6
64
196
8
36
127
148
19
26
5
8
128
40
1
40
76
6
32
177
4
34
5
0
0
224
164
117
0
186
202
5
64
5
129
34
11
8
195
72
208
32
78
144
72
28
4
128
0
134
33
194
93
16
97
40
21
168
8
0
124
32
16
166
102
225
38
106
58
104
41
115
209
28
24
8
6
67
7
192
64
3
97
98
131
84
0
6
157
128
0
8
98
1
129
98
168
11
4
17
102
38
4
209
2
34
129
100
4
144
97
11
146
42
193
49
18
44
28
158
66
40
1
199
1
194
8
137
192
80
152
21
0
54
16
4
104
128
132
97
16
50
48
28
24
87
36
9
4
42
131
40
0
104
160
119
64
186
194
149
64
129
137
170
74
76
131
104
128
0
76
147
13
8
0
128
65
4
32
74
245
2
117
170
16
182
1
36
178
52
24
6
90
150
66
226
25
40
110
16
208
29
37
8
132
224
11
236
72
70
99
243
1
132
0
8
8
128
4
2
0
34
32
128
0
1
4
1
12
42
33
208
192
4
64
195
64
21
129
194
0
4
129
66
205
16
65
32
25
8
40
104
96
26
56
161
212
81
182
107
25
200
8
5
244
13
88
1
23
131
23
180
16
115
64
74
5
6
0
0
0
2
38
6
0
32
42
3
0
33
11
34
0
40
129
128
64
128
64
128
64
1
136
128
128
4
1
64
189
16
65
32
17
0
0
40
100
52
24
131
68
112
166
72
25
232
8
5
213
77
88
128
6
67
23
180
0
82
64
72
5
135
0
80
8
152
166
64
32
50
34
66
192
113
9
1
4
41
161
194
198
44
74
210
64
22
3
226
0
4
1
66
223
18
65
32
17
136
122
40
100
52
184
103
84
112
183
107
24
200
8
68
246
93
88
8
7
195
19
167
64
115
225
106
12
34
133
160
0
241
32
119
0
186
66
4
80
52
185
194
10
88
195
104
128
80
76
153
13
24
4
128
64
196
49
194
85
0
85
168
17
250
1
0
172
53
92
38
102
132
66
234
26
40
60
52
147
29
141
28
134
66
11
228
73
11
97
242
1
6
128
0
0
66
32
7
0
34
10
4
0
4
11
34
13
8
129
128
192
0
81
195
80
0
136
128
0
132
3
64
13
16
65
32
25
8
40
8
32
52
48
161
68
113
54
105
24
232
8
0
149
77
88
0
7
67
23
180
0
115
64
74
4
34
5
1
0
144
162
97
0
186
66
5
192
53
137
34
0
8
193
0
208
32
66
208
88
28
132
128
0
134
33
66
77
16
65
32
29
136
40
40
124
52
48
166
100
225
54
105
59
200
41
35
209
93
88
8
6
195
23
164
64
83
96
66
4
7
0
80
8
128
166
97
0
170
66
2
192
101
9
0
0
9
129
194
198
44
74
194
80
22
2
224
0
132
33
66
207
18
65
32
17
136
106
40
108
52
176
227
116
113
55
107
27
200
40
96
213
93
88
8
7
195
87
161
0
115
225
106
3
4
0
2
137
128
6
0
32
33
32
66
128
1
0
1
4
42
4
144
192
34
27
64
80
16
193
98
128
36
129
64
141
184
66
32
41
8
40
138
96
16
0
129
208
113
182
73
48
202
8
8
244
0
88
1
63
19
150
180
32
115
96
72
4
3
0
56
0
144
160
68
0
162
2
4
64
21
137
2
8
8
129
66
192
32
72
210
1
24
0
128
0
4
33
66
223
18
65
32
17
138
72
0
168
52
24
38
116
225
35
107
25
104
40
96
145
29
88
8
7
195
27
165
64
99
97
98
4
3
131
0
0
192
32
103
0
128
2
4
64
129
145
2
8
8
129
64
2
0
76
129
72
8
4
128
0
132
32
16
96
2
97
136
0
42
1
0
128
32
16
134
66
32
2
162
25
8
96
48
17
24
0
0
1
64
3
160
64
2
65
98
4
3
131
0
0
192
160
103
0
130
2
4
64
129
145
2
72
72
129
64
130
0
76
131
8
9
4
128
0
4
32
64
116
2
109
138
0
164
1
6
160
32
48
134
74
0
2
226
25
40
112
48
80
24
4
8
128
64
3
160
72
70
1
226
4
34
1
40
0
128
32
101
0
162
66
4
64
37
137
2
10
8
129
64
192
32
72
210
24
24
4
128
0
132
33
66
93
18
65
32
17
138
0
0
44
48
16
162
100
225
35
107
59
104
41
98
145
29
88
8
7
67
11
161
0
99
97
66
4
38
231
128
24
70
161
231
0
204
66
21
81
165
155
228
106
76
193
96
80
128
236
128
30
136
12
1
128
136
50
79
101
33
53
250
20
246
5
148
145
0
24
150
72
134
72
192
9
36
127
144
16
26
132
8
128
96
41
8
78
6
32
240
4
34
131
32
0
192
160
103
0
128
66
5
64
133
153
162
11
72
131
64
129
0
76
147
72
8
4
132
0
132
32
194
101
2
97
168
17
162
5
4
136
32
16
134
70
160
3
226
24
40
109
16
17
28
0
8
134
64
3
192
72
6
97
98
68
35
131
240
64
66
34
103
0
168
66
21
64
197
147
2
10
72
129
70
195
41
78
147
12
8
6
132
0
132
32
204
119
3
101
187
17
162
71
4
129
32
144
66
74
140
3
194
24
36
108
80
17
88
4
8
133
104
3
129
72
38
33
96
131
49
65
38
213
32
14
88
226
1
169
50
168
7
128
81
98
84
5
100
72
128
161
36
4
156
169
9
146
8
32
24
112
37
20
218
0
112
1
212
5
192
24
27
64
12
204
20
0
37
80
4
72
154
134
41
152
48
33
28
12
6
32
48
68
34
131
128
0
66
32
230
0
8
66
21
64
135
147
162
74
72
129
68
65
129
108
130
14
136
12
129
128
12
32
72
116
35
53
186
16
50
5
132
129
32
16
2
72
128
0
200
24
36
126
16
17
26
4
8
128
104
1
144
76
6
32
240
2
3
128
16
0
128
0
6
2
2
1
0
0
0
0
18
12
42
0
148
2
36
64
195
208
16
192
72
0
164
128
0
14
24
195
132
8
8
2
72
36
32
20
193
32
80
165
78
18
170
8
66
34
8
120
16
15
3
22
177
32
243
200
74
51
213
0
2
133
128
4
8
6
3
177
96
168
11
4
21
100
54
4
209
130
34
129
101
36
144
97
41
18
56
193
32
150
172
152
158
66
8
3
194
1
194
40
201
144
80
180
7
0
150
16
0
40
128
236
33
24
50
50
144
16
87
36
11
3
19
16
2
5
0
0
10
2
0
1
96
32
66
4
17
108
34
0
144
194
34
65
67
192
144
192
73
2
40
129
64
142
60
192
134
40
8
2
64
32
10
0
193
144
80
177
78
16
174
8
2
52
0
120
65
1
19
22
17
48
113
228
75
3
20
16
2
13
8
0
10
2
0
1
96
32
66
36
17
100
34
4
144
193
34
17
71
132
144
96
75
18
40
193
96
135
172
2
22
42
8
34
66
1
128
4
201
128
80
180
79
208
230
16
0
36
0
120
1
24
51
150
49
16
81
164
75
3
20
128
18
13
0
0
15
2
34
1
32
32
66
38
17
108
34
0
144
131
32
89
75
128
128
224
75
2
40
129
70
143
188
195
4
41
136
34
66
32
0
36
201
144
80
181
75
16
234
8
2
52
0
120
65
19
51
150
181
48
113
228
74
131
1
0
6
13
2
12
2
2
2
1
66
0
68
6
17
12
2
4
144
64
32
1
66
64
22
241
72
146
40
129
64
6
52
16
128
32
8
2
64
96
8
0
137
148
80
181
79
16
174
24
1
32
0
88
67
19
51
18
53
16
81
32
74
2
5
144
26
1
64
4
7
2
0
9
4
0
199
3
18
109
2
0
144
2
36
65
3
192
0
192
72
0
40
128
64
142
60
65
164
9
8
66
64
32
24
48
161
148
80
165
110
144
170
8
3
180
8
88
65
3
51
18
177
56
112
192
74
3
1
144
6
9
8
4
6
2
0
5
64
32
67
6
17
108
2
0
145
130
32
65
67
128
131
192
74
2
40
129
96
151
60
64
134
10
8
162
66
32
154
40
97
148
80
181
79
145
166
8
0
52
0
88
65
25
51
18
49
16
113
160
74
2
0
128
18
9
0
4
6
2
32
9
0
32
70
34
19
109
34
0
144
131
32
89
75
128
1
192
74
2
41
129
70
143
188
67
36
9
136
106
66
32
24
32
105
148
84
181
107
144
234
8
3
180
8
88
65
19
51
146
181
16
115
224
74
1
3
144
18
1
66
0
6
2
128
3
68
0
86
2
34
77
34
160
147
192
36
65
195
192
3
192
72
0
128
128
64
143
16
67
36
25
8
234
72
96
16
48
163
180
112
183
111
145
234
8
67
180
9
88
65
23
83
22
181
48
115
192
74
2
5
0
16
1
128
4
3
34
0
41
0
16
96
36
49
4
10
32
148
66
36
80
67
80
23
129
72
0
166
128
0
134
48
67
160
9
8
202
64
96
24
48
161
148
84
183
110
17
170
8
5
176
9
88
73
19
83
18
181
16
115
96
74
18
129
136
30
39
82
28
7
2
2
29
132
56
134
38
58
29
2
32
145
65
118
65
3
128
1
240
88
3
184
134
96
159
60
193
164
90
8
202
97
96
24
53
41
148
84
181
110
147
170
8
7
176
9
88
89
18
115
54
49
56
113
96
74
0
15
130
26
0
66
0
7
34
130
3
132
16
229
43
162
13
10
32
134
70
164
85
131
81
3
128
64
0
4
128
0
254
16
65
160
17
10
194
96
224
60
56
32
148
86
163
110
153
168
8
5
176
29
88
73
19
115
19
181
16
114
64
74
2
1
144
26
1
64
4
7
34
0
9
4
16
198
39
51
109
2
0
146
2
160
81
3
192
3
224
72
0
40
128
64
142
52
67
164
9
8
194
64
32
24
48
33
148
84
165
110
145
170
8
7
180
9
88
73
19
115
19
181
24
112
96
74
3
0
144
30
9
64
0
6
34
32
13
132
44
103
6
50
109
2
0
145
194
34
65
35
192
3
192
90
34
40
129
96
151
60
1
36
11
8
106
98
100
24
44
33
148
84
229
111
145
234
8
5
180
8
88
73
27
51
50
177
24
113
32
74
2
0
128
18
9
64
0
7
2
32
5
4
32
70
6
51
109
2
0
145
131
32
75
75
192
3
192
74
2
169
129
102
151
188
67
32
11
136
234
66
96
24
32
41
148
84
181
107
145
234
8
1
180
9
88
73
19
115
179
181
24
115
32
78
5
7
101
221
16
164
165
116
8
220
66
17
193
125
153
0
139
76
193
98
214
40
202
243
73
63
6
36
24
8
49
79
215
2
117
186
20
184
251
36
53
52
184
167
101
160
125
107
24
172
57
97
240
29
156
8
1
226
19
163
72
71
33
242
4
130
4
9
32
176
166
113
8
154
98
129
192
17
9
3
0
8
193
200
208
32
66
208
65
28
129
160
4
6
33
82
223
16
65
32
29
136
168
32
124
60
58
167
116
225
182
107
56
200
40
35
209
93
88
8
7
195
23
164
64
83
96
74
12
2
13
0
2
185
160
116
0
186
66
4
80
52
185
66
8
88
195
104
128
112
72
216
9
24
132
128
64
196
53
194
93
16
193
40
17
234
136
0
184
53
124
38
102
165
34
107
27
104
40
7
211
29
25
24
6
67
19
228
65
27
96
226
5
6
8
32
136
152
166
1
0
42
2
2
128
1
9
1
0
9
129
192
192
32
24
192
64
20
1
224
0
6
33
66
207
16
65
32
49
136
40
32
104
52
56
161
84
81
182
75
57
200
8
4
213
77
72
0
23
195
23
180
0
83
96
74
129
0
0
0
141
0
0
220
0
42
130
5
32
0
73
161
64
20
133
16
64
130
172
8
0
136
8
0
144
0
41
88
120
34
92
48
48
98
5
128
194
68
18
10
64
7
0
192
8
44
86
4
0
30
133
0
144
32
39
60
4
6
34
49
4
7
0
80
8
152
162
65
0
170
34
66
192
64
9
0
0
9
129
194
198
44
90
210
81
18
3
226
0
4
33
66
79
18
65
32
17
136
234
0
224
52
48
231
68
68
55
107
24
200
8
68
213
93
88
0
7
67
19
165
64
115
225
106
4
2
4
1
0
184
166
112
40
152
98
3
192
17
73
3
0
72
193
128
192
32
66
208
65
28
133
160
40
6
33
82
223
16
193
32
29
136
168
32
236
52
58
39
116
117
182
105
56
200
41
35
211
93
89
8
6
195
23
164
64
83
100
74
3
145
0
6
5
128
8
10
66
0
1
96
32
3
4
17
100
34
4
145
193
34
1
71
196
146
97
73
18
40
193
96
150
44
90
150
106
8
10
65
97
74
32
73
144
80
180
79
144
182
16
0
32
0
120
65
16
51
22
53
48
81
164
75
3
4
128
30
9
64
0
7
2
32
13
132
32
71
6
50
109
2
0
147
194
32
73
75
64
2
192
74
2
41
129
102
135
180
65
32
3
136
234
98
96
24
44
161
148
84
165
107
145
234
24
5
180
9
88
73
25
51
178
177
24
115
32
74
2
9
154
150
35
82
24
7
6
130
7
4
18
246
59
178
29
130
96
151
6
180
85
131
145
2
224
72
0
168
132
32
170
28
67
164
219
74
194
64
240
29
52
40
180
84
129
110
153
170
136
3
176
25
88
89
19
115
51
181
56
112
72
74
98
15
154
150
34
87
24
7
34
194
3
132
18
246
43
190
29
178
32
151
86
180
85
131
145
2
224
72
0
184
148
32
162
24
67
164
217
74
194
104
224
29
52
172
180
86
129
110
153
170
8
15
178
25
217
81
19
115
83
181
122
112
72
106
130
135
0
14
1
2
12
3
2
0
41
66
0
68
38
49
36
2
0
144
64
32
65
66
64
6
241
72
146
40
131
64
134
52
81
160
82
8
74
224
98
10
48
41
148
84
181
78
17
174
24
5
176
24
216
73
19
115
50
53
16
83
32
72
1
131
144
26
1
64
128
6
2
128
5
196
16
118
7
34
109
2
160
147
196
36
65
195
192
3
192
72
0
128
128
64
159
16
65
32
17
8
234
104
96
28
48
35
180
80
183
111
153
234
8
3
244
9
88
65
19
243
23
181
16
115
64
74
4
2
4
32
136
144
38
0
32
50
0
2
200
49
0
1
4
41
129
144
192
96
26
192
64
16
8
208
40
4
1
64
157
208
194
32
57
136
32
32
108
18
10
129
84
225
214
73
48
74
136
10
151
73
90
24
47
67
151
132
0
211
76
72
5
11
131
8
0
216
164
102
0
130
2
4
64
148
201
130
11
72
129
104
130
0
76
147
13
29
0
128
68
6
48
64
84
2
125
138
0
254
9
2
48
48
56
38
70
132
102
226
25
40
52
52
16
29
132
8
144
192
11
165
72
71
33
242
2
1
144
30
1
64
0
7
2
0
1
4
0
198
6
50
109
2
0
144
66
36
65
3
192
2
192
72
0
168
128
64
158
60
65
164
9
8
194
64
32
24
48
33
180
84
165
110
145
170
8
3
176
9
88
73
19
115
19
177
56
112
96
74
3
149
220
6
1
0
20
7
34
64
5
192
44
111
36
21
108
34
0
177
193
98
81
99
240
130
192
89
42
56
193
97
151
108
0
150
42
8
90
104
101
154
44
225
148
80
245
111
145
166
8
12
176
0
24
77
58
51
50
53
16
81
36
202
2
145
136
14
39
72
148
7
82
0
5
192
34
18
36
25
109
130
32
145
193
36
97
67
160
3
224
75
3
40
129
96
151
44
81
148
106
72
234
96
99
159
40
41
148
84
181
111
145
166
8
5
176
1
216
73
18
115
50
53
16
81
38
203
35
149
136
2
7
72
0
15
38
64
4
68
56
14
38
21
109
50
0
145
192
50
209
103
36
128
96
9
18
56
129
96
133
44
19
144
98
72
74
96
97
217
36
41
148
84
181
110
145
166
24
4
178
0
248
65
24
50
54
61
16
93
36
74
3
192
0
6
13
136
4
14
50
0
36
65
32
1
4
17
110
146
4
145
192
0
169
99
36
145
97
10
19
9
129
100
149
36
48
152
98
64
41
244
83
210
8
11
128
20
244
79
129
36
90
4
40
0
140
73
16
114
34
188
16
87
34
201
130
129
0
6
5
2
12
3
2
2
9
70
0
68
6
17
4
2
4
144
64
32
1
66
64
22
241
72
146
42
131
64
134
52
17
160
0
8
74
96
96
8
16
169
148
84
181
78
16
174
24
1
176
8
88
65
19
51
50
53
16
83
32
74
7
1
8
18
1
64
8
2
2
130
43
4
16
194
41
51
4
10
32
150
6
164
64
3
65
23
129
72
0
34
128
0
146
16
65
160
25
8
194
64
32
28
56
41
148
84
167
110
153
170
24
5
176
25
88
73
19
115
19
181
24
114
96
106
2
129
136
26
1
200
0
6
34
0
45
196
16
101
36
32
13
10
32
151
70
36
65
67
64
3
128
72
32
6
128
0
150
16
65
160
11
8
202
96
96
28
56
33
212
84
183
110
145
168
8
5
240
9
88
73
27
211
19
181
16
115
64
74
3
3
136
18
1
208
0
6
34
128
47
4
16
117
41
34
13
10
32
151
70
36
65
195
65
3
128
72
0
6
128
0
158
16
65
160
91
8
202
96
112
28
56
37
212
84
183
110
153
168
8
5
240
13
216
73
19
83
19
181
16
115
64
74
1
11
138
24
0
82
128
134
2
130
11
132
16
228
43
162
13
10
32
134
6
180
69
131
65
3
128
64
0
4
130
16
254
18
65
160
25
74
194
96
32
60
56
32
148
84
131
110
153
168
8
69
176
29
88
72
19
99
19
181
16
114
64
106
0
135
144
10
9
64
0
7
34
0
5
196
0
119
4
41
77
2
32
145
192
36
65
195
64
3
192
74
33
0
129
64
159
16
65
32
17
8
106
96
100
24
40
161
180
84
183
111
145
234
8
1
244
9
88
73
19
211
22
181
16
115
64
74
81
13
146
22
0
66
40
39
2
128
3
133
2
196
11
34
45
10
160
135
70
173
69
131
209
11
226
200
0
128
130
0
234
18
97
164
25
8
194
104
96
60
177
226
164
112
163
110
153
170
41
83
240
29
24
193
7
115
23
177
56
114
193
74
205
75
155
93
32
83
120
230
8
130
107
132
82
228
107
170
13
201
56
111
14
189
100
147
15
199
178
204
65
38
54
24
114
23
125
203
64
111
214
66
178
40
185
126
191
142
65
190
223
137
118
247
9
95
183
202
209
201
41
95
69
36
83
178
66
1
138
18
34
83
88
7
2
130
7
4
16
230
43
50
13
18
32
151
6
180
65
131
145
2
194
72
0
224
148
32
26
16
67
160
27
72
194
72
48
61
52
105
180
84
165
110
147
170
8
71
178
25
88
217
19
115
19
181
41
48
193
74
66
7
154
22
34
87
24
7
2
194
3
132
16
230
43
54
13
18
32
151
22
180
85
131
145
3
224
72
0
176
148
0
170
24
67
164
153
72
194
104
96
29
52
232
180
84
129
110
153
170
8
79
178
25
88
193
19
115
83
181
59
112
200
74
0
2
128
0
9
80
4
6
0
34
2
0
0
4
1
2
13
10
33
208
192
0
65
195
64
21
129
192
0
132
129
64
157
16
65
32
25
8
40
0
32
16
48
33
84
113
182
107
25
200
8
0
180
9
88
0
23
67
23
181
0
115
64
74
3
2
0
0
9
128
4
0
32
32
32
64
128
33
0
1
4
42
1
144
192
96
81
193
64
16
129
226
32
4
129
64
157
24
194
32
9
8
32
8
108
0
56
129
212
113
182
75
48
202
8
2
244
8
88
9
47
3
151
148
32
243
68
74
132
134
11
9
200
86
130
193
8
202
2
78
192
4
107
33
132
73
129
4
64
5
30
200
65
212
25
96
132
2
19
18
101
16
217
9
16
232
44
32
32
36
32
188
23
212
48
241
24
8
56
36
145
73
140
10
17
72
0
36
68
83
64
178
3
134
4
0
201
128
6
0
32
33
44
67
136
49
36
1
4
41
133
176
192
64
26
224
2
20
9
242
168
4
129
66
157
216
2
32
57
128
40
32
100
1
14
1
212
113
246
65
56
200
8
4
215
72
88
9
62
131
151
148
0
83
68
72
64
13
146
84
0
66
120
231
2
130
11
4
82
196
11
162
45
8
32
199
14
173
101
131
155
74
182
204
0
132
162
16
98
18
97
168
24
46
194
72
16
48
177
226
175
56
3
238
153
136
96
211
112
93
16
64
147
123
17
241
0
48
193
234
33
5
144
22
0
6
4
7
2
64
1
1
0
199
2
22
109
10
160
147
82
44
81
131
208
3
192
200
0
176
128
64
143
18
33
36
185
8
66
72
96
32
48
227
164
112
167
110
48
162
41
75
180
8
88
193
47
51
87
177
34
99
201
74
3
6
0
0
136
128
4
0
32
32
32
64
128
33
4
1
4
42
5
208
192
32
16
193
80
20
129
226
0
6
129
66
157
24
67
32
25
8
40
40
96
24
56
129
212
112
182
75
25
200
8
1
244
9
88
1
23
211
19
180
0
115
64
74
128
202
11
137
200
83
130
208
40
155
10
206
144
4
107
33
13
93
173
38
64
149
14
200
33
213
25
96
148
2
19
18
116
18
217
73
80
108
108
32
112
52
40
60
23
156
116
241
24
25
24
36
147
65
140
10
17
72
0
45
68
89
64
178
64
1
136
18
2
67
88
6
2
130
7
4
16
198
43
34
12
18
0
150
14
181
65
131
129
2
194
72
0
160
148
32
26
18
1
160
11
74
194
72
48
177
149
96
180
116
161
110
19
170
40
71
176
9
120
208
19
35
59
49
41
48
193
202
3
20
0
2
13
0
0
2
2
2
33
64
32
0
0
17
100
2
4
144
192
2
33
67
6
144
97
10
146
40
129
64
4
36
24
24
34
0
0
192
65
66
0
9
192
80
144
77
16
164
16
4
32
0
216
65
16
51
50
148
16
83
32
73
1
1
144
18
1
2
0
6
2
0
3
0
16
64
3
2
76
10
128
146
194
36
65
195
128
0
192
72
0
128
128
64
15
26
65
36
25
8
66
72
32
49
52
1
36
112
167
110
49
234
137
71
182
8
88
65
39
3
22
177
32
115
193
74
64
3
146
16
0
67
40
230
2
130
3
4
80
196
51
34
12
10
192
134
10
189
69
131
138
0
150
196
0
132
150
0
106
18
65
160
25
76
66
64
36
33
148
66
39
36
163
110
26
8
40
87
178
88
24
64
7
99
19
177
1
32
193
98
13
1
197
212
16
229
229
116
16
220
70
21
193
101
153
66
107
92
193
98
214
40
202
243
9
58
6
4
80
8
49
79
87
34
117
186
20
250
91
20
49
52
152
38
68
132
109
107
25
36
57
69
240
28
156
72
1
98
59
235
72
7
33
242
0
2
128
0
0
66
36
6
0
162
10
4
16
4
9
34
13
8
161
192
192
32
65
195
0
21
128
192
0
134
131
64
29
16
65
32
25
8
104
0
32
52
48
33
84
117
183
107
26
232
8
3
150
93
88
0
7
67
23
177
0
115
64
74
68
3
0
16
0
2
38
193
0
128
10
7
0
4
11
2
0
9
129
132
64
160
64
194
64
8
144
128
0
4
1
0
106
16
65
32
17
8
0
0
96
52
48
162
100
64
6
104
25
72
40
1
209
93
24
0
7
67
19
176
0
98
96
106
61
247
247
252
55
37
125
123
245
220
244
241
127
186
180
79
242
244
103
107
181
46
209
119
93
187
165
153
123
220
116
233
206
44
102
190
210
120
225
124
122
95
56
175
210
113
87
111
153
172
152
13
240
29
156
69
48
242
115
253
91
215
40
251
61
55
231
52
23
37
37
123
245
220
252
177
127
187
180
79
243
252
99
107
241
102
209
247
93
191
165
153
122
92
112
233
206
44
116
190
210
120
225
124
124
95
56
175
214
113
87
111
153
172
24
13
240
29
156
69
56
242
115
189
91
215
40
250
3
84
16
2
157
128
14
8
34
35
129
96
160
11
4
17
102
38
4
208
130
34
137
105
68
144
105
15
18
40
193
69
16
164
28
26
0
168
33
198
1
194
8
137
128
88
128
11
0
102
16
0
36
0
101
33
24
50
178
144
152
87
32
9
4
6
37
136
0
220
164
101
40
198
74
132
80
53
217
130
11
72
195
104
144
96
92
209
89
29
4
128
32
134
49
192
85
16
67
8
16
170
9
8
36
52
56
166
118
160
118
98
25
8
40
48
145
29
4
12
4
194
3
165
64
67
105
242
12
2
0
16
8
153
162
64
0
162
2
6
208
100
41
2
0
9
129
194
196
48
74
194
1
16
0
128
0
70
33
66
95
18
65
32
17
202
104
0
108
53
60
37
84
101
55
107
56
72
40
68
215
29
88
8
7
67
23
165
0
115
97
74
131
16
0
2
141
128
0
8
2
1
1
98
160
11
0
17
102
38
5
208
192
34
169
96
64
128
96
11
146
8
129
1
24
36
24
154
1
0
1
194
1
66
8
136
64
80
136
5
0
4
16
0
100
0
68
33
24
48
32
144
0
86
34
9
6
2
0
32
136
128
4
1
0
34
43
0
144
0
32
1
4
10
1
208
192
32
2
192
0
20
129
226
0
36
129
66
29
24
67
32
57
8
40
64
104
0
48
41
196
69
182
75
25
202
8
7
244
9
88
9
23
67
23
180
0
83
96
74
61
183
231
252
55
37
61
123
245
220
252
241
127
187
180
79
251
252
99
107
181
110
209
247
93
191
165
153
122
92
116
233
206
44
118
190
214
120
241
124
124
95
58
175
222
49
119
111
153
172
56
13
240
28
156
76
56
242
115
253
91
215
40
250
3
5
0
2
13
136
0
2
34
0
5
64
32
65
4
17
4
34
4
144
192
34
17
67
128
16
64
72
2
32
129
64
142
24
192
4
41
8
10
8
64
144
8
193
144
80
180
79
48
194
8
2
36
0
88
1
59
19
150
177
32
243
196
75
6
6
0
32
136
144
4
1
32
34
43
64
128
5
32
1
4
10
1
208
192
32
16
192
64
20
129
226
0
4
129
66
149
24
67
32
25
8
40
64
96
16
24
137
212
84
182
75
25
200
8
3
244
13
88
9
19
83
19
180
0
83
96
72
92
49
219
220
54
67
88
255
198
162
209
180
81
198
179
114
251
212
99
103
7
189
196
19
13
139
162
9
82
136
52
104
114
36
21
186
66
124
193
84
48
72
52
46
214
20
193
110
153
172
24
5
112
29
148
73
144
242
49
189
89
86
32
242
28
51
223
252
48
115
121
126
212
186
211
180
85
247
155
194
235
220
67
107
199
168
196
179
13
138
162
137
80
12
48
233
215
36
85
186
82
122
193
116
240
92
57
46
214
132
225
110
153
172
24
5
240
29
156
73
16
242
51
189
88
86
32
242
131
18
0
3
207
136
134
8
26
57
26
71
162
12
64
49
100
19
29
144
200
7
139
72
34
84
121
38
150
3
131
87
29
165
88
17
115
195
44
130
65
84
74
11
65
15
62
145
128
80
24
4
245
226
201
227
18
16
166
52
128
19
20
12
38
162
69
138
216
158
135
72
226
102
32
90
137
51
156
64
194
213
33
96
192
97
202
96
76
213
45
47
18
8
17
75
215
36
85
154
82
120
169
118
100
92
56
45
213
20
244
79
153
172
24
4
240
29
156
73
16
242
51
189
88
87
32
250
38
162
101
138
216
158
135
64
226
70
42
82
201
115
153
65
195
197
33
96
192
101
10
112
76
213
29
47
34
8
17
75
215
36
85
186
80
120
41
116
100
84
56
47
85
20
245
79
153
172
24
0
240
29
156
73
16
242
51
189
88
87
32
250
39
230
101
136
216
158
135
64
232
117
40
122
205
115
188
73
195
229
35
96
193
101
26
117
78
213
29
47
182
8
17
75
215
36
87
186
82
112
237
116
118
94
56
175
213
80
245
79
153
172
24
5
240
29
156
73
16
242
51
189
88
87
32
248
5
174
229
1
216
158
167
80
232
53
170
119
201
119
216
225
227
229
43
98
197
37
26
243
78
254
13
39
252
14
51
79
215
38
85
186
80
50
237
116
116
84
24
175
85
114
245
195
153
172
24
0
240
29
141
73
16
242
51
189
88
87
32
248
138
194
12
169
239
185
158
16
56
59
40
75
152
52
36
1
4
218
5
240
192
112
10
120
0
28
137
242
252
103
181
70
221
240
210
32
123
192
168
163
102
31
78
13
212
85
246
73
152
222
24
5
246
13
218
73
18
211
183
180
80
91
38
105
4
33
131
25
0
64
32
231
64
130
66
20
64
132
155
162
10
72
131
70
10
128
100
131
8
8
4
128
1
132
32
24
96
2
101
170
16
38
5
4
128
32
16
130
42
162
3
228
27
40
102
240
17
26
36
0
132
104
9
224
76
6
99
225
2
2
0
0
136
152
4
1
32
35
42
64
128
37
32
1
4
42
5
208
192
32
18
192
64
20
129
226
0
132
129
66
151
24
66
32
89
8
168
224
68
28
24
137
208
80
182
75
153
200
8
1
244
13
88
73
19
211
19
180
0
83
96
72
3
196
0
0
137
128
4
0
0
33
36
72
128
16
4
0
4
42
5
209
192
34
49
193
80
20
129
98
0
6
129
66
141
56
64
32
27
8
168
168
66
30
56
129
208
112
182
75
25
200
8
5
244
13
88
1
19
211
19
180
16
115
64
73
3
2
4
32
201
144
6
0
32
48
0
66
136
49
4
1
4
41
129
144
192
64
10
192
0
16
8
226
172
4
129
66
157
216
192
32
121
128
32
32
108
2
10
1
84
97
214
65
48
90
8
0
213
64
74
137
47
67
150
132
0
211
68
72
130
194
0
34
201
136
6
1
40
33
32
75
128
49
100
1
4
10
5
144
192
32
27
64
64
20
137
98
128
6
129
70
149
176
66
32
123
0
168
162
194
30
8
137
208
84
246
73
153
200
24
1
244
13
217
9
19
211
151
180
16
83
34
73
0
2
128
0
8
74
128
7
32
162
10
4
0
5
11
163
13
10
129
128
192
0
85
195
81
0
136
192
0
134
131
66
173
16
67
32
25
10
168
32
224
20
48
160
84
86
166
105
153
232
8
1
244
77
88
72
23
195
23
180
0
83
64
74
1
6
128
0
9
66
0
7
32
32
2
4
0
37
35
35
12
42
129
128
192
0
81
129
80
0
136
64
0
132
129
66
141
16
67
32
17
0
40
40
96
20
16
131
212
80
166
105
25
232
8
1
212
77
88
0
18
195
23
180
0
82
64
72
3
132
12
32
136
136
6
0
32
35
33
74
156
33
36
1
4
42
5
240
192
96
10
224
64
20
129
242
168
38
129
66
149
240
64
32
59
0
168
226
100
28
8
9
208
85
246
73
153
202
8
7
244
13
88
9
31
211
147
180
16
83
96
72
5
6
32
40
8
148
166
65
0
250
34
2
192
1
9
6
0
40
131
192
208
32
88
208
81
20
133
160
0
148
33
66
199
16
65
32
177
168
168
40
104
52
48
165
116
241
54
105
57
200
40
9
209
29
88
0
22
195
19
180
66
211
104
98
1
2
128
0
0
2
32
6
0
0
0
0
0
1
3
0
0
40
129
144
192
0
72
194
0
0
8
128
0
132
1
64
29
16
65
32
9
8
0
8
44
32
16
1
68
113
38
73
48
72
9
0
149
72
88
128
47
3
23
176
0
115
64
74
69
7
0
16
0
10
38
97
0
128
42
2
128
33
75
2
0
9
129
196
72
160
64
194
73
28
153
128
0
6
3
0
82
16
65
160
17
8
128
0
96
52
56
167
68
16
38
104
25
136
40
1
209
93
25
8
7
67
19
180
64
114
96
234
102
53
241
18
17
6
13
79
198
66
129
48
33
206
180
87
250
52
34
68
3
166
80
7
84
130
230
9
18
136
64
40
66
36
6
190
0
56
3
92
32
66
52
171
196
88
165
78
17
164
16
0
96
24
20
65
16
50
49
185
24
86
32
234
5
6
32
32
8
148
166
65
0
250
34
66
192
16
9
4
0
40
129
192
208
32
88
208
80
20
133
162
0
148
33
66
207
16
67
32
185
136
168
40
104
52
48
165
212
113
150
73
57
200
8
9
209
93
89
0
22
195
23
180
66
211
104
106
5
35
117
52
16
34
37
126
128
0
194
53
64
117
137
2
234
76
131
96
192
32
192
243
76
136
128
129
64
4
33
72
87
36
85
186
16
58
201
84
124
84
24
166
68
1
229
110
153
172
25
1
240
29
156
73
0
242
19
189
72
71
32
250
4
2
0
32
8
144
36
0
0
34
10
0
208
4
1
2
4
8
129
208
192
32
74
193
0
20
132
194
0
132
161
66
31
24
67
32
57
136
40
8
108
48
48
33
68
101
182
107
56
200
8
3
246
29
88
0
7
67
151
180
0
115
96
74
4
34
5
0
0
240
164
117
0
152
74
5
64
21
153
34
11
72
195
72
192
32
78
208
73
28
4
128
0
6
33
194
93
16
97
40
21
170
9
0
60
52
48
166
100
160
38
105
58
104
41
34
209
29
24
8
6
66
3
224
64
3
97
98
4
34
5
0
0
232
160
116
0
170
66
5
64
5
153
162
11
72
195
104
128
0
76
153
73
8
4
128
64
132
33
194
93
0
97
40
20
170
9
0
184
52
16
38
102
160
34
224
26
104
105
48
145
29
8
8
134
64
11
224
64
3
97
230
4
34
129
8
0
120
32
118
64
184
194
149
64
145
153
162
74
76
131
104
128
0
76
147
13
136
4
128
65
4
33
78
117
2
117
186
20
178
1
36
178
52
16
6
70
130
0
226
25
44
110
16
144
29
7
8
132
224
11
236
72
70
98
243
12
34
133
136
0
249
160
118
64
186
194
133
80
0
153
130
10
72
195
72
128
0
76
153
13
8
4
128
65
132
49
202
125
2
117
168
20
242
1
0
184
52
16
6
70
167
2
224
25
40
108
52
146
29
5
8
132
192
11
228
72
71
98
243
6
2
0
32
137
128
0
0
0
34
130
0
128
1
0
1
4
40
1
144
192
32
90
193
0
16
129
226
0
132
129
66
13
152
195
32
57
8
40
10
104
0
32
129
84
113
182
75
56
202
8
2
244
9
88
17
7
3
151
176
32
211
72
74
2
130
0
32
136
144
4
1
32
35
0
72
128
1
4
1
4
40
5
209
192
32
26
193
64
16
129
226
0
132
129
66
143
152
66
32
57
8
168
162
64
30
16
137
208
81
182
75
25
200
8
1
244
13
88
9
23
211
151
180
16
83
96
73
4
6
128
0
8
66
32
7
0
32
2
4
64
0
3
35
8
40
129
208
193
0
88
195
16
0
8
128
0
132
1
64
13
16
67
32
25
136
40
0
40
48
16
129
68
113
38
105
56
104
136
10
151
72
88
0
6
3
151
176
0
83
64
74
4
2
0
0
0
2
34
6
0
160
2
6
64
5
11
34
0
8
129
192
192
160
64
130
16
0
136
128
0
132
1
64
13
16
65
32
25
8
0
8
44
48
16
130
100
113
34
105
56
104
40
2
149
88
88
0
7
67
23
176
0
98
64
74
4
34
1
0
0
192
32
102
0
130
66
4
64
128
153
34
8
8
131
192
9
0
76
129
8
8
4
128
0
134
32
16
96
2
97
170
8
42
5
0
128
32
16
2
66
36
34
160
25
8
32
48
17
24
0
0
6
64
3
160
8
2
64
98
4
34
131
128
8
64
160
198
0
0
2
21
64
133
131
0
75
76
129
64
64
128
44
128
14
136
8
1
128
8
0
76
117
36
125
154
0
180
5
6
1
0
16
2
72
132
0
192
0
36
116
16
16
26
4
8
128
64
0
4
76
4
32
240
4
34
5
32
8
128
34
96
32
42
66
5
208
37
129
2
0
8
195
32
224
96
72
194
16
56
4
128
40
134
33
194
95
82
65
32
53
136
88
8
108
32
24
162
100
97
103
99
58
72
169
98
215
88
72
28
47
67
151
129
0
227
97
66
4
35
129
120
0
192
160
102
0
160
66
5
64
68
153
162
10
8
195
66
199
40
76
147
8
10
6
132
0
132
33
194
127
2
65
168
17
162
95
0
172
52
144
70
68
165
35
226
24
104
105
112
147
28
0
8
135
194
3
163
72
99
227
98
3
196
0
32
137
128
132
0
0
33
36
200
128
1
4
1
4
40
5
209
192
0
26
193
80
16
129
226
0
4
129
66
141
24
64
32
57
8
168
168
74
30
56
129
208
113
182
75
57
200
8
5
244
13
88
1
23
211
151
180
16
83
66
75
4
14
165
128
0
204
164
103
0
192
66
5
65
53
153
130
75
72
193
104
144
0
92
145
93
28
4
128
4
134
49
206
69
2
117
138
0
242
9
6
37
52
16
166
78
132
100
224
24
32
124
48
146
29
134
8
128
64
11
228
72
7
32
242
4
35
129
240
0
98
224
103
0
168
66
21
64
68
153
162
75
72
195
66
135
41
76
147
12
10
6
132
64
132
41
206
103
2
101
170
21
162
71
4
153
32
144
70
70
165
3
226
25
36
111
80
81
92
4
8
133
72
11
227
72
38
227
224
139
194
12
33
239
185
166
16
56
59
36
75
136
17
100
1
4
41
133
144
192
112
10
248
32
28
25
242
252
71
161
70
221
208
216
32
123
192
168
163
86
30
74
13
208
85
246
73
184
222
8
5
244
205
218
9
22
211
183
180
80
83
102
73
7
130
0
40
136
152
164
0
32
42
0
72
192
33
4
1
4
8
129
208
192
32
10
216
64
20
129
226
0
6
161
66
221
144
65
32
57
136
168
34
108
28
24
9
212
85
182
73
24
200
8
7
244
13
88
9
22
195
151
180
16
83
96
72
4
38
33
0
0
148
164
101
0
170
66
4
80
4
153
2
11
8
195
64
209
32
72
216
88
24
4
128
0
132
33
194
77
16
65
40
21
170
9
0
44
36
16
166
102
229
38
107
58
104
40
50
147
29
8
8
6
66
3
160
64
67
105
98
6
2
0
32
136
144
4
1
32
35
32
64
128
33
0
1
4
8
5
208
192
32
26
193
80
20
129
226
0
132
161
66
157
152
66
32
57
8
40
162
104
20
16
137
208
85
182
75
57
200
8
3
244
13
88
9
23
211
151
180
0
83
64
72
1
2
128
8
8
128
36
6
0
34
0
0
0
5
1
2
13
40
161
208
192
4
72
195
64
21
129
194
0
4
129
66
157
16
65
32
25
8
40
40
104
20
48
161
84
113
182
107
25
200
8
1
244
29
88
0
55
195
23
180
0
243
64
74
5
2
0
0
8
2
166
134
0
160
34
3
0
1
3
2
0
8
129
128
192
128
76
128
64
8
136
128
128
4
1
82
173
16
65
32
25
0
32
0
104
52
16
130
68
113
130
73
56
232
8
1
213
77
88
0
6
67
23
180
0
82
64
72
3
21
0
2
141
136
4
8
34
2
1
98
160
75
4
17
100
34
4
144
192
34
17
68
128
16
97
72
18
40
193
1
26
60
144
132
41
8
2
193
0
130
8
137
128
80
180
79
0
150
16
0
36
0
74
33
59
19
150
176
32
243
164
8
3
84
0
2
141
128
4
8
34
1
1
98
160
75
4
17
100
34
4
208
195
34
17
68
64
16
97
74
146
40
193
0
26
44
152
150
1
0
0
195
3
194
24
137
192
80
128
15
0
22
16
0
100
0
74
1
16
51
50
148
16
82
38
9
51
213
0
6
149
128
12
8
34
3
177
98
172
75
4
21
102
230
4
209
2
42
129
102
36
150
99
41
18
42
193
49
18
46
156
158
66
40
3
199
3
194
24
201
128
80
180
14
0
183
16
0
104
128
228
97
24
50
48
159
16
87
164
41
4
3
0
0
0
0
38
96
0
128
42
2
192
1
9
2
0
8
129
197
72
160
64
192
73
28
141
160
0
6
33
16
80
16
65
168
17
8
0
0
96
52
48
39
100
32
38
104
25
136
40
32
209
93
8
8
6
67
19
176
64
82
96
106
4
2
1
8
0
216
36
102
0
130
66
4
64
5
201
130
11
72
129
104
128
0
76
145
77
28
0
128
0
6
32
0
84
2
121
138
0
234
9
2
48
48
56
38
70
132
102
160
25
40
52
52
0
29
134
8
128
64
11
164
64
71
96
242
4
34
5
9
0
184
166
113
8
152
66
1
192
53
201
2
0
72
195
96
192
32
74
208
73
28
13
160
40
6
33
66
221
16
65
32
21
136
168
32
124
52
58
167
116
225
54
97
58
200
41
34
209
93
24
8
6
195
23
164
64
83
96
106
12
34
5
128
0
241
160
118
0
186
194
4
80
52
169
194
11
72
195
104
128
16
76
153
9
24
0
128
4
68
49
202
93
0
81
40
16
250
9
0
180
53
88
38
102
165
66
225
26
40
44
52
147
29
13
8
4
66
11
228
73
3
96
114
161
71
64
130
145
36
35
217
36
67
33
114
160
11
128
69
66
116
5
100
72
160
176
48
0
136
168
9
146
8
33
25
96
36
20
250
0
114
1
212
194
66
24
158
192
2
200
20
0
37
16
36
72
154
143
9
16
112
49
28
76
86
34
185
5
2
0
0
8
66
34
6
0
160
34
4
0
1
11
34
8
8
129
192
192
128
76
130
64
9
136
128
0
132
3
66
189
16
65
32
25
8
32
8
104
52
48
163
68
113
162
105
57
232
8
1
213
93
88
0
7
67
23
176
0
82
64
74
0
2
128
0
8
66
36
6
0
34
10
4
16
4
41
34
9
8
129
208
192
0
72
195
0
5
132
128
0
132
1
64
29
24
67
32
25
8
40
0
40
52
52
33
68
117
54
105
56
232
8
0
215
93
88
0
7
67
23
176
0
115
64
74
3
21
0
2
141
128
0
8
34
3
33
64
160
75
4
17
100
34
4
208
130
34
33
65
64
130
96
8
18
8
129
0
30
46
152
154
3
0
2
194
1
66
24
137
192
80
144
6
0
20
16
0
96
0
192
1
17
50
50
148
0
82
36
9
3
81
0
2
151
128
5
8
38
3
177
98
172
73
36
21
100
118
4
209
130
42
129
102
36
146
99
41
18
40
193
33
18
46
158
158
66
40
3
199
33
194
56
73
128
80
212
15
0
180
16
4
40
128
229
33
25
50
48
159
16
23
164
41
67
17
152
22
71
2
26
14
2
2
7
36
48
70
34
19
12
51
0
149
3
53
65
67
128
194
200
77
2
40
132
96
142
28
195
134
10
72
202
65
32
25
36
97
181
92
181
110
149
170
8
7
182
73
120
195
17
51
18
49
56
113
244
74
131
81
64
6
149
128
13
8
98
3
185
98
172
75
4
17
102
118
4
209
2
42
129
102
4
150
99
9
146
42
97
57
82
38
156
154
66
40
3
215
3
194
24
73
192
16
236
30
0
53
16
4
104
144
134
41
24
50
48
158
24
86
162
57
1
2
128
0
9
192
36
6
0
32
0
0
0
5
0
1
13
40
161
208
192
0
72
193
64
21
1
194
0
4
129
64
157
24
67
32
25
8
40
32
104
16
48
33
84
113
182
105
56
200
8
0
244
9
88
0
7
131
151
176
0
83
64
74
3
134
0
32
8
144
4
0
0
34
32
64
128
1
4
1
4
40
1
208
192
4
89
193
64
20
129
226
0
4
129
66
141
24
67
32
57
8
40
32
104
24
48
161
212
113
182
75
57
200
8
0
244
9
88
1
23
195
151
180
0
83
64
74
80
3
144
22
1
2
6
6
66
0
1
0
32
67
2
18
124
35
128
151
130
45
81
199
144
66
192
76
0
160
192
64
143
24
99
36
137
8
66
72
32
0
48
227
165
112
167
110
48
226
169
75
180
72
120
195
39
51
22
145
32
97
197
74
2
1
144
22
1
2
2
14
66
0
3
0
48
66
35
18
124
35
32
150
194
55
65
199
144
67
192
76
0
160
132
64
15
24
67
36
9
8
74
72
32
17
36
97
165
116
181
110
48
234
137
71
182
72
88
195
47
19
150
177
32
113
193
74
67
4
144
30
73
66
26
7
2
32
5
132
32
70
38
51
109
3
0
145
130
33
73
11
128
66
232
78
2
41
129
102
159
188
65
38
11
136
234
66
32
24
104
105
181
92
165
107
145
234
8
7
180
72
88
203
17
51
178
181
56
115
178
78
66
1
0
18
65
2
2
2
2
2
33
0
0
64
4
17
4
35
0
148
66
33
80
67
128
80
201
76
0
40
128
64
142
24
195
132
8
8
2
64
32
0
36
201
145
88
181
78
16
170
8
2
32
72
88
131
19
19
22
49
32
113
240
74
3
145
0
30
5
8
84
14
18
0
21
65
40
65
4
17
108
18
0
144
194
40
225
99
36
131
96
9
19
40
128
96
150
38
16
152
98
64
74
100
99
202
24
75
144
20
245
78
145
164
90
4
32
0
152
9
17
50
58
189
16
71
162
201
70
1
8
18
65
2
10
2
2
130
35
6
0
194
33
51
4
11
0
151
6
165
64
3
64
86
233
76
0
42
128
0
130
16
65
161
25
8
198
64
96
24
48
41
149
92
165
110
145
170
24
7
177
89
88
195
19
115
19
181
24
114
112
106
67
1
136
26
65
202
2
6
34
128
15
132
0
101
12
34
13
11
32
151
70
37
65
195
193
66
200
76
0
36
128
0
158
16
65
160
25
8
202
96
96
28
56
33
149
92
183
110
145
170
8
7
177
93
88
203
19
115
19
181
16
115
64
74
81
1
146
30
64
66
90
38
66
128
31
132
0
198
11
50
109
3
32
151
6
173
69
131
193
67
224
76
0
160
130
96
138
25
97
164
25
8
194
104
96
28
177
227
181
120
167
110
187
170
41
67
176
73
88
195
71
123
23
241
48
114
193
74
67
0
144
22
73
66
10
6
2
32
1
132
32
71
6
50
109
3
0
145
131
35
73
11
192
66
232
78
2
41
129
102
159
188
65
38
9
136
234
66
32
24
32
233
181
88
165
107
145
234
8
3
180
72
120
195
17
51
146
177
56
115
176
74
3
209
0
22
133
128
0
8
2
1
33
64
160
74
4
17
102
6
5
208
130
42
161
67
0
154
99
40
18
10
129
33
18
38
24
154
3
0
3
198
1
194
24
75
64
16
184
6
0
36
80
4
96
0
132
65
17
50
34
181
16
71
160
41
67
1
152
22
3
66
26
6
2
130
5
4
48
198
35
19
12
35
0
150
2
181
65
3
128
66
192
76
2
40
132
64
142
28
131
164
9
8
66
73
32
9
53
97
181
92
165
110
17
170
8
71
50
72
112
211
25
51
19
177
40
240
208
74
3
149
136
14
39
10
20
14
66
0
21
224
32
18
36
17
109
130
0
145
129
34
65
71
224
131
224
77
19
40
128
96
150
44
0
150
106
8
138
112
97
154
40
105
148
84
181
110
145
166
8
4
48
0
250
67
16
115
50
53
16
81
38
75
67
145
136
14
71
66
30
14
34
2
13
228
40
6
38
59
109
35
32
149
193
35
65
67
64
193
232
77
19
40
128
96
159
60
131
166
42
8
202
97
96
24
44
41
149
88
181
110
145
174
24
5
176
1
120
195
24
51
54
49
56
81
48
74
67
1
0
18
65
2
6
2
2
2
41
64
0
69
4
51
5
35
0
149
66
33
64
67
64
87
201
76
0
42
128
0
134
24
65
160
8
8
74
64
96
24
48
169
149
88
181
110
17
170
8
3
176
73
88
195
19
83
18
181
16
115
112
74
66
1
136
18
65
194
6
6
34
0
45
4
0
101
4
51
13
11
32
148
66
37
65
67
192
71
200
76
0
38
128
0
158
24
65
160
9
8
202
64
96
24
56
33
149
88
183
110
145
170
8
3
176
73
88
203
19
83
18
181
16
115
80
74
65
3
146
26
64
82
2
6
2
130
3
4
16
196
11
34
13
11
32
134
6
165
69
131
193
67
128
76
0
4
128
0
142
18
65
160
25
8
194
64
32
60
48
32
53
92
167
110
153
170
40
71
177
89
88
195
3
107
19
181
0
114
193
74
2
129
144
22
65
66
2
7
34
0
1
196
32
71
6
49
109
3
32
149
194
37
81
195
192
67
192
76
0
160
129
64
159
16
67
4
9
8
234
96
96
24
32
161
181
88
181
111
145
234
8
3
180
73
88
203
19
83
22
181
16
113
192
74
64
1
144
22
65
66
2
6
2
128
5
196
0
71
2
50
109
3
32
151
198
37
65
195
192
67
192
76
0
160
128
64
159
24
67
36
25
8
202
104
96
24
48
225
181
120
183
110
145
170
136
67
180
73
88
195
23
51
22
177
48
113
193
74
64
3
144
22
64
66
2
6
66
128
1
132
0
213
3
50
109
3
160
151
70
45
65
131
192
67
192
76
0
160
130
64
142
17
65
36
25
8
202
96
96
24
48
227
181
120
167
110
176
170
41
67
180
72
88
195
7
123
23
181
48
115
193
74
216
11
155
92
34
83
88
230
2
162
27
132
82
196
123
170
13
200
56
207
14
189
100
155
139
67
182
204
1
166
182
112
114
23
105
75
72
110
210
66
178
40
177
126
191
174
3
190
223
137
118
215
3
95
53
202
193
75
25
119
117
32
195
162
66
1
152
22
67
67
26
6
2
130
7
4
48
198
43
50
13
19
32
151
6
181
65
131
129
67
200
76
0
168
148
64
138
28
67
164
9
72
194
64
32
25
52
97
181
92
165
110
149
170
8
71
178
73
112
211
17
51
19
177
41
112
208
74
3
129
0
6
69
2
14
6
2
2
41
64
32
69
6
17
101
35
0
148
64
35
65
66
68
195
232
76
146
44
128
64
134
60
16
128
34
0
2
192
96
10
0
137
149
80
181
78
16
174
24
1
48
0
88
195
19
51
50
53
16
81
48
72
192
9
154
85
32
66
88
231
2
130
11
132
82
196
91
170
13
8
50
207
14
173
100
131
139
67
182
204
1
164
178
48
98
23
97
75
8
46
194
66
176
40
177
110
175
62
3
174
219
136
114
211
17
95
49
74
209
107
89
115
100
48
193
162
67
16
144
22
73
2
30
14
2
32
1
32
32
71
6
17
109
35
0
144
131
35
73
75
192
193
224
79
2
41
193
102
143
188
1
6
40
136
98
75
32
8
32
233
181
88
181
79
17
234
8
3
52
0
112
195
17
51
150
49
176
113
240
74
80
5
144
22
0
66
2
39
66
192
3
5
0
197
3
50
61
11
160
151
18
173
81
131
208
67
192
204
0
176
130
64
14
27
97
164
153
8
66
72
32
48
177
227
165
120
167
110
49
170
169
75
176
72
88
195
47
59
87
177
34
96
201
74
3
149
72
6
5
10
20
14
98
0
5
224
44
103
4
17
108
34
0
145
195
98
65
103
224
130
224
89
50
40
193
96
151
108
16
150
42
8
10
116
97
202
44
105
148
80
245
78
145
166
24
4
32
0
120
75
24
51
50
49
16
81
36
74
66
1
152
22
65
66
26
6
2
34
5
4
32
198
2
50
45
3
0
149
130
33
65
3
192
66
232
76
2
168
129
96
159
60
3
38
11
8
226
66
32
8
36
105
181
88
165
111
145
234
8
3
180
72
80
195
17
51
146
177
56
112
240
74
66
5
152
22
99
66
26
7
2
130
7
132
48
198
34
18
45
19
32
151
6
181
81
3
145
66
232
76
0
184
132
96
142
28
67
166
139
72
194
64
32
25
52
33
181
92
165
110
149
170
8
15
178
73
88
195
17
115
19
181
56
112
248
74
99
133
136
22
67
78
26
7
2
64
5
196
48
70
38
23
108
51
16
151
151
35
81
67
145
66
232
76
2
56
132
96
135
61
67
134
138
72
202
72
32
25
36
233
149
92
181
110
145
174
8
15
176
73
88
195
17
115
114
53
56
113
56
202
4
3
0
112
8
152
166
65
0
58
2
3
192
65
9
0
0
8
129
66
198
40
72
210
65
30
3
162
0
6
33
66
207
18
65
32
49
136
106
32
104
52
176
229
116
113
55
99
56
72
40
96
213
93
72
0
7
194
23
167
0
115
225
74
5
3
0
48
136
136
166
64
0
58
34
3
192
64
9
0
0
8
129
130
196
32
74
210
64
30
1
162
0
4
33
66
223
18
65
32
53
136
104
40
108
52
48
33
84
113
55
67
56
72
40
100
215
93
73
0
7
195
151
165
0
115
225
74
4
6
32
40
8
148
166
65
0
250
34
2
192
33
137
2
0
8
195
64
209
32
88
208
81
24
5
160
0
132
33
194
207
16
67
32
17
168
41
40
108
52
48
167
116
241
54
99
56
200
40
40
209
29
72
16
6
195
23
164
66
83
105
98
12
34
33
128
0
181
166
113
0
186
66
4
208
20
153
2
0
8
195
72
209
48
72
216
25
24
4
128
0
132
49
194
77
16
67
40
17
168
41
0
44
52
48
167
102
229
54
107
58
104
40
34
211
29
24
24
6
66
19
164
64
67
104
98
34
130
65
138
216
156
7
8
230
102
34
82
153
99
156
64
194
85
33
96
192
37
138
97
78
213
45
47
18
10
17
75
215
36
85
154
64
120
109
118
100
84
56
45
85
20
245
71
153
172
24
4
240
29
156
73
16
242
51
189
88
87
32
250
131
194
0
35
205
160
130
16
48
59
0
79
160
9
4
1
4
43
133
144
192
3
27
72
2
16
89
102
144
7
129
70
157
184
218
32
57
128
44
162
195
14
10
137
209
81
186
81
56
90
24
0
245
224
72
163
23
147
150
180
144
211
86
73
131
22
0
3
207
168
134
16
56
57
14
79
162
28
96
1
100
51
157
144
200
7
43
72
34
92
89
38
150
71
131
86
29
169
216
17
115
195
44
130
65
85
74
27
65
71
62
145
164
81
24
36
221
231
203
163
18
16
166
36
128
27
20
12
34
162
65
138
216
158
135
73
230
102
42
82
153
115
157
64
194
197
33
96
192
37
138
97
78
213
29
47
130
136
17
75
215
36
85
186
80
120
109
118
100
84
56
47
85
20
245
71
153
172
24
0
240
29
156
73
16
242
51
189
88
87
32
248
35
149
0
10
7
128
4
15
2
64
5
64
32
76
36
21
109
50
0
144
130
42
209
99
116
151
96
9
18
56
128
97
134
46
17
154
34
72
75
64
33
192
44
233
4
80
181
110
17
164
24
12
32
0
184
1
17
50
50
189
16
69
164
74
4
6
32
0
8
148
166
97
0
250
98
2
208
48
137
6
0
8
131
72
209
32
88
208
81
28
5
160
0
132
33
66
79
16
65
32
17
168
40
32
108
52
48
167
116
229
54
105
58
232
40
44
211
29
72
8
6
195
19
164
66
83
104
98
1
2
0
32
141
32
32
88
0
10
162
5
0
8
65
161
64
76
133
80
64
2
172
16
2
136
8
0
208
0
33
80
120
32
216
40
17
34
5
128
211
6
26
14
64
3
2
192
8
53
80
4
72
28
141
1
144
0
39
188
0
6
38
49
4
34
5
0
0
216
166
116
8
146
66
4
192
21
217
130
11
8
195
72
192
32
74
208
73
60
4
128
4
134
33
194
93
16
65
40
21
170
136
0
44
52
48
38
100
160
54
97
26
72
41
34
211
29
24
8
6
66
3
228
64
67
97
98
38
162
197
139
216
158
135
64
232
117
42
90
201
119
157
65
195
229
33
96
192
37
10
117
78
213
29
47
178
8
17
75
215
38
87
186
80
48
109
118
100
84
24
175
85
16
245
199
153
172
24
0
240
29
156
73
16
242
51
189
88
87
32
248
5
2
0
32
8
128
166
64
32
58
34
3
192
33
1
0
0
40
129
128
224
32
72
192
64
60
5
162
8
132
33
66
95
18
67
32
61
136
40
40
108
52
56
33
84
113
54
67
56
200
40
96
215
77
72
0
39
195
23
165
0
243
97
74
133
174
231
65
216
158
167
80
232
53
42
95
207
119
220
105
226
229
47
98
196
37
10
117
78
222
29
39
254
10
51
79
215
38
85
186
82
50
237
246
116
84
24
15
213
82
245
195
153
172
24
4
240
29
141
73
16
240
51
189
88
87
32
248
92
59
223
220
50
115
121
126
134
186
211
180
93
244
155
242
251
212
67
107
134
169
196
179
141
138
162
93
80
12
53
235
243
36
85
186
82
122
225
116
176
92
57
46
214
132
225
111
153
172
24
5
240
29
156
73
16
242
51
189
88
86
32
242
4
162
0
40
8
152
164
0
0
58
32
224
192
3
141
0
0
8
129
192
193
0
72
217
64
16
5
227
0
132
33
66
205
152
71
162
57
152
169
32
104
30
48
161
212
113
182
107
57
236
8
3
244
13
88
0
6
195
151
180
8
83
96
75
5
228
0
40
8
136
164
2
0
34
32
232
128
3
132
9
8
40
161
209
193
4
88
193
64
17
9
227
1
12
129
66
141
152
64
162
57
136
169
32
106
30
56
129
208
113
182
73
57
236
8
1
244
13
88
0
22
195
151
180
8
83
98
75
5
162
76
33
188
184
162
16
56
59
130
111
200
51
132
1
0
40
133
240
225
96
10
216
64
28
9
227
236
7
33
70
221
216
221
32
121
152
169
50
124
28
26
5
212
113
246
65
56
252
8
7
244
77
216
9
22
195
151
164
200
211
100
72
6
34
0
32
136
176
164
0
0
58
2
96
192
3
129
1
0
8
129
208
193
32
74
217
64
24
1
227
0
4
33
66
223
144
199
32
57
152
169
32
104
20
50
41
212
81
182
107
56
236
8
3
244
13
88
0
6
195
151
180
8
83
96
74
5
166
0
40
8
128
164
0
32
34
32
96
192
3
132
1
0
40
129
208
193
0
90
193
80
16
1
227
0
12
1
66
141
152
71
162
57
136
41
40
104
20
48
161
84
113
182
73
56
236
8
2
244
13
88
0
22
195
151
180
8
211
96
74
5
34
128
40
8
66
164
6
0
162
10
32
64
6
137
2
9
40
129
192
193
0
72
193
64
1
12
129
0
140
33
66
141
16
71
162
57
136
41
40
104
52
48
161
84
113
54
105
56
236
8
2
213
93
88
0
6
195
151
180
8
83
96
74
4
34
128
32
8
74
160
6
0
160
2
36
64
6
137
162
9
8
129
192
193
0
76
195
65
9
12
129
0
140
33
66
13
16
69
162
25
138
41
12
40
52
48
33
68
113
54
105
56
108
8
0
213
93
88
0
6
67
7
176
8
83
96
74
4
34
0
32
8
66
162
7
0
160
2
36
64
7
139
35
9
8
129
192
193
0
76
192
65
8
12
129
0
140
1
66
141
16
67
162
25
138
41
4
104
52
48
162
68
113
34
105
56
108
8
0
213
93
88
0
6
195
7
180
8
83
96
74
4
34
0
0
8
2
38
196
0
160
34
35
64
3
139
2
0
8
129
192
193
128
76
128
65
8
12
129
0
140
1
66
61
16
69
162
17
138
37
12
232
52
48
130
68
99
2
73
57
108
40
0
213
93
9
0
6
65
7
176
8
66
96
74
4
34
0
0
0
0
38
96
0
160
42
3
64
3
137
2
0
8
129
64
73
160
72
144
65
12
141
128
0
132
33
80
120
16
69
162
17
136
1
4
104
52
48
167
100
97
2
104
25
108
40
32
209
93
9
8
6
73
3
164
8
82
96
106
4
34
16
0
0
128
38
96
0
130
74
6
192
5
137
2
66
8
129
64
9
160
64
208
73
28
13
192
0
6
33
16
80
16
69
170
17
168
1
4
40
20
48
38
102
160
6
100
25
44
40
32
208
29
8
8
6
192
19
164
72
66
96
98
20
34
17
8
0
200
36
100
2
130
66
4
64
5
201
146
111
202
129
104
128
0
76
145
205
29
36
200
64
6
161
32
84
2
125
138
0
178
9
70
48
16
24
38
70
132
102
164
153
32
100
52
32
29
7
73
128
64
11
164
72
7
96
242
12
35
21
88
8
185
164
116
0
186
66
4
80
84
153
2
78
200
195
74
199
40
72
219
137
24
38
192
4
132
177
194
95
2
65
40
20
250
73
64
172
52
144
38
100
164
39
99
154
108
40
100
178
29
11
73
7
66
3
165
72
99
97
118
4
34
0
32
8
144
164
1
0
42
34
32
192
2
129
0
0
8
129
208
193
32
90
201
80
16
5
227
0
132
33
194
77
152
71
162
57
136
41
0
108
52
48
161
84
113
182
107
56
236
8
2
246
13
88
16
6
195
151
180
8
83
96
74
4
34
0
32
8
66
162
198
0
160
34
53
64
2
139
34
0
8
129
192
193
128
76
128
80
8
8
129
0
140
1
66
45
16
65
162
25
136
33
12
104
52
48
130
68
113
2
105
56
108
41
2
213
93
88
0
6
65
7
176
8
82
96
74
20
50
21
8
8
249
160
118
2
184
66
21
64
21
153
130
127
200
195
104
192
32
76
155
137
8
36
200
68
4
177
238
85
2
113
44
20
178
13
68
184
20
16
38
70
164
35
230
153
40
109
48
176
29
5
73
132
192
11
236
88
7
97
246
4
162
0
32
8
152
164
1
0
58
2
96
192
3
128
0
0
8
129
209
193
4
90
217
80
16
5
227
0
132
33
66
205
152
70
162
57
152
169
32
104
28
48
129
208
113
182
75
57
236
8
3
244
13
88
24
22
195
151
180
8
83
96
74
4
34
21
0
0
216
164
116
0
150
66
20
64
53
153
130
75
72
195
104
129
32
74
208
201
60
4
192
4
134
33
194
85
0
69
138
16
186
9
12
60
20
48
166
100
160
54
97
154
108
41
32
240
29
10
8
6
66
3
228
72
67
96
242
4
34
5
0
0
152
166
113
8
146
74
20
192
55
217
0
2
8
195
104
193
32
74
208
73
28
4
160
4
134
33
64
93
16
69
170
21
186
41
4
60
52
56
167
100
160
54
97
59
108
41
34
208
29
9
8
6
66
19
164
72
67
97
226
4
35
17
88
8
148
166
113
0
186
66
18
192
83
153
0
2
8
195
66
215
40
72
218
89
26
7
224
0
132
33
194
79
18
69
170
21
184
123
4
44
52
176
231
100
229
55
99
58
108
40
96
210
29
8
24
7
194
83
167
72
99
225
98
20
50
21
128
0
204
160
103
2
192
66
21
85
53
153
178
127
202
193
104
128
0
204
145
141
136
36
200
4
132
177
108
85
34
117
154
0
242
9
70
181
20
24
38
76
134
100
228
137
36
109
16
176
28
134
73
128
80
11
232
72
7
32
246
38
162
193
139
216
156
135
73
236
101
42
90
137
119
156
64
194
85
33
96
200
5
138
97
78
212
29
47
146
138
17
75
215
38
85
186
80
120
109
118
100
84
24
15
85
20
245
195
153
172
24
0
240
29
156
73
16
242
51
189
88
87
32
248
34
162
193
138
216
140
7
9
238
99
32
90
169
99
156
64
194
85
33
96
200
5
138
97
78
213
57
47
146
10
17
75
215
36
85
186
64
120
109
118
100
84
40
9
85
20
245
199
153
172
24
4
240
29
156
73
0
242
51
189
88
87
32
248
211
217
154
94
33
130
92
6
83
161
21
219
162
194
134
26
47
131
52
143
135
45
227
67
169
215
243
111
67
41
134
100
151
183
48
211
2
205
250
119
113
250
169
99
187
28
189
47
209
226
59
215
252
66
56
234
81
251
122
123
57
53
145
207
196
10
146
117
200
192
234
193
8
171
3
78
130
196
75
170
13
9
184
75
142
173
78
73
15
215
59
230
128
35
35
22
103
147
125
1
49
175
238
2
33
36
225
120
175
12
59
179
220
200
48
243
149
231
52
226
195
73
144
99
68
97
209
38
