posters/Movie Poster 107.jpg
512 : 786
157
-141.259
-1
0
360
410
0.00500902
31
31.5782
-1
0
276
408
0.010254
31
13.4839
-1
0
268
408
0.00856837
31
-11.2577
-1
0
276
412
0.00842944
31
-126.197
-1
0
365
417
0.00582776
31
20.1126
-1
0
132
471
0.00624061
31
20.8545
-1
0
266
406
0.0100336
31
81.7733
-1
0
377
480
0.00650696
31
78.9063
-1
0
257
133
0.00554223
31
-38.0842
-1
0
276
420
0.00503232
31
6.18293
-1
0
119
404
0.00835751
31
-25.3754
-1
0
113
409
0.00893972
31
8.31389
-1
0
201
181
0.00612842
31
-163.511
-1
0
235
421
0.00560819
31
35.5727
-1
0
266
403
0.0107874
31
129.046
-1
0
244
402
0.0110452
31
134.69
-1
0
248
402
0.0131532
31
-162.897
-1
0
378
402
0.00547941
31
-121.43
-1
0
393
402
0.00596352
31
-124.324
-1
0
396
402
0.00717383
31
72.3499
-1
0
376
488
0.00472833
31
19.2447
-1
0
128
470
0.00463125
31
-170.028
-1
0
375
402
0.00451956
31
34.8245
-1
0
288
400
0.00477932
31
30.9638
-1
0
128
467
0.00498673
31
-132.221
-1
0
366
415
0.00498458
31
-32.134
-1
0
266
425
0.00373152
31
146.908
-1
0
393
487
0.00394223
31
-131.348
-1
0
235
429
0.00405302
31
-167.792
-1
0
231
421
0.0042307
31
6.92722
-1
0
242
133
0.00389366
31
-28.6691
-1
0
268
423
0.00387636
31
-54.9406
-1
0
276
424
0.0039342
31
10.2614
-1
0
100
420
0.00386535
31
-151.913
-1
0
258
308
0.00385199
31
-62.5713
-1
0
162
123
0.00413208
31
-17.9093
-1
0
170
402
0.00361559
31
-60.4002
-1
0
113
424
0.00346868
31
150.599
-1
0
177
144
0.00360736
31
154.537
-1
0
175
141
0.00342335
31
-45.7524
-1
0
266
429
0.0034223
31
11.4212
-1
1
242.4
133.2
0.00364594
37.2
-20.3764
-1
1
162
122.4
0.00363421
37.2
-44.3338
-1
1
266.4
427.2
0.00515922
37.2
96.2869
-1
1
378
487.2
0.00558816
37.2
33.9336
-1
1
288
399.6
0.00435212
37.2
-43.6151
-1
1
276
422.4
0.00685645
37.2
13.9535
-1
1
200.4
181.2
0.00417764
37.2
-151.307
-1
1
235.2
421.2
0.00429132
37.2
-154.983
-1
1
231.6
421.2
0.00388012
37.2
91.7227
-1
1
376.8
480
0.00524424
37.2
-34.7873
-1
1
276
420
0.00398133
37.2
-24.5849
-1
1
172.8
402
0.00386482
37.2
149.689
-1
1
244.8
402
0.0113033
37.2
10.4375
-1
1
128.4
468
0.0038692
37.2
144.904
-1
1
248.4
402
0.0100217
37.2
-156.65
-1
1
375.6
402
0.00522383
37.2
-151.037
-1
1
378
402
0.0057662
37.2
-2.44705
-1
1
276
411.6
0.00740354
37.2
8.61565
-1
1
124.8
468
0.00430063
37.2
8.54696
-1
1
132
470.4
0.00483967
37.2
30.6
-1
1
266.4
404.4
0.0171197
37.2
-166.43
-1
1
367.2
404.4
0.00359003
37.2
16.6668
-1
1
267.6
408
0.00541786
37.2
28.3979
-1
1
276
408
0.00880547
37.2
-150.869
-1
1
258
307.2
0.00328927
37.2
-121.269
-1
1
366
417.6
0.00324535
37.2
-150.843
-1
1
225.6
423.6
0.00292541
37.2
-131.291
-1
1
235.2
428.4
0.00295003
37.2
-29.6179
-1
1
169.2
403.2
0.00310395
37.2
5.65442
-1
1
196.8
213.6
0.0030992
37.2
-37.9422
-1
2
276.48
420.48
0.00467048
44.64
-140.56
-1
2
260.64
313.92
0.0028902
44.64
-147.151
-1
2
234.72
420.48
0.00367996
44.64
33.2317
-1
2
288
398.88
0.00382913
44.64
4.44124
-1
2
197.28
213.12
0.00334008
44.64
-120.694
-1
2
247.68
430.56
0.00283575
44.64
-7.43141
-1
2
288
410.4
0.00292827
44.64
-36.8057
-1
2
171.36
403.2
0.00355146
44.64
-151.014
-1
2
259.2
308.16
0.00372055
44.64
-146.123
-1
2
226.08
423.36
0.00300191
44.64
-130.996
-1
2
264.96
313.92
0.00333174
44.64
-146.348
-1
2
228.96
423.36
0.00313683
44.64
32.2331
-1
2
266.4
404.64
0.01349
44.64
-156.84
-1
2
367.2
404.64
0.00360035
44.64
3.46823
-1
2
276.48
410.4
0.0107505
44.64
11.0802
-1
2
267.84
408.96
0.00274053
44.64
-54.2012
-1
2
266.4
427.68
0.00385582
44.64
11.2721
-1
2
288
407.52
0.00253081
44.64
-169.324
-1
2
211.68
457.92
0.00218295
44.64
-121.142
-1
2
367.2
417.6
0.00243585
44.64
-132.115
-1
2
234.72
429.12
0.00222233
44.64
27.5733
-1
2
361.44
342.72
0.00191746
44.64
-129.453
-1
2
367.2
413.28
0.00165791
44.64
-59.805
-1
2
279.36
321.12
0.0016586
44.64
72.4744
-1
2
347.04
479.52
0.00176565
44.64
166.264
-1
2
221.76
360
0.00164386
44.64
-129.604
-1
2
360
410.4
0.00174942
44.64
-164.821
-1
3
210.816
457.92
0.00191138
53.568
171.497
-1
3
221.184
361.152
0.00134288
53.568
-29.2639
-1
3
319.68
489.024
0.00127379
53.568
17.4148
-1
3
200.448
181.44
0.00216759
53.568
-128.83
-1
3
264.384
314.496
0.00268166
53.568
-149.919
-1
3
259.2
307.584
0.00335084
53.568
32.1012
-1
3
286.848
397.44
0.0039592
53.568
169.695
-1
3
245.376
402.624
0.00858296
53.568
6.51102
-1
3
267.84
409.536
0.00215752
53.568
-42.8253
-1
3
171.072
404.352
0.00174778
53.568
32.9938
-1
3
266.112
404.352
0.0101333
53.568
5.6911
-1
3
276.48
409.536
0.00818862
53.568
1.8813
-1
3
286.848
409.536
0.00183423
53.568
-29.085
-1
3
321.408
485.568
0.00146918
53.568
-120.615
-1
3
245.376
430.272
0.00238666
53.568
-144.638
-1
3
231.552
421.632
0.00422222
53.568
-41.5664
-1
3
276.48
421.632
0.00353547
53.568
4.0095
-1
3
196.992
212.544
0.0029915
53.568
-143.868
-1
3
226.368
423.36
0.00254228
53.568
-16.0399
-1
3
336.96
482.112
0.0013003
53.568
-61.1892
-1
3
266.112
426.816
0.00338858
53.568
-135.414
-1
3
233.28
428.544
0.00291801
53.568
-33.8112
-1
3
324.864
468.288
0.00123225
53.568
-83.5631
-1
4
279.936
321.408
0.00116474
64.2816
30.1461
-1
4
288.23
396.058
0.00322059
64.2816
8.06863
-1
4
277.862
408.499
0.00552825
64.2816
-118.443
-1
4
246.758
429.235
0.00174155
64.2816
176.845
-1
4
219.802
360.806
0.00118796
64.2816
-62.7731
-1
4
267.494
427.162
0.00322549
64.2816
-134.23
-1
4
234.317
427.162
0.00325473
64.2816
21.2505
-1
4
267.494
404.352
0.0120412
64.2816
-7.17171
-1
4
267.494
410.573
0.00146572
64.2816
41.4237
-1
4
302.746
369.101
0.00128417
64.2816
-160.378
-1
4
259.2
288.23
0.00113761
64.2816
1.51407
-1
4
203.213
215.654
0.00143678
64.2816
-155.993
-1
4
265.421
292.378
0.00106966
64.2816
-157.742
-1
4
209.434
458.266
0.00165351
64.2816
-160.089
-1
4
265.421
298.598
0.00144752
64.2816
-162.897
-1
4
252.979
300.672
0.000998835
64.2816
-144.205
-1
4
226.022
420.941
0.00179148
64.2816
-42.6239
-1
4
277.862
420.941
0.00247275
64.2816
-140.12
-1
4
259.2
308.966
0.00269188
64.2816
-100.384
-1
4
271.642
342.144
0.00112492
64.2816
176.209
-1
4
246.758
402.278
0.0057578
64.2816
-128.115
-1
4
263.347
315.187
0.00228496
64.2816
4.46385
-1
4
286.157
408.499
0.000846248
64.2816
57.0306
-1
4
240.538
514.253
0.000893332
64.2816
-153.041
-1
4
263.347
288.23
0.000908034
64.2816
-134.579
-1
4
221.875
433.382
0.000851427
64.2816
-50.0862
-1
4
294.451
433.382
0.000730607
64.2816
-63.6579
-1
4
296.525
327.629
0.000802235
64.2816
-114.883
-1
5
246.344
427.991
0.00121806
77.1379
-135
-1
5
261.274
308.552
0.00196369
77.1379
-169.461
-1
5
246.344
403.108
0.00398969
77.1379
-60.5863
-1
5
268.739
425.503
0.00455252
77.1379
19.2307
-1
5
268.739
403.108
0.0111314
77.1379
-147.458
-1
5
263.762
298.598
0.00179927
77.1379
-121.885
-1
5
263.762
316.017
0.00119811
77.1379
-147.171
-1
5
261.274
288.645
0.00110156
77.1379
157
64
125
190
255
200
122
255
167
126
255
116
220
184
127
255
191
204
251
245
251
110
245
87
94
247
223
229
60
189
109
221
90
235
221
79
199
191
94
112
253
124
126
95
122
183
85
248
117
231
191
172
141
140
243
61
158
95
108
252
11
157
218
215
110
254
236
141
175
220
34
95
89
231
189
246
5
140
95
248
63
238
157
248
114
111
182
253
118
179
89
35
134
86
105
213
28
235
231
18
98
168
218
106
210
248
210
63
253
174
179
118
193
110
157
168
190
79
240
93
157
92
57
243
115
189
123
246
75
251
1
205
140
92
32
90
208
38
51
148
47
193
26
113
76
170
141
42
164
171
198
108
96
195
217
119
133
246
41
166
129
64
159
24
65
36
219
8
250
104
242
61
57
167
181
114
183
111
185
234
169
75
240
13
25
76
63
211
19
181
112
115
69
203
57
222
92
206
47
157
209
49
127
85
86
205
189
121
124
220
252
243
192
185
244
116
211
243
185
50
240
126
124
211
221
235
159
112
211
52
255
91
248
121
245
159
239
7
209
148
241
111
159
250
137
15
246
13
155
93
63
247
126
189
211
219
46
223
120
56
255
138
82
79
23
126
255
244
126
145
125
191
251
214
251
215
121
101
244
81
238
183
249
237
188
63
107
217
87
235
213
101
87
190
94
122
173
124
244
221
124
39
213
62
117
109
159
172
139
13
240
29
157
95
120
246
59
184
89
23
32
250
50
149
121
158
2
197
93
47
199
68
29
148
61
110
180
86
255
214
64
39
18
58
208
103
220
214
230
25
34
186
92
41
134
44
7
158
194
88
91
92
48
201
181
233
148
20
229
46
147
164
145
13
50
24
180
83
56
114
112
89
89
221
42
250
0
11
132
20
0
74
4
39
1
128
47
197
82
245
28
162
141
8
224
163
134
44
64
195
89
87
133
214
32
134
128
64
151
18
97
32
29
8
250
104
100
61
185
163
181
52
183
111
179
232
169
75
242
29
24
8
47
211
19
241
32
115
65
74
192
15
151
85
232
223
226
241
24
53
78
79
194
245
219
168
239
201
249
110
220
173
142
243
75
126
28
166
236
3
59
94
223
35
81
49
85
147
253
100
241
52
152
182
205
174
255
227
137
133
77
245
209
127
155
203
69
252
51
173
64
7
1
254
29
182
84
101
253
248
166
48
120
29
206
109
236
127
76
161
253
171
199
144
245
98
27
212
225
125
85
246
108
87
227
230
159
216
203
36
253
152
248
41
125
29
122
167
245
225
190
99
184
223
137
107
244
133
90
69
63
215
215
167
178
251
237
78
58
158
108
195
239
157
151
9
255
93
22
75
189
126
121
84
254
183
76
186
212
118
155
125
49
246
113
62
62
219
221
127
143
236
75
20
254
91
251
126
245
85
104
175
149
132
220
71
149
157
153
13
182
5
159
91
48
114
246
189
211
159
40
222
124
61
187
253
34
87
121
231
215
230
213
150
87
196
179
94
252
153
114
207
63
191
86
151
221
42
246
216
64
244
254
234
207
60
7
238
218
124
192
125
56
89
181
174
247
117
163
111
155
174
152
79
240
29
28
81
16
243
123
253
123
150
106
251
27
241
221
126
55
187
117
58
113
28
220
249
108
127
12
88
255
239
129
249
229
116
193
247
233
126
224
222
127
101
237
233
159
100
208
180
127
88
248
125
126
223
187
39
213
17
247
111
187
182
9
7
240
29
219
77
62
247
55
255
216
211
230
223
16
35
149
28
32
131
162
117
193
152
82
21
80
48
27
2
238
136
195
66
208
33
198
211
216
40
132
196
0
132
161
202
95
32
65
188
93
40
192
64
184
20
177
6
69
164
131
110
187
172
9
3
240
29
24
73
6
226
19
241
72
71
96
114
28
2
37
132
42
189
187
113
140
116
215
22
221
112
89
4
148
201
67
98
244
116
210
210
221
56
132
220
96
148
125
202
79
24
67
172
220
42
200
72
252
21
17
134
229
165
163
111
187
172
137
11
242
29
153
81
36
211
19
177
106
147
104
250
68
9
130
20
0
75
100
103
1
160
75
133
82
196
26
34
141
8
224
7
134
45
192
131
89
87
150
68
0
134
18
72
207
18
97
40
20
8
234
64
96
52
181
99
165
52
53
110
19
168
169
211
242
93
24
8
7
67
19
241
8
113
129
106
131
14
1
131
201
136
131
8
42
105
2
71
129
99
200
160
226
5
133
32
204
36
138
104
70
136
8
7
150
11
11
95
55
229
92
18
48
210
173
134
197
84
72
2
64
6
232
17
129
4
16
36
149
7
141
43
16
64
178
44
192
7
48
61
3
0
1
131
205
200
131
8
10
105
10
71
161
70
73
49
194
87
0
16
192
32
138
72
70
196
8
7
146
43
11
95
53
164
93
18
48
194
45
134
129
84
76
8
68
22
236
17
128
84
16
36
149
129
12
171
16
32
178
40
128
71
50
52
76
58
215
97
216
179
162
126
240
56
194
117
69
117
139
97
226
205
203
102
197
77
78
247
206
8
44
135
236
68
41
206
127
67
85
190
20
178
93
116
221
84
26
6
73
229
67
199
184
60
12
48
240
60
140
73
6
252
7
141
72
7
37
248
119
53
116
20
255
167
95
121
134
79
209
49
237
77
128
85
242
245
6
118
251
42
144
102
92
170
230
93
210
60
109
41
74
61
20
191
194
48
1
221
88
200
153
142
224
32
137
95
9
166
16
13
96
24
156
65
56
50
115
155
122
134
40
176
127
53
116
180
255
167
91
120
54
77
213
115
237
107
128
85
178
117
6
118
251
104
128
98
76
170
226
93
250
60
125
41
122
117
20
186
130
112
145
221
84
202
159
138
224
17
193
79
137
166
16
5
104
24
156
73
56
183
51
187
24
150
34
185
217
255
247
213
232
255
247
246
121
253
110
219
222
245
219
168
239
205
253
111
254
237
238
251
235
127
159
246
237
71
118
191
255
115
112
113
85
247
254
245
247
61
251
55
237
174
223
243
141
209
111
247
217
255
159
207
111
220
115
207
215
109
21
254
51
213
89
158
34
133
93
15
231
68
21
208
61
122
52
94
255
214
32
37
2
122
208
103
248
151
229
25
51
184
92
41
134
36
21
158
194
88
90
92
48
203
189
105
148
20
245
46
147
164
147
13
40
24
182
73
56
114
120
25
89
85
42
251
13
46
247
97
216
227
161
126
241
56
194
117
78
117
139
97
234
205
203
98
245
77
78
251
206
42
4
134
108
68
41
206
95
67
85
184
53
178
93
52
221
116
26
6
73
225
99
227
184
60
104
116
240
28
140
77
14
236
7
143
74
71
37
122
88
11
143
212
34
219
124
118
29
254
91
149
83
244
59
202
187
213
120
111
134
61
194
243
13
223
178
60
80
194
54
235
87
54
117
187
86
126
250
117
112
125
245
111
239
132
245
111
159
168
57
199
242
29
156
72
65
242
59
251
89
31
33
246
50
213
152
222
39
4
93
7
199
68
53
128
61
107
20
30
127
214
32
37
2
46
209
103
216
151
247
121
19
184
212
41
134
44
33
158
194
72
210
88
34
202
165
233
148
28
245
46
209
160
16
9
32
0
182
75
25
114
120
25
120
85
32
251
124
56
255
130
90
95
151
126
255
244
94
53
93
191
251
226
251
213
123
45
245
81
238
181
189
229
60
31
110
217
87
235
213
101
87
190
94
122
173
124
244
213
124
39
85
174
117
237
159
172
143
13
240
29
157
95
120
246
43
188
89
159
36
250
2
208
8
11
159
192
158
8
199
162
57
204
168
14
37
49
69
118
0
146
192
50
203
76
96
213
225
47
19
59
133
98
151
172
219
20
122
8
234
99
98
88
102
105
148
84
181
111
144
254
24
5
180
129
124
113
24
51
182
185
48
211
38
74
143
218
77
235
255
249
223
152
189
251
188
251
173
26
108
253
137
245
61
59
236
115
202
120
101
215
57
55
127
123
55
127
151
224
159
99
119
249
253
55
242
223
106
61
213
151
244
115
159
191
30
5
253
165
255
253
16
246
191
159
217
223
54
255
12
41
171
212
18
199
217
111
149
230
151
148
81
196
185
226
139
84
66
107
134
57
230
3
29
130
134
5
66
137
29
75
71
38
117
186
18
122
203
20
16
117
181
106
166
20
97
106
25
44
58
5
240
29
180
72
16
98
59
249
73
23
35
250
24
2
101
133
168
189
163
112
172
21
211
87
205
113
89
0
244
201
67
226
244
102
194
241
217
56
149
254
104
150
225
202
223
120
65
172
221
40
232
72
252
28
57
143
197
33
247
111
186
172
137
11
240
29
152
89
44
243
19
177
120
87
96
250
199
50
211
51
221
162
43
216
192
43
192
58
226
194
131
89
226
69
59
70
75
133
11
28
70
216
122
175
210
13
33
31
115
135
156
251
0
181
37
86
128
66
16
88
75
25
8
145
76
44
16
180
65
250
4
227
192
188
129
26
28
70
48
53
34
208
8
11
143
209
154
9
95
138
61
204
184
6
45
61
213
150
0
146
196
50
211
77
97
196
225
46
19
123
151
114
167
172
219
20
122
72
234
99
114
93
102
41
148
86
181
111
145
254
24
5
182
1
220
89
16
179
182
189
48
91
42
202
35
204
109
131
203
141
147
137
190
85
6
111
189
127
249
212
226
183
20
50
220
118
154
108
117
246
57
63
190
219
95
63
151
228
79
154
210
123
233
62
213
85
76
174
197
6
252
51
141
173
24
13
254
5
141
107
56
118
50
189
218
31
40
250
90
241
154
124
55
115
216
182
87
154
245
184
126
128
39
91
252
222
114
223
35
243
231
151
173
11
246
217
83
101
244
224
255
60
180
238
223
124
192
113
122
203
247
108
243
117
131
110
191
170
31
199
114
61
240
93
147
179
63
219
121
250
230
227
205
254
255
233
118
127
251
246
121
255
236
207
222
181
255
235
233
253
255
239
125
213
118
176
237
109
189
246
109
71
246
179
253
80
213
235
91
127
253
245
250
95
122
62
215
183
210
125
157
173
30
7
248
125
159
77
22
246
59
188
93
210
98
251
72
10
134
131
138
217
162
165
29
184
94
5
16
52
27
162
157
8
193
144
253
81
207
144
89
109
28
164
40
214
155
194
141
24
67
32
61
194
236
40
108
21
119
38
69
167
55
224
191
72
173
171
151
77
88
216
102
73
135
224
3
139
72
78
91
189
218
118
127
162
218
10
83
163
245
240
190
194
160
90
230
147
56
215
135
61
195
95
231
202
226
239
66
45
229
102
151
175
20
159
107
125
255
87
104
217
253
105
217
29
183
47
221
238
24
71
116
53
120
235
80
191
191
187
57
59
177
206
47
246
101
41
159
165
143
88
165
127
136
125
173
47
165
85
203
116
3
112
241
114
26
125
84
252
97
55
26
91
121
95
207
236
159
190
242
248
105
127
108
72
78
169
212
113
244
123
56
188
24
13
230
152
220
65
56
178
183
157
154
223
40
50
2
1
16
86
1
128
64
2
34
32
37
64
16
64
36
19
102
50
32
131
130
44
81
67
64
147
131
110
2
40
129
64
151
182
50
24
0
72
114
66
32
163
44
65
160
92
113
15
81
128
32
68
52
0
48
171
25
51
50
23
0
113
145
75
2
129
144
222
1
130
68
7
35
0
37
128
18
224
36
27
111
34
32
131
134
45
81
3
64
147
131
108
3
168
128
68
151
182
50
16
0
72
114
66
33
42
172
97
189
92
117
110
81
128
112
68
52
0
48
139
25
115
114
55
16
101
129
203
35
212
8
10
159
128
15
8
230
3
9
72
161
14
36
21
79
119
0
144
128
34
155
108
68
212
121
47
18
58
1
65
135
172
159
26
34
8
42
67
32
72
36
169
149
80
180
55
16
156
16
4
164
129
252
99
24
50
50
61
16
87
36
106
223
114
211
33
221
160
171
216
200
187
208
123
227
203
131
89
234
205
63
70
233
141
142
92
206
217
123
175
214
11
99
191
115
167
156
255
116
181
37
87
105
66
74
90
75
9
152
145
76
93
80
177
69
246
140
227
192
188
129
159
220
71
48
53
28
42
127
201
56
253
184
245
25
190
206
21
80
52
217
226
131
200
203
106
213
80
12
152
237
44
12
194
77
199
63
222
113
80
125
106
84
243
137
182
155
20
75
22
102
166
74
113
139
109
111
55
216
29
143
76
134
192
11
236
77
14
98
180
3
212
8
11
207
128
135
8
38
3
9
202
160
78
36
21
69
119
4
144
194
34
147
100
100
212
113
45
18
42
1
1
134
172
155
154
34
8
106
34
32
72
36
105
21
80
180
55
16
156
16
4
180
129
236
99
24
50
50
61
16
215
52
74
201
206
231
213
232
255
255
240
57
253
110
79
206
253
82
172
173
237
253
111
254
205
190
249
123
127
31
182
253
7
123
191
243
243
120
121
215
245
252
190
85
60
235
183
237
10
255
177
141
197
94
253
221
255
142
239
121
220
113
175
198
55
17
188
92
9
143
213
34
219
220
246
29
218
87
148
27
244
59
202
141
221
120
47
134
61
198
243
105
215
178
116
64
227
54
107
215
48
113
168
86
124
250
113
112
61
245
111
183
4
245
111
159
168
27
199
242
93
156
92
81
242
59
255
89
31
1
250
35
158
104
195
239
156
147
9
255
85
6
78
189
122
124
213
246
247
4
48
212
118
155
101
117
214
49
63
62
251
93
47
135
236
91
146
242
91
235
62
225
93
104
173
149
70
252
39
145
157
152
13
182
5
159
107
48
114
114
173
82
95
40
250
28
35
148
149
32
195
170
117
4
184
83
21
81
116
25
2
252
138
67
194
213
33
199
147
201
8
164
204
64
132
177
202
95
56
69
190
93
58
201
68
56
84
145
46
69
164
131
111
155
172
153
3
242
29
152
73
66
115
19
241
72
7
32
246
12
12
173
149
34
157
249
97
157
230
215
20
209
52
57
70
152
89
66
98
148
117
210
211
29
48
148
212
64
213
53
235
71
16
67
170
218
122
200
88
176
21
117
46
229
164
225
111
155
172
137
15
242
29
156
88
16
67
123
189
107
159
104
250
12
34
109
149
42
157
185
97
172
230
211
22
217
53
89
2
144
73
66
98
212
116
66
243
93
52
149
252
32
150
55
203
87
16
67
170
216
122
232
72
244
28
49
175
245
36
245
111
155
172
137
3
242
29
156
89
0
115
19
189
104
215
104
250
192
138
134
213
232
223
242
241
24
189
78
79
194
245
90
168
173
201
253
111
222
173
174
249
107
126
159
246
236
7
51
30
223
115
113
113
85
151
252
162
209
60
137
182
237
46
255
179
141
201
77
241
213
255
155
203
71
220
51
173
68
119
1
254
34
158
108
195
175
157
151
9
127
81
22
76
189
126
124
213
254
183
12
184
212
118
147
117
113
214
113
63
62
251
29
35
135
236
91
16
242
91
234
48
245
93
104
173
149
132
245
111
145
157
152
13
182
5
223
121
16
114
114
189
82
95
44
218
254
249
218
119
127
163
254
10
89
163
245
250
254
194
164
91
251
151
63
215
175
61
227
95
167
223
243
191
83
111
246
254
159
175
156
223
123
125
255
247
88
251
253
105
219
29
183
191
223
238
24
199
251
181
252
235
80
191
247
187
57
123
177
79
3
134
0
34
205
136
130
9
42
89
2
67
160
83
72
21
98
23
133
16
192
36
138
104
98
144
8
7
158
8
9
71
23
224
88
16
113
218
173
134
197
84
10
136
64
6
216
65
128
85
24
4
244
5
143
169
18
82
182
164
64
87
36
89
114
213
89
158
3
6
95
11
199
70
53
144
61
106
52
86
246
151
0
101
2
184
193
38
220
151
227
29
3
184
84
41
130
36
20
158
194
88
131
92
34
203
181
105
148
28
229
14
147
164
16
5
40
24
180
67
24
242
121
185
88
86
34
251
3
130
0
162
221
136
130
8
10
105
2
71
160
79
72
49
64
103
133
16
192
36
138
104
66
144
8
7
146
43
9
71
23
160
89
16
49
194
173
134
193
84
10
8
64
18
252
65
128
84
24
4
180
133
141
163
16
0
182
164
128
87
54
72
93
58
247
81
216
99
163
246
250
188
194
119
111
241
155
224
242
205
219
102
229
109
79
255
206
106
108
207
236
13
251
254
127
103
69
191
84
178
125
244
221
84
26
22
73
235
203
199
185
44
77
81
240
63
157
73
76
252
3
173
216
7
33
252
212
58
247
213
248
35
163
254
246
60
194
119
79
241
155
112
242
197
219
102
229
175
142
255
206
106
108
223
236
140
251
238
127
103
69
191
84
178
93
212
221
84
154
22
73
170
201
207
185
44
217
17
240
62
156
73
76
252
51
157
88
6
33
252
27
141
204
78
38
159
208
55
63
212
23
196
156
121
61
68
156
243
80
187
212
119
211
227
121
50
148
84
108
241
221
99
159
120
65
36
223
75
250
121
244
157
109
39
181
244
247
111
183
202
137
15
182
13
155
93
59
215
58
189
115
187
76
202
114
85
89
158
2
14
95
11
199
70
53
144
61
106
180
86
246
150
4
101
2
184
193
38
220
151
227
29
3
184
84
41
146
36
20
154
194
88
131
92
50
202
189
105
148
28
229
14
147
164
16
5
40
24
181
73
24
242
57
185
88
86
32
251
115
53
121
158
50
7
95
11
199
70
29
176
61
110
180
86
255
215
0
100
2
120
209
38
220
214
231
29
2
184
92
41
130
36
5
158
194
120
83
92
32
203
181
105
149
28
229
14
151
164
17
13
34
24
180
83
24
114
121
153
89
214
40
250
68
9
130
144
0
74
36
103
1
128
43
128
82
196
27
170
141
8
224
135
134
45
70
131
89
71
134
68
0
132
128
64
199
18
97
32
20
8
234
96
96
60
181
99
181
52
55
110
147
168
169
211
178
93
24
24
7
67
19
241
0
113
65
106
125
62
247
81
88
239
167
127
249
244
206
117
199
253
217
237
251
237
251
111
245
47
90
255
223
126
92
206
124
79
123
239
207
67
103
191
20
186
253
126
221
21
218
166
77
235
63
227
188
116
237
248
243
125
143
65
100
252
199
175
218
71
45
222
0
137
140
28
32
74
92
39
3
128
63
192
18
49
30
138
141
10
96
171
134
45
65
195
217
67
132
212
33
164
136
64
159
24
97
32
157
8
234
40
114
62
177
167
181
50
183
111
179
234
169
75
176
77
25
28
47
211
18
241
112
113
65
202
72
141
174
220
34
87
216
167
49
230
5
140
26
164
63
174
141
56
112
175
150
253
86
163
89
99
134
84
97
244
30
99
231
16
99
168
218
106
218
104
242
61
189
46
183
54
225
110
157
168
58
79
240
93
152
92
27
243
123
253
123
112
75
235
205
254
255
73
98
127
186
244
121
191
236
143
92
53
239
235
237
249
251
239
125
209
103
176
233
109
189
252
237
71
191
51
253
97
85
249
90
123
253
116
254
95
56
62
213
246
210
108
157
173
14
7
248
93
159
77
22
254
59
156
89
87
98
251
122
56
253
191
218
207
127
173
254
126
94
29
189
238
255
254
255
215
81
98
252
241
206
62
155
205
188
63
251
219
127
239
215
37
85
247
215
115
253
126
112
221
93
47
213
22
229
111
159
172
155
13
246
29
157
217
88
246
59
185
90
87
42
254
28
138
101
213
42
157
159
97
141
247
251
210
217
113
217
100
144
221
98
107
212
116
210
251
93
214
165
126
4
190
55
202
199
20
71
170
208
120
232
99
100
28
49
175
245
22
245
107
155
172
24
3
242
29
157
89
0
242
19
189
120
87
104
254
12
9
171
148
2
197
249
79
133
230
7
148
81
132
185
226
138
84
0
107
134
61
198
3
29
138
134
5
66
201
61
75
71
6
117
186
18
122
203
22
144
117
116
98
166
20
97
107
25
40
56
5
242
29
188
72
16
98
59
253
73
23
35
242
127
249
203
119
127
163
255
10
209
171
245
250
250
202
164
89
226
151
63
215
231
63
195
95
166
222
243
175
82
111
228
250
223
175
156
191
123
125
255
119
120
239
255
105
219
93
183
127
223
190
24
199
233
181
124
225
80
191
255
187
57
63
177
15
109
213
204
58
23
39
119
30
181
110
44
185
46
171
164
79
226
247
37
117
241
99
241
55
64
43
225
31
123
24
97
97
219
44
150
182
67
24
49
253
126
202
58
143
208
113
199
78
152
164
24
12
96
60
159
77
56
182
55
158
154
214
46
249
34
222
8
194
175
156
132
9
47
81
7
74
189
122
108
213
236
247
36
177
196
118
147
101
117
214
81
47
54
122
29
33
135
236
91
146
226
90
235
32
225
221
40
105
149
70
245
39
145
181
152
12
182
5
155
107
16
82
50
189
82
93
44
218
80
235
23
205
224
91
174
244
201
148
123
138
193
53
95
170
255
201
107
110
12
161
70
144
201
77
189
172
197
130
51
154
244
5
65
184
88
58
232
96
182
92
49
55
245
190
245
44
155
137
141
67
240
29
157
73
68
250
17
253
88
87
96
250
12
12
173
145
34
221
249
101
29
230
71
4
209
52
185
70
136
89
66
107
148
117
82
211
29
48
148
212
64
215
53
203
71
16
71
170
210
250
232
90
176
53
117
38
231
164
229
107
155
168
184
15
242
29
156
88
16
66
59
189
75
155
104
242
76
137
138
221
34
211
220
167
31
210
31
204
147
244
59
234
141
217
120
47
6
61
198
115
105
215
146
116
85
227
22
43
215
16
49
232
86
89
250
113
112
61
245
109
183
20
245
110
159
168
187
7
240
93
188
94
17
211
59
253
81
61
1
250
105
245
220
58
87
167
119
54
117
110
100
185
46
235
164
79
226
119
81
229
249
103
211
55
64
42
228
31
123
24
249
225
223
108
148
182
19
88
49
253
94
202
62
143
208
113
195
79
24
172
24
5
112
60
156
77
56
182
51
155
154
214
38
233
68
5
147
144
0
70
36
71
1
228
42
17
17
164
147
130
235
76
161
99
130
137
236
3
93
137
132
5
1
136
48
79
117
38
117
186
16
228
5
68
32
96
56
34
14
20
65
234
89
32
122
20
48
24
180
8
128
98
35
249
72
68
33
242
58
141
238
206
46
223
213
55
63
213
63
204
159
125
126
236
253
179
96
179
244
119
211
231
249
119
149
126
109
211
215
227
207
124
67
52
219
74
250
104
116
29
101
175
149
114
245
111
191
168
137
11
246
13
152
93
59
247
114
189
243
249
8
218
254
249
219
119
119
163
255
218
221
187
241
251
231
202
166
91
178
221
63
95
239
191
195
95
167
222
243
191
82
111
118
238
223
175
188
255
127
125
249
245
122
238
247
105
251
93
183
127
255
190
24
215
232
189
252
113
80
191
247
251
189
255
177
191
216
234
95
77
226
95
178
245
249
148
111
143
220
53
127
168
239
201
123
238
92
193
7
148
203
109
189
252
237
134
186
178
252
109
65
252
90
51
236
96
254
31
56
54
213
254
242
108
157
141
15
7
240
29
155
73
20
254
27
188
88
87
98
249
4
170
225
241
40
156
174
97
141
246
107
210
209
49
217
2
129
205
98
107
134
117
194
91
93
215
149
247
4
170
55
202
215
16
215
170
208
248
232
35
100
60
49
173
247
132
245
107
154
172
24
3
242
29
157
88
0
210
19
189
88
87
104
254
88
43
23
221
32
217
186
244
200
182
123
20
209
48
91
162
191
204
106
110
14
161
198
146
137
93
181
168
68
130
55
154
119
20
65
186
92
122
232
64
176
92
177
63
229
174
181
46
155
137
141
195
242
29
149
89
69
226
17
249
88
71
96
246
12
10
169
209
42
157
190
97
141
230
75
22
209
52
249
66
129
93
98
107
150
117
194
219
93
212
149
118
64
166
55
202
71
16
87
170
208
248
232
2
48
60
113
45
247
132
245
107
155
172
24
7
242
29
156
88
0
194
51
189
73
87
104
242
68
9
131
152
0
66
4
103
1
130
43
128
80
132
27
138
13
8
224
135
6
45
70
131
217
71
150
196
1
132
128
64
199
18
97
32
24
8
226
64
32
60
181
99
183
20
55
110
27
168
169
211
179
89
48
16
7
3
19
241
1
113
65
106
253
62
247
85
248
239
231
127
235
117
206
117
215
255
218
252
251
239
251
107
255
15
254
255
223
126
124
239
236
95
251
239
207
103
101
191
212
178
253
126
221
85
200
182
205
234
109
231
189
100
237
252
242
127
159
73
100
252
195
175
218
71
37
254
11
141
140
30
34
223
208
39
51
196
23
196
156
124
63
14
141
51
112
179
150
119
83
227
121
114
148
124
104
245
157
96
151
120
65
0
219
72
250
104
48
157
109
45
149
116
247
111
151
202
137
15
182
13
216
221
59
211
122
181
115
251
72
202
0
137
136
158
32
138
92
38
3
128
5
136
0
53
28
138
141
11
96
147
134
101
67
195
241
83
132
84
33
164
136
64
159
24
67
0
139
8
234
40
48
190
33
161
181
112
183
111
147
202
169
75
180
77
121
156
63
195
26
241
48
113
194
203
3
215
0
139
205
128
135
8
38
67
9
74
168
79
36
21
100
247
4
148
10
38
144
96
68
212
57
45
150
42
3
17
146
164
159
154
66
72
107
2
33
72
40
105
21
88
252
21
0
149
16
4
40
128
142
99
16
50
48
29
80
87
48
58
120
141
174
221
34
223
222
167
31
214
31
206
155
124
123
174
157
147
120
175
214
117
214
195
249
103
148
126
65
243
214
235
199
56
67
32
222
74
234
120
240
29
245
175
181
54
181
111
159
170
137
75
240
93
153
83
115
243
123
249
115
251
72
250
197
78
71
165
232
220
171
201
188
127
10
79
153
125
123
165
225
221
29
98
204
129
174
56
78
220
188
102
220
3
59
127
113
161
93
123
82
243
173
246
211
92
8
30
193
134
200
17
137
45
92
5
241
95
141
73
144
240
51
188
92
86
34
184
122
156
253
255
255
239
127
141
254
125
94
31
189
238
191
252
255
215
25
98
236
253
203
62
159
206
250
127
251
251
247
239
215
167
85
247
247
115
253
126
114
93
221
106
213
150
237
127
157
172
24
5
246
29
156
233
88
246
123
189
218
71
50
244
12
9
139
184
0
197
249
79
133
230
3
148
17
132
185
194
138
92
129
107
134
53
198
75
13
136
134
5
64
168
61
75
71
20
117
170
16
250
201
22
144
116
116
32
55
20
97
107
153
40
56
21
242
29
188
72
16
226
59
233
73
7
35
242
193
154
146
75
232
248
230
212
122
185
46
207
226
85
75
169
239
227
187
139
205
45
111
221
227
79
125
166
69
7
163
102
223
163
75
53
123
187
237
102
249
92
42
175
221
114
63
243
185
204
8
33
245
253
153
235
23
250
183
165
208
119
32
254
120
62
247
255
250
255
123
237
254
125
94
31
157
254
187
252
255
215
249
98
252
255
154
62
158
238
254
255
250
219
127
239
215
167
87
247
247
243
253
126
124
93
221
30
221
158
237
111
157
172
153
13
246
31
156
201
88
254
123
189
218
71
50
252
194
209
130
186
85
98
13
138
167
139
40
202
3
142
38
31
73
117
53
21
2
135
240
43
70
215
59
39
147
42
34
16
210
39
158
219
98
108
103
181
98
106
50
105
159
92
116
252
80
188
16
0
65
162
164
170
144
176
32
31
92
85
18
187
219
220
222
87
102
223
223
182
123
253
127
219
158
191
86
154
61
171
124
191
191
221
231
251
251
119
255
254
105
247
214
239
223
249
32
101
255
205
254
251
124
157
239
255
191
56
255
251
255
202
171
223
253
239
121
254
127
223
255
123
247
185
221
206
196
43
151
213
104
199
227
231
152
253
66
21
83
245
219
162
162
205
201
43
220
173
238
155
89
202
134
134
72
139
59
94
119
35
117
184
20
250
205
244
208
116
152
6
233
6
201
107
153
44
125
81
241
29
157
73
4
250
51
189
72
22
33
252
248
58
255
255
250
247
255
237
255
253
94
63
191
254
187
252
251
215
249
98
252
253
222
60
222
238
254
191
234
219
127
255
247
167
71
247
247
247
253
126
124
93
223
126
221
134
205
247
189
172
153
173
246
63
156
249
92
252
123
189
222
79
49
244
207
206
71
229
252
252
187
217
184
127
74
79
137
117
89
161
224
221
157
98
204
161
174
120
78
220
188
102
220
3
59
127
113
161
92
121
114
243
173
246
211
92
74
30
193
134
200
17
137
13
28
37
253
255
143
105
144
244
51
188
92
86
34
189
72
11
135
213
104
215
250
231
24
253
66
85
147
245
219
170
170
201
249
47
204
45
238
187
91
202
166
134
76
195
59
95
119
35
117
49
85
254
253
244
208
116
153
14
235
134
201
251
153
44
124
245
245
93
157
200
85
254
51
253
72
22
35
254
213
205
158
95
98
95
92
163
27
167
63
202
150
246
126
250
229
211
60
175
15
189
225
131
203
87
183
126
193
15
150
48
210
52
84
251
90
127
226
244
242
222
185
63
181
30
245
111
153
172
26
7
248
29
157
75
17
243
49
61
88
116
34
250
92
40
218
181
250
217
242
101
92
160
215
52
213
246
187
242
251
155
91
194
207
55
207
157
157
72
252
239
64
207
183
238
71
45
71
190
87
123
233
86
184
85
213
46
197
173
175
47
159
236
153
5
242
29
152
89
82
243
59
249
89
35
32
238
92
43
31
213
162
221
190
228
10
182
123
20
209
116
91
226
253
200
73
106
142
177
198
144
137
93
181
236
68
130
55
186
115
52
81
10
94
122
232
66
176
29
241
62
229
142
245
63
159
137
133
195
242
93
149
89
65
242
25
249
89
7
96
246
216
202
23
205
232
95
162
181
235
20
127
142
221
117
95
168
253
203
123
110
92
193
6
148
203
109
189
252
237
130
187
186
252
45
67
61
91
18
236
96
190
30
24
22
213
254
242
108
153
141
141
3
240
93
155
201
69
254
17
188
80
87
66
249
76
137
138
221
34
211
220
135
31
178
13
140
18
148
59
234
141
219
56
143
134
61
198
67
41
71
146
102
65
227
22
98
151
16
113
96
82
73
234
112
112
61
229
100
183
20
117
111
159
168
59
71
241
93
184
218
17
211
59
253
81
121
1
250
1
6
4
2
205
154
130
24
48
25
130
67
160
89
0
1
68
43
133
144
224
39
27
112
64
58
89
38
60
4
129
71
159
40
80
32
113
8
44
40
229
20
10
135
193
97
178
67
56
202
24
4
245
13
219
129
55
83
150
181
128
243
164
74
2
129
136
154
0
138
86
7
3
130
5
136
16
39
14
26
157
35
96
145
135
117
83
195
209
81
208
76
33
180
129
64
143
24
67
0
139
8
234
104
32
187
37
225
181
80
183
111
147
234
169
75
180
73
120
146
63
131
94
177
48
241
202
75
254
249
251
253
63
59
125
250
221
187
241
251
231
202
182
95
187
253
255
91
239
191
227
127
135
255
243
255
91
111
246
239
223
189
190
255
247
253
249
119
120
206
247
127
255
117
183
127
252
190
56
215
226
189
254
85
208
191
247
223
189
223
181
183
68
9
155
152
0
66
68
39
3
130
47
128
80
132
27
138
13
10
224
135
6
53
70
131
217
67
146
228
1
132
146
64
135
18
97
32
28
72
234
96
32
61
181
97
55
20
55
238
19
136
169
211
179
89
112
210
7
11
11
241
1
113
65
234
11
141
140
26
2
207
214
7
51
194
21
132
24
100
47
10
141
19
32
183
151
117
83
195
241
83
144
124
32
244
159
96
143
24
65
0
155
72
234
104
48
61
109
33
149
84
247
111
151
234
137
79
182
77
88
218
59
147
122
177
49
249
72
202
42
141
174
154
34
95
214
39
47
198
63
204
30
124
127
238
157
51
96
183
150
119
211
227
89
119
149
126
33
242
215
227
135
56
67
36
219
72
250
104
112
29
101
173
149
116
183
111
159
232
137
15
246
13
152
211
59
243
114
181
115
249
72
234
222
217
158
213
102
31
92
179
27
255
63
218
158
240
126
218
229
211
60
175
14
189
224
179
235
87
183
126
209
107
150
59
242
53
84
251
90
127
242
245
210
223
185
63
187
30
197
111
157
173
26
7
248
29
157
75
17
243
57
61
93
52
34
251
4
1
147
188
0
70
32
71
1
224
66
149
17
128
155
162
235
76
129
99
134
41
238
11
77
137
130
1
1
8
48
79
117
6
117
186
16
228
65
70
160
96
48
34
46
20
65
234
25
40
122
21
240
28
180
72
128
226
35
233
72
70
33
242
12
42
171
177
42
223
190
97
13
246
67
22
209
52
251
66
137
89
225
107
148
117
202
219
29
212
148
166
64
199
55
202
71
16
85
42
16
250
233
18
48
53
117
37
247
132
245
107
155
172
56
5
243
93
156
88
16
66
51
253
73
23
104
246
163
223
0
2
143
152
134
9
47
65
7
106
186
94
108
149
236
183
36
145
198
38
145
96
101
214
81
43
54
58
9
33
134
236
90
154
98
90
235
54
225
157
40
105
149
86
244
15
193
181
16
12
180
5
171
43
16
82
50
61
80
93
52
218
109
245
254
187
93
167
119
126
117
238
196
184
174
235
167
79
226
247
81
103
249
101
219
183
64
42
224
159
123
25
233
227
255
102
150
186
19
120
53
124
94
74
58
142
209
17
195
79
25
172
24
5
112
60
156
77
56
182
51
159
152
214
38
251
12
138
169
233
40
191
190
65
45
254
107
194
209
52
249
66
137
93
169
107
132
117
202
123
77
215
149
167
68
163
55
202
215
144
223
42
80
248
233
50
96
60
112
45
247
132
245
107
155
172
56
5
243
29
157
24
16
194
51
189
73
87
104
254
251
221
255
253
119
119
95
187
183
199
253
218
159
233
118
127
181
247
126
127
62
255
176
50
191
247
247
127
251
251
118
185
242
125
182
223
202
125
250
253
114
235
253
249
191
28
245
62
207
175
146
207
232
186
180
127
121
183
121
91
127
252
187
187
131
215
64
162
221
0
14
8
38
67
41
74
172
79
4
21
102
247
4
116
74
166
128
104
70
214
59
43
146
42
35
49
82
166
28
155
66
120
47
214
5
194
24
89
213
24
252
21
0
165
16
4
104
2
142
43
16
112
48
29
92
87
48
184
12
8
155
176
0
223
186
71
9
238
67
148
145
4
185
66
138
93
129
107
134
53
202
91
13
216
150
5
80
3
55
75
87
148
117
170
16
250
233
22
48
116
116
32
39
132
101
107
155
168
56
5
242
29
188
72
16
226
59
237
73
7
33
246
250
27
254
212
118
87
89
247
55
252
119
19
31
248
50
254
252
215
124
47
94
189
228
59
158
171
182
94
250
217
254
255
115
39
52
251
214
116
210
245
208
205
253
94
203
142
193
78
141
165
95
133
234
30
159
79
209
118
123
95
95
12
32
189
199
197
154
216
48
86
220
199
19
254
45
152
2
194
135
31
235
214
188
43
134
173
236
11
110
199
163
79
87
41
48
127
227
134
60
235
114
253
103
246
114
234
168
124
190
156
81
238
89
173
126
21
60
80
180
66
145
248
104
31
92
116
51
179
222
137
138
217
34
91
222
135
27
178
63
138
18
148
63
218
141
155
56
143
142
181
198
3
41
87
147
110
65
235
150
98
151
146
81
97
90
201
234
114
112
189
229
101
183
28
117
107
223
232
43
215
181
93
184
218
83
219
59
125
89
113
81
238
66
137
138
154
2
91
222
7
3
226
13
132
16
230
47
26
157
19
32
151
135
117
83
195
209
87
208
108
1
238
158
98
135
16
195
32
155
72
234
106
32
61
101
97
181
92
183
111
151
234
137
79
182
73
120
211
19
211
18
177
49
249
216
202
68
0
147
180
0
66
160
199
16
232
66
21
16
134
155
162
107
88
129
98
128
169
238
27
77
137
2
5
67
1
49
79
117
167
117
186
49
246
69
86
49
100
16
34
78
4
65
234
25
36
126
21
240
30
180
72
144
104
43
233
72
6
33
246
216
139
159
215
232
255
250
247
25
253
86
221
146
241
91
170
238
221
253
111
204
45
238
251
107
91
186
166
77
67
51
127
247
35
125
49
87
255
253
244
209
124
249
30
219
134
89
243
157
137
126
245
245
93
157
200
213
254
51
253
88
87
3
255
195
215
80
182
221
0
14
8
38
67
41
106
172
79
132
21
98
247
5
245
11
174
129
106
68
222
243
43
146
42
163
49
82
167
28
155
66
120
35
214
5
202
56
233
215
24
252
29
0
165
16
4
104
18
142
41
16
176
49
29
92
87
48
56
76
42
155
185
0
254
170
69
9
238
66
148
81
4
155
194
139
93
129
106
132
49
206
91
13
216
154
133
64
3
51
79
71
144
125
171
49
250
233
54
32
116
112
32
119
148
101
107
155
168
56
53
179
93
188
72
0
234
59
237
73
71
33
246
70
161
154
24
0
66
68
7
67
162
5
128
80
134
39
26
13
10
160
135
131
53
67
131
209
65
212
236
1
172
128
64
135
18
3
36
40
8
106
96
32
41
164
97
55
84
55
110
83
234
169
91
182
73
120
210
15
3
90
241
49
113
201
66
38
197
136
26
1
138
22
11
3
2
13
168
176
70
36
30
29
35
32
149
135
119
81
71
208
87
209
109
3
184
129
64
143
156
195
134
171
8
234
106
32
155
36
225
149
121
183
111
243
234
136
74
164
65
120
147
59
147
214
177
48
241
250
74
199
87
128
118
77
162
110
18
33
43
1
202
130
199
38
11
13
111
164
147
138
173
90
75
64
87
147
102
16
32
1
70
147
147
178
33
33
136
98
99
96
42
42
225
183
89
183
107
80
194
56
4
229
120
248
138
19
187
183
151
24
115
149
74
217
219
214
87
239
51
243
184
254
53
126
127
190
255
75
104
246
155
127
246
124
207
135
244
234
110
253
254
252
131
250
190
250
109
68
247
95
19
221
252
223
94
24
30
201
235
203
5
173
173
29
5
249
127
159
203
112
252
49
156
120
70
34
249
109
52
255
187
223
167
243
252
241
239
196
191
255
235
163
79
234
125
115
115
251
253
223
255
70
234
250
191
122
93
121
239
223
39
21
187
19
249
117
126
88
75
126
14
209
25
203
183
29
172
24
5
240
188
28
69
56
190
187
187
152
215
34
251
249
27
30
87
233
191
183
184
222
21
127
95
181
126
91
164
246
187
95
102
124
167
135
244
218
110
252
238
244
146
251
186
234
45
65
247
83
19
204
220
216
93
17
150
197
235
139
13
189
173
157
9
241
127
159
195
112
254
51
189
120
22
32
248
205
206
68
229
253
184
186
216
56
123
106
79
138
121
200
161
160
221
157
107
204
33
170
120
111
222
43
54
220
3
59
95
115
241
92
113
119
243
173
183
215
94
74
30
209
134
216
81
136
221
28
37
205
255
143
105
144
222
179
156
92
87
34
189
241
15
151
87
232
95
163
177
222
53
126
23
145
222
91
164
247
171
123
70
124
167
151
212
219
108
220
236
192
146
202
186
239
45
67
181
215
18
237
124
248
21
16
150
197
235
155
77
189
172
137
9
241
127
153
195
96
248
51
189
122
86
44
216
248
110
215
95
234
95
162
183
249
53
126
31
159
247
123
232
255
219
123
102
92
207
142
180
218
109
188
254
237
211
186
190
249
111
65
245
95
19
245
116
255
29
24
22
77
238
203
197
173
45
205
141
241
127
155
203
84
252
43
156
88
70
34
249
76
174
233
169
234
255
174
65
9
255
98
216
209
48
249
192
137
93
169
105
196
117
90
217
93
213
157
167
68
199
55
202
199
144
221
43
80
248
237
50
100
60
120
45
247
148
245
123
159
172
24
37
243
93
156
24
0
202
19
173
73
91
104
254
131
221
0
38
199
136
86
9
47
65
45
234
162
94
100
29
237
179
36
149
135
46
145
99
101
215
113
111
22
58
193
33
134
164
84
154
98
89
235
118
97
222
40
233
149
88
252
47
193
167
16
4
104
5
235
163
16
242
50
189
24
85
176
74
216
234
21
221
232
223
170
225
111
183
123
14
221
117
91
176
245
203
89
110
206
225
6
216
217
93
189
254
229
134
187
186
243
53
67
15
89
114
252
98
190
30
17
30
245
174
219
29
155
141
133
67
240
93
151
89
65
255
17
181
88
86
98
253
197
39
147
177
8
128
40
70
2
227
1
68
66
195
130
18
106
8
5
67
139
173
110
11
204
130
162
79
2
44
33
71
55
150
116
138
0
236
99
198
128
32
40
64
162
28
65
171
89
108
48
117
112
24
52
104
144
122
1
165
72
116
113
235
1
6
0
2
201
138
162
16
40
49
134
99
160
91
0
5
76
43
129
144
245
39
27
195
80
122
89
38
48
4
129
71
143
10
65
32
49
136
109
8
236
52
10
135
65
97
183
67
56
206
8
12
245
77
216
129
55
75
151
165
130
243
164
74
92
10
25
213
170
221
254
224
14
231
91
20
213
116
89
242
253
219
72
234
142
49
206
216
141
95
183
238
68
167
183
255
115
180
85
10
78
251
232
90
176
29
229
62
231
142
255
63
159
205
21
7
242
93
149
89
65
211
49
249
89
31
96
246
106
205
138
218
98
95
222
7
15
226
61
206
26
246
63
254
157
51
96
151
151
117
83
67
209
87
145
110
1
254
151
98
135
56
67
32
219
72
234
106
96
61
100
105
149
92
183
111
159
234
136
79
182
77
88
211
51
243
114
181
115
249
216
202
80
41
147
31
0
202
0
167
75
128
95
140
210
212
91
186
45
3
32
199
14
173
71
131
217
87
149
236
1
166
138
0
135
23
97
12
12
138
238
74
32
56
161
97
61
28
63
174
211
200
225
243
181
75
48
226
71
75
16
97
48
97
209
78
217
91
95
87
234
187
255
184
254
53
127
95
189
127
91
160
246
223
95
110
124
239
131
244
202
110
253
254
252
131
247
186
250
109
68
255
83
19
244
252
222
92
25
30
209
235
203
29
189
141
29
5
248
127
159
203
112
254
49
156
120
22
34
248
12
130
201
232
56
186
190
88
57
251
64
202
128
19
172
75
139
221
185
105
196
117
202
121
109
223
59
39
92
67
49
79
215
144
221
43
113
249
237
51
112
252
122
45
247
148
117
123
153
188
56
37
229
125
190
12
16
202
51
173
89
87
33
242
19
219
218
207
179
216
214
0
63
209
29
223
156
127
237
124
239
215
56
47
134
45
194
115
109
223
49
127
119
43
23
63
151
103
61
154
82
89
251
118
49
221
168
103
157
156
253
47
137
189
17
5
184
5
190
107
16
210
58
141
80
77
55
250
197
237
155
250
80
90
116
198
59
79
46
140
2
198
238
251
203
87
189
103
14
173
44
3
111
199
51
45
211
11
50
49
242
7
85
251
3
247
255
244
178
254
56
113
127
30
117
182
213
45
118
116
201
127
165
235
145
248
41
47
92
84
19
177
92
40
147
181
24
226
224
230
16
248
66
21
16
134
139
226
235
220
145
74
205
41
238
27
77
137
34
133
83
1
59
111
117
167
117
187
53
246
77
86
145
84
16
38
79
132
75
226
153
36
126
21
240
30
180
72
144
232
43
249
72
6
35
246
222
10
30
245
234
159
190
225
15
247
123
30
221
116
91
242
244
219
89
234
143
245
138
248
221
94
191
254
196
167
191
254
115
181
71
15
91
251
236
74
180
92
193
60
245
142
207
55
159
205
145
35
246
93
157
251
64
255
17
181
92
114
112
180
69
38
164
1
200
134
34
65
160
48
130
5
192
49
9
1
72
41
227
208
249
71
90
213
210
120
28
230
40
150
129
198
79
24
67
36
25
136
109
74
108
20
56
167
69
97
183
227
56
204
136
8
245
93
88
193
62
79
151
181
170
243
104
74
199
213
80
54
221
42
94
8
34
67
169
234
166
79
196
17
227
231
37
213
11
172
129
106
68
222
243
107
210
42
161
49
82
167
156
155
67
124
35
215
98
202
56
105
215
25
244
31
128
183
16
4
104
178
174
41
16
178
49
159
28
86
176
184
86
161
154
26
0
66
76
7
67
162
9
164
80
198
167
26
93
3
32
150
131
53
67
135
208
85
246
237
1
172
134
66
135
154
131
38
40
136
106
98
32
41
165
97
55
124
55
111
119
234
40
87
182
73
112
210
7
43
154
113
57
241
217
66
248
58
126
87
234
159
250
161
206
55
127
30
221
119
91
244
246
203
95
230
255
167
147
220
219
110
255
254
196
151
255
182
227
45
71
127
219
187
236
222
216
92
81
158
241
238
139
21
191
205
152
43
244
127
155
219
80
255
113
181
126
50
56
252
94
10
26
245
170
221
254
225
14
231
91
30
212
116
249
242
245
219
24
235
143
53
206
89
157
222
162
127
68
231
183
255
115
148
93
11
86
251
232
82
176
29
229
108
231
142
239
59
159
205
17
167
254
93
189
121
64
211
59
249
89
59
33
182
249
250
94
87
254
183
255
176
254
55
127
94
159
127
242
124
246
243
95
238
255
239
139
252
218
126
255
254
252
151
255
190
243
109
70
127
219
187
244
255
222
94
217
30
241
234
203
23
189
205
20
35
252
255
159
203
80
255
49
157
252
118
50
189
