posters/Movie Poster 113.jpg
512 : 785
287
108.263
-1
0
328
680
0.00397809
31
104.945
-1
0
101
162
0.00398526
31
-47.454
-1
0
153
109
0.00709604
31
-167.683
-1
0
120
162
0.00442848
31
-157.416
-1
0
135
162
0.0116109
31
-2.5448
-1
0
152
534
0.00931669
31
66.8014
-1
0
356
641
0.00737462
31
22.3532
-1
0
176
175
0.0104986
31
17.0378
-1
0
178
175
0.0113399
31
112.834
-1
0
403
623
0.0040924
31
169.216
-1
0
374
134
0.00561204
31
153.332
-1
0
122
151
0.00582039
31
5.77094
-1
0
241
652
0.00861765
31
98.5912
-1
0
349
527
0.00529323
31
-13.7271
-1
0
134
539
0.00483865
31
156.251
-1
0
138
144
0.0101348
31
-7.12502
-1
0
269
645
0.00411801
31
159.105
-1
0
396
567
0.00652652
31
87.69
-1
0
163
268
0.00447832
31
-152.403
-1
0
414
564
0.0058835
31
-17.2968
-1
0
332
564
0.00431683
31
-93.5988
-1
0
305
593
0.00562014
31
-108.435
-1
0
303
593
0.00632407
31
-107.425
-1
0
135
134
0.00517989
31
106.243
-1
0
128
501
0.00435979
31
-152.981
-1
0
233
600
0.00437187
31
62.9494
-1
0
180
239
0.0054971
31
108.853
-1
0
194
644
0.00763487
31
109.058
-1
0
291
497
0.00508552
31
174.726
-1
0
198
643
0.00413666
31
-177.728
-1
0
404
588
0.00494629
31
-5.03379
-1
0
245
649
0.00911854
31
167.471
-1
0
152
121
0.0063175
31
-38.5584
-1
0
176
120
0.00978379
31
-21.8014
-1
0
135
120
0.0059306
31
-2.69428
-1
0
238
614
0.00601262
31
44.0398
-1
0
246
621
0.00593448
31
-168.32
-1
0
369
327
0.0144436
31
51.1799
-1
0
110
491
0.00473447
31
-145.491
-1
0
309
575
0.00409455
31
-120.372
-1
0
348
488
0.00401835
31
-47.0025
-1
0
249
660
0.00838547
31
116.9
-1
0
374
541
0.00878268
31
180
-1
0
136
175
0.00895133
31
161.429
-1
0
390
568
0.00466193
31
47.7426
-1
0
131
477
0.00423024
31
46.5587
-1
0
336
679
0.0101998
31
169.939
-1
0
220
638
0.00581335
31
6.21782
-1
0
228
157
0.00430705
31
-23.3852
-1
0
246
657
0.00625959
31
-64.8852
-1
0
253
657
0.0065438
31
-82.295
-1
0
198
609
0.00460007
31
177.965
-1
0
400
592
0.00280526
31
177.281
-1
0
125
671
0.003339
31
-47.4628
-1
0
130
535
0.00363436
31
-173.498
-1
0
373
130
0.00356563
31
-97.5664
-1
0
411
294
0.00378806
31
-86.4785
-1
0
231
578
0.00332525
31
-177.036
-1
0
404
576
0.00346842
31
3.02414
-1
0
232
158
0.00281669
31
-44.132
-1
0
152
603
0.00352509
31
23.2689
-1
0
199
162
0.00286387
31
-60.729
-1
0
267
555
0.00335948
31
-70.5472
-1
0
202
192
0.00285343
31
83.4509
-1
0
178
255
0.00381885
31
-48.3109
-1
0
270
545
0.0033123
31
14.6383
-1
0
135
575
0.00339686
31
-78.2826
-1
0
198
604
0.00337906
31
93.6835
-1
0
148
267
0.0037337
31
13.4218
-1
0
235
657
0.00389745
31
31.7769
-1
0
231
661
0.00328245
31
56.3892
-1
0
105
492
0.00343245
31
111.991
-1
0
138
618
0.00326927
31
12.3225
-1
0
155
540
0.00293745
31
67.8437
-1
0
406
339
0.00396243
31
-50.4403
-1
0
272
547
0.00293175
31
139.399
-1
0
295
527
0.00354675
31
-127.983
-1
0
146
103
0.00353582
31
50.1633
-1
0
126
476
0.00336626
31
-105.945
-1
0
133
103
0.00344231
31
111.393
-1
0
143
631
0.00389574
31
-33.0849
-1
0
108
138
0.00313665
31
21.4253
-1
0
188
526
0.00286489
31
23.3177
-1
0
111
146
0.00371733
31
63.4349
-1
0
108
155
0.00299472
31
92.6368
-1
0
187
487
0.0028305
31
2.30083
-1
0
336
571
0.00340314
31
-11.3456
-1
0
146
488
0.00329848
31
37.3596
-1
0
189
642
0.00355411
31
39.6442
-1
0
356
661
0.00314575
31
88.804
-1
0
196
269
0.00325278
31
171.431
-1
0
297
633
0.00295407
31
77.0355
-1
0
398
340
0.00344406
31
-176.82
-1
0
146
192
0.00379744
31
-25.9555
-1
0
266
576
0.00344534
31
-133.568
-1
0
130
193
0.00319324
31
26.2502
-1
0
109
149
0.00384898
31
-40.2058
-1
0
273
540
0.00315176
31
180
-1
0
275
386
0.00333973
31
64.9424
-1
0
337
673
0.00316901
31
56.0527
-1
0
350
663
0.00373845
31
-77.1612
-1
0
200
194
0.00283522
31
-134.523
-1
0
299
587
0.00281477
31
140.981
-1
0
195
648
0.00347274
31
0.561705
-1
0
273
645
0.00311037
31
-102.509
-1
0
101
126
0.00352248
31
-18.3151
-1
0
270
586
0.00335715
31
-83.0333
-1
0
109
428
0.00303613
31
177.614
-1
0
314
492
0.00380541
31
-86.7714
-1
0
285
605
0.00378992
31
90.2423
-1
0
158
269
0.00314042
31
91.757
-1
0
183
255
0.00294026
31
-21.4095
-1
0
228
126
0.00284984
31
-6.92722
-1
0
228
131
0.00304923
31
-72.0186
-1
0
214
599
0.00376502
31
-97.0833
-1
0
286
607
0.00370214
31
-174.92
-1
0
282
635
0.0031622
31
157.62
-1
0
335
669
0.00281315
31
135.796
-1
0
318
132
0.00275715
31
114.017
-1
0
378
537
0.0027611
31
-45.4122
-1
0
239
562
0.00278724
31
68.7927
-1
0
210
269
0.00275576
31
92.0229
-1
0
139
269
0.00275193
31
-95.3558
-1
1
303.6
594
0.00538341
37.2
-9.21893
-1
1
244.8
648
0.00516366
37.2
72.5176
-1
1
355.2
642
0.00479794
37.2
-4.58466
-1
1
152.4
532.8
0.00306238
37.2
-130.711
-1
1
349.2
488.4
0.00229608
37.2
-6.28689
-1
1
244.8
657.6
0.00290292
37.2
7.34301
-1
1
240
652.8
0.00381617
37.2
6.85976
-1
1
229.2
157.2
0.00215696
37.2
160.758
-1
1
313.2
632.4
0.00239792
37.2
-104.744
-1
1
231.6
578.4
0.00217177
37.2
148.079
-1
1
274.8
385.2
0.00219634
37.2
-18.8315
-1
1
268.8
574.8
0.00452343
37.2
-18.2085
-1
1
253.2
656.4
0.0047032
37.2
91.4879
-1
1
126
268.8
0.00224878
37.2
15.4265
-1
1
199.2
162
0.00267723
37.2
90.8443
-1
1
156
268.8
0.00260371
37.2
154.879
-1
1
362.4
345.6
0.00251808
37.2
81.2538
-1
1
172.8
268.8
0.00212886
37.2
95.4526
-1
1
187.2
268.8
0.00223059
37.2
-177.138
-1
1
312
565.2
0.00347788
37.2
86.3671
-1
1
349.2
643.2
0.00226255
37.2
-134.236
-1
1
234
601.2
0.00343116
37.2
28.8108
-1
1
244.8
620.4
0.00447106
37.2
-160.84
-1
1
134.4
162
0.00349976
37.2
69.918
-1
1
210
268.8
0.00225113
37.2
157.865
-1
1
296.4
632.4
0.00335092
37.2
65.1795
-1
1
232.8
268.8
0.00232746
37.2
63.8951
-1
1
350.4
663.6
0.00367893
37.2
-167.106
-1
1
314.4
492
0.00213274
37.2
167.471
-1
1
138
144
0.00296669
37.2
141.376
-1
1
295.2
526.8
0.00275848
37.2
-172.405
-1
1
145.2
193.2
0.0028017
37.2
178.042
-1
1
373.2
135.6
0.00244381
37.2
-23.5232
-1
1
248.4
661.2
0.00416205
37.2
162.35
-1
1
296.4
520.8
0.00592829
37.2
120.964
-1
1
142.8
630
0.00345729
37.2
-40.7462
-1
1
152.4
603.6
0.0021365
37.2
160.498
-1
1
291.6
496.8
0.00324155
37.2
-106.336
-1
1
135.6
133.2
0.00212261
37.2
167.125
-1
1
387.6
560.4
0.00258003
37.2
58.5704
-1
1
180
238.8
0.00234171
37.2
-34.5923
-1
1
237.6
613.2
0.00261719
37.2
-82.4649
-1
1
307.2
592.8
0.00257929
37.2
-90
-1
1
285.6
606
0.00232554
37.2
-27.3239
-1
1
266.4
576
0.00306314
37.2
117.937
-1
1
374.4
541.2
0.00574757
37.2
-27.3324
-1
1
273.6
541.2
0.00241342
37.2
-161.94
-1
1
220.8
637.2
0.00284066
37.2
85.6583
-1
1
163.2
268.8
0.00374708
37.2
104.349
-1
1
194.4
646.8
0.00258863
37.2
-19.281
-1
1
228
126
0.00228169
37.2
-28.3008
-1
1
199.2
126
0.00314972
37.2
47.5448
-1
1
154.8
448.8
0.0023664
37.2
-145.098
-1
1
208.8
648
0.00222996
37.2
-52.9696
-1
1
152.4
597.6
0.00278564
37.2
6.5602
-1
1
154.8
538.8
0.00230396
37.2
-9.53323
-1
1
272.4
644.4
0.00315003
37.2
-74.7449
-1
1
214.8
598.8
0.00236979
37.2
-106.821
-1
1
151.2
121.2
0.00215588
37.2
-113.286
-1
1
298.8
586.8
0.00243038
37.2
174.447
-1
1
277.2
364.8
0.00219799
37.2
-30.2564
-1
1
267.6
596.4
0.00222636
37.2
-125.311
-1
1
308.4
573.6
0.00394649
37.2
165.155
-1
1
138
175.2
0.00265283
37.2
-16.3302
-1
1
134.4
538.8
0.00276384
37.2
39.7529
-1
1
176.4
175.2
0.00344979
37.2
127.999
-1
1
138
618
0.00205418
37.2
-92.9609
-1
1
199.2
609.6
0.00208932
37.2
158.962
-1
1
122.4
151.2
0.0020209
37.2
-37.1169
-1
1
270
544.8
0.00207191
37.2
64.6538
-1
1
282
634.8
0.00204766
37.2
-2.40021
-1
1
336
571.2
0.00206495
37.2
92.6743
-1
1
148.8
268.8
0.00206377
37.2
-5.7928
-1
1
145.2
488.4
0.00205961
37.2
-80.0594
-1
1
232.8
574.8
0.00204338
37.2
84.2021
-1
1
177.6
255.6
0.00203321
37.2
52.677
-1
1
355.2
661.2
0.00193557
37.2
-5.58724
-1
1
324
548.4
0.00198879
37.2
154.592
-1
1
319.2
130.8
0.00194365
37.2
-10.3859
-1
1
228
130.8
0.00199543
37.2
-2.72631
-1
1
150
489.6
0.00197926
37.2
155.854
-1
2
362.88
345.6
0.00166519
44.64
-7.32641
-1
2
244.8
640.8
0.00204021
44.64
13.7302
-1
2
200.16
161.28
0.00190825
44.64
22.5741
-1
2
154.08
447.84
0.00265255
44.64
-9.88412
-1
2
329.76
563.04
0.00196423
44.64
-176.934
-1
2
279.36
466.56
0.0017929
44.64
84.4007
-1
2
180
254.88
0.00222409
44.64
-128.618
-1
2
348.48
488.16
0.00174137
44.64
-165.619
-1
2
313.92
491.04
0.00188207
44.64
-149.036
-1
2
223.2
640.8
0.00182007
44.64
-177.99
-1
2
290.88
495.36
0.00238808
44.64
156.161
-1
2
296.64
633.6
0.00305501
44.64
15.29
-1
2
244.8
620.64
0.00341294
44.64
90.9985
-1
2
156.96
267.84
0.00190991
44.64
-85.9433
-1
2
214.56
599.04
0.00197513
44.64
-97.1935
-1
2
303.84
594.72
0.00259305
44.64
-107.253
-1
2
298.08
588.96
0.00198105
44.64
-85.3999
-1
2
233.28
577.44
0.00291393
44.64
-27.797
-1
2
266.4
576
0.00321295
44.64
-114.179
-1
2
308.16
573.12
0.00347908
44.64
174.026
-1
2
277.92
364.32
0.00221414
44.64
-7.22432
-1
2
335.52
570.24
0.00181286
44.64
146.768
-1
2
295.2
527.04
0.00176371
44.64
109.983
-1
2
309.6
636.48
0.00182392
44.64
-2.73934
-1
2
151.2
532.8
0.00220684
44.64
0.838415
-1
2
154.08
538.56
0.00215334
44.64
-41.257
-1
2
267.84
557.28
0.00228384
44.64
142.853
-1
2
276.48
384.48
0.00243811
44.64
-17.5535
-1
2
273.6
541.44
0.00211291
44.64
84.7261
-1
2
164.16
267.84
0.00229443
44.64
6.50563
-1
2
231.84
159.84
0.00191505
44.64
-148.241
-1
2
221.76
636.48
0.00140546
44.64
-24.404
-1
2
270.72
544.32
0.00161966
44.64
-143.746
-1
2
276.48
465.12
0.00146201
44.64
91.4321
-1
2
187.2
267.84
0.00147889
44.64
-149.903
-1
2
362.88
479.52
0.00152409
44.64
167.905
-1
2
289.44
491.04
0.00158049
44.64
152.199
-1
2
299.52
522.72
0.0015716
44.64
-32.1767
-1
2
267.84
596.16
0.00153647
44.64
-39.8056
-1
2
151.2
603.36
0.00151293
44.64
83.6167
-1
2
172.8
267.84
0.00128679
44.64
-152.723
-1
2
211.68
627.84
0.00138955
44.64
4.58186
-1
2
208.8
144
0.00138509
44.64
102.916
-1
2
348.48
525.6
0.00136454
44.64
73.628
-1
2
210.24
267.84
0.0012974
44.64
-51.7019
-1
2
224.64
192.96
0.00127681
44.64
-101.143
-1
3
214.272
599.616
0.00183181
53.568
-9.46232
-1
3
273.024
540.864
0.00147667
53.568
-29.4847
-1
3
264.384
596.16
0.00131816
53.568
-162.541
-1
3
312.768
490.752
0.00156133
53.568
-98.3257
-1
3
221.184
606.528
0.00131596
53.568
170.238
-1
3
278.208
364.608
0.00179748
53.568
85.2217
-1
3
179.712
255.744
0.00154789
53.568
104.727
-1
3
316.224
528.768
0.00145052
53.568
171.384
-1
3
295.488
518.4
0.00179187
53.568
-169.634
-1
3
219.456
585.792
0.00146219
53.568
-119.604
-1
3
307.584
571.968
0.00298357
53.568
-30.3148
-1
3
266.112
573.696
0.00233086
53.568
152.103
-1
3
295.488
525.312
0.00217875
53.568
-50.5916
-1
3
247.104
568.512
0.00131086
53.568
-94.7636
-1
3
233.28
577.152
0.00260565
53.568
-165.651
-1
3
290.304
494.208
0.00220213
53.568
-105.945
-1
3
297.216
587.52
0.00128501
53.568
151.928
-1
3
276.48
383.616
0.00237307
53.568
178.698
-1
3
288.576
490.752
0.00156074
53.568
-2.36625
-1
3
333.504
570.24
0.00175336
53.568
-41.3715
-1
3
267.84
558.144
0.00204194
53.568
-168.232
-1
3
278.208
466.56
0.00128755
53.568
-102.061
-1
3
297.216
582.336
0.00100262
53.568
-61.1328
-1
3
238.464
573.696
0.00108659
53.568
-105.141
-1
3
176.256
376.704
0.00114549
53.568
-50.2418
-1
3
240.192
561.6
0.00101159
53.568
-19.525
-1
3
269.568
544.32
0.00111263
53.568
89.0383
-1
3
186.624
267.84
0.0009931
53.568
115.145
-1
3
321.408
523.584
0.000996494
53.568
-18.4349
-1
4
273.715
543.283
0.00138469
64.2816
-39.7557
-1
4
267.494
559.872
0.00190537
64.2816
177.207
-1
4
279.936
364.954
0.00113022
64.2816
152.688
-1
4
277.862
383.616
0.00240614
64.2816
-41.6981
-1
4
271.642
564.019
0.00134262
64.2816
-85.2364
-1
4
234.317
576.461
0.00200555
64.2816
155.999
-1
4
294.451
526.694
0.00101637
64.2816
-29.9105
-1
4
267.494
574.387
0.00158636
64.2816
287
64
178
49
153
118
54
32
88
42
194
171
113
112
99
194
144
82
118
198
6
211
143
174
225
23
140
138
230
139
66
40
228
232
98
44
36
190
79
60
129
213
218
74
145
74
194
49
131
78
187
174
24
195
96
28
61
65
128
243
51
219
120
54
162
185
205
154
130
33
253
251
166
216
44
185
162
107
130
88
107
141
137
253
233
210
236
7
26
121
67
125
25
230
212
6
35
215
223
49
211
33
81
186
237
33
249
28
50
55
213
99
191
241
184
220
24
37
215
253
217
193
18
216
183
165
208
83
4
90
26
210
77
138
38
83
30
45
247
18
61
136
61
50
61
218
159
214
120
188
0
80
133
36
168
213
253
56
55
234
150
40
144
76
147
198
74
81
170
113
50
203
101
61
21
156
244
44
151
155
135
7
42
33
246
255
208
231
56
92
113
89
116
178
250
202
138
251
42
95
248
167
221
187
114
216
19
144
123
254
255
214
121
107
196
179
239
62
13
139
166
10
215
193
63
250
245
36
94
241
119
118
225
240
210
95
117
28
210
150
209
124
159
173
158
5
242
29
157
89
144
240
35
188
93
94
34
245
67
197
136
58
1
2
12
14
33
170
137
138
56
165
39
10
143
48
33
208
8
227
67
34
84
213
177
32
67
32
34
64
217
36
1
184
3
104
32
104
34
74
60
41
23
85
101
108
25
170
24
5
160
24
124
12
24
226
59
185
24
67
34
98
250
251
91
246
255
58
126
59
222
57
255
123
175
214
196
120
246
215
61
223
111
172
161
119
175
222
243
191
214
51
230
252
218
45
116
255
79
125
249
245
89
220
179
127
201
15
255
111
201
167
17
199
232
63
159
73
80
242
51
191
88
23
180
186
26
146
142
207
175
241
154
52
30
251
86
141
157
62
25
148
125
214
9
42
200
33
206
121
41
153
56
46
95
65
53
127
85
164
61
48
119
115
168
118
241
94
107
62
87
132
217
119
153
141
94
5
244
13
159
73
144
242
59
157
80
15
34
247
20
3
149
20
0
2
32
102
130
0
83
17
64
225
128
2
38
72
130
100
66
44
192
195
202
8
132
204
32
4
8
72
86
50
32
184
4
40
2
68
149
160
153
6
104
32
129
78
19
36
9
210
32
24
31
9
9
98
19
209
72
5
1
235
17
3
149
20
0
2
32
102
66
0
83
17
68
225
128
2
46
8
128
96
130
44
192
195
200
8
132
220
40
4
0
72
86
52
32
184
4
40
16
68
133
0
153
135
232
0
193
78
17
32
41
210
96
24
30
13
13
114
19
193
72
7
1
235
133
227
73
65
176
152
93
72
168
7
171
90
192
85
196
97
130
69
14
105
14
100
0
88
45
150
7
35
4
46
17
24
114
86
220
202
64
251
147
150
18
226
40
125
182
142
124
19
3
149
48
100
9
145
167
40
16
66
48
14
76
22
97
176
137
18
231
196
254
183
17
126
180
61
214
83
207
249
18
1
168
245
239
33
240
79
162
241
74
58
156
22
252
65
85
79
95
97
16
56
86
112
176
245
85
85
27
31
201
32
217
75
56
181
93
5
240
30
158
13
60
118
51
157
202
23
36
252
9
204
204
72
25
251
117
118
57
244
236
141
76
61
239
235
235
252
185
40
228
65
238
51
109
109
8
54
125
69
81
111
189
98
113
120
86
211
253
254
247
159
106
39
92
146
117
226
153
36
79
4
240
29
147
12
56
228
43
188
216
70
38
221
6
128
138
139
3
209
148
165
17
218
60
152
24
38
43
226
137
16
33
185
1
80
231
48
105
69
9
32
69
204
51
18
245
4
29
234
86
121
41
48
50
78
56
60
22
150
84
112
27
168
30
5
144
25
212
88
146
224
43
220
77
82
96
242
69
142
130
48
73
58
38
95
52
248
132
193
2
153
6
15
200
109
161
99
228
39
216
115
69
202
136
6
80
0
33
67
215
34
84
168
83
56
237
116
80
28
56
175
209
81
119
235
153
172
24
0
241
29
156
73
16
242
51
189
88
87
32
250
171
213
120
186
255
55
123
24
180
110
161
234
173
74
52
93
246
247
21
112
240
118
144
122
36
170
227
31
219
113
117
233
199
164
158
187
243
120
33
245
210
202
94
201
208
17
209
79
156
190
24
5
104
61
220
81
56
178
115
159
218
222
46
185
0
42
129
0
200
200
128
102
200
0
18
20
64
4
73
160
74
0
131
0
192
4
10
197
202
16
28
128
128
10
11
74
93
12
65
8
28
162
201
2
129
20
0
2
64
100
160
225
178
44
9
0
176
29
28
1
4
2
2
160
0
5
96
108
235
246
111
11
223
117
135
157
232
213
172
236
109
63
167
237
203
116
43
244
121
211
63
180
68
253
25
161
251
30
3
19
188
108
151
250
90
49
45
52
126
91
58
191
85
113
244
36
56
188
78
13
209
191
196
73
184
164
37
28
26
215
110
89
20
58
84
69
248
137
154
113
90
177
215
119
204
119
200
32
116
195
70
163
213
45
195
247
201
122
228
126
108
14
131
110
223
45
69
190
94
58
233
84
209
92
185
175
193
38
253
111
153
172
25
3
240
29
152
73
2
115
51
189
88
23
32
254
50
22
160
134
29
102
140
63
198
88
56
87
33
6
19
37
251
198
97
208
208
38
209
87
72
157
181
8
18
26
35
104
207
44
87
186
90
56
233
116
112
92
48
175
212
52
181
111
152
172
24
1
240
29
156
65
16
242
51
189
88
87
32
250
80
1
147
220
32
6
92
119
3
224
113
129
2
193
23
10
174
68
32
111
2
173
228
131
72
139
162
28
1
32
48
105
115
52
48
184
2
108
194
193
50
106
185
111
170
20
193
110
25
160
121
211
96
24
180
72
129
243
51
219
88
68
1
243
215
186
210
247
236
194
218
160
90
189
83
223
142
103
75
56
124
195
188
179
205
45
195
89
235
94
251
127
78
43
227
127
215
177
125
53
255
185
250
127
113
92
171
239
237
24
255
127
153
206
24
67
244
229
156
235
71
255
182
187
248
119
48
254
234
22
174
167
239
55
154
159
52
251
242
65
59
136
34
197
236
212
29
179
192
129
238
56
46
139
170
6
223
81
49
127
117
37
28
113
119
118
37
244
209
70
90
30
202
7
192
89
153
44
94
5
240
30
157
73
144
240
39
156
94
22
32
185
40
10
131
227
207
231
162
253
92
249
82
85
51
80
123
196
106
213
201
43
196
41
238
121
43
138
42
6
94
65
49
255
101
167
125
49
119
242
237
84
209
85
82
30
73
134
73
243
157
44
92
5
246
31
141
73
144
112
35
189
75
15
32
255
195
213
138
30
21
2
92
142
18
170
189
184
34
130
6
27
0
6
32
151
0
131
229
3
68
131
226
9
19
40
0
104
161
36
148
242
50
36
3
245
66
202
33
200
146
16
129
78
83
174
90
5
48
24
245
67
144
178
39
24
24
84
178
73
250
249
138
191
103
67
94
143
215
131
181
250
191
194
54
94
255
147
118
215
11
151
243
7
182
215
251
61
195
251
214
168
134
173
15
223
234
109
234
115
50
203
229
105
151
92
181
62
215
174
146
135
42
17
116
251
208
179
248
121
61
121
248
139
12
10
128
168
1
201
164
69
13
192
14
4
16
22
235
161
139
56
225
0
196
16
94
129
81
85
17
160
32
194
11
195
141
0
83
32
49
194
233
40
36
53
52
33
85
151
118
224
152
104
169
56
151
13
72
16
38
128
135
161
3
75
108
74
18
54
0
2
20
132
132
49
66
2
18
16
8
3
17
16
68
66
4
176
65
96
129
196
200
0
36
9
18
24
137
24
48
108
156
134
76
0
1
128
132
66
24
136
0
128
128
76
2
61
1
0
32
0
9
73
8
2
2
144
64
2
100
33
4
142
162
136
0
69
132
87
37
64
8
4
0
132
63
173
201
120
225
128
16
6
94
129
82
69
20
64
17
150
26
64
141
16
211
128
128
4
73
0
37
17
54
163
28
244
52
224
112
48
232
24
146
0
16
16
178
0
2
36
2
73
12
66
29
238
204
232
50
251
245
118
57
94
92
189
28
63
237
200
139
248
249
108
245
80
201
243
43
125
25
180
125
71
118
233
220
82
221
224
119
215
253
57
127
191
251
55
127
179
118
234
191
241
239
188
237
101
203
156
254
207
47
239
211
235
79
214
0
201
42
9
128
205
141
229
142
143
42
140
17
12
217
172
203
0
67
6
28
130
166
132
121
101
39
40
129
138
58
24
96
6
79
203
18
39
207
152
179
84
16
174
22
242
44
180
139
9
118
49
152
159
133
112
144
64
40
40
84
68
34
176
18
19
17
215
168
208
138
8
142
19
3
68
145
80
49
17
126
215
0
34
204
33
194
66
8
214
181
110
18
42
17
42
23
36
81
48
112
72
234
64
96
84
32
109
197
4
245
111
153
140
24
5
240
29
156
73
17
114
50
189
80
23
32
250
14
194
78
137
39
209
150
165
61
218
28
156
24
52
63
234
137
208
25
188
65
81
198
48
105
65
8
0
93
205
57
27
245
36
29
234
94
115
137
48
114
94
56
62
22
150
80
96
27
45
30
5
145
29
157
76
144
226
42
156
89
91
34
243
56
10
100
196
170
93
134
49
61
84
94
85
29
53
121
228
181
216
205
40
84
112
136
240
57
124
5
16
172
210
31
221
112
96
115
112
212
82
216
128
213
149
203
54
68
134
236
96
135
1
199
12
154
15
139
29
111
68
42
108
67
15
36
188
2
18
0
2
159
129
2
25
66
10
144
38
160
0
33
81
68
85
0
144
192
16
11
64
4
144
104
1
18
72
9
0
76
44
156
160
104
104
1
65
128
64
6
8
0
68
128
69
16
60
24
4
34
152
76
1
0
34
22
144
8
27
100
67
131
209
138
47
37
16
216
142
2
139
161
234
34
130
38
27
12
34
52
151
2
135
119
75
36
131
243
107
19
32
128
34
173
152
154
69
59
13
34
163
66
106
34
73
178
89
145
28
112
218
58
87
4
224
116
226
147
147
180
7
52
241
210
11
131
209
8
14
55
34
88
26
50
0
173
232
42
74
36
57
100
246
4
149
64
4
161
99
98
130
225
9
147
40
132
33
184
36
144
210
98
64
2
241
82
202
30
9
144
21
192
78
80
190
18
5
120
160
216
195
16
179
54
30
24
80
166
73
10
21
136
146
7
221
92
3
7
66
43
2
146
140
52
87
221
50
32
209
142
118
211
99
17
87
243
104
18
254
150
32
6
28
211
10
130
72
234
66
32
145
100
105
151
92
181
47
215
138
16
12
34
25
242
19
17
51
112
49
1
185
72
234
194
4
138
183
201
194
90
133
10
235
9
206
178
230
6
62
15
19
48
67
206
173
235
43
93
215
178
47
83
43
51
103
135
167
85
51
51
77
234
114
96
108
40
105
215
28
245
59
217
172
24
5
245
29
188
235
17
242
51
185
88
87
48
234
65
75
135
223
0
195
225
250
65
148
4
151
210
244
201
74
235
85
33
111
14
172
192
243
73
254
147
36
82
10
50
25
210
38
117
186
82
120
203
116
112
124
184
46
93
148
117
239
137
172
24
5
240
29
156
72
16
226
51
189
88
71
33
250
101
44
247
17
200
228
39
117
168
238
138
5
192
229
155
7
137
41
227
98
253
47
90
205
213
124
150
230
8
151
99
198
79
154
71
44
144
170
253
78
60
52
34
162
101
113
175
115
56
236
168
123
241
93
24
80
62
10
215
161
170
163
105
102
99
5
130
18
0
134
0
7
66
230
1
128
18
162
18
30
100
35
32
135
130
13
83
3
216
2
166
76
2
152
208
97
199
38
32
178
11
76
66
202
0
72
36
235
155
24
1
239
209
168
24
5
52
24
56
195
17
115
51
177
24
112
0
234
1
12
172
8
201
205
163
124
185
84
6
5
16
61
75
164
128
124
129
96
240
3
222
113
123
168
12
4
124
1
25
79
189
98
65
32
83
130
13
8
145
181
24
134
68
162
96
225
25
8
91
12
145
93
141
0
48
64
43
172
194
135
6
208
95
186
239
101
254
179
219
120
248
63
214
127
207
121
3
65
232
237
59
242
228
101
202
255
238
250
188
183
126
23
115
239
215
108
213
187
94
57
233
117
120
92
59
47
213
49
247
107
185
172
24
7
240
61
156
73
20
246
51
189
216
87
32
254
3
16
136
34
15
160
136
14
144
171
128
101
162
0
32
17
68
23
1
145
192
7
75
79
36
130
96
7
82
97
41
98
15
168
152
48
51
8
0
192
192
192
6
8
194
69
1
75
57
58
24
4
100
0
252
65
18
50
183
156
0
19
34
75
149
254
127
85
252
152
222
112
122
253
255
251
206
113
200
184
231
199
62
107
221
109
227
251
237
111
227
126
108
15
227
127
255
101
84
190
94
57
249
245
119
92
185
175
213
34
253
127
153
173
25
7
240
29
159
73
80
246
51
189
88
87
32
254
163
137
139
95
31
67
209
142
210
184
44
205
51
206
47
251
235
214
0
3
198
171
230
6
77
203
162
11
211
75
19
106
247
38
85
186
82
114
203
244
82
93
20
46
212
22
165
110
153
172
90
5
240
29
156
65
16
242
35
189
88
86
34
249
21
34
245
40
152
160
39
108
224
32
224
49
228
33
129
0
235
44
163
64
233
1
74
221
196
249
93
175
40
12
97
78
221
132
69
190
28
176
41
110
108
84
56
167
69
113
182
67
184
228
9
34
240
28
92
65
44
242
151
161
152
71
96
94
192
6
128
2
193
72
6
5
42
65
42
3
160
39
14
161
77
34
160
148
73
129
115
128
82
69
25
32
128
138
130
0
140
0
67
160
32
0
13
8
100
20
48
161
5
80
60
228
16
128
40
56
147
75
72
170
14
73
4
36
0
81
64
72
92
59
211
117
112
170
251
238
218
144
215
53
103
211
219
210
250
197
27
111
79
173
230
151
141
218
252
157
66
172
116
184
118
37
100
191
94
58
193
85
216
92
177
38
225
47
129
110
153
172
9
67
240
29
157
73
68
250
19
249
120
23
33
250
36
134
101
137
202
215
135
133
173
198
10
4
25
61
59
164
137
56
67
96
208
83
126
160
88
96
12
4
33
152
25
194
229
40
67
170
82
114
13
168
22
21
16
174
84
118
64
192
25
44
152
8
147
29
132
24
24
192
35
188
74
86
42
248
9
10
165
129
136
189
165
120
172
213
66
71
153
61
27
4
128
125
193
40
240
69
202
241
73
168
24
130
60
192
25
143
95
66
81
32
21
202
29
8
197
53
90
54
69
160
125
225
26
24
169
56
211
205
143
12
45
68
6
165
194
159
4
94
167
237
235
154
22
30
13
7
103
206
57
202
91
171
54
127
193
112
36
161
17
212
113
35
93
131
167
11
3
188
56
65
199
44
214
170
218
124
225
248
102
78
60
169
146
84
117
110
219
172
24
5
224
29
60
89
24
242
51
189
90
208
106
235
147
211
93
199
232
152
23
8
58
81
47
74
141
113
68
17
239
199
44
37
204
96
162
112
76
215
185
126
190
42
3
41
150
100
80
176
114
89
232
112
116
220
56
173
213
16
244
15
145
141
24
1
240
29
158
107
16
246
50
189
88
87
32
250
119
221
217
222
55
94
93
79
151
68
5
216
19
222
236
223
235
213
48
109
6
45
224
35
111
215
179
45
83
43
22
41
150
36
53
218
66
121
235
117
50
218
185
109
189
28
245
110
209
164
18
5
168
25
182
75
16
242
56
63
88
85
35
251
56
22
103
213
254
181
203
249
180
124
82
21
157
125
177
100
242
212
201
34
248
106
156
56
62
168
38
18
254
217
125
255
113
230
28
122
86
243
49
214
213
69
74
30
64
132
200
83
137
45
94
5
254
30
140
77
152
116
107
156
206
14
32
180
203
16
239
149
183
177
89
120
180
191
245
219
207
137
22
15
128
125
103
113
232
199
226
113
14
170
145
50
120
17
54
169
223
44
148
250
86
125
240
245
84
232
59
47
211
49
245
123
24
188
24
1
240
188
156
12
24
182
51
159
88
150
36
251
131
198
4
1
236
156
130
0
40
69
39
78
136
49
76
33
4
97
12
160
200
1
26
96
72
84
25
38
148
2
3
3
213
52
81
8
74
34
168
34
240
28
8
143
209
26
252
1
145
140
24
1
241
29
157
11
16
210
50
188
80
87
32
249
7
225
0
40
85
2
1
10
128
2
128
38
32
10
164
25
64
36
3
212
1
130
0
4
70
128
104
9
147
8
40
0
184
44
132
158
0
32
5
196
138
66
24
8
80
121
0
196
16
36
16
4
0
24
68
1
144
160
5
148
28
214
34
1
49
5
177
23
8
196
143
101
134
228
3
4
145
108
17
22
255
35
64
2
210
47
210
67
216
244
182
76
0
154
209
107
71
20
67
188
144
40
106
72
48
64
36
162
37
112
165
111
153
172
24
9
176
24
28
65
1
114
115
185
26
7
41
226
92
59
223
117
112
251
254
238
218
145
255
181
255
247
219
250
251
197
59
111
79
173
230
183
143
223
253
253
110
46
182
184
246
37
101
191
94
122
217
117
248
92
185
63
253
142
245
110
159
173
13
199
240
29
159
73
68
254
51
253
120
87
48
250
18
1
144
180
0
10
120
71
18
72
67
69
66
192
2
18
116
10
128
135
196
45
97
67
221
138
226
204
2
164
168
96
7
48
96
160
61
10
194
192
192
20
145
192
226
23
163
110
209
162
41
67
224
29
57
65
7
51
23
241
0
50
193
75
163
213
218
94
3
7
81
10
34
197
37
202
62
232
36
95
230
247
37
103
6
46
240
99
68
159
179
47
83
10
80
97
214
38
20
154
66
120
251
252
114
90
56
111
209
84
245
111
153
172
16
5
240
29
156
73
17
242
51
189
88
87
33
251
149
254
87
69
248
186
179
122
250
149
134
255
230
63
200
169
226
229
159
45
244
14
0
245
235
254
92
159
124
11
74
62
158
101
101
158
84
155
205
252
221
28
26
150
233
226
248
231
169
53
45
61
248
63
143
77
52
254
50
173
120
71
39
219
163
206
109
35
252
252
135
88
248
85
158
79
236
61
76
165
203
229
175
40
244
70
155
124
125
252
29
51
254
23
67
79
151
236
201
24
118
155
249
62
253
20
42
183
213
226
252
97
184
221
137
8
244
133
139
45
60
212
182
173
210
223
44
222
19
4
0
2
5
136
4
35
66
0
27
4
32
7
8
16
229
2
0
144
192
32
129
195
192
20
224
72
0
8
129
64
76
36
81
186
10
10
1
64
32
144
24
171
68
16
164
79
144
36
9
4
160
25
24
1
0
50
19
176
8
23
32
74
189
46
245
68
250
207
35
122
254
85
134
119
255
59
250
228
250
181
255
45
245
79
186
245
191
254
29
63
174
218
86
45
159
101
99
158
196
219
253
92
213
149
120
183
233
106
252
229
165
165
233
188
242
31
155
15
120
126
114
173
203
157
44
218
94
33
139
216
2
67
88
230
66
162
87
20
81
132
187
194
8
80
16
110
10
185
198
3
13
128
166
13
66
232
52
40
113
38
53
251
78
118
67
84
176
225
149
72
15
140
1
238
95
44
127
197
35
24
52
74
192
98
41
217
77
4
34
243
238
253
235
154
54
87
89
7
247
206
21
204
91
142
54
255
248
246
36
183
20
149
116
3
223
130
166
11
83
248
126
105
224
44
22
250
218
126
193
252
210
207
52
40
146
86
225
238
217
172
26
5
224
29
188
81
144
242
115
189
95
212
42
251
58
1
128
150
3
199
14
39
6
74
121
22
177
6
51
102
251
211
97
196
80
39
195
83
88
221
177
45
82
154
50
168
198
36
87
186
83
120
201
116
112
72
48
47
213
20
181
110
153
172
24
5
240
29
156
73
16
242
51
189
88
87
32
250
0
192
8
139
1
208
0
164
1
138
8
140
16
4
13
162
9
16
1
144
9
144
205
0
65
5
8
0
1
142
35
16
248
4
85
170
18
104
9
48
50
68
52
40
22
20
36
96
27
40
58
4
144
25
228
8
144
224
43
248
8
82
98
227
0
0
8
10
1
81
36
197
0
162
42
4
16
36
171
162
75
16
1
64
8
144
109
128
0
5
8
8
129
130
51
82
120
4
5
234
16
96
1
66
50
64
20
44
22
150
4
228
27
40
118
4
152
25
196
72
144
96
41
60
77
2
96
160
64
9
131
151
0
195
192
239
64
128
86
21
18
196
139
10
171
84
33
102
6
45
198
3
75
218
146
4
82
10
50
26
118
39
117
186
18
126
73
84
48
116
184
46
77
20
65
238
25
44
89
133
240
28
156
72
16
226
59
249
72
7
32
242
17
200
28
43
169
152
248
32
58
187
102
203
140
49
77
18
70
138
129
43
204
100
202
121
41
0
33
114
108
65
161
127
247
208
56
96
55
203
184
34
243
222
107
4
178
22
91
115
155
200
56
37
252
133
253
108
31
211
190
237
208
19
66
255
250
249
222
255
247
251
222
187
95
145
245
250
191
210
118
218
255
215
124
255
15
61
227
119
175
223
243
191
87
251
246
168
215
45
212
223
75
125
250
247
114
223
245
127
217
29
247
47
223
175
151
199
250
61
158
219
81
247
49
255
121
127
180
251
197
1
140
144
205
146
6
18
48
31
4
67
138
217
36
9
0
125
165
39
192
101
130
99
66
210
25
38
56
8
0
1
214
34
208
160
82
72
71
160
80
52
26
15
209
16
245
207
24
172
24
4
241
121
156
139
16
178
51
189
72
87
36
250
189
190
247
69
248
255
179
122
250
213
198
127
255
59
226
205
234
245
255
45
245
77
250
245
191
251
89
63
126
95
86
47
159
101
116
222
212
251
253
189
213
149
123
183
233
168
252
229
141
181
237
189
248
191
155
79
124
254
114
205
219
157
44
222
215
232
219
217
112
218
214
238
27
243
253
250
198
177
206
250
203
197
60
47
134
69
238
123
111
215
27
111
103
15
18
111
151
135
53
203
86
255
255
118
242
190
169
117
159
158
117
171
223
173
47
213
249
117
191
78
80
254
56
125
89
85
115
255
124
8
33
144
3
79
4
111
141
32
251
52
113
164
218
230
155
16
67
84
20
146
228
134
93
197
140
0
0
158
10
200
72
44
103
186
132
34
201
68
56
213
53
163
4
39
36
108
179
166
255
136
131
29
85
24
192
98
37
248
43
6
40
86
131
1
137
146
3
66
69
142
198
166
45
196
51
206
54
59
231
118
32
3
70
163
100
6
68
199
161
11
147
10
18
105
247
38
87
186
82
96
235
244
114
92
48
43
212
84
181
110
153
172
24
5
240
25
156
65
16
242
51
189
88
86
32
248
218
241
203
218
54
83
88
143
83
170
49
184
122
130
167
251
234
214
48
107
11
144
101
11
141
129
163
9
67
105
52
120
240
38
188
251
74
117
3
247
178
202
108
92
26
158
64
252
85
173
118
71
42
26
167
76
144
240
41
94
93
76
98
179
176
214
53
199
173
252
167
185
61
89
122
79
173
93
88
165
247
206
197
56
244
96
152
248
241
125
81
242
188
18
227
159
206
112
219
16
245
155
248
33
117
28
43
183
228
163
254
49
168
219
133
43
252
133
139
121
39
210
214
135
210
95
44
30
196
197
154
253
0
70
124
199
19
235
41
136
2
133
151
186
111
74
56
111
10
137
102
11
204
199
179
109
67
39
162
55
225
151
61
107
18
229
118
242
50
234
168
249
191
28
77
190
73
136
118
243
9
122
52
238
209
249
105
91
93
100
147
162
220
249
219
255
240
122
252
238
91
187
125
255
198
214
207
250
127
223
189
79
15
141
230
27
175
207
243
239
215
107
182
62
242
151
61
219
119
247
255
247
51
254
243
126
191
159
127
182
207
157
118
247
237
231
167
239
209
252
41
111
93
108
147
183
131
202
16
239
233
152
166
200
42
17
42
203
134
115
236
153
111
167
173
45
78
172
40
120
103
223
27
35
191
34
3
21
146
227
122
81
97
215
255
166
231
62
42
117
253
202
124
145
192
213
116
116
205
231
171
171
19
220
132
39
84
101
149
26
133
138
70
197
253
184
162
208
56
25
134
111
138
121
104
1
0
237
189
187
197
109
11
249
99
126
25
54
188
71
3
87
255
227
90
48
117
219
255
164
213
52
74
22
201
131
218
211
168
93
24
53
213
231
139
171
55
92
182
167
192
127
133
88
178
250
147
127
185
200
222
173
218
185
249
249
231
66
198
250
127
134
126
91
143
43
239
159
237
223
247
239
71
171
227
254
207
173
108
223
126
181
235
247
123
94
161
255
187
63
189
63
233
230
95
227
244
150
181
97
196
243
183
251
124
119
179
255
218
152
154
247
110
147
218
166
95
187
117
219
158
194
19
90
52
211
56
187
205
61
199
91
169
67
242
127
94
105
183
126
247
177
60
113
255
253
250
247
240
95
231
108
187
20
211
123
223
234
25
199
244
125
189
239
87
247
191
251
249
57
16
255
133
190
247
65
184
249
163
112
248
189
198
107
206
121
202
129
235
237
235
107
245
109
74
245
197
127
21
246
108
6
227
103
223
98
101
188
92
184
249
124
125
20
58
183
197
225
127
103
184
253
8
37
240
157
154
77
62
214
23
165
216
87
36
250
134
202
0
9
32
24
142
128
43
131
59
202
138
51
78
136
1
1
44
189
0
212
0
64
65
85
153
50
132
42
6
16
180
208
216
1
104
72
168
161
102
30
41
57
182
30
212
25
210
219
0
7
23
65
251
170
2
67
16
36
68
89
80
40
133
234
85
9
248
248
171
248
248
63
138
127
204
117
205
169
227
229
143
32
236
101
10
220
239
252
61
166
205
15
35
31
255
65
93
187
92
179
237
62
223
92
10
62
85
242
252
49
168
29
24
37
241
157
140
105
20
252
150
172
220
87
98
180
19
20
0
6
29
64
28
42
2
32
189
85
32
76
0
52
239
198
32
80
192
38
128
67
78
157
225
11
82
10
1
107
199
36
85
186
82
56
233
116
112
92
56
171
212
16
180
111
153
172
24
5
240
29
156
65
16
178
51
185
88
87
32
250
98
9
131
146
195
206
3
15
142
65
3
64
147
194
120
132
8
17
32
5
14
23
250
1
31
211
29
45
2
186
16
8
6
167
67
139
0
68
111
10
160
49
36
193
9
28
61
178
85
0
144
56
3
65
37
178
65
40
64
57
0
21
24
106
69
7
136
24
200
150
38
87
32
74
0
8
128
193
167
9
73
109
161
6
200
37
90
67
66
83
24
36
16
0
32
1
199
2
209
169
16
104
109
96
112
32
56
167
85
88
245
199
24
172
24
4
241
89
156
11
17
234
51
189
72
83
33
250
26
2
32
141
175
217
128
33
143
144
219
5
241
20
121
228
157
26
66
146
212
50
199
196
153
84
196
64
4
246
159
154
45
56
67
36
252
10
200
0
44
21
197
40
4
231
166
107
186
74
137
11
182
5
88
80
7
67
158
240
35
107
236
70
243
213
236
214
55
165
93
50
51
125
53
219
142
235
38
95
226
247
52
171
251
109
243
123
104
186
179
63
123
25
244
109
215
102
180
250
66
125
115
245
86
202
58
47
219
16
213
79
17
164
24
5
104
184
158
77
24
182
115
159
88
87
38
251
44
37
163
156
34
199
157
103
133
228
83
20
81
172
187
70
153
56
194
2
179
59
214
135
28
96
132
20
0
252
92
203
71
24
35
170
156
104
202
77
40
41
213
162
39
244
165
106
63
170
169
203
178
24
24
80
44
99
91
241
171
169
105
98
129
206
18
231
233
88
166
193
10
81
10
79
130
87
202
144
111
131
172
11
70
44
170
120
103
223
27
99
150
35
3
23
22
243
121
81
97
215
254
6
69
52
168
247
237
138
252
177
192
213
116
180
205
231
171
171
67
92
132
39
68
109
145
30
245
174
245
6
232
206
35
98
239
85
14
255
223
191
222
188
251
161
254
37
117
79
243
229
255
255
29
63
174
158
194
173
151
109
99
158
132
155
253
252
221
156
57
183
237
122
253
165
161
164
233
184
241
31
155
15
108
252
82
45
250
213
56
218
26
48
73
162
23
33
26
24
198
130
145
54
61
2
177
83
90
84
64
84
1
114
193
100
12
144
248
25
18
232
21
168
16
44
151
154
2
104
1
85
32
65
85
8
6
4
224
108
22
62
145
5
34
24
116
89
8
34
57
216
9
15
36
98
60
38
241
32
8
132
33
109
198
44
210
53
117
40
153
86
250
160
195
64
240
35
218
141
156
184
244
205
2
156
97
206
77
172
71
190
156
176
33
78
44
64
68
138
69
225
161
79
184
36
137
8
178
28
28
81
36
114
151
177
170
199
40
118
16
50
211
1
184
176
175
124
216
187
218
117
225
5
153
32
114
197
195
10
200
35
206
221
141
200
44
167
70
9
33
254
119
140
205
63
124
187
169
86
89
68
67
46
70
160
25
115
186
60
25
33
240
157
156
65
68
114
151
200
200
23
96
246
163
206
101
33
204
188
135
72
184
85
134
79
204
61
72
5
203
229
175
32
244
70
154
124
125
252
29
54
254
23
67
95
151
236
73
24
114
187
237
42
109
20
42
183
213
96
252
49
168
221
9
40
244
133
143
41
56
212
178
173
194
223
44
222
164
174
239
193
248
252
227
249
216
255
86
95
195
113
219
160
130
205
251
43
220
101
206
217
125
250
30
167
108
11
51
223
119
194
93
27
84
187
253
54
241
116
171
182
113
162
89
179
155
61
45
241
209
157
141
104
68
204
50
237
202
23
97
254
140
201
139
137
2
89
161
238
157
130
46
142
81
132
251
232
137
24
193
6
68
144
4
128
91
229
20
128
129
194
30
152
236
16
195
224
16
66
201
40
178
61
20
48
84
246
164
236
191
44
139
21
147
31
84
16
148
192
9
40
13
200
74
224
171
236
111
11
255
253
147
157
252
211
174
236
249
30
239
237
203
180
95
212
125
146
63
180
119
253
89
161
215
91
123
179
232
44
199
218
90
115
141
188
186
95
80
30
84
255
152
20
157
61
86
13
217
159
197
97
176
224
45
188
94
223
46
217
210
233
154
151
32
214
220
166
91
135
125
222
150
231
22
186
125
131
52
167
15
165
231
195
217
87
247
111
67
170
210
42
151
60
69
230
95
9
234
248
114
92
177
105
149
24
181
111
155
172
9
195
240
29
56
219
83
243
51
121
120
113
96
234
250
217
222
222
54
125
92
87
63
251
61
216
15
210
182
223
235
214
48
107
142
253
227
51
111
215
179
59
83
105
54
105
215
38
148
250
66
125
251
117
114
254
187
111
151
20
245
111
145
172
26
5
224
29
158
77
16
242
51
191
89
85
35
251
1
131
13
4
32
24
24
66
49
28
6
197
88
49
108
3
128
92
1
33
196
96
192
115
77
136
132
16
120
4
57
72
214
48
81
168
82
122
136
48
208
60
24
14
208
22
225
111
153
172
24
5
240
29
157
8
16
226
51
188
72
87
34
251
124
43
245
196
250
95
115
117
254
84
86
23
93
123
251
228
250
213
218
44
84
249
210
246
191
168
156
29
172
218
95
173
21
101
103
254
196
243
223
92
181
149
201
150
105
174
233
108
151
37
239
184
178
31
159
95
104
126
122
77
75
15
45
254
42
134
174
41
43
213
134
5
189
216
150
69
185
52
57
196
157
185
99
144
240
83
87
213
81
125
157
182
108
246
183
194
141
120
67
36
255
8
232
40
108
29
116
173
213
245
183
107
185
238
136
15
246
13
216
89
54
195
151
181
114
219
104
74
33
5
160
6
21
68
29
63
146
76
62
55
32
15
131
36
235
166
33
84
80
38
211
119
80
173
176
8
82
26
34
41
206
36
85
186
82
56
201
124
112
92
56
175
212
48
181
110
153
172
24
5
240
29
156
65
16
242
51
189
88
87
32
250
18
23
17
10
4
18
12
35
66
2
17
0
64
4
4
18
204
130
0
208
128
32
64
195
200
16
224
72
0
8
129
64
206
4
144
170
72
40
0
64
32
74
56
41
84
20
164
78
18
164
24
6
32
24
94
9
0
50
19
145
24
83
96
98
141
250
93
104
125
250
247
90
184
25
238
253
110
95
204
249
235
245
191
107
229
111
168
119
103
223
113
55
127
75
35
111
223
103
213
186
118
250
253
245
127
222
58
39
213
19
245
111
152
189
28
4
240
61
159
73
16
246
55
175
88
87
38
218
93
243
219
43
125
242
183
222
210
154
236
253
103
87
135
121
235
213
187
71
193
37
231
119
166
207
233
175
95
74
35
123
255
4
149
187
118
120
237
245
114
94
58
45
213
21
245
111
152
188
24
5
240
61
220
73
16
178
55
159
88
87
38
251
235
213
110
58
23
119
93
158
183
199
173
232
62
171
166
255
203
116
53
125
43
210
245
38
101
231
185
57
123
57
118
49
240
108
182
251
66
117
49
253
114
202
60
57
150
88
84
236
89
172
86
5
72
24
228
68
184
180
41
28
157
214
42
187
43
134
160
43
139
205
135
13
169
196
150
69
184
60
41
4
205
59
35
208
240
19
91
213
81
125
89
230
108
214
195
195
141
104
67
4
251
8
232
40
109
21
124
169
85
113
182
105
185
202
137
13
246
5
88
65
62
210
151
181
178
219
104
74
227
204
203
75
234
221
213
132
251
245
44
200
155
190
127
252
203
246
56
46
140
213
255
45
123
213
29
39
175
203
26
63
181
231
41
81
114
215
191
58
51
255
104
116
29
158
92
176
213
9
87
189
29
163
167
238
241
236
40
44
213
205
18
255
223
241
202
254
55
19
92
2
83
195
245
248
62
130
36
90
176
147
52
223
3
253
225
35
172
147
227
125
83
125
244
41
146
188
188
219
234
125
146
245
2
235
253
105
187
28
215
30
87
162
18
199
106
48
119
254
217
179
121
219
61
248
242
163
135
70
64
34
221
168
38
80
40
25
162
99
160
91
196
1
66
109
133
208
225
34
9
120
70
156
9
35
150
6
33
21
16
230
92
146
97
176
37
134
207
214
26
23
64
67
254
145
0
117
16
36
77
134
139
41
18
192
135
132
72
86
36
25
35
38
229
101
252
182
155
112
248
61
210
87
205
113
17
0
160
205
75
242
244
101
74
255
220
186
140
182
108
149
33
206
215
44
69
186
94
56
233
126
220
92
25
142
209
33
243
107
185
172
8
3
240
29
156
73
4
242
19
189
218
87
32
254
130
193
8
130
213
136
14
0
38
3
57
74
168
67
4
17
64
67
4
149
11
32
33
96
64
215
161
41
146
40
129
33
146
36
150
154
74
0
3
208
66
202
0
9
144
24
244
30
1
164
16
0
40
0
135
43
16
50
48
20
24
83
32
168
3
208
84
14
221
200
7
88
42
37
44
201
140
121
196
177
235
245
5
97
192
98
170
113
76
255
41
63
123
11
81
111
213
100
84
154
66
112
169
246
247
222
40
15
209
18
244
79
145
164
24
4
240
29
159
73
24
242
51
188
88
87
34
249
75
1
205
152
3
139
7
106
180
20
252
131
189
188
54
102
247
181
99
101
104
167
194
115
12
253
177
44
114
130
114
169
214
36
87
186
82
120
201
124
112
93
56
47
213
20
245
110
153
172
24
5
240
29
156
73
16
242
51
189
88
87
32
250
139
154
130
101
239
243
208
158
60
185
214
65
10
88
107
141
236
220
57
210
228
11
174
59
38
139
34
6
221
65
49
127
125
43
88
48
119
119
173
244
209
84
90
30
201
135
219
195
153
29
94
5
240
29
157
73
147
242
167
189
80
23
0
249
6
200
8
137
3
91
130
133
28
210
30
140
24
54
123
224
137
80
17
172
64
81
206
96
109
192
24
5
21
202
27
26
180
0
85
234
82
82
141
48
178
23
24
44
21
150
64
224
27
44
30
4
145
29
141
10
16
224
42
60
72
91
34
243
26
146
14
239
175
241
216
148
60
217
86
77
156
30
57
21
109
222
9
250
192
48
135
121
40
156
32
70
94
67
181
55
245
96
25
16
119
83
200
48
81
93
90
62
196
132
218
127
153
29
30
5
252
5
158
73
18
210
59
157
80
15
34
250
218
251
218
246
127
59
125
58
220
57
255
251
175
218
196
218
243
159
63
223
239
175
161
55
47
223
243
191
223
99
228
252
218
47
116
255
119
127
241
245
218
223
243
127
217
7
255
79
237
167
31
133
232
63
159
73
80
242
183
255
120
118
180
158
83
1
138
18
0
2
80
6
66
162
21
128
50
162
2
26
78
2
32
135
130
37
227
3
88
130
160
13
2
168
128
96
151
38
0
178
10
8
66
74
0
72
44
105
145
28
33
238
83
168
25
5
52
8
48
195
25
50
50
57
24
113
64
235
4
2
40
129
200
213
130
197
44
218
2
4
17
48
187
229
128
80
193
32
88
209
94
32
80
0
8
0
128
200
25
2
101
0
215
170
80
114
5
128
132
20
16
4
80
134
64
64
26
44
24
4
147
29
205
24
16
96
3
180
72
82
104
112
2
2
8
139
131
209
134
132
8
154
40
140
16
22
43
226
3
16
1
0
72
144
207
0
9
133
8
33
19
72
19
18
245
4
213
162
82
114
5
32
34
84
48
44
20
150
4
96
27
44
28
4
147
25
196
24
144
96
43
188
72
82
98
240
254
57
251
247
114
250
255
238
222
191
223
190
247
246
219
250
251
199
122
111
206
173
230
23
141
223
254
191
66
171
118
186
247
45
69
255
94
123
233
117
248
92
177
46
247
14
165
111
155
172
25
131
240
29
157
73
80
242
51
249
120
23
48
254
70
73
8
152
193
10
78
10
2
2
33
138
128
194
237
11
0
85
48
68
10
133
128
3
6
144
171
13
147
40
32
16
82
23
156
203
0
101
7
66
162
226
20
73
27
30
0
148
69
0
50
52
9
249
229
170
209
40
41
58
12
68
19
161
5
16
144
32
29
32
33
94
160
36
128
36
64
137
130
1
194
108
131
64
97
130
40
35
70
168
0
1
144
4
104
65
120
6
148
186
0
34
1
196
204
66
26
2
64
81
2
196
24
36
88
20
96
24
4
1
184
48
3
148
8
214
38
105
106
6
33
160
72
54
39
79
196
78
192
64
97
8
48
5
254
252
71
68
112
2
56
21
22
153
45
140
146
144
48
200
64
44
78
191
193
48
5
192
72
64
16
143
65
101
0
204
24
44
148
8
98
24
134
81
128
240
3
148
74
87
40
48
243
213
254
150
23
197
89
54
55
239
21
218
174
203
38
95
239
247
52
35
186
255
243
35
104
243
242
123
123
121
214
105
215
36
180
250
146
109
122
253
82
202
175
107
179
16
245
111
17
172
26
5
248
152
156
71
56
178
115
27
217
213
38
251
5
6
108
129
201
87
163
213
188
94
6
5
9
61
187
133
136
124
203
36
80
67
158
48
80
32
28
4
252
28
59
19
117
64
87
168
82
114
13
24
148
20
24
158
65
224
64
192
25
44
28
12
145
93
141
8
24
68
43
188
74
135
42
240
97
5
172
128
32
86
55
103
16
86
110
6
16
189
18
38
239
221
33
100
80
133
208
113
92
253
189
44
80
18
50
41
196
36
85
186
82
120
137
124
112
92
56
175
213
16
244
108
153
172
24
5
240
29
156
73
16
242
51
188
88
87
32
250
195
197
156
28
32
14
92
66
51
134
45
200
30
161
52
27
237
213
36
103
6
36
224
99
77
223
167
126
81
42
48
97
210
52
20
186
66
104
224
244
114
218
56
47
211
20
245
110
153
172
24
5
224
29
156
73
24
242
51
189
88
87
34
251
82
16
140
146
31
67
27
62
134
34
57
20
57
142
51
102
237
215
97
240
192
39
193
103
72
201
160
12
82
26
51
107
223
44
85
186
82
120
233
116
112
92
48
47
213
20
245
111
153
172
24
5
240
29
156
73
16
242
51
189
88
87
32
250
155
216
223
239
255
248
252
136
58
187
124
251
174
115
198
249
107
215
189
43
204
13
238
120
47
223
51
59
223
107
55
63
247
231
60
83
119
253
255
183
243
222
235
127
251
22
253
177
205
157
94
181
220
167
191
237
208
252
184
111
85
29
51
191
145
128
69
6
24
75
5
54
166
36
60
87
31
127
150
96
235
246
101
97
192
98
224
230
72
191
181
26
184
10
83
107
215
36
85
186
82
120
233
252
116
92
56
47
212
48
245
111
153
172
24
5
240
29
156
73
24
242
51
189
88
87
32
250
90
16
137
158
47
67
28
15
134
162
57
134
17
134
59
115
253
215
32
210
196
181
192
3
13
213
241
75
18
250
23
106
195
44
87
186
90
120
225
116
112
93
116
47
213
20
165
111
153
172
24
5
242
29
156
65
16
242
51
189
88
86
32
250
93
58
148
69
254
249
162
48
90
57
210
127
230
86
138
81
124
139
234
144
205
5
75
221
131
122
248
230
12
71
199
102
95
185
209
53
125
155
236
101
217
21
203
39
229
37
191
115
190
222
9
231
246
237
90
227
102
27
151
163
178
123
228
78
10
144
138
163
47
245
216
21
52
219
4
205
26
72
51
181
196
222
1
243
196
48
247
123
33
10
162
66
85
113
189
99
245
48
158
32
115
99
200
241
210
78
94
12
210
22
195
111
153
184
26
5
244
13
157
73
147
243
51
188
80
90
34
249
1
8
128
8
9
73
160
230
25
144
142
5
16
52
235
160
203
24
195
0
212
2
205
128
81
108
4
0
0
198
11
66
237
2
65
32
20
130
205
8
152
21
20
38
68
230
38
224
185
104
239
60
146
29
8
0
38
64
15
160
0
3
34
72
131
85
8
10
7
145
28
1
35
67
41
138
176
136
36
23
77
50
36
213
10
150
81
0
64
85
249
104
18
40
148
32
136
20
146
138
66
72
32
67
32
203
52
41
150
92
180
44
16
138
16
4
34
24
242
1
16
51
49
20
25
80
8
74
3
128
128
30
1
64
12
142
33
170
137
141
56
165
7
10
141
0
0
144
72
163
71
42
64
69
176
0
131
32
35
66
221
56
1
48
59
32
32
96
34
74
60
43
86
85
165
104
25
170
24
5
144
24
92
72
154
163
63
177
28
66
34
98
3
196
85
10
200
140
7
0
170
37
44
217
140
43
132
48
226
247
5
97
192
99
138
109
76
220
45
47
58
11
81
111
215
228
84
154
66
120
173
254
119
94
40
11
209
16
252
7
145
164
24
4
244
29
156
73
24
242
50
188
88
87
34
249
198
77
161
144
192
206
7
75
143
71
33
138
147
138
212
14
9
37
52
69
14
141
50
1
87
215
159
45
3
170
2
9
2
23
102
139
0
44
71
14
32
162
52
225
15
88
60
182
69
128
112
48
1
90
36
162
217
40
96
57
12
68
25
162
211
210
73
171
255
184
151
24
126
57
62
123
173
95
204
113
98
215
29
48
200
5
138
120
46
220
121
47
254
11
19
47
151
229
220
219
114
115
173
247
211
222
74
31
213
158
252
21
133
181
24
36
236
183
143
235
80
244
50
188
88
87
54
189
24
178
87
195
190
177
161
120
222
159
82
85
237
29
217
80
118
215
203
42
224
6
202
253
169
184
36
174
94
193
113
254
119
108
77
180
119
186
169
116
253
84
83
14
68
164
152
87
186
189
25
1
242
133
159
73
4
242
50
204
208
15
32
246
254
60
245
215
186
205
81
37
127
117
87
23
157
254
250
246
242
214
88
42
158
249
242
50
187
138
160
27
254
251
95
239
147
229
119
250
198
83
219
222
149
221
205
22
168
142
233
47
133
37
215
141
190
31
151
95
88
118
120
125
91
12
42
253
0
10
1
130
200
72
0
44
140
32
82
5
1
0
91
160
12
0
193
0
196
0
136
192
75
144
28
0
128
130
3
78
77
32
65
32
21
130
136
0
192
20
1
2
65
34
160
105
146
8
137
0
180
29
29
1
4
98
19
176
0
7
0
126
215
232
203
105
124
218
214
238
89
179
253
248
202
179
207
250
203
197
57
111
142
197
238
25
239
213
25
175
103
43
19
110
149
133
181
203
126
253
237
54
50
158
233
117
31
158
125
177
223
173
111
181
217
245
182
110
208
252
41
125
89
85
118
255
10
11
0
136
39
217
134
33
143
0
159
4
145
28
121
228
149
16
66
152
148
50
192
197
25
116
4
68
36
214
29
136
14
56
67
12
206
74
202
8
169
21
69
36
4
230
164
47
182
11
129
11
178
5
219
18
35
67
26
240
33
137
76
66
129
4
237
132
46
21
17
188
180
125
20
67
143
185
18
7
136
117
100
33
120
199
242
240
72
170
156
50
248
81
19
73
223
96
16
112
86
105
56
169
84
156
58
191
193
32
245
105
25
136
25
13
209
26
158
12
56
118
51
29
194
151
4
250
5
134
36
9
201
22
163
197
44
86
2
68
0
57
155
165
128
40
131
36
80
67
30
96
82
32
12
0
181
132
9
3
229
0
67
168
16
34
13
168
214
54
24
134
80
114
64
192
25
44
24
40
209
93
137
8
48
200
34
164
66
211
42
249
214
248
219
127
248
208
222
204
218
185
60
249
34
151
143
250
107
198
184
11
204
137
238
24
111
223
187
43
215
43
3
126
181
165
53
251
118
245
239
118
115
94
169
119
191
156
253
177
217
173
127
181
221
183
180
235
208
248
168
93
92
69
51
255
17
223
44
192
37
189
180
49
61
213
94
71
140
61
72
133
229
254
197
185
244
98
144
240
105
62
81
114
124
86
201
177
158
112
217
0
247
11
248
33
125
149
58
183
196
163
118
111
171
153
137
8
248
5
203
77
55
211
54
237
66
155
44
218
82
9
137
20
36
10
88
55
80
170
87
128
66
128
6
10
4
10
32
151
68
165
64
131
201
2
132
196
64
36
128
96
143
56
128
32
63
8
194
225
216
190
179
137
178
53
163
110
51
170
9
195
240
29
121
0
7
179
23
243
32
50
196
203
245
236
127
29
216
205
247
228
235
229
175
190
220
255
255
238
243
160
95
98
63
232
63
172
223
111
173
251
233
159
219
63
241
101
69
254
154
179
253
254
150
95
72
182
244
122
200
53
137
109
199
111
248
31
1
79
56
252
105
60
222
214
43
253
199
197
138
58
21
50
92
142
16
162
181
176
34
138
7
11
0
84
16
223
3
131
228
3
100
130
128
1
83
41
0
105
161
164
148
234
114
57
3
245
18
234
16
72
146
24
1
72
91
46
30
5
89
56
244
0
144
162
41
30
24
20
54
217
58
219
238
223
54
157
220
49
223
187
255
218
255
52
125
202
255
213
122
187
220
55
195
255
169
119
183
62
87
221
181
234
223
44
79
191
222
125
232
117
112
95
241
47
215
182
181
127
159
172
24
7
242
29
159
89
16
243
59
253
121
95
32
254
2
2
8
2
159
144
2
1
198
2
19
36
41
18
16
49
80
194
6
144
193
34
129
68
4
128
12
9
150
156
129
0
48
44
130
142
74
16
1
128
128
192
16
8
64
196
160
76
18
45
145
0
32
0
194
25
0
98
18
148
72
18
100
89
2
211
0
198
55
177
24
26
6
16
21
116
32
22
164
97
34
212
4
24
130
24
160
115
36
128
0
9
22
106
28
89
112
36
188
154
66
114
3
149
147
195
18
14
10
132
224
78
0
53
86
4
42
0
166
8
144
98
42
158
73
12
38
177
203
150
142
113
255
179
222
156
52
123
184
73
142
217
34
13
228
253
61
243
232
163
174
59
70
203
171
102
221
81
49
119
119
40
156
57
123
116
36
241
82
78
26
31
209
5
211
95
24
173
28
5
240
188
158
73
144
242
55
158
92
86
32
249
43
134
32
33
139
221
163
41
137
80
222
69
208
60
41
36
141
41
99
208
240
19
82
208
81
125
29
228
68
214
35
194
141
56
67
36
219
8
232
40
105
21
48
175
213
113
182
105
185
138
137
13
242
13
88
81
38
194
151
181
34
219
104
74
209
213
220
214
52
151
95
54
51
253
21
219
142
251
134
95
238
215
52
47
138
109
227
99
104
243
178
63
123
41
84
105
215
100
180
250
82
121
115
245
86
202
171
47
179
16
213
79
17
172
26
5
112
56
156
79
24
182
51
159
88
85
38
251
75
186
239
97
254
255
211
112
248
189
214
223
207
125
28
73
200
253
123
187
228
103
202
253
109
254
157
182
126
87
51
239
215
104
213
184
126
121
253
116
120
92
58
47
213
48
245
107
185
172
24
5
240
29
158
73
52
246
51
189
218
215
36
250
241
237
247
215
224
79
211
233
255
85
47
223
191
251
254
252
255
179
126
39
126
239
243
102
251
255
253
63
175
187
86
173
135
109
99
255
210
27
255
124
245
221
41
183
173
122
253
45
165
164
201
41
240
31
159
207
120
254
112
61
250
85
57
250
0
2
1
0
192
136
6
33
74
0
11
6
208
4
73
128
13
0
0
132
8
0
1
192
64
84
29
32
128
14
1
0
72
52
65
8
8
2
138
0
37
16
0
35
4
238
172
0
0
0
65
38
19
11
1
10
5
65
0
32
0
1
64
64
32
22
128
6
125
86
134
31
134
112
12
71
32
95
130
37
235
199
33
64
208
39
209
119
90
221
184
14
210
26
3
106
199
36
85
186
82
48
233
116
112
92
16
175
213
16
181
111
153
172
24
1
240
29
156
65
16
242
51
189
88
87
32
250
5
135
160
8
0
68
4
87
33
68
8
196
0
13
54
37
205
104
193
160
16
2
116
128
80
53
20
64
17
22
10
1
132
16
43
136
0
0
8
8
37
0
48
163
4
112
52
236
16
48
236
8
130
2
34
0
186
0
0
4
66
193
12
106
29
251
223
120
125
251
247
122
240
28
238
245
111
127
204
249
235
213
191
111
228
109
160
119
111
255
97
151
127
75
96
105
223
103
213
186
118
122
253
245
127
222
58
39
221
147
245
239
153
181
29
20
248
61
159
77
60
254
55
175
88
87
39
250
0
10
16
131
137
216
162
65
14
80
2
5
145
52
249
160
234
212
129
96
196
32
136
112
73
156
48
8
22
10
27
90
84
36
85
186
80
114
201
68
177
84
24
6
68
134
240
101
153
45
24
5
176
29
141
73
16
114
51
173
72
7
32
250
51
21
0
134
7
132
10
1
38
70
17
66
188
106
52
20
116
51
4
177
194
118
145
103
144
146
228
94
18
184
213
97
6
44
2
20
202
72
2
200
68
195
12
137
128
80
193
79
17
160
16
12
38
0
24
211
57
51
50
145
16
145
40
105
3
195
9
11
128
80
130
136
34
130
33
204
16
0
37
33
4
102
0
4
0
48
4
64
96
129
9
64
133
42
18
17
180
16
153
0
0
64
74
160
162
8
8
8
16
220
176
44
17
25
16
5
155
65
100
162
145
64
8
12
68
217
66
177
18
21
136
22
4
138
88
55
82
8
87
69
98
64
2
18
44
66
0
147
196
37
67
195
201
2
224
206
0
36
128
96
15
56
208
32
63
10
202
65
208
28
147
139
224
20
163
111
147
170
9
67
240
29
88
73
7
51
23
243
32
51
196
202
250
217
202
254
119
123
127
27
221
59
245
250
191
218
246
223
251
215
63
223
47
191
227
63
39
223
243
191
87
115
246
232
147
175
246
255
227
125
249
245
122
255
247
125
219
29
247
127
223
167
158
133
234
189
255
121
80
247
117
255
125
127
182
251
175
238
109
11
223
125
131
157
248
84
174
46
105
30
239
229
195
116
3
212
121
130
31
52
119
237
29
33
247
26
27
17
232
44
215
250
90
51
141
60
186
85
26
158
84
243
60
128
137
45
86
12
153
159
133
1
48
224
41
60
78
198
46
208
107
213
76
26
23
119
93
222
55
206
45
136
60
175
167
239
203
244
49
108
40
210
244
50
100
229
161
25
123
73
124
49
240
68
148
250
66
113
17
252
50
203
60
61
22
214
68
76
29
172
86
5
8
25
148
76
184
228
41
28
93
214
34
177
167
199
228
154
1
28
5
15
165
102
33
136
27
187
182
14
136
48
33
97
18
210
240
35
82
129
149
49
169
152
24
65
128
70
70
170
192
80
49
170
166
170
56
141
16
80
84
200
17
164
20
8
3
25
135
28
56
228
97
28
74
212
42
123
56
154
255
235
253
252
227
253
188
253
118
89
173
121
217
132
255
221
249
42
244
109
142
123
111
251
19
166
126
67
35
255
215
227
121
48
119
243
253
52
245
116
186
151
77
131
89
243
171
157
223
160
252
165
143
77
69
252
175
239
210
7
37
254
31
4
76
44
39
145
91
100
18
22
85
20
28
60
9
84
236
220
17
232
128
114
192
48
44
136
160
89
118
101
125
41
20
116
20
202
70
115
0
88
144
131
29
12
64
132
192
76
19
37
23
4
40
16
183
77
16
98
59
216
73
15
34
245
36
45
243
154
0
197
4
71
99
230
9
160
50
166
191
207
203
48
160
3
159
165
119
131
81
215
145
41
3
138
18
65
199
6
103
186
16
120
235
124
96
124
52
35
183
84
117
110
153
172
56
21
178
25
28
64
16
242
19
181
89
85
33
234
60
46
179
253
152
236
171
253
205
254
194
21
193
68
219
164
250
205
195
74
252
45
94
223
221
232
54
198
4
194
59
222
103
131
111
61
180
190
237
102
233
116
194
230
111
226
41
243
184
44
232
123
242
29
28
81
133
234
83
239
238
71
107
54
3
20
8
35
133
160
147
24
144
153
4
71
160
8
0
1
68
127
5
145
192
38
202
81
32
152
8
6
86
1
41
51
95
40
152
48
115
11
8
1
209
64
26
10
193
65
8
87
24
24
24
5
252
128
156
97
17
18
54
157
0
23
38
219
235
213
236
254
127
55
121
27
52
126
32
203
175
200
36
95
228
253
165
115
240
126
144
123
6
186
163
23
90
113
117
227
195
160
150
177
243
124
48
241
210
78
126
205
211
21
195
79
28
188
24
5
226
60
157
65
25
178
119
159
218
214
46
185
80
1
135
148
0
2
16
110
2
128
85
20
10
161
2
2
44
0
64
101
2
141
230
163
74
10
144
88
32
128
0
8
92
52
32
186
2
44
2
76
16
128
157
2
139
24
65
206
19
32
123
145
112
24
20
12
9
50
49
217
8
20
0
235
17
214
142
13
37
176
184
52
24
216
84
201
136
17
9
137
44
202
161
154
196
32
198
241
41
25
64
240
93
69
161
51
255
112
249
0
127
73
168
33
243
30
59
46
86
149
83
111
155
218
57
7
176
5
153
76
23
195
62
229
80
107
6
195
162
196
162
8
1
70
132
71
167
226
41
200
27
169
54
15
207
48
38
225
144
6
125
47
85
131
164
10
3
156
25
66
197
44
102
58
18
44
33
234
70
74
40
169
146
84
85
237
25
168
24
1
240
24
180
76
152
242
35
180
88
85
10
235
1
140
221
10
136
204
245
68
57
116
44
141
28
61
143
172
235
100
145
32
228
73
238
49
123
233
0
22
105
1
89
111
181
102
49
112
18
195
249
126
119
158
8
167
92
18
125
226
153
36
95
12
244
29
149
77
56
230
43
188
216
71
34
249
241
45
245
6
226
207
83
107
255
69
7
87
191
251
254
252
255
183
126
37
62
79
242
101
255
255
189
63
170
155
86
45
135
109
103
223
130
27
255
94
213
221
45
167
169
122
253
47
133
164
217
60
240
31
158
207
120
126
112
61
250
21
56
250
51
212
44
142
39
205
93
11
119
196
61
225
60
58
100
246
181
182
4
153
144
112
241
99
241
165
225
90
59
123
221
105
168
252
48
16
238
72
170
249
115
155
109
169
180
18
244
110
131
178
195
15
190
0
242
69
56
51
254
248
179
220
174
77
218
248
206
223
126
243
218
180
95
187
87
255
190
146
123
218
189
211
124
187
205
125
239
255
169
87
251
119
95
255
183
254
215
249
189
101
255
255
254
115
240
221
231
124
151
28
211
123
255
218
26
199
255
229
253
255
87
247
190
255
253
57
208
254
100
5
204
150
3
71
31
23
38
230
43
4
17
174
177
103
233
243
97
102
208
167
208
51
80
125
161
12
80
154
49
97
203
36
87
186
82
120
225
124
112
92
48
47
213
20
229
111
153
172
24
5
240
29
156
73
16
242
51
189
88
86
32
250
53
190
247
69
248
253
163
112
250
157
198
93
206
121
216
128
235
237
235
43
245
109
90
245
255
127
21
246
108
14
67
111
223
106
69
190
92
184
249
124
125
28
58
183
213
224
253
103
185
173
13
75
240
29
158
77
46
214
19
173
250
215
100
250
135
35
0
32
217
2
2
74
130
2
129
98
32
66
162
17
226
36
7
84
67
130
32
6
70
136
236
9
146
8
40
0
120
44
68
158
0
48
1
196
136
64
24
10
192
105
128
12
0
36
16
4
96
26
68
1
16
48
1
148
12
86
32
41
6
0
0
130
13
10
4
34
2
2
19
4
0
6
0
0
224
2
0
144
193
32
193
195
72
20
160
8
0
8
129
64
95
44
85
186
74
8
1
68
48
192
16
43
68
0
164
79
17
164
24
0
32
24
24
1
16
50
51
176
8
19
32
234
145
250
87
3
252
188
163
248
250
159
82
95
205
53
217
0
246
197
199
32
228
70
138
252
233
188
61
178
254
11
99
62
247
76
205
148
116
187
169
52
221
84
26
158
213
162
216
53
186
29
24
33
240
133
141
105
4
208
18
172
208
87
96
190
23
250
84
103
249
152
214
128
122
17
175
107
236
127
233
81
54
163
188
186
229
109
11
252
231
126
89
255
174
111
199
55
159
249
75
22
120
153
254
63
101
29
107
119
229
201
255
51
172
223
137
103
245
229
218
239
126
223
150
167
240
251
245
94
7
38
100
32
221
168
39
88
224
16
130
99
232
91
196
1
66
45
135
208
225
102
25
116
70
156
9
135
190
4
33
65
26
238
214
154
33
56
37
132
77
160
26
129
64
65
246
67
32
53
0
0
97
20
203
9
62
0
151
132
8
215
36
8
93
251
223
254
125
242
247
126
242
24
236
245
103
223
132
121
251
197
187
111
228
5
224
119
238
207
232
143
95
10
96
235
223
37
213
187
86
120
237
245
114
94
58
39
221
145
245
239
152
189
28
17
240
61
158
73
16
254
55
159
88
87
38
251
21
254
255
77
248
249
247
244
250
157
238
253
206
117
205
169
235
237
235
43
245
109
110
247
239
127
53
246
109
15
227
127
223
106
69
190
94
185
249
124
125
28
58
183
213
226
253
111
185
189
13
71
240
29
158
77
62
214
19
173
248
215
100
250
155
216
94
239
191
120
220
184
58
153
125
219
174
115
70
185
111
215
188
59
68
76
166
120
47
223
115
123
255
99
54
63
246
241
60
81
119
253
248
181
243
222
235
127
251
23
252
181
205
155
86
181
220
167
175
237
209
212
188
111
85
93
22
191
3
200
8
10
3
88
2
4
25
2
6
4
16
54
111
128
137
16
1
36
64
210
136
32
105
149
24
1
131
10
27
8
148
4
65
234
66
82
141
56
176
149
24
61
21
150
100
224
19
44
30
4
153
29
135
10
16
96
40
60
72
19
34
242
67
193
141
156
34
26
94
2
51
198
45
200
30
161
52
26
173
209
36
109
134
37
224
51
77
215
163
124
65
32
52
105
210
52
84
186
66
104
224
240
114
222
56
47
183
20
245
110
153
168
24
5
224
29
156
73
16
242
51
189
88
86
34
251
163
5
64
6
207
128
3
8
38
65
1
66
190
107
32
21
102
55
4
177
194
38
145
102
16
130
224
15
178
56
65
97
18
164
20
154
66
72
3
206
197
194
12
73
128
76
192
15
1
36
16
4
36
0
142
171
24
50
48
28
8
20
32
249
246
248
138
103
255
218
222
169
91
155
215
255
234
86
74
216
57
131
62
159
199
45
235
93
231
87
123
175
70
63
135
62
143
255
237
87
254
157
239
55
121
124
227
125
159
29
191
51
255
223
9
231
253
229
248
235
87
223
246
235
176
57
244
222
62
250
253
206
126
59
95
90
114
48
157
253
111
55
164
89
251
213
62
185
197
93
105
255
167
214
232
159
127
111
213
109
159
237
190
222
110
251
251
247
87
223
235
125
189
157
245
111
212
247
143
198
232
181
250
79
124
183
190
207
249
93
246
223
6
0
0
130
15
130
6
0
2
32
17
0
0
6
0
16
96
2
0
144
193
32
193
67
64
16
128
13
2
136
129
64
7
36
17
186
74
72
33
70
32
0
0
43
68
4
164
79
17
164
24
0
48
24
24
1
0
50
19
144
8
23
32
106
66
1
138
26
1
66
80
7
66
130
21
128
50
162
3
26
77
2
32
151
3
133
231
3
80
147
240
13
3
168
128
96
135
36
1
178
11
12
66
88
32
72
52
105
151
28
1
238
81
168
26
5
52
9
112
195
24
51
57
57
24
81
16
203
58
61
125
215
186
205
89
41
126
229
87
85
159
118
248
246
250
214
84
99
158
120
162
123
185
154
178
31
106
251
31
255
147
229
117
218
198
91
219
86
213
221
205
78
233
14
233
47
143
165
211
143
254
31
149
77
88
118
123
249
91
15
34
255
0
1
1
3
128
128
134
160
74
130
11
6
128
4
89
0
6
2
0
4
0
32
0
192
72
20
12
0
0
138
9
24
112
4
73
0
8
10
14
0
161
0
0
0
6
170
8
20
3
8
33
34
29
65
33
162
65
72
8
96
0
1
64
160
189
238
125
111
186
157
253
73
251
127
43
251
223
115
252
220
242
166
63
107
255
106
56
252
253
191
39
187
239
153
113
126
227
238
78
223
202
191
177
254
255
222
104
159
210
226
216
23
169
165
22
111
108
21
143
109
148
246
122
172
254
94
106
181
198
77
145
152
64
78
78
67
7
66
33
138
3
128
150
31
9
69
52
69
10
141
112
2
87
215
187
105
147
170
2
1
2
23
55
203
0
108
71
68
34
234
52
233
63
24
60
180
65
128
114
176
9
122
36
162
217
40
104
57
12
68
17
163
195
196
8
10
7
0
6
8
35
66
41
138
32
130
38
11
1
50
36
149
8
144
113
0
64
197
153
40
19
8
0
1
152
36
146
162
2
72
32
224
34
202
60
41
150
92
84
12
17
170
16
4
0
24
113
138
16
176
48
20
24
80
32
75
71
6
128
18
107
87
2
39
6
100
57
6
16
158
35
102
233
211
32
192
208
167
208
35
88
85
189
14
16
26
19
106
195
44
69
186
82
120
233
124
112
92
48
47
213
52
165
111
153
172
24
5
240
29
156
65
16
242
51
189
88
86
32
250
73
196
76
24
3
83
93
214
49
126
44
140
28
173
47
239
199
244
1
96
64
208
196
50
76
161
160
16
251
69
61
105
240
4
149
232
82
112
1
248
50
203
92
12
84
150
192
76
27
44
30
5
56
25
212
77
152
224
43
156
93
210
34
241
139
155
134
117
239
241
240
158
60
153
70
77
10
88
107
141
108
222
185
242
228
47
174
115
34
139
50
102
221
65
48
118
255
51
80
48
115
83
248
96
217
63
26
94
201
199
219
207
153
157
94
5
240
31
157
73
19
210
39
191
80
111
134
249
25
155
214
235
239
249
225
188
60
221
86
77
141
121
75
140
237
223
185
106
228
47
142
115
107
251
17
102
252
67
51
255
151
99
113
112
119
83
253
36
253
53
250
87
77
135
123
231
137
17
223
4
240
135
143
77
51
212
47
175
82
15
133
222
135
3
1
52
217
34
33
74
128
36
161
33
96
201
128
1
226
100
7
64
96
162
48
6
70
168
164
9
146
8
96
65
96
44
6
186
0
32
1
204
136
64
16
138
64
113
128
76
8
36
80
0
96
26
4
1
48
48
1
148
8
70
32
105
195
209
222
223
55
147
94
20
51
231
5
216
142
187
166
91
171
215
60
47
139
117
227
99
104
211
184
63
123
41
21
43
215
100
180
250
82
89
115
117
86
203
40
47
179
28
213
111
17
172
26
5
112
24
156
207
24
246
50
157
89
85
38
251
56
155
179
245
40
237
169
255
221
220
66
85
195
84
219
180
255
204
203
106
244
45
222
219
223
170
54
198
92
194
123
222
103
3
127
53
181
190
216
101
205
116
147
246
111
167
41
255
168
16
253
251
242
159
157
81
197
218
87
235
86
79
131
118
31
5
76
40
174
145
90
32
50
6
85
20
28
125
41
80
236
216
17
224
192
112
128
48
44
152
160
89
120
101
253
41
16
116
21
202
66
115
17
92
144
131
29
12
64
132
194
14
155
44
19
5
56
24
151
73
24
98
59
152
88
14
34
241
218
248
202
203
255
219
218
184
95
187
214
254
191
82
127
248
217
147
124
159
205
87
239
125
175
87
123
55
95
255
151
254
223
239
223
69
126
255
255
51
240
253
231
125
151
31
191
179
255
223
159
199
255
229
248
255
87
223
190
255
241
249
220
223
215
248
219
105
252
250
246
236
217
177
252
187
204
179
207
250
203
197
185
110
141
193
238
56
237
221
25
183
255
43
51
62
149
199
181
251
118
241
253
119
50
222
235
117
93
158
125
177
223
189
111
181
153
247
182
110
212
236
41
127
92
71
118
247
12
1
130
148
2
71
120
135
0
194
1
4
18
194
51
34
12
90
0
195
2
184
100
131
26
2
166
72
0
160
188
64
102
18
34
160
17
70
66
192
128
40
149
72
170
20
131
110
89
40
120
215
114
24
52
80
129
51
83
177
73
48
67
227
218
219
238
116
119
59
125
250
156
187
255
251
191
216
102
206
181
157
127
223
238
191
227
63
39
255
243
190
95
229
116
238
219
47
102
255
87
125
240
245
218
255
243
127
219
103
151
111
189
175
30
133
232
29
223
73
81
242
247
255
125
54
161
250
250
217
234
254
55
123
125
31
157
59
253
251
63
216
118
223
187
221
127
95
110
191
226
63
39
223
243
63
87
115
54
232
219
47
246
255
231
125
240
245
122
255
243
127
219
119
183
111
253
167
30
133
232
61
255
89
17
242
119
191
125
127
147
251
247
239
245
214
240
222
83
45
238
85
23
219
143
123
222
220
122
215
124
45
22
111
242
119
123
251
189
63
191
185
82
45
151
101
116
219
194
27
255
126
213
222
169
159
153
26
253
47
145
165
221
137
240
31
159
207
112
254
112
125
88
85
50
255
104
6
37
128
220
55
34
115
4
126
98
0
65
0
176
5
194
221
69
100
208
16
56
153
26
56
45
132
208
16
49
200
64
4
222
187
81
116
5
192
216
64
16
143
64
36
2
196
24
44
24
4
98
28
142
73
128
112
3
148
78
22
40
176
242
205
125
215
235
79
219
137
255
197
63
223
191
123
126
252
127
147
124
119
30
171
247
100
249
223
255
127
227
187
215
190
135
237
99
215
219
91
254
254
241
93
229
251
149
30
253
61
141
142
211
9
252
7
157
255
89
246
112
57
127
95
56
250
0
6
196
134
73
70
6
39
38
112
12
71
12
127
6
36
233
131
96
176
208
39
208
99
82
93
185
14
144
154
3
98
223
36
71
186
82
56
233
116
112
92
56
175
213
16
245
111
153
172
24
1
240
29
156
73
16
242
51
189
88
87
32
250
250
59
255
255
246
255
95
236
222
191
255
190
255
244
155
250
251
213
122
111
46
255
198
189
143
203
190
191
195
249
118
170
247
45
69
255
222
127
241
125
248
93
241
63
215
174
237
63
159
172
31
135
240
29
159
89
80
246
57
253
125
86
48
254
0
2
1
3
128
136
134
32
74
130
10
6
144
4
73
32
6
2
128
4
0
32
0
192
73
20
12
0
0
138
9
24
112
4
73
0
8
10
14
0
129
16
0
0
4
174
0
0
2
9
33
32
23
1
1
138
5
72
0
96
0
1
64
32
242
141
116
151
227
78
91
137
255
69
63
223
191
107
94
244
255
147
60
55
30
175
243
102
249
223
253
63
226
187
215
45
135
109
103
223
194
91
254
252
241
221
173
235
141
30
253
45
133
164
217
9
248
15
156
239
120
126
112
57
122
23
56
250
251
253
255
127
118
230
255
174
250
255
253
185
255
235
207
254
119
167
60
127
126
237
119
183
189
235
227
255
107
121
228
187
251
125
52
247
255
125
242
253
254
222
191
233
251
19
209
126
255
174
11
207
248
61
125
197
125
247
127
251
187
214
251
251
2
16
128
138
31
195
14
7
6
34
57
4
48
6
53
115
109
215
32
208
192
51
195
75
8
193
168
15
18
8
21
98
199
44
87
186
90
120
233
118
96
92
36
41
213
20
181
111
153
172
24
5
246
29
156
65
16
242
51
189
88
87
32
250
38
167
145
142
1
78
5
79
195
64
5
176
49
150
175
94
139
22
32
0
130
1
82
3
85
213
144
9
35
168
0
73
133
4
99
154
0
72
107
76
36
27
52
225
61
20
53
238
80
164
233
28
50
16
48
0
32
34
2
169
24
69
37
90
189
254
127
93
186
157
253
240
250
181
175
186
221
123
253
248
242
244
94
106
191
248
31
252
191
46
167
251
239
143
245
127
243
228
68
222
218
243
177
254
159
95
73
30
240
242
200
21
137
237
6
103
120
31
135
77
56
246
57
188
253
206
99
189
214
250
219
249
248
250
242
204
216
177
238
187
195
147
207
251
107
197
185
75
204
129
238
24
47
221
185
175
215
43
35
110
149
135
245
251
118
177
237
119
242
220
171
117
125
158
125
177
219
189
127
177
217
183
183
107
208
248
41
111
92
71
53
255
101
173
131
26
0
206
5
79
75
226
42
184
48
166
143
138
139
0
32
15
143
5
87
7
81
213
145
37
3
138
2
9
197
6
101
186
16
56
235
124
32
124
48
171
23
16
53
238
145
172
56
1
176
29
52
2
16
226
3
189
88
85
32
250
66
1
139
20
6
34
88
54
80
162
85
132
66
128
2
10
12
72
32
151
130
165
66
131
9
2
132
132
64
36
4
72
143
56
145
32
31
8
194
97
240
184
183
9
146
48
163
110
50
170
9
195
177
25
120
16
7
35
31
243
32
48
196
203
6
0
196
2
72
74
6
38
166
36
60
84
28
111
22
32
233
211
33
160
192
99
200
99
72
193
172
14
56
136
17
106
215
44
69
186
82
56
233
124
116
92
40
47
213
20
245
111
153
172
24
1
240
29
156
73
24
242
51
189
88
87
32
250
129
6
4
2
192
2
134
0
34
5
42
66
128
33
0
0
4
33
4
165
64
0
0
192
72
20
9
0
164
8
1
1
84
64
72
0
0
8
6
136
69
0
8
135
0
8
84
0
0
1
0
0
1
64
11
138
8
64
0
4
64
81
96
40
113
21
176
150
119
135
91
87
150
76
5
1
1
72
52
23
230
215
16
103
192
47
208
99
76
138
166
76
82
40
60
105
199
37
52
187
210
120
128
117
208
202
25
14
225
20
193
78
153
164
24
5
96
24
156
73
16
178
51
157
88
86
34
251
69
142
135
17
216
250
162
84
56
251
0
201
194
209
134
9
139
109
161
99
204
37
122
219
67
123
152
166
81
5
35
71
223
2
85
168
17
184
237
52
112
60
58
167
213
17
247
227
153
172
24
33
241
29
156
8
22
250
51
189
88
87
33
250
19
196
68
11
200
140
135
0
170
37
56
217
140
107
132
52
98
71
5
33
200
35
138
108
72
222
45
47
18
11
17
111
215
164
84
186
18
56
109
254
103
94
40
171
209
16
252
55
153
164
24
4
244
29
156
73
24
242
51
184
88
87
34
249
5
158
230
229
253
254
229
123
188
221
206
69
143
125
216
165
227
205
173
43
244
47
154
123
111
222
1
38
124
3
33
223
215
99
121
48
116
186
249
52
213
52
58
167
205
131
253
235
168
181
24
9
240
29
159
73
18
210
55
175
66
87
37
254
9
132
141
8
10
83
0
102
49
50
4
132
24
52
47
168
143
84
129
32
192
112
204
34
72
128
0
0
41
65
29
75
245
64
17
40
18
226
0
32
182
31
76
6
84
150
193
74
17
40
30
4
178
25
148
8
153
226
42
188
81
78
2
241
250
220
50
183
239
206
222
137
15
225
59
223
191
70
126
254
253
147
124
215
158
187
247
40
217
223
251
111
147
251
151
190
163
173
119
87
243
75
238
247
227
93
229
233
151
30
253
53
205
206
208
9
246
231
181
251
80
247
241
121
31
95
56
174
99
7
131
26
1
194
6
15
193
194
41
176
48
134
137
134
11
1
32
15
138
35
198
7
89
213
153
37
3
138
0
8
197
38
101
186
0
56
111
12
32
112
48
169
23
24
53
162
17
172
56
0
177
25
180
2
0
98
3
249
72
85
32
114
190
45
79
183
187
205
217
171
126
235
87
117
191
230
249
246
58
151
20
51
206
124
164
107
63
154
162
31
122
251
63
127
51
228
85
242
247
123
251
246
208
221
205
72
193
22
225
111
207
172
27
133
254
21
189
109
88
246
123
249
89
31
50
191
0
194
1
136
8
88
4
126
0
50
42
4
0
21
77
160
133
68
0
0
192
0
140
130
74
197
0
0
133
0
1
75
245
0
81
40
80
66
128
32
50
30
0
38
84
146
196
72
17
8
92
0
144
29
151
9
129
194
10
60
64
70
2
240
31
17
76
144
222
161
82
48
48
6
87
20
156
104
57
64
100
217
1
224
203
112
131
242
40
40
160
92
248
68
189
41
82
100
21
186
75
115
17
84
148
193
93
14
64
132
195
15
159
44
17
4
122
28
153
73
24
99
59
184
73
10
34
225
2
0
0
130
14
130
6
4
6
34
17
0
152
6
48
17
64
115
0
144
192
33
67
65
64
128
168
15
18
136
17
65
23
44
23
186
10
72
33
66
36
64
4
9
197
20
229
79
16
172
24
1
50
24
28
65
8
50
19
145
8
87
32
106
196
106
247
245
232
190
110
243
120
191
106
155
206
245
219
170
131
201
255
111
221
205
110
153
219
79
143
182
105
133
34
222
243
19
100
185
93
191
245
244
222
126
185
182
251
34
75
243
187
237
45
243
209
95
157
76
70
252
19
253
92
118
99
252
158
250
91
235
251
248
250
204
222
187
252
189
181
86
223
248
115
150
157
26
205
184
174
56
45
205
106
43
223
235
51
254
177
167
93
243
119
243
237
246
83
222
195
124
86
151
236
49
207
45
95
165
252
151
174
105
208
240
175
252
92
78
50
181
5
134
68
0
200
152
162
112
56
21
6
67
204
113
64
0
64
41
141
36
192
97
10
224
74
48
9
118
172
6
1
1
158
83
80
32
52
130
61
168
197
52
10
135
65
0
252
65
16
69
9
36
145
73
139
15
46
76
22
4
64
83
100
88
184
159
183
247
32
237
249
255
223
221
66
213
199
85
218
180
255
206
200
43
244
45
230
223
217
250
182
210
12
226
127
238
71
115
121
52
181
186
218
101
205
124
179
246
235
162
185
111
168
145
237
251
246
142
158
69
71
218
87
235
115
111
133
254
195
193
206
95
115
146
223
132
115
133
5
218
190
59
166
75
139
213
56
111
10
241
231
114
104
215
153
63
127
41
23
43
151
101
52
219
82
89
119
118
114
235
56
125
151
28
85
46
29
172
30
5
121
24
180
206
24
246
56
29
89
87
50
251
222
248
219
233
248
248
247
204
218
185
252
191
237
55
207
248
235
213
185
106
77
233
238
56
237
221
57
187
255
107
51
63
181
199
253
251
118
243
253
118
115
222
235
113
119
158
125
177
223
189
127
181
217
183
181
111
212
252
169
111
92
79
55
247
195
229
1
62
81
10
14
11
192
3
129
238
162
199
132
27
130
5
4
85
10
174
1
71
70
222
155
15
18
42
32
0
130
165
68
155
2
40
65
86
2
234
24
233
209
88
164
15
65
166
16
0
97
16
52
35
16
178
49
189
24
87
50
43
65
4
33
20
12
34
33
94
128
44
128
1
64
201
0
3
226
108
135
96
224
170
172
10
78
170
132
2
144
4
97
77
113
39
48
56
16
32
5
204
196
98
26
138
72
16
1
202
8
36
88
0
96
26
12
1
168
48
3
152
136
70
36
121
50
246
117
238
126
190
31
11
247
127
121
249
175
115
212
92
242
199
172
41
213
108
145
127
252
223
231
63
127
249
117
239
199
237
124
183
239
252
177
247
103
206
235
221
250
130
220
95
224
183
28
139
100
4
191
237
196
246
114
220
254
95
58
181
25
155
214
253
235
249
245
246
60
84
86
79
156
125
75
140
237
223
249
42
244
111
202
115
107
127
17
114
252
67
83
239
159
99
113
112
119
91
248
44
245
189
250
55
77
135
255
231
137
145
223
141
248
15
155
77
51
214
63
175
82
47
133
222
104
22
36
128
220
55
38
49
0
126
114
2
0
16
19
5
196
221
73
228
208
1
153
240
90
40
44
140
208
20
49
193
101
36
212
171
81
112
37
192
116
64
26
143
65
164
194
197
24
44
24
12
98
28
142
73
0
240
35
148
74
82
40
240
55
254
117
110
250
156
223
96
250
63
113
249
223
123
220
216
242
231
30
105
245
108
8
253
255
190
175
191
111
185
125
127
211
237
76
159
238
191
177
254
223
222
201
159
248
226
216
95
169
165
4
71
108
21
143
109
116
246
83
156
250
215
98
189
154
250
202
107
255
249
210
156
223
187
190
254
187
22
111
249
89
151
122
155
205
87
79
93
167
215
121
39
95
111
151
242
159
204
223
69
126
223
239
51
250
93
102
125
151
255
53
177
255
223
143
167
255
229
248
250
86
221
190
111
241
249
220
222
247
205
236
222
243
94
91
33
62
69
119
250
191
251
222
222
42
215
60
109
31
239
243
98
63
211
155
63
251
187
86
41
135
101
85
219
194
91
255
126
242
255
185
255
145
26
253
47
151
164
147
141
233
31
151
143
120
254
112
121
90
85
56
255
255
240
255
174
126
35
223
58
243
188
213
255
127
55
182
89
251
247
62
191
225
93
97
255
174
254
252
159
127
121
253
239
151
237
188
255
254
121
249
117
95
203
255
106
249
21
245
111
255
190
139
199
248
176
60
79
124
183
191
219
251
223
118
223
25
159
246
253
175
253
245
118
60
92
94
207
140
125
95
172
237
221
233
106
244
111
202
115
107
127
16
112
253
71
114
239
159
99
113
48
119
90
248
44
125
61
187
119
77
131
255
239
137
145
221
141
240
14
154
77
107
198
127
207
210
111
133
222
67
3
1
54
93
34
46
74
192
34
161
34
160
195
132
19
2
37
39
84
138
166
0
71
70
158
135
45
146
40
32
64
18
172
70
154
0
40
33
198
40
98
48
201
192
89
132
15
72
164
16
0
97
24
28
1
16
162
17
149
8
86
48
56
221
223
247
117
252
191
255
114
184
63
121
91
206
249
212
9
230
237
255
103
254
109
162
243
202
127
191
254
252
6
112
251
223
51
84
189
87
60
252
253
126
94
187
15
249
57
247
79
156
173
24
71
241
125
159
73
117
254
51
191
88
215
33
249
67
85
64
62
221
34
30
10
226
34
161
170
162
195
164
27
34
101
52
84
11
175
1
103
70
222
235
45
210
40
32
96
146
165
20
155
66
60
33
215
34
202
56
73
209
88
132
15
65
166
16
5
104
48
188
107
16
178
49
157
28
86
50
177
242
221
48
183
207
206
90
141
79
225
63
254
183
74
94
254
255
19
52
215
30
171
243
100
89
223
251
47
147
187
199
174
135
173
119
215
163
73
238
247
97
92
37
233
149
30
189
61
133
134
208
9
244
39
52
235
88
191
113
57
30
87
56
234
66
132
128
3
207
194
142
5
2
107
41
76
144
6
38
53
109
243
32
144
200
7
91
73
66
193
168
47
18
8
177
102
199
36
87
186
82
120
233
118
96
92
32
43
213
84
181
111
153
172
24
5
244
29
156
65
16
242
51
189
88
87
32
250
220
42
151
241
232
219
174
225
72
187
106
23
211
164
219
162
195
201
237
111
205
133
206
153
203
78
191
166
128
134
51
222
115
3
85
187
85
254
229
196
196
116
176
62
239
14
75
241
154
173
56
241
211
93
157
72
68
248
19
245
76
86
97
62
242
221
170
191
223
206
94
137
95
227
63
254
187
198
94
254
179
19
60
215
31
175
211
108
125
199
251
47
211
187
167
190
163
165
119
243
163
79
239
247
98
222
229
233
159
30
253
53
221
206
18
137
205
167
189
251
88
189
249
123
30
116
186
174
235
205
232
186
211
78
83
139
124
103
119
250
187
234
238
238
11
85
61
103
30
253
243
114
63
223
155
63
243
59
54
41
130
167
85
219
195
127
253
126
242
255
253
233
217
30
245
179
223
164
19
140
201
63
189
174
88
252
121
249
93
87
56
251
31
53
93
56
222
177
122
80
114
38
69
22
204
66
161
81
224
221
1
226
203
112
2
242
172
8
166
205
208
13
189
33
83
4
149
170
74
123
1
85
144
192
28
12
80
148
195
31
155
44
24
5
104
29
28
73
24
178
59
159
88
18
98
241
105
22
36
160
220
54
38
177
0
126
114
3
128
81
19
5
192
205
9
228
241
161
155
248
90
72
188
132
208
20
49
195
101
37
213
185
81
112
37
68
124
64
26
158
69
133
194
77
24
44
24
4
225
60
158
73
2
224
51
148
78
70
40
240
235
205
239
251
243
95
87
171
124
231
125
254
187
254
254
238
11
85
61
111
46
221
194
114
63
215
155
55
247
251
54
41
151
103
21
219
194
125
255
62
50
253
253
125
221
30
245
161
223
173
19
141
217
63
190
174
120
236
121
125
93
157
56
250
193
4
33
20
12
38
9
90
128
108
160
3
66
201
6
7
36
108
7
34
248
168
56
10
78
170
166
2
144
0
33
79
99
34
48
56
16
164
32
238
194
98
10
138
200
16
193
75
8
36
88
0
96
26
28
1
145
178
19
154
204
70
2
185
223
248
95
237
253
248
255
204
123
185
222
255
237
127
207
249
235
213
153
110
109
233
142
120
237
221
123
187
255
107
123
63
181
231
221
219
118
243
253
119
39
222
203
120
117
159
252
53
207
61
95
37
217
183
165
111
216
188
172
106
220
79
55
180
195
201
207
123
103
210
214
136
121
163
45
170
186
183
39
75
139
21
57
127
14
245
199
119
101
215
153
53
127
43
50
58
151
103
53
219
83
121
125
54
50
250
56
125
151
156
117
163
93
173
22
5
217
29
180
174
24
228
57
157
89
87
50
251
