posters/Movie Poster 41.jpg
512 : 759
171
-161.565
-1
0
373
619
0.00276191
31
-78.2118
-1
0
254
616
0.00538755
31
-37.0492
-1
0
242
616
0.00592176
31
-105.562
-1
0
264
617
0.00525202
31
135
-1
0
301
612
0.00323191
31
154.799
-1
0
300
615
0.00624571
31
-125.538
-1
0
311
615
0.00398443
31
-33.851
-1
0
224
612
0.00289293
31
97.8153
-1
0
366
615
0.00415336
31
-30.8089
-1
0
221
616
0.00440381
31
-53.5491
-1
0
245
616
0.00630555
31
-125.538
-1
0
311
617
0.00468083
31
71.6373
-1
0
233
540
0.00364678
31
97.0013
-1
0
369
614
0.00413253
31
-177.597
-1
0
292
612
0.0034567
31
-92.0638
-1
0
257
616
0.00676278
31
72.0536
-1
0
233
538
0.00388048
31
72.1281
-1
0
231
536
0.00309561
31
-98.5308
-1
0
271
617
0.00496884
31
-106.356
-1
0
262
613
0.00545818
31
-139.028
-1
0
314
615
0.0038972
31
92.3859
-1
0
373
616
0.00361685
31
120.379
-1
0
361
615
0.00356316
31
170.538
-1
0
301
617
0.00345112
31
-45.339
-1
0
243
619
0.0028566
31
116.075
-1
0
358
613
0.00312654
31
-92.3373
-1
0
273
621
0.00453606
31
-90
-1
0
257
618
0.00602688
31
130.601
-1
0
315
579
0.00232213
31
2.78871
-1
0
229
582
0.00250169
31
112.166
-1
0
306
613
0.0023237
31
-10.008
-1
0
238
613
0.0023323
31
129.012
-1
0
253
576
0.0019633
31
-73.9264
-1
0
195
619
0.00199692
31
-26.5651
-1
0
158
615
0.00222962
31
47.7263
-1
0
346
592
0.00211795
31
43.9391
-1
0
202
612
0.00202449
31
81.7087
-1
0
308
591
0.002239
31
-142.595
-1
0
312
613
0.00215585
31
-144.758
-1
0
292
620
0.00213566
31
-97.125
-1
0
195
615
0.00195422
31
138.122
-1
0
328
612
0.0021716
31
-6.34019
-1
0
207
615
0.00226103
31
4.72688
-1
0
232
577
0.00205543
31
166.636
-1
0
299
369
0.00216858
31
-31.3903
-1
0
221
618
0.00218444
31
117.876
-1
0
337
612
0.00184285
31
78.2649
-1
0
281
578
0.00185875
31
175.914
-1
0
368
620
0.00183381
31
-39.144
-1
1
220.8
616.8
0.00133658
37.2
144.372
-1
1
308.4
578.4
0.00203039
37.2
-36.0546
-1
1
243.6
613.2
0.00166876
37.2
69.0095
-1
1
230.4
536.4
0.00295073
37.2
-33.5697
-1
1
225.6
614.4
0.00227198
37.2
105.173
-1
1
366
614.4
0.00167004
37.2
98.5959
-1
1
308.4
590.4
0.00195986
37.2
67.1867
-1
1
232.8
537.6
0.00350822
37.2
-53.9149
-1
1
246
615.6
0.00276301
37.2
116.878
-1
1
358.8
612
0.00188381
37.2
38.9275
-1
1
212.4
590.4
0.00139482
37.2
46.0609
-1
1
212.4
577.2
0.00158981
37.2
121.608
-1
1
253.2
574.8
0.0017468
37.2
119.055
-1
1
306
612
0.00181762
37.2
-68.2677
-1
1
253.2
615.6
0.00268071
37.2
-90
-1
1
272.4
620.4
0.00219775
37.2
178.409
-1
1
292.8
612
0.00171718
37.2
172.057
-1
1
370.8
576
0.00193574
37.2
-110.136
-1
1
261.6
612
0.00233954
37.2
68.2729
-1
1
232.8
540
0.00293273
37.2
-128.66
-1
1
312
613.2
0.00185777
37.2
-23.0913
-1
1
210
615.6
0.00134139
37.2
160.56
-1
1
270
606
0.00162581
37.2
-52.5946
-1
1
243.6
619.2
0.00150547
37.2
134.37
-1
1
162
574.8
0.00170266
37.2
-81.6943
-1
1
256.8
616.8
0.00400277
37.2
5.03295
-1
1
231.6
577.2
0.00172848
37.2
-162.031
-1
1
301.2
616.8
0.00205569
37.2
161.35
-1
1
296.4
606
0.00183354
37.2
89.663
-1
1
280.8
578.4
0.00179191
37.2
121.239
-1
1
334.8
606
0.00152479
37.2
-27.4928
-1
1
231.6
614.4
0.00199889
37.2
59.8084
-1
1
345.6
591.6
0.00164188
37.2
-9.71325
-1
1
232.8
610.8
0.00200567
37.2
140.194
-1
1
370.8
583.2
0.00167167
37.2
145.864
-1
1
328.8
612
0.00136504
37.2
-27.4991
-1
1
217.2
615.6
0.00148478
37.2
-109.537
-1
1
325.2
582
0.00171402
37.2
-135
-1
1
373.2
618
0.00210504
37.2
-126.703
-1
1
314.4
616.8
0.00309345
37.2
-86.0397
-1
1
256.8
614.4
0.00320541
37.2
6.46593
-1
1
229.2
582
0.00241804
37.2
105.68
-1
1
368.4
613.2
0.00170281
37.2
-126.87
-1
1
310.8
616.8
0.00356068
37.2
28.9797
-1
1
201.6
612
0.00118147
37.2
-14.7827
-1
1
237.6
612
0.00123311
37.2
80.6901
-1
1
278.4
606
0.00122385
37.2
113.199
-1
1
308.4
583.2
0.00124206
37.2
59.7083
-1
1
150
576
0.00131361
37.2
-27.7342
-1
1
224.4
610.8
0.00124483
37.2
112.348
-1
1
337.2
602.4
0.0011795
37.2
-26.7829
-1
2
231.84
612
0.00189884
44.64
-39.5309
-1
2
231.84
614.88
0.00151188
44.64
-25.0836
-1
2
228.96
612
0.00144774
44.64
-84.3327
-1
2
256.32
614.88
0.00206047
44.64
65.4223
-1
2
231.84
538.56
0.00369731
44.64
104.621
-1
2
161.28
574.56
0.00171085
44.64
124.838
-1
2
253.44
574.56
0.00183246
44.64
50.0921
-1
2
211.68
577.44
0.00216014
44.64
8.24345
-1
2
231.84
577.44
0.00157447
44.64
108.875
-1
2
280.8
577.44
0.00171668
44.64
-114.727
-1
2
328.32
577.44
0.00149195
44.64
141.857
-1
2
267.84
578.88
0.0017311
44.64
143.455
-1
2
308.16
578.88
0.00284583
44.64
98.9726
-1
2
313.92
578.88
0.00199823
44.64
7.28402
-1
2
230.4
581.76
0.0023598
44.64
123.587
-1
2
308.16
583.2
0.00144825
44.64
178.958
-1
2
325.44
583.2
0.00185056
44.64
-176.236
-1
2
331.2
586.08
0.00158451
44.64
111.425
-1
2
309.6
590.4
0.00184714
44.64
76.8274
-1
2
345.6
591.84
0.00162918
44.64
126.205
-1
2
336.96
603.36
0.00140326
44.64
-3.09406
-1
2
236.16
604.8
0.00142792
44.64
152.904
-1
2
296.64
604.8
0.00176734
44.64
3.57633
-1
2
201.6
612
0.00138796
44.64
137.231
-1
2
295.2
577.44
0.00123781
44.64
-23.9625
-1
2
237.6
612
0.00127457
44.64
139.485
-1
2
329.76
604.8
0.00133245
44.64
131.634
-1
2
368.64
583.2
0.00133239
44.64
141.34
-1
2
335.52
612
0.00135941
44.64
-38.7655
-1
2
243.36
613.44
0.00130135
44.64
40.8972
-1
2
213.12
590.4
0.00132941
44.64
120.964
-1
2
277.92
606.24
0.00133159
44.64
58.431
-1
2
149.76
576
0.00128727
44.64
-179.293
-1
2
269.28
606.24
0.00134261
44.64
124.651
-1
2
303.84
604.8
0.00128227
44.64
131.906
-1
2
334.08
604.8
0.00136532
44.64
-168.179
-1
2
305.28
613.44
0.00113985
44.64
9.91275
-1
2
230.4
604.8
0.00107414
44.64
7.63333
-1
2
210.24
604.8
0.00108287
44.64
55.2109
-1
2
211.68
581.76
0.00107748
44.64
-122.8
-1
2
312.48
613.44
0.00118502
44.64
143.746
-1
2
358.56
613.44
0.00120123
44.64
27.207
-1
2
217.44
577.44
0.00112956
44.64
81.6743
-1
2
165.6
568.8
0.000907648
44.64
137.984
-1
2
256.32
568.8
0.000962168
44.64
145.568
-1
2
326.88
606.24
0.00111532
44.64
-34.8493
-1
2
237.6
614.88
0.000926946
44.64
58.6097
-1
2
175.68
583.2
0.000849026
44.64
119.017
-1
3
255.744
568.512
0.000962475
53.568
27.9971
-1
3
176.256
570.24
0.000830952
53.568
91.3169
-1
3
203.904
570.24
0.00118618
53.568
147.75
-1
3
300.672
571.968
0.00111029
53.568
122.471
-1
3
254.016
573.696
0.00218235
53.568
36.2538
-1
3
216
584.064
0.00137132
53.568
13.8724
-1
3
229.824
575.424
0.00216522
53.568
-107.745
-1
3
324.864
575.424
0.0021316
53.568
49.0445
-1
3
210.816
577.152
0.00229776
53.568
24.444
-1
3
216
577.152
0.00169042
53.568
123.163
-1
3
279.936
577.152
0.00188934
53.568
142.896
-1
3
266.112
578.88
0.00226611
53.568
129.207
-1
3
293.76
578.88
0.0014854
53.568
141.78
-1
3
307.584
578.88
0.00327278
53.568
116.565
-1
3
312.768
578.88
0.00206898
53.568
43.1283
-1
3
212.544
580.608
0.00250513
53.568
37.0304
-1
3
176.256
582.336
0.000631984
53.568
13.7515
-1
3
229.824
582.336
0.00228622
53.568
131.424
-1
3
307.584
582.336
0.00245067
53.568
-174.806
-1
3
324.864
582.336
0.00196602
53.568
174.352
-1
3
330.048
585.792
0.00200151
53.568
136.469
-1
3
290.304
571.968
0.00055576
53.568
61.4046
-1
4
230.17
539.136
0.00170939
64.2816
171
64
60
250
239
120
62
127
249
247
241
190
244
185
125
177
159
234
153
204
235
251
245
253
77
191
189
43
214
147
109
213
247
238
255
218
229
100
255
190
249
125
254
127
251
191
86
247
83
107
187
254
175
203
244
29
123
92
110
231
223
255
251
251
239
215
254
186
247
255
127
111
249
254
223
189
214
255
127
222
155
222
251
247
251
123
245
143
239
255
191
255
127
191
127
223
247
238
207
239
111
255
254
189
253
127
121
93
247
255
207
225
61
247
252
180
223
217
242
190
158
85
228
188
239
251
255
15
181
254
250
185
253
246
127
239
91
63
222
125
215
253
191
254
190
254
255
215
122
179
255
63
227
255
187
234
246
255
123
249
247
238
207
173
103
246
255
91
251
127
217
221
231
111
253
53
189
111
191
230
155
207
246
61
156
93
126
183
247
251
187
63
174
222
125
189
255
253
60
247
255
127
221
252
212
189
111
223
159
222
251
237
251
107
191
111
254
191
189
255
246
191
127
93
119
239
207
239
189
255
246
189
253
127
121
252
243
239
255
185
127
255
190
190
255
251
240
188
190
85
236
190
255
203
251
135
189
246
247
212
123
33
221
164
211
216
186
63
148
123
174
75
130
29
228
231
191
19
248
39
186
124
102
250
127
103
222
27
99
126
199
235
140
117
118
185
109
191
217
204
106
153
209
121
184
177
185
220
24
33
253
230
140
227
116
156
246
175
182
151
60
191
174
254
119
103
253
184
187
153
252
57
198
107
175
91
100
157
252
175
255
155
252
47
58
124
247
251
125
247
254
115
227
246
143
233
206
53
255
187
237
183
221
92
106
159
209
99
187
115
188
223
152
41
244
229
223
233
54
222
247
175
242
95
188
95
252
249
255
249
54
119
125
254
245
191
253
248
127
202
182
235
155
252
127
127
63
251
230
190
173
107
247
251
89
213
118
251
251
30
182
239
223
117
241
245
90
238
247
125
242
119
83
126
191
174
254
211
200
191
116
92
220
181
101
219
255
242
235
191
59
250
125
198
254
191
219
48
254
53
119
113
253
123
220
212
246
215
94
187
245
122
129
247
185
42
229
223
110
249
221
255
191
237
68
182
223
91
251
255
223
223
203
31
224
166
209
79
175
247
141
79
252
13
155
77
118
247
254
159
250
191
164
221
199
252
206
65
223
243
223
144
186
63
56
127
142
239
166
109
233
245
61
182
201
223
170
105
106
247
63
55
253
75
51
119
87
235
156
115
114
245
127
182
87
236
78
31
221
124
253
145
125
220
26
180
205
250
140
235
216
156
184
31
220
29
16
180
58
251
127
223
127
151
219
57
254
213
255
253
189
126
121
244
246
151
94
187
247
122
133
247
185
126
231
223
110
251
213
254
191
236
68
150
255
91
250
255
219
95
203
78
240
167
209
111
191
255
137
79
252
5
217
93
54
247
254
191
251
191
174
221
254
184
255
246
255
111
91
62
222
125
215
119
127
250
158
220
255
215
122
48
245
31
227
255
191
251
252
255
254
251
247
239
143
237
69
255
254
113
249
127
249
221
231
63
237
53
189
111
191
182
203
203
244
63
158
81
108
182
255
251
186
159
180
222
252
121
255
245
54
119
125
254
245
191
253
248
127
170
182
235
187
252
255
111
63
251
230
190
173
111
247
251
89
213
118
251
251
30
182
239
223
125
241
253
90
238
247
127
250
55
87
126
191
175
254
211
200
63
247
92
212
246
101
223
255
182
233
191
62
48
248
146
31
129
1
15
87
234
150
53
49
138
169
86
250
150
65
80
193
53
195
39
4
136
224
13
82
216
61
107
79
36
87
186
82
122
1
84
240
85
84
10
68
20
193
111
153
44
24
5
242
29
156
65
16
178
59
185
25
7
32
242
199
62
207
81
254
246
206
144
58
63
26
127
142
231
130
73
233
231
61
182
201
205
46
121
106
222
63
119
252
27
59
119
87
235
156
115
122
181
127
247
85
68
74
30
201
72
221
145
92
93
28
181
205
250
140
235
216
124
176
31
204
21
16
180
187
252
239
127
63
241
254
157
121
251
252
237
238
87
39
253
253
239
191
219
245
105
127
223
225
111
227
246
95
119
231
246
239
248
255
53
255
185
248
247
123
94
122
175
215
115
183
123
185
254
14
79
244
189
216
69
150
243
247
191
250
251
238
223
124
186
247
253
95
239
239
255
221
253
210
249
111
235
155
222
251
245
251
123
245
15
255
255
191
255
127
191
127
223
247
238
207
239
111
191
246
189
253
127
125
93
247
175
79
249
63
247
254
180
255
249
242
191
156
85
236
190
239
235
251
207
189
118
63
48
217
154
31
129
17
30
87
234
148
181
49
10
173
83
250
150
1
80
193
49
195
71
68
136
224
13
82
72
125
107
207
36
21
186
82
120
1
116
240
79
84
10
80
20
193
79
153
44
24
5
242
29
156
65
16
178
59
185
25
71
34
243
55
52
217
26
31
128
1
30
211
42
148
176
32
130
165
83
226
214
1
16
193
32
195
7
196
128
224
13
83
8
233
105
215
36
21
190
82
120
1
116
114
202
28
11
80
20
161
79
153
44
24
4
240
24
156
65
16
178
59
185
24
86
34
243
253
185
255
253
126
103
249
254
212
255
221
255
127
206
182
255
243
253
251
111
247
255
239
191
175
234
230
159
251
253
126
239
239
239
191
255
254
247
221
255
91
205
215
126
251
63
227
255
255
62
223
223
240
190
156
85
252
190
255
219
255
158
191
253
125
189
247
125
52
231
255
252
217
190
210
189
237
143
137
222
251
205
251
111
191
111
207
159
237
255
247
191
127
95
103
255
207
207
253
191
189
189
253
127
61
124
255
239
127
185
63
243
190
190
111
251
241
189
124
68
236
174
223
235
187
207
253
118
252
249
239
248
54
119
125
255
245
255
252
249
127
240
182
239
217
252
255
251
117
243
117
191
189
111
247
243
121
213
246
234
235
26
134
239
255
117
241
245
122
239
247
61
210
119
55
238
191
238
142
207
232
61
222
92
158
247
231
223
255
250
239
255
239
254
230
209
222
247
207
145
56
127
40
107
158
235
243
77
233
245
61
166
223
221
62
121
54
255
59
55
253
91
55
119
119
227
158
115
250
245
127
183
117
101
110
95
79
140
89
145
76
221
92
180
207
250
142
239
216
156
224
31
223
93
24
180
243
254
79
43
255
178
155
152
250
63
176
122
238
75
70
57
228
231
60
52
232
69
42
124
230
246
121
255
223
59
99
127
247
237
220
119
127
181
173
243
206
94
75
153
209
91
248
17
254
223
24
39
245
229
220
235
92
190
182
188
188
215
122
61
190
186
199
231
255
249
171
56
253
185
210
253
239
115
88
209
252
175
239
187
245
119
107
253
225
123
125
247
126
215
231
254
223
232
207
52
255
155
249
55
221
93
107
47
209
97
251
115
186
223
141
75
246
165
219
125
102
215
151
183
242
219
228
94
250
188
253
246
255
239
91
63
223
125
213
253
191
126
182
92
255
215
122
179
245
63
243
127
191
234
246
127
127
249
255
239
207
237
53
247
255
123
249
125
89
221
199
111
249
53
253
111
191
182
155
143
246
61
158
81
120
247
255
251
251
31
190
222
199
250
207
43
252
178
154
136
250
59
48
250
238
99
6
57
192
199
63
181
201
197
42
124
230
214
125
255
255
43
171
118
215
205
220
79
122
181
173
243
70
78
74
157
209
88
248
17
254
221
24
35
245
245
220
235
92
252
176
28
220
83
114
189
254
249
255
253
127
119
253
255
245
255
252
251
127
254
182
127
243
213
123
111
119
223
255
63
175
235
246
191
255
93
118
239
247
239
190
255
214
125
253
247
91
207
255
127
223
63
221
255
255
188
223
221
248
190
158
93
248
188
121
219
255
222
191
253
125
190
247
247
95
239
235
255
221
253
210
249
127
202
187
222
251
245
251
123
245
31
255
255
191
255
127
191
127
223
119
239
79
239
111
191
214
253
253
127
125
85
247
175
79
169
63
247
188
180
255
217
242
190
156
85
236
190
239
251
251
143
173
246
84
50
17
26
29
130
2
60
194
32
217
52
96
7
129
50
114
2
67
208
193
35
73
134
192
40
196
205
2
12
201
66
191
44
5
190
12
8
1
70
14
0
17
2
68
113
131
79
58
110
137
67
48
24
88
65
46
35
151
144
56
66
230
69
80
2
146
53
201
224
166
232
8
184
218
23
192
68
139
16
239
137
161
66
236
173
202
90
76
92
243
230
192
6
163
222
79
163
85
48
53
184
237
100
104
84
179
166
101
129
191
115
154
236
25
33
244
31
156
65
70
250
151
177
72
71
33
118
239
252
231
39
222
166
131
152
248
125
210
127
238
203
194
77
224
229
63
246
253
207
187
124
126
254
63
183
254
27
107
127
71
239
220
95
218
181
125
191
221
68
74
158
201
121
184
145
172
85
24
44
205
254
140
227
120
188
241
191
254
215
60
188
250
57
255
215
127
227
219
189
223
169
215
191
255
206
59
254
252
155
114
211
255
191
231
159
153
106
246
254
64
245
255
238
239
61
103
191
223
107
250
127
216
93
245
110
249
53
171
111
191
238
137
203
240
29
28
81
127
179
247
251
187
54
163
206
252
251
223
223
50
91
220
231
223
177
255
252
127
246
251
250
255
147
122
255
143
189
231
159
189
95
247
255
71
239
246
254
255
61
101
255
222
127
251
118
250
93
241
126
191
190
183
110
191
239
239
199
250
31
181
95
212
247
57
253
121
125
225
254
255
118
119
167
255
39
143
249
254
255
250
127
237
15
243
117
243
247
95
116
121
130
189
124
174
236
109
187
222
91
247
191
112
237
28
255
126
119
45
215
95
68
90
30
196
47
216
21
172
61
84
5
250
182
140
105
192
244
181
156
222
14
48
180
186
177
93
214
190
169
89
48
238
39
215
126
253
107
246
80
126
215
70
243
183
126
195
238
169
54
247
251
254
191
247
238
95
252
207
222
202
123
250
95
221
221
237
111
179
52
253
63
147
246
145
67
238
133
30
93
9
51
240
123
189
187
225
238
132
3
2
49
201
194
162
202
0
9
138
103
162
71
128
33
3
9
135
214
199
47
9
67
66
78
2
135
128
6
43
86
62
35
77
144
49
130
77
132
77
32
24
66
76
97
175
227
40
102
88
112
209
70
72
136
3
8
135
165
0
39
161
72
220
41
147
245
98
71
248
231
195
128
87
150
83
212
155
250
191
203
122
79
6
189
102
147
223
203
182
204
64
160
190
186
230
23
101
255
153
126
214
85
152
121
181
102
175
60
131
238
223
170
233
211
115
127
52
218
69
251
81
251
121
116
209
250
85
44
129
34
201
202
163
106
72
65
222
117
226
95
200
160
235
9
145
68
229
13
138
67
95
222
24
135
194
10
11
79
7
163
65
178
53
130
205
28
193
52
144
162
77
11
175
227
219
36
9
152
241
69
8
131
100
72
135
161
136
7
48
76
254
249
239
248
54
119
125
255
245
190
252
251
127
200
182
239
217
252
255
251
117
247
117
159
181
107
246
211
89
213
254
234
239
26
134
239
255
125
241
245
90
239
247
124
210
119
3
238
191
238
158
203
248
61
221
84
150
183
255
223
255
186
238
255
125
190
255
125
62
127
253
247
253
254
254
181
79
253
251
239
187
236
235
107
245
123
126
191
221
111
247
246
109
215
247
255
239
90
231
188
253
184
249
125
124
125
251
183
247
227
247
107
190
255
173
203
242
61
158
93
38
247
215
255
251
247
237
254
253
254
247
169
216
103
163
253
221
253
250
189
103
159
219
236
243
197
223
110
121
139
191
188
255
236
44
135
223
95
123
191
105
103
125
255
84
183
77
244
223
84
90
190
78
171
74
176
172
61
127
185
217
190
132
77
196
252
45
204
222
6
50
181
239
220
126
35
255
253
255
216
187
255
172
239
174
31
230
253
235
255
189
57
248
87
190
120
101
255
121
127
255
123
119
127
213
193
156
115
243
249
237
247
83
220
106
189
209
25
252
49
157
221
30
45
253
229
222
239
112
222
190
141
222
159
62
254
59
177
94
118
35
193
216
42
211
136
213
245
126
110
33
114
244
146
102
147
247
126
193
199
241
62
227
222
106
247
229
242
191
124
33
180
191
8
250
125
121
93
253
106
246
117
179
111
187
234
137
79
248
5
120
85
63
243
247
251
179
187
225
78
205
218
86
121
252
184
166
240
56
185
234
203
204
85
207
41
226
205
169
106
237
45
75
248
73
94
49
166
252
71
163
86
223
163
85
48
117
248
253
100
125
92
122
55
213
151
255
115
152
237
24
37
244
189
156
73
22
244
183
183
88
87
36
254
22
48
89
34
31
170
2
8
194
2
213
52
108
2
132
80
244
134
3
208
193
34
129
71
196
128
236
205
82
60
233
104
21
44
132
190
110
58
1
85
136
194
17
8
80
81
162
79
178
46
9
2
96
17
92
81
0
178
23
184
56
147
102
73
58
241
127
223
127
183
219
185
254
221
255
249
189
122
121
116
246
151
94
187
247
122
133
255
185
54
231
127
126
251
213
255
255
108
206
150
223
91
250
255
251
95
239
78
240
55
209
111
191
255
153
79
254
5
221
93
54
247
254
191
251
255
174
221
231
222
230
37
253
142
159
201
62
121
132
111
142
127
230
93
232
245
61
117
217
199
186
120
118
222
121
127
254
63
107
119
213
229
92
91
242
245
189
246
85
94
72
159
217
88
252
17
141
196
24
37
245
246
156
239
88
252
177
61
222
87
50
254
5
58
17
36
216
234
162
88
200
0
202
117
224
87
200
177
235
9
131
68
229
41
8
214
231
92
92
207
196
14
171
68
15
35
77
158
0
178
205
20
201
20
16
162
109
107
174
103
168
52
72
114
240
87
8
65
6
24
134
165
8
7
37
72
14
250
239
105
62
249
249
60
253
190
212
173
253
49
125
235
221
252
227
251
245
118
95
253
161
57
102
246
109
215
245
230
223
250
239
36
255
187
249
59
255
63
110
47
87
247
119
115
190
219
140
71
246
133
251
92
63
199
223
247
243
235
238
87
186
248
125
255
255
159
219
41
254
113
255
255
191
122
124
252
246
183
94
179
247
127
147
127
181
254
227
127
126
251
215
254
191
237
71
246
254
91
251
255
219
223
237
111
209
119
245
111
189
239
153
15
254
5
221
93
56
247
246
191
251
95
174
221
82
48
145
22
254
130
90
44
194
42
211
48
113
194
145
82
126
130
66
210
203
43
207
143
204
26
230
207
2
173
165
238
95
172
4
63
94
176
163
86
152
64
193
10
193
101
131
79
187
238
89
67
116
24
85
81
192
115
147
209
40
39
224
102
250
184
255
247
255
239
219
189
223
253
215
255
191
206
251
254
255
215
122
147
255
191
231
254
187
255
246
255
250
251
247
239
207
173
101
247
255
123
251
127
121
221
231
107
253
53
189
111
191
238
155
207
244
191
28
211
126
183
255
251
187
191
188
222
35
52
193
26
31
161
1
30
243
42
16
53
40
6
165
83
234
214
3
48
193
35
203
103
76
136
164
13
82
72
57
104
215
44
149
190
82
120
1
116
80
64
30
14
80
84
161
79
152
44
24
4
240
24
156
73
16
178
51
157
88
87
38
251
186
251
252
214
255
191
95
57
255
125
247
251
191
122
126
92
246
183
126
187
247
127
211
127
185
234
231
127
126
249
213
239
159
237
70
246
255
91
242
255
223
223
235
95
241
167
221
79
189
247
157
79
254
29
155
93
118
247
247
159
251
191
174
223
215
250
215
99
220
242
142
144
122
63
122
127
142
231
210
121
227
199
189
39
201
197
174
121
238
222
63
119
254
11
43
127
119
227
220
115
119
181
125
182
69
68
74
156
217
8
252
145
204
93
24
176
205
231
140
235
222
156
160
15
220
85
48
188
244
44
186
33
217
202
162
73
88
97
198
119
226
214
202
180
226
9
159
86
221
5
59
65
215
202
88
207
194
15
139
102
15
135
69
187
48
147
205
214
216
20
16
130
193
11
171
163
153
108
9
56
241
125
89
227
86
120
183
169
10
23
177
76
43
48
193
18
31
161
1
92
243
40
128
53
184
10
161
83
234
212
3
32
193
51
203
103
76
136
164
13
82
72
57
106
215
44
21
186
82
120
1
116
80
69
94
14
65
84
225
111
152
44
24
5
242
24
156
73
16
178
51
189
88
87
36
251
250
184
255
247
255
239
91
63
222
125
215
127
255
254
158
220
255
215
122
115
253
127
227
127
191
251
254
191
250
251
247
239
143
237
215
255
254
123
249
127
121
221
231
111
221
61
253
111
191
182
155
139
244
191
156
95
124
182
255
251
187
159
188
222
198
250
215
171
221
178
170
216
238
59
32
239
175
35
214
57
242
231
253
36
201
199
11
124
230
212
125
127
191
11
227
246
247
197
222
87
113
189
45
246
199
78
74
29
209
88
248
145
252
221
24
48
197
231
204
251
92
220
148
36
220
87
50
61
76
35
214
116
81
162
108
78
164
42
233
177
110
229
134
11
179
9
227
103
207
175
67
191
70
79
231
255
8
132
160
196
95
59
38
191
17
172
115
100
108
106
184
107
239
125
151
207
56
166
56
83
98
88
28
77
11
191
23
147
56
118
161
98
92
51
247
112
88
162
109
126
192
174
240
48
65
193
145
66
210
77
195
66
235
47
78
159
206
42
166
133
64
140
97
202
127
14
134
191
28
188
49
92
56
98
147
206
98
97
131
79
58
172
24
195
112
24
28
81
68
162
83
147
232
166
225
117
122
248
251
255
126
223
223
175
223
187
255
188
255
214
255
254
255
147
122
223
159
191
231
159
189
207
255
255
67
255
247
238
239
173
103
255
222
127
235
127
250
221
229
127
191
255
181
63
191
238
159
207
250
29
245
211
208
243
251
253
251
95
248
254
247
254
246
103
221
166
227
240
190
125
82
127
142
127
210
29
242
231
191
39
253
79
187
124
126
254
63
63
254
31
227
191
71
239
92
87
246
181
125
190
93
68
74
159
201
104
254
145
236
213
24
185
221
230
140
227
122
156
240
15
222
149
60
188
250
184
255
247
255
239
219
255
222
125
222
255
255
222
190
252
251
215
123
123
253
63
251
127
191
255
255
191
223
251
247
238
207
237
111
255
254
253
253
127
121
221
231
127
205
125
189
127
255
182
223
203
242
191
158
113
100
246
255
251
251
159
188
254
254
253
255
255
127
247
251
255
253
255
252
253
127
234
183
255
251
245
123
127
255
255
255
63
175
235
238
191
127
93
118
239
255
111
190
255
214
117
253
247
95
79
255
126
219
63
217
255
255
188
223
157
242
190
156
93
248
190
251
219
223
222
191
255
61
254
254
109
253
248
255
252
249
187
236
253
236
127
205
189
255
239
251
186
245
111
95
255
225
127
103
246
125
87
227
246
255
216
207
100
255
187
248
115
123
94
235
190
245
243
191
123
187
223
14
107
252
173
218
93
55
215
255
143
242
243
239
223
154
121
26
246
46
16
92
35
87
187
127
246
190
230
80
114
116
138
68
219
135
188
129
223
169
6
231
219
66
231
189
242
114
188
6
102
111
94
242
211
218
202
209
124
242
7
131
79
219
239
145
195
108
29
251
89
23
243
179
210
125
50
226
173
125
251
247
253
118
255
255
124
221
255
210
253
239
206
217
206
251
221
251
111
255
127
238
191
173
255
255
191
127
95
119
255
95
79
253
191
148
253
253
125
125
125
255
103
255
185
127
247
190
191
255
255
243
189
156
85
236
190
207
235
251
207
253
54
43
52
193
150
31
129
1
14
215
232
146
53
49
10
169
87
234
84
1
18
193
51
203
71
68
152
160
15
82
72
61
111
71
36
85
186
82
122
233
84
240
85
84
10
193
20
161
111
153
172
24
5
242
29
156
65
16
50
51
185
24
23
32
250
252
253
255
249
118
119
125
255
245
254
252
184
95
216
255
239
155
252
251
111
127
251
116
191
159
107
167
181
217
213
118
251
233
26
151
239
223
117
241
253
250
111
247
63
247
247
131
254
191
175
222
223
251
125
213
85
244
254
111
223
255
242
235
181
58
241
120
246
63
233
219
40
223
43
255
252
189
110
100
116
244
179
70
147
247
126
209
111
181
246
227
255
106
251
199
239
143
252
199
182
255
91
250
255
90
221
231
105
244
119
183
111
187
238
137
79
252
5
88
81
63
179
247
251
187
251
238
78
251
220
222
127
253
240
255
156
188
189
236
251
174
91
134
157
255
239
191
59
237
111
255
125
231
255
119
247
255
99
227
255
223
235
188
117
247
189
253
255
95
254
235
255
249
113
223
115
248
223
30
113
252
231
222
229
127
158
247
143
242
247
183
223
250
188
255
255
255
239
91
63
223
125
213
255
255
222
182
92
255
247
122
243
253
127
243
127
191
250
254
63
255
249
255
239
143
237
151
255
254
123
249
127
89
221
231
111
221
61
253
111
255
182
155
143
242
189
158
87
120
182
255
251
251
159
190
222
114
48
49
151
223
199
94
45
199
99
155
52
53
198
17
118
255
147
82
146
155
187
183
14
218
215
254
111
130
187
207
110
75
173
7
191
142
36
235
95
32
65
197
235
143
124
173
63
167
230
211
203
166
26
84
243
192
51
244
121
191
4
184
6
254
188
247
239
255
239
251
127
222
253
222
255
255
254
190
252
251
245
123
123
245
31
251
127
191
255
126
191
127
223
247
239
207
239
111
223
214
255
253
127
125
221
247
191
207
61
253
247
253
180
223
137
242
191
158
85
104
190
255
251
251
143
188
254
157
218
86
125
248
248
166
240
56
185
234
219
204
117
207
40
231
205
233
106
237
45
138
250
203
127
243
246
252
7
163
223
223
99
85
48
117
184
249
101
125
28
187
55
245
179
255
115
184
237
25
97
244
159
156
73
7
254
151
167
216
103
165
126
60
58
255
113
62
245
251
244
221
190
214
117
253
121
155
230
221
221
235
251
245
115
207
255
189
107
246
246
108
213
247
238
127
218
197
36
255
186
249
121
252
93
251
46
245
167
243
107
190
254
141
203
246
29
216
93
111
247
223
243
251
187
237
222
59
212
254
107
253
240
255
156
188
191
236
249
173
95
143
61
255
239
187
18
236
103
222
125
102
239
119
247
127
115
227
254
255
202
141
117
247
185
249
123
123
222
106
237
245
241
191
115
187
222
26
33
252
165
220
225
62
150
255
175
178
215
191
215
244
58
177
36
216
234
163
104
200
33
206
119
227
87
200
176
242
141
159
69
229
45
43
215
207
202
76
207
194
142
203
238
143
47
101
191
60
146
205
220
201
20
144
130
233
107
175
111
169
36
201
122
241
127
24
195
100
122
151
169
40
7
55
92
199
250
219
35
248
154
178
200
122
187
164
250
230
19
198
25
234
199
189
77
205
5
43
216
231
215
121
239
199
11
163
119
215
133
220
91
122
189
237
246
210
94
40
61
209
24
252
177
153
205
24
33
253
245
223
235
84
252
178
173
220
87
112
255
250
177
252
246
127
183
95
60
247
117
213
251
191
126
54
95
254
247
122
187
255
127
243
247
184
122
246
255
126
249
213
239
159
253
150
246
255
89
242
127
88
223
239
127
241
101
247
111
191
246
137
79
244
184
154
93
127
247
247
223
251
191
172
222
68
43
131
113
217
170
162
90
200
1
194
119
226
209
200
33
130
9
175
86
199
47
9
215
70
74
14
135
132
6
40
148
126
47
100
155
17
182
93
132
205
52
144
70
73
107
43
195
104
52
72
240
211
126
9
136
71
12
135
167
8
103
181
72
251
53
255
247
62
231
89
54
247
237
85
255
255
238
50
94
253
247
114
243
255
127
211
239
152
106
246
255
122
245
247
239
223
188
165
54
255
105
250
127
88
201
255
106
247
49
231
111
191
238
137
207
246
188
24
85
127
183
247
251
187
179
237
238
82
56
16
62
201
202
26
13
75
42
123
53
48
70
205
242
255
130
0
208
205
41
47
14
193
137
226
207
67
171
171
102
33
173
69
183
43
146
233
118
170
92
69
72
70
23
171
127
137
102
90
67
164
29
53
233
134
243
143
176
56
102
178
37
171
212
124
107
253
252
251
216
185
255
172
235
172
59
236
189
199
255
189
59
252
115
90
124
245
247
121
247
127
115
227
119
215
193
157
101
247
185
253
187
251
222
106
189
247
83
254
49
191
223
26
45
253
229
254
231
118
222
254
175
242
219
126
191
58
249
124
247
63
219
219
41
255
249
255
255
191
122
108
252
246
179
126
155
247
127
211
127
177
246
227
127
110
251
215
239
159
252
71
182
255
91
250
255
218
221
237
109
241
55
247
111
191
238
137
79
252
13
217
93
54
243
247
255
251
187
234
223
199
249
136
124
117
42
88
10
1
3
161
234
162
194
166
91
8
45
60
213
15
173
99
75
70
147
243
111
147
44
160
1
146
191
156
203
75
61
103
247
226
234
184
89
155
89
183
159
84
246
16
214
73
242
119
162
209
185
177
23
60
241
211
11
252
123
255
249
54
119
121
254
221
254
222
189
127
254
219
234
219
220
251
110
125
249
236
191
159
111
246
145
233
215
126
251
251
10
197
255
255
246
213
125
94
125
223
62
87
167
99
238
191
45
175
223
250
61
204
93
238
252
79
219
255
246
235
182
252
251
255
249
54
119
125
254
245
254
252
185
95
248
255
238
155
252
251
111
127
251
244
191
159
111
183
179
249
213
118
251
249
10
135
239
223
116
241
125
126
111
247
63
247
183
211
238
191
173
255
223
250
61
213
85
228
254
111
223
255
214
233
183
124
184
255
239
255
239
255
127
223
253
214
253
239
255
222
220
251
245
251
127
247
15
255
255
191
255
127
191
127
223
119
239
207
239
111
223
214
189
253
127
121
221
243
255
223
185
61
183
255
180
223
249
224
183
158
117
236
190
255
235
251
207
189
254
28
27
146
245
249
225
238
249
24
249
218
119
192
84
203
32
255
143
233
66
237
45
202
218
203
94
243
230
212
71
163
255
79
51
85
48
117
250
232
101
121
116
179
118
229
133
191
127
152
238
25
99
240
31
156
65
71
243
215
183
74
39
161
126
214
250
215
227
252
246
174
144
122
63
104
95
142
199
214
57
227
199
189
38
205
197
170
121
238
222
63
247
191
11
43
127
119
227
220
115
117
181
125
247
71
78
74
157
217
24
252
145
220
93
28
176
197
231
142
235
206
156
144
15
220
85
54
188
252
249
255
249
118
119
253
254
245
190
252
185
95
249
183
238
155
252
255
111
127
251
228
191
191
107
183
183
249
213
118
251
251
10
134
239
223
117
241
253
250
111
243
62
243
183
195
238
191
173
255
219
248
61
157
93
252
254
111
223
255
214
235
191
124
57
187
252
34
103
248
239
215
160
213
180
83
208
155
250
191
139
114
79
151
189
100
151
223
203
246
205
65
180
246
250
175
31
35
174
159
12
210
117
120
61
181
226
191
125
131
110
255
170
171
219
240
93
48
208
69
251
91
251
59
116
217
203
250
57
254
247
63
229
219
180
223
237
213
255
255
206
51
126
253
247
114
211
255
191
247
223
185
126
246
255
90
247
255
239
207
189
39
246
255
105
250
127
88
93
247
106
247
117
175
111
191
238
153
207
246
189
28
81
127
179
247
251
187
191
175
238
221
251
223
117
248
251
127
246
121
189
222
255
206
255
222
250
235
205
191
111
111
205
235
251
239
127
191
255
237
71
242
175
215
227
117
255
95
255
255
127
125
252
251
119
237
171
255
179
239
197
111
247
217
255
155
239
111
253
121
235
220
37
149
254
214
48
17
35
217
194
162
77
202
33
198
117
226
67
130
48
226
3
151
85
201
35
107
68
196
138
232
143
2
14
139
110
45
173
69
191
56
146
109
214
200
84
0
130
193
121
169
39
184
110
9
33
241
61
88
227
68
58
151
176
8
22
52
76
93
57
253
116
84
235
127
122
216
30
254
53
96
198
200
227
235
205
251
78
119
47
129
151
239
127
231
165
88
79
98
168
90
11
189
255
30
53
221
85
121
244
187
47
111
227
55
238
175
181
111
214
233
189
14
1
246
190
47
235
104
167
229
178
186
187
253
246
254
191
95
49
255
125
87
115
255
123
126
84
246
215
94
187
247
127
195
255
249
42
230
255
126
249
213
239
159
253
70
246
255
91
178
255
221
223
235
95
225
167
223
79
191
231
141
79
124
29
155
93
118
247
255
223
251
191
172
223
197
186
147
3
216
138
134
208
74
35
130
122
226
71
194
25
106
231
189
5
205
133
43
200
199
86
121
239
130
15
195
119
223
133
212
59
24
187
237
246
192
84
34
163
209
24
188
145
152
204
8
33
245
253
89
227
84
188
145
53
152
83
116
110
251
177
254
247
255
183
223
188
247
253
213
251
191
127
54
94
191
247
122
187
255
127
211
127
184
251
246
255
126
249
247
239
159
253
134
246
255
89
250
127
124
203
239
127
245
117
255
111
191
238
137
79
246
184
218
221
127
247
247
223
251
191
188
222
250
182
252
215
255
191
95
57
255
125
213
251
191
123
54
93
254
247
122
187
255
127
211
127
182
251
247
63
126
249
213
239
159
237
134
246
254
89
250
127
121
223
235
127
209
229
253
79
189
247
157
15
244
188
222
95
112
247
255
159
251
159
188
222
250
177
252
247
255
183
95
60
247
253
213
251
191
123
54
94
190
247
122
187
255
127
211
127
184
250
246
255
126
249
245
239
159
253
134
246
255
89
242
127
92
207
239
127
241
101
215
111
191
238
137
79
246
60
218
93
127
247
247
223
251
191
172
223
254
188
255
255
255
239
255
125
255
253
222
253
255
255
254
252
251
245
123
123
255
95
255
125
191
255
127
191
127
223
119
239
207
239
127
255
214
255
253
127
121
221
247
255
207
185
253
183
255
180
223
137
248
191
158
117
248
254
251
251
251
143
188
254
35
50
209
22
31
131
3
92
242
56
2
53
36
74
161
83
234
215
1
34
193
43
203
103
76
154
180
15
18
72
17
110
87
38
85
186
82
120
105
116
112
85
62
15
193
68
241
111
152
172
24
5
242
28
156
73
16
50
51
189
88
23
36
250
118
53
243
191
223
166
15
125
199
101
249
184
239
206
150
95
243
247
114
86
187
175
211
47
222
239
238
111
19
184
192
175
135
175
182
159
128
60
55
95
46
74
165
235
143
56
157
151
212
182
209
137
34
186
52
243
232
190
241
251
184
196
189
116
126
248
251
255
254
223
219
173
223
187
255
188
255
246
255
254
255
151
122
223
159
187
255
31
189
199
255
255
67
251
247
238
231
173
103
255
222
255
255
127
250
221
229
125
183
254
189
63
255
238
223
207
254
189
181
247
208
255
251
255
255
94
250
246
124
35
247
245
122
167
237
254
196
190
240
49
83
194
147
66
178
109
251
102
251
47
70
159
158
170
166
133
72
204
116
206
103
47
6
191
156
188
119
93
60
96
215
78
107
233
131
203
60
172
152
211
115
120
28
81
196
110
91
155
234
166
225
244
157
251
214
117
249
248
238
240
56
185
234
251
206
117
203
168
255
205
239
107
239
45
142
250
203
127
243
246
252
7
227
254
223
115
117
52
117
184
248
101
125
60
187
247
237
163
255
111
168
239
9
99
240
159
152
73
7
223
151
167
248
103
165
94
246
58
243
183
248
174
35
105
206
37
215
127
231
211
216
246
118
135
95
71
255
47
203
221
159
202
236
255
98
187
227
238
135
173
100
191
220
186
237
223
205
92
193
134
233
43
169
39
172
166
137
235
240
255
29
227
100
254
211
249
250
87
52
95
199
245
138
124
85
98
124
207
1
163
169
250
98
194
134
27
169
45
61
223
15
173
115
11
70
223
243
239
83
47
162
32
130
183
188
203
43
61
119
247
42
234
176
249
191
89
63
190
72
230
114
215
73
242
116
162
145
185
241
31
28
113
147
11
218
56
219
247
254
226
222
188
222
171
223
253
239
198
146
90
191
215
126
211
143
175
239
15
173
223
247
255
82
43
247
238
87
189
181
127
126
253
250
87
120
76
231
107
239
29
189
59
223
238
27
195
244
188
60
235
201
191
179
251
189
55
181
238
122
48
147
87
251
131
219
44
222
187
211
49
241
66
145
82
122
147
90
210
207
43
207
159
140
139
230
175
66
237
229
238
79
173
70
63
94
177
163
94
248
68
193
78
193
109
137
91
191
238
152
67
116
28
221
83
192
115
183
185
168
39
176
118
245
50
245
36
221
162
39
120
196
53
194
119
231
95
146
21
242
229
219
84
249
47
155
125
198
234
124
143
182
28
105
205
79
175
150
159
64
176
5
95
77
192
18
135
201
105
173
135
52
52
153
40
97
248
158
131
96
62
151
135
170
151
52
92
156
59
182
245
249
249
254
240
28
185
218
119
198
84
203
176
255
203
235
75
255
45
206
218
207
127
243
254
220
71
231
254
95
51
117
52
117
250
248
117
121
60
243
119
237
167
191
127
168
239
25
99
240
159
152
65
71
243
215
167
250
39
165
94
86
58
147
31
217
138
138
232
202
161
147
59
225
66
203
208
242
131
90
82
205
47
203
205
199
136
236
47
130
141
193
126
239
173
69
191
24
187
229
126
168
92
1
138
193
123
153
19
185
238
25
33
181
125
93
227
64
250
151
177
184
71
176
93
90
48
155
247
46
227
248
175
87
250
87
21
115
198
51
114
116
154
209
219
198
57
239
27
173
138
226
207
66
225
253
254
103
176
61
117
255
239
224
215
216
197
215
72
226
7
131
127
223
234
27
199
254
29
60
81
199
115
255
251
61
62
225
182
219
16
154
119
63
98
248
174
211
186
213
181
34
194
3
58
100
158
147
219
230
175
229
31
237
138
226
207
83
97
237
126
103
184
60
117
127
175
192
247
218
204
215
74
234
23
131
127
251
106
90
199
252
28
188
65
215
179
191
218
61
54
163
181
213
44
147
7
217
202
178
233
218
33
214
127
226
194
203
240
226
131
27
86
205
135
139
204
215
74
248
47
194
143
131
110
111
173
69
255
22
187
237
222
217
84
0
134
201
107
169
177
189
110
9
33
245
255
29
227
80
124
183
185
184
23
48
76
204
43
195
113
216
170
34
90
200
33
194
115
227
211
218
65
226
9
255
71
239
143
11
223
199
90
31
167
130
140
32
198
31
175
70
191
8
190
117
134
205
52
144
71
73
111
27
131
236
100
137
240
83
255
11
139
68
124
129
183
72
55
245
92
215
254
83
35
252
184
175
144
74
191
34
123
226
19
202
153
98
231
189
9
237
5
11
216
207
223
121
239
134
11
227
119
215
133
221
19
121
185
237
118
225
92
106
189
213
10
252
49
152
221
8
35
245
229
157
227
84
252
146
165
220
215
112
190
251
253
187
247
46
245
249
163
223
255
223
223
247
204
121
254
189
187
126
219
255
63
215
223
189
127
247
255
70
247
247
255
227
188
109
117
255
127
250
127
120
93
247
238
255
53
191
127
191
235
25
207
252
29
188
81
119
243
247
251
255
191
233
190
59
252
255
111
255
244
255
152
248
255
220
255
236
95
173
125
255
239
187
178
237
111
27
125
230
254
123
247
255
119
231
247
215
235
157
117
255
185
253
63
123
222
106
254
213
209
255
115
189
223
26
103
252
229
156
225
118
159
254
143
242
255
182
255
122
61
187
126
38
231
121
47
215
174
213
180
119
206
52
126
189
187
114
219
183
63
209
223
157
123
230
223
66
247
246
234
207
188
167
52
191
44
250
121
120
237
247
233
183
113
183
111
255
234
169
203
228
29
124
81
55
179
255
251
187
179
201
238
126
48
208
151
255
195
94
44
198
41
219
53
181
198
145
114
243
147
82
210
207
47
203
79
132
206
226
15
2
255
239
238
111
173
7
63
94
185
235
87
88
64
197
106
197
109
173
59
189
238
153
3
246
24
28
211
64
51
183
185
168
38
176
68
250
241
254
247
127
231
219
184
255
237
213
255
191
238
54
126
191
247
118
243
255
255
211
126
185
126
247
255
122
255
247
255
223
253
167
247
255
121
250
127
88
221
247
107
247
117
255
127
191
238
153
207
254
189
92
85
127
183
247
251
187
191
172
206
87
250
93
107
252
184
190
136
122
187
104
251
236
115
207
25
103
239
185
42
237
101
11
248
229
221
123
247
239
43
227
119
215
225
221
53
127
185
253
119
103
94
106
61
213
153
254
49
184
221
24
99
245
229
158
239
86
222
150
173
212
87
114
183
126
48
80
47
219
202
30
13
223
40
251
61
176
6
201
242
251
131
19
208
205
43
207
29
197
205
232
175
66
169
169
238
41
173
101
183
127
179
165
86
169
92
65
42
71
95
174
51
169
230
90
1
228
21
61
233
194
243
191
184
56
6
176
68
227
254
93
99
253
184
191
152
121
251
42
235
174
51
196
57
230
239
189
59
237
101
27
124
229
223
121
247
254
35
227
55
151
193
221
53
125
185
253
183
109
92
106
189
245
81
254
49
184
223
24
35
253
229
206
239
94
222
150
175
214
211
124
62
250
184
255
247
255
239
219
189
223
253
255
255
191
222
118
252
255
247
126
147
253
191
243
126
191
255
247
63
250
251
215
239
143
173
151
247
254
89
250
127
120
221
231
111
245
53
189
111
191
254
155
207
252
191
220
211
126
183
255
251
187
159
188
222
92
49
246
116
81
162
108
127
129
170
233
177
70
229
131
74
179
9
227
71
175
175
198
143
198
79
230
255
72
172
160
206
127
59
36
191
20
172
115
117
108
106
189
107
239
125
151
223
120
174
56
211
97
120
28
77
207
191
215
211
56
118
161
98
245
252
255
103
248
236
251
241
251
253
78
255
238
127
222
253
255
231
191
47
253
79
191
252
255
255
127
255
255
63
227
63
247
231
124
87
246
191
255
255
223
220
235
254
251
122
249
177
237
213
126
251
253
231
157
239
126
220
244
47
254
21
59
191
125
57
255
124
116
127
127
126
208
30
222
53
103
222
220
203
251
237
251
110
119
47
65
215
175
127
230
141
92
77
244
169
94
15
173
255
78
63
221
125
121
244
179
111
111
235
183
238
191
181
47
214
233
125
159
65
244
190
123
239
251
167
229
178
185
254
246
253
253
244
253
252
253
253
248
251
239
121
70
157
253
239
255
187
245
111
255
255
243
127
115
246
253
87
227
255
255
251
222
53
255
189
248
253
127
126
251
255
253
113
223
115
184
223
157
235
244
175
220
85
111
151
215
135
242
247
141
94
247
252
255
111
252
180
251
240
122
255
116
251
206
123
199
93
226
231
189
46
253
69
155
120
254
255
63
255
255
31
227
63
215
229
157
87
246
189
253
127
119
206
106
159
217
152
250
177
141
221
26
45
253
231
158
239
126
220
250
15
222
215
58
191
215
250
83
107
248
184
175
136
122
187
40
251
236
51
207
25
99
231
189
43
237
69
11
216
229
221
121
239
207
43
227
119
215
193
221
55
125
185
237
118
103
94
106
189
213
217
254
49
184
221
8
35
245
229
158
235
86
220
150
141
220
87
112
63
60
58
254
245
63
245
249
252
189
189
214
117
255
124
187
229
255
253
251
187
245
127
223
255
177
107
230
246
124
215
255
238
127
218
207
36
247
251
249
125
253
21
247
54
229
229
179
107
191
254
175
79
246
189
216
85
55
215
255
207
235
187
237
222
251
189
187
245
34
247
249
163
215
255
213
223
255
236
51
126
189
187
126
219
191
61
215
223
189
127
247
254
74
247
246
255
111
184
47
125
255
125
250
127
120
108
245
238
255
49
147
127
255
234
184
203
240
29
60
85
119
243
247
251
251
183
201
254
90
57
155
118
38
171
124
55
219
185
255
241
246
196
124
218
181
139
114
219
167
61
67
223
141
78
230
254
66
229
245
238
207
184
96
52
255
110
250
113
248
253
247
107
255
119
183
111
255
226
169
199
244
29
121
89
87
179
215
251
57
115
197
206
92
51
243
244
82
35
111
126
196
174
233
49
83
198
179
67
178
77
251
70
235
175
70
159
142
234
166
133
66
204
52
206
103
47
38
191
28
60
119
85
40
96
183
106
111
109
131
207
124
172
24
211
99
120
28
81
196
46
83
155
40
38
177
114
124
251
255
249
118
119
255
255
253
254
248
185
95
248
191
207
155
253
251
110
127
255
246
191
159
107
183
181
121
213
118
251
251
11
215
255
222
116
245
125
254
111
247
62
255
247
195
254
190
173
190
223
243
253
157
93
236
238
95
223
255
222
235
247
63
242
92
171
253
184
175
152
125
63
242
123
173
27
201
17
246
239
249
184
237
103
139
124
229
253
121
247
254
103
227
247
159
193
223
53
117
153
173
55
109
92
107
189
245
129
254
49
190
223
152
35
245
229
219
249
102
159
151
167
246
219
124
22
77
51
247
117
120
178
235
118
240
189
192
117
199
241
147
1
242
237
203
107
231
47
78
223
198
42
230
215
76
4
233
198
255
59
71
190
84
186
217
125
220
44
154
198
233
97
131
111
184
110
8
83
240
28
156
65
55
251
215
151
248
119
163
123
252
247
247
245
118
183
239
255
231
223
241
248
127
251
177
95
242
245
127
111
59
127
244
183
222
235
239
189
127
152
116
185
242
103
54
191
208
124
53
252
126
74
184
159
219
168
81
158
140
173
212
217
114
56
151
95
200
254
83
159
91
214
57
185
254
252
187
255
127
215
223
141
223
239
253
188
115
206
255
254
189
151
122
219
191
187
247
31
189
215
247
127
83
251
247
254
227
189
199
255
218
125
234
127
122
93
229
233
183
126
181
63
255
238
158
207
254
61
244
243
208
243
249
251
255
252
248
246
83
246
93
111
252
240
255
152
123
187
104
235
236
119
205
25
239
239
185
58
237
97
15
248
229
221
123
247
127
99
227
119
215
193
221
49
127
185
253
55
103
94
106
125
245
145
255
51
184
223
24
103
245
229
220
239
94
223
158
175
208
215
118
183
250
181
254
247
255
247
219
189
247
253
213
255
191
254
54
95
255
247
122
187
255
255
211
127
188
254
246
63
122
251
215
239
143
237
151
246
255
89
250
119
88
221
231
111
245
117
253
111
191
254
155
207
244
188
216
223
122
183
255
219
187
191
188
222
253
59
247
116
118
51
111
122
192
30
241
50
103
210
148
75
242
237
127
79
119
189
64
215
142
123
247
173
84
76
116
232
90
47
150
191
76
60
119
85
120
106
179
95
235
233
147
206
126
181
140
211
99
124
159
81
100
254
83
223
121
246
245
251
123
252
251
191
255
239
219
157
223
231
253
188
191
206
127
255
253
247
122
215
191
255
247
45
181
231
255
127
83
251
247
239
199
189
199
127
218
125
250
127
122
221
229
233
151
127
189
63
255
238
154
15
246
253
116
247
248
183
251
251
187
223
190
238
61
63
247
212
58
239
241
115
248
252
206
117
95
253
248
228
243
233
199
107
245
108
80
247
159
110
134
214
108
223
255
255
111
123
103
190
156
250
249
220
221
53
223
166
236
99
231
111
169
164
169
219
242
29
24
85
46
215
87
175
235
191
237
252
122
245
251
255
255
167
91
255
214
238
241
186
191
202
183
95
246
215
57
102
170
255
199
63
142
202
234
61
83
121
252
171
227
167
157
255
194
125
87
119
50
202
221
72
91
156
201
151
223
172
26
133
42
184
180
239
216
190
121
219
93
68
58
181
106
52
234
119
255
197
219
13
214
187
157
255
179
206
179
119
50
179
82
211
255
63
219
95
52
234
230
15
82
251
247
230
111
175
15
55
251
189
251
255
88
105
197
232
247
117
173
123
61
238
152
79
246
24
220
241
16
243
255
159
187
191
187
254
126
252
251
255
255
255
223
173
223
239
255
188
255
206
127
254
253
215
122
223
191
191
247
29
189
231
255
127
83
251
247
238
231
189
199
127
222
127
238
127
250
221
229
105
183
126
189
63
255
238
159
207
254
253
245
243
208
191
251
251
255
223
250
246
92
187
247
93
112
163
249
254
213
189
225
249
199
209
145
75
178
205
251
111
247
47
70
223
207
43
231
255
72
140
228
254
255
59
102
191
212
188
251
117
251
110
179
78
251
113
147
239
248
174
56
211
240
124
156
65
71
251
87
223
248
117
161
255
157
191
247
117
248
253
255
240
184
189
239
123
206
125
203
232
239
205
239
107
255
111
194
255
239
127
247
254
108
71
231
254
223
123
101
188
213
185
248
125
125
60
251
247
237
99
255
111
185
255
9
103
240
159
152
77
39
215
247
175
250
119
165
254
207
253
250
125
21
98
124
206
105
163
237
250
98
207
134
251
171
44
55
215
47
173
103
15
231
223
243
235
83
47
226
55
179
151
180
223
34
189
119
247
42
234
188
105
191
89
63
182
93
238
114
247
89
246
112
100
217
189
237
123
189
240
247
11
124
59
247
213
122
183
233
255
228
254
192
49
87
234
179
79
186
253
251
111
247
63
86
191
158
234
166
151
72
220
116
223
103
47
38
191
212
252
119
93
124
97
247
78
235
236
129
207
60
172
184
219
243
120
156
85
68
126
83
159
235
44
169
242
93
187
247
117
120
167
249
242
252
189
197
255
207
249
147
75
186
237
203
107
247
47
82
255
223
58
246
214
108
199
247
238
223
123
103
190
212
186
251
125
221
60
147
198
233
97
171
111
185
238
169
91
240
92
152
69
55
255
87
143
250
119
167
255
254
58
243
247
255
143
219
173
222
249
247
123
255
250
218
214
114
151
126
91
223
47
235
125
159
203
255
127
66
249
245
238
71
173
100
191
254
255
247
223
217
93
229
79
235
15
153
51
255
238
153
171
247
253
157
251
64
127
247
249
251
31
176
255
254
184
219
247
255
243
223
188
223
187
253
253
255
198
150
250
187
215
126
155
239
63
239
63
173
223
243
191
91
251
247
238
215
189
189
119
255
253
250
247
120
236
231
109
191
29
189
59
255
254
31
227
253
253
188
255
215
191
247
251
253
63
177
254
126
48
243
247
255
195
223
169
222
169
219
119
179
78
147
116
243
151
90
146
203
47
203
77
142
222
254
47
18
251
231
238
79
173
45
191
254
185
239
87
73
64
197
106
205
45
173
51
189
238
153
163
247
248
156
227
64
63
247
219
168
7
176
126
122
34
131
119
251
129
223
44
222
191
243
121
177
74
185
84
50
179
122
146
239
63
203
95
180
234
230
47
70
249
245
238
111
173
78
55
255
185
227
94
249
108
229
79
195
233
153
27
189
238
152
67
246
29
157
243
80
115
247
189
250
175
176
246
127
52
245
183
223
167
27
120
238
101
211
63
237
107
147
116
114
247
91
116
249
111
155
109
158
248
252
127
250
187
231
239
79
237
7
191
150
185
125
95
189
65
71
138
201
121
169
51
188
230
153
41
247
248
28
243
104
62
247
185
186
135
60
92
124
59
247
213
126
167
233
247
196
190
225
49
211
200
179
79
178
253
235
111
247
47
86
223
158
107
166
183
8
220
116
222
111
59
102
191
220
188
119
125
108
104
243
78
235
236
147
239
124
172
184
211
243
124
156
81
68
254
83
215
235
101
161
118
252
251
247
244
52
63
249
122
244
188
246
241
79
249
220
234
242
237
255
111
247
109
100
215
143
43
231
223
109
207
244
255
251
59
230
191
222
190
241
253
222
63
179
215
251
227
211
239
174
175
173
219
248
125
159
85
102
255
87
223
251
246
231
255
157
59
254
117
186
249
252
240
152
185
223
119
214
244
235
242
191
221
255
107
255
47
194
255
175
127
247
254
124
103
247
254
95
59
101
124
215
251
248
117
121
61
251
119
237
167
191
127
189
239
57
247
240
159
157
73
87
243
247
239
251
63
165
254
118
170
211
127
251
136
219
168
222
191
243
123
241
74
219
208
114
179
122
146
237
47
203
93
151
235
255
47
66
185
229
238
111
173
79
63
126
185
239
126
233
92
225
79
209
123
153
19
191
238
24
35
245
189
221
243
64
250
183
185
184
215
176
119
90
56
154
247
63
179
248
63
95
186
215
177
54
194
105
218
124
222
185
219
229
61
231
27
173
138
226
207
87
101
253
254
111
184
188
117
255
255
224
245
216
207
247
76
250
135
131
127
255
235
30
199
238
61
253
81
215
243
191
255
123
58
242
183
26
56
154
119
63
241
248
54
90
187
214
117
54
70
43
242
124
222
145
155
229
61
239
95
173
138
226
207
82
101
253
238
119
184
189
117
127
255
232
119
216
205
199
72
226
5
131
127
255
126
27
199
252
149
252
65
215
179
191
251
249
59
163
231
126
60
234
119
255
207
219
9
222
233
151
127
179
78
171
118
178
183
90
147
223
63
219
79
53
202
226
15
82
251
127
238
79
189
39
255
250
251
235
95
216
253
197
74
227
127
169
59
189
238
24
79
245
189
252
227
80
115
255
187
187
63
187
222
115
17
211
82
89
194
195
14
246
188
4
117
167
222
161
81
107
247
177
38
198
47
203
103
74
222
50
47
18
11
81
111
151
39
21
178
114
88
111
116
113
84
42
111
77
16
245
239
153
172
24
5
244
24
156
195
16
242
51
191
88
71
33
250
