posters/Movie Poster 117.jpg
512 : 781
284
66.3369
-1
0
283
636
0.00489569
31
132.99
-1
0
313
124
0.0110103
31
19.0435
-1
0
399
145
0.00657757
31
169.992
-1
0
218
123
0.00447792
31
-162.801
-1
0
187
125
0.00727999
31
-85.1611
-1
0
145
149
0.0125417
31
-129.289
-1
0
198
655
0.00418233
31
104.621
-1
0
255
608
0.00375871
31
-104.826
-1
0
393
122
0.00723866
31
5.46384
-1
0
252
229
0.00490616
31
115.974
-1
0
195
134
0.00384796
31
167.005
-1
0
177
121
0.00857682
31
20.7723
-1
0
175
465
0.00616991
31
-57.3895
-1
0
181
218
0.00501972
31
10.3048
-1
0
170
138
0.00368079
31
-124.509
-1
0
184
134
0.00608922
31
-97.0852
-1
0
168
126
0.00764283
31
-90.1394
-1
0
193
226
0.00928897
31
79.895
-1
0
140
519
0.00809481
31
100.382
-1
0
182
637
0.00358021
31
92.268
-1
0
295
127
0.00702563
31
-64.6986
-1
0
209
113
0.00795441
31
80.665
-1
0
349
628
0.00494372
31
3.48775
-1
0
253
231
0.00457585
31
79.9039
-1
0
222
410
0.00401404
31
-100.85
-1
0
338
536
0.00388252
31
-100.886
-1
0
201
110
0.00421111
31
41.1859
-1
0
200
627
0.00441661
31
10.0221
-1
0
412
109
0.00616151
31
-99.6234
-1
0
313
536
0.00712655
31
13.8407
-1
0
320
105
0.00693896
31
-81.5289
-1
0
215
109
0.0118673
31
103.213
-1
0
343
139
0.0076978
31
83.6598
-1
0
349
626
0.00783563
31
-48.8141
-1
0
168
140
0.00411341
31
60.8872
-1
0
302
108
0.00705563
31
-59.9429
-1
0
265
538
0.00791982
31
26.2717
-1
0
283
128
0.00813781
31
-6.96826
-1
0
320
100
0.0105775
31
-85.6525
-1
0
290
538
0.0074325
31
134.454
-1
0
336
125
0.0103706
31
142.734
-1
0
208
102
0.00370433
31
-122.494
-1
0
216
539
0.00761322
31
71.0033
-1
0
357
616
0.00433702
31
138.122
-1
0
211
104
0.0109087
31
165.411
-1
0
216
133
0.00558116
31
104.931
-1
0
265
132
0.00618676
31
14.4263
-1
0
414
111
0.00455892
31
54.3148
-1
0
312
103
0.0164031
31
156.92
-1
0
350
125
0.00941442
31
60.8025
-1
0
283
624
0.00357636
31
35.4699
-1
0
311
100
0.00946385
31
122.518
-1
0
218
99
0.00800856
31
52.2061
-1
0
205
121
0.00601235
31
29.1761
-1
0
303
125
0.00429736
31
-10.6501
-1
0
249
249
0.00361564
31
-111.209
-1
0
226
125
0.00390456
31
110.556
-1
0
172
615
0.00445314
31
-61.294
-1
0
211
656
0.00434792
31
109.191
-1
0
331
132
0.00576024
31
24.9864
-1
0
173
462
0.00665275
31
97.7893
-1
0
312
132
0.00516341
31
78.147
-1
0
304
616
0.00447314
31
126.107
-1
0
237
142
0.0054022
31
-32.6552
-1
0
147
142
0.00507756
31
88.1524
-1
0
308
145
0.00874566
31
-34.8753
-1
0
169
368
0.00421225
31
7.74119
-1
0
409
155
0.00562593
31
18.5166
-1
0
400
184
0.00469672
31
134.742
-1
0
115
579
0.00399284
31
117.575
-1
0
118
617
0.00386418
31
-11.3099
-1
0
320
653
0.00402716
31
109.654
-1
0
287
606
0.00507166
31
-140.826
-1
0
376
123
0.00942766
31
61.9492
-1
0
381
636
0.00474049
31
26.0754
-1
0
314
665
0.003678
31
45
-1
0
373
625
0.0045239
31
14.1189
-1
0
401
148
0.00356836
31
27.8793
-1
0
395
191
0.00569812
31
59.4208
-1
0
357
604
0.0043736
31
137.77
-1
0
192
665
0.00371776
31
118.118
-1
0
230
140
0.00706745
31
68.6002
-1
0
327
616
0.0046747
31
177.295
-1
0
371
153
0.00930219
31
-57.1715
-1
0
144
139
0.00940562
31
42.4362
-1
0
144
392
0.00513309
31
-176.335
-1
0
135
217
0.00456294
31
11.1721
-1
0
398
176
0.00662912
31
-67.6794
-1
0
185
543
0.00464708
31
-86.03
-1
0
202
152
0.00393508
31
8.31513
-1
0
403
179
0.00456265
31
95.0796
-1
0
206
609
0.00412672
31
78.9965
-1
0
367
624
0.00572712
31
-122.347
-1
0
195
124
0.00769931
31
-75.2275
-1
0
146
423
0.0040456
31
20.1729
-1
0
401
143
0.0047305
31
96.2773
-1
0
212
611
0.00535493
31
-165.058
-1
0
131
181
0.00414799
31
-175.012
-1
0
368
152
0.00892298
31
22.0362
-1
0
380
624
0.00393248
31
155.014
-1
0
333
124
0.00978199
31
-53.3929
-1
0
383
125
0.00552951
31
120.51
-1
0
200
662
0.00581532
31
106.699
-1
0
281
616
0.00409466
31
79.5258
-1
0
292
616
0.00574572
31
82.6736
-1
0
315
616
0.00394564
31
-69.4103
-1
0
192
538
0.00509359
31
94.0856
-1
0
182
625
0.00318184
31
158.836
-1
0
103
507
0.00302864
31
84.4885
-1
0
318
636
0.00298097
31
134.191
-1
0
194
326
0.00307642
31
78.9765
-1
0
343
636
0.00311415
31
123.53
-1
0
250
616
0.00336743
31
79.992
-1
0
329
634
0.00339374
31
58.9649
-1
0
404
115
0.00304986
31
89.2838
-1
0
367
636
0.00309498
31
34.3302
-1
0
320
120
0.00306888
31
115.56
-1
0
267
636
0.00315002
31
120.379
-1
0
280
604
0.00313577
31
71.2587
-1
0
292
604
0.0033455
31
78.147
-1
0
326
604
0.00344655
31
94.4972
-1
0
204
665
0.0033731
31
150.255
-1
0
278
476
0.00328302
31
-168.463
-1
0
123
197
0.00328257
31
-18.4349
-1
0
409
604
0.00327274
31
155.266
-1
0
354
126
0.0034688
31
-152.038
-1
0
192
653
0.00334085
31
102.995
-1
0
319
151
0.00324939
31
69.444
-1
0
193
625
0.00323531
31
-96.7536
-1
0
204
653
0.00328893
31
132.184
-1
0
171
625
0.00338579
31
41.2686
-1
0
408
616
0.00346688
31
135.294
-1
0
104
617
0.00330888
31
79.0459
-1
0
353
624
0.00316894
31
112.38
-1
0
342
624
0.00314753
31
-49.4608
-1
0
361
549
0.0029097
31
83.601
-1
0
217
617
0.00296812
31
45.4511
-1
0
231
616
0.00297128
31
178.956
-1
0
124
262
0.00295897
31
-111.517
-1
0
167
539
0.00290307
31
-92.0454
-1
1
217.2
122.4
0.00481451
37.2
-90.5355
-1
1
168
140.4
0.00529125
37.2
-70.0646
-1
1
242.4
151.2
0.00314692
37.2
70.6768
-1
1
367.2
624
0.00328942
37.2
68.1986
-1
1
288
630
0.00282456
37.2
49.0234
-1
1
142.8
391.2
0.00636459
37.2
78.9174
-1
1
313.2
123.6
0.00977057
37.2
80.8584
-1
1
346.8
624
0.00405385
37.2
-91.7534
-1
1
144
139.2
0.00461556
37.2
118.034
-1
1
333.6
123.6
0.0104636
37.2
139.428
-1
1
195.6
327.6
0.00354824
37.2
-133.069
-1
1
186
124.8
0.00761996
37.2
74.0546
-1
1
367.2
626.4
0.00530895
37.2
-63.0282
-1
1
186
542.4
0.0030215
37.2
-54.394
-1
1
181.2
218.4
0.00364301
37.2
150.803
-1
1
350.4
124.8
0.00888857
37.2
-74.9816
-1
1
378
124.8
0.0079926
37.2
99.1026
-1
1
331.2
130.8
0.0052136
37.2
-122.623
-1
1
216
540
0.0053761
37.2
85.3276
-1
1
308.4
145.2
0.00438314
37.2
-67.0717
-1
1
192
538.8
0.00408572
37.2
-87.6909
-1
1
193.2
225.6
0.00775712
37.2
89.4595
-1
1
312
130.8
0.00564333
37.2
-83.7303
-1
1
290.4
537.6
0.00530599
37.2
-55.756
-1
1
265.2
537.6
0.00579793
37.2
-100.395
-1
1
313.2
536.4
0.00594638
37.2
3.81407
-1
1
252
229.2
0.00367089
37.2
79.6952
-1
1
292.8
130.8
0.00457127
37.2
50.9061
-1
1
373.2
625.2
0.00332687
37.2
113.232
-1
1
343.2
140.4
0.00322971
37.2
159.864
-1
1
216
132
0.00420587
37.2
74.9951
-1
1
349.2
627.6
0.00361284
37.2
-95.1944
-1
1
375.6
122.4
0.00806291
37.2
65.4804
-1
1
140.4
518.4
0.00590793
37.2
101.857
-1
1
265.2
130.8
0.00582539
37.2
174.875
-1
1
370.8
152.4
0.00490155
37.2
-110.086
-1
1
169.2
126
0.00650049
37.2
-125.676
-1
1
194.4
126
0.00540282
37.2
-178.854
-1
1
367.2
152.4
0.00381323
37.2
99.8458
-1
1
321.6
126
0.00498068
37.2
108.595
-1
1
336
126
0.0115492
37.2
-101.529
-1
1
338.4
536.4
0.00317046
37.2
144.237
-1
1
354
126
0.00366543
37.2
-116.565
-1
1
204
654
0.00277686
37.2
85.7881
-1
1
163.2
444
0.00289597
37.2
-82.2977
-1
1
146.4
422.4
0.00435335
37.2
117.759
-1
1
331.2
121.2
0.00568576
37.2
40.8151
-1
1
283.2
127.2
0.0071192
37.2
120.311
-1
1
237.6
141.6
0.00368309
37.2
-95.2739
-1
1
145.2
148.8
0.00666728
37.2
75.0414
-1
1
295.2
127.2
0.00588651
37.2
74.389
-1
1
283.2
625.2
0.00431034
37.2
-35.2354
-1
1
169.2
368.4
0.0035554
37.2
-116.847
-1
1
374.4
129.6
0.00451603
37.2
130.872
-1
1
278.4
480
0.00269443
37.2
29.0648
-1
1
174
462
0.0045203
37.2
65.9125
-1
1
283.2
636
0.00334443
37.2
-109.231
-1
1
177.6
121.2
0.00594498
37.2
-63.9967
-1
1
183.6
133.2
0.00502111
37.2
142.575
-1
1
278.4
476.4
0.00399085
37.2
53.7022
-1
1
381.6
636
0.00302292
37.2
-62.4472
-1
1
205.2
121.2
0.0051694
37.2
-112.62
-1
1
195.6
133.2
0.00321274
37.2
85.0834
-1
1
222
410.4
0.00381546
37.2
24.3202
-1
1
175.2
466.8
0.00419455
37.2
147.179
-1
1
134.4
525.6
0.0024829
37.2
-27.8973
-1
1
210
654
0.00252037
37.2
-15.92
-1
1
163.2
366
0.00236446
37.2
-1.09539
-1
1
241.2
230.4
0.00213251
37.2
-71.565
-1
1
170.4
138
0.0025876
37.2
82.9716
-1
1
193.2
625.2
0.00236044
37.2
89.6155
-1
1
367.2
636
0.0023421
37.2
-49.7636
-1
1
361.2
548.4
0.00229649
37.2
66.413
-1
1
294
122.4
0.00231807
37.2
141.532
-1
1
226.8
138
0.0026064
37.2
-170.354
-1
1
122.4
195.6
0.00206456
37.2
95.4691
-1
1
286.8
606
0.00216411
37.2
77.7843
-1
1
352.8
624
0.00205105
37.2
51.1886
-1
1
234
625.2
0.00202972
37.2
83.4802
-1
1
342
624
0.00207628
37.2
106.113
-1
1
277.2
625.2
0.00221962
37.2
112.449
-1
1
282
477.6
0.00223264
37.2
-95.9409
-1
1
324
547.2
0.00203856
37.2
-102.442
-1
1
159.6
546
0.00232432
37.2
-120.113
-1
1
316.8
249.6
0.00197933
37.2
4.43355
-1
2
252
228.96
0.00214913
44.64
-62.3944
-1
2
185.76
541.44
0.00226003
44.64
-84.6855
-1
2
290.88
538.56
0.0049332
44.64
-127.399
-1
2
220.32
538.56
0.00216915
44.64
-122.411
-1
2
216
538.56
0.00342005
44.64
-64.4208
-1
2
191.52
538.56
0.00354187
44.64
-100.474
-1
2
338.4
537.12
0.00296225
44.64
-99.8538
-1
2
313.92
537.12
0.00593792
44.64
-50.0459
-1
2
264.96
537.12
0.00519293
44.64
-107.304
-1
2
159.84
544.32
0.00276393
44.64
-87.1729
-1
2
191.52
224.64
0.00670266
44.64
-96.7604
-1
2
300.96
547.2
0.00331092
44.64
69.6005
-1
2
300.96
473.76
0.00262872
44.64
-53.3048
-1
2
181.44
217.44
0.00243269
44.64
129.908
-1
2
277.92
479.52
0.00270911
44.64
130.439
-1
2
279.36
476.64
0.00352507
44.64
28.8455
-1
2
175.68
466.56
0.0028866
44.64
35.3718
-1
2
174.24
460.8
0.0033783
44.64
84.2008
-1
2
162.72
443.52
0.00258741
44.64
-89.7272
-1
2
146.88
421.92
0.00436302
44.64
-76.0042
-1
2
172.8
154.08
0.00420203
44.64
88.7199
-1
2
221.76
410.4
0.00362477
44.64
-77.3609
-1
2
169.92
152.64
0.00276586
44.64
-40.192
-1
2
169.92
368.64
0.00268865
44.64
96.5999
-1
2
187.2
630.72
0.00258517
44.64
65.6807
-1
2
367.2
623.52
0.00309716
44.64
-102.973
-1
2
145.44
148.32
0.00307833
44.64
141.826
-1
2
195.84
326.88
0.00220713
44.64
-97.9787
-1
2
324
545.76
0.00209567
44.64
79.4519
-1
2
367.2
635.04
0.0021037
44.64
85.9464
-1
2
283.68
623.52
0.00204032
44.64
-1.44881
-1
2
241.92
230.4
0.00199813
44.64
56.5272
-1
2
165.6
482.4
0.00198287
44.64
-97.7733
-1
3
323.136
546.048
0.00193509
53.568
-93.5275
-1
3
300.672
546.048
0.0041104
53.568
45.2989
-1
3
172.8
461.376
0.00197482
53.568
-14.1986
-1
3
248.832
241.92
0.00208263
53.568
69.3624
-1
3
300.672
475.2
0.00217958
53.568
140.41
-1
3
193.536
328.32
0.00279284
53.568
-3.52506
-1
3
241.92
229.824
0.00199291
53.568
91.0251
-1
3
221.184
411.264
0.00386335
53.568
-83.4596
-1
3
290.304
539.136
0.00440187
53.568
-123.214
-1
3
216
539.136
0.00234774
53.568
-89.3969
-1
3
191.808
224.64
0.00639713
53.568
-64.8769
-1
3
191.808
539.136
0.00281532
53.568
-97.5102
-1
3
336.96
537.408
0.0028902
53.568
-96.7579
-1
3
312.768
537.408
0.00541481
53.568
-48.8814
-1
3
176.256
219.456
0.00218569
53.568
-55.834
-1
3
181.44
217.728
0.00219224
53.568
-45.9262
-1
3
264.384
537.408
0.00418181
53.568
-113.986
-1
3
316.224
250.56
0.00233368
53.568
-81.1534
-1
4
290.304
539.136
0.00385653
64.2816
101.64
-1
4
223.949
410.573
0.00435758
64.2816
-93.6578
-1
4
205.286
547.43
0.00302953
64.2816
-66.9672
-1
4
275.789
547.43
0.00241711
64.2816
-88.8496
-1
4
300.672
545.357
0.00401251
64.2816
-16.3558
-1
4
248.832
240.538
0.00186933
64.2816
67.3552
-1
4
300.672
476.928
0.00174065
64.2816
-25.56
-1
5
263.762
539.966
0.00330797
77.1379
284
64
156
43
214
97
48
112
160
230
40
148
194
55
68
183
219
224
233
216
171
106
101
194
228
50
15
25
148
209
252
14
178
218
181
80
69
170
85
50
201
84
236
21
24
54
108
135
243
236
154
173
93
149
210
31
152
73
2
208
1
165
72
71
36
250
75
197
138
60
7
98
121
142
145
142
213
164
112
140
39
42
137
40
19
215
34
187
100
7
68
42
130
128
65
36
108
97
234
60
37
234
27
44
64
121
26
234
157
104
158
113
3
110
89
42
122
71
73
24
116
4
185
163
63
251
61
226
194
195
2
1
0
128
5
128
0
13
0
0
2
4
0
4
33
1
8
8
0
144
192
32
64
67
64
144
128
4
16
0
1
64
15
48
211
160
49
72
8
0
96
16
20
1
68
84
165
111
16
172
24
5
176
25
88
1
18
34
55
177
8
19
36
74
106
8
33
135
202
205
142
229
157
251
90
21
145
4
251
230
131
85
211
0
220
19
206
76
29
204
14
7
26
219
63
222
101
169
111
49
118
255
173
148
89
117
71
42
6
38
44
113
47
76
88
37
135
159
189
50
198
96
174
248
207
14
48
180
78
56
136
36
95
107
186
247
89
56
214
55
240
4
107
225
168
93
155
216
197
21
75
216
39
72
120
134
212
71
191
230
77
169
253
113
127
255
141
23
217
213
86
62
79
167
46
241
189
118
90
134
207
231
91
128
214
9
191
236
7
11
54
198
134
48
19
135
221
128
158
136
2
35
41
122
130
66
130
81
98
198
4
3
11
160
166
72
6
130
163
43
146
41
1
63
48
164
156
219
98
117
3
215
66
66
0
88
128
12
136
21
64
172
16
5
60
146
180
99
144
48
48
28
92
20
48
185
195
209
138
95
69
66
90
142
2
163
53
138
34
194
7
59
45
3
56
159
14
169
231
2
64
195
243
108
147
40
130
50
171
55
49
113
26
13
102
225
50
106
161
121
155
24
17
46
81
138
122
69
21
122
116
226
209
185
48
91
28
112
145
203
187
53
253
38
55
33
121
123
214
65
245
115
255
138
166
86
246
183
119
81
113
94
243
119
180
186
241
187
122
253
228
237
143
109
166
254
238
57
49
221
89
201
247
139
200
113
185
109
239
182
219
139
248
182
252
85
120
182
247
219
187
159
172
95
5
142
141
137
0
93
160
197
41
230
14
140
80
53
255
162
137
72
129
40
12
208
78
128
93
85
24
32
161
6
27
3
149
82
81
72
0
194
45
10
180
53
40
52
22
150
100
160
19
72
47
52
145
93
33
12
152
72
8
100
69
65
66
226
57
255
109
222
126
159
89
59
254
92
23
219
191
123
252
76
242
247
125
103
246
110
145
119
123
254
167
63
126
219
116
233
210
110
87
190
210
122
251
124
244
223
184
143
209
54
245
111
153
173
152
13
248
29
159
77
56
246
115
191
90
87
40
251
201
152
154
227
205
227
251
248
28
187
194
79
163
204
107
169
15
125
253
7
236
157
175
89
39
255
59
166
214
71
55
255
79
131
253
81
55
239
238
51
241
116
231
120
239
13
58
177
207
219
58
245
221
231
236
242
215
12
188
107
133
185
145
166
135
232
205
42
156
168
37
4
121
63
0
233
206
171
134
137
137
108
189
249
233
69
107
249
103
255
31
183
111
5
33
71
213
235
60
113
107
189
53
190
95
238
42
191
219
81
94
209
97
208
126
48
77
230
47
172
158
212
167
141
212
215
18
191
16
34
149
86
40
218
162
122
192
184
210
21
225
117
153
32
235
129
195
34
196
39
202
215
73
94
148
134
44
130
35
78
223
32
65
180
84
184
233
100
124
92
56
39
197
164
181
111
185
172
9
1
240
29
156
73
4
242
23
181
88
87
32
126
135
204
206
9
33
88
212
130
59
145
47
202
158
181
78
170
137
161
52
189
68
69
98
225
113
87
153
50
45
143
2
34
159
120
65
232
90
25
234
120
114
157
40
55
149
114
244
109
145
168
11
13
248
29
216
78
50
243
50
61
88
81
64
218
242
209
170
222
55
54
221
19
151
199
181
202
171
200
52
95
28
247
126
159
178
127
241
103
44
247
247
127
19
253
212
251
134
188
146
207
250
45
250
115
114
235
231
233
147
120
149
111
118
186
146
139
56
176
252
242
113
179
122
95
243
249
158
251
53
182
245
40
60
180
173
126
241
30
200
249
109
31
150
13
219
236
195
105
241
71
90
253
236
108
60
147
125
20
97
206
205
72
142
190
221
188
57
61
127
74
58
183
247
241
55
89
58
188
44
122
224
188
94
85
174
150
215
142
250
215
110
118
21
250
95
73
60
249
241
248
250
180
198
188
76
49
205
203
203
228
171
42
229
112
12
180
173
53
21
251
125
79
83
127
153
198
213
238
94
187
251
119
188
159
235
55
53
162
116
225
187
253
175
246
184
157
139
77
52
228
170
79
217
207
103
223
3
142
130
11
1
192
132
134
9
136
10
207
130
5
11
9
137
0
161
129
192
7
74
65
65
85
25
34
16
2
3
66
149
2
81
32
48
8
109
32
100
52
40
161
21
80
53
225
24
136
24
4
149
5
216
8
2
128
6
165
0
81
0
74
134
34
3
1
221
0
134
204
0
35
128
50
160
2
131
1
75
68
1
80
9
128
142
8
70
145
24
33
146
8
3
30
49
133
156
155
0
164
37
6
33
64
0
24
13
8
8
145
66
28
80
176
1
178
68
34
192
40
128
0
12
69
52
36
188
250
82
3
219
217
132
192
74
27
42
123
178
82
233
112
123
147
37
128
197
20
9
84
131
93
121
43
134
78
243
114
198
36
77
190
80
120
233
116
97
93
48
47
213
20
180
101
153
173
24
5
242
29
140
65
2
242
18
181
88
95
32
122
10
19
136
248
38
51
72
22
164
174
81
0
25
64
49
83
156
220
67
226
130
118
192
115
12
144
182
8
82
224
53
200
87
14
147
40
91
104
80
65
40
107
86
76
82
196
193
79
30
56
152
5
50
24
220
89
17
162
59
159
81
219
70
243
150
123
19
247
48
72
244
195
94
144
127
115
67
82
217
176
115
194
228
11
71
172
37
194
239
135
7
169
134
174
130
184
34
6
118
210
60
26
235
213
227
52
179
241
172
6
147
238
203
189
161
211
248
7
41
81
6
113
16
99
72
48
229
136
54
35
240
176
16
134
4
67
98
64
139
50
252
247
146
80
242
161
35
244
67
101
83
199
150
84
208
157
34
188
192
128
6
44
71
190
136
56
65
92
36
65
48
225
197
65
247
79
16
166
137
74
242
24
90
89
42
115
19
149
8
115
108
74
57
255
127
222
126
191
217
123
254
92
84
251
191
123
252
77
242
247
127
111
246
126
144
247
59
254
183
63
127
91
116
249
214
110
87
190
210
122
251
125
246
255
186
175
209
180
245
111
153
173
24
13
248
29
159
77
56
246
115
191
90
95
47
251
5
6
1
32
8
248
160
116
0
184
194
5
64
21
9
32
137
72
129
2
196
32
74
211
73
92
16
196
8
6
35
66
223
16
81
32
53
170
232
32
108
20
58
167
101
129
183
107
184
232
9
1
240
29
24
72
6
194
23
165
66
83
96
106
73
10
142
219
110
87
6
182
52
190
12
132
26
188
51
47
1
221
105
111
200
215
230
51
9
98
140
6
81
64
49
83
243
36
80
32
83
122
224
224
82
127
56
46
213
148
193
107
25
168
28
5
243
29
156
72
17
242
51
157
88
86
2
251
159
250
72
108
55
120
24
68
120
48
213
185
108
51
204
218
41
136
39
249
5
160
229
50
165
157
241
249
127
47
167
100
144
188
117
250
110
114
169
117
250
222
59
61
214
151
246
108
137
231
71
6
232
23
179
12
150
243
175
253
88
67
38
159
237
46
102
161
217
44
36
195
60
121
202
115
234
189
234
199
203
40
207
233
253
142
61
56
87
126
25
131
252
196
33
215
89
227
102
186
117
178
165
188
205
52
26
182
73
67
78
193
168
101
124
56
209
31
139
12
30
252
135
164
206
87
32
26
6
32
4
0
0
128
4
36
66
0
23
36
72
55
9
0
64
2
2
144
193
32
1
194
192
0
196
72
32
140
129
64
156
44
65
142
74
2
1
72
4
16
24
130
68
96
128
78
17
36
137
0
48
24
80
9
40
98
18
176
8
2
96
72
74
138
142
223
239
219
218
180
60
189
62
141
159
252
123
234
237
215
121
175
204
247
198
59
41
111
184
54
125
67
55
127
247
37
81
113
87
123
236
112
242
93
122
62
213
134
245
111
157
141
30
5
245
29
159
203
81
246
59
189
89
87
34
250
224
235
3
203
224
158
134
129
78
65
43
218
131
23
220
136
83
199
108
44
6
5
32
192
203
213
25
45
135
138
0
24
160
5
82
154
72
18
143
134
167
22
32
181
29
142
92
132
194
21
133
184
17
231
131
187
64
88
0
36
80
85
84
120
156
227
76
78
50
25
252
242
81
146
125
248
124
118
252
232
147
144
70
235
71
114
165
246
169
6
133
153
111
236
156
248
186
92
196
206
95
82
146
177
218
255
221
84
240
182
194
78
187
191
135
199
122
5
211
93
6
243
58
206
121
122
231
157
177
238
117
77
168
220
181
97
250
221
46
201
204
113
92
164
231
160
135
43
244
96
52
244
253
63
37
242
109
151
225
126
230
104
72
52
254
58
232
172
255
94
58
183
208
226
220
111
169
173
12
11
248
5
143
73
54
210
22
172
242
87
106
185
54
51
241
176
48
150
4
67
102
64
137
54
253
247
180
86
242
129
66
244
147
117
83
71
148
212
224
157
34
188
196
128
6
4
71
190
136
120
83
84
36
65
20
225
101
196
231
79
18
166
137
74
34
24
122
89
40
115
83
149
24
115
237
74
251
213
127
223
247
23
219
184
246
213
21
219
191
123
55
95
118
247
92
47
122
251
247
54
56
162
180
31
255
121
84
59
178
109
146
246
246
89
146
253
214
203
219
94
145
128
193
78
157
173
159
13
120
58
159
71
56
246
123
31
251
158
46
249
18
0
9
130
136
136
30
32
222
42
31
0
145
4
89
128
29
2
68
128
196
34
136
204
105
84
165
10
0
131
17
122
81
188
64
36
30
2
162
66
112
212
5
40
132
38
132
75
179
200
145
3
60
9
13
219
1
114
58
56
96
17
64
174
1
205
76
73
224
220
215
80
40
69
47
202
140
121
108
41
133
121
60
111
6
101
194
114
105
119
149
60
124
6
19
1
150
84
81
138
66
73
250
40
116
189
56
39
245
24
245
47
153
137
1
13
249
93
154
12
57
215
50
189
80
211
36
218
148
26
20
4
232
152
134
112
10
49
50
83
196
49
200
128
100
195
140
40
196
32
168
216
201
20
45
74
132
15
129
126
80
49
88
24
84
178
169
198
209
20
9
151
192
130
252
77
129
229
21
0
248
31
143
75
0
82
50
44
64
23
32
188
196
235
9
218
96
90
70
79
75
64
45
188
67
214
220
170
139
5
60
77
14
129
36
3
95
215
9
13
135
138
10
8
128
7
83
203
64
18
199
180
130
190
16
245
29
154
36
166
195
37
231
248
25
125
167
146
80
232
40
60
88
84
115
217
203
217
142
205
239
243
218
176
60
159
54
203
158
121
123
137
45
223
60
191
204
103
198
113
41
127
191
118
93
67
183
51
215
121
89
113
95
121
232
113
241
94
59
63
213
20
219
127
157
141
24
5
248
125
157
201
19
247
51
189
80
95
32
251
37
197
238
92
37
6
221
119
180
254
48
129
15
233
21
15
0
108
226
43
240
110
244
59
120
43
134
16
121
21
32
75
247
122
44
176
246
60
82
189
126
106
187
238
186
112
193
106
57
168
90
9
192
24
156
12
187
230
123
159
250
246
43
243
205
200
12
8
201
59
103
90
57
59
174
202
154
189
108
139
137
125
189
105
172
213
168
57
103
119
25
54
249
71
49
71
217
210
208
105
2
239
180
162
246
183
110
53
87
31
118
145
23
73
54
52
77
253
199
14
153
204
173
188
197
146
22
190
2
138
8
11
47
216
134
0
58
186
14
204
152
20
109
161
13
211
128
171
196
115
75
113
97
85
17
38
60
67
19
66
151
0
209
32
114
90
232
32
112
29
42
37
149
212
245
107
153
232
24
5
180
13
216
73
18
242
50
189
80
83
36
250
53
117
125
40
17
42
39
122
226
2
251
52
109
103
204
112
226
4
3
84
35
96
1
199
196
132
224
157
98
12
104
40
58
76
196
158
8
58
145
212
14
210
153
1
116
115
228
78
146
38
1
70
104
29
71
13
8
178
31
168
56
214
231
16
197
196
110
57
205
178
119
254
49
255
236
200
10
173
4
15
137
124
189
105
232
195
172
57
110
119
11
54
249
5
33
95
249
211
144
105
86
229
52
162
86
170
42
189
215
25
70
145
27
89
118
180
77
248
198
14
217
140
163
158
196
210
22
189
8
250
207
207
254
249
186
252
249
187
240
253
237
16
239
233
138
213
218
42
196
113
207
252
45
137
8
182
127
79
55
222
253
193
253
49
126
243
252
53
247
127
235
30
51
167
217
115
190
223
111
103
151
229
223
238
198
206
142
206
241
79
118
247
72
11
162
177
66
71
42
195
4
194
195
6
81
196
123
230
159
25
97
70
14
149
132
3
31
213
187
12
130
198
54
153
66
6
83
171
16
110
206
64
32
117
180
104
103
12
165
236
223
168
144
149
147
93
84
211
65
104
17
49
13
25
89
34
6
33
4
2
0
0
4
36
98
0
23
4
72
55
1
0
68
2
0
176
193
32
1
194
200
0
128
72
32
140
137
64
92
44
0
170
74
2
1
64
16
0
24
14
64
36
192
78
17
44
9
0
48
24
24
73
24
99
26
144
8
2
98
200
3
212
8
11
238
208
146
4
90
51
21
204
128
16
15
185
108
198
24
144
192
33
111
72
224
128
40
78
151
41
139
102
149
164
153
0
122
67
138
35
147
218
10
12
145
148
168
49
145
88
30
5
180
161
150
227
145
82
170
28
80
81
86
253
1
205
138
26
1
82
220
214
81
154
44
140
32
132
143
171
139
0
178
143
69
3
101
135
97
69
134
4
65
12
32
82
252
14
13
250
82
54
195
48
114
126
56
46
22
246
1
238
57
172
94
5
153
29
149
72
146
227
43
189
120
112
34
227
12
42
242
160
19
105
160
71
12
64
195
52
81
34
251
244
218
24
67
96
165
20
194
115
31
152
16
137
98
134
62
200
21
68
71
138
1
250
201
22
173
21
84
0
100
135
227
236
219
44
185
152
242
21
17
25
8
194
19
161
9
11
32
66
131
132
136
15
204
192
146
132
194
133
21
206
128
22
7
48
108
67
24
148
0
3
231
68
104
128
28
12
135
43
11
34
181
173
1
80
74
3
14
2
19
136
8
8
145
88
168
36
81
8
67
5
29
2
176
227
48
112
40
28
80
5
22
217
192
10
2
161
205
250
166
208
28
177
110
67
130
80
89
161
1
73
229
195
196
35
172
82
65
79
9
166
80
6
3
210
39
146
211
32
53
138
236
128
232
52
50
161
68
3
54
227
58
216
169
32
213
229
201
144
35
8
167
162
0
50
21
76
80
209
147
31
205
194
221
250
194
169
137
207
163
197
7
41
55
71
226
2
194
47
67
207
194
246
246
14
18
42
66
78
223
159
187
21
20
140
122
35
1
104
135
98
175
120
189
187
96
210
169
243
181
226
28
195
77
27
150
67
180
101
151
70
208
2
84
128
201
154
6
120
174
57
42
83
141
53
208
32
247
213
207
32
200
2
168
108
72
84
45
46
188
138
1
94
120
101
70
63
84
178
37
198
85
84
0
23
68
230
252
81
160
37
149
32
164
27
143
75
64
124
34
4
72
22
32
60
28
189
255
212
54
191
249
123
190
221
87
213
223
243
144
78
162
213
102
107
214
45
194
243
107
186
166
126
92
75
52
107
223
54
116
186
214
126
251
245
208
124
185
111
249
52
241
111
153
172
24
71
240
29
156
73
17
242
115
191
120
119
161
251
142
248
9
109
191
57
252
216
248
27
143
106
241
20
233
209
153
188
127
216
109
150
0
220
165
221
241
233
214
111
55
176
88
188
158
206
74
127
169
23
56
223
118
61
246
231
158
29
173
191
22
39
72
151
223
113
20
195
189
158
109
27
228
146
58
176
113
46
22
137
7
108
194
0
252
177
125
34
132
114
242
134
67
80
193
48
65
196
140
137
237
137
99
200
197
236
189
44
100
190
78
56
33
244
111
91
117
43
68
55
148
76
187
166
201
70
114
28
93
89
12
178
151
248
57
78
100
93
194
10
131
229
200
66
138
134
8
169
42
71
130
68
91
176
13
9
188
131
198
13
110
72
79
215
31
102
134
163
3
86
53
147
107
1
56
132
238
2
97
52
160
112
175
76
61
177
73
200
108
243
149
99
48
162
199
73
128
37
68
33
209
46
24
18
1
145
46
245
173
112
132
190
90
69
17
76
121
96
157
92
194
2
244
50
196
223
9
54
167
2
16
194
53
218
79
24
223
32
245
106
232
65
104
117
247
46
230
36
181
107
186
184
152
7
242
29
220
81
7
51
23
179
99
155
104
118
16
2
129
22
40
195
162
110
192
184
82
21
113
84
25
0
238
129
195
2
196
43
194
215
73
88
148
132
0
128
1
78
223
44
65
180
84
26
232
100
120
84
177
38
69
164
181
111
187
172
137
1
240
29
156
73
4
114
23
185
104
71
32
126
42
3
32
146
15
229
136
55
196
234
219
4
49
68
49
103
157
84
67
211
212
50
213
207
24
63
167
2
18
214
53
202
79
44
211
56
157
104
232
65
104
101
119
43
214
117
183
111
186
170
152
1
242
29
92
81
3
179
87
179
43
83
40
98
175
241
125
32
21
58
45
90
224
10
233
242
111
45
132
121
243
173
39
117
35
102
81
119
196
206
99
153
122
36
96
232
62
204
222
158
40
60
17
245
78
202
58
233
214
83
118
79
216
190
48
0
96
181
111
77
24
182
151
174
60
214
246
24
132
219
69
193
253
184
135
248
46
83
169
250
143
91
198
169
131
213
60
109
14
236
162
112
110
215
27
59
183
42
2
25
146
87
220
203
64
245
255
135
103
58
171
117
253
142
252
145
198
149
21
176
75
227
199
171
64
156
16
15
84
93
181
56
67
209
152
58
5
162
30
28
34
10
33
138
160
72
38
27
109
35
32
149
64
39
67
71
192
87
243
108
19
32
192
32
158
56
145
36
43
8
106
97
104
202
62
105
151
81
183
110
48
146
24
4
224
168
120
193
27
179
55
179
48
243
212
74
59
221
125
126
47
189
125
47
241
124
212
153
125
125
108
222
246
182
129
122
244
120
209
127
189
170
226
151
127
113
125
239
215
238
20
180
255
123
240
125
218
223
219
78
240
151
199
79
185
167
30
79
232
29
159
77
21
242
127
191
251
94
163
255
64
43
151
87
232
151
218
246
218
189
2
207
210
245
27
10
142
195
234
47
220
45
66
223
219
114
150
246
12
192
18
70
223
17
65
37
220
156
250
104
116
60
169
166
189
96
177
107
185
200
8
211
245
93
24
203
71
127
83
181
114
117
65
250
1
10
68
160
40
152
162
96
60
156
86
71
152
57
89
128
224
217
1
97
196
37
194
115
73
152
132
6
124
128
49
75
215
32
81
184
87
122
233
124
244
92
56
47
213
6
245
111
153
172
24
5
240
29
157
73
16
242
51
189
88
87
32
250
4
3
5
20
32
151
56
119
132
190
81
0
65
0
17
2
100
204
67
98
208
34
192
147
8
40
164
204
64
128
49
232
239
48
65
168
82
40
128
96
120
12
16
14
212
52
129
78
153
172
24
1
240
29
156
73
16
242
51
157
88
86
32
250
133
246
117
45
248
236
163
216
248
93
168
223
199
89
212
105
226
213
47
97
192
44
168
120
110
223
61
43
215
10
51
127
246
37
125
186
82
120
237
244
243
94
56
31
217
18
252
117
137
165
88
5
240
30
142
73
16
240
51
188
88
87
34
185
37
38
97
2
216
200
39
105
200
32
138
53
225
55
200
224
195
37
195
64
209
1
27
197
214
252
12
133
162
142
1
72
141
4
71
186
8
178
13
28
44
84
16
167
69
99
164
193
176
36
137
8
242
29
13
1
36
98
7
164
8
71
96
88
133
206
76
105
189
248
167
120
56
117
198
239
174
61
204
141
9
237
45
249
245
102
155
249
97
127
25
182
124
7
35
87
223
228
217
26
83
155
249
62
253
188
106
183
213
49
126
35
136
221
25
40
253
133
203
12
56
214
183
173
208
215
36
94
250
53
249
54
255
38
91
109
214
64
213
53
125
200
130
84
254
150
19
84
120
139
183
52
182
136
232
25
210
121
228
172
44
173
36
254
238
49
1
213
25
201
215
200
200
109
137
12
239
182
219
141
104
178
244
97
224
178
253
218
62
14
190
93
90
8
12
132
34
73
28
36
13
6
91
4
25
164
88
162
141
88
80
236
12
144
192
32
9
85
157
80
64
226
62
136
80
48
97
73
78
111
136
0
48
149
245
47
134
142
236
60
135
129
215
134
139
95
183
30
193
67
57
120
69
12
0
182
199
253
210
21
113
2
158
198
2
161
161
251
130
202
166
91
235
209
60
71
11
141
231
99
14
223
187
111
19
12
178
51
215
37
52
187
82
124
231
244
112
74
56
47
219
28
221
175
153
172
24
5
112
26
156
67
16
242
49
189
92
85
32
251
78
0
138
169
31
115
162
254
20
170
216
52
49
4
171
227
73
28
129
80
225
145
206
24
4
201
24
129
209
70
55
203
125
0
149
170
55
96
45
112
56
69
86
40
84
21
34
104
30
44
26
5
210
29
84
80
144
160
175
184
13
218
102
64
78
39
240
164
81
34
38
67
4
64
195
49
96
115
128
84
226
137
3
212
225
15
145
83
86
8
200
141
66
140
168
192
14
37
70
186
0
50
5
212
137
64
16
130
72
73
131
78
25
36
24
0
112
28
155
9
0
114
51
148
8
6
32
72
6
0
0
128
1
136
0
1
0
64
6
5
16
4
9
0
8
8
1
144
192
32
192
67
64
16
128
4
0
130
1
64
7
48
81
160
49
72
200
0
96
20
20
33
68
20
165
111
25
172
24
5
240
29
24
1
18
34
51
177
8
19
32
74
4
1
40
148
0
7
61
119
132
134
67
4
81
76
17
6
132
120
66
66
50
34
208
130
88
32
164
72
64
132
52
200
74
16
67
170
144
40
192
72
56
8
53
174
244
112
129
110
27
172
24
3
112
29
28
81
17
163
51
185
104
150
40
226
61
55
117
80
52
53
45
120
228
94
235
48
109
41
217
103
242
228
207
108
112
242
20
190
156
173
167
153
252
30
112
153
120
76
222
191
204
52
17
221
188
64
155
158
102
226
192
92
170
61
180
74
98
189
7
85
172
166
65
206
238
134
109
176
211
117
25
22
228
74
92
35
82
0
127
21
68
215
76
176
103
198
20
100
64
136
160
18
238
221
225
73
194
42
128
56
208
37
20
254
78
50
129
212
19
216
153
191
204
6
228
76
129
165
87
135
104
30
151
73
16
242
57
184
88
6
32
184
227
239
35
109
232
220
206
193
72
87
43
202
194
81
78
185
143
193
62
239
14
173
51
216
255
215
63
170
135
54
34
16
194
103
93
91
200
53
254
162
99
126
184
253
253
26
190
181
192
149
4
242
201
231
7
171
85
221
80
39
84
113
89
186
44
251
125
104
53
184
189
123
232
26
235
180
109
85
205
225
211
140
67
88
231
96
0
247
229
204
99
157
127
14
32
232
254
76
223
158
74
58
217
53
63
222
26
175
118
243
246
110
186
63
0
66
232
149
207
29
28
162
159
174
56
71
230
16
2
65
16
154
1
10
4
3
38
2
41
130
0
193
4
19
68
2
36
133
2
38
129
99
64
23
129
104
16
0
128
64
146
22
80
32
1
8
34
96
96
138
56
225
148
20
116
78
17
128
16
0
32
8
170
139
19
115
50
53
80
112
0
234
147
85
24
6
189
160
93
24
178
27
48
67
174
75
4
17
102
247
36
145
192
46
161
111
34
146
227
46
18
41
193
117
90
172
152
53
99
13
34
225
81
202
42
73
130
80
144
95
64
147
16
4
44
160
206
227
17
50
182
31
20
21
132
57
196
203
142
217
160
221
164
247
41
227
43
142
210
180
123
170
137
73
105
107
14
213
78
209
79
87
23
32
5
134
18
18
215
18
83
8
16
237
238
2
52
60
48
55
63
156
119
177
27
201
52
245
147
93
144
24
17
200
1
37
69
113
65
250
5
5
0
0
1
0
4
70
36
0
133
0
0
61
4
7
128
40
1
96
192
34
192
34
68
0
128
64
48
12
9
65
148
16
16
170
0
8
1
192
16
130
24
135
64
0
228
78
17
36
24
0
32
24
154
9
48
98
59
156
72
6
38
216
0
2
5
132
0
135
32
118
36
36
82
5
25
37
16
2
108
72
65
96
208
32
192
243
72
40
132
68
40
128
49
200
93
48
65
168
21
40
0
64
84
0
24
14
196
36
229
79
24
172
25
1
242
28
156
73
8
114
19
176
72
87
32
250
0
1
128
144
0
132
8
2
4
238
3
64
130
72
48
7
4
88
36
3
130
36
192
75
72
18
131
6
16
0
17
65
71
16
82
40
0
104
106
2
96
32
36
41
162
20
181
107
17
168
24
5
224
25
156
0
17
19
51
181
64
83
0
234
239
223
206
247
127
122
217
154
61
255
126
251
174
251
228
239
227
213
61
255
237
206
165
63
111
223
163
55
127
27
50
127
242
109
116
251
115
127
249
244
210
94
58
63
218
23
243
111
137
173
30
5
248
31
159
77
16
246
51
189
92
86
34
185
17
0
5
0
8
143
35
118
176
44
86
5
76
37
25
2
236
200
67
96
208
35
192
179
72
40
164
204
64
0
49
104
221
32
65
168
83
42
128
104
216
20
24
142
196
48
225
111
153
172
24
1
240
29
156
73
24
242
51
188
88
23
32
250
58
52
113
34
23
101
41
125
198
74
240
48
125
10
178
119
251
180
99
81
49
146
251
28
148
185
127
169
82
222
119
232
77
174
175
159
174
52
45
94
40
65
118
169
70
117
52
244
190
52
216
140
226
148
100
113
136
176
197
248
191
143
40
54
118
39
113
146
83
138
2
75
66
64
129
48
245
226
164
82
242
145
2
84
139
52
17
71
150
130
224
13
2
172
148
32
130
4
22
186
8
120
3
84
128
203
20
65
240
28
225
14
145
38
128
14
34
24
91
75
16
114
19
149
24
86
234
73
28
58
33
165
54
185
172
120
201
186
250
51
241
22
233
67
243
140
231
217
233
20
73
220
133
92
225
161
4
68
165
222
104
40
124
190
125
126
161
69
105
85
115
63
78
167
30
89
168
247
40
7
226
159
111
64
6
99
151
212
111
14
96
22
3
199
1
154
0
136
6
9
3
67
33
138
128
3
4
11
9
1
32
5
10
36
66
65
68
215
17
45
2
40
0
1
134
22
209
138
0
8
98
2
32
42
40
225
23
24
117
50
82
136
48
32
1
1
116
162
1
2
16
49
0
81
113
106
2
1
0
128
5
128
4
9
0
0
2
4
0
4
33
1
8
8
0
144
192
32
64
67
64
144
128
4
16
0
1
64
7
48
211
160
48
72
72
64
96
16
20
33
68
20
181
111
16
172
24
5
178
25
88
1
2
34
23
177
8
83
36
74
186
48
113
34
21
96
45
72
198
42
248
51
101
6
130
83
251
166
39
81
33
130
73
28
132
221
123
169
82
190
227
236
72
174
175
191
40
60
37
87
40
64
50
233
70
113
52
244
232
54
80
0
96
182
100
113
132
176
133
218
188
199
240
18
5
7
132
24
0
47
36
119
32
4
6
0
64
213
188
3
192
104
67
96
82
32
80
147
72
40
132
128
64
4
48
64
194
6
82
170
1
42
1
64
24
50
24
135
84
112
39
78
24
36
8
0
112
29
25
8
16
226
19
180
72
82
38
232
67
69
0
154
1
10
4
3
39
64
45
130
0
201
4
15
77
19
32
196
2
166
208
35
64
85
145
104
16
0
128
1
146
52
17
160
1
72
2
96
32
138
56
161
21
20
245
78
17
128
16
4
32
24
154
137
17
227
49
53
16
112
0
234
13
39
116
36
153
168
32
99
32
72
194
53
212
101
128
64
226
8
131
96
225
44
129
115
86
24
0
133
104
6
40
193
90
38
85
186
1
122
73
68
205
64
24
130
72
5
226
79
8
36
24
4
226
28
12
9
8
242
19
177
8
7
32
104
103
205
171
56
21
102
125
222
149
206
233
184
3
143
151
175
139
108
115
71
50
131
244
7
95
235
134
5
83
56
32
137
224
12
150
187
146
52
1
253
58
106
50
168
254
122
5
238
91
172
126
145
65
61
180
16
176
162
107
250
126
212
42
243
129
198
4
10
133
80
133
156
32
70
40
142
40
61
39
45
77
100
33
180
96
194
29
96
64
117
25
32
189
2
2
1
156
68
153
64
1
0
13
40
39
2
58
177
21
208
116
224
16
24
20
4
145
130
194
12
186
128
36
4
20
195
6
66
18
59
17
38
0
72
0
43
194
0
251
53
96
66
200
176
127
130
7
208
65
10
161
134
142
157
229
201
130
138
162
92
0
44
101
190
77
50
137
196
169
84
17
139
76
35
190
76
168
164
65
128
240
30
4
65
0
114
3
176
40
6
32
8
186
243
243
187
208
0
165
238
194
128
248
187
117
210
135
120
246
134
35
86
75
169
71
150
206
137
97
169
195
140
224
184
190
46
68
190
92
48
5
244
170
90
177
75
88
23
145
196
155
172
201
195
114
30
21
65
68
240
1
248
24
70
226
93
63
49
125
40
21
122
53
94
224
2
207
54
109
37
142
113
227
172
131
84
35
96
65
118
228
204
96
153
122
38
98
168
28
68
157
222
32
58
89
85
44
208
26
225
116
81
102
108
216
62
34
18
232
53
118
77
24
182
189
174
24
23
247
82
63
241
253
56
21
58
61
74
240
2
205
116
111
229
164
121
242
164
7
116
97
84
17
119
198
142
224
153
106
44
104
232
186
204
134
190
42
58
145
245
78
218
30
200
240
83
231
78
248
62
136
66
224
21
124
125
60
182
151
190
56
214
254
89
3
205
142
220
35
157
220
3
61
255
53
200
154
169
52
14
141
89
32
107
134
103
194
123
125
215
151
54
89
35
53
107
215
48
49
40
82
105
250
112
112
190
57
47
183
20
245
107
153
168
24
5
240
29
156
76
17
243
51
189
88
87
0
251
61
52
117
34
152
160
35
88
226
64
198
54
228
35
169
81
242
229
131
96
225
100
11
212
164
152
120
141
98
12
233
233
31
68
21
158
0
250
1
84
157
193
28
2
97
133
194
69
153
52
40
38
96
20
12
73
60
50
27
136
8
7
100
210
3
16
0
34
29
162
42
22
64
10
0
69
32
0
0
1
110
78
1
192
192
34
65
87
64
24
172
140
82
0
161
96
197
44
85
186
19
40
41
116
120
76
16
11
212
117
182
79
153
172
24
5
240
29
156
65
16
178
51
188
88
87
32
234
207
173
226
61
21
96
60
198
64
169
249
189
98
206
135
234
169
40
35
215
109
143
231
23
71
79
209
163
195
46
162
3
237
44
69
186
90
52
233
252
122
92
48
43
220
81
183
238
217
174
90
5
240
31
16
65
146
243
55
177
24
118
32
74
88
42
183
52
8
227
36
118
209
184
194
135
210
165
155
10
255
137
227
67
244
13
75
215
219
107
180
230
72
196
162
198
207
0
97
180
29
172
233
108
120
28
50
167
253
113
55
239
185
172
40
211
240
29
24
65
6
250
23
177
90
87
65
106
196
169
230
21
16
200
180
215
40
161
175
251
206
247
134
75
169
73
35
231
79
239
115
243
71
95
149
123
104
12
162
34
223
60
71
186
82
56
249
116
124
28
56
175
213
116
247
111
153
172
24
1
240
29
152
73
26
243
51
181
120
115
32
234
178
248
223
15
54
67
221
190
210
129
253
249
127
34
150
250
255
134
118
179
65
137
103
134
173
207
245
251
235
255
214
110
253
109
36
254
222
49
235
245
123
223
237
47
188
54
189
108
187
166
203
199
248
26
20
77
92
243
58
120
57
93
98
255
239
41
226
52
17
98
44
198
68
173
249
177
114
206
130
74
171
40
99
215
105
143
231
7
22
107
144
161
66
140
226
129
207
44
103
186
24
60
233
124
104
124
52
171
205
113
183
110
25
174
88
1
240
28
24
65
42
179
23
177
24
115
32
106
18
1
137
154
2
5
92
39
199
134
61
128
17
132
21
34
5
70
64
13
2
32
192
131
24
129
134
8
1
136
16
40
64
44
33
186
10
8
2
64
50
226
181
43
6
52
37
110
19
32
243
130
32
24
52
16
129
34
42
216
73
4
66
226
214
41
218
23
216
202
92
134
74
35
43
62
146
198
134
122
107
3
32
195
207
165
195
75
78
87
183
47
130
46
147
98
215
36
69
186
2
124
235
86
112
88
44
43
213
28
181
47
145
172
24
5
240
25
28
75
16
115
49
57
88
113
32
234
64
58
85
131
252
155
134
113
238
59
10
71
205
21
248
225
247
199
221
40
192
0
8
220
171
84
44
14
140
203
25
94
81
101
95
25
72
243
141
134
21
212
66
62
69
238
108
145
132
85
212
32
175
239
143
155
212
76
2
12
68
13
32
180
54
177
209
190
16
192
248
68
66
140
1
245
52
98
180
240
122
146
0
99
7
40
231
7
172
139
102
73
67
170
240
41
86
38
45
158
2
119
75
220
131
192
148
74
42
20
105
62
193
36
114
116
32
18
52
105
152
114
42
169
89
47
35
163
122
117
121
62
255
161
89
47
214
96
213
61
125
202
164
92
254
150
86
84
123
186
177
39
182
186
226
89
211
249
252
172
138
173
36
254
238
113
195
253
27
203
213
75
200
117
173
78
229
166
211
143
104
26
212
97
248
178
255
219
187
14
178
157
60
55
117
240
52
183
41
127
244
222
192
53
109
169
145
71
250
236
203
108
240
66
212
191
204
184
166
157
126
84
120
248
120
78
254
191
148
182
17
117
220
68
26
142
98
225
66
222
170
61
252
56
226
188
142
93
172
190
67
206
254
198
111
179
57
247
125
108
54
117
249
126
244
158
208
253
109
25
244
253
250
244
207
111
116
114
180
254
173
186
102
153
127
94
124
185
252
108
190
159
214
54
217
253
223
206
219
158
242
227
128
126
174
61
126
13
234
189
135
85
176
182
99
206
255
223
46
179
5
98
65
42
17
72
36
78
192
8
170
49
96
7
204
162
107
8
135
64
193
34
41
134
65
13
5
129
3
10
33
64
216
36
101
186
1
50
129
244
235
84
56
35
68
115
54
110
168
36
88
4
224
29
5
9
132
226
7
176
8
70
32
40
243
84
16
54
221
128
14
8
6
35
33
106
164
75
4
21
102
215
4
80
202
174
137
108
70
158
235
43
146
40
225
53
18
165
28
155
66
112
35
214
67
74
8
73
192
24
220
21
128
165
16
4
108
146
140
107
16
50
49
28
28
86
48
57
5
5
45
152
0
5
1
126
128
70
5
4
81
72
49
6
128
124
67
96
208
32
80
131
88
168
132
8
64
128
48
73
198
36
5
170
2
104
1
92
16
64
20
14
80
48
129
78
25
44
24
5
112
24
28
65
24
162
59
153
72
86
34
251
205
222
247
249
253
178
167
250
56
249
234
127
230
221
203
41
226
205
239
106
252
165
142
243
70
126
185
166
220
6
35
223
255
34
213
176
117
58
237
229
254
94
26
150
213
163
211
207
184
189
28
1
240
189
159
73
6
242
23
159
90
87
38
121
1
129
138
27
1
82
140
214
192
138
168
128
32
69
131
43
11
32
162
131
65
34
117
135
64
103
135
0
1
12
0
82
236
14
71
160
16
32
107
32
114
110
48
174
150
112
149
106
57
172
24
1
145
25
220
64
146
227
38
53
40
113
97
98
82
217
154
222
7
75
92
166
27
194
61
156
16
198
15
250
13
86
48
15
6
185
198
3
41
199
178
105
83
107
150
41
151
22
177
234
6
75
250
113
50
191
165
97
55
158
117
110
215
168
123
213
184
25
180
202
209
163
104
123
89
105
135
227
63
53
253
252
63
167
121
126
181
124
212
53
125
120
177
85
252
254
195
114
241
127
210
115
172
170
226
223
120
117
253
239
223
112
151
188
247
120
89
117
93
205
223
14
224
133
227
79
185
182
153
13
242
28
158
93
62
178
255
155
219
143
174
223
174
226
231
169
222
176
160
201
96
113
192
126
237
115
167
73
194
41
11
240
225
69
27
116
86
152
24
147
239
156
41
195
149
228
86
154
88
114
5
62
142
83
24
156
81
209
194
129
24
109
136
8
83
21
203
25
40
228
129
148
200
211
110
89
195
201
18
27
193
66
142
128
10
131
41
206
130
196
71
187
5
3
60
135
14
161
36
8
65
215
187
110
129
34
130
18
242
151
73
73
16
12
238
226
34
104
44
105
183
94
188
52
205
138
48
119
157
99
100
234
209
157
16
49
20
112
209
42
59
52
217
46
50
132
60
69
82
238
5
181
116
6
163
82
126
162
0
192
201
1
87
133
148
136
236
205
67
45
253
96
165
36
36
190
187
112
1
125
18
202
21
8
242
84
131
78
153
46
74
7
48
24
48
65
150
179
59
152
56
2
98
225
223
189
202
113
127
186
216
78
26
171
183
254
242
194
166
123
224
149
63
215
143
55
227
91
39
194
226
47
82
45
160
106
247
166
220
187
114
127
235
246
210
222
56
105
211
31
177
127
217
174
24
5
240
29
253
105
16
242
51
191
88
87
178
251
53
166
213
11
216
184
166
125
216
49
110
127
224
87
143
96
98
197
137
96
201
37
75
213
234
200
44
175
198
9
33
110
255
39
85
186
81
187
45
246
251
86
24
135
85
179
253
199
153
44
9
32
240
29
159
73
20
250
51
172
88
87
34
249
54
39
113
176
17
138
0
75
66
64
151
48
244
243
136
82
242
129
34
84
131
36
65
71
148
144
193
141
34
172
192
41
18
4
68
186
8
120
1
92
164
209
57
193
97
133
245
78
147
166
129
78
50
24
91
9
40
114
19
177
8
7
224
74
112
53
251
146
16
135
80
119
66
230
5
52
119
194
179
86
118
162
66
71
155
181
87
135
152
34
230
13
2
156
220
33
111
6
6
190
128
122
67
222
144
65
4
130
176
124
129
14
151
44
168
127
50
24
80
83
56
59
91
177
25
176
107
235
5
6
0
0
136
4
34
69
32
70
0
4
0
1
33
1
0
104
1
96
8
128
28
0
68
128
8
0
128
4
9
1
96
4
80
138
0
96
5
130
128
0
24
128
64
72
64
128
16
12
16
36
1
88
4
0
144
0
1
20
72
82
34
161
191
240
121
40
29
56
125
74
208
42
236
254
231
135
196
123
242
133
151
81
97
196
9
92
230
204
234
139
211
47
99
248
178
132
156
255
34
191
129
245
74
206
26
104
246
87
166
93
251
62
48
54
232
181
109
105
20
176
191
174
60
86
246
17
45
190
111
105
191
249
171
253
185
250
202
191
224
28
235
229
233
253
219
90
253
51
94
216
37
124
122
231
92
87
47
255
109
57
253
235
255
255
237
53
249
84
122
190
71
231
62
113
188
127
94
13
219
255
207
64
150
192
239
191
207
15
174
22
34
20
8
130
23
145
0
11
70
66
4
32
48
18
33
85
68
50
0
144
193
48
81
67
0
128
192
9
18
24
145
97
135
36
147
170
90
72
1
80
32
65
20
9
80
20
224
79
17
172
24
4
178
25
216
81
16
50
51
156
24
147
108
75
65
6
20
7
200
206
134
160
42
69
10
71
128
61
73
164
111
195
13
36
72
3
138
96
74
92
28
108
180
10
3
21
84
37
81
144
80
2
13
76
5
20
8
166
77
136
252
36
129
5
80
32
176
10
136
203
0
120
34
36
64
71
32
248
167
165
109
40
21
96
241
206
241
132
237
176
108
59
135
103
130
44
3
115
49
226
116
54
116
169
133
145
123
61
33
72
189
76
164
254
186
56
49
189
126
234
58
161
240
113
83
104
57
174
42
11
88
24
116
12
60
162
63
156
42
150
108
219
188
43
125
196
186
221
209
115
254
85
23
87
223
123
248
228
250
212
102
41
151
124
128
227
63
178
53
59
172
223
86
125
86
102
125
218
198
123
251
94
149
213
205
23
136
134
248
47
135
165
215
140
186
31
135
77
40
118
120
109
73
13
32
255
133
239
71
233
144
56
165
218
169
95
40
202
3
155
230
233
131
124
173
105
14
196
44
56
71
207
3
35
221
10
50
25
240
70
220
219
64
244
53
180
246
110
58
63
90
146
92
144
72
61
118
52
73
159
135
12
144
232
33
14
92
86
35
185
102
55
241
18
209
128
1
75
194
1
129
50
243
194
162
83
242
133
2
84
11
165
83
199
150
130
224
13
130
188
0
8
10
44
6
158
8
56
3
212
132
66
16
137
192
77
129
15
16
166
0
10
114
24
93
73
0
114
17
157
8
86
224
89
172
38
101
164
48
120
37
79
224
80
238
55
105
53
130
97
139
140
35
104
113
128
81
244
84
157
145
177
238
142
34
200
28
36
87
186
72
56
105
20
125
208
56
183
68
129
246
108
25
165
141
8
208
30
158
9
16
224
17
157
72
7
36
90
4
10
131
217
8
92
164
199
9
160
10
142
208
180
219
138
137
72
161
106
142
132
78
153
79
93
21
160
133
134
50
86
81
146
97
8
16
238
236
2
36
52
104
54
47
132
126
177
89
73
100
244
147
95
160
40
129
72
1
101
69
65
65
246
24
2
4
194
42
149
132
49
38
112
18
65
157
112
48
4
20
210
196
42
208
112
128
243
24
18
129
82
60
208
21
203
151
80
210
32
213
200
50
65
196
23
195
7
160
132
209
75
18
201
137
15
54
8
155
89
7
83
82
149
67
91
76
126
54
49
249
54
19
128
21
75
194
0
151
54
245
246
130
82
242
133
66
84
3
55
67
199
134
144
240
137
34
172
68
168
30
44
7
158
10
56
65
84
8
193
21
33
229
109
165
15
147
166
137
74
98
24
94
89
8
114
17
153
56
23
228
90
150
209
91
199
183
144
217
136
22
209
53
250
135
90
179
121
98
214
28
43
2
44
166
96
44
130
34
11
150
41
20
63
182
230
188
218
98
123
3
151
147
202
136
92
138
134
201
22
193
61
86
37
56
130
167
107
16
112
56
14
93
28
38
185
9
197
239
72
34
145
217
110
176
158
148
132
92
61
37
10
136
56
130
187
240
112
68
243
60
32
130
148
109
213
61
91
255
88
9
40
94
104
90
40
86
43
93
44
150
180
193
107
59
40
10
71
178
24
92
12
63
198
62
221
195
219
74
243
248
10
183
181
0
103
172
247
217
188
194
135
211
164
27
138
255
137
227
67
244
133
71
215
219
107
188
226
72
196
162
206
207
32
97
52
53
44
232
104
120
92
51
167
255
49
183
237
185
168
40
147
240
29
28
65
6
242
23
241
90
87
0
122
141
240
77
41
150
233
163
248
249
157
198
191
236
1
239
227
224
236
195
241
105
192
79
212
229
40
124
209
249
71
235
179
253
104
245
244
127
59
137
245
222
92
30
30
82
115
106
117
184
60
8
39
208
191
76
109
62
176
15
188
156
198
102
203
246
55
241
150
145
128
1
73
226
97
129
50
247
194
162
83
242
133
2
85
11
165
83
71
150
130
240
13
2
184
64
40
10
36
6
190
136
120
3
86
4
66
20
137
129
92
129
15
16
174
0
15
114
24
92
73
0
50
17
157
24
84
232
91
1
4
136
144
0
132
8
2
0
238
3
128
130
128
48
3
12
105
160
3
134
36
88
75
73
22
131
38
16
2
17
67
71
146
211
32
16
200
234
2
96
32
36
41
183
20
53
107
17
200
56
5
180
25
60
0
19
3
50
181
64
113
65
234
129
200
142
10
0
90
132
134
43
130
44
202
26
53
78
170
205
34
32
173
4
196
96
224
113
85
29
104
33
138
2
64
156
0
67
192
82
8
234
40
114
30
40
37
149
114
116
236
145
168
8
1
144
13
216
74
16
208
48
60
80
81
64
218
1
205
138
26
1
66
208
190
145
152
4
133
2
144
7
171
8
0
128
31
4
15
228
131
97
34
0
4
17
8
8
82
236
34
33
176
82
10
74
160
211
62
32
38
26
114
1
234
57
40
122
5
145
24
156
2
17
226
46
61
64
68
2
219
129
206
8
10
1
24
164
138
32
16
36
202
32
59
110
141
10
32
165
41
64
194
60
96
113
145
25
32
191
0
0
16
144
64
64
192
33
0
37
168
231
182
56
149
16
210
80
192
65
33
118
20
29
7
227
12
16
192
36
44
68
81
2
89
8
3
5
197
34
213
137
48
132
156
122
69
153
124
17
32
148
92
194
34
224
58
192
211
8
62
5
160
12
194
53
219
118
120
75
32
93
40
232
8
109
53
179
47
196
32
181
111
58
152
153
3
242
12
156
80
39
66
18
129
96
159
32
122
3
134
8
11
201
218
134
0
42
16
14
206
144
61
109
161
77
179
128
128
196
115
91
96
65
85
25
38
54
10
131
67
151
128
83
32
112
74
238
32
96
29
40
37
21
84
245
99
145
200
8
5
180
5
216
203
51
82
50
165
80
83
36
90
57
221
252
254
47
189
250
113
121
254
212
205
252
120
109
76
166
217
153
251
246
125
195
123
109
42
226
150
126
117
253
239
223
102
16
48
247
123
240
113
218
255
219
78
240
151
195
79
153
170
26
69
248
29
159
77
23
243
127
191
83
63
163
251
0
204
140
152
32
220
92
7
57
238
37
200
146
161
60
11
13
88
32
171
134
101
202
107
73
87
147
38
17
3
17
67
215
16
113
40
18
232
234
34
112
62
40
45
183
20
117
107
153
200
56
5
244
29
188
12
17
211
51
189
80
83
0
234
1
142
130
11
1
64
132
134
11
128
42
198
0
5
11
161
201
32
161
128
64
0
78
64
65
85
25
32
16
10
2
16
148
0
81
128
16
8
109
32
32
20
40
35
21
80
52
228
16
136
56
4
144
9
136
2
2
0
2
37
0
81
0
74
18
3
129
214
12
228
141
57
132
250
120
65
129
68
16
36
21
78
225
3
208
46
194
203
88
143
167
226
0
146
33
202
71
58
203
32
253
40
106
225
108
100
179
239
196
48
181
107
58
136
152
67
246
8
28
81
5
18
87
147
98
87
73
126
203
203
142
205
231
219
222
176
60
159
53
203
158
121
127
137
13
219
124
175
68
119
198
112
41
127
157
118
253
67
182
51
215
113
89
97
83
89
248
33
243
31
58
63
213
156
247
111
157
137
28
5
249
109
153
203
19
215
50
189
80
91
0
251
69
205
12
88
96
158
86
64
41
69
47
202
152
125
108
42
129
105
60
103
14
101
82
98
93
215
149
60
32
38
18
1
146
20
65
138
0
72
250
42
52
189
56
37
181
24
245
47
145
136
32
13
209
93
154
14
57
207
49
189
80
211
97
250
75
138
142
223
239
219
218
180
60
255
30
207
154
124
123
172
141
209
56
191
204
119
198
113
43
71
152
54
125
67
23
35
247
33
81
113
119
91
236
96
240
93
122
62
213
158
253
123
157
136
28
5
245
125
157
203
83
246
59
189
80
87
18
250
120
223
238
222
119
31
93
51
119
116
53
219
191
251
252
78
242
247
124
111
215
111
209
119
91
126
167
63
122
154
116
105
210
39
86
186
210
120
251
124
242
255
185
239
217
52
245
111
153
164
24
77
240
29
159
73
17
246
115
191
90
119
163
251
34
7
160
214
13
196
12
15
166
232
40
65
3
72
48
23
61
118
96
3
210
46
120
75
80
131
167
98
18
176
17
70
7
186
51
48
241
8
106
64
96
32
34
235
132
84
181
107
24
168
152
9
246
8
188
81
17
50
115
151
66
87
9
122
116
39
241
52
81
34
32
123
128
64
195
50
227
193
130
70
226
13
3
84
19
7
192
215
86
138
232
141
80
12
32
136
78
37
84
186
0
56
1
212
140
64
16
142
201
45
129
79
24
38
24
0
112
28
157
73
0
50
19
152
8
22
32
88
32
207
101
204
36
156
213
113
47
84
63
201
205
113
92
132
132
196
78
41
214
104
144
243
121
55
5
54
44
156
17
73
214
112
82
24
202
58
186
161
247
190
41
183
180
162
245
79
129
177
141
11
112
29
155
12
49
210
114
141
82
87
44
249
132
234
199
203
255
249
130
252
189
185
146
253
171
18
253
233
138
213
204
56
196
81
174
249
43
144
24
39
189
75
31
94
189
225
221
17
116
211
239
39
199
63
74
22
25
134
120
241
166
93
205
165
151
231
143
170
70
204
134
14
209
77
54
93
118
35
241
52
17
128
5
75
194
0
145
50
231
241
130
82
242
133
99
85
11
165
83
199
212
154
240
169
34
188
64
136
142
44
71
190
136
56
65
92
44
80
48
163
197
121
181
47
144
166
137
10
114
24
92
73
40
114
17
185
56
87
224
90
133
204
8
8
1
72
0
15
57
66
6
204
2
11
238
175
8
52
132
9
4
210
248
32
97
145
16
2
49
11
3
65
144
128
241
64
2
203
137
178
210
183
44
1
18
22
96
224
17
32
50
20
141
5
231
12
152
0
40
108
1
21
14
203
196
2
3
161
221
96
162
220
132
161
160
2
65
129
131
3
11
76
15
64
8
128
174
24
78
153
25
33
144
10
35
30
112
135
181
91
0
180
37
6
37
96
0
146
74
136
8
144
72
21
116
48
17
250
164
42
128
40
1
12
76
70
52
48
74
11
130
176
66
67
40
199
4
202
11
6
19
196
59
227
141
89
97
70
14
149
68
3
14
213
147
0
128
194
54
144
98
18
211
169
17
100
76
64
32
33
52
104
79
12
39
238
92
136
16
149
211
93
20
80
129
40
1
177
13
80
81
34
2
1
8
26
1
2
4
3
2
34
41
128
0
129
4
2
4
2
32
145
130
36
193
3
64
5
129
4
0
32
128
64
146
16
16
32
33
8
34
96
34
170
40
97
148
20
181
79
19
194
24
4
36
8
120
138
3
35
50
49
0
112
64
74
157
250
117
76
50
249
33
112
235
21
135
254
221
60
254
193
187
244
206
105
37
82
67
244
173
60
21
185
60
78
87
8
220
76
237
158
64
250
233
61
189
221
123
55
183
230
60
45
160
181
165
38
162
159
159
12
36
242
16
109
121
207
100
250
29
58
113
36
182
185
45
124
201
63
250
115
225
4
250
195
179
252
195
73
233
16
66
220
141
169
236
163
92
68
117
140
77
40
254
188
125
250
161
133
237
85
119
63
230
231
158
81
184
182
44
38
226
159
31
16
134
50
151
228
239
142
100
118
67
69
136
154
1
2
12
2
35
98
41
128
0
129
4
11
5
3
32
133
0
133
193
35
64
69
129
108
17
32
128
65
146
16
16
32
1
72
34
96
34
138
56
41
149
20
213
78
17
136
24
4
36
88
248
138
27
35
51
21
16
112
0
235
35
133
44
56
4
164
209
49
176
222
84
197
8
105
1
5
12
108
129
179
244
98
80
227
112
58
6
144
120
17
33
99
207
122
145
32
255
8
120
33
248
188
58
138
208
113
211
107
57
152
26
9
248
13
92
12
63
130
127
187
2
147
78
235
9
133
45
73
34
213
217
108
176
222
149
68
92
125
33
0
12
56
130
42
240
112
84
243
60
178
0
144
108
213
21
91
223
80
9
8
222
107
218
40
212
61
93
4
240
164
209
107
27
138
11
79
184
25
220
76
61
194
62
141
67
155
106
251
65
10
142
145
107
215
6
132
60
255
10
141
146
188
59
174
1
89
57
175
200
135
206
49
73
64
136
38
16
0
17
67
241
33
81
33
83
74
164
224
80
52
56
46
213
142
65
227
29
136
28
5
213
93
156
138
19
234
51
188
72
86
0
250
1
205
138
26
1
66
213
142
144
132
12
197
2
141
5
47
9
32
0
3
150
46
116
67
113
54
4
2
1
10
0
83
239
42
33
48
18
10
74
40
83
62
32
166
156
112
1
234
17
40
122
9
145
8
152
2
49
194
34
61
0
213
2
203
195
217
154
95
65
66
222
134
2
162
45
140
2
199
7
59
13
35
60
151
14
173
37
3
194
215
251
108
131
42
194
51
178
23
145
65
19
5
94
235
34
106
164
104
191
24
165
190
85
138
114
211
157
106
112
227
217
189
104
51
20
240
211
161
69
69
138
24
0
2
36
7
33
162
33
128
16
160
37
11
0
40
33
197
11
129
85
131
80
1
141
132
1
132
32
64
224
4
6
171
1
44
5
72
50
106
60
41
18
92
2
206
25
168
48
5
81
24
116
8
144
226
1
148
8
82
96
227
199
195
8
24
0
18
6
0
3
3
33
138
128
131
6
11
9
65
36
69
10
165
64
66
68
215
147
45
16
40
0
0
146
22
148
139
0
8
71
2
32
42
40
233
23
24
117
54
82
136
48
96
1
81
100
170
17
8
16
23
12
113
113
34
9
131
143
216
34
147
153
126
177
158
144
132
89
44
33
66
128
56
194
59
224
116
68
243
12
32
130
148
40
196
61
75
255
80
137
40
126
106
18
40
84
43
95
44
178
180
193
107
63
42
24
71
178
25
220
28
47
195
23
221
225
219
66
115
16
18
20
134
169
136
150
48
42
49
23
65
140
113
64
0
100
195
4
33
192
96
170
96
104
18
129
126
60
9
129
110
223
116
80
16
68
136
162
195
213
22
9
135
160
0
216
15
129
193
25
1
52
8
155
75
9
83
50
12
64
23
36
220
192
203
71
193
244
58
6
248
44
19
59
202
203
241
84
169
129
213
60
109
14
204
160
112
79
215
27
56
181
10
18
25
210
87
216
203
64
117
254
131
39
58
185
117
157
142
252
148
70
145
21
176
75
247
135
190
193
204
0
70
68
92
21
56
134
241
219
215
180
144
216
136
66
131
37
120
130
210
161
121
98
214
4
15
10
12
166
65
46
130
162
41
23
40
16
58
54
38
28
218
66
117
3
214
131
74
8
88
154
14
201
150
65
45
86
37
56
144
181
107
144
114
48
28
92
20
34
185
10
3
0
214
47
149
0
11
166
112
0
65
25
120
48
5
60
182
64
59
194
62
88
99
16
146
135
18
60
240
21
70
151
186
66
48
112
72
114
96
100
33
100
71
128
196
209
75
48
136
152
13
182
8
158
89
17
114
114
151
67
95
133
90
60
62
119
164
19
105
161
239
228
192
195
54
117
48
235
246
250
156
195
64
49
144
85
150
149
152
240
137
226
206
62
248
76
4
103
158
16
114
201
84
141
85
84
6
96
229
226
108
152
46
225
29
242
31
212
73
0
242
17
173
25
79
34
91
192
171
135
87
104
215
128
167
203
189
18
207
211
245
27
138
15
131
248
47
222
13
79
207
219
115
158
166
44
138
18
78
215
43
99
49
92
140
254
42
116
60
161
182
157
124
57
235
189
200
169
211
181
77
24
202
71
126
18
117
112
117
65
254
135
4
8
0
5
0
12
80
1
227
9
134
128
5
6
35
1
76
4
1
8
132
72
72
100
212
24
0
16
43
11
1
16
144
184
74
0
237
2
131
0
160
8
168
38
24
108
177
64
16
48
52
9
210
36
46
152
0
56
72
4
20
6
162
243
84
83
183
221
2
11
140
74
105
48
123
166
202
130
113
98
215
29
70
74
169
175
40
14
138
234
43
211
41
33
63
113
167
52
251
114
117
5
214
195
66
8
90
200
30
200
21
137
36
82
37
108
186
133
235
208
184
33
28
92
70
50
185
64
10
131
212
104
207
166
102
148
188
94
5
17
116
25
0
175
81
227
34
196
47
202
215
89
222
148
6
0
130
17
206
215
42
65
48
84
138
232
108
120
52
161
38
197
164
181
107
185
172
153
1
240
29
156
73
1
98
51
189
72
71
33
254
143
42
115
41
17
120
161
206
104
164
239
54
96
63
203
243
203
40
3
96
101
192
101
52
69
141
145
137
227
38
35
211
176
4
85
250
49
50
201
92
174
92
56
48
116
147
230
108
153
172
76
5
208
31
180
73
56
224
1
188
88
86
32
88
44
54
125
5
54
253
176
253
217
240
142
53
97
22
233
231
251
196
195
9
209
16
93
148
165
60
212
129
84
95
31
246
109
12
247
254
220
251
201
85
217
85
82
182
36
231
40
105
168
63
239
47
250
159
154
64
22
34
143
236
107
15
108
218
190
61
243
134
55
45
221
191
223
92
223
115
115
78
250
213
243
214
66
19
85
62
208
70
191
142
246
9
150
248
92
168
38
44
254
254
254
126
131
213
217
213
215
106
140
38
149
76
230
180
219
141
50
23
157
81
32
50
122
123
111
13
44
248
243
84
16
55
221
128
30
136
6
41
49
123
166
75
4
21
102
215
20
86
202
170
171
108
70
138
235
47
146
41
225
63
114
165
20
251
99
113
39
247
67
74
8
75
192
24
216
21
136
164
80
5
108
186
141
235
16
178
49
30
28
86
48
185
215
233
242
125
49
66
244
198
2
161
165
251
66
154
134
218
235
145
63
207
15
141
231
18
13
91
249
107
83
44
162
39
151
37
52
250
82
121
225
244
115
90
56
63
217
28
159
44
153
172
94
5
112
30
144
65
16
243
49
189
88
87
34
251
190
49
255
118
55
113
216
251
211
152
213
247
127
178
131
114
250
150
103
95
3
156
229
215
172
154
242
153
110
110
246
184
122
108
61
222
94
124
89
213
89
193
191
94
138
165
65
238
107
191
103
215
248
26
252
77
132
114
61
219
125
29
228
155
61
244
109
172
60
124
189
252
252
126
220
191
205
47
159
101
51
236
195
104
240
66
210
252
189
172
164
145
253
19
99
239
109
120
191
254
255
187
153
61
127
204
27
190
246
179
238
121
58
180
255
171
200
158
30
20
172
162
127
202
254
134
110
180
5
46
149
32
8
248
160
116
9
184
194
5
64
21
137
162
137
72
129
98
228
33
74
211
201
92
128
196
8
6
35
66
95
16
81
32
53
170
232
32
108
20
58
167
101
161
119
107
186
232
41
3
240
29
24
72
6
194
23
161
72
67
101
106
80
10
135
92
104
219
162
102
148
184
82
21
145
117
25
32
175
137
235
34
196
47
202
247
73
223
148
38
44
130
19
206
215
34
65
48
84
184
232
100
124
60
177
39
229
164
181
107
187
172
153
1
240
29
156
73
5
242
19
189
120
71
33
254
1
22
12
2
5
184
4
16
98
16
6
64
44
17
4
1
68
234
1
144
192
96
1
240
224
16
65
200
60
4
129
96
156
104
208
4
75
8
0
65
244
150
26
135
80
225
246
77
176
179
9
4
112
9
203
9
62
19
22
148
16
19
100
73
129
138
6
97
233
248
162
216
56
185
110
77
130
49
72
161
9
8
173
9
204
64
46
248
99
93
25
162
252
3
35
86
189
211
249
32
117
131
236
162
237
52
106
55
76
227
126
241
168
81
111
48
221
231
203
172
23
204
134
164
192
19
197
92
80
10
150
151
104
215
130
183
26
252
86
7
146
180
27
130
109
195
248
47
220
5
206
201
219
112
156
102
0
195
146
126
95
49
97
33
85
206
238
72
240
20
161
38
47
172
89
227
159
200
41
179
181
77
152
202
71
79
26
113
64
5
0
246
38
13
192
214
17
142
65
11
6
64
23
118
179
74
216
68
162
17
36
66
199
46
129
99
91
214
147
13
18
138
0
73
198
38
85
186
82
88
235
124
112
124
176
239
213
20
245
111
153
172
24
1
240
29
156
65
16
242
115
191
88
119
161
250
191
63
255
214
62
85
217
190
246
244
55
21
31
250
179
246
123
246
104
42
84
250
230
54
186
163
180
57
190
217
86
107
245
108
21
254
222
81
251
253
244
221
239
31
136
134
241
110
151
173
223
141
186
27
158
93
56
118
122
93
219
156
44
252
60
54
113
33
152
48
161
201
224
48
194
118
245
49
129
80
242
132
135
96
225
68
25
212
214
152
124
139
238
142
105
250
16
196
69
190
120
178
9
94
204
80
24
148
64
193
194
69
185
45
129
42
240
20
78
105
4
240
151
140
72
23
104
89
242
57
219
151
20
64
92
206
74
163
169
254
231
198
162
123
251
199
36
83
15
165
99
14
199
215
243
43
130
42
194
42
71
36
87
159
10
124
235
86
32
72
32
105
151
28
181
63
209
172
16
3
160
25
52
99
144
50
48
61
28
85
32
250
5
6
0
32
200
0
34
64
32
102
2
6
64
1
1
1
0
104
1
96
200
128
8
8
76
8
8
0
128
4
33
83
113
0
80
10
0
224
5
2
132
0
24
130
64
0
66
1
24
12
16
36
1
88
4
8
144
64
1
148
76
70
32
161
32
134
32
222
43
157
8
9
46
120
2
65
145
120
60
5
36
178
192
146
212
58
90
107
17
18
130
6
20
208
21
70
207
58
66
48
208
202
162
42
197
63
64
143
144
228
129
75
176
192
152
13
38
9
159
1
19
114
214
181
82
127
138
123
166
202
111
197
253
222
215
249
156
81
62
95
139
85
92
173
9
197
252
45
212
77
138
113
111
215
25
55
188
59
3
31
150
243
249
81
230
155
254
55
113
180
171
247
141
138
252
177
198
145
133
184
157
231
175
174
113
76
248
111
194
13
21
158
5
5
169
144
0
7
33
119
0
70
1
4
80
72
177
6
192
104
65
98
208
32
80
131
88
40
132
8
64
140
48
65
70
4
21
170
18
104
65
92
16
64
20
142
64
48
129
78
25
44
24
5
240
24
28
65
16
242
51
185
72
22
32
234
59
17
245
166
55
37
61
126
198
68
241
48
125
8
147
86
254
244
67
112
50
211
230
54
156
169
228
153
242
208
116
169
101
108
188
158
198
112
1
221
29
193
215
14
202
33
193
12
158
180
223
141
98
158
148
85
232
178
121
218
255
142
44
244
54
51
241
150
17
128
5
75
226
0
131
50
253
243
160
82
242
133
2
84
11
100
83
199
148
144
240
157
34
172
68
40
30
44
6
158
8
56
1
92
36
193
52
1
225
77
165
15
145
166
129
74
34
24
94
89
40
114
17
153
56
23
224
90
45
254
101
169
189
249
161
124
252
219
210
253
109
61
205
229
139
236
203
120
245
64
238
248
101
56
88
147
125
71
43
223
221
96
221
186
118
242
153
53
221
84
26
158
82
163
106
241
184
63
94
0
193
189
207
12
190
228
167
172
206
215
38
23
62
53
241
50
19
128
33
79
226
32
133
54
253
242
163
82
250
133
2
80
131
117
83
199
148
128
240
153
34
188
76
232
15
12
7
190
136
56
17
86
12
65
28
192
97
101
161
79
209
46
137
78
50
24
124
93
56
50
215
153
57
23
236
90
58
55
119
183
18
165
173
205
226
202
241
48
125
226
161
82
254
150
3
119
11
184
119
151
148
139
226
137
66
28
244
184
114
38
60
158
74
116
17
212
60
66
60
14
74
5
73
150
137
44
80
71
98
24
4
77
152
242
1
157
93
14
96
176
213
48
211
183
216
194
35
206
194
105
0
53
99
194
130
114
106
196
25
68
200
137
238
9
78
138
42
15
211
9
49
111
113
167
52
251
0
247
5
214
195
64
8
10
72
12
73
148
201
36
94
180
96
26
132
107
208
120
33
24
92
4
50
245
66
6
128
146
73
130
6
7
32
234
8
0
144
164
35
3
13
9
32
148
200
5
82
1
64
64
152
36
0
0
1
67
23
16
81
32
49
72
36
64
100
32
40
41
21
20
199
107
25
200
24
5
183
88
88
138
19
99
19
149
0
83
64
106
66
71
0
138
193
138
6
1
34
64
41
10
144
32
100
16
5
3
36
148
10
128
17
64
82
85
153
108
128
170
130
17
144
53
83
9
0
64
6
64
36
16
40
41
5
28
252
4
1
128
16
4
3
74
128
171
17
65
16
52
0
65
16
40
77
138
206
125
252
241
187
212
56
191
66
143
136
249
171
107
136
253
41
99
236
165
206
122
77
218
182
39
80
7
51
95
247
36
85
186
82
120
233
118
240
124
56
46
213
20
241
107
153
172
24
5
240
29
156
73
16
242
51
189
88
87
32
251
236
205
238
222
119
31
93
51
55
116
53
219
159
251
244
78
162
213
124
239
151
47
209
119
91
126
183
63
114
152
20
105
215
39
118
186
194
124
243
125
114
255
185
111
253
28
245
111
153
164
24
77
240
29
159
73
17
247
115
191
88
117
163
251
1
132
136
144
0
214
132
2
0
230
1
192
128
4
49
3
13
105
160
11
134
37
90
203
65
87
145
102
0
2
17
67
199
146
211
32
16
200
234
34
96
60
32
33
183
20
117
107
16
200
56
5
181
73
56
2
19
3
18
165
64
113
65
234
192
203
14
201
230
91
150
144
56
145
45
202
154
113
111
169
13
249
60
175
68
85
6
240
99
87
153
118
237
66
22
19
222
113
83
97
91
73
236
32
114
31
56
63
213
94
246
109
157
137
24
5
209
109
152
203
19
223
50
181
80
83
18
251
3
131
16
3
201
218
130
0
10
0
6
70
128
86
73
49
79
35
160
134
196
37
11
66
65
214
25
36
6
10
131
1
151
2
81
0
48
8
238
32
97
53
40
97
21
88
181
103
145
136
9
36
181
65
216
227
51
90
18
37
0
115
53
74
3
207
0
11
201
218
134
0
42
1
14
78
144
127
108
161
77
51
40
134
196
37
27
98
65
87
25
36
38
10
131
1
151
2
65
0
112
74
238
40
100
61
40
97
21
88
245
103
145
136
9
12
181
69
216
235
51
90
50
37
80
115
52
74
1
204
136
152
0
222
222
7
57
238
45
200
128
4
61
139
13
73
160
43
134
117
74
75
73
87
147
102
1
3
19
67
215
16
209
32
16
200
234
34
112
60
40
37
183
20
117
107
145
200
56
5
181
77
184
10
19
195
50
181
80
113
65
234
65
14
138
145
201
210
130
133
56
251
42
140
146
181
43
170
0
25
185
167
200
133
78
49
83
64
136
38
0
0
19
3
245
3
81
33
81
74
36
32
240
52
56
38
85
30
65
225
29
8
24
37
213
93
153
138
19
236
35
180
64
82
16
250
203
138
142
139
227
219
146
132
60
219
14
207
154
60
107
172
13
25
57
191
68
85
198
113
35
71
24
38
253
66
22
19
247
33
81
97
115
75
236
32
240
61
56
62
213
30
245
225
157
136
24
5
213
109
153
202
83
206
50
189
80
91
18
250
69
207
8
56
0
222
38
65
41
103
9
138
208
37
108
10
137
41
33
109
142
117
82
97
85
213
153
44
33
166
19
1
146
148
65
10
0
200
236
10
36
56
56
225
183
24
116
35
17
136
32
36
193
93
50
46
25
202
17
181
80
211
121
234
194
71
0
134
193
10
6
1
2
65
41
2
144
102
68
16
37
3
36
148
10
132
1
64
82
85
153
108
130
170
130
0
128
53
80
139
0
64
6
194
32
16
8
137
133
28
252
12
65
128
16
4
1
66
0
171
17
113
16
52
0
64
16
8
1
142
0
8
1
72
132
68
11
0
42
196
0
21
79
161
207
32
33
4
0
0
73
64
65
85
25
40
1
14
2
1
156
4
81
138
0
0
109
0
33
20
40
163
21
80
52
164
144
136
32
4
144
9
0
2
32
0
0
36
0
81
36
74
195
132
128
3
201
130
134
4
32
1
8
66
130
5
34
1
13
43
32
149
192
5
83
65
66
84
24
102
0
32
131
2
159
49
3
1
57
8
108
40
96
32
40
161
213
88
183
105
25
202
8
5
213
64
88
130
19
75
22
181
0
115
80
74
69
43
247
209
208
182
164
242
8
223
66
22
194
197
155
10
194
77
169
103
79
5
66
211
79
222
54
165
0
12
50
27
87
6
85
187
16
252
109
84
100
100
56
38
127
12
85
247
24
172
56
53
241
29
156
72
0
234
19
173
72
87
33
242
2
200
8
10
0
90
4
135
43
2
45
136
16
51
111
170
205
2
32
36
0
192
36
0
81
213
29
40
129
138
2
64
144
4
67
0
2
0
170
40
34
30
40
33
20
94
116
236
145
136
16
4
148
9
193
138
16
96
32
60
80
81
64
234
211
240
83
247
253
0
219
140
90
121
49
123
166
74
134
120
98
215
28
23
78
169
175
40
46
138
234
43
211
41
99
63
243
167
60
251
118
117
167
247
211
78
139
90
200
30
201
21
137
164
90
5
104
178
157
107
208
176
49
26
92
70
50
189
211
208
81
247
253
128
219
136
90
41
49
123
166
75
130
113
102
215
28
23
74
169
167
44
78
138
235
47
211
41
97
63
115
165
60
251
114
117
39
247
195
74
9
90
200
30
201
21
137
164
90
5
104
186
157
235
208
176
49
30
92
86
50
189
72
10
135
213
106
223
164
230
156
188
94
7
155
245
27
170
137
217
235
42
196
47
202
123
75
223
148
38
108
195
19
206
215
185
65
48
118
154
232
106
124
61
225
39
221
164
245
107
187
172
153
129
245
29
156
73
65
226
51
189
72
87
0
254
66
10
130
209
106
223
132
39
156
184
86
5
147
244
27
134
137
25
227
2
196
39
206
91
95
223
148
38
64
195
19
206
135
184
67
32
118
202
232
106
112
53
96
38
197
36
181
107
185
236
153
1
245
29
156
88
1
98
51
189
72
23
0
254
69
6
130
56
0
2
38
199
33
162
32
128
16
162
163
10
8
8
33
68
9
131
92
131
80
9
140
132
1
128
32
64
225
4
5
171
17
44
5
72
42
98
56
40
86
125
2
200
25
40
56
4
17
88
100
8
144
224
3
148
8
66
96
99
198
193
8
24
0
2
78
66
3
2
33
138
0
193
132
11
9
65
36
71
10
160
0
2
68
215
147
41
129
42
0
0
146
22
150
139
0
44
70
0
34
42
48
105
183
92
53
30
80
168
48
112
1
88
100
170
145
8
16
23
12
112
113
163
130
235
139
26
32
24
157
14
195
135
45
200
51
183
214
154
203
130
36
35
6
6
97
71
95
215
181
43
3
168
16
104
214
44
68
154
74
56
235
252
114
94
32
45
148
86
181
110
145
172
16
1
48
25
149
75
16
114
48
61
88
85
32
250
5
34
149
32
0
232
162
116
24
152
66
21
192
53
137
160
139
72
193
98
228
33
66
211
201
120
132
196
104
6
33
202
223
16
81
160
21
170
233
32
124
52
59
166
101
161
247
107
186
172
41
67
240
29
24
8
6
194
23
225
72
67
101
106
130
235
203
14
32
88
157
14
234
1
45
200
27
243
252
184
163
130
36
35
6
6
32
71
127
135
133
43
7
170
18
104
182
44
68
154
74
18
235
254
226
94
40
105
144
86
181
46
209
172
16
5
48
17
149
75
16
114
48
60
88
85
34
249
194
139
131
211
72
222
192
167
203
181
22
206
147
243
90
138
15
3
124
175
142
13
111
199
91
87
21
38
39
139
18
86
151
175
99
16
88
140
254
42
96
61
160
247
157
124
61
163
243
200
169
219
149
73
56
254
103
124
80
117
64
113
81
238
59
54
113
34
152
48
37
72
192
26
234
114
245
2
160
112
242
165
7
80
97
4
25
212
148
156
117
169
194
142
99
248
66
44
71
190
120
56
41
92
108
64
16
9
68
65
52
197
184
45
0
4
242
28
76
65
4
240
23
156
72
23
96
56
246
51
241
22
144
128
11
72
194
3
129
50
227
194
146
83
242
197
2
69
10
165
66
198
140
130
228
137
2
40
64
40
70
44
70
158
8
56
1
214
128
66
16
11
224
104
129
14
144
164
0
3
96
24
21
65
0
50
17
157
120
86
96
251
134
227
91
199
178
16
216
200
66
131
33
254
147
2
230
120
98
212
4
109
10
128
164
0
44
130
162
9
151
40
18
56
112
36
28
218
66
119
131
214
131
202
8
88
146
142
200
28
193
45
86
5
40
18
167
107
144
112
56
28
92
20
34
177
152
10
183
165
32
101
172
247
221
221
218
207
211
164
27
170
255
136
227
67
124
133
230
144
217
125
188
226
73
198
182
170
205
48
97
188
157
40
232
104
120
92
51
174
247
53
183
108
185
136
169
3
242
31
28
65
6
243
23
241
122
87
0
250
66
6
130
3
193
210
134
5
32
163
8
4
144
36
35
3
13
9
161
149
200
5
91
65
64
64
24
36
0
0
3
2
149
16
65
33
49
72
108
0
96
32
40
33
21
92
55
225
25
200
24
5
149
73
88
138
19
75
22
181
0
81
80
74
242
245
251
151
17
192
93
205
194
227
169
250
231
134
166
91
251
134
38
87
11
161
119
4
196
215
243
43
3
42
66
40
195
36
23
254
10
121
235
118
96
72
36
105
183
28
181
60
145
174
18
7
240
24
116
99
144
178
49
61
28
85
32
250
184
49
117
38
18
97
49
251
194
128
199
54
117
150
171
115
242
212
67
64
32
144
0
150
140
152
244
137
194
10
126
184
120
36
85
254
74
122
201
84
152
81
28
22
64
165
160
108
153
44
1
5
242
31
148
73
16
240
57
188
88
6
36
218
2
137
130
214
33
138
88
11
7
64
135
198
179
200
4
14
162
17
36
87
198
47
192
99
83
214
147
14
18
170
0
73
207
54
81
186
82
104
250
124
112
124
176
239
245
20
245
111
153
174
24
1
240
29
156
65
17
242
115
191
24
117
161
218
236
12
170
249
39
247
121
223
156
255
1
142
147
136
51
239
128
125
123
79
154
151
254
25
31
138
174
6
81
209
54
250
97
44
150
235
210
127
197
242
218
106
116
30
219
126
1
177
29
40
30
5
209
93
148
80
144
226
121
156
95
86
10
243
64
2
130
1
201
194
130
133
32
129
10
70
130
4
35
33
9
9
185
132
192
5
74
65
66
64
24
36
0
0
2
2
157
17
65
33
49
8
108
0
96
48
40
33
21
92
55
225
25
72
8
52
149
65
88
138
23
73
6
37
0
113
80
74
199
132
138
1
65
82
134
130
32
131
12
66
130
21
35
9
13
43
184
149
64
5
82
193
66
85
25
102
128
2
2
82
159
17
65
33
57
8
108
32
96
52
40
161
149
88
182
233
25
200
8
5
213
65
88
130
23
73
22
53
0
113
80
74
76
10
170
209
43
215
176
231
28
248
70
5
147
180
59
166
9
25
249
139
220
21
222
59
25
74
152
6
64
215
51
198
79
48
99
32
87
234
236
40
80
53
112
46
205
4
103
235
157
232
152
5
213
93
156
88
19
226
55
189
75
23
0
254
146
201
175
212
34
223
221
107
51
245
189
192
95
241
84
10
173
213
52
107
134
45
224
115
109
215
147
126
96
163
22
107
215
54
112
186
210
124
250
113
112
189
185
111
191
20
245
111
217
170
57
199
240
29
188
76
17
243
115
255
121
117
129
250
197
47
247
209
16
148
164
242
72
223
66
222
194
165
155
74
226
205
169
111
15
133
66
209
77
222
51
169
4
14
50
25
86
6
125
187
16
252
205
84
116
84
56
54
127
140
125
183
152
172
56
53
240
29
156
72
0
248
17
173
92
87
33
242
152
138
183
173
32
117
160
245
29
221
222
205
81
52
91
170
253
136
227
235
124
129
230
144
217
125
189
224
69
214
178
186
237
56
97
188
95
42
232
104
120
28
49
190
213
53
54
108
187
136
207
1
240
31
152
65
6
240
3
253
82
87
32
250
66
137
130
214
33
138
93
75
7
224
165
194
179
232
36
14
166
17
36
19
134
45
208
99
87
214
131
62
18
160
4
105
135
54
114
184
130
72
250
105
112
124
177
227
189
20
245
111
209
170
24
65
240
29
156
73
17
243
115
191
24
117
129
218
4
42
133
128
0
235
162
118
88
148
70
21
192
53
153
162
139
73
195
96
244
37
66
211
73
104
12
132
104
134
33
202
223
0
65
168
29
42
201
4
120
52
56
166
101
161
119
107
155
172
169
3
241
29
24
8
6
194
19
225
72
7
96
234
196
202
142
9
224
90
134
128
56
177
46
202
154
177
110
171
13
41
61
175
76
213
18
240
67
87
153
102
173
6
2
18
154
17
211
97
91
72
236
32
118
61
56
53
213
94
246
225
157
201
8
5
213
109
200
138
19
221
51
53
80
83
84
218
3
143
128
74
201
138
134
0
42
1
14
74
176
117
76
16
77
35
32
150
198
45
3
99
67
86
81
44
38
42
130
1
150
70
65
0
32
8
238
40
101
60
40
97
21
88
245
39
145
136
9
36
181
65
216
171
51
91
50
37
16
113
145
74
1
207
16
10
1
72
4
68
10
0
42
68
0
21
204
161
207
32
33
4
0
0
9
64
65
85
25
40
1
10
2
1
148
6
81
154
0
0
79
0
33
16
40
163
20
26
52
164
128
36
97
48
176
1
0
3
32
0
0
36
16
69
36
74
65
206
138
137
0
218
134
5
43
226
9
140
128
4
109
139
13
73
168
143
134
49
78
195
65
85
25
100
1
2
19
67
215
16
209
1
16
200
238
34
32
60
40
37
55
156
117
107
145
200
40
53
181
73
56
138
19
203
18
165
80
113
65
226
65
14
130
9
201
210
162
133
40
251
2
15
144
161
43
169
9
9
185
134
76
133
78
1
67
65
24
36
128
0
2
18
245
3
81
33
49
194
45
32
224
52
56
38
85
30
91
176
29
72
56
53
149
77
137
170
19
204
35
164
64
83
16
234
195
200
138
139
195
91
130
130
57
219
14
206
146
180
107
169
9
25
189
151
68
213
78
97
99
85
25
38
141
66
18
19
247
17
81
97
115
75
236
32
240
61
56
60
149
30
118
225
157
200
24
5
213
109
217
202
83
205
54
53
64
81
16
234
2
192
0
10
0
74
6
6
2
2
41
128
0
6
93
176
77
2
32
132
2
128
4
0
80
213
157
40
131
170
3
80
128
4
67
0
0
0
42
74
34
24
36
161
20
88
180
44
16
136
0
0
52
1
96
147
1
32
0
48
16
81
80
106
2
192
8
10
0
74
6
5
11
2
41
136
16
38
109
184
77
34
32
4
0
0
52
0
81
213
13
104
131
170
3
16
128
4
67
0
0
0
170
106
34
26
36
33
20
94
52
44
145
136
0
0
52
1
97
195
16
96
0
52
16
81
66
232
69
78
1
184
128
200
38
65
41
99
11
142
192
165
76
10
137
9
33
97
142
133
90
73
85
213
153
166
0
38
35
1
147
144
81
11
0
232
236
2
36
56
40
161
55
24
118
179
81
192
48
52
133
93
46
170
25
202
17
181
72
83
81
34
69
202
207
89
232
240
170
208
56
187
130
207
194
113
201
169
136
77
175
107
204
37
78
121
77
223
31
38
84
7
35
94
247
34
93
171
82
186
237
54
240
124
56
46
213
22
241
115
153
172
24
5
241
29
156
72
16
242
51
189
88
87
32
250
193
206
142
9
232
90
6
129
40
179
46
142
146
181
110
171
13
41
189
141
76
213
26
208
67
85
153
102
161
6
3
18
155
17
195
97
89
139
236
34
112
60
40
53
149
222
118
161
149
201
8
52
213
125
202
170
23
205
149
53
80
81
80
74
5
44
135
1
0
207
160
118
89
132
70
21
80
53
155
162
139
72
195
32
208
1
70
193
73
104
12
132
0
4
19
74
93
0
97
184
20
42
201
12
48
20
56
38
69
160
101
107
153
44
41
5
176
29
24
72
4
98
27
233
72
7
96
250
66
1
128
11
192
194
134
5
10
0
11
12
144
68
9
0
13
3
32
150
138
37
67
193
194
85
25
108
0
170
130
0
143
18
67
0
8
8
110
2
32
48
36
97
21
92
181
167
81
202
136
98
183
65
120
170
3
11
18
33
0
97
209
74
64
10
0
1
64
218
34
97
8
163
2
6
208
164
74
2
9
9
169
133
140
133
75
192
65
84
157
166
0
134
3
0
91
17
65
33
9
138
236
2
32
52
32
33
39
108
38
177
19
200
33
50
151
93
104
138
71
73
145
113
0
115
80
74
193
14
138
1
200
82
134
128
40
163
14
142
130
181
75
43
13
41
189
149
72
133
94
192
67
85
25
166
128
6
3
18
153
17
65
33
57
136
108
32
96
52
40
177
21
88
54
225
57
200
8
53
149
109
72
170
23
77
149
53
0
113
80
74
18
201
143
220
34
219
92
47
27
225
61
200
31
176
38
138
141
145
48
59
134
125
226
99
125
215
147
126
97
161
20
105
151
52
112
168
218
73
250
121
112
191
185
111
183
20
245
111
155
170
43
199
240
29
188
76
17
243
115
253
121
117
129
250
148
43
247
213
48
92
172
246
73
151
75
222
194
181
219
138
235
197
163
111
14
133
198
210
205
223
183
169
0
14
50
24
214
4
117
186
16
252
201
84
112
92
57
55
191
4
117
188
155
172
56
181
208
31
156
72
0
248
17
237
92
87
33
250
4
10
1
33
136
200
160
77
8
42
202
5
192
5
201
160
137
12
129
0
200
0
78
8
77
221
24
162
0
3
43
78
21
146
121
1
52
166
109
2
37
52
74
32
7
132
124
177
64
80
120
48
133
199
36
40
134
8
134
225
4
71
16
38
