posters/Movie Poster 36.jpg
512 : 777
356
-0.971022
-1
0
342
218
0.0032545
31
-156.595
-1
0
212
453
0.00819563
31
133.698
-1
0
260
476
0.00889948
31
-14.9729
-1
0
259
352
0.00333003
31
-155.794
-1
0
239
407
0.00395576
31
153.435
-1
0
158
411
0.00366029
31
-75.9638
-1
0
377
652
0.0070136
31
-11.9293
-1
0
303
407
0.00329224
31
118.768
-1
0
136
220
0.00343109
31
139.686
-1
0
169
220
0.0032793
31
-82.5284
-1
0
372
652
0.00572868
31
53.3929
-1
0
358
220
0.0041806
31
-26.5651
-1
0
275
408
0.00503511
31
123.294
-1
0
110
221
0.00385815
31
55.5278
-1
0
346
412
0.00486739
31
100.856
-1
0
263
475
0.00375223
31
-12.8407
-1
0
298
407
0.00328979
31
-137.586
-1
0
293
652
0.006476
31
-106.113
-1
0
367
652
0.00602586
31
39.6678
-1
0
340
474
0.00437914
31
-89.5888
-1
0
312
652
0.0057588
31
31.8274
-1
0
335
474
0.00455436
31
120.964
-1
0
309
668
0.00620296
31
-63.869
-1
0
259
217
0.00497241
31
-13.134
-1
0
317
535
0.00439654
31
91.4688
-1
0
132
347
0.00341674
31
-107.788
-1
0
358
652
0.0064259
31
-75.8577
-1
0
376
646
0.00327929
31
-103.918
-1
0
353
652
0.00689872
31
31.7595
-1
0
340
346
0.00344936
31
85.486
-1
0
126
473
0.00358003
31
18.4349
-1
0
335
346
0.00405965
31
-174.611
-1
0
182
409
0.00391951
31
119.59
-1
0
301
666
0.00650658
31
160.994
-1
0
171
472
0.00335038
31
12.0115
-1
0
389
345
0.00396757
31
-26.341
-1
0
396
645
0.00668483
31
172.875
-1
0
210
539
0.00375365
31
-84.6369
-1
0
378
628
0.00549603
31
-9.2004
-1
0
310
536
0.00550697
31
179.484
-1
0
181
345
0.0035069
31
160.582
-1
0
197
539
0.00473904
31
173.841
-1
0
181
471
0.00535663
31
-171.829
-1
0
209
533
0.00401199
31
-117.646
-1
0
367
628
0.00350672
31
-131.319
-1
0
365
645
0.0058223
31
-57.3345
-1
0
274
555
0.00916895
31
-41.5526
-1
0
336
403
0.00366588
31
-32.1063
-1
0
338
342
0.00439684
31
-73.0677
-1
0
384
628
0.00584877
31
-43.698
-1
0
341
402
0.00408545
31
-140.315
-1
0
126
149
0.00401461
31
155.158
-1
0
182
411
0.00476556
31
-59.014
-1
0
390
628
0.00418109
31
-88.2643
-1
0
171
280
0.00501776
31
-119.578
-1
0
373
643
0.00333824
31
-95.5663
-1
0
347
652
0.00735718
31
176.82
-1
0
205
281
0.00418892
31
69.8109
-1
0
377
669
0.00598881
31
-115.145
-1
0
156
280
0.00335065
31
109.727
-1
0
317
667
0.00688987
31
104.876
-1
0
358
669
0.00606369
31
103.241
-1
0
353
669
0.0080336
31
94.792
-1
0
347
669
0.00681266
31
-13.8737
-1
0
302
533
0.00347195
31
98.8807
-1
0
324
669
0.00660573
31
0
-1
0
250
339
0.00618576
31
24.5377
-1
0
254
338
0.00418183
31
-123.48
-1
0
370
646
0.00338634
31
122.196
-1
0
299
669
0.00466962
31
144.293
-1
0
293
669
0.00504464
31
-164.249
-1
0
187
280
0.00520382
31
-161.565
-1
0
163
154
0.00436955
31
154.516
-1
0
176
473
0.0032703
31
162.35
-1
0
258
478
0.00448171
31
65.1795
-1
0
331
413
0.00467492
31
-161.903
-1
0
193
530
0.00686824
31
116.565
-1
0
126
159
0.00334338
31
73.94
-1
0
367
158
0.00445851
31
-40.8554
-1
0
399
280
0.00432159
31
133.103
-1
0
240
282
0.00549934
31
-3.46823
-1
0
355
282
0.00443663
31
-13.8287
-1
0
273
538
0.00355915
31
31.9081
-1
0
322
157
0.00366736
31
-32.2756
-1
0
338
469
0.00455031
31
-165.693
-1
0
203
533
0.00343457
31
132.274
-1
0
251
467
0.00718571
31
4.17477
-1
0
312
539
0.00850705
31
154.898
-1
0
240
157
0.00431655
31
-38.6045
-1
0
284
572
0.00559666
31
162.607
-1
0
184
284
0.0049926
31
158.819
-1
0
189
284
0.00510332
31
158.091
-1
0
200
284
0.00344589
31
-168.224
-1
0
192
468
0.00385601
31
-93.9452
-1
0
137
469
0.00432672
31
14.3814
-1
0
145
155
0.00361239
31
57.3391
-1
0
351
284
0.00457814
31
45
-1
0
396
284
0.00366165
31
16.6992
-1
0
401
284
0.00406435
31
61.1134
-1
0
371
156
0.00405747
31
177.797
-1
0
200
155
0.00518247
31
85.9858
-1
0
167
285
0.00455114
31
87.4552
-1
0
169
285
0.00752681
31
153.577
-1
0
231
285
0.00452183
31
152.241
-1
0
237
285
0.00534173
31
-87.8068
-1
0
323
652
0.00523035
31
-28.9888
-1
0
392
640
0.00460825
31
122.829
-1
0
169
413
0.0028159
31
5.68492
-1
0
319
220
0.00287635
31
173.991
-1
0
180
218
0.00316814
31
-121.866
-1
0
153
215
0.0031564
31
-30.3432
-1
0
293
221
0.00309864
31
-60.2054
-1
0
249
222
0.00318849
31
-65.6235
-1
0
249
226
0.00283026
31
-122.005
-1
0
245
412
0.00292651
31
85.7108
-1
0
131
473
0.00302467
31
157.782
-1
0
175
346
0.00318544
31
98.1301
-1
0
403
472
0.00312759
31
168.357
-1
0
204
539
0.00291944
31
-74.0546
-1
0
122
344
0.00289047
31
-158.962
-1
0
188
408
0.00286867
31
22.249
-1
0
311
285
0.00323213
31
-86.1859
-1
0
384
470
0.00299345
31
-8.25589
-1
0
320
468
0.00321339
31
-164.495
-1
0
227
407
0.00293299
31
0
-1
0
377
282
0.00297633
31
-52.5729
-1
0
264
409
0.003135
31
114.444
-1
0
145
285
0.00295882
31
-161.565
-1
0
158
409
0.00312925
31
174.193
-1
0
220
538
0.00314384
31
-90
-1
0
390
282
0.0028955
31
-19.5988
-1
0
307
534
0.00285328
31
95.3558
-1
0
384
475
0.00297744
31
-126.634
-1
0
161
280
0.00304416
31
-162.512
-1
0
182
280
0.0029397
31
-46.7788
-1
0
247
219
0.00324105
31
-33.5866
-1
0
267
538
0.00284439
31
-63.9046
-1
0
255
408
0.00283162
31
-160.537
-1
0
233
407
0.00318141
31
91.7357
-1
0
256
582
0.00323413
31
-138.331
-1
0
175
466
0.00291675
31
-11.7196
-1
0
298
534
0.00304425
31
129.987
-1
0
180
158
0.00308492
31
-78.9591
-1
0
394
280
0.0028725
31
-19.7223
-1
0
320
153
0.00301527
31
12.2883
-1
0
270
158
0.00321498
31
25.3879
-1
0
273
281
0.00310271
31
37.0199
-1
0
261
155
0.00264558
31
-137.045
-1
0
131
215
0.00276869
31
65.8209
-1
0
385
347
0.00268243
31
-63.4349
-1
0
408
217
0.00272843
31
115.201
-1
0
378
474
0.00270431
31
145.491
-1
0
165
347
0.00268995
31
172.826
-1
0
192
473
0.00276022
31
138.674
-1
0
176
157
0.00270603
31
-92.1409
-1
0
254
538
0.00265595
31
16.2388
-1
0
306
285
0.00277283
31
-164.055
-1
0
170
469
0.00277905
31
-171.75
-1
0
187
469
0.00281137
31
165.069
-1
0
201
412
0.00269557
31
-22.0679
-1
0
333
469
0.00275897
31
-10.4812
-1
0
290
538
0.00279505
31
138.077
-1
0
154
412
0.00276036
31
-159.444
-1
0
192
280
0.00273475
31
-131.906
-1
0
174
213
0.00261349
31
14.144
-1
0
320
474
0.00262811
31
-79.7155
-1
0
255
414
0.00263182
31
68.1986
-1
0
116
285
0.00264178
31
123.69
-1
0
414
475
0.00261079
31
98.1301
-1
1
384
475.2
0.00200121
37.2
160.974
-1
1
169.2
219.6
0.00298888
37.2
-158.611
-1
1
238.8
406.8
0.00215492
37.2
-6.13726
-1
1
259.2
352.8
0.00257641
37.2
-106.699
-1
1
249.6
339.6
0.00294523
37.2
41.1859
-1
1
385.2
346.8
0.00228072
37.2
70.9065
-1
1
262.8
475.2
0.00428531
37.2
-113.181
-1
1
367.2
628.8
0.00355943
37.2
-85.5348
-1
1
378
628.8
0.00520868
37.2
122.347
-1
1
378
474
0.00273684
37.2
-65.311
-1
1
385.2
628.8
0.00556408
37.2
-58.5445
-1
1
390
628.8
0.00444961
37.2
17.1619
-1
1
340.8
474
0.00221537
37.2
10.0369
-1
1
334.8
474
0.00201735
37.2
-60.6978
-1
1
247.2
219.6
0.00221136
37.2
-118.258
-1
1
244.8
411.6
0.00233867
37.2
-3.21548
-1
1
306
411.6
0.00206843
37.2
-118.881
-1
1
366
645.6
0.00457032
37.2
32.3073
-1
1
345.6
411.6
0.00258117
37.2
-37.3689
-1
1
284.4
572.4
0.00293348
37.2
175.855
-1
1
192
472.8
0.00216663
37.2
7.16531
-1
1
296.4
283.2
0.00224735
37.2
-153.658
-1
1
174
213.6
0.00200684
37.2
-57.2091
-1
1
273.6
555.6
0.00579014
37.2
114.775
-1
1
130.8
472.8
0.00285826
37.2
-19.2127
-1
1
342
403.2
0.00229328
37.2
-9.30477
-1
1
302.4
406.8
0.00212019
37.2
-167.196
-1
1
169.2
216
0.00205332
37.2
-6.91123
-1
1
307.2
538.8
0.00337916
37.2
-178.798
-1
1
180
217.2
0.00202052
37.2
-53.9525
-1
1
382.8
652.8
0.00565962
37.2
-63.2427
-1
1
260.4
217.2
0.00458575
37.2
175.285
-1
1
181.2
471.6
0.0031042
37.2
7.30576
-1
1
388.8
344.4
0.00211895
37.2
-174.03
-1
1
181.2
344.4
0.0020709
37.2
-74.2132
-1
1
376.8
652.8
0.00767335
37.2
-7.30576
-1
1
342
217.2
0.00247805
37.2
-1.02303
-1
1
270
158.4
0.00211813
37.2
-108.484
-1
1
358.8
652.8
0.00635088
37.2
49.1849
-1
1
379.2
284.4
0.00240135
37.2
-103.897
-1
1
352.8
652.8
0.00746544
37.2
-78.2317
-1
1
138
342
0.00241762
37.2
163.086
-1
1
231.6
284.4
0.00288874
37.2
168.879
-1
1
189.6
284.4
0.00217895
37.2
-8.90172
-1
1
338.4
470.4
0.00338012
37.2
78.0239
-1
1
260.4
477.6
0.00456794
37.2
-165.964
-1
1
126
150
0.00350694
37.2
147.031
-1
1
156
284.4
0.00251222
37.2
179.477
-1
1
210
538.8
0.0020943
37.2
177.085
-1
1
204
538.8
0.002247
37.2
40.0729
-1
1
331.2
412.8
0.00268574
37.2
175.732
-1
1
196.8
538.8
0.00255743
37.2
-95.0509
-1
1
348
652.8
0.00616154
37.2
-17.8787
-1
1
355.2
282
0.00260928
37.2
105.068
-1
1
132
346.8
0.00314226
37.2
-111.801
-1
1
126
343.2
0.00243844
37.2
141.674
-1
1
240
282
0.00305183
37.2
129.174
-1
1
166.8
284.4
0.003695
37.2
4.76364
-1
1
289.2
280.8
0.00245948
37.2
131.878
-1
1
136.8
219.6
0.00281993
37.2
-84.9063
-1
1
313.2
651.6
0.00383763
37.2
-177.064
-1
1
187.2
280.8
0.00358675
37.2
-174.472
-1
1
182.4
280.8
0.00244075
37.2
-151.783
-1
1
156
280.8
0.00311352
37.2
-157.696
-1
1
212.4
453.6
0.00551904
37.2
-89.7084
-1
1
322.8
652.8
0.00570276
37.2
-147.313
-1
1
292.8
652.8
0.00483501
37.2
23.1986
-1
1
145.2
154.8
0.00204254
37.2
-0.943055
-1
1
319.2
219.6
0.00218801
37.2
34.1145
-1
1
358.8
219.6
0.00211539
37.2
174.898
-1
1
200.4
156
0.00251041
37.2
-11.0271
-1
1
313.2
534
0.00298803
37.2
-12.2396
-1
1
307.2
534
0.00291482
37.2
-93.6285
-1
1
342
652.8
0.00460449
37.2
-175.99
-1
1
204
534
0.00315407
37.2
-105.631
-1
1
373.2
644.4
0.00546207
37.2
-92.2906
-1
1
136.8
468
0.00226093
37.2
-173.123
-1
1
193.2
530.4
0.00370679
37.2
-8.53077
-1
1
316.8
536.4
0.0035735
37.2
153.733
-1
1
180
157.2
0.00250909
37.2
126.027
-1
1
126
158.4
0.00210794
37.2
-177.754
-1
1
163.2
153.6
0.00210233
37.2
90
-1
1
136.8
472.8
0.00173833
37.2
-173.418
-1
1
182.4
409.2
0.00198745
37.2
-8.71144
-1
1
333.6
469.2
0.00176076
37.2
-4.33543
-1
1
320.4
468
0.00191107
37.2
3.81407
-1
1
334.8
345.6
0.00185689
37.2
167.471
-1
1
200.4
284.4
0.00183934
37.2
-50.4923
-1
1
264
409.2
0.00187894
37.2
-21.8014
-1
1
390
282
0.00178225
37.2
87.3974
-1
1
138
346.8
0.00186923
37.2
-77.8114
-1
1
255.6
222
0.00191043
37.2
-157.981
-1
1
175.2
466.8
0.00197054
37.2
-10.6993
-1
1
298.8
534
0.00181786
37.2
-144.324
-1
1
153.6
214.8
0.00198631
37.2
126.254
-1
1
162
285.6
0.0018188
37.2
-104.036
-1
1
384
470.4
0.00177956
37.2
169.875
-1
1
175.2
346.8
0.00182941
37.2
137.386
-1
1
150
284.4
0.00176583
37.2
169.695
-1
1
183.6
284.4
0.00192165
37.2
-16.8375
-1
1
338.4
342
0.00192208
37.2
6.07246
-1
1
276
157.2
0.0018145
37.2
142.696
-1
1
153.6
219.6
0.00198703
37.2
22.8337
-1
1
372
154.8
0.00172564
37.2
92.6026
-1
1
373.2
284.4
0.00173495
37.2
168.639
-1
1
232.8
534
0.00169532
37.2
-168.988
-1
1
187.2
343.2
0.0017059
37.2
-26.9926
-1
1
292.8
220.8
0.00169386
37.2
172.349
-1
2
174.24
218.88
0.00147825
44.64
-173.47
-1
2
181.44
344.16
0.0015127
44.64
-108.479
-1
2
367.2
629.28
0.00345666
44.64
-139.635
-1
2
239.04
410.4
0.00193937
44.64
-115.821
-1
2
250.56
339.84
0.00158837
44.64
-167.784
-1
2
221.76
410.4
0.00165966
44.64
179.769
-1
2
203.04
538.56
0.00174142
44.64
164.281
-1
2
231.84
283.68
0.00181179
44.64
-92.7263
-1
2
263.52
587.52
0.00152923
44.64
45.6296
-1
2
262.08
475.2
0.00271496
44.64
5.74627
-1
2
280.8
155.52
0.00155395
44.64
-54.0096
-1
2
273.6
557.28
0.00156757
44.64
1.4688
-1
2
334.08
472.32
0.00155014
44.64
-9.3061
-1
2
308.16
538.56
0.00211826
44.64
-174.668
-1
2
192.96
529.92
0.00147841
44.64
-178.862
-1
2
180
217.44
0.00204266
44.64
-158.103
-1
2
213.12
453.6
0.00386463
44.64
-179.768
-1
2
203.04
534.24
0.00172125
44.64
168.232
-1
2
149.76
283.68
0.00154203
44.64
-8.64061
-1
2
316.8
535.68
0.001693
44.64
179.436
-1
2
181.44
470.88
0.0018849
44.64
-179.021
-1
2
210.24
538.56
0.00156293
44.64
179.526
-1
2
197.28
538.56
0.0014851
44.64
160.178
-1
2
180
156.96
0.0015628
44.64
-66.3706
-1
2
250.56
224.64
0.00123352
44.64
6.19641
-1
2
289.44
280.8
0.00143318
44.64
-3.05288
-1
2
348.48
217.44
0.0011916
44.64
-39.6618
-1
2
283.68
573.12
0.00131005
44.64
21.3706
-1
2
331.2
411.84
0.0014177
44.64
-153.306
-1
2
233.28
410.4
0.00119992
44.64
-169.461
-1
2
174.24
214.56
0.00146126
44.64
-26.6687
-1
2
273.6
538.56
0.00123557
44.64
-157.313
-1
2
239.04
407.52
0.00135093
44.64
-3.20522
-1
2
319.68
218.88
0.00100589
44.64
-173.047
-1
2
158.4
408.96
0.00109707
44.64
-7.0165
-1
2
334.08
342.72
0.00108109
44.64
-160.866
-1
2
154.08
214.56
0.00115177
44.64
-166.667
-1
2
175.68
466.56
0.0011415
44.64
2.25204
-1
2
296.64
283.68
0.00111519
44.64
-11.6115
-1
2
342.72
403.2
0.0010648
44.64
155.078
-1
2
237.6
532.8
0.0011605
44.64
18.0343
-1
2
357.12
220.32
0.00107943
44.64
175.426
-1
2
200.16
155.52
0.00105243
44.64
6.73292
-1
2
273.6
283.68
0.00110804
44.64
173.48
-1
2
182.88
283.68
0.00104603
44.64
24.3864
-1
2
345.6
411.84
0.00115251
44.64
7.35238
-1
3
288.576
281.664
0.000921815
53.568
30.4655
-1
3
260.928
475.2
0.00138222
53.568
-52.8917
-1
3
260.928
216
0.00167841
53.568
-0.477454
-1
3
330.048
404.352
0.0013119
53.568
-178.224
-1
3
195.264
535.68
0.00106237
53.568
-51.8654
-1
3
273.024
558.144
0.0014627
53.568
-169.695
-1
3
221.184
409.536
0.00135209
53.568
-123.275
-1
3
250.56
340.416
0.00102824
53.568
-51.3402
-1
3
254.016
340.416
0.00117491
53.568
-177.955
-1
3
203.904
533.952
0.00091537
53.568
179.221
-1
3
186.624
279.936
0.000811194
53.568
-178.002
-1
3
196.992
539.136
0.000802329
53.568
28.4511
-1
3
273.024
528.768
0.000919363
53.568
5.79922
-1
3
330.048
411.264
0.000871824
53.568
-159.018
-1
3
214.272
454.464
0.000821221
53.568
170.045
-1
3
207.36
362.88
0.000683183
53.568
1.27303
-1
3
295.488
283.392
0.000686403
53.568
-57.7712
-1
3
255.744
222.912
0.000760849
53.568
177.91
-1
3
183.168
283.392
0.000748728
53.568
-1.39435
-1
3
302.4
463.104
0.000730562
53.568
-179.536
-1
3
193.536
530.496
0.00066221
53.568
-11.2207
-1
3
307.584
539.136
0.000623409
53.568
-0.855097
-1
3
326.592
402.624
0.000639632
53.568
-173.241
-1
3
172.8
214.272
0.000590224
53.568
-159.487
-1
4
215.654
454.118
0.000914057
64.2816
-43.6118
-1
4
279.936
555.725
0.001708
64.2816
12.5288
-1
4
261.274
474.854
0.000683468
64.2816
-3.70729
-1
4
302.746
462.413
0.000693837
64.2816
170.389
-1
4
207.36
362.88
0.000578585
64.2816
-120.343
-1
4
250.906
340.07
0.000548682
64.2816
55.9597
-1
5
266.25
263.762
0.000499956
77.1379
-99.4623
-1
5
253.809
340.9
0.000361599
77.1379
-7.12502
-1
5
261.274
472.781
0.000310737
77.1379
356
64
254
115
91
247
248
50
251
200
210
187
245
63
103
210
195
122
242
212
159
111
79
168
165
30
174
138
226
155
215
105
53
62
114
167
60
251
118
247
145
245
210
202
155
92
234
143
201
94
207
45
118
247
120
190
183
105
212
250
57
222
92
22
51
181
35
7
160
18
1
132
0
67
2
64
1
2
160
65
128
7
234
33
35
66
195
39
83
71
84
146
180
45
2
140
0
64
71
36
71
186
0
56
105
76
32
64
48
171
197
80
181
111
153
172
24
1
240
24
156
65
16
114
51
181
88
87
32
250
131
196
8
10
7
64
4
138
3
130
61
194
0
4
100
43
5
22
4
153
2
128
164
0
97
149
17
8
147
42
10
25
176
52
176
72
74
72
2
130
2
138
40
57
22
30
116
40
65
9
18
4
28
3
228
34
145
0
40
60
5
84
2
155
129
198
12
10
1
88
132
8
35
0
44
192
24
57
100
161
69
52
4
32
0
66
172
96
96
133
9
0
189
10
10
16
176
64
80
64
0
64
8
128
55
147
40
23
20
86
116
196
1
1
118
4
24
1
135
12
24
64
32
12
64
84
4
153
29
235
239
220
34
119
253
118
177
158
245
152
93
176
63
202
157
252
227
107
182
124
68
179
153
59
151
240
109
212
116
233
223
88
163
172
223
120
240
121
126
63
255
39
246
181
87
110
191
170
175
207
242
29
155
92
55
227
123
223
123
251
79
251
92
34
211
181
248
224
42
100
72
186
66
53
208
194
155
114
98
205
137
66
237
173
206
153
142
136
170
197
66
36
49
206
119
145
85
187
53
254
197
86
136
68
145
66
98
135
235
115
154
44
56
119
243
92
28
105
196
234
19
176
72
6
113
244
0
3
0
40
0
0
36
67
32
2
42
0
0
1
41
3
196
8
1
64
64
160
0
2
68
136
160
72
128
0
41
64
112
36
64
170
0
34
1
192
166
66
24
10
64
214
128
76
0
36
80
4
34
24
133
9
128
98
3
180
72
70
34
49
186
58
247
103
255
123
251
190
220
56
214
119
109
125
91
240
246
214
91
242
245
171
165
246
171
40
228
154
254
87
255
254
125
109
85
244
127
114
217
245
221
93
219
30
200
167
235
77
171
191
223
135
248
31
157
73
70
247
63
184
122
6
36
252
72
42
146
51
136
248
166
229
72
162
75
20
192
132
203
162
11
9
131
194
175
161
79
149
201
72
140
164
64
132
161
146
111
6
65
170
17
170
229
66
168
116
48
164
101
239
3
51
154
76
41
99
243
29
89
80
6
235
19
177
72
98
97
102
92
42
247
241
48
249
168
245
88
186
194
53
64
148
203
226
235
204
203
74
253
129
78
153
141
40
170
132
68
70
50
158
125
3
117
187
85
246
205
84
152
84
146
62
111
167
43
242
186
45
124
245
242
29
159
72
198
234
15
245
72
6
97
246
64
2
0
24
9
0
36
134
0
162
40
0
16
128
41
163
68
8
1
64
200
128
12
2
64
128
160
72
1
0
41
82
112
4
66
168
17
34
1
192
162
2
16
10
80
214
0
76
25
44
88
4
48
29
133
73
144
224
43
180
72
70
34
97
179
213
144
46
221
162
92
26
66
1
133
235
166
203
4
25
127
163
54
213
195
15
35
71
230
95
243
111
147
45
192
36
142
173
184
158
34
13
42
119
105
202
42
235
249
89
191
15
224
246
80
21
104
162
120
227
51
179
182
135
48
113
150
75
186
216
76
199
191
249
219
56
254
29
214
109
189
63
124
245
125
246
70
185
244
114
187
124
161
190
113
58
126
243
215
239
157
236
219
116
255
91
248
249
221
221
79
63
208
103
244
111
185
255
159
13
252
133
223
93
58
246
182
189
243
159
44
222
196
35
1
81
200
152
102
100
72
35
107
78
192
85
206
162
67
73
29
67
207
169
107
218
73
78
134
174
192
5
33
70
247
39
68
59
66
187
247
214
210
118
152
111
213
30
175
19
153
108
24
96
113
29
159
9
17
250
51
191
72
118
163
248
223
245
210
118
255
163
222
66
82
41
165
251
182
194
164
89
126
147
52
215
199
45
163
71
166
95
243
127
210
109
244
102
159
181
52
191
50
125
243
245
81
203
253
75
249
29
159
79
205
230
24
71
250
58
152
203
18
187
183
187
56
127
177
203
195
193
9
138
6
67
22
134
3
130
61
130
16
128
38
43
9
84
20
13
2
144
228
0
40
149
153
8
147
42
22
25
176
36
176
202
74
72
2
128
50
139
44
57
18
28
68
44
7
9
86
4
9
10
164
138
144
32
40
88
69
28
2
179
186
58
247
231
255
115
187
190
214
60
214
119
109
93
27
244
246
214
75
242
245
35
165
246
234
40
236
154
254
87
255
254
253
108
85
244
255
50
201
245
217
93
211
30
192
163
227
109
187
190
223
139
240
31
156
73
102
243
183
184
250
23
38
220
208
217
154
95
241
74
244
254
27
185
44
223
34
150
207
170
107
213
189
15
14
141
174
57
107
223
59
43
215
11
34
62
240
39
61
251
86
247
239
246
243
254
168
126
31
158
92
180
205
9
118
181
217
255
165
234
209
252
41
127
93
4
19
183
0
0
152
10
9
66
32
71
0
32
6
4
16
4
11
162
78
0
129
0
192
32
76
130
64
0
0
0
0
128
11
66
173
0
65
32
16
130
9
96
144
20
0
2
84
246
33
104
25
44
8
4
180
25
24
65
16
98
43
184
8
70
34
193
179
240
89
38
255
160
95
8
214
9
181
251
175
74
132
89
118
215
52
209
195
46
161
108
166
159
227
63
211
57
229
45
146
173
188
223
106
53
35
247
67
202
135
73
203
25
156
31
192
182
82
4
108
162
246
99
144
178
188
155
188
23
182
157
131
196
0
7
201
128
142
128
42
43
35
74
128
65
64
17
108
35
36
146
204
39
26
72
100
215
121
110
130
43
131
118
199
184
73
5
122
169
232
42
97
92
40
169
213
80
188
49
153
206
24
33
244
5
92
227
16
83
178
53
16
83
48
106
187
244
121
46
255
160
95
9
214
75
181
251
175
74
164
93
114
247
54
81
203
46
177
108
166
159
227
43
211
121
245
45
130
173
188
223
234
117
35
247
67
202
103
73
218
29
156
31
197
183
82
4
104
178
190
97
144
178
188
154
188
95
182
185
144
219
16
76
160
56
36
83
74
16
43
67
68
85
76
177
101
202
165
196
68
40
1
210
195
93
229
232
133
6
128
16
208
48
80
12
73
2
168
224
231
30
56
55
228
198
182
76
136
193
68
70
114
31
139
73
7
211
19
164
80
98
68
40
3
196
13
8
6
13
5
24
163
68
12
196
25
61
36
5
137
116
4
33
16
82
48
96
80
180
12
0
49
24
25
9
148
108
144
136
66
72
0
8
20
147
28
169
20
80
100
76
17
32
16
12
18
9
134
12
56
0
32
60
64
215
46
250
120
59
255
247
126
59
123
254
216
186
210
55
109
211
139
243
246
207
219
250
237
173
199
191
143
42
226
159
90
69
245
239
123
45
245
191
95
126
193
117
216
76
155
30
203
167
195
127
186
175
28
135
224
189
159
73
198
242
63
223
92
6
32
247
70
38
128
51
137
224
38
13
192
163
170
38
224
135
3
35
9
41
35
208
201
135
91
205
208
93
221
166
0
134
163
198
143
152
195
36
25
136
109
66
104
48
32
161
85
113
55
33
56
206
8
106
213
93
88
176
6
163
151
177
168
115
232
74
1
132
136
10
9
192
0
4
2
162
4
132
0
5
15
3
77
0
129
0
192
33
74
193
64
1
0
4
1
0
1
66
221
0
193
32
16
8
105
96
48
20
40
33
20
116
53
107
19
168
8
4
180
25
88
73
16
162
43
185
24
83
96
194
1
2
1
144
8
3
44
70
32
110
0
0
80
164
33
3
196
124
1
96
192
160
0
42
4
136
160
8
16
0
57
65
112
36
20
170
0
96
1
192
4
66
28
10
64
4
192
78
16
36
16
4
34
24
133
9
152
34
3
156
72
6
34
177
1
132
136
10
9
208
0
12
34
162
4
140
0
21
15
35
77
34
33
0
192
35
90
193
65
1
128
38
1
0
1
66
157
4
67
32
16
8
105
106
48
28
40
161
21
112
53
107
153
168
8
1
180
29
88
64
16
226
51
189
24
211
96
74
179
241
89
38
255
160
93
24
214
11
245
251
175
74
132
89
118
215
52
145
193
14
161
109
166
155
227
59
211
57
228
45
90
173
188
223
110
125
33
245
115
202
63
75
202
21
156
31
192
183
82
132
104
162
255
97
144
178
190
154
60
29
180
185
7
6
128
32
201
194
34
4
0
34
168
102
224
69
2
49
77
43
35
208
193
35
91
200
210
85
89
238
128
6
131
70
141
152
67
36
57
128
104
74
104
0
32
161
213
113
183
105
56
202
8
66
244
72
88
65
39
147
151
177
160
243
192
74
255
244
121
190
255
37
95
185
214
123
241
251
191
202
166
95
114
215
54
21
105
190
161
108
174
139
235
43
211
121
117
61
98
173
188
255
230
125
33
245
83
203
255
89
218
21
216
93
198
183
82
133
106
178
175
99
208
176
253
90
159
94
182
181
255
112
121
117
255
32
123
248
82
59
241
51
108
194
192
83
246
222
23
210
105
168
165
62
142
138
226
219
210
45
229
255
120
165
156
255
127
119
1
213
218
202
155
30
194
7
202
93
137
39
86
7
104
190
141
73
144
178
189
154
92
6
34
181
145
31
16
102
232
72
188
34
74
17
123
71
70
117
72
176
101
138
37
193
68
40
33
210
203
95
229
202
196
6
162
52
88
49
96
20
93
2
200
192
217
20
25
183
232
35
190
76
137
193
69
67
248
15
11
73
7
83
19
180
112
35
0
168
220
58
247
165
248
106
185
254
216
188
210
53
65
151
155
226
234
204
155
108
105
137
230
156
143
136
188
129
198
12
50
238
117
37
125
251
20
182
141
213
153
84
155
22
106
143
233
252
138
36
111
243
209
62
23
73
196
232
9
232
76
6
33
244
86
49
218
246
113
178
122
46
16
154
80
177
34
131
131
90
106
215
153
79
73
173
198
51
8
218
250
13
82
40
32
41
86
37
60
179
119
92
5
117
64
202
187
72
235
141
193
94
95
172
59
149
101
104
188
235
192
254
63
219
92
23
51
243
67
13
128
30
65
14
94
7
2
224
13
128
18
206
166
30
43
49
48
71
14
173
210
3
85
195
178
13
3
168
16
33
194
39
68
155
2
120
195
94
50
122
48
107
149
28
165
46
145
172
16
5
113
25
149
67
16
242
49
189
88
84
50
251
57
58
117
103
254
125
187
244
252
60
214
117
109
125
91
244
246
222
195
242
245
98
135
246
170
40
228
218
252
85
255
255
253
108
85
188
223
50
217
245
221
93
27
30
192
163
195
79
186
191
205
15
240
29
159
77
46
247
55
188
250
6
38
252
64
2
146
48
25
2
44
207
0
162
131
2
0
192
139
19
234
197
33
66
138
167
206
27
70
153
178
15
18
12
33
70
67
38
85
186
0
60
97
70
32
64
48
43
71
28
129
111
152
172
24
5
112
29
148
73
16
242
49
189
88
70
32
242
250
48
255
247
63
51
121
254
212
188
214
53
111
218
147
83
246
222
91
251
249
171
231
191
140
42
226
159
90
85
245
255
123
44
180
254
95
115
129
245
216
204
147
30
192
167
195
79
187
175
95
135
248
60
159
73
214
242
63
222
122
22
38
253
253
58
119
245
252
55
251
252
220
61
210
119
111
219
211
240
242
212
223
110
109
171
172
60
46
170
174
155
222
77
113
255
113
37
188
255
86
247
133
213
219
68
155
30
232
166
200
92
138
53
95
133
120
190
159
73
192
252
35
222
92
6
38
189
56
58
117
231
252
233
163
120
248
56
210
119
237
87
201
225
242
205
203
114
245
45
139
254
143
40
96
151
254
71
227
255
127
103
117
180
125
250
249
117
221
84
155
30
72
163
235
111
168
53
89
1
240
191
159
73
6
242
151
191
218
7
36
124
253
59
247
245
252
39
187
254
212
60
211
53
103
219
211
224
242
212
223
102
105
139
164
62
14
170
174
153
222
12
112
255
112
37
124
251
84
118
129
213
223
68
155
30
232
142
200
92
138
53
95
149
96
190
151
73
192
188
33
218
92
6
38
181
187
241
124
244
55
49
127
56
214
191
245
251
255
72
52
83
244
222
71
243
245
242
161
246
172
43
231
250
91
117
245
249
250
44
148
254
223
121
176
245
218
207
247
15
210
53
147
79
191
190
26
7
234
29
221
81
22
179
55
219
121
222
38
185
69
2
199
121
252
176
34
212
56
187
128
143
194
209
131
11
202
205
161
99
200
165
206
57
78
138
176
38
88
5
49
79
247
32
85
186
82
248
225
118
112
94
58
14
209
20
201
115
152
172
24
5
240
29
156
73
16
242
51
157
88
86
34
251
4
6
128
128
201
206
166
69
44
88
2
5
145
53
155
132
11
9
193
0
208
33
218
97
81
64
8
4
0
136
1
66
77
0
67
32
48
194
141
8
100
20
0
166
69
132
245
99
152
44
152
8
179
13
152
8
2
66
6
165
66
71
32
90
34
6
32
131
200
196
134
1
74
107
10
70
128
4
17
37
201
65
0
128
200
1
27
72
92
212
61
47
130
154
3
70
69
164
79
154
88
48
41
6
96
84
0
175
197
68
180
49
152
172
24
1
176
25
156
65
16
114
18
180
72
87
32
250
92
58
211
113
248
249
34
244
88
58
194
53
240
214
235
227
234
205
139
74
237
137
15
157
143
8
58
135
206
78
51
222
121
131
117
179
61
246
69
84
204
84
82
22
111
167
43
209
172
101
108
118
227
191
15
65
198
232
135
132
206
6
97
52
92
43
247
245
48
253
169
252
216
190
210
53
65
149
219
226
251
204
203
110
253
169
206
157
141
168
166
133
76
142
50
159
125
39
125
187
92
182
205
84
156
116
147
158
110
163
43
242
186
45
127
243
241
159
151
68
196
234
11
253
76
6
97
246
66
13
146
51
1
74
32
207
8
160
35
22
130
192
139
178
234
69
33
71
14
173
198
19
79
203
178
45
82
8
34
40
99
38
85
186
0
58
193
86
160
80
48
235
197
30
161
46
153
172
16
5
112
29
149
73
16
242
49
189
88
86
33
250
92
42
211
113
216
248
34
244
88
59
202
53
192
215
203
226
107
201
139
74
237
141
15
153
207
72
42
167
200
78
163
222
121
131
85
179
53
182
101
116
236
84
18
22
111
131
43
209
184
109
108
114
225
159
15
105
198
232
135
164
76
70
97
52
215
221
154
126
121
162
124
74
18
171
165
251
162
194
132
27
46
135
60
95
143
141
225
91
134
219
251
111
83
41
164
126
203
183
52
59
82
252
230
247
114
234
161
79
251
29
145
207
221
238
24
215
125
120
252
195
81
251
247
159
24
117
147
255
124
58
247
247
184
233
42
253
88
186
194
53
101
134
219
226
250
204
203
106
237
169
111
156
141
8
234
129
74
68
59
238
121
3
125
179
53
246
197
116
220
68
219
30
106
167
75
244
184
36
126
247
226
31
31
73
198
248
15
252
78
6
99
180
82
9
218
119
19
202
216
206
10
130
3
54
178
230
235
242
235
213
33
103
14
173
198
51
15
202
178
13
82
8
50
40
119
38
85
155
66
126
203
86
176
92
184
110
215
30
225
62
153
172
24
5
112
29
149
73
144
242
49
189
92
87
33
242
80
57
147
95
3
131
76
14
194
161
161
170
246
194
35
26
126
131
98
151
143
63
67
199
146
83
247
236
2
236
196
34
143
30
3
180
153
12
114
105
104
41
181
97
189
125
151
239
254
202
169
215
178
24
88
211
39
179
215
179
57
241
193
74
0
6
36
128
8
6
160
103
36
240
2
5
16
53
147
4
66
8
193
32
208
32
220
226
24
8
0
0
40
128
9
71
109
0
67
48
16
130
1
12
132
0
24
134
64
128
65
75
25
44
152
8
178
24
152
72
2
98
3
132
74
6
34
121
3
4
136
27
9
192
0
4
130
162
5
140
144
36
33
34
13
34
32
209
136
35
90
193
81
17
132
46
0
131
3
66
207
12
67
40
26
8
232
106
112
28
32
41
149
116
181
107
153
232
24
5
244
29
88
64
16
242
51
189
24
83
96
202
250
240
127
255
255
55
251
187
212
255
244
251
127
200
55
126
246
223
95
243
121
179
165
190
142
42
234
219
219
85
245
255
251
44
148
255
223
117
129
245
218
79
215
30
208
55
194
93
191
175
31
135
250
190
157
73
214
179
55
154
126
86
38
189
3
192
8
9
0
192
152
4
2
162
45
140
16
4
13
186
13
2
0
192
138
32
100
8
104
133
165
72
1
43
147
114
176
148
9
74
2
1
202
226
50
138
44
40
54
94
164
56
17
200
82
5
44
1
52
106
153
131
40
56
20
64
2
161
23
241
144
62
221
162
76
10
194
0
169
234
230
71
132
25
125
35
38
214
199
47
1
71
198
215
247
239
147
44
192
96
159
190
132
158
41
8
122
101
107
138
187
225
253
113
183
79
240
246
8
66
224
0
88
97
43
147
214
163
56
113
247
74
145
202
16
0
32
88
164
66
74
16
42
65
64
21
72
176
103
138
165
129
68
0
37
144
193
93
97
232
133
6
130
112
184
16
65
36
57
0
168
224
99
20
56
39
228
99
182
108
169
193
100
70
240
13
75
73
23
211
6
164
80
114
64
8
4
203
1
72
32
88
4
71
11
146
42
192
64
21
76
163
13
72
164
9
4
0
100
131
65
5
5
64
5
2
0
80
176
18
96
0
40
130
170
160
226
54
40
53
54
198
52
232
144
137
100
86
144
69
35
8
151
64
2
36
64
112
65
184
4
203
25
8
0
88
132
67
11
146
42
192
80
52
108
170
69
10
164
137
4
0
52
130
209
5
5
64
5
134
128
80
160
16
66
0
8
130
170
168
226
30
32
37
54
86
52
236
145
201
38
82
184
77
35
8
151
65
2
36
80
112
65
168
4
202
20
8
0
88
132
3
43
144
42
200
0
53
76
171
69
42
164
137
4
0
52
130
209
5
5
96
5
134
129
80
248
16
66
32
24
2
170
168
242
30
40
167
148
114
54
108
161
201
100
3
188
77
65
72
151
83
2
36
80
112
66
9
57
58
247
102
62
123
187
254
244
188
214
53
109
125
27
240
246
222
75
250
245
107
199
247
169
40
228
158
126
85
255
239
253
108
85
188
95
114
217
245
221
93
219
30
192
167
227
111
186
62
221
7
240
29
158
77
46
246
63
188
250
6
38
253
129
206
16
10
0
88
164
2
58
152
42
193
0
21
76
185
101
170
165
129
69
0
53
130
193
21
97
192
1
6
129
112
232
16
64
36
57
2
168
224
226
30
56
167
180
82
22
108
161
201
108
6
252
13
73
65
151
209
6
36
16
114
64
8
131
193
8
10
5
0
4
130
3
130
49
130
0
0
6
11
12
34
36
145
0
130
52
0
64
145
21
0
129
176
0
16
160
28
130
0
11
8
2
136
34
42
32
137
16
80
16
204
83
136
128
0
20
0
96
146
49
0
0
16
0
208
74
75
130
193
8
10
6
16
0
131
1
130
49
130
0
0
5
43
4
74
4
213
2
144
0
2
64
149
149
0
129
34
2
16
176
28
144
0
75
8
2
128
34
42
48
9
16
84
16
44
18
137
0
4
25
1
96
136
17
129
0
16
4
80
70
11
0
2
128
128
8
75
162
101
4
80
2
5
17
52
187
160
2
16
193
0
192
33
74
194
80
0
8
4
0
200
25
66
29
0
83
32
20
194
9
0
132
21
4
6
68
134
97
73
25
44
137
0
178
29
153
8
6
66
6
164
64
7
32
64
145
223
20
70
228
40
60
50
106
17
127
65
78
117
68
176
101
202
45
237
68
40
33
242
203
95
225
250
237
6
224
36
208
117
112
28
75
0
184
225
87
158
57
183
232
2
254
78
129
129
69
70
104
14
139
73
23
211
19
180
80
118
4
184
149
221
93
84
36
40
93
114
58
85
253
203
206
125
68
155
165
239
52
109
38
236
32
242
233
127
225
250
125
38
196
41
154
112
48
232
74
73
242
253
83
158
185
55
252
18
252
78
129
163
3
71
104
95
155
77
57
215
49
191
80
118
39
218
254
241
121
254
255
32
126
248
82
59
245
251
239
66
132
89
246
215
63
209
105
172
161
124
174
159
243
251
211
109
229
189
250
173
156
255
238
125
161
245
123
202
251
91
248
21
218
93
143
183
17
135
104
190
158
105
80
179
181
154
60
86
182
189
149
249
90
126
253
40
125
218
90
57
237
251
166
203
204
249
118
215
180
19
79
172
161
123
167
159
227
123
219
47
228
125
250
183
188
255
54
247
243
245
243
222
187
83
248
19
221
95
201
183
114
247
104
182
159
105
144
187
253
47
60
100
183
153
92
58
247
245
112
111
169
254
200
188
194
53
69
149
219
226
234
204
203
110
125
137
70
159
143
168
174
149
204
14
58
222
117
5
125
187
28
182
205
85
157
68
155
22
106
167
107
252
136
37
109
243
225
62
30
77
196
236
11
206
76
6
99
180
131
196
8
10
7
88
4
2
35
128
45
194
8
28
100
139
13
50
4
153
0
146
112
96
97
149
17
0
53
10
11
80
144
60
178
64
74
74
10
130
131
155
40
57
18
86
52
40
1
17
22
4
28
3
227
14
49
64
40
60
1
89
6
139
222
249
216
126
51
203
92
14
90
161
141
251
182
198
166
90
63
147
48
215
135
61
99
71
165
95
243
127
67
239
214
96
159
55
39
190
171
89
250
117
112
255
245
99
191
93
183
111
213
230
168
87
226
29
120
73
27
179
247
251
57
121
179
202
190
241
251
252
255
161
92
127
214
43
253
250
255
198
182
88
255
215
118
211
235
61
163
95
174
223
243
255
211
125
244
232
207
44
20
254
206
117
233
245
90
203
213
75
249
21
183
79
159
174
27
199
232
28
156
73
16
179
59
155
56
95
162
253
212
249
82
123
216
200
230
225
74
33
106
255
230
103
207
184
127
131
165
194
207
173
47
206
203
95
115
239
195
143
163
54
215
135
69
190
17
179
255
118
115
94
184
227
125
18
191
183
137
236
104
112
244
31
9
105
22
249
3
161
88
115
227
238
199
177
240
48
217
162
100
66
0
35
233
122
194
199
134
25
105
41
39
215
239
47
35
83
198
95
243
239
192
38
226
128
159
154
68
142
41
60
109
254
72
40
184
225
249
89
183
143
88
230
8
82
224
84
88
97
58
155
151
179
56
243
241
74
80
43
147
213
232
146
106
116
74
187
83
20
194
192
153
2
98
193
121
78
207
173
203
155
138
74
166
174
0
140
177
14
115
39
85
187
88
254
247
70
160
100
144
78
203
140
139
151
156
172
24
241
225
125
159
203
193
126
83
151
72
54
177
246
59
214
108
131
255
253
147
25
190
125
22
127
189
62
120
245
124
247
28
176
240
82
155
124
53
244
121
55
254
91
87
127
133
236
223
80
246
83
169
63
209
213
78
29
69
134
252
49
165
85
157
12
190
165
143
99
48
118
190
188
211
159
44
220
222
57
91
245
248
34
120
206
80
187
243
55
102
194
195
242
98
206
149
67
79
168
165
26
142
138
226
203
211
45
160
126
48
132
20
251
55
247
129
213
194
70
155
88
234
7
194
92
203
47
118
183
120
30
181
105
208
185
41
250
92
22
51
181
59
214
108
206
47
189
217
57
183
222
181
201
189
56
52
93
180
182
98
187
244
114
211
118
177
51
229
122
127
243
213
227
223
124
195
52
255
88
248
121
126
223
127
47
208
245
247
111
187
250
152
15
246
13
218
93
59
243
247
157
243
219
46
219
191
245
121
124
255
162
125
90
242
59
245
251
238
203
132
89
246
239
62
83
231
44
161
127
166
159
243
255
95
45
229
255
211
189
188
255
255
125
241
245
123
202
187
75
251
17
219
95
201
183
26
71
104
182
190
97
20
179
255
159
188
119
177
187
92
43
247
245
48
119
41
254
200
190
210
53
65
181
219
226
235
204
203
106
253
137
206
159
141
40
182
129
72
134
50
223
121
3
117
187
92
182
213
84
156
116
155
190
110
163
75
250
186
45
111
243
208
31
149
76
196
232
11
255
76
6
97
246
186
241
125
244
55
177
95
120
214
59
245
250
255
72
52
83
244
223
71
243
227
126
225
254
172
42
226
219
82
117
245
233
250
60
156
254
222
121
144
245
218
203
223
15
210
53
195
79
159
174
24
7
106
28
157
73
16
179
51
219
121
94
162
185
0
194
9
136
0
88
132
133
43
130
42
200
16
52
127
160
13
16
0
40
0
80
44
64
73
149
25
0
133
130
27
24
180
64
73
0
64
66
8
0
166
18
40
52
22
134
84
160
19
9
52
4
22
1
231
26
128
64
0
36
68
89
66
49
122
113
255
190
63
163
124
123
214
186
241
185
127
192
180
90
246
215
119
211
249
183
225
159
142
42
227
223
83
117
245
234
235
44
148
191
223
124
161
245
90
202
247
15
210
53
131
95
159
174
26
135
106
28
157
73
208
179
63
216
125
86
34
181
187
216
76
131
175
249
219
24
254
59
22
239
189
127
108
245
125
182
84
177
228
114
59
124
161
119
113
122
254
115
199
247
159
232
219
84
255
91
248
51
249
221
106
45
213
119
244
107
177
223
154
15
252
133
219
125
62
211
182
189
242
155
108
222
34
6
32
2
13
132
0
5
6
98
0
4
0
0
49
7
192
32
3
144
208
34
89
68
84
0
132
8
2
156
9
64
69
44
6
170
8
40
1
74
0
64
0
136
64
64
128
77
16
44
24
0
50
24
28
17
16
34
19
148
8
82
40
96
252
59
215
247
252
123
248
254
88
184
218
53
101
215
203
242
123
206
155
110
109
137
231
158
143
136
234
153
223
69
242
254
125
37
125
255
127
247
209
245
219
84
155
30
238
135
203
92
170
53
95
247
240
191
159
73
198
252
15
254
92
6
39
244
252
58
247
247
252
107
251
254
216
184
210
53
103
215
203
242
251
206
219
106
237
137
239
158
143
138
250
131
206
71
243
254
125
37
125
247
127
247
205
245
217
84
155
30
202
135
235
252
168
37
95
199
240
191
159
73
198
240
15
254
94
6
32
244
120
58
247
247
254
123
241
254
220
188
214
53
109
214
219
240
250
214
219
122
253
137
239
190
175
168
236
131
222
65
243
254
125
45
117
246
127
247
205
117
217
84
211
30
72
167
203
237
184
61
95
133
240
191
159
73
198
240
175
254
222
6
38
245
255
245
108
191
255
37
95
217
246
111
181
251
191
202
244
93
242
245
53
101
123
190
177
124
46
138
163
43
211
89
117
61
242
37
28
251
66
125
33
245
211
203
92
31
216
22
216
29
141
165
18
5
104
30
141
73
16
242
57
156
93
94
34
185
22
53
145
22
1
138
12
15
194
0
171
100
226
198
0
48
116
11
34
150
199
47
83
199
146
66
230
204
0
172
192
96
15
26
67
164
169
8
234
73
104
16
181
225
165
113
183
111
242
234
137
75
180
73
88
211
47
19
214
179
48
241
205
74
203
82
18
247
233
50
122
128
56
187
98
11
142
241
65
51
36
207
157
107
236
237
172
56
6
222
187
247
250
99
35
247
51
177
48
113
119
237
244
227
206
108
203
88
235
131
202
89
109
203
124
119
221
254
175
237
223
253
183
158
204
54
145
189
151
241
80
118
221
130
92
2
66
1
169
120
166
71
132
25
127
163
38
215
195
46
33
71
198
215
227
111
147
44
192
32
150
175
140
158
32
16
123
247
107
202
184
225
253
89
191
15
192
246
16
66
96
160
122
227
18
179
150
131
56
113
181
72
67
20
130
62
93
34
94
14
34
34
161
160
42
201
7
27
108
35
48
210
139
175
91
47
6
203
234
15
19
45
225
103
19
175
180
27
98
172
38
71
34
106
104
201
219
89
131
155
80
230
80
5
37
240
240
227
153
179
177
151
156
96
150
7
83
16
154
255
253
162
122
140
26
187
65
189
160
194
131
27
46
215
152
23
202
173
206
41
4
202
234
47
83
41
37
111
55
165
189
51
55
221
230
119
192
74
203
72
243
29
201
51
220
206
56
37
229
224
252
235
208
190
191
155
156
86
179
119
199
55
240
48
221
162
37
82
32
39
225
114
238
201
132
25
104
109
39
213
235
143
49
119
198
123
251
239
210
36
224
129
26
191
148
175
41
60
53
223
108
2
58
201
201
89
183
143
88
246
16
16
96
252
88
33
58
191
151
151
184
243
180
74
249
113
127
247
255
35
249
254
212
57
245
125
111
216
131
248
246
222
95
242
125
168
165
190
174
42
226
218
223
69
245
255
251
45
20
255
95
119
209
245
219
207
219
30
200
167
203
94
175
167
95
199
248
190
157
73
214
243
63
219
124
38
166
189
79
34
131
49
200
224
164
68
104
59
234
111
226
197
3
33
9
41
163
210
233
5
75
217
198
95
209
231
192
39
163
198
159
152
195
36
57
136
104
34
108
52
114
225
213
113
191
179
120
206
8
99
245
221
88
33
7
131
151
181
168
115
196
78
79
42
198
49
201
240
164
76
104
59
234
111
234
245
2
33
9
41
163
210
233
69
75
217
134
127
209
246
104
7
163
198
159
152
195
36
57
136
248
42
108
52
122
33
213
113
191
179
56
206
8
99
247
221
88
33
47
131
151
181
168
243
196
78
58
154
76
7
191
249
147
56
254
57
214
117
189
63
120
245
126
182
71
176
244
98
139
125
161
60
100
54
126
211
199
238
157
236
75
52
255
19
233
117
221
221
75
15
197
231
252
111
185
247
153
9
244
133
218
89
54
242
182
189
242
31
36
94
59
152
76
135
191
249
147
56
254
61
150
101
189
63
120
245
124
182
68
176
244
114
155
124
161
60
112
54
126
211
215
239
157
236
203
52
255
91
232
125
221
221
79
47
213
227
244
111
185
255
137
9
254
133
218
93
62
242
190
189
178
159
44
94
2
130
130
7
169
208
142
1
10
171
43
72
144
0
33
49
13
3
32
147
200
39
90
73
65
215
177
102
0
43
3
70
199
184
67
32
120
136
232
98
96
28
32
41
213
84
181
59
153
206
24
7
244
13
220
97
16
243
146
181
112
83
32
122
66
1
128
150
65
194
90
15
6
34
1
4
50
198
162
55
43
19
0
71
14
175
211
3
20
194
162
13
18
168
0
0
3
38
7
187
2
104
67
86
0
104
20
105
149
92
165
46
17
172
16
5
48
24
148
75
16
114
49
189
24
84
48
234
76
34
208
49
216
240
46
100
88
186
194
53
192
135
155
194
203
9
139
192
233
161
79
153
205
72
172
135
72
197
161
198
85
128
69
35
53
186
37
118
236
68
82
38
103
165
3
115
186
108
40
51
245
93
25
73
134
235
135
180
200
34
97
102
251
213
104
190
255
45
95
217
214
111
125
187
191
202
244
95
242
245
85
103
127
190
177
62
30
238
167
43
211
89
117
189
226
37
54
251
194
125
161
245
82
203
84
15
218
30
204
29
141
165
18
5
106
30
141
65
16
178
57
188
93
86
34
185
252
59
247
245
124
119
249
254
212
190
210
53
103
211
147
227
242
212
207
106
105
139
164
190
142
170
166
139
214
13
48
254
113
37
156
255
86
118
129
213
216
68
155
30
234
166
193
220
138
45
94
149
112
62
151
73
192
240
33
158
76
6
34
181
51
213
144
46
221
162
28
10
98
1
133
234
166
75
4
25
118
163
38
212
195
6
17
71
230
150
225
109
147
44
192
32
158
172
144
158
34
8
2
117
75
202
24
201
241
89
182
15
208
246
16
2
96
160
120
97
58
179
182
147
48
113
182
73
5
6
64
0
217
0
37
90
160
4
130
1
0
73
128
5
194
100
131
96
192
34
24
98
70
136
0
1
146
8
1
65
16
36
86
186
0
32
1
4
196
64
24
131
64
64
192
77
16
36
24
0
96
24
141
9
24
34
19
180
8
70
36
120
2
195
0
138
6
24
4
3
39
66
41
194
24
33
124
3
5
86
4
173
0
80
192
96
73
149
1
8
17
8
24
1
144
20
210
128
64
72
2
0
38
154
40
41
22
22
116
12
16
128
16
4
2
1
167
26
1
64
48
52
64
81
0
251
2
3
0
130
0
24
4
1
7
2
43
66
16
4
120
2
13
82
4
133
0
16
0
64
73
149
25
0
0
138
16
0
0
20
91
128
0
72
10
0
32
16
36
41
22
20
52
44
17
136
176
0
2
1
161
26
1
64
0
52
64
81
0
170
236
111
239
220
48
87
125
255
181
212
117
154
95
249
151
206
139
220
251
111
62
205
230
179
95
235
151
48
121
136
50
137
210
71
53
251
212
124
215
124
54
234
185
183
191
140
65
238
31
173
127
241
81
30
150
12
200
236
105
95
77
68
1
251
7
36
128
32
201
194
38
7
64
32
170
100
224
5
2
33
13
41
35
208
225
5
91
201
210
93
217
230
0
134
163
70
141
152
67
36
57
136
104
10
108
16
32
161
197
113
183
107
56
202
8
74
245
77
88
1
15
131
151
177
160
115
200
74
92
58
247
245
248
127
169
254
216
190
210
53
65
213
219
226
170
204
203
106
253
137
78
155
143
168
190
129
204
14
59
222
125
5
125
187
92
246
205
85
221
116
155
22
106
167
235
248
138
61
111
243
209
191
31
73
196
232
11
238
76
6
99
181
12
34
1
50
8
226
34
9
192
42
194
39
224
6
137
34
8
43
195
208
241
33
91
222
144
24
212
198
64
166
163
198
15
152
67
36
189
136
104
10
108
36
118
161
101
113
39
107
58
202
169
106
215
77
120
144
47
139
215
161
162
243
233
70
57
50
117
103
254
233
187
124
252
60
214
53
109
125
217
225
246
222
203
242
245
107
135
246
233
40
228
158
254
87
251
255
127
109
117
188
95
50
217
117
221
84
155
14
200
163
235
111
168
53
93
1
240
190
158
77
46
246
63
190
250
6
38
252
120
35
17
179
0
224
38
105
196
160
75
4
241
70
153
50
95
11
195
70
190
43
67
199
144
92
196
204
0
162
161
128
15
30
67
174
137
8
72
72
40
49
181
224
101
121
39
47
58
138
169
107
242
29
120
208
101
43
83
241
40
99
233
66
191
241
113
124
255
32
127
88
210
57
241
123
236
74
132
89
246
159
22
208
107
174
129
126
166
158
227
251
211
45
229
253
250
189
28
255
238
117
161
245
91
202
155
91
232
21
218
95
137
183
80
7
104
190
223
97
144
179
189
154
60
70
162
21
255
241
125
124
247
163
127
120
210
43
241
250
239
200
132
91
246
215
118
215
47
188
129
254
172
186
243
255
211
61
244
185
90
61
156
223
202
125
241
247
122
202
191
79
243
61
219
31
142
183
16
199
104
188
158
73
208
179
57
219
125
86
162
183
68
35
128
50
1
130
34
12
192
34
163
32
160
195
11
3
12
43
33
210
143
167
83
135
192
19
211
228
0
0
129
64
15
26
195
36
9
8
98
64
44
48
48
225
69
113
55
107
58
234
40
66
182
93
88
144
15
35
215
179
40
243
237
74
253
62
247
212
124
103
41
254
212
252
250
53
79
239
155
238
243
212
75
102
125
137
238
62
78
232
174
11
219
30
114
239
113
37
117
251
86
118
197
244
214
68
24
158
206
130
233
236
153
36
94
129
240
30
148
73
192
244
35
188
92
70
34
240
29
241
255
252
54
53
121
114
245
190
213
154
221
184
53
74
156
252
99
235
180
246
192
247
169
58
247
216
121
213
244
251
218
24
134
236
223
121
240
121
250
223
255
47
242
245
195
111
187
171
139
71
248
29
221
93
55
243
123
223
123
211
110
251
215
49
19
183
125
34
122
206
18
170
115
53
2
194
193
243
34
215
156
7
75
169
164
10
14
138
170
79
210
41
48
127
112
181
188
243
53
246
135
213
194
66
147
72
234
14
192
94
206
45
118
149
105
122
181
227
192
58
43
122
76
6
51
181
187
220
108
135
255
221
151
137
190
125
30
127
191
62
120
245
255
247
28
176
212
82
187
124
55
212
121
59
254
123
95
127
5
237
222
86
246
83
173
183
209
213
78
189
197
134
252
17
133
149
150
13
254
167
143
235
48
116
190
60
214
31
60
188
64
42
147
51
8
194
166
229
200
170
74
6
208
134
155
34
11
9
195
194
173
167
79
157
153
92
156
166
0
134
163
214
111
136
65
37
29
138
237
74
40
52
48
160
103
233
39
115
186
200
169
115
247
93
120
208
70
235
147
225
40
99
97
102
215
112
216
62
249
34
120
78
50
58
128
51
36
203
134
91
114
150
145
16
201
168
169
58
134
138
226
75
211
45
225
103
115
164
28
255
50
245
1
245
210
202
26
72
250
17
193
95
217
38
90
20
104
26
254
105
144
178
191
158
28
6
179
177
57
158
254
199
62
125
177
182
252
252
214
85
125
121
91
228
244
254
67
251
244
114
247
246
249
42
228
218
124
213
253
255
253
104
195
180
223
50
248
253
222
93
91
158
208
227
211
111
187
191
143
11
240
29
155
93
54
243
119
188
250
159
46
221
20
49
176
176
201
130
34
69
66
32
130
37
224
69
128
16
126
43
227
194
247
45
91
199
146
106
98
236
0
132
193
196
15
3
67
188
1
128
111
76
109
32
148
195
69
113
191
199
176
100
137
120
242
88
88
65
47
26
215
163
10
99
229
72
56
58
247
231
63
251
179
254
220
184
214
53
109
94
155
240
246
214
203
250
245
43
207
255
137
40
228
159
126
87
255
238
125
44
245
190
95
114
201
117
217
85
211
30
192
167
227
111
186
60
221
133
240
29
156
73
70
242
191
254
218
6
38
252
5
35
16
48
1
130
166
0
0
160
170
34
128
66
1
34
69
43
161
211
199
35
67
194
128
95
193
228
0
134
129
66
143
26
65
36
25
8
232
72
104
52
52
33
245
113
183
111
184
202
41
67
246
77
88
193
39
147
151
177
32
115
225
74
151
53
208
54
221
162
92
10
66
1
137
115
166
79
132
17
127
163
38
215
195
46
33
71
198
222
243
111
146
44
192
36
14
191
60
158
32
60
99
215
73
202
155
235
237
89
191
15
64
246
80
67
96
162
24
97
18
51
246
131
56
117
181
74
255
241
89
126
255
40
126
248
90
59
253
251
238
194
196
89
246
215
55
209
105
172
161
124
174
159
227
251
211
109
229
189
242
173
156
255
111
125
161
245
251
206
255
91
248
23
222
93
203
183
19
135
104
182
159
105
80
179
189
218
60
86
180
189
3
197
8
138
7
24
4
2
35
66
53
128
8
41
36
15
4
118
32
177
2
80
192
96
64
145
129
8
51
40
16
1
144
52
144
8
66
72
2
0
38
139
44
41
22
20
116
12
18
128
16
4
2
1
227
14
25
2
48
60
17
208
6
203
187
214
108
206
191
189
147
25
191
93
20
239
189
63
108
245
244
246
68
185
244
114
187
124
113
182
113
122
127
123
223
103
143
236
218
20
247
91
232
249
215
223
74
189
208
115
244
109
177
223
156
13
254
133
219
93
50
242
246
189
243
223
46
223
179
222
104
143
255
157
159
136
190
95
63
122
191
30
108
253
243
247
60
52
76
22
187
108
39
213
121
43
151
123
87
63
132
237
222
223
226
119
173
183
99
223
110
57
149
142
252
21
197
149
22
4
142
167
143
227
112
116
184
60
213
157
52
188
29
251
239
220
38
53
125
118
181
158
245
152
93
184
61
202
157
252
227
235
180
116
196
179
153
43
167
240
109
212
244
233
223
24
163
172
223
120
240
121
254
63
255
47
246
181
83
110
187
171
175
207
242
29
159
92
55
243
123
223
123
250
109
251
135
142
8
130
1
88
128
0
46
69
6
70
144
63
106
164
8
80
4
173
0
80
192
96
41
20
24
0
52
10
18
1
148
80
121
194
0
74
15
0
129
177
40
49
4
132
116
160
81
17
49
52
29
67
162
174
48
64
32
100
65
25
4
234
179
245
80
54
255
128
93
8
214
1
189
123
175
78
4
93
119
151
52
209
195
46
161
111
166
222
227
47
82
57
196
44
138
173
60
158
234
125
163
247
83
202
165
107
200
21
156
31
193
182
80
5
104
130
156
97
16
178
182
155
56
21
164
152
58
58
255
230
63
127
185
190
214
188
222
117
109
93
91
244
246
222
75
250
245
99
229
247
171
40
228
218
254
85
255
239
253
108
213
188
223
50
201
245
218
93
219
30
192
163
195
111
187
190
159
139
240
29
159
89
38
243
63
252
250
22
38
253
124
58
243
33
152
248
170
229
88
186
194
53
228
135
219
210
251
136
139
74
237
1
79
157
205
88
126
231
78
207
163
254
69
131
109
183
61
190
237
118
233
84
210
166
111
165
43
243
186
108
108
243
244
29
29
73
198
250
135
225
206
7
97
118
84
35
144
83
200
128
98
100
74
33
98
53
224
194
129
34
118
11
193
194
207
45
75
199
146
74
198
238
0
132
129
134
15
35
67
182
21
136
119
76
104
52
144
195
69
97
175
71
185
236
137
104
244
28
24
193
39
122
87
179
8
38
161
72
252
58
215
247
252
225
249
252
88
185
210
55
239
215
139
242
250
206
219
106
237
141
239
156
143
42
242
211
222
69
227
239
125
161
125
247
127
247
249
245
221
84
219
30
234
167
235
245
186
100
95
247
240
190
156
73
198
244
151
251
222
6
32
244
24
211
254
252
38
55
253
118
245
190
245
136
93
248
61
74
188
250
98
251
182
126
65
247
137
59
231
250
109
245
245
227
223
120
130
44
223
120
240
105
126
31
255
47
246
245
211
111
191
234
137
79
242
29
219
93
63
243
123
223
251
251
204
251
61
239
239
220
34
55
249
247
241
222
245
144
95
241
59
78
152
236
234
107
54
124
84
179
189
43
134
208
109
213
116
251
254
88
160
236
222
120
208
121
254
191
185
190
242
164
211
110
187
169
175
207
248
29
159
92
61
247
123
223
123
179
107
251
124
237
239
252
32
119
125
247
177
214
245
152
95
241
159
206
137
204
242
111
54
253
116
179
157
43
150
208
105
244
52
233
198
82
37
234
222
124
210
125
62
191
185
231
191
180
211
110
27
170
239
223
240
93
53
92
189
199
123
223
123
247
203
251
19
212
24
62
157
168
92
10
34
32
173
232
46
203
4
25
100
162
53
208
131
46
41
107
230
159
99
107
211
45
225
101
154
174
156
222
98
37
35
215
35
202
40
201
216
89
182
143
193
247
82
4
108
144
226
33
16
179
189
159
24
48
182
9
215
208
144
56
221
2
12
6
2
35
169
170
162
197
6
27
109
163
38
209
139
167
107
11
134
71
243
107
147
45
193
102
155
188
148
47
40
172
34
227
34
74
104
105
151
89
167
27
208
238
16
5
36
88
112
99
146
179
149
19
188
112
178
79
84
41
147
86
200
194
120
103
194
32
83
52
82
198
153
18
63
11
226
198
207
175
133
135
154
90
246
204
128
174
132
218
75
31
65
174
157
134
194
78
8
32
149
194
237
109
163
79
251
238
169
243
182
88
80
211
71
123
83
243
40
33
193
70
4
35
17
113
0
200
230
96
72
162
74
6
192
68
201
130
15
9
131
66
143
40
67
194
201
94
150
196
0
134
163
210
79
18
65
32
17
138
202
64
40
52
176
226
101
115
39
107
187
200
41
115
240
93
89
64
7
75
83
227
32
99
225
98
92
42
247
245
48
249
168
254
88
186
194
53
64
149
203
226
235
204
203
74
237
9
110
153
141
9
162
133
68
6
35
222
125
3
125
187
93
182
205
84
217
116
147
54
111
167
107
242
136
45
108
243
224
159
159
72
198
234
7
197
76
7
97
54
252
47
247
245
250
111
169
255
252
124
210
53
93
255
219
228
226
212
75
110
124
137
166
58
31
168
174
25
222
152
58
255
117
37
117
251
86
118
193
212
215
84
25
30
72
134
201
76
137
37
94
5
240
30
151
73
128
244
35
188
92
6
34
241
92
58
211
245
184
233
170
244
88
184
194
53
116
150
219
242
123
202
203
74
237
9
111
157
141
8
234
199
78
207
179
254
125
131
125
183
61
246
237
116
217
84
211
54
111
135
43
247
185
108
110
243
240
31
29
73
198
250
143
229
92
6
97
246
232
206
103
203
214
79
135
241
111
197
57
222
159
175
255
237
235
213
61
109
30
221
190
56
47
221
63
57
255
90
54
63
112
103
125
219
66
119
125
150
55
65
124
63
15
158
124
180
205
53
86
180
75
190
134
238
216
252
40
28
93
76
50
176
255
113
125
252
55
51
127
248
214
63
241
187
239
200
148
91
244
223
118
215
127
188
129
190
140
58
243
251
210
124
244
185
122
60
156
255
222
125
144
245
90
202
183
31
242
53
195
95
154
175
24
199
104
188
159
65
192
179
51
219
125
86
162
181
247
241
81
63
253
32
91
216
210
41
245
251
231
195
132
89
114
199
30
85
75
172
161
124
166
138
235
11
211
41
97
61
250
165
52
255
98
113
1
247
211
202
155
90
216
25
200
21
137
55
82
5
104
186
142
105
80
176
181
26
28
70
182
153
254
241
117
247
255
37
91
248
214
125
245
123
175
74
148
85
242
213
95
101
107
170
160
60
46
170
171
11
211
25
117
189
242
37
60
251
70
113
1
245
211
202
147
30
200
30
200
28
137
53
82
5
104
190
143
73
208
176
57
154
92
6
38
189
56
62
247
231
254
101
161
255
252
252
210
53
109
253
155
229
254
204
203
250
245
137
239
190
139
40
228
146
254
85
251
255
125
109
117
180
255
114
217
245
221
84
219
158
72
163
203
77
184
60
223
137
240
190
157
77
238
246
103
254
218
6
38
252
124
58
247
245
112
119
41
255
216
254
210
53
69
181
219
226
250
204
203
110
125
201
206
191
143
168
190
145
232
142
58
223
113
7
117
251
84
246
213
84
156
84
155
150
111
167
107
252
154
45
127
243
209
63
148
77
196
236
11
252
78
6
33
244
186
208
126
230
63
55
217
191
246
254
245
241
63
56
48
117
244
254
87
251
240
114
245
246
176
43
228
218
127
213
245
251
255
108
134
244
223
120
248
253
218
223
127
14
208
117
211
111
191
190
155
15
250
29
220
93
62
243
63
156
251
159
46
217
92
34
211
177
216
160
162
101
72
187
66
53
192
135
147
66
106
201
201
71
233
37
79
217
140
88
188
135
64
132
161
142
71
3
69
187
53
186
5
84
200
68
16
134
99
5
11
243
152
108
56
49
241
93
28
73
70
250
19
181
72
23
97
118
255
241
121
126
255
161
95
120
210
59
245
251
239
74
132
89
246
215
54
211
107
172
129
94
174
155
243
251
211
125
229
189
218
189
156
255
238
125
177
245
123
202
255
91
250
21
219
31
143
183
17
199
104
186
222
97
80
179
191
219
60
86
180
189
51
241
88
62
255
128
93
8
210
1
181
250
174
74
4
89
118
151
52
212
195
46
129
71
166
222
227
47
211
59
196
44
154
173
28
222
106
25
227
247
35
202
21
73
217
93
189
15
193
182
18
7
104
128
124
97
16
179
190
187
56
85
182
9
255
121
121
183
254
47
95
216
222
111
251
251
239
202
244
95
242
245
55
101
109
174
160
124
15
255
175
43
210
89
117
61
226
45
84
255
66
125
161
245
242
222
54
31
210
30
220
29
141
165
16
5
104
191
157
65
16
178
49
190
92
86
32
185
231
220
111
139
223
199
219
216
62
71
61
122
191
171
246
125
235
245
61
100
10
213
190
104
110
213
57
47
215
27
50
63
112
101
29
219
66
117
45
150
51
200
108
27
221
28
252
149
205
189
18
37
73
178
132
235
216
188
40
60
92
29
48
176
23
144
144
32
89
162
36
78
2
0
168
97
102
69
134
25
109
171
163
149
225
13
107
67
198
207
120
239
18
36
192
101
159
147
144
4
33
136
45
96
105
2
58
97
125
81
55
207
240
246
41
112
244
96
120
227
39
155
134
131
144
113
213
74
12
34
179
49
24
240
172
71
80
186
202
53
64
132
137
98
139
8
131
66
233
0
79
155
141
92
146
197
64
230
163
214
5
146
69
170
53
190
105
20
104
36
50
96
103
133
39
235
122
108
40
243
211
93
120
48
134
203
135
225
10
35
97
102
88
34
17
119
8
162
238
65
64
168
235
35
224
66
137
50
54
11
163
211
239
45
75
223
209
95
227
238
64
167
161
214
175
146
67
36
189
136
232
106
104
60
177
225
229
113
183
107
184
202
169
123
244
77
88
193
7
155
215
163
178
115
225
78
28
58
247
229
252
121
185
252
216
190
210
53
77
85
219
225
226
204
203
106
109
137
230
156
175
168
174
153
222
15
51
190
117
101
253
251
92
183
201
213
157
84
155
30
106
167
235
124
152
61
94
243
240
191
151
73
196
224
11
174
76
6
38
244
28
171
239
220
34
119
253
118
181
150
245
128
93
176
59
202
157
216
227
235
52
112
68
179
153
57
149
208
109
212
116
232
222
88
227
172
223
120
240
105
60
63
253
39
182
245
83
110
187
170
175
207
242
29
153
92
47
195
91
221
123
251
72
250
1
70
4
10
1
8
4
0
34
0
41
0
0
57
108
129
5
50
4
32
64
98
160
34
64
21
5
64
177
2
1
80
176
80
64
0
0
0
2
128
38
18
8
1
4
210
212
76
1
1
84
4
28
8
131
9
25
64
32
4
64
66
0
8
70
3
8
128
2
30
0
7
4
66
35
0
17
146
48
39
0
80
64
132
0
144
48
3
24
128
12
4
0
136
24
0
32
4
210
138
64
66
7
128
128
49
20
0
0
142
0
204
18
44
133
8
19
89
131
154
0
96
0
20
72
16
108
233
211
244
218
31
221
130
94
156
114
171
133
184
166
131
134
27
126
131
56
211
139
169
239
45
164
67
250
111
83
45
225
103
221
165
188
127
2
189
39
247
18
202
104
75
155
25
203
19
213
198
90
37
44
250
244
235
210
191
189
31
156
48
178
199
70
65
8
138
2
83
0
7
6
130
61
128
17
146
61
162
9
80
0
132
2
144
228
3
8
129
140
8
1
136
16
24
160
4
3
138
66
64
7
0
34
35
20
0
20
156
0
204
83
40
215
4
27
89
160
154
144
96
40
24
73
80
66
225
65
146
215
73
248
176
163
244
56
189
0
207
134
121
131
9
234
237
169
107
204
37
206
121
73
250
184
38
93
1
49
127
247
164
85
58
80
248
237
118
244
94
42
46
209
144
217
115
152
172
24
37
244
157
156
73
16
242
51
157
216
87
34
255
64
23
147
112
8
34
40
223
0
170
2
7
128
192
131
19
238
205
161
66
206
173
202
27
78
154
178
10
210
0
35
110
83
38
85
59
16
188
97
70
96
68
56
47
71
4
161
127
152
172
24
5
224
28
156
73
145
242
51
191
92
70
33
242
92
43
147
117
0
234
236
103
72
162
75
4
64
196
217
130
15
9
227
70
175
45
71
155
155
94
150
196
64
134
160
194
71
18
97
45
21
174
218
66
40
52
177
226
111
237
167
107
187
200
41
243
245
93
17
208
199
203
83
227
96
99
193
102
66
9
147
245
25
98
252
207
8
170
11
7
130
196
139
179
107
197
33
67
206
173
198
19
79
202
178
11
82
32
35
122
119
38
85
186
114
122
225
84
224
92
48
106
197
22
193
111
153
172
24
5
240
29
157
73
16
242
51
189
88
86
33
250
222
9
147
245
97
66
248
207
8
130
83
150
146
198
139
250
106
213
33
103
14
173
198
115
15
202
178
13
82
40
50
58
119
39
117
155
82
126
201
86
160
88
184
106
223
30
193
46
217
172
24
5
112
29
149
73
16
242
49
189
88
87
48
250
255
241
121
255
255
33
95
248
214
59
245
251
255
202
164
95
242
215
63
95
107
190
161
60
174
155
235
43
215
121
116
189
114
173
188
255
102
117
37
245
243
203
255
95
202
157
216
21
207
183
87
133
106
186
175
105
208
180
189
218
93
14
182
181
254
241
123
255
255
37
127
248
214
127
245
187
255
202
180
94
242
213
63
111
107
190
161
60
174
138
239
43
211
105
117
191
114
37
60
255
118
117
37
245
219
203
223
95
218
30
200
21
143
165
86
133
106
190
143
105
208
180
57
218
93
14
50
181
2
66
8
138
1
24
4
0
39
66
33
128
0
11
36
3
68
82
4
164
2
80
128
32
64
145
9
8
19
8
16
1
144
4
144
10
0
72
2
2
38
130
40
1
16
28
68
4
16
0
16
4
4
0
163
138
16
96
32
20
64
80
2
233
236
111
239
220
48
87
125
247
181
214
125
152
91
181
151
238
139
84
121
111
30
205
228
179
31
239
151
16
113
138
50
9
240
7
53
251
66
117
87
244
50
234
185
55
63
158
101
172
95
173
119
149
89
30
150
12
208
236
105
93
77
68
3
243
250
210
126
255
255
49
219
184
214
191
244
251
255
216
116
127
246
215
95
251
248
246
161
246
174
42
229
250
223
85
245
250
250
44
150
252
223
121
161
245
218
223
87
30
208
55
130
77
191
175
159
5
250
29
159
89
18
242
55
156
123
94
38
249
0
2
145
131
200
201
162
69
10
112
2
5
144
52
185
160
110
3
129
0
192
33
74
193
81
0
8
4
0
136
25
70
69
0
67
48
16
194
205
64
164
20
0
6
69
134
37
99
152
44
8
36
182
29
24
73
6
98
2
164
64
7
32
98
255
241
219
54
55
163
216
106
210
169
245
251
246
130
132
90
246
151
54
151
193
13
227
79
174
219
251
127
83
109
228
110
159
189
60
255
254
125
235
245
83
203
247
107
187
21
153
111
205
166
91
135
248
50
188
67
80
179
191
219
57
29
178
223
3
6
0
2
136
132
0
1
34
102
2
4
128
9
33
5
68
32
1
128
192
34
90
72
80
128
4
2
2
136
1
66
71
36
67
56
16
40
1
74
4
64
0
136
64
64
128
75
16
44
24
0
178
24
28
65
0
98
19
148
8
87
32
96
252
28
247
229
254
111
251
255
60
125
86
85
31
253
251
228
226
212
29
102
100
137
166
58
46
138
168
27
254
73
58
255
117
101
60
251
82
119
153
212
215
212
24
30
200
134
201
76
137
37
94
5
248
30
159
77
152
244
43
188
92
6
34
249
248
83
127
85
54
55
217
242
246
159
245
219
223
248
49
79
244
255
95
255
124
246
229
182
169
42
229
216
125
212
244
186
250
60
134
252
222
121
144
249
218
95
187
30
208
231
195
78
191
175
159
7
248
29
157
93
52
243
59
223
123
150
46
251
187
241
81
62
55
160
93
26
214
11
241
251
175
74
164
95
114
215
54
81
131
46
129
111
164
158
227
43
82
121
100
45
82
173
188
223
102
125
35
245
67
202
255
105
138
21
156
95
196
183
80
132
106
178
254
97
208
178
182
219
61
79
182
55
2
134
0
131
200
132
134
129
10
107
42
74
128
4
81
5
67
65
4
128
192
32
27
72
92
213
61
47
150
10
3
86
69
164
95
26
80
32
41
2
97
68
32
169
69
84
188
17
152
140
24
1
180
1
140
99
16
114
18
52
64
87
32
184
76
43
147
113
0
250
230
229
200
186
202
23
193
68
219
162
11
9
195
66
239
169
79
222
141
94
150
132
64
134
35
218
111
18
67
32
61
170
237
0
168
52
177
224
103
231
39
107
58
104
169
243
211
93
89
16
71
203
215
227
40
35
225
102
188
59
117
231
248
233
170
248
88
25
210
119
229
67
203
224
242
205
207
98
229
45
131
222
142
58
114
143
206
70
227
190
127
103
125
191
21
246
201
213
221
68
155
22
233
167
235
95
168
53
109
247
226
190
31
73
198
186
23
235
76
7
37
52
187
26
126
231
255
121
251
188
220
29
214
119
127
120
91
244
246
214
95
242
244
114
167
244
170
42
228
154
254
215
247
255
253
108
85
252
223
115
201
253
217
221
219
30
192
167
227
77
187
175
159
13
248
29
159
73
54
242
63
188
250
158
38
221
255
115
113
118
55
48
93
218
214
187
240
187
239
139
132
91
242
213
63
89
41
142
161
60
140
139
227
43
210
41
96
61
114
173
188
255
118
125
33
245
226
202
187
95
202
131
72
93
200
183
86
132
104
186
175
109
144
176
61
222
92
6
52
181
122
209
239
255
63
183
249
191
212
191
212
185
255
216
53
95
246
223
95
251
248
247
231
183
142
42
228
158
91
213
245
250
251
44
150
190
223
121
129
245
218
79
215
14
208
53
131
79
191
174
159
5
250
29
157
89
16
242
63
159
123
86
46
249
255
122
119
245
190
53
249
250
214
191
242
51
111
218
211
215
242
212
95
107
105
138
164
62
14
170
166
11
223
73
116
255
112
37
188
255
86
119
129
213
218
70
219
30
202
134
200
220
136
45
86
133
120
190
135
73
144
240
41
222
92
6
34
181
2
3
0
52
1
10
46
67
0
2
3
0
0
97
4
0
0
9
5
68
2
42
128
98
76
138
166
12
16
4
32
8
82
54
68
138
0
40
2
192
4
98
24
203
192
8
133
78
16
36
16
0
96
24
23
9
9
34
17
177
8
86
33
32
1
68
12
10
0
156
7
4
34
70
12
4
8
61
36
5
9
112
0
32
0
80
152
32
72
148
8
0
49
8
25
1
144
68
145
138
0
64
1
8
38
146
8
129
20
16
100
0
17
8
16
4
16
9
128
10
56
64
40
60
64
208
46
232
253
58
247
245
254
47
249
254
220
125
215
117
111
251
219
244
242
212
95
102
109
139
164
62
46
170
174
155
254
9
112
255
112
101
124
251
86
119
145
213
223
212
155
30
200
134
200
92
138
53
95
133
120
190
151
73
200
180
41
250
92
6
38
189
84
50
222
223
253
178
122
124
26
187
209
185
174
131
131
75
106
213
185
111
137
229
207
57
12
218
250
63
90
9
33
110
91
133
180
187
86
253
53
119
244
74
235
14
179
141
73
19
30
238
60
181
101
248
255
238
192
190
191
223
92
87
55
247
255
114
127
247
255
181
249
248
214
253
244
123
239
251
208
94
242
213
95
107
104
142
172
124
46
170
174
27
254
73
116
191
114
101
60
255
86
127
17
245
219
206
219
30
202
134
200
213
143
53
95
133
120
190
143
77
192
244
59
218
92
22
38
189
0
3
0
20
9
2
12
3
0
40
35
1
0
64
1
2
36
8
1
192
192
170
128
2
72
8
166
8
128
128
41
68
114
52
64
56
0
34
0
192
134
66
16
10
64
70
129
78
0
36
88
0
34
24
157
9
1
98
19
176
72
70
32
97
252
59
251
247
252
59
249
254
218
191
211
119
103
210
219
240
242
212
159
111
111
169
166
30
175
138
230
139
215
105
116
191
117
37
124
255
86
247
129
213
219
222
147
94
234
143
201
92
207
61
94
183
104
191
151
73
208
250
57
254
92
22
35
181
56
210
44
94
38
189
156
50
119
190
117
201
92
57
61
15
180
250
98
187
244
118
81
247
153
35
229
218
109
245
245
226
223
120
194
36
223
72
176
105
254
31
127
47
244
245
211
111
187
234
137
15
242
29
217
93
63
243
119
181
243
251
110
203
1
0
128
10
137
192
2
4
2
34
2
4
128
5
11
1
79
66
129
0
192
35
74
65
64
64
28
4
16
0
1
66
149
0
193
32
16
136
105
2
32
20
8
33
85
112
53
99
16
72
24
4
180
9
88
1
18
34
10
177
0
67
36
98
215
116
80
62
29
34
94
10
34
34
169
170
174
143
132
27
118
163
52
209
139
175
73
47
132
222
235
79
19
45
225
102
155
173
180
63
34
188
35
215
2
202
106
233
155
89
47
27
64
246
80
0
44
178
114
231
154
179
181
23
188
96
182
7
1
132
136
11
137
208
130
4
2
34
0
140
128
13
15
33
77
32
1
128
200
35
74
65
64
65
12
38
17
0
1
66
149
0
193
32
16
136
104
98
32
28
40
161
21
112
53
99
17
200
24
0
180
25
88
65
16
162
50
181
16
211
96
106
88
57
155
119
33
32
252
235
200
162
231
34
240
194
139
18
62
139
226
86
47
175
67
214
145
95
247
232
66
162
230
178
15
30
67
166
153
136
250
75
40
60
181
225
229
121
183
47
187
202
169
251
244
29
120
209
7
187
213
243
56
51
201
74
59
152
76
130
175
249
147
56
254
29
22
69
189
57
124
229
116
178
70
177
244
114
211
116
49
48
68
22
126
211
215
227
159
104
195
52
255
91
248
249
221
221
94
15
208
99
246
111
185
254
153
13
244
13
219
93
62
243
182
188
242
155
44
218
184
56
255
231
255
105
249
252
252
25
222
117
111
119
219
241
242
220
219
114
117
139
167
188
175
42
230
155
254
71
247
190
125
109
125
255
127
119
217
245
217
212
155
30
200
167
235
92
169
52
95
133
248
191
157
73
222
182
47
186
94
6
38
244
252
59
255
245
126
127
249
254
252
254
210
53
111
251
219
242
242
212
219
111
109
201
238
190
175
170
174
155
254
77
118
255
113
103
252
255
86
247
213
213
221
84
219
30
234
143
201
220
143
61
126
181
248
191
151
77
200
252
41
254
93
6
35
181
70
65
8
138
2
86
0
7
7
66
41
4
17
134
61
166
9
80
0
132
2
144
164
2
24
129
140
0
1
136
24
16
32
4
19
138
0
66
7
128
34
35
20
8
20
158
0
204
19
40
214
4
3
89
164
154
128
96
40
16
73
80
74
161
212
249
219
253
113
162
248
110
90
169
245
251
230
130
134
90
54
215
188
79
143
13
227
75
175
203
235
127
83
45
228
110
247
181
60
255
54
253
242
247
243
206
231
107
187
29
217
255
221
226
123
247
253
254
61
239
81
191
191
251
57
117
147
239
28
58
211
229
184
249
170
244
88
152
210
53
112
22
219
224
107
204
139
74
229
9
207
157
173
136
42
133
78
79
55
222
117
161
125
187
125
247
201
21
217
84
211
30
111
135
43
114
174
53
111
247
242
151
191
104
198
234
15
236
77
15
97
246
57
23
125
69
62
253
251
116
254
220
214
85
125
125
89
228
244
254
67
250
244
114
229
246
185
42
228
222
124
213
253
251
255
108
68
188
223
50
216
253
220
93
27
142
208
163
195
79
187
173
159
11
248
29
159
93
62
247
59
188
250
150
46
249
57
50
125
100
254
189
251
116
252
28
214
85
109
125
89
228
246
222
67
242
244
98
135
246
170
40
228
222
252
85
253
235
255
108
84
188
223
114
145
253
220
221
27
14
192
163
195
79
187
173
31
5
240
29
159
73
62
246
59
188
122
22
38
253
254
245
249
126
55
131
95
11
210
73
245
251
255
194
164
94
255
151
54
151
131
63
193
71
180
223
243
127
83
125
212
104
143
189
36
255
238
121
227
117
115
203
245
105
191
21
181
79
245
166
27
199
104
16
124
99
80
179
255
219
59
95
176
219
57
59
117
117
254
189
187
120
252
28
214
55
237
121
217
208
254
221
75
242
245
106
131
246
143
56
244
156
254
84
245
255
95
109
85
190
95
114
217
117
221
85
155
30
193
163
203
79
170
181
93
133
240
31
159
77
110
246
55
251
122
7
36
252
1
132
136
9
136
208
130
4
42
162
0
140
128
5
47
35
77
34
33
128
200
99
94
201
65
65
4
102
1
3
3
66
221
8
195
32
16
136
104
98
48
28
40
169
21
112
53
99
153
200
24
5
180
25
88
65
16
226
51
181
16
211
96
234
222
57
219
245
246
98
250
196
88
187
211
53
113
198
187
242
114
220
27
78
111
185
103
30
143
138
234
141
195
109
182
190
117
165
125
251
127
119
193
213
138
68
215
88
234
143
139
60
221
44
94
199
226
191
53
105
212
250
41
254
93
6
114
177
72
43
147
113
136
248
230
233
200
186
234
39
224
196
203
162
95
11
227
82
239
175
79
222
145
95
87
230
64
198
163
214
47
138
67
36
61
138
237
104
232
52
178
224
101
227
55
227
186
202
169
115
246
29
73
113
7
232
215
163
170
99
233
70
183
244
145
54
221
34
37
26
226
37
169
106
230
207
6
25
117
239
39
209
227
38
57
79
198
255
245
235
146
53
193
103
143
156
130
38
169
128
32
235
78
138
10
225
245
113
183
79
240
246
8
74
100
0
88
65
46
179
151
147
184
243
236
76
43
212
108
3
191
189
147
25
190
93
22
111
189
63
108
213
108
247
4
176
240
114
155
124
49
180
89
50
254
91
87
103
141
236
219
16
243
91
169
59
213
221
78
141
209
66
252
97
161
215
152
12
254
133
203
45
58
114
182
188
210
159
44
218
92
42
247
97
56
252
170
229
216
186
194
53
65
39
219
226
251
136
203
106
253
1
78
157
157
88
62
135
76
207
35
222
125
129
109
191
61
190
237
60
237
84
211
166
111
227
43
243
187
108
108
243
241
29
29
76
198
234
143
225
238
7
97
118
185
155
255
85
38
63
219
182
254
149
247
215
95
121
123
230
244
254
95
251
244
115
229
246
185
42
228
218
124
213
245
251
255
120
194
252
222
123
216
249
218
159
187
30
208
227
211
111
187
175
143
15
248
29
155
93
54
243
59
253
123
159
110
251
28
43
163
241
168
248
234
229
76
186
210
21
81
68
219
192
91
136
203
202
239
41
79
155
141
90
54
133
68
132
177
150
119
2
79
187
125
182
221
4
168
116
144
110
71
167
11
242
187
108
124
97
243
29
157
88
199
226
75
231
76
35
225
246
131
198
0
3
173
152
142
128
10
171
35
202
128
1
73
17
12
35
36
147
196
38
10
72
97
215
61
98
22
35
3
86
151
184
73
0
122
137
232
34
97
92
40
169
149
80
188
49
184
218
24
5
244
133
220
97
19
211
182
165
176
83
32
46
250
242
127
255
255
49
253
248
222
187
253
251
255
216
228
123
246
215
95
251
105
190
165
188
174
174
227
187
223
117
245
254
250
45
188
255
94
117
161
245
219
207
219
30
218
183
202
93
175
191
95
135
248
190
159
73
208
242
63
222
125
94
38
189
250
242
127
255
255
49
253
248
214
187
253
251
255
208
228
123
246
215
95
251
105
188
165
252
174
170
227
155
223
125
245
191
250
45
188
255
94
125
129
245
219
203
223
30
218
183
202
93
143
191
87
135
122
190
159
73
208
243
61
222
125
94
38
189
151
241
80
110
53
160
93
90
82
25
241
251
238
139
132
91
118
231
38
217
225
14
161
127
166
191
227
123
87
45
224
125
218
37
60
255
102
61
33
245
115
202
59
15
250
17
216
95
192
183
80
7
104
186
190
65
16
179
183
158
188
86
166
57
2
7
0
20
1
132
8
75
0
66
1
2
128
65
0
7
106
33
33
66
194
36
80
67
84
158
177
45
2
138
32
64
70
36
71
186
0
40
105
68
96
72
48
171
197
80
181
111
153
172
24
1
240
28
156
65
16
242
51
189
88
87
32
250
2
130
0
3
137
192
142
129
10
171
43
206
128
4
1
32
13
3
36
147
200
39
74
72
65
85
61
102
0
35
3
86
199
184
73
0
120
136
232
34
96
92
32
41
149
84
188
51
153
200
24
1
244
1
220
97
19
83
146
181
16
83
32
106
192
201
155
219
49
91
240
238
155
145
46
159
19
150
207
234
107
212
188
15
14
141
236
19
43
199
27
33
215
11
18
62
240
7
53
251
22
247
207
180
179
255
168
118
63
158
124
176
205
41
119
181
153
127
165
238
208
232
40
110
93
4
19
191
205
122
126
117
253
179
126
248
56
187
232
187
238
161
196
107
32
141
191
27
237
205
170
185
7
126
235
247
216
79
33
119
123
177
188
105
118
189
181
247
222
238
235
63
251
171
74
209
44
231
60
183
205
254
207
142
222
253
183
222
158
118
179
53
251
85
126
255
255
37
95
201
182
111
125
187
191
234
244
127
242
213
53
103
90
190
180
62
30
139
163
43
211
89
116
61
242
37
52
251
82
117
129
244
210
202
92
31
218
30
200
30
141
165
82
5
104
30
141
73
144
242
57
156
93
86
34
185
179
245
88
78
55
160
93
26
114
11
181
251
174
11
132
89
118
167
52
153
163
44
161
111
164
191
227
63
87
41
224
101
218
237
188
223
74
61
51
247
115
202
171
107
155
25
220
31
193
247
18
132
108
162
238
103
16
179
190
223
156
117
164
27
185
25
254
247
255
241
249
188
220
61
246
117
127
216
91
228
246
222
95
242
252
187
167
182
170
42
230
154
254
85
245
255
255
45
20
252
223
115
208
245
219
221
219
30
200
167
203
78
191
191
223
133
248
159
159
73
118
243
63
159
122
30
38
253
120
59
255
247
191
249
249
252
252
189
214
53
239
253
91
243
246
223
91
251
253
111
199
247
175
42
228
158
126
85
245
191
255
108
245
190
95
123
217
117
220
92
155
30
201
167
203
111
186
188
29
129
240
189
157
77
76
246
63
255
122
23
38
255
56
58
255
247
191
253
249
188
252
189
214
117
237
121
27
244
246
222
91
250
245
103
199
247
169
42
228
158
126
85
245
239
255
108
85
188
223
123
217
245
220
93
219
30
192
167
195
111
187
172
159
133
240
29
157
77
62
246
63
252
122
22
38
253
2
128
136
11
137
208
134
5
14
163
8
204
128
4
39
35
77
2
32
145
200
35
90
73
81
85
148
102
0
131
3
66
205
136
67
32
90
8
232
98
112
28
32
173
149
116
53
99
153
200
24
1
244
25
216
81
18
242
178
181
80
83
96
234
186
243
255
244
55
181
217
122
246
159
213
249
255
216
52
95
244
222
95
251
240
118
225
247
172
42
228
222
93
85
244
250
254
44
148
254
222
121
128
245
218
207
95
30
208
53
195
79
191
191
30
7
250
29
159
89
16
243
51
158
123
222
38
249
0
2
23
131
136
129
160
101
34
240
2
5
16
48
177
0
102
130
193
34
208
32
78
129
152
8
0
78
0
128
145
86
125
2
64
48
17
194
1
70
132
16
8
6
64
132
65
71
25
108
8
5
54
24
152
73
0
114
3
148
72
6
32
121
22
49
147
118
105
34
120
15
194
32
195
38
230
198
3
16
116
171
34
210
231
47
83
207
210
74
246
222
192
165
231
230
143
156
67
6
137
136
250
75
40
24
161
225
245
113
183
111
187
238
137
75
244
13
88
209
39
147
215
179
176
243
201
78
186
241
255
188
55
165
93
127
214
251
253
249
255
140
52
94
255
214
119
241
241
22
227
255
174
127
243
255
83
245
244
232
207
44
156
254
222
125
233
245
90
207
247
47
211
53
247
111
159
174
27
135
232
28
156
89
16
179
59
217
123
95
34
255
250
59
255
247
183
177
249
252
220
191
214
55
255
216
59
215
254
215
91
255
253
191
231
191
143
42
246
159
94
85
244
186
127
44
212
255
95
127
209
117
216
93
223
30
195
165
203
95
190
191
31
133
242
189
159
73
84
242
63
223
123
31
36
255
56
59
247
247
254
233
251
252
216
185
210
117
109
87
219
224
187
204
203
106
245
41
231
158
173
42
242
147
206
71
119
254
127
101
125
183
255
247
217
117
217
92
219
30
235
167
235
127
168
183
79
199
240
190
158
73
198
242
23
255
126
7
163
246
184
251
81
119
248
232
254
225
88
27
123
127
228
71
203
240
123
131
143
194
199
41
39
222
235
95
247
175
198
47
163
182
119
39
77
183
125
179
249
244
121
124
145
127
229
55
191
127
169
239
72
99
240
15
25
73
198
251
19
167
124
115
225
172
190
249
251
255
55
33
252
250
82
185
253
251
118
210
228
122
246
214
183
107
47
188
229
63
175
143
227
251
95
109
244
255
242
165
60
254
247
125
241
245
219
207
255
126
250
23
203
94
207
183
119
215
122
190
191
109
208
179
63
219
125
110
167
189
94
50
145
113
201
226
166
12
208
186
234
35
224
65
3
51
125
171
163
146
237
45
90
219
208
95
243
230
72
199
227
198
143
154
195
36
61
136
108
104
104
52
242
225
85
113
183
107
184
202
136
75
244
93
88
81
39
147
215
183
178
243
237
78
191
114
119
117
255
33
57
250
210
59
241
51
111
200
193
81
246
212
71
242
233
140
165
191
142
42
226
219
210
93
245
255
120
45
60
255
94
118
129
245
219
74
219
30
202
167
202
93
136
183
86
135
104
158
159
73
128
178
51
158
124
6
34
181
252
59
255
245
126
119
249
254
252
254
210
53
111
239
219
246
242
212
219
110
101
203
238
62
175
168
174
153
222
75
122
255
117
103
253
255
86
119
221
213
221
68
155
30
74
142
201
252
143
61
94
149
248
191
149
77
216
252
41
254
92
6
34
181
252
63
247
245
254
103
185
255
254
253
90
117
79
239
155
254
243
212
91
111
124
137
230
62
15
170
174
27
223
26
114
255
117
37
125
251
82
118
205
244
215
92
24
30
202
134
233
252
153
44
94
5
240
30
148
73
144
244
33
188
92
70
34
241
254
243
123
255
55
53
251
248
214
255
241
187
255
154
241
94
242
212
31
111
105
186
164
60
44
138
238
11
215
105
117
191
112
37
188
255
118
127
1
245
218
75
223
30
218
135
200
92
143
45
86
133
122
190
175
73
208
240
57
222
93
94
34
181
184
58
255
231
255
125
251
252
252
61
214
117
111
125
91
228
246
222
219
242
245
75
167
180
171
42
236
154
254
87
247
255
253
109
85
244
95
115
217
245
223
93
219
30
200
167
235
77
187
61
223
133
240
191
159
73
118
246
63
190
122
14
38
253
163
212
104
131
255
157
151
9
190
85
62
107
189
30
108
245
231
247
28
176
192
82
155
108
102
212
121
59
190
123
95
63
132
236
222
82
242
83
169
183
81
213
78
57
213
70
252
17
133
149
18
12
188
163
143
107
48
116
190
60
210
159
60
152
94
59
211
247
254
178
250
199
88
186
83
53
211
194
187
250
114
207
57
110
207
45
70
91
143
202
162
205
70
232
52
250
119
167
93
187
127
126
223
212
128
100
145
72
203
143
195
255
221
44
28
215
227
117
189
235
213
126
91
191
76
36
241
177
211
50
145
113
201
240
34
140
216
59
226
103
226
65
2
49
125
171
163
146
236
175
91
222
198
95
115
230
200
199
227
198
143
138
195
36
61
136
109
106
108
20
98
225
213
113
183
227
184
206
136
106
244
93
88
241
39
144
215
183
178
243
253
78
5
68
8
2
0
28
6
1
34
70
46
0
16
51
76
4
0
64
4
36
0
66
144
32
88
148
13
0
32
8
24
0
144
4
64
138
0
0
5
8
32
146
8
129
20
88
100
4
17
32
16
4
9
9
131
138
16
64
32
36
64
80
32
232
187
241
113
38
55
161
95
56
214
137
245
251
191
10
132
94
242
215
55
85
43
46
161
124
44
154
227
43
82
121
116
61
210
45
60
223
70
125
33
247
91
203
255
75
202
29
152
31
207
182
81
133
104
178
188
97
64
178
49
218
61
30
54
191
58
154
238
231
191
253
249
188
252
189
214
85
125
125
59
244
244
254
75
251
244
115
231
247
185
42
228
158
126
213
253
234
255
108
71
180
223
51
216
253
218
93
91
30
208
231
195
111
187
174
159
9
240
29
159
93
54
242
63
188
250
159
46
249
179
245
80
62
55
160
93
26
114
11
177
251
174
75
132
91
118
247
36
209
131
46
129
111
164
158
227
59
83
41
224
101
90
173
188
223
106
61
35
245
99
202
58
107
154
81
220
95
192
183
80
4
104
178
238
97
144
179
190
159
28
71
182
51
28
42
243
97
56
248
174
228
88
186
218
53
192
22
219
226
203
137
203
74
229
1
207
221
141
92
62
135
76
199
163
222
125
129
109
187
61
190
237
52
233
84
211
54
103
167
47
241
186
109
109
243
243
29
31
64
198
203
143
225
206
3
97
118
23
50
145
114
221
162
46
12
226
43
128
98
166
67
6
17
124
171
160
146
227
47
91
79
198
146
242
239
2
33
225
102
135
154
130
36
185
136
122
107
108
8
162
201
241
81
183
79
240
254
8
66
228
0
120
241
47
147
215
147
178
243
253
78
189
58
247
101
252
127
249
254
248
29
210
117
79
123
219
240
242
220
219
106
101
203
174
188
175
168
46
155
254
15
114
255
117
101
125
255
84
247
217
213
221
84
155
30
232
162
233
220
138
53
95
181
240
191
151
77
200
252
43
238
92
6
39
245
28
43
243
245
184
249
170
229
92
154
210
53
81
86
219
224
123
136
203
202
229
41
207
155
141
24
54
133
68
206
179
158
101
35
111
187
125
246
205
20
233
116
211
126
111
135
43
242
186
109
237
243
242
31
159
88
198
203
15
197
79
47
97
118
185
56
255
103
254
105
249
252
248
57
222
117
111
119
203
241
242
204
219
114
125
137
175
188
175
42
226
155
255
69
243
255
125
109
125
255
127
119
217
245
219
212
155
30
200
167
203
92
169
53
95
133
248
191
159
73
222
244
47
190
94
6
38
245
188
59
247
229
180
125
185
252
220
222
210
117
77
55
219
240
250
220
203
110
117
201
230
188
175
168
46
153
222
78
118
191
117
101
125
223
86
119
217
213
157
84
155
30
106
167
233
180
154
61
95
181
240
191
151
77
192
244
41
238
92
14
34
245
58
211
172
220
38
181
217
50
247
190
245
136
93
56
53
74
180
250
98
251
244
118
81
247
153
42
229
218
109
245
245
226
255
120
195
44
223
104
248
105
126
31
127
47
240
245
211
111
187
234
137
15
242
29
216
93
63
243
51
221
243
251
110
251
28
42
231
229
48
249
170
245
88
186
210
53
65
4
219
226
171
200
203
74
253
41
79
153
141
8
38
133
68
134
35
158
109
33
109
187
93
182
201
20
153
116
147
46
79
167
43
114
185
44
126
99
240
29
149
72
134
226
11
245
76
7
96
246
221
246
254
116
121
179
123
122
114
185
228
251
238
185
132
91
242
173
191
59
233
205
233
251
166
106
234
215
125
77
225
231
251
227
60
117
118
189
53
245
223
206
106
22
235
33
75
219
173
247
126
53
237
254
223
79
222
254
183
142
222
22
183
157
218
51
147
115
201
98
110
142
194
34
235
34
228
196
3
50
125
171
35
210
175
175
75
222
134
79
247
234
194
165
227
230
15
158
67
14
9
136
250
74
40
32
176
225
245
121
183
47
250
202
160
115
116
93
112
241
7
185
213
179
180
243
209
78
43
214
108
10
47
253
147
48
190
84
60
205
188
57
124
165
212
186
195
185
244
114
83
246
49
32
196
114
125
215
213
227
159
120
195
36
255
74
248
105
254
31
126
39
212
115
247
111
185
250
137
13
246
13
219
93
62
243
55
188
243
219
46
219
251
240
127
255
255
181
121
248
246
253
116
251
175
155
180
95
242
245
125
111
120
142
160
124
46
170
175
59
223
89
116
191
242
37
190
251
82
125
17
245
211
202
90
30
218
150
200
93
141
181
94
5
104
190
143
77
16
246
59
158
93
86
38
185
1
6
49
0
201
2
39
88
162
100
130
1
0
73
128
5
98
100
3
64
192
34
24
98
70
168
8
12
144
8
1
65
85
36
82
186
0
32
1
76
68
0
24
131
64
64
228
77
16
36
24
0
96
24
140
1
0
50
19
180
72
70
32
120
252
58
247
229
126
127
251
254
252
191
210
117
79
25
219
247
242
220
91
111
228
235
238
62
173
170
46
159
223
9
113
239
117
103
252
255
86
119
149
215
223
84
155
30
202
174
73
220
156
61
94
133
96
191
151
77
192
244
41
254
92
6
34
245
187
251
127
247
183
181
249
248
254
221
117
251
175
123
208
95
242
213
95
107
108
238
164
124
45
170
167
27
255
89
117
191
242
101
60
255
86
127
145
245
215
222
219
30
202
134
200
93
137
181
87
133
120
190
159
77
88
246
59
222
93
30
38
189
1
154
215
65
232
240
163
244
58
189
2
77
142
121
139
129
111
231
169
43
204
109
238
249
73
251
48
110
60
1
35
127
247
226
93
48
80
248
249
102
245
92
42
38
213
128
217
115
152
204
28
37
244
29
156
73
16
242
179
173
216
87
33
254
12
43
239
216
32
87
125
247
149
214
93
148
81
180
155
202
137
88
226
111
22
240
228
179
29
33
150
144
97
132
54
201
244
16
97
170
214
124
210
120
50
63
177
54
54
180
69
110
27
168
239
219
144
29
148
92
129
226
107
221
89
68
75
242
70
3
128
128
0
30
0
7
4
64
3
4
16
144
57
38
0
16
1
68
2
0
16
3
86
128
12
4
0
136
24
0
32
6
67
138
0
66
7
128
128
160
16
128
0
206
0
204
81
36
144
24
1
88
131
18
16
64
40
20
72
0
8
225
56
195
111
217
38
23
219
242
181
214
119
130
221
57
121
102
148
249
66
239
116
116
84
242
185
34
165
216
108
212
117
251
254
88
195
172
222
122
216
121
254
31
57
62
240
166
211
111
187
169
137
15
242
29
157
93
60
247
59
253
123
219
104
251
57
25
239
84
62
189
217
114
254
189
215
85
223
249
120
198
244
252
87
251
244
86
225
247
171
42
228
222
124
213
244
251
255
108
68
252
222
123
144
253
216
221
27
14
208
227
195
79
187
173
159
13
248
29
159
77
56
242
59
188
122
150
38
249
43
132
108
2
47
221
147
24
190
93
22
69
188
57
108
229
84
178
68
177
244
114
211
116
49
32
76
22
124
211
215
227
157
104
195
36
255
74
232
168
220
157
94
15
208
115
246
111
185
190
137
13
246
13
218
93
62
243
54
188
242
219
44
218
65
6
0
10
193
14
6
0
34
68
40
0
0
57
13
37
70
97
1
36
64
194
24
32
66
128
12
12
176
8
8
1
176
4
82
138
0
0
5
136
38
2
24
129
4
202
68
132
0
4
16
40
1
72
131
139
56
8
0
4
64
192
54
65
2
1
8
152
0
22
0
7
4
66
37
0
16
192
57
38
0
24
1
196
2
50
208
3
24
128
4
0
0
128
16
0
160
22
131
138
0
64
2
0
34
35
20
64
20
148
1
206
19
40
177
8
19
25
96
16
17
66
41
176
0
32
73
225
58
211
44
205
38
157
220
49
190
214
125
200
221
56
61
78
148
250
66
187
244
118
83
247
185
38
165
250
109
245
213
226
255
120
195
44
222
104
248
105
126
31
125
47
244
118
215
111
187
138
137
15
242
29
153
93
63
243
51
189
115
219
106
251
2
2
0
131
200
148
134
129
10
11
10
70
128
4
81
17
69
71
4
0
192
32
26
72
68
212
61
42
150
10
3
86
69
164
95
24
80
32
41
2
97
84
0
137
69
68
188
17
144
140
16
1
180
1
140
99
16
82
18
52
64
87
32
184
254
251
127
255
254
55
251
248
222
255
241
255
255
202
251
254
242
213
95
111
126
187
164
60
175
170
238
159
223
89
116
191
112
101
188
255
86
119
149
247
219
206
223
30
219
142
200
28
143
61
86
133
106
190
135
77
208
244
57
222
93
14
34
181
58
147
238
255
191
181
217
189
244
189
212
249
191
88
51
77
246
247
91
251
244
127
247
247
42
42
228
158
127
209
245
250
255
44
150
252
223
123
241
245
218
95
83
30
209
229
195
79
189
173
159
13
242
29
159
89
48
242
127
159
123
223
46
251
186
209
239
188
55
181
93
123
214
191
253
251
255
140
52
95
253
213
119
243
240
55
227
247
172
127
247
254
91
215
244
232
207
44
150
254
222
125
233
245
122
207
119
47
215
53
183
111
191
190
154
5
248
29
156
89
16
178
59
159
123
95
38
251
191
251
119
245
54
53
251
248
252
223
243
251
239
89
243
247
242
212
95
107
38
234
172
126
45
170
38
27
223
89
117
255
114
103
188
223
86
127
209
247
223
78
219
30
202
134
73
95
140
61
86
133
122
190
143
77
208
244
49
223
93
14
34
181
3
7
0
20
1
68
8
67
0
66
1
4
0
69
0
7
43
0
37
67
130
32
80
66
84
159
179
40
2
2
35
64
66
36
69
186
0
40
232
68
96
72
48
171
197
80
181
110
25
172
16
1
240
28
156
65
16
242
51
189
72
87
32
250
186
17
238
213
55
181
217
50
244
191
213
209
255
184
48
71
244
252
87
251
240
118
225
247
168
42
228
222
124
213
244
250
255
44
134
252
222
123
128
253
216
223
95
14
208
101
195
79
189
173
158
5
250
29
159
89
48
242
51
157
121
158
38
251
252
56
223
231
254
235
250
252
88
185
214
117
126
82
235
240
242
221
31
111
229
57
239
156
175
202
106
159
254
77
247
254
117
101
60
223
95
247
221
215
219
213
223
30
203
143
203
92
143
53
79
199
251
190
151
77
212
254
43
250
93
14
54
253
186
187
239
247
255
181
249
188
252
157
214
127
255
120
123
212
254
213
123
251
252
127
231
247
175
58
246
190
126
85
245
186
255
108
212
254
223
123
249
117
216
93
255
30
209
167
211
111
191
189
31
133
242
189
157
77
80
246
63
255
123
31
36
255
253
57
127
245
54
47
251
254
220
253
215
119
111
187
210
214
242
212
95
111
124
170
228
62
45
170
174
27
254
89
116
191
112
101
60
251
86
127
145
213
211
214
155
30
202
6
200
92
143
37
95
133
120
190
159
77
200
246
59
250
93
22
34
189
185
29
238
212
38
189
217
54
190
213
215
197
95
57
120
230
244
252
71
251
244
118
244
247
185
42
164
218
124
213
244
251
255
108
66
252
222
59
208
249
222
221
25
142
208
98
195
111
187
173
159
9
248
29
159
93
56
242
59
188
122
150
42
251
57
27
239
84
54
189
153
114
254
189
215
87
255
249
88
70
246
245
71
251
244
102
195
247
143
58
228
158
124
84
244
235
223
108
84
190
222
122
209
125
220
93
27
14
193
163
195
111
187
173
25
5
240
29
159
77
56
246
51
189
120
151
36
250
184
59
231
247
254
233
251
252
220
185
214
117
111
85
219
224
250
220
219
122
245
41
231
190
175
42
226
147
254
87
119
254
127
109
125
254
95
115
217
245
217
93
219
30
200
167
235
127
171
183
95
199
248
190
158
73
198
242
63
251
126
15
166
253
2
2
0
138
1
24
6
1
2
66
43
0
0
6
44
3
67
2
0
132
0
128
1
0
64
148
9
9
2
136
0
0
0
4
210
130
0
64
7
2
32
2
0
1
20
28
4
4
16
8
48
0
6
1
99
186
0
96
0
52
0
80
96
32
186
137
238
221
38
29
217
176
191
149
119
206
221
57
123
230
180
248
66
251
116
118
210
246
185
34
132
216
108
213
213
187
255
120
66
236
222
123
216
249
218
159
57
46
208
118
211
111
187
168
137
15
248
29
153
93
59
243
59
189
123
155
110
251
254
250
255
247
126
59
251
254
254
187
211
255
111
163
219
251
242
213
31
111
167
253
236
126
173
202
238
159
95
105
117
254
119
229
252
223
86
255
181
247
223
206
219
94
219
143
73
127
143
61
86
133
104
191
183
79
216
254
185
254
221
30
50
183
3
6
0
2
200
132
130
1
34
42
2
4
128
97
33
5
68
32
0
0
192
34
26
72
80
144
4
6
0
136
1
70
71
164
67
32
16
128
32
74
68
64
8
138
64
64
129
75
16
44
24
0
182
24
28
65
16
98
18
149
0
87
32
104
251
245
249
190
55
163
93
122
214
111
245
251
255
200
36
94
246
215
118
213
187
63
225
223
174
187
227
255
83
125
244
233
202
45
188
255
206
125
161
245
122
203
247
15
219
61
149
95
159
182
27
135
106
188
156
65
80
179
51
219
57
223
38
191
12
239
239
220
34
87
249
247
177
214
117
128
93
176
61
206
157
216
98
111
20
240
84
179
153
49
133
208
105
212
52
249
226
16
99
168
222
120
208
120
182
63
189
39
182
180
81
110
155
168
175
79
178
29
157
92
21
227
91
253
123
210
106
243
254
115
119
247
119
55
127
250
214
191
241
187
239
202
180
95
242
213
127
111
46
175
128
126
12
138
231
47
214
73
116
255
114
47
188
255
86
125
117
245
251
202
251
95
202
142
201
95
140
181
84
133
106
190
143
73
208
182
49
223
93
78
36
181
35
212
76
10
175
153
147
24
62
85
36
205
188
59
100
37
68
182
4
177
240
114
145
100
112
52
65
50
63
83
197
97
157
104
211
48
243
72
168
40
246
159
42
141
208
81
244
111
177
158
152
12
244
5
218
5
58
242
182
188
146
219
46
91
12
43
175
220
34
87
188
119
53
214
87
128
93
176
59
202
157
88
226
235
52
112
68
147
153
33
148
208
105
212
20
200
220
24
99
168
222
106
208
104
188
61
181
38
182
180
67
110
187
168
175
79
178
29
25
92
47
195
91
253
123
219
72
242
187
212
255
255
63
37
249
219
182
255
117
219
191
234
182
127
242
212
61
107
170
190
238
123
46
138
162
27
87
89
117
127
243
37
60
251
82
125
177
246
211
203
124
30
218
22
201
95
141
173
94
5
120
30
157
73
144
242
59
156
93
94
34
185
255
179
247
101
119
162
251
254
210
153
208
245
238
3
131
81
250
213
27
95
225
45
239
127
172
138
106
143
94
13
225
255
127
103
60
159
126
125
29
245
217
66
155
30
203
141
91
215
140
60
94
133
112
182
156
77
208
254
183
223
92
7
178
247
252
58
255
229
126
127
251
254
220
223
214
117
127
59
219
244
242
213
95
111
100
91
238
62
47
170
46
159
222
73
119
255
117
101
252
223
86
119
221
213
219
84
219
30
202
143
73
252
159
61
95
133
248
191
151
77
208
244
43
254
93
30
34
181
255
113
81
118
127
35
95
122
210
187
241
179
239
202
164
91
114
215
63
95
175
173
169
62
132
202
227
15
82
73
229
127
123
167
188
255
70
124
119
247
83
202
255
95
203
29
73
95
140
183
80
196
106
186
239
203
208
190
183
219
157
70
183
53
250
241
121
247
119
35
123
248
214
253
245
251
191
10
148
94
242
215
95
125
42
190
160
124
44
138
235
63
210
121
117
189
242
37
60
255
70
121
33
245
83
203
247
31
218
29
216
29
143
181
19
133
104
190
158
73
80
178
57
218
93
30
38
189
186
211
110
221
38
53
217
176
182
151
245
202
223
56
51
78
244
252
95
251
116
118
245
246
185
42
228
218
125
213
244
187
254
108
130
252
222
123
144
249
218
95
123
30
208
230
195
111
191
173
159
13
250
29
157
93
48
243
59
157
123
222
46
251
252
51
117
231
254
171
251
248
216
25
210
119
239
99
194
112
242
197
223
119
245
45
171
254
174
106
122
159
254
77
243
254
127
111
124
255
94
127
221
213
221
196
155
30
203
47
219
95
174
53
89
199
232
190
159
77
204
190
55
251
92
15
32
188
35
198
76
10
143
217
131
24
62
85
4
205
172
63
108
165
68
178
132
176
240
114
25
100
113
52
65
50
63
82
193
97
157
104
195
48
243
10
168
40
247
159
10
133
212
115
244
109
177
214
136
12
244
5
219
9
58
210
182
164
146
219
46
91
251
242
93
126
127
51
127
250
210
187
241
251
239
202
132
91
114
215
63
95
171
189
137
126
172
223
235
191
87
105
245
255
123
175
188
255
79
125
53
247
123
202
251
95
219
157
88
31
206
183
22
197
104
190
239
207
208
190
189
223
221
94
180
183
186
153
238
119
55
181
249
190
252
189
214
215
255
248
115
238
244
220
95
251
244
127
231
247
41
42
228
146
124
213
244
254
255
108
36
252
223
123
208
245
219
223
223
30
200
167
195
111
191
173
159
141
250
29
159
77
50
242
63
223
123
30
38
255
40
203
172
8
38
31
144
55
181
148
53
128
93
57
125
142
148
184
98
187
244
118
81
247
145
33
133
208
105
212
213
224
223
88
195
36
219
72
248
105
254
31
61
39
180
246
243
111
187
170
137
15
242
29
217
92
63
211
115
181
115
251
78
203
184
184
255
231
191
105
249
252
252
189
214
125
111
57
219
241
242
212
95
123
245
139
231
188
175
42
230
155
255
85
247
254
125
109
124
255
95
119
153
245
219
222
219
30
202
167
203
92
169
53
95
133
248
191
159
77
220
246
47
254
95
14
38
253
254
241
251
254
119
163
91
122
210
169
245
251
255
130
132
90
246
151
62
223
139
13
227
223
174
219
251
255
83
127
244
236
223
45
60
255
222
125
233
245
123
203
247
47
219
29
189
127
207
182
91
135
232
190
156
75
80
183
191
219
57
95
182
223
40
207
108
216
38
157
217
49
191
214
55
138
221
56
127
206
148
249
66
251
52
118
82
246
25
34
132
88
105
212
212
160
254
60
67
172
218
74
216
104
254
31
61
47
208
118
211
111
155
168
137
15
242
29
153
93
57
243
115
189
123
219
106
251
0
5
0
184
0
12
32
71
0
66
1
4
16
196
45
38
0
40
1
64
2
32
80
3
80
0
128
0
0
128
8
65
2
18
67
168
1
72
2
8
32
160
20
193
36
84
39
78
17
32
48
4
2
24
32
0
17
3
11
176
0
98
75
97
3
4
0
138
200
128
6
1
34
96
0
4
128
39
13
17
70
34
0
32
136
0
27
96
80
128
8
12
2
8
9
1
16
132
83
10
0
192
7
74
36
2
8
129
4
24
100
1
17
4
16
32
36
0
0
171
24
32
42
52
0
64
34
224
251
61
255
199
118
175
219
250
222
221
214
119
255
121
80
212
246
213
95
255
244
47
227
247
175
106
236
158
126
85
244
255
255
109
52
255
222
123
149
253
219
223
223
30
201
43
203
79
175
181
95
133
248
190
159
69
120
246
51
250
251
30
38
253
251
24
239
85
126
191
223
114
188
191
247
211
223
185
48
71
252
245
127
255
244
119
226
247
45
123
189
62
124
213
117
235
223
108
134
254
222
121
249
253
248
221
127
47
209
100
209
111
189
172
154
5
248
29
159
93
56
246
59
189
121
159
36
250
2
130
0
3
200
128
134
1
10
3
10
66
128
6
112
17
69
71
4
0
192
32
26
72
68
212
61
43
150
10
1
18
5
164
91
16
112
0
41
2
97
84
0
137
68
68
188
17
144
140
16
0
180
1
140
99
16
82
18
36
64
87
32
56
40
195
109
217
34
149
147
177
189
214
117
138
221
56
125
102
148
248
67
235
244
114
80
242
25
32
133
240
105
212
21
179
254
88
195
168
218
122
216
104
254
31
60
46
212
246
211
111
187
168
137
15
242
29
153
93
62
243
59
189
123
219
106
251
68
7
128
144
1
10
32
71
0
64
2
4
16
128
41
6
0
8
1
68
2
132
80
3
22
0
0
4
0
132
8
0
0
6
67
138
0
66
5
8
128
160
16
128
8
206
0
206
81
32
48
16
1
88
3
0
17
64
9
180
8
0
2
97
3
0
16
10
137
128
6
4
34
34
9
4
16
6
37
17
70
50
0
128
136
16
11
0
0
128
40
9
2
8
137
1
16
132
17
10
0
64
7
74
34
194
12
8
4
156
68
20
17
64
16
36
38
0
96
163
152
32
8
16
0
0
34
32
251
208
238
208
46
183
219
50
180
183
85
202
159
184
52
79
244
253
95
251
240
119
242
247
57
42
172
30
124
213
117
235
255
44
130
252
218
123
160
249
218
223
124
14
209
116
195
79
189
173
154
13
248
29
159
93
48
242
59
157
123
159
42
251
250
218
110
239
255
183
219
248
252
191
244
251
255
24
116
239
246
213
95
255
252
119
231
252
45
42
237
190
95
85
117
250
255
109
158
255
94
123
161
245
218
223
119
30
211
55
210
93
191
189
158
5
250
189
159
93
80
246
51
222
127
94
38
189
251
26
239
84
126
191
219
114
252
189
215
87
223
185
112
70
244
245
127
255
244
119
226
247
61
122
172
30
124
213
117
235
223
108
68
190
222
122
240
253
220
221
121
14
209
98
193
111
191
172
153
13
240
29
159
77
56
246
51
189
250
151
32
250
12
9
143
152
34
95
120
103
1
194
7
132
81
160
59
170
141
88
96
111
22
113
68
131
25
1
134
192
65
196
20
200
198
16
227
168
154
104
202
96
176
61
181
37
54
180
33
110
155
168
169
71
178
29
116
92
17
227
27
249
89
114
73
227
251
241
255
207
119
183
223
122
214
159
245
251
255
72
52
92
246
213
127
255
240
55
225
255
174
251
239
190
95
85
244
251
254
109
156
255
222
125
165
245
123
203
247
15
211
61
209
95
159
188
27
133
106
188
156
65
80
182
59
219
125
95
38
191
3
7
0
52
1
196
40
71
128
130
1
4
0
65
0
7
45
72
32
67
130
34
208
3
76
159
183
40
16
34
34
64
66
52
69
186
0
40
232
64
32
72
48
171
229
80
181
110
25
172
24
1
240
28
156
65
17
242
51
189
72
87
32
250
0
10
19
35
201
74
166
138
24
186
10
69
0
5
73
129
111
206
165
0
196
0
140
120
75
221
185
98
208
2
35
126
213
32
85
176
113
114
233
100
112
92
56
46
213
20
244
109
153
172
24
5
240
29
156
73
16
242
51
189
88
87
32
250
186
203
238
201
38
149
209
178
190
151
55
202
159
56
123
206
212
240
71
251
116
118
247
247
57
34
132
90
125
212
212
178
254
108
194
172
218
90
144
248
222
31
124
30
208
118
211
111
187
168
153
13
242
29
153
93
56
243
51
189
123
219
42
251
2
2
16
138
137
128
6
5
34
96
1
0
0
3
5
17
70
2
0
128
136
0
25
0
64
128
8
12
2
8
129
0
16
132
19
2
0
0
7
66
36
0
8
129
4
28
100
4
16
64
16
32
36
0
0
171
24
32
0
20
0
64
32
96
251
216
239
239
127
191
251
252
252
189
244
255
255
57
126
239
246
213
95
255
244
123
231
252
173
42
236
158
127
85
117
255
253
109
252
255
94
123
157
245
219
223
223
30
219
55
203
109
175
189
95
133
248
191
159
77
88
246
59
254
123
94
38
253
66
3
147
183
104
70
138
135
6
234
3
5
17
196
51
49
100
215
1
70
64
161
198
18
14
136
168
76
210
0
51
106
101
36
87
186
83
98
200
228
208
92
16
14
192
22
161
108
153
172
24
5
240
29
156
73
16
242
51
188
88
86
32
248
250
208
238
221
127
183
223
122
244
191
253
219
255
156
52
79
253
245
127
255
240
119
243
247
44
127
189
62
125
215
117
234
223
44
150
254
222
121
233
245
122
223
119
47
213
117
245
111
189
172
154
5
248
61
156
89
16
246
59
157
123
223
46
251
122
155
238
223
255
183
219
191
254
221
212
201
191
120
51
77
254
247
91
255
244
119
215
119
58
42
228
30
127
209
117
251
255
108
146
188
215
123
248
125
218
95
82
30
209
229
209
79
189
173
158
13
242
29
157
89
48
246
123
157
123
223
46
251
251
61
247
87
118
167
219
250
222
221
215
87
255
249
82
244
246
213
95
255
244
47
231
247
175
106
236
158
126
85
244
255
127
109
52
255
222
123
149
253
219
223
219
30
201
43
203
79
173
181
95
133
248
190
159
69
104
246
51
218
251
30
38
253
250
243
127
245
119
55
255
248
214
223
241
250
239
88
177
87
242
213
95
111
166
127
164
126
44
170
231
63
86
105
117
251
114
39
156
223
86
125
177
247
218
74
251
94
211
143
209
95
142
189
20
133
106
188
159
73
208
246
51
223
93
30
54
181
65
5
0
52
0
198
46
71
0
134
1
0
0
1
1
2
13
73
32
71
130
35
192
3
76
223
183
44
16
34
32
64
70
52
81
170
0
40
232
64
32
104
48
171
247
16
181
110
25
168
24
1
240
28
156
64
17
242
51
189
72
87
32
250
2
194
0
130
237
152
134
1
42
17
42
75
128
83
108
17
68
198
36
0
196
32
24
96
96
151
1
34
150
42
1
68
151
228
91
16
96
16
234
34
101
28
40
5
212
68
244
75
144
149
24
0
180
1
158
41
16
82
50
165
80
87
36
120
0
7
0
156
1
0
44
3
32
66
1
0
16
68
36
3
4
40
128
128
130
32
80
3
80
0
128
64
0
160
8
65
2
16
3
32
1
72
2
8
32
34
20
193
36
84
167
78
16
2
56
2
34
8
120
0
19
3
19
148
0
98
67
96
194
11
130
151
105
66
154
135
22
250
10
69
19
196
51
181
100
215
1
70
196
165
230
19
10
202
168
78
208
2
51
122
103
37
85
177
83
98
200
224
208
92
16
14
193
22
129
111
153
172
24
5
240
29
156
73
16
242
51
188
88
86
32
248
64
138
16
134
233
202
174
25
24
56
10
71
128
21
72
129
111
207
141
4
196
1
128
112
73
220
185
6
208
2
35
126
213
33
81
176
115
58
232
100
113
92
26
47
197
20
244
109
153
172
24
1
240
29
157
73
16
242
51
189
88
87
32
250
68
5
128
144
0
2
32
71
0
64
131
4
80
160
163
2
0
8
1
68
2
133
80
3
22
128
0
0
0
140
8
64
0
6
66
138
0
38
5
0
128
34
20
128
8
92
1
204
81
32
112
16
1
88
33
8
16
104
1
180
8
64
3
97
69
13
146
24
0
66
100
199
0
160
9
132
16
132
143
170
11
8
33
67
6
137
236
3
77
193
146
73
1
12
2
66
177
22
113
138
0
228
71
70
34
42
56
98
62
28
101
170
89
40
118
148
17
90
52
8
145
232
41
121
12
68
3
227
70
34
145
0
192
2
2
207
2
32
129
38
80
162
131
18
66
0
0
68
8
129
8
0
6
128
8
9
130
136
8
0
48
5
68
139
0
38
5
198
132
2
4
0
8
92
0
132
80
36
80
48
3
90
5
43
136
40
0
48
12
68
50
97
6
7
0
6
0
130
14
3
2
66
1
0
0
67
0
16
4
11
0
144
192
32
80
67
80
0
128
68
0
32
129
64
6
16
0
32
41
8
2
64
4
2
4
136
160
84
131
79
16
98
8
2
38
72
88
139
15
3
22
144
0
98
96
64
