posters/Movie Poster 59.jpg
512 : 704
125
27.3924
-1
0
332
462
0.014435
31
105.665
-1
0
332
386
0.0137987
31
-79.9289
-1
0
293
98
0.0155452
31
162.357
-1
1
247.2
436.8
0.0052155
37.2
100.821
-1
1
333.6
385.2
0.0141512
37.2
100.244
-1
1
180
382.8
0.00628063
37.2
92.6174
-1
1
292.8
379.2
0.0101943
37.2
98.4927
-1
1
285.6
379.2
0.00528536
37.2
37.2209
-1
1
332.4
463.2
0.00893782
37.2
105.024
-1
1
216
378
0.00660398
37.2
92.5947
-1
1
274.8
374.4
0.00529937
37.2
68.7136
-1
1
304.8
348
0.00660563
37.2
141.34
-1
1
246
513.6
0.0077437
37.2
83.7175
-1
1
266.4
332.4
0.00556854
37.2
99.4467
-1
1
148.8
374.4
0.0047784
37.2
114.955
-1
1
174
378
0.00502889
37.2
94.5199
-1
1
294
375.6
0.00504067
37.2
105.35
-1
1
332.4
381.6
0.00504151
37.2
46.8012
-1
1
196.8
326.4
0.00470149
37.2
98.6732
-1
2
149.76
372.96
0.00432756
44.64
93.2506
-1
2
293.76
375.84
0.00632867
44.64
81.9509
-1
2
298.08
375.84
0.00417461
44.64
96.9852
-1
2
341.28
378.72
0.00399093
44.64
91.8299
-1
2
272.16
370.08
0.00524247
44.64
77.383
-1
2
168.48
338.4
0.00384426
44.64
112.367
-1
2
174.24
377.28
0.0054818
44.64
105.335
-1
2
216
377.28
0.00636071
44.64
99.4808
-1
2
332.64
384.48
0.00824581
44.64
156.079
-1
2
247.68
436.32
0.0057851
44.64
74.3922
-1
2
303.84
347.04
0.00644397
44.64
32.1787
-1
2
324
459.36
0.0038749
44.64
91.7864
-1
2
292.32
380.16
0.00775536
44.64
123.284
-1
2
210.24
325.44
0.0040872
44.64
21.6148
-1
2
275.04
492.48
0.0047448
44.64
74.853
-1
2
267.84
372.96
0.00391079
44.64
145.934
-1
2
246.24
514.08
0.0074872
44.64
69.2868
-1
2
309.6
372.96
0.00526686
44.64
29.1975
-1
2
332.64
462.24
0.00811021
44.64
83.061
-1
2
226.08
377.28
0.00402093
44.64
98.5836
-1
2
244.8
342.72
0.00425834
44.64
102.103
-1
2
180
381.6
0.00439873
44.64
97.3524
-1
2
260.64
334.08
0.00344331
44.64
84.7214
-1
2
267.84
332.64
0.00361875
44.64
99.2836
-1
2
231.84
313.92
0.00347106
44.64
128.928
-1
2
288
334.08
0.00326274
44.64
94.2485
-1
2
275.04
374.4
0.00370772
44.64
75.7574
-1
2
228.96
374.4
0.00349068
44.64
72.77
-1
2
195.84
326.88
0.00356183
44.64
57.8043
-1
2
276.48
456.48
0.00340399
44.64
105.163
-1
2
332.64
380.16
0.00356616
44.64
173.019
-1
2
239.04
514.08
0.0031922
44.64
104.859
-1
2
246.24
345.6
0.00319985
44.64
77.0535
-1
2
282.24
313.92
0.00316566
44.64
81.7241
-1
3
267.84
371.52
0.00489734
53.568
91.2137
-1
3
293.76
374.976
0.00614206
53.568
152.914
-1
3
247.104
435.456
0.00576097
53.568
102.378
-1
3
216
376.704
0.00591886
53.568
102.953
-1
3
335.232
376.704
0.00611396
53.568
26.7274
-1
3
274.752
490.752
0.00498846
53.568
94.0364
-1
3
290.304
380.16
0.00712953
53.568
156.485
-1
3
245.376
513.216
0.0111049
53.568
96.9112
-1
3
243.648
342.144
0.00373073
53.568
87.1136
-1
3
224.64
376.704
0.00422449
53.568
97.7271
-1
3
340.416
378.432
0.00420131
53.568
31.0497
-1
3
323.136
459.648
0.00397473
53.568
174.716
-1
3
238.464
513.216
0.00418723
53.568
107.034
-1
3
174.528
376.704
0.00432843
53.568
67.433
-1
3
276.48
456.192
0.00479462
53.568
83.908
-1
3
228.096
373.248
0.00441977
53.568
99.89
-1
3
331.776
385.344
0.00411598
53.568
94.3629
-1
3
273.024
369.792
0.0042856
53.568
97.2849
-1
3
183.168
381.888
0.00299031
53.568
32.8285
-1
3
333.504
463.104
0.00366611
53.568
90
-1
3
266.112
333.504
0.00327036
53.568
79.5401
-1
3
304.128
347.328
0.00353028
53.568
71.6056
-1
3
309.312
373.248
0.00335508
53.568
90.6063
-1
3
273.024
373.248
0.00344589
53.568
91.6273
-1
3
259.2
312.768
0.00257153
53.568
106.437
-1
3
330.048
374.976
0.00283179
53.568
92.4666
-1
3
221.184
340.416
0.00296105
53.568
153.435
-1
3
257.472
433.728
0.00275039
53.568
90.4078
-1
3
260.928
333.504
0.00296194
53.568
93.7594
-1
3
184.896
378.432
0.00270251
53.568
109.365
-1
3
286.848
333.504
0.00297281
53.568
90
-1
3
260.928
326.592
0.0027
53.568
93.1681
-1
3
233.28
314.496
0.00257382
53.568
46.9306
-1
3
328.32
464.832
0.00278376
53.568
104.892
-1
3
179.712
373.248
0.00263893
53.568
83.5451
-1
3
240.192
342.144
0.00263561
53.568
102.728
-1
3
177.984
381.888
0.00298861
53.568
103.438
-1
3
210.816
326.592
0.00257118
53.568
79.1956
-1
3
307.584
330.048
0.00243405
53.568
94.0396
-1
4
223.949
354.586
0.00202018
64.2816
90
-1
4
267.494
373.248
0.00354927
64.2816
90.5617
-1
4
302.746
346.291
0.00377907
64.2816
94.0973
-1
4
267.494
331.776
0.0022919
64.2816
92.1906
-1
4
223.949
340.07
0.00344226
64.2816
91.8328
-1
4
213.581
340.07
0.00350981
64.2816
97.1393
-1
4
213.581
373.248
0.00690483
64.2816
96.4874
-1
4
203.213
327.629
0.00249558
64.2816
81.4258
-1
4
306.893
373.248
0.00472547
64.2816
93.3886
-1
4
288.23
333.85
0.0030734
64.2816
93.2491
-1
4
226.022
375.322
0.00545444
64.2816
97.9383
-1
4
215.654
377.395
0.00540348
64.2816
89.7685
-1
4
294.451
377.395
0.00615891
64.2816
91.117
-1
4
261.274
327.629
0.00258947
64.2816
92.0128
-1
4
209.434
327.629
0.002778
64.2816
93.9774
-1
4
290.304
379.469
0.00761178
64.2816
139.399
-1
4
255.053
431.309
0.00480223
64.2816
90
-1
4
267.494
317.261
0.00203586
64.2816
145.856
-1
4
248.832
435.456
0.00683456
64.2816
58.7531
-1
4
279.936
458.266
0.00561313
64.2816
139.399
-1
4
257.126
435.456
0.0026093
64.2816
92.5114
-1
4
232.243
315.187
0.00280024
64.2816
36.6168
-1
4
275.789
491.443
0.00429235
64.2816
95.6388
-1
4
273.715
369.101
0.00268231
64.2816
56.7934
-1
4
271.642
495.59
0.0107075
64.2816
94.8531
-1
4
292.378
354.586
0.00208232
64.2816
90.9594
-1
5
261.274
325.97
0.00229299
77.1379
132.575
-1
5
248.832
435.456
0.00594884
77.1379
121.43
-1
5
256.297
430.479
0.00576164
77.1379
92.53
-1
5
271.227
373.248
0.00225702
77.1379
91.4976
-1
5
243.855
313.528
0.00198132
77.1379
95.6571
-1
5
258.785
378.225
0.00214149
77.1379
89.3591
-1
5
266.25
316.017
0.00170601
77.1379
125
64
82
18
208
182
221
34
42
142
68
42
97
51
165
195
131
17
114
199
1
68
203
173
131
58
14
136
234
13
210
40
33
239
51
165
156
179
33
116
33
215
32
64
18
73
104
13
201
93
88
164
88
1
100
178
188
233
128
178
49
154
92
6
48
49
94
59
77
221
118
219
94
101
126
251
95
156
221
116
253
242
251
213
24
111
206
113
194
115
141
222
162
61
82
78
55
41
215
36
85
187
90
122
217
116
240
92
185
47
215
150
229
111
159
172
24
5
240
29
159
73
16
242
51
189
88
87
34
250
195
206
130
85
238
210
142
128
43
187
41
202
130
192
98
185
229
243
61
223
76
133
46
88
71
223
191
110
151
2
51
54
243
173
92
123
90
125
237
230
98
76
40
63
223
94
156
181
205
141
20
37
209
255
140
235
208
252
49
61
92
85
16
186
16
195
16
94
168
216
220
1
18
59
41
203
128
84
68
24
109
130
38
131
199
46
1
223
192
87
247
106
1
134
163
98
199
56
69
180
91
56
234
96
120
94
48
175
245
116
183
111
185
236
24
67
240
29
152
73
23
243
51
181
120
115
32
234
94
41
207
221
242
219
92
102
90
179
95
156
223
246
189
122
233
213
56
111
207
117
194
243
143
214
162
125
66
138
52
40
215
36
85
186
90
123
201
116
112
93
185
47
213
20
229
111
155
172
24
5
240
29
156
73
16
242
51
189
88
87
34
250
30
48
201
178
62
241
24
126
84
186
212
55
233
210
147
83
250
213
33
210
201
165
195
91
12
155
177
171
82
15
51
234
215
36
213
186
94
120
233
116
112
92
50
47
213
20
245
111
155
172
24
5
240
29
156
73
16
242
51
189
88
87
32
250
92
57
154
179
55
251
188
246
24
187
90
54
146
134
171
194
107
223
33
71
205
21
199
83
11
94
184
173
82
78
178
170
87
36
85
186
83
122
201
116
112
92
48
46
213
21
231
111
153
172
24
5
240
29
156
73
16
242
51
189
88
23
32
250
94
43
154
187
50
211
186
231
4
250
81
188
19
130
187
250
123
154
105
79
73
145
231
17
29
217
184
237
67
206
182
186
229
36
87
187
83
116
201
116
112
92
48
46
215
21
163
110
153
172
28
1
242
29
156
89
144
242
51
189
89
87
34
243
218
18
194
167
255
34
190
158
68
43
241
115
174
203
131
81
98
223
5
212
233
133
167
120
6
136
234
143
210
32
33
255
125
165
156
187
115
116
1
215
73
64
27
72
202
13
202
93
216
190
88
5
96
182
252
105
128
178
183
154
28
22
180
48
30
184
89
171
62
249
154
124
90
146
223
252
224
22
201
241
107
214
1
67
197
48
198
81
173
148
224
111
86
43
183
122
247
36
213
186
86
123
233
117
240
92
51
44
212
22
245
111
155
188
25
5
240
29
157
73
16
242
59
189
88
87
36
250
101
36
245
26
0
70
39
38
224
228
44
185
28
175
143
78
235
42
35
100
121
131
86
164
88
105
188
173
105
152
98
33
221
44
69
190
19
48
33
124
60
90
56
175
85
112
247
108
153
172
24
13
240
28
28
73
56
242
43
185
24
71
32
226
31
162
84
40
25
232
162
104
72
0
222
52
124
55
205
240
203
24
129
80
225
112
137
112
229
156
64
129
110
78
171
73
156
68
93
138
37
114
201
52
45
21
28
32
84
151
230
108
154
52
9
4
242
21
72
9
14
130
143
160
8
75
102
64
19
20
80
2
157
128
7
88
34
69
4
83
172
11
132
17
98
102
133
32
192
0
136
96
44
152
41
11
186
8
65
109
20
228
20
154
32
208
5
212
69
194
10
3
64
0
88
197
0
52
17
36
104
128
142
41
56
48
34
136
72
23
36
249
63
252
125
164
54
125
177
75
252
212
199
244
125
59
248
245
250
244
7
105
165
80
53
116
189
152
100
155
127
127
119
251
180
100
255
222
250
123
137
213
219
221
88
20
208
135
114
108
137
61
199
13
248
21
167
77
56
242
59
172
91
159
46
219
5
51
213
182
29
162
36
126
16
48
198
53
32
87
139
67
234
196
1
96
193
33
194
115
76
136
160
13
82
8
33
105
215
36
85
186
82
120
129
116
112
92
26
15
212
21
229
79
152
172
24
5
240
29
156
73
16
242
51
189
88
87
36
250
126
48
169
186
22
181
28
15
70
234
145
180
113
134
51
83
249
214
65
210
201
49
67
27
140
128
224
77
82
252
181
234
199
44
151
170
90
120
225
116
112
72
52
40
215
20
165
111
155
172
24
5
242
29
220
89
16
242
51
189
89
83
104
242
92
57
154
51
20
243
184
118
16
138
86
52
130
134
137
67
106
223
33
71
205
5
199
83
9
90
184
141
80
14
176
42
71
36
213
186
83
122
201
84
80
84
48
46
197
5
163
111
153
172
24
5
240
29
156
65
16
178
51
189
88
23
32
250
94
43
203
217
50
211
218
39
82
147
85
156
211
242
177
122
232
213
56
111
207
53
194
211
141
210
164
109
64
138
52
40
215
36
21
186
90
120
201
116
112
93
57
46
209
20
225
111
155
172
24
5
240
29
156
73
16
242
51
157
88
87
34
251
45
54
101
32
159
57
39
120
240
62
218
51
237
13
201
69
201
108
195
240
241
66
152
252
4
61
29
161
252
86
97
207
89
104
221
186
125
48
41
28
125
68
26
159
68
225
118
81
40
117
24
0
194
158
142
5
174
160
143
148
206
135
36
52
21
50
212
22
57
42
36
126
50
56
198
53
36
127
134
67
226
212
129
96
193
33
195
115
76
136
160
11
82
8
33
111
215
36
85
186
82
120
225
116
112
92
24
15
212
16
229
79
153
172
24
5
240
29
156
73
16
242
51
189
88
87
32
250
220
57
154
147
22
115
178
246
82
154
86
54
146
150
187
67
107
213
33
199
77
149
199
147
9
90
184
13
80
76
178
42
215
36
213
186
82
122
201
116
80
92
50
46
213
20
163
108
153
172
24
5
240
29
156
65
16
242
51
189
88
23
32
250
29
58
210
32
20
50
164
114
16
156
70
119
194
22
130
65
106
205
161
69
193
5
195
211
14
92
152
167
80
14
50
107
215
36
85
186
87
120
233
116
112
84
50
39
197
4
183
111
153
172
25
5
240
29
156
65
16
242
51
189
88
23
36
250
87
41
155
22
16
2
24
162
194
166
23
54
194
198
131
82
98
131
32
71
71
165
194
199
202
210
180
77
66
8
130
104
71
44
69
190
26
58
201
92
80
92
16
42
213
48
161
111
153
172
24
5
240
29
28
65
16
114
51
185
88
23
32
250
125
36
244
10
82
75
39
102
98
6
218
52
124
47
171
82
107
178
3
228
113
211
195
164
152
104
252
153
234
140
242
41
221
36
69
190
18
112
129
124
60
84
28
43
85
49
231
76
153
172
24
5
242
29
28
73
40
242
51
184
24
215
32
234
13
34
117
40
25
185
37
88
224
0
202
52
116
55
233
65
203
188
131
64
225
112
9
116
68
156
64
137
122
14
41
200
28
4
213
186
0
114
9
84
44
213
24
39
68
197
102
69
152
36
24
4
226
29
207
9
24
226
15
172
8
7
36
80
62
50
248
186
31
55
12
23
70
234
1
180
49
134
179
87
250
214
65
210
193
183
83
31
132
128
240
73
82
216
181
226
199
44
215
190
90
120
225
116
96
76
116
40
215
84
133
111
152
172
24
5
242
29
156
81
16
178
51
189
88
83
40
242
30
184
88
47
63
249
154
60
94
146
223
188
180
22
233
241
123
214
1
218
197
50
199
116
173
156
224
109
86
15
247
122
223
44
213
190
82
122
233
117
240
93
49
46
212
151
181
111
155
172
24
5
240
29
157
73
16
242
59
189
88
87
36
250
220
169
223
219
114
27
220
167
30
179
31
254
159
246
191
122
241
211
120
103
79
149
194
243
139
198
180
111
192
200
182
42
215
36
85
250
90
122
233
116
112
93
57
47
213
20
245
111
155
172
24
5
240
29
156
73
16
242
51
189
88
87
34
250
48
197
16
94
168
136
222
1
90
17
45
203
160
86
68
16
127
131
38
131
199
46
17
198
241
95
245
106
2
174
193
102
207
60
65
182
218
24
234
124
121
94
32
175
245
112
183
111
185
238
8
67
244
13
152
65
19
243
50
181
120
115
32
234
29
32
85
32
17
232
161
104
192
0
222
117
124
55
201
240
227
28
131
80
225
2
129
117
101
140
64
137
122
14
41
200
156
100
69
154
37
122
137
20
141
85
28
34
68
23
230
110
155
52
9
4
242
21
72
73
40
162
63
168
8
15
38
72
223
18
200
38
255
51
59
30
52
59
208
115
174
154
34
83
32
221
29
217
232
215
226
120
6
136
232
151
222
97
37
239
125
168
156
241
119
124
33
245
216
198
91
28
194
133
194
93
30
191
28
5
226
188
222
73
144
178
183
158
13
30
180
21
220
57
218
147
118
123
190
246
30
187
126
179
146
150
187
235
251
213
97
199
77
149
231
145
11
93
185
45
208
78
182
170
213
36
213
186
82
120
233
116
112
93
50
47
213
20
183
108
153
172
24
5
240
29
156
73
16
242
51
189
88
87
32
250
58
49
121
182
23
69
93
47
198
2
221
52
117
142
177
118
255
150
66
208
19
58
229
7
156
140
230
73
82
250
244
232
64
44
39
190
206
112
67
93
24
201
149
106
134
52
165
110
179
166
211
139
170
24
52
81
128
50
123
216
57
14
170
162
129
4
8
1
201
200
162
0
24
1
6
68
128
81
64
161
4
40
5
208
196
34
34
192
96
10
0
198
192
6
131
2
191
48
65
0
19
2
200
128
216
52
24
6
192
115
162
75
25
72
8
5
241
77
88
1
51
211
55
180
0
51
4
72
28
34
213
160
88
107
38
118
96
24
202
53
125
55
154
192
251
204
195
96
225
1
203
241
142
92
24
133
104
204
49
200
93
32
85
186
53
114
13
84
109
21
30
39
69
37
246
236
184
36
201
4
242
29
26
73
14
242
7
176
72
71
36
90
19
20
80
34
221
128
7
8
34
101
4
65
172
11
4
21
102
118
5
32
192
32
137
96
44
152
105
15
186
9
65
109
21
228
16
18
34
64
37
214
69
194
10
131
64
16
244
69
0
52
25
4
100
0
140
9
56
50
34
152
144
23
36
233
5
238
212
32
25
170
37
114
48
20
228
243
206
123
196
9
226
233
167
97
229
70
193
115
79
126
5
183
120
14
97
65
151
96
85
186
21
24
249
124
125
28
58
167
213
113
247
111
185
164
9
8
240
29
154
13
58
242
51
181
216
215
36
218
219
18
194
231
255
178
187
156
20
187
242
115
174
219
131
81
98
221
141
91
232
133
175
120
6
138
234
151
222
97
33
255
125
165
156
177
119
116
161
245
204
68
27
28
194
133
194
93
218
191
28
5
240
188
222
105
194
242
183
158
92
22
180
29
149
242
68
32
253
184
39
120
56
21
254
123
236
63
196
64
227
205
39
96
225
70
129
116
108
253
25
191
254
14
99
41
216
100
85
186
87
56
169
124
125
220
56
47
213
17
246
77
137
165
25
4
248
29
142
73
56
246
51
188
88
87
36
250
63
245
125
170
23
57
53
88
246
70
229
176
125
58
237
215
250
246
3
112
97
112
81
54
133
185
225
153
123
124
245
233
144
68
214
190
178
120
129
125
190
223
62
1
244
87
208
76
153
174
136
15
114
29
93
85
56
178
59
188
25
223
110
219
30
48
200
178
62
241
26
20
86
186
84
54
173
18
179
83
122
215
97
243
201
181
195
126
140
155
177
43
82
11
179
234
215
44
215
186
90
120
233
116
112
92
50
47
213
20
241
111
153
172
24
5
240
29
156
89
16
242
51
189
88
87
32
250
62
243
125
234
55
53
61
91
246
222
252
176
125
58
180
87
242
246
71
121
113
114
245
54
132
173
225
153
127
124
245
249
176
108
150
190
254
120
1
245
126
75
62
45
208
197
192
78
186
175
156
13
114
28
222
93
48
242
55
156
91
222
110
217
62
252
125
160
54
125
177
75
248
82
214
116
125
51
252
245
250
212
7
96
245
80
177
116
189
152
100
153
126
95
119
232
148
68
221
222
194
114
137
244
217
221
28
13
208
7
242
108
155
53
18
12
232
21
207
89
24
242
59
172
90
159
110
185
58
49
121
174
55
101
221
127
214
196
221
53
125
14
177
118
251
214
67
112
113
50
229
54
188
168
228
25
83
249
124
233
100
44
55
254
214
114
129
213
27
203
21
14
196
53
128
78
155
36
219
9
120
28
148
81
144
178
59
216
123
14
42
240
50
113
121
30
55
77
92
47
198
0
189
176
117
198
244
254
127
146
70
213
23
186
113
135
149
151
231
73
3
190
212
40
202
44
39
190
202
48
195
213
58
219
181
107
148
118
165
110
145
166
195
75
40
25
84
81
16
179
123
185
57
116
170
202
117
37
245
26
16
71
47
229
226
238
8
52
116
175
131
86
251
34
67
100
121
131
87
132
216
105
252
137
195
156
226
33
205
44
69
190
155
48
1
124
56
72
60
170
85
112
167
108
153
172
24
13
240
28
28
65
24
242
51
185
26
87
40
226
149
230
68
32
221
168
39
120
56
29
254
123
236
59
196
0
226
109
167
96
97
66
137
116
78
125
25
179
250
14
99
9
220
100
84
186
87
48
173
252
125
84
58
135
213
17
246
69
137
164
25
0
240
29
142
9
40
244
51
184
88
87
36
248
61
52
125
32
28
253
35
120
244
94
198
116
109
31
216
197
218
236
195
96
241
82
24
244
189
184
108
137
122
30
105
233
76
76
215
190
206
50
137
93
220
212
26
142
64
99
38
109
186
52
136
8
224
29
79
17
60
178
7
188
234
151
110
250
15
33
129
32
17
224
96
78
0
0
197
52
64
134
129
99
9
76
129
64
35
8
196
3
36
136
0
129
80
38
34
9
20
146
181
138
33
224
73
21
1
160
158
96
110
1
47
162
72
54
115
180
65
208
100
32
144
10
41
203
8
7
181
66
92
57
219
27
50
19
216
226
210
162
21
190
146
194
187
122
98
211
48
71
15
149
194
71
139
210
180
109
66
10
150
42
215
36
69
190
82
120
233
116
240
93
53
47
213
28
177
111
155
172
24
5
240
29
156
73
16
242
51
189
88
87
32
251
3
196
8
14
13
128
16
14
18
32
53
161
32
10
5
20
100
50
0
208
192
34
193
71
0
136
224
10
83
1
129
103
141
44
0
50
83
8
160
126
114
94
8
139
208
81
144
79
153
174
24
5
244
28
152
65
16
178
183
184
24
87
34
201
63
245
125
170
22
45
53
77
246
68
165
176
125
59
189
215
250
246
3
96
49
114
81
54
149
153
229
217
123
188
213
233
128
4
215
190
130
120
129
125
186
223
60
129
116
85
212
78
153
172
138
13
112
29
125
93
56
178
59
188
27
214
110
219
61
246
125
169
52
189
173
248
252
222
250
241
109
9
217
231
243
252
199
105
241
66
180
252
141
189
165
171
95
94
113
251
112
44
252
190
86
56
161
245
250
94
58
191
214
163
86
124
168
189
28
1
232
29
143
69
144
242
51
188
94
214
32
176
63
32
229
32
218
107
39
102
240
4
222
55
125
47
154
80
251
88
67
100
97
195
195
180
206
232
188
153
234
140
115
232
85
44
69
190
30
50
9
92
92
85
28
42
69
37
230
76
185
36
25
4
240
28
28
73
8
242
51
184
72
7
32
232
92
58
219
139
54
115
163
246
82
148
214
52
113
150
187
210
123
212
99
196
97
145
199
148
141
121
248
137
82
76
242
169
221
36
85
190
90
112
201
116
112
93
48
46
213
21
183
108
153
172
24
5
240
29
156
65
16
242
51
189
88
87
32
250
51
245
16
94
33
140
222
1
218
129
45
235
160
86
68
20
127
130
38
147
215
42
83
70
241
95
245
107
67
191
193
102
143
44
101
150
218
24
234
124
123
94
33
239
180
112
183
111
185
238
8
75
244
13
152
65
18
243
114
181
120
119
160
202
30
178
92
139
191
249
154
56
110
146
159
190
189
30
249
241
242
215
67
250
197
50
195
116
133
92
225
45
86
78
247
242
223
44
215
190
82
122
233
116
176
93
48
47
213
150
244
111
153
172
24
5
242
29
157
73
16
242
51
189
88
87
32
250
119
57
219
31
18
2
89
194
194
166
149
182
242
130
171
90
114
147
34
71
15
167
195
71
141
146
244
77
66
172
246
42
199
44
69
190
26
120
193
124
176
92
52
42
213
20
129
111
153
172
24
5
240
29
28
65
16
242
51
185
88
87
32
235
133
5
0
48
8
136
162
64
8
129
6
70
192
81
0
32
4
41
135
195
228
34
122
210
81
42
4
198
64
6
33
66
175
26
64
32
25
10
200
136
216
52
16
134
192
115
35
107
57
72
8
65
209
93
24
0
55
195
19
181
0
51
64
202
92
58
219
139
54
123
150
246
94
186
254
180
113
150
187
251
251
214
99
196
77
145
199
148
141
93
253
169
211
78
182
170
213
36
85
190
90
112
233
116
48
93
48
47
85
180
181
108
153
172
30
5
240
29
156
73
16
242
59
189
88
71
32
242
19
148
80
38
221
160
19
8
50
100
20
65
172
11
4
21
100
118
5
176
224
32
137
96
36
152
104
79
122
41
193
101
149
228
16
18
35
64
41
255
65
202
10
139
192
16
244
79
17
244
25
4
100
0
152
65
56
178
178
152
144
23
36
201
63
118
125
42
23
57
39
88
226
4
213
176
125
58
173
83
242
246
3
112
225
114
81
118
133
168
224
153
122
124
245
233
144
44
215
190
122
122
129
125
174
95
30
1
212
83
192
76
154
174
137
13
242
29
93
81
56
178
19
188
24
214
110
89
159
240
76
32
223
168
55
120
248
21
254
123
236
63
204
65
227
245
7
240
225
98
129
116
108
125
121
191
250
14
99
169
218
108
85
186
82
57
169
124
124
220
56
47
213
49
246
101
153
164
24
4
248
29
142
73
56
242
51
188
88
87
36
250
247
61
219
22
16
2
24
194
194
166
151
54
242
198
131
82
98
131
34
71
7
135
195
71
143
218
244
13
66
12
242
104
199
44
69
190
18
56
201
92
80
92
52
42
209
16
161
111
153
172
24
5
240
29
28
65
16
242
51
185
88
23
32
234
223
18
204
101
255
179
59
248
148
59
208
115
174
152
162
67
32
221
159
89
232
151
234
120
6
170
234
151
220
69
37
239
127
32
156
177
119
124
33
245
216
78
91
30
194
133
194
89
62
191
28
5
226
188
222
73
146
178
183
158
92
22
164
29
19
20
16
62
15
128
80
10
18
32
53
33
48
74
36
17
100
50
0
210
196
42
129
67
0
138
224
74
82
33
193
103
143
164
16
48
19
72
224
254
114
94
28
11
208
17
163
79
153
174
24
5
244
28
152
65
17
179
183
185
24
86
162
201
62
50
240
186
31
181
12
87
102
234
0
180
181
6
179
87
251
246
67
66
193
55
83
95
132
152
244
15
18
220
245
226
199
36
215
190
82
120
233
116
96
76
52
47
213
84
165
111
152
172
24
5
242
29
156
81
16
242
51
189
88
87
32
250
5
37
192
32
17
96
97
94
0
0
196
53
96
143
131
99
10
108
131
64
35
136
236
19
36
136
0
129
82
14
34
77
28
6
53
218
1
178
13
20
25
160
26
66
106
17
42
224
72
52
114
52
73
150
36
0
184
168
173
202
8
6
167
64
183
52
100
32
221
168
39
120
248
5
254
115
236
59
196
64
226
237
39
240
225
102
129
116
76
253
57
171
250
14
99
169
218
108
85
186
82
56
169
124
124
212
56
175
197
49
246
77
153
164
25
0
240
29
140
73
56
242
51
188
88
87
36
250
222
187
218
211
50
27
220
231
78
179
23
254
191
182
182
90
250
211
40
239
15
149
195
119
141
210
244
111
82
204
182
42
215
36
85
190
82
122
233
116
80
93
48
47
213
28
245
111
157
172
24
5
242
29
156
73
16
242
51
189
89
87
34
250
125
53
241
34
211
71
47
237
194
78
217
54
117
46
131
86
251
146
67
84
121
129
195
132
156
104
248
137
194
156
242
169
77
36
69
190
18
112
1
92
88
64
20
170
197
53
167
76
155
172
24
5
242
28
28
65
8
178
51
184
24
86
32
104
30
178
92
131
191
241
151
112
126
191
222
127
189
127
177
113
251
213
99
98
193
102
203
125
44
222
53
47
94
143
243
235
215
36
87
190
82
120
233
116
112
92
56
47
213
20
245
111
153
172
24
5
240
29
156
73
16
242
51
189
88
87
32
250
223
18
206
117
255
179
187
252
180
187
242
119
175
217
131
99
32
221
143
91
233
231
230
120
6
138
250
183
222
69
39
255
127
32
156
187
119
124
161
245
220
76
91
30
195
133
195
89
186
191
28
5
240
188
222
73
194
182
183
158
28
22
164
93
62
240
125
174
55
61
57
123
246
84
215
245
125
58
252
213
242
212
71
113
241
114
145
118
189
184
228
153
123
222
117
232
212
108
86
190
194
122
137
244
222
223
28
15
208
55
224
76
153
164
152
12
234
29
159
93
24
242
51
188
89
95
34
249
29
48
125
32
17
168
33
122
208
0
214
53
109
63
137
112
226
140
3
80
225
2
129
247
228
168
96
141
98
14
105
232
28
44
69
158
2
58
9
92
153
213
28
2
68
97
166
78
185
36
9
4
240
29
92
73
56
178
63
184
8
7
38
88
165
236
228
40
17
42
37
114
96
68
236
243
238
59
134
13
226
109
163
97
241
68
209
115
71
126
17
163
122
12
96
65
159
100
84
186
1
56
233
124
124
30
56
167
213
17
247
111
153
164
9
8
240
29
152
9
56
178
51
189
88
215
36
218
125
52
245
34
219
67
39
238
194
14
218
55
125
174
131
80
251
144
67
84
121
129
199
132
222
104
248
137
194
140
242
169
93
36
69
190
30
112
1
92
88
68
28
42
69
53
231
76
153
44
24
5
242
28
28
65
8
242
51
184
24
87
32
106
58
246
117
174
55
101
189
123
198
222
251
49
125
8
249
245
243
244
71
96
240
34
149
118
157
189
229
153
82
218
117
249
96
44
127
190
214
120
137
125
121
76
55
175
198
51
212
108
136
188
88
1
226
28
156
65
128
178
51
184
90
79
40
178
94
49
219
27
18
3
24
198
194
162
129
178
240
130
171
90
250
147
34
70
11
181
195
71
141
192
244
109
2
172
214
40
199
36
69
190
18
120
225
124
48
89
52
41
151
28
145
111
153
172
24
5
178
29
156
65
16
242
51
189
89
87
32
242
62
240
125
42
22
185
179
120
242
154
246
176
125
51
237
241
242
212
3
112
225
114
193
244
141
136
228
157
123
76
241
232
244
108
213
190
90
122
129
244
190
95
26
12
80
247
192
78
187
172
24
5
240
29
221
93
24
242
59
188
88
214
102
241
50
49
48
22
0
132
139
1
198
5
19
98
181
74
16
20
126
34
66
147
211
42
83
198
144
50
244
107
2
184
197
224
7
60
66
150
136
8
234
77
76
64
37
201
160
112
177
111
176
238
136
75
246
0
88
81
47
51
82
177
186
243
232
74
62
242
125
174
55
61
57
123
246
28
245
49
125
59
252
117
242
212
67
104
241
114
145
118
172
136
228
153
126
220
117
232
244
108
86
190
82
122
129
245
254
223
26
15
208
231
208
76
185
173
156
5
242
29
159
73
16
242
59
156
120
94
34
249
28
178
92
163
191
177
179
112
126
159
214
119
253
123
179
81
122
245
67
98
225
102
203
116
44
56
52
43
126
141
241
235
215
36
87
190
82
120
233
116
120
92
24
14
209
52
243
111
153
172
24
5
240
29
156
73
16
242
51
189
88
87
32
250
63
53
121
62
23
37
29
79
198
66
253
176
117
14
164
86
243
182
2
80
49
50
209
6
148
172
228
9
83
120
244
168
232
44
4
190
202
56
129
253
26
203
21
171
212
117
133
78
185
174
24
13
114
24
220
65
48
178
119
184
59
214
42
88
62
242
125
174
55
61
185
122
246
28
245
241
109
26
253
213
242
212
71
104
225
50
129
118
173
137
229
153
87
92
117
248
244
108
222
158
82
120
129
245
251
95
59
15
208
247
208
76
136
189
28
5
122
29
159
73
16
242
51
188
120
95
38
185
58
52
125
166
55
101
57
125
214
220
223
53
125
28
177
118
243
212
67
104
240
50
213
54
188
168
228
153
86
218
125
233
100
44
53
190
214
114
137
93
25
201
23
46
196
165
228
108
155
36
223
13
250
28
158
81
176
242
59
216
91
14
42
240
223
49
72
53
127
163
254
248
16
187
241
115
170
74
162
83
32
221
23
211
233
183
227
122
4
154
243
183
90
101
37
251
127
44
156
187
119
124
161
245
88
74
255
15
211
21
211
95
30
190
24
5
226
188
220
73
146
179
183
155
29
31
164
31
62
178
216
138
63
177
136
86
230
186
128
180
61
26
179
83
122
214
67
98
193
51
195
119
132
152
244
13
82
204
245
226
215
36
215
190
82
120
41
116
112
73
116
14
213
212
209
111
153
172
24
5
242
29
156
89
16
242
51
157
88
87
32
243
61
182
117
40
28
172
39
88
224
20
226
49
237
51
253
81
242
228
195
96
241
96
17
244
196
184
237
153
106
12
97
233
220
68
215
190
24
58
129
116
236
94
26
135
84
243
210
77
152
172
8
1
240
29
29
73
60
178
19
188
88
71
100
121
62
178
220
139
63
241
138
84
118
190
8
246
189
94
179
113
251
215
99
227
193
55
195
127
140
223
245
47
82
206
247
226
215
36
215
190
82
120
233
116
112
92
112
47
213
84
245
111
153
172
24
5
242
29
156
89
16
242
51
189
88
87
32
250
58
48
121
166
55
37
29
127
198
198
217
52
125
14
145
86
251
214
67
80
177
50
209
54
156
172
228
25
82
248
245
233
68
44
39
190
206
120
1
93
56
193
21
174
198
165
132
78
155
174
153
9
98
24
156
81
32
242
59
216
123
134
40
242
61
52
117
164
22
37
165
121
228
76
218
113
109
47
176
85
242
252
199
96
241
66
145
244
188
188
101
153
122
220
113
233
76
108
158
158
132
48
9
93
93
192
30
143
68
97
246
76
168
52
152
8
98
28
12
85
40
178
19
136
42
143
44
184
63
52
125
42
23
185
51
72
242
70
214
52
253
58
237
81
242
180
3
112
225
112
65
116
133
184
232
141
98
76
241
233
148
36
213
190
90
122
137
124
216
213
28
12
80
21
224
77
155
44
24
4
240
29
221
73
48
242
59
188
88
151
98
251
125
48
245
38
217
99
35
236
230
0
222
53
125
47
131
112
243
148
3
116
105
131
199
52
222
232
236
137
194
140
234
168
125
44
69
190
18
50
137
220
88
84
28
10
196
113
230
76
153
44
24
5
240
28
28
73
24
242
51
184
24
22
32
248
63
49
125
34
21
42
49
126
194
4
215
52
109
27
136
112
242
164
67
84
225
34
193
215
204
168
228
141
114
12
104
232
156
44
5
190
74
58
129
92
152
208
24
6
64
97
160
78
153
36
137
0
240
29
156
65
48
178
59
184
56
6
38
217
62
176
125
174
23
45
57
124
246
68
215
52
125
42
252
213
242
212
67
112
113
114
193
118
141
168
228
153
123
92
117
233
212
44
212
190
194
114
129
117
154
223
31
15
208
55
224
76
153
164
24
5
98
29
157
73
24
178
59
184
88
86
38
249
62
178
125
42
22
189
35
120
246
22
212
52
125
59
156
84
242
212
67
112
225
114
193
116
140
136
236
137
114
156
113
232
212
44
197
190
74
58
1
116
154
222
24
14
80
181
224
76
155
44
25
0
240
29
158
89
16
242
59
156
88
86
34
249
62
50
125
42
22
181
39
120
198
6
240
48
109
26
153
85
242
212
67
112
241
114
129
244
204
168
237
141
82
156
113
232
212
44
198
190
90
56
1
116
252
86
16
13
80
117
144
79
186
172
152
0
114
29
157
81
0
242
51
188
88
214
104
249
62
242
113
170
190
185
35
120
206
22
208
126
253
22
252
113
242
213
67
96
225
52
129
212
140
252
253
173
86
206
247
169
214
44
215
190
90
120
233
116
104
93
48
47
213
149
180
111
152
172
152
5
242
29
158
81
0
242
19
189
88
87
32
250
58
52
117
162
23
165
45
125
198
70
217
52
125
14
145
118
243
244
67
112
241
50
209
52
156
168
228
137
82
152
125
233
68
44
151
190
194
112
1
93
24
192
21
170
68
49
164
78
154
36
152
8
226
28
156
81
40
178
59
152
90
134
42
240
181
60
245
32
17
46
37
111
224
68
230
115
239
59
134
84
235
173
35
113
241
5
211
247
213
253
249
171
98
28
98
233
159
36
85
190
2
56
233
124
124
84
56
163
213
17
247
109
153
164
9
8
240
29
28
73
56
178
51
185
24
87
36
218
63
53
125
46
23
39
61
122
198
70
253
48
109
14
181
85
242
244
67
112
113
50
209
118
156
168
228
137
82
28
117
233
204
44
148
190
194
120
1
93
58
203
21
143
212
49
132
76
154
164
25
13
98
28
156
65
56
178
59
152
120
198
46
241
63
240
125
162
221
168
55
104
252
5
254
122
237
63
204
80
242
165
7
116
225
100
129
116
205
252
249
173
250
14
227
169
218
36
85
190
90
120
169
124
120
220
56
47
213
17
246
109
153
172
24
0
248
29
156
73
56
242
51
189
88
87
32
250
62
242
93
170
190
185
35
88
238
23
210
254
253
30
252
113
242
215
71
112
229
118
129
116
141
220
253
173
86
206
247
168
214
44
215
190
90
122
233
116
252
93
48
47
213
149
244
111
152
173
24
4
242
29
158
89
16
242
51
189
88
95
32
250
93
58
223
170
55
123
53
254
222
148
255
176
117
158
187
218
251
212
99
84
97
145
199
148
141
253
249
169
211
140
242
169
221
36
85
190
82
112
169
124
56
93
48
63
85
181
246
108
153
172
30
5
240
29
156
65
16
242
59
188
88
87
32
250
62
50
125
174
55
61
57
124
214
28
247
49
109
27
221
245
242
212
67
96
113
34
129
116
205
168
228
153
82
24
113
233
212
44
213
190
70
114
129
117
186
222
27
15
80
183
240
76
152
164
24
1
224
29
159
73
16
178
59
188
88
70
36
241
58
52
117
162
23
165
39
121
198
78
216
48
125
14
177
84
242
244
67
96
240
50
145
116
156
172
228
137
82
216
113
233
68
44
150
190
214
120
1
92
124
65
22
142
68
33
132
78
154
44
152
8
114
28
156
81
40
178
51
152
90
150
40
248
92
58
219
139
54
123
61
254
206
146
255
188
117
150
251
251
251
212
99
68
77
145
199
148
141
221
249
169
211
14
242
168
221
36
85
190
82
112
233
116
56
92
48
63
213
181
180
108
153
172
28
5
240
29
156
65
16
242
59
189
88
87
32
250
51
245
112
22
149
128
27
8
230
1
181
250
172
107
132
20
118
162
38
145
243
42
145
102
148
179
225
123
50
58
193
33
142
44
4
158
138
8
107
253
109
202
45
201
144
113
181
15
177
166
17
11
112
0
88
97
56
51
246
185
186
215
172
75
58
246
117
172
55
125
57
125
212
94
209
245
109
24
252
245
250
244
67
96
112
50
144
116
140
184
228
137
87
90
117
233
196
44
223
190
214
114
137
117
219
94
19
143
208
181
240
108
152
180
24
5
226
29
158
81
0
242
51
188
90
95
46
251
51
245
24
31
37
140
223
9
218
129
61
250
164
74
4
20
119
162
38
147
135
42
211
70
177
215
229
107
67
187
193
98
135
44
4
150
218
9
234
253
123
222
33
235
180
112
181
111
177
174
9
11
240
1
24
65
48
243
114
185
56
119
160
202
13
33
65
56
17
226
33
126
16
14
202
53
64
143
137
99
11
76
131
68
225
32
200
147
12
168
0
133
80
6
32
73
88
2
181
186
5
240
69
20
56
224
30
34
102
129
102
226
26
52
123
52
193
188
12
0
140
168
47
202
8
134
37
226
179
53
112
6
157
132
27
8
198
5
181
114
173
75
132
20
118
162
6
145
243
42
145
102
148
183
229
123
18
186
193
32
142
44
6
158
138
8
235
221
105
72
37
203
160
112
189
15
160
166
145
11
240
0
88
97
40
51
246
177
186
215
172
74
58
52
125
166
55
117
185
125
214
220
223
53
125
60
177
118
243
212
67
104
240
50
212
52
60
168
228
25
90
216
125
233
100
44
55
190
214
114
137
221
88
205
23
46
196
132
224
108
155
44
223
13
242
28
156
81
144
242
59
216
91
14
42
240
4
167
1
113
8
146
162
65
128
185
66
195
192
113
128
2
0
9
131
67
229
47
74
211
85
10
6
198
64
132
33
194
231
18
64
168
17
186
229
168
202
54
48
134
240
115
3
75
57
108
40
99
209
93
25
0
23
202
19
165
104
115
99
107
124
53
241
166
146
101
47
237
198
70
219
54
117
14
147
118
251
150
67
84
121
131
199
132
220
232
252
137
194
156
242
169
109
44
69
190
26
112
1
92
88
64
21
170
196
53
165
108
153
44
24
5
240
28
28
65
8
178
51
184
24
22
32
232
68
35
131
120
64
150
166
71
128
146
96
176
64
243
153
10
9
9
171
78
131
33
76
147
30
89
5
197
5
132
32
192
135
18
69
138
1
176
37
12
44
34
48
165
117
233
23
194
26
44
45
112
81
92
2
8
4
200
3
133
72
67
97
114
62
51
253
170
51
51
35
110
230
0
213
48
125
50
179
82
250
148
67
116
97
81
193
182
140
136
248
153
98
204
244
232
157
44
6
190
74
120
1
84
188
75
29
6
80
181
193
76
155
172
137
5
114
28
220
89
8
242
51
152
88
87
102
219
58
50
117
172
55
45
43
125
196
94
243
49
109
9
157
85
242
212
67
96
112
34
192
116
205
168
228
153
82
24
113
233
212
44
215
190
86
122
129
117
252
94
51
143
208
51
240
76
152
164
24
1
224
29
157
73
0
178
51
188
88
70
36
241
179
245
121
14
159
136
95
8
210
1
189
250
173
74
132
84
119
183
38
209
195
34
161
70
180
247
225
111
83
59
197
105
142
172
4
158
138
25
235
255
114
218
37
233
212
81
180
47
145
166
17
15
248
16
92
97
56
178
182
185
184
215
164
203
183
244
125
38
223
164
95
8
242
69
181
122
173
107
132
85
118
231
22
112
227
98
177
100
182
183
249
123
250
59
193
105
146
236
148
222
202
49
49
255
114
202
29
137
209
88
244
13
129
182
16
8
104
16
28
97
56
182
49
153
184
215
44
153
61
52
113
35
211
97
35
236
194
4
223
54
117
14
139
116
243
180
3
84
121
130
133
148
222
172
236
137
194
158
106
185
104
44
69
190
18
50
137
92
88
84
20
10
196
113
164
108
153
44
24
5
240
29
28
65
16
242
51
184
24
22
32
248
59
20
125
172
55
165
61
121
244
94
214
21
125
44
185
84
242
244
67
96
240
114
144
116
28
188
164
25
90
216
117
169
64
36
23
190
214
122
129
124
88
205
29
14
196
132
196
76
153
172
24
5
224
29
157
73
24
242
59
188
90
7
42
240
190
240
125
171
214
49
163
248
238
135
213
126
253
35
241
241
242
244
71
116
105
162
37
180
132
168
236
137
211
142
243
186
248
44
70
190
90
114
129
244
218
94
24
14
208
119
192
76
153
44
24
5
240
29
157
73
16
242
51
188
88
86
34
249
59
54
117
172
55
61
57
125
244
94
210
53
125
24
185
85
242
244
67
96
112
34
208
116
92
168
164
25
90
88
125
233
68
36
87
190
214
122
129
117
248
92
27
142
192
132
224
76
152
172
24
13
242
29
158
73
16
242
51
156
90
70
42
241
