posters/Movie Poster 11.jpg
512 : 770
369
154.938
-1
0
402
148
0.00252501
31
161.565
-1
0
243
653
0.00267923
31
-97.0523
-1
0
395
644
0.00249695
31
-85.5154
-1
0
338
644
0.00253543
31
-95.4119
-1
0
228
645
0.00279079
31
68.8565
-1
0
407
125
0.00642375
31
66.4677
-1
0
319
564
0.00266304
31
-66.5014
-1
0
298
648
0.00264341
31
127.244
-1
0
389
127
0.00292232
31
-74.4275
-1
0
169
641
0.00286196
31
113.933
-1
0
373
107
0.00372292
31
38.746
-1
0
309
545
0.00253278
31
23.1986
-1
0
168
654
0.00263077
31
-139.764
-1
0
183
654
0.00261256
31
-11.9638
-1
0
293
207
0.00283553
31
-77.074
-1
0
379
660
0.00278654
31
145.862
-1
0
406
151
0.003767
31
-175.815
-1
0
370
195
0.00361105
31
146.984
-1
0
403
141
0.00436987
31
-82.1467
-1
0
173
665
0.00255953
31
-108.925
-1
0
190
668
0.00354781
31
-135
-1
0
318
672
0.00245043
31
151.495
-1
0
396
157
0.00400286
31
152.036
-1
0
405
148
0.0047342
31
-89.4383
-1
0
292
644
0.00179491
31
53.4089
-1
0
229
549
0.0019916
31
-75.3791
-1
0
374
645
0.00191935
31
62.2096
-1
0
293
542
0.00213354
31
-85.6013
-1
0
145
641
0.00227327
31
-79.177
-1
0
167
641
0.00202949
31
6.08469
-1
0
410
101
0.00183992
31
70.308
-1
0
333
606
0.00228925
31
-10.3048
-1
0
332
672
0.00221043
31
52.125
-1
0
145
654
0.0021143
31
68.2806
-1
0
384
621
0.00183261
31
-142.815
-1
0
262
237
0.00189114
31
57.5288
-1
0
321
653
0.00235681
31
49.6355
-1
0
384
600
0.00188051
31
-33.6901
-1
0
193
654
0.0019375
31
29.4759
-1
0
327
653
0.00213126
31
85.9325
-1
0
172
622
0.00213736
31
54.2371
-1
0
288
609
0.00223454
31
-174.56
-1
0
348
653
0.00216963
31
-115.602
-1
0
283
660
0.00184547
31
73.4019
-1
0
163
603
0.00186244
31
-9.46232
-1
0
138
654
0.00205778
31
84.2454
-1
0
150
611
0.00206055
31
-84.6107
-1
0
194
661
0.00214076
31
-66.4477
-1
0
176
648
0.00215261
31
-5.94686
-1
0
391
572
0.00181912
31
-48.6139
-1
0
297
184
0.00188247
31
99.3891
-1
0
315
611
0.00229651
31
80.5377
-1
0
246
354
0.00192307
31
-139.764
-1
0
357
288
0.00198381
31
-89.0122
-1
0
189
665
0.00190069
31
-79.6952
-1
0
178
665
0.00186474
31
-78.0793
-1
0
164
665
0.00180708
31
-85.0303
-1
0
154
665
0.00194685
31
-86.1859
-1
0
148
665
0.00189933
31
130.601
-1
0
395
130
0.00182031
31
-68.6002
-1
0
327
645
0.00235794
31
58.3392
-1
0
253
561
0.00234063
31
-87.2298
-1
0
243
664
0.00224239
31
96.4416
-1
0
251
561
0.00207523
31
53.7315
-1
0
288
611
0.00198825
31
-72.7585
-1
0
306
664
0.00180545
31
125.585
-1
0
384
119
0.00241282
31
-82.3493
-1
0
325
664
0.0019155
31
67.8645
-1
0
313
541
0.0021899
31
-90.6437
-1
0
384
664
0.00181575
31
-92.3215
-1
0
305
640
0.0020457
31
-66.2974
-1
0
366
664
0.00195163
31
-81.1193
-1
0
297
644
0.00169023
31
53.2128
-1
0
379
601
0.00175321
31
-64.5108
-1
0
271
644
0.0017471
31
90
-1
0
259
622
0.00174173
31
109.708
-1
0
203
548
0.00157486
31
106.429
-1
0
268
542
0.00176735
31
-82.875
-1
0
234
664
0.00175449
31
-58.3176
-1
0
393
343
0.00160146
31
60.124
-1
0
371
606
0.0017724
31
84.2894
-1
0
107
654
0.00158687
31
108.435
-1
0
309
653
0.00167968
31
55.7843
-1
0
293
563
0.00158836
31
-168.69
-1
0
120
154
0.00172478
31
84.5077
-1
0
277
548
0.00163131
31
77.7352
-1
0
334
594
0.00170424
31
75.129
-1
0
352
600
0.00161012
31
-80.4399
-1
0
160
665
0.00160002
31
86.1859
-1
0
317
621
0.00166645
31
50.3257
-1
0
387
599
0.00178638
31
64.9574
-1
0
167
600
0.00159533
31
66.8014
-1
0
387
621
0.00179182
31
28.189
-1
0
313
566
0.00163866
31
-2.40021
-1
0
410
600
0.00155434
31
8.99714
-1
0
304
547
0.00157276
31
3.01279
-1
0
362
653
0.00156561
31
53.4147
-1
0
231
611
0.00153017
31
57.0948
-1
0
283
594
0.00153974
31
-1.61809
-1
0
206
435
0.00153915
31
76.9708
-1
0
181
542
0.0015408
31
107.407
-1
0
303
594
0.00152708
31
88.8912
-1
1
273.6
600
0.00176573
37.2
114.835
-1
1
309.6
606
0.00218895
37.2
100.024
-1
1
308.4
615.6
0.00223044
37.2
94.3511
-1
1
314.4
612
0.0018417
37.2
89.6763
-1
1
165.6
612
0.00197383
37.2
62.8577
-1
1
288
609.6
0.00191225
37.2
127.259
-1
1
388.8
127.2
0.00197528
37.2
55.008
-1
1
379.2
602.4
0.00224134
37.2
80.9605
-1
1
333.6
594
0.00188427
37.2
54.516
-1
1
318
564
0.00201747
37.2
-177.096
-1
1
369.6
196.8
0.0024359
37.2
62.2618
-1
1
294
542.4
0.00220608
37.2
64.9831
-1
1
314.4
542.4
0.00235766
37.2
43.9584
-1
1
308.4
544.8
0.00270821
37.2
73.426
-1
1
226.8
547.2
0.00212687
37.2
78.5507
-1
1
278.4
547.2
0.0018116
37.2
80.6398
-1
1
252
561.6
0.00117405
37.2
68.1291
-1
1
279.6
600
0.00142853
37.2
68.2824
-1
1
168
601.2
0.00151967
37.2
93.743
-1
1
264
613.2
0.00159861
37.2
93.2961
-1
1
266.4
612
0.0011908
37.2
75.0124
-1
1
224.4
568.8
0.00132712
37.2
85.3181
-1
1
170.4
621.6
0.00136532
37.2
93.9005
-1
1
193.2
568.8
0.00158201
37.2
71.9772
-1
1
285.6
620.4
0.00122577
37.2
68.2429
-1
1
381.6
619.2
0.00166164
37.2
96.8091
-1
1
128.4
619.2
0.00124714
37.2
77.7577
-1
1
344.4
618
0.00133851
37.2
108.435
-1
1
304.8
618
0.0017426
37.2
68.649
-1
1
282
618
0.00120372
37.2
82.4054
-1
1
247.2
354
0.00160055
37.2
93.9005
-1
1
328.8
614.4
0.0012684
37.2
-111.125
-1
1
266.4
228
0.00166857
37.2
86.2605
-1
1
150
612
0.00164749
37.2
59.3335
-1
1
230.4
610.8
0.00121932
37.2
92.5919
-1
1
270
621.6
0.00139537
37.2
80.9285
-1
1
277.2
621.6
0.00162757
37.2
55.5208
-1
1
229.2
548.4
0.00141087
37.2
106.049
-1
1
202.8
548.4
0.00149395
37.2
73.6861
-1
1
370.8
606
0.0012845
37.2
79.6551
-1
1
332.4
606
0.00167939
37.2
87.8253
-1
1
318
621.6
0.00118119
37.2
-12.0023
-1
1
294
206.4
0.00149955
37.2
38.4679
-1
1
304.8
547.2
0.00148569
37.2
85.9998
-1
1
162
603.6
0.00163961
37.2
92.4896
-1
1
145.2
603.6
0.00135486
37.2
70.9065
-1
1
290.4
601.2
0.00148535
37.2
100.713
-1
1
212.4
543.6
0.001593
37.2
100.008
-1
1
157.2
543.6
0.00152902
37.2
31.9613
-1
1
313.2
566.4
0.00148589
37.2
94.6433
-1
1
268.8
542.4
0.00163042
37.2
86.8024
-1
1
241.2
601.2
0.00125986
37.2
79.1699
-1
1
236.4
542.4
0.00118772
37.2
94.7309
-1
1
181.2
542.4
0.00128472
37.2
50.2677
-1
1
387.6
600
0.0015366
37.2
78.5697
-1
1
351.6
600
0.00130491
37.2
102.095
-1
1
261.6
600
0.00173896
37.2
84.6743
-1
1
337.2
621.6
0.00140654
37.2
95.1586
-1
1
358.8
541.2
0.00122488
37.2
65.7487
-1
1
385.2
621.6
0.00158955
37.2
107.166
-1
1
302.4
594
0.00132117
37.2
62.9814
-1
1
283.2
594
0.00145964
37.2
78.6901
-1
1
332.4
541.2
0.00125079
37.2
69.6236
-1
1
339.6
600
0.000958633
37.2
68.4507
-1
1
290.4
603.6
0.00116249
37.2
62.6711
-1
1
307.2
541.2
0.00111663
37.2
64.9982
-1
1
230.4
603.6
0.00114249
37.2
86.5248
-1
1
248.4
541.2
0.0010508
37.2
111.915
-1
1
205.2
607.2
0.00111568
37.2
92.1906
-1
1
241.2
603.6
0.00098777
37.2
45.3924
-1
1
390
603.6
0.00116474
37.2
99.5247
-1
1
318
601.2
0.00114978
37.2
91.2018
-1
1
328.8
607.2
0.00111406
37.2
107.033
-1
1
298.8
620.4
0.00104479
37.2
94.5378
-1
1
367.2
607.2
0.00115795
37.2
90.2741
-1
1
259.2
621.6
0.00112924
37.2
168.949
-1
1
127.2
568.8
0.00105484
37.2
82.6374
-1
1
254.4
572.4
0.00104144
37.2
91.5975
-1
1
328.8
621.6
0.00103556
37.2
82.7698
-1
1
184.8
594
0.00107473
37.2
150.255
-1
1
139.2
566.4
0.00105112
37.2
85.4735
-1
1
178.8
621.6
0.00108409
37.2
-129.472
-1
1
356.4
288
0.0010268
37.2
74.0546
-1
1
190.8
621.6
0.000963434
37.2
91.5009
-1
1
136.8
621.6
0.00111506
37.2
-5.61758
-1
1
358.8
441.6
0.00101215
37.2
80.1975
-1
1
219.6
600
0.00105864
37.2
105.131
-1
1
200.4
594
0.00117238
37.2
78.2095
-1
1
258
542.4
0.00114716
37.2
64.2635
-1
1
283.2
613.2
0.00103527
37.2
135.63
-1
1
195.6
555.6
0.00105796
37.2
79.8753
-1
1
292.8
562.8
0.000985533
37.2
85.4153
-1
1
216
621.6
0.00106923
37.2
113.051
-1
1
157.2
573.6
0.00113936
37.2
89.0858
-1
1
294
594
0.00114929
37.2
104.281
-1
1
310.8
594
0.00116942
37.2
83.6247
-1
1
146.4
614.4
0.00116582
37.2
55.3758
-1
1
283.2
554.4
0.00104083
37.2
42.9975
-1
1
181.2
601.2
0.00110422
37.2
87.912
-1
1
163.2
614.4
0.00115927
37.2
100.469
-1
1
151.2
601.2
0.00116336
37.2
97.319
-1
1
211.2
618
0.00115622
37.2
72.3156
-1
1
224.4
621.6
0.00110098
37.2
99.6599
-1
1
130.8
601.2
0.000978935
37.2
128.29
-1
1
148.8
595.2
0.00099309
37.2
89.1001
-1
1
364.8
614.4
0.00101045
37.2
92.6324
-1
1
223.2
554.4
0.00111675
37.2
99.4623
-1
1
219.6
567.6
0.000939869
37.2
86.6726
-1
1
248.4
572.4
0.000958628
37.2
67.2035
-1
1
232.8
564
0.000938033
37.2
112.141
-1
1
259.2
594
0.000954626
37.2
74.0085
-1
1
319.2
541.2
0.00091327
37.2
-69.8637
-1
1
336
645.6
0.00091581
37.2
-92.6838
-1
1
228
645.6
0.000899965
37.2
92.3091
-1
1
264
604.8
0.000897636
37.2
55.3449
-1
1
284.4
607.2
0.000888405
37.2
63.2251
-1
2
181.44
600.48
0.00128716
44.64
59.7672
-1
2
280.8
600.48
0.00149269
44.64
71.565
-1
2
283.68
613.44
0.00131484
44.64
51.2675
-1
2
316.8
563.04
0.00168895
44.64
95.0796
-1
2
144
603.36
0.00134816
44.64
90
-1
2
161.28
603.36
0.00157738
44.64
87.9955
-1
2
146.88
614.88
0.0013493
44.64
89.7347
-1
2
164.16
614.88
0.00145167
44.64
97.2302
-1
2
262.08
600.48
0.00164726
44.64
86.5873
-1
2
216
619.2
0.00212027
44.64
86.8589
-1
2
272.16
600.48
0.00202604
44.64
96.4588
-1
2
313.92
613.44
0.00203251
44.64
72.8973
-1
2
169.92
600.48
0.00148573
44.64
90
-1
2
328.32
614.88
0.00131923
44.64
104.123
-1
2
180
542.88
0.00137043
44.64
67.8762
-1
2
227.52
606.24
0.00137809
44.64
88.727
-1
2
269.28
542.88
0.00165285
44.64
98.7727
-1
2
316.8
604.8
0.00186375
44.64
63.2892
-1
2
295.2
542.88
0.00204486
44.64
109.44
-1
2
156.96
544.32
0.00148432
44.64
75.8445
-1
2
282.24
616.32
0.00208226
44.64
82.4054
-1
2
332.64
593.28
0.00167998
44.64
110.095
-1
2
305.28
616.32
0.00183722
44.64
102.322
-1
2
308.16
616.32
0.00209309
44.64
75.0271
-1
2
351.36
600.48
0.00145021
44.64
85.0497
-1
2
277.92
547.2
0.00136854
44.64
96.1702
-1
2
210.24
617.76
0.00179198
44.64
58.9503
-1
2
305.28
547.2
0.00166229
44.64
69.7273
-1
2
227.52
548.64
0.00200763
44.64
102.955
-1
2
302.4
593.28
0.00130864
44.64
73.9476
-1
2
345.6
617.76
0.00163955
44.64
75.8378
-1
2
280.8
554.4
0.00142744
44.64
88.116
-1
2
148.32
610.56
0.00171695
44.64
105.011
-1
2
299.52
619.2
0.00165747
44.64
73.4956
-1
2
339.84
601.92
0.00163783
44.64
69.0503
-1
2
282.24
593.28
0.00139699
44.64
113.607
-1
2
309.6
606.24
0.00175019
44.64
85.6317
-1
2
329.76
606.24
0.00130486
44.64
77.4276
-1
2
332.64
606.24
0.00141609
44.64
97.21
-1
2
318.24
601.92
0.0018705
44.64
55.5816
-1
2
313.92
567.36
0.00142691
44.64
97.485
-1
2
192.96
568.8
0.0013456
44.64
76.9515
-1
2
277.92
620.64
0.00215598
44.64
76.2392
-1
2
285.12
620.64
0.00134115
44.64
83.5169
-1
2
338.4
620.64
0.00165531
44.64
88.5461
-1
2
266.4
612
0.00112222
44.64
78.2749
-1
2
326.88
581.76
0.00102122
44.64
98.6782
-1
2
200.16
603.36
0.00111293
44.64
71.565
-1
2
246.24
354.24
0.00110567
44.64
68.2901
-1
2
227.52
613.44
0.00112284
44.64
74.7212
-1
2
220.32
600.48
0.00118841
44.64
72.0547
-1
2
288
610.56
0.00126093
44.64
95.4982
-1
2
311.04
593.28
0.00125686
44.64
72.943
-1
2
289.44
600.48
0.00117743
44.64
95.0796
-1
2
216
580.32
0.00106265
44.64
84.6517
-1
2
247.68
542.88
0.00105092
44.64
86.9993
-1
2
236.16
542.88
0.00128152
44.64
86.4552
-1
2
257.76
542.88
0.00113371
44.64
86.3555
-1
2
358.56
541.44
0.00101701
44.64
75.3027
-1
2
332.64
541.44
0.00110238
44.64
71.565
-1
2
315.36
541.44
0.00120189
44.64
69.5836
-1
2
306.72
541.44
0.00119198
44.64
176.496
-1
2
279.36
371.52
0.00107812
44.64
-16.9471
-1
2
293.76
207.36
0.000997891
44.64
114.027
-1
2
203.04
548.64
0.00119903
44.64
81.9268
-1
2
224.64
568.8
0.00105205
44.64
59.9456
-1
2
285.12
606.24
0.00107755
44.64
70.3959
-1
2
230.4
610.56
0.00105291
44.64
86.2111
-1
2
367.2
607.68
0.00117905
44.64
76.6755
-1
2
282.24
567.36
0.00124424
44.64
104.757
-1
2
201.6
593.28
0.00126704
44.64
86.8519
-1
2
364.32
614.88
0.00095667
44.64
88.7759
-1
2
269.28
620.64
0.000946177
44.64
91.5275
-1
2
159.84
606.24
0.000978386
44.64
111.861
-1
2
205.92
606.24
0.000991726
44.64
85.6792
-1
2
318.24
620.64
0.00095335
44.64
129.5
-1
2
195.84
554.4
0.000977504
44.64
74.2914
-1
2
230.4
601.92
0.000948922
44.64
82.8065
-1
2
223.2
554.4
0.000969014
44.64
82.8008
-1
2
293.76
593.28
0.00095481
44.64
81.8699
-1
2
252
560.16
0.00098182
44.64
106.136
-1
2
259.2
593.28
0.0009564
44.64
84.583
-1
2
178.56
620.64
0.000939687
44.64
72.958
-1
2
241.92
593.28
0.00094019
44.64
88.596
-1
2
154.08
620.64
0.000877866
44.64
106.887
-1
2
148.32
594.72
0.000923916
44.64
77.7791
-1
2
285.12
541.44
0.000864894
44.64
84.2594
-1
2
249.12
573.12
0.000849915
44.64
46.4688
-1
2
319.68
580.32
0.000923167
44.64
92.0454
-1
2
220.32
541.44
0.000913019
44.64
82.2044
-1
2
184.32
593.28
0.000879869
44.64
75.2983
-1
2
319.68
541.44
0.000849363
44.64
78.9705
-1
2
221.76
580.32
0.000771616
44.64
92.4788
-1
2
259.2
620.64
0.000812666
44.64
-98.7462
-1
2
264.96
228.96
0.000894363
44.64
89.7551
-1
2
329.76
620.64
0.000856166
44.64
-60.69
-1
2
272.16
339.84
0.000793161
44.64
89.4719
-1
2
169.92
622.08
0.000899966
44.64
77.1712
-1
3
241.92
592.704
0.000848925
53.568
96.4831
-1
3
190.08
594.432
0.000976642
53.568
101.241
-1
3
259.2
592.704
0.000968115
53.568
118.516
-1
3
200.448
549.504
0.00133057
53.568
72.0956
-1
3
281.664
592.704
0.00126372
53.568
70.5359
-1
3
331.776
542.592
0.000970581
53.568
82.3596
-1
3
226.368
549.504
0.00194434
53.568
68.152
-1
3
295.488
542.592
0.00135115
53.568
85.5502
-1
3
267.84
542.592
0.000979348
53.568
82.2925
-1
3
224.64
552.96
0.00191751
53.568
108.8
-1
3
179.712
542.592
0.000935128
53.568
69.2277
-1
3
304.128
547.776
0.00145222
53.568
71.565
-1
3
305.856
544.32
0.00179686
53.568
93.3665
-1
3
219.456
542.592
0.000942511
53.568
72.7796
-1
3
281.664
568.512
0.00110858
53.568
90.8747
-1
3
221.184
568.512
0.00128535
53.568
81.7406
-1
3
293.76
592.704
0.00099577
53.568
75.3133
-1
3
317.952
540.864
0.00118307
53.568
84.8331
-1
3
250.56
573.696
0.00172245
53.568
76.3337
-1
3
336.96
540.864
0.00100208
53.568
80.5377
-1
3
279.936
554.688
0.000970132
53.568
67.2703
-1
3
307.584
554.688
0.000871322
53.568
103.861
-1
3
210.816
542.592
0.00112342
53.568
76.866
-1
3
330.048
592.704
0.0012327
53.568
104.478
-1
3
202.176
592.704
0.00121605
53.568
107.071
-1
3
190.08
568.512
0.00135441
53.568
87.4308
-1
3
278.208
547.776
0.00169639
53.568
81.6071
-1
3
184.896
592.704
0.000910085
53.568
97.5238
-1
3
300.672
592.704
0.00138074
53.568
91.2103
-1
3
216
578.88
0.00109195
53.568
66.3706
-1
3
312.768
566.784
0.00104825
53.568
121.43
-1
3
195.264
554.688
0.000786285
53.568
75.8542
-1
3
319.68
580.608
0.000815217
53.568
-102.095
-1
3
245.376
354.24
0.00079423
53.568
85.8404
-1
3
247.104
542.592
0.000815018
53.568
90
-1
3
254.016
573.696
0.000833397
53.568
-175.533
-1
3
278.208
371.52
0.000748711
53.568
86.7725
-1
3
257.472
542.592
0.000706298
53.568
90.5999
-1
4
226.022
551.578
0.00149981
64.2816
80.4858
-1
4
279.936
551.578
0.0015426
64.2816
69.8725
-1
4
304.819
547.43
0.00150154
64.2816
81.1111
-1
4
279.936
547.43
0.00192891
64.2816
90.8013
-1
4
236.39
543.283
0.00145363
64.2816
81.3339
-1
4
284.083
541.21
0.00168135
64.2816
92.6678
-1
4
221.875
541.21
0.00160954
64.2816
87.1471
-1
4
246.758
541.21
0.00125347
64.2816
87.6368
-1
4
252.979
541.21
0.00208019
64.2816
105.457
-1
4
209.434
541.21
0.00167846
64.2816
83.8845
-1
4
269.568
541.21
0.00173011
64.2816
87.5351
-1
4
257.126
541.21
0.00120463
64.2816
72.7809
-1
4
296.525
543.283
0.00202034
64.2816
73.1737
-1
4
304.819
543.283
0.00138717
64.2816
-117.824
-1
5
246.344
355.83
0.000549786
77.1379
369
64
22
177
137
60
62
176
216
5
83
186
17
200
192
64
38
27
172
206
0
211
196
33
66
219
204
138
230
207
65
45
181
98
215
60
212
174
90
56
224
117
208
78
57
12
242
84
145
79
153
174
24
7
240
29
156
73
20
243
51
189
120
87
98
251
213
51
85
244
232
200
126
96
106
53
95
87
206
117
194
176
119
139
156
227
239
41
35
210
138
110
224
222
232
39
207
45
31
241
112
52
45
131
218
207
69
149
137
98
237
11
239
15
129
70
201
243
244
206
27
239
111
95
151
227
160
39
181
76
231
254
231
33
221
224
167
216
232
45
232
123
238
173
194
169
235
173
63
117
120
199
62
252
198
255
121
191
251
23
99
191
253
237
85
127
90
181
237
254
125
92
40
191
221
121
254
177
152
204
24
33
213
255
140
235
120
252
145
60
156
215
48
124
248
250
247
211
218
225
167
248
206
165
250
254
247
204
251
232
251
181
127
87
126
159
175
221
143
255
127
175
131
207
118
158
251
175
71
95
88
255
237
254
125
93
228
62
221
127
61
177
204
205
144
241
215
255
140
243
64
252
129
61
221
93
144
62
199
248
131
177
221
226
167
216
204
167
170
234
227
205
194
41
235
109
127
87
238
141
42
205
71
255
123
175
146
10
98
159
219
167
87
187
24
173
237
110
104
124
48
235
221
89
61
179
220
140
16
241
209
255
12
227
72
188
145
187
156
213
145
42
135
14
65
163
201
200
162
200
8
97
10
119
160
55
203
160
226
5
133
64
192
0
174
104
78
136
8
3
134
10
11
95
53
165
93
154
48
242
13
150
193
84
8
2
72
14
104
129
137
36
80
36
213
7
133
41
0
104
32
44
72
7
48
252
46
246
97
41
149
96
46
217
193
138
233
186
97
6
135
95
251
12
35
80
41
130
21
20
196
221
249
169
211
62
35
144
200
44
159
190
137
48
33
117
42
74
50
169
86
113
150
28
24
190
16
3
96
156
100
97
128
176
133
144
60
71
232
2
126
56
171
165
255
247
155
137
158
235
211
62
241
206
59
116
124
215
122
214
205
151
222
76
190
208
250
111
210
251
247
190
103
189
223
127
254
255
237
87
160
69
71
88
71
140
185
49
223
206
24
167
183
247
220
243
64
58
249
57
191
15
56
182
26
144
8
174
47
200
148
13
62
112
31
197
60
30
108
181
229
214
1
209
196
34
227
115
97
136
224
15
83
1
177
107
181
36
81
178
83
82
233
244
210
221
24
46
212
22
245
111
153
172
26
5
240
29
157
73
16
242
51
188
88
87
34
248
246
238
255
111
248
222
222
201
250
187
248
251
238
119
206
184
235
197
191
47
205
79
175
125
255
223
63
55
207
47
35
62
247
239
77
87
118
189
253
182
127
94
234
255
223
250
252
177
237
221
20
177
221
231
142
239
214
220
180
45
246
85
16
190
7
6
0
130
8
68
134
1
2
64
42
4
0
39
1
36
225
2
0
0
192
32
128
66
88
149
129
9
0
138
1
65
133
36
81
186
16
8
41
76
100
16
56
171
212
16
244
111
153
172
24
1
176
25
156
73
0
114
19
176
88
87
32
104
45
254
231
73
60
55
165
246
241
252
236
185
77
61
155
205
131
236
235
42
241
67
94
255
217
109
12
150
109
93
121
223
253
72
199
180
252
184
177
61
126
94
122
182
84
227
211
73
184
189
141
11
240
29
159
93
62
230
95
156
250
198
110
245
94
81
254
184
95
115
124
254
53
234
248
168
124
196
39
91
221
95
243
214
233
213
197
187
134
109
251
220
89
117
254
243
123
16
159
45
191
108
112
97
62
75
247
104
87
21
199
255
126
250
24
215
226
252
92
93
207
183
159
211
31
250
218
38
228
47
247
247
72
142
229
75
188
253
66
115
135
251
208
12
242
169
253
47
247
45
250
123
95
250
23
167
110
153
32
223
71
227
110
49
181
190
247
188
205
118
170
215
233
11
91
195
233
229
248
248
245
118
143
206
103
124
247
175
202
53
153
254
131
213
136
18
221
138
15
26
162
7
169
234
162
77
4
29
229
103
38
213
194
39
49
71
70
247
245
111
18
30
226
97
199
44
86
158
74
40
233
252
112
72
56
171
213
80
181
111
145
172
24
0
224
25
156
65
16
178
51
189
24
87
32
234
227
214
245
111
252
190
55
69
233
117
37
202
204
57
134
29
230
229
27
105
248
99
123
124
85
201
140
191
127
53
97
102
149
237
66
63
194
185
165
247
254
222
40
151
209
250
217
17
153
196
28
40
101
253
159
175
48
254
179
156
248
87
54
251
22
178
25
37
190
176
152
16
82
59
17
71
192
64
0
17
228
207
2
211
192
36
66
219
204
154
228
207
64
37
177
98
215
56
28
190
90
58
168
117
216
78
26
14
208
84
131
79
153
172
24
7
240
29
156
73
20
243
51
157
120
87
98
251
53
50
213
102
120
50
163
126
194
56
192
117
101
83
131
17
242
199
203
66
225
37
75
215
206
168
228
207
14
12
225
238
223
36
84
190
93
176
1
117
205
84
26
134
225
161
131
79
184
60
9
3
240
28
158
73
4
242
23
133
88
71
36
89
6
0
136
52
41
136
28
12
134
42
179
224
64
65
4
18
189
170
34
211
196
34
82
71
213
11
228
238
64
180
225
226
207
56
70
172
218
40
160
104
120
94
49
169
212
113
151
79
185
174
24
3
240
29
93
81
18
243
55
181
56
83
32
106
80
42
147
159
232
138
39
104
200
165
123
155
225
148
89
170
247
137
123
70
236
133
202
157
217
237
173
174
64
130
33
222
235
37
97
63
93
170
228
238
250
92
49
167
245
59
189
43
153
140
137
35
245
125
29
195
68
250
19
184
216
70
48
252
97
149
229
40
221
230
167
89
164
68
204
101
237
109
20
37
85
45
211
86
240
103
26
231
86
238
76
166
248
146
97
193
143
107
195
141
145
0
125
40
109
48
18
163
85
121
183
199
56
60
136
8
241
124
92
211
121
158
87
171
146
215
188
72
32
199
101
210
200
158
231
99
244
93
34
65
159
123
212
4
194
33
237
34
246
108
24
251
122
187
7
54
172
152
33
223
199
99
78
48
245
176
55
172
245
118
136
199
73
128
217
195
9
165
152
72
117
12
143
25
45
204
66
141
194
119
41
185
190
246
125
175
62
245
157
49
118
253
125
251
205
123
20
93
253
215
100
243
245
100
211
122
237
255
241
123
126
123
247
239
215
100
215
186
254
120
249
117
117
92
59
175
213
16
245
111
152
188
153
9
240
29
156
73
24
178
51
189
90
87
36
254
22
176
137
52
44
144
152
5
210
186
17
192
192
64
4
17
164
206
2
211
196
33
66
219
204
138
230
207
64
36
161
106
215
56
76
174
122
56
224
117
216
78
49
12
240
116
145
79
185
174
24
7
240
29
28
73
20
243
19
189
120
87
98
251
208
251
147
243
221
242
239
254
204
187
248
250
227
196
211
171
123
205
127
79
238
141
239
221
207
223
123
174
215
3
34
190
239
167
223
123
83
189
239
118
120
124
162
127
223
57
63
179
220
220
24
241
213
255
140
243
193
252
161
191
220
117
145
190
45
98
119
201
56
245
161
240
253
188
194
149
69
61
249
231
250
236
203
106
248
194
28
180
217
56
156
144
109
198
123
223
249
64
103
188
84
178
201
124
252
84
18
150
116
226
66
97
168
45
236
41
242
29
142
85
36
224
11
140
218
199
110
243
240
234
19
167
248
204
171
232
206
191
82
95
195
7
219
176
123
199
255
67
204
135
142
220
255
221
61
175
134
139
99
190
71
173
77
95
124
191
237
126
233
84
97
190
205
40
188
49
173
205
24
161
213
247
140
227
68
252
144
41
220
87
48
190
124
54
119
253
50
53
173
251
245
254
82
147
93
185
217
198
250
220
203
107
120
208
212
188
217
184
181
144
124
208
125
251
112
100
118
186
213
126
145
124
252
71
123
158
66
166
64
76
171
173
253
137
242
31
159
93
140
246
115
220
223
198
40
183
245
239
247
103
249
254
231
249
184
153
250
255
174
255
203
172
235
141
63
127
127
207
174
252
123
255
127
191
253
27
34
62
250
111
109
223
83
181
253
182
127
124
184
191
223
123
126
181
205
157
86
177
217
231
132
239
208
220
224
47
92
85
145
190
246
238
215
111
248
216
254
201
250
187
248
251
238
243
206
184
235
129
191
47
205
143
175
124
255
223
127
183
207
139
35
62
247
239
109
87
126
181
253
182
127
92
232
255
223
122
252
177
237
221
94
241
221
231
142
235
214
220
164
45
246
85
17
188
69
6
131
49
72
194
164
70
32
170
2
5
64
197
171
3
137
104
161
66
192
5
94
155
70
201
10
132
0
4
33
71
85
2
87
41
16
228
101
0
100
36
24
38
71
84
67
227
24
40
56
20
211
92
156
8
145
200
3
181
72
71
1
114
52
34
85
130
88
150
3
34
198
92
82
23
133
127
145
68
114
199
193
32
208
101
136
115
26
160
12
5
58
136
17
201
119
4
86
178
117
26
5
92
196
84
16
134
64
128
192
79
26
44
153
8
240
24
157
89
32
114
51
156
74
22
32
248
110
250
139
251
63
115
8
143
197
186
32
168
51
146
117
251
88
214
45
155
136
150
124
31
135
129
231
131
19
249
53
214
161
172
214
39
123
252
161
243
234
79
102
88
154
215
0
235
252
239
158
7
118
29
245
248
148
242
135
158
125
92
90
51
95
249
235
61
87
99
127
254
217
170
249
190
96
196
239
251
161
92
51
214
47
187
198
158
133
237
230
201
209
103
238
184
250
59
173
239
47
39
201
245
58
234
247
104
126
127
175
62
238
190
82
199
201
255
116
96
220
163
189
250
61
226
243
32
208
251
215
223
112
91
84
255
234
177
45
218
135
247
214
235
235
213
60
47
14
141
230
163
75
215
189
47
147
10
18
40
211
39
116
250
66
125
239
244
114
222
40
63
157
28
125
166
145
165
94
21
240
31
150
75
16
240
49
61
88
85
32
250
133
206
136
0
1
26
4
66
40
23
38
202
2
153
196
139
0
104
165
9
0
134
168
97
67
53
13
34
149
12
0
65
208
18
64
8
0
138
37
168
210
182
40
151
16
114
20
192
17
41
48
20
81
93
139
2
16
72
32
36
64
208
0
249
223
253
234
121
21
98
252
254
216
138
249
188
98
132
143
251
137
76
59
223
47
139
103
159
165
111
250
229
83
39
226
178
232
27
189
239
62
53
77
117
58
234
187
104
95
123
39
182
122
254
126
247
201
255
116
96
214
169
173
251
61
242
247
3
2
13
0
170
1
14
2
3
4
64
3
4
16
98
205
132
194
19
1
68
6
36
145
67
89
136
0
13
2
136
8
0
130
36
69
154
1
74
129
68
128
82
16
130
80
30
224
78
145
36
16
4
32
29
133
9
0
226
49
176
88
70
34
225
111
150
186
251
255
244
251
141
148
255
224
253
177
74
179
127
114
191
137
19
249
51
255
29
20
170
226
167
83
241
245
247
103
136
143
53
247
253
105
255
202
78
70
200
242
81
131
123
252
238
24
33
246
164
252
241
150
243
247
158
191
218
186
53
93
115
222
124
55
115
124
254
17
186
248
189
110
196
167
107
253
222
251
222
233
221
197
187
130
125
243
212
89
71
230
242
91
26
157
229
127
124
112
113
122
206
255
63
127
181
231
254
62
251
62
215
234
252
222
93
215
183
191
215
61
234
199
6
242
239
227
183
249
70
188
207
204
227
251
126
243
230
210
252
251
129
111
87
95
143
183
23
87
223
251
47
195
158
34
186
239
45
71
191
210
52
233
246
120
92
48
175
221
93
189
60
153
172
24
1
240
31
148
73
16
242
49
189
92
87
32
250
133
234
85
64
248
184
167
120
248
29
46
123
206
127
204
137
227
237
175
40
229
44
8
247
107
127
21
167
252
10
33
77
223
98
84
186
84
186
189
52
253
94
58
55
213
226
252
195
168
181
12
0
240
29
143
9
52
242
51
173
88
87
36
248
149
253
117
117
168
204
249
104
155
109
255
223
198
101
204
184
164
139
182
35
246
44
162
203
255
126
231
254
108
39
207
111
159
241
105
20
189
139
250
239
223
188
169
227
232
51
255
63
169
194
105
255
252
71
25
101
111
223
214
235
178
119
131
78
73
159
214
121
223
171
226
114
216
28
206
119
240
92
233
233
226
93
155
102
231
47
139
119
111
126
30
133
222
70
58
70
215
103
93
155
52
126
223
52
153
117
158
102
77
239
175
231
188
52
25
212
243
117
137
195
83
140
58
175
64
47
183
242
60
39
101
162
92
182
46
51
64
94
88
23
201
71
148
64
194
205
1
96
209
100
128
211
72
136
164
133
88
24
57
201
82
36
148
178
77
120
1
84
68
192
26
143
68
132
230
79
18
36
24
4
226
24
142
9
4
98
19
156
74
22
104
176
58
242
251
251
63
245
252
159
247
250
40
169
45
146
191
127
255
214
233
26
208
119
94
31
129
129
231
247
95
113
181
254
239
138
191
53
255
252
113
115
106
78
98
124
22
245
17
123
254
251
62
67
182
161
252
93
151
226
255
223
255
78
239
119
102
39
161
176
84
166
3
15
196
102
82
54
193
142
147
7
128
109
67
84
248
39
82
215
92
168
140
133
2
152
40
200
71
44
71
186
89
56
1
76
40
64
16
136
69
96
165
79
56
44
152
8
243
28
28
17
32
34
19
185
74
151
104
122
67
206
204
126
233
154
126
5
184
49
5
136
174
245
14
31
230
139
27
252
204
199
91
61
82
200
172
158
99
33
41
102
215
173
64
63
67
179
164
246
218
222
8
142
209
255
135
11
189
108
28
5
117
125
159
203
80
254
187
156
120
86
50
253
254
178
123
161
254
215
155
201
222
255
82
127
213
78
187
84
248
247
250
34
249
119
158
92
190
244
191
111
158
251
119
255
71
153
207
39
254
253
237
127
104
76
103
56
247
204
185
49
190
220
152
35
183
245
156
243
68
94
210
61
254
223
120
182
10
2
128
43
9
160
168
13
132
186
192
33
32
2
3
3
74
8
131
210
225
35
79
29
64
136
166
131
66
128
33
198
109
168
15
48
49
160
33
96
104
66
18
136
82
113
3
91
56
108
24
1
244
28
92
64
134
162
135
148
8
82
34
99
245
39
119
117
216
226
227
252
208
253
242
117
98
211
129
160
226
197
159
102
109
169
174
182
78
171
35
175
210
10
35
63
114
39
116
187
20
176
69
212
209
68
153
150
104
3
201
214
137
37
93
177
240
30
140
73
192
248
35
136
76
6
33
188
81
1
145
150
200
131
3
44
70
36
81
22
177
238
147
66
226
23
1
102
234
37
194
67
74
168
184
13
2
136
120
41
87
36
21
186
1
104
65
92
16
64
21
10
193
24
225
79
27
44
25
5
114
24
28
65
96
114
51
185
88
87
32
250
5
35
144
52
1
200
36
78
1
0
139
32
224
71
136
3
9
8
160
208
131
44
75
195
68
85
83
225
0
46
131
68
31
146
105
10
1
136
106
2
37
32
160
97
47
81
63
163
80
210
33
242
134
64
112
32
43
11
150
227
160
97
197
70
3
21
0
34
5
168
12
8
32
2
129
224
160
9
4
19
12
42
32
209
131
34
83
71
68
17
209
108
18
36
129
64
143
188
144
14
9
8
32
67
40
138
60
201
147
81
183
15
16
210
16
0
100
0
122
32
27
147
151
177
48
243
164
75
96
10
179
183
232
174
47
121
204
229
235
13
225
220
89
167
247
173
91
86
252
167
22
149
211
110
236
174
0
144
97
223
235
45
67
61
217
42
228
238
202
92
16
174
213
123
143
79
188
142
136
11
243
125
29
211
100
254
147
180
250
86
50
88
80
42
147
255
232
218
39
108
204
181
123
157
193
148
93
170
119
197
123
77
172
133
202
157
201
237
173
174
3
130
35
206
227
165
99
63
93
186
236
238
234
92
33
167
245
186
173
43
155
140
141
3
245
125
159
211
68
250
19
252
216
70
48
252
80
42
145
191
232
202
38
104
204
177
123
155
227
149
222
170
119
137
105
77
140
133
203
157
205
205
173
174
2
130
35
206
227
165
99
59
73
186
229
238
234
92
49
167
221
27
191
35
152
196
137
33
245
93
159
195
64
250
147
180
88
86
48
124
80
234
147
95
232
154
38
121
200
177
234
155
226
213
207
170
103
129
251
71
204
133
75
149
203
79
173
174
65
134
35
142
235
37
65
189
85
186
229
228
250
94
49
167
253
59
191
39
153
140
9
35
241
125
157
195
68
250
19
180
88
86
48
124
65
234
151
31
232
234
39
252
200
49
235
137
226
209
207
171
231
205
187
70
236
133
39
149
195
111
141
174
129
6
35
30
251
37
65
191
89
50
228
228
238
94
56
167
253
123
191
15
152
140
8
35
241
125
157
203
68
254
19
180
120
86
52
88
3
148
0
46
31
224
21
28
18
32
61
205
32
14
4
49
109
246
1
209
224
34
227
99
64
143
225
110
83
34
225
99
157
44
209
180
83
8
232
225
114
92
58
43
212
81
183
111
152
174
24
5
240
29
156
65
48
178
55
188
24
87
36
74
214
42
147
231
232
208
139
232
206
187
91
126
243
198
219
240
255
135
126
2
204
135
142
92
207
215
255
111
134
171
51
158
115
173
79
63
124
183
237
78
96
84
225
60
207
140
184
177
238
205
16
179
247
247
140
243
196
124
144
49
252
85
112
54
60
50
101
32
180
176
169
121
192
26
242
119
225
17
145
97
210
204
199
88
113
2
0
220
204
152
45
129
214
6
33
152
108
12
223
190
92
56
9
21
237
68
19
159
66
225
178
93
58
61
28
2
224
157
206
89
132
226
23
140
110
23
100
49
68
106
147
158
200
138
39
78
204
32
171
41
97
198
221
171
115
33
123
70
204
5
22
135
211
236
204
141
1
136
33
198
233
37
70
191
17
50
165
254
186
94
16
134
253
123
133
79
153
172
136
3
113
125
29
195
80
250
19
188
56
70
50
88
63
49
249
114
23
112
113
126
211
154
212
52
101
30
130
82
250
132
3
89
33
34
229
23
228
136
98
137
86
45
104
232
12
46
172
254
110
48
1
85
24
192
147
72
66
161
1
110
59
54
95
128
104
16
246
65
144
50
47
219
40
151
228
210
133
250
85
96
252
186
167
88
248
29
170
115
238
127
204
129
227
237
175
41
229
44
8
243
71
255
17
167
252
12
33
69
223
99
92
186
112
186
189
180
125
86
58
55
205
227
254
195
168
181
28
0
240
29
143
9
54
242
23
173
88
87
36
250
82
106
145
186
72
218
38
109
204
33
123
152
243
150
222
186
115
131
123
77
140
133
203
149
221
205
173
175
3
130
35
204
161
173
101
191
73
186
237
230
170
92
49
167
213
63
55
45
155
164
137
0
225
93
191
211
64
250
19
240
88
86
112
124
19
132
8
142
15
192
156
4
18
234
61
192
8
7
4
48
229
210
0
209
192
32
229
34
72
135
161
11
83
40
161
99
245
36
84
178
83
80
169
244
114
94
56
41
212
20
245
111
153
172
24
5
240
29
156
73
16
242
51
188
88
86
32
248
208
106
151
222
232
186
55
122
204
53
127
155
231
177
92
170
54
197
127
109
236
133
128
213
203
238
141
190
98
128
1
238
251
45
66
63
93
154
164
239
254
94
49
183
253
186
132
79
159
173
137
131
113
125
159
219
96
254
19
188
120
86
52
253
120
255
247
249
50
53
173
253
253
254
248
155
93
185
251
206
243
220
235
111
124
242
214
180
221
169
165
184
125
208
116
187
248
100
118
190
213
120
177
252
254
95
251
190
86
167
81
92
191
173
157
137
242
29
159
93
228
244
99
220
223
198
40
245
65
210
85
45
232
170
39
88
232
53
168
139
204
185
76
11
231
237
191
100
232
197
10
245
197
237
173
254
105
4
97
71
209
37
82
61
81
40
164
236
126
94
56
167
213
123
222
77
152
132
8
1
241
125
159
195
120
254
19
188
216
214
52
249
197
237
207
117
232
198
254
199
185
189
46
207
158
247
227
171
235
233
63
111
15
143
126
189
123
207
63
175
197
11
50
54
247
239
109
95
83
181
255
254
123
124
232
127
223
126
61
179
205
205
94
245
221
255
132
239
209
252
225
63
220
116
145
188
83
130
9
122
232
154
30
108
74
35
255
152
224
20
76
146
7
129
26
73
142
33
203
92
13
197
169
47
66
45
33
110
183
133
84
59
74
187
164
242
34
222
105
45
245
158
149
27
147
236
25
7
101
29
255
99
64
250
179
252
216
86
112
252
216
250
147
243
218
227
174
249
204
171
123
94
243
198
219
232
251
215
125
71
206
141
175
221
139
223
63
175
135
139
50
158
103
167
95
27
25
247
239
102
97
124
228
126
223
30
189
179
220
220
24
241
215
255
28
243
193
184
145
171
220
93
17
62
50
7
0
130
1
14
4
35
4
64
83
16
16
99
25
4
98
3
1
228
3
36
129
99
90
136
0
13
2
136
8
8
22
36
68
154
65
74
1
76
132
82
24
138
64
14
192
78
147
36
17
0
50
29
133
9
0
98
17
176
72
70
32
105
222
234
91
233
250
219
218
193
222
187
27
94
213
102
249
248
219
209
126
38
205
245
15
92
175
215
191
255
134
239
183
254
115
141
79
79
126
255
239
118
224
92
225
124
247
222
188
49
239
205
16
103
255
245
140
251
84
254
144
61
252
91
112
182
254
235
247
119
250
71
248
231
218
185
123
255
255
231
219
250
251
129
63
111
79
141
231
189
223
223
191
171
195
142
178
190
241
37
101
255
90
119
237
244
122
92
56
62
223
30
253
180
137
172
94
133
240
31
148
73
208
240
33
189
92
86
32
250
187
213
125
228
183
45
221
122
150
69
255
113
111
92
212
117
243
244
71
97
114
42
176
119
126
174
165
25
246
122
124
185
230
108
158
222
198
113
137
221
91
217
151
143
200
2
244
78
138
181
211
137
120
150
151
81
48
178
115
154
250
159
44
248
187
213
108
254
55
117
93
30
183
70
189
248
61
108
54
93
253
244
54
240
50
114
176
54
46
255
243
57
255
121
124
169
212
108
158
222
202
117
241
119
50
203
127
105
212
20
245
14
157
190
22
13
104
144
150
77
184
182
121
159
221
159
46
176
96
42
147
158
120
170
39
126
204
32
235
48
97
215
221
171
115
197
123
68
204
7
204
151
75
205
140
143
19
136
1
206
233
45
71
191
0
178
165
230
170
94
16
167
253
250
133
75
152
172
201
1
113
125
149
211
64
250
19
180
120
70
54
124
227
214
239
129
223
212
131
88
238
255
176
248
239
9
52
93
232
245
39
49
200
71
250
109
77
243
185
47
19
27
115
111
213
172
214
186
90
121
173
246
208
94
40
15
209
16
240
53
153
172
24
5
240
157
156
73
16
242
51
189
216
215
32
251
48
3
68
130
64
14
6
35
6
68
83
22
153
119
16
4
114
3
65
100
82
38
129
227
26
32
4
12
32
152
16
136
70
36
66
154
64
26
1
204
148
80
16
134
64
32
197
78
147
36
153
8
48
24
155
25
0
114
51
176
72
6
32
248
196
233
139
121
80
234
254
206
201
163
233
188
99
196
207
171
137
12
51
87
15
169
102
143
231
207
135
165
65
47
34
154
232
155
239
207
8
183
207
183
42
42
176
224
190
123
47
178
123
174
102
243
73
247
116
50
212
136
141
235
44
112
243
1
118
250
83
111
249
218
164
203
203
185
234
251
243
150
205
248
243
135
175
26
141
12
9
221
199
205
107
175
7
234
131
94
186
143
109
151
124
158
239
246
175
95
227
113
62
255
60
183
228
247
229
246
182
167
111
235
70
248
134
102
61
76
243
21
143
32
109
32
21
168
63
88
241
43
204
54
236
39
164
99
194
44
7
113
105
192
65
244
228
172
232
145
106
13
41
161
88
44
132
250
11
59
1
220
90
192
28
42
214
113
102
77
25
38
8
6
104
28
76
12
28
178
63
184
8
150
98
136
251
221
254
94
239
143
95
59
255
85
253
251
191
253
126
92
255
183
126
191
254
127
211
103
243
119
247
126
127
243
222
173
143
111
99
85
206
13
250
123
125
223
239
239
189
121
253
47
247
210
137
203
254
173
219
247
121
191
254
123
179
253
157
94
58
49
125
182
22
109
125
127
213
78
255
53
109
13
216
246
243
212
71
97
54
170
229
62
253
168
230
137
82
153
120
237
96
44
190
222
198
55
129
221
153
192
147
142
202
35
204
94
139
52
215
136
104
158
151
81
224
178
105
250
222
134
40
180
7
164
24
10
25
136
130
1
18
0
6
101
32
6
201
177
224
2
129
144
193
34
17
66
240
128
64
77
2
8
137
96
164
32
69
166
51
18
137
244
195
20
24
128
80
86
128
78
153
44
8
5
176
5
89
65
18
18
62
180
24
66
34
201
28
43
92
130
67
27
6
35
46
16
62
48
60
54
233
192
227
147
1
164
69
48
129
115
9
68
9
13
36
200
148
32
158
36
81
178
66
90
129
84
48
149
28
39
68
134
244
78
149
165
137
4
178
13
139
73
16
114
58
188
73
11
32
216
80
106
147
191
232
170
38
105
200
177
123
155
227
148
221
170
119
141
249
71
204
133
203
157
207
205
169
174
3
128
33
206
227
165
112
59
85
186
165
230
234
94
49
167
253
27
159
35
152
172
137
35
245
125
157
195
64
250
147
180
88
86
48
124
240
239
247
151
232
70
163
231
234
245
107
223
223
247
210
168
251
193
111
103
124
141
55
181
219
255
189
175
195
138
114
190
247
37
71
190
90
48
237
252
125
92
56
191
221
122
253
236
137
172
88
1
240
31
156
73
16
242
49
189
88
87
32
250
10
1
0
162
2
14
2
3
4
66
3
4
16
102
121
80
194
19
1
68
6
48
128
67
92
144
128
13
2
136
56
0
2
36
85
154
1
74
129
68
128
81
20
8
64
30
224
78
145
36
16
4
34
29
133
9
16
98
57
176
72
6
34
225
12
34
69
224
190
181
166
113
64
90
114
81
201
83
153
64
194
205
201
104
193
112
8
219
72
136
33
133
76
64
57
218
119
0
220
178
125
120
33
164
228
86
26
14
80
134
210
79
154
45
28
4
114
29
143
73
4
226
19
148
72
86
96
241
208
249
223
223
84
67
84
254
234
161
45
218
175
247
182
107
235
213
60
39
14
205
230
35
75
215
185
63
187
10
18
40
210
39
52
250
66
125
255
244
118
218
40
47
157
28
125
174
145
164
82
21
248
26
148
79
24
244
49
61
88
84
32
250
76
34
64
40
29
104
46
220
65
58
234
51
96
133
139
131
203
12
227
80
233
129
75
156
69
93
249
161
216
6
35
198
89
128
223
187
53
188
37
100
108
68
50
47
71
225
54
241
56
236
56
0
193
159
204
8
134
160
135
180
12
66
32
38
4
42
117
244
40
46
33
123
160
100
67
21
69
245
216
2
226
204
71
96
214
44
136
179
95
138
132
138
32
128
41
204
83
38
84
186
0
186
129
198
204
20
24
135
224
34
229
75
128
36
17
0
96
29
159
9
0
114
19
188
72
70
33
248
13
186
230
73
189
249
165
244
188
189
238
249
205
61
217
233
129
236
235
170
245
71
206
253
105
109
13
182
125
71
97
215
253
200
211
36
85
184
185
63
127
29
106
183
84
227
94
99
186
253
141
41
245
189
219
84
38
198
151
132
226
203
36
94
74
146
154
251
63
51
252
159
213
186
224
163
97
128
35
91
212
158
227
155
224
183
95
31
132
11
226
226
91
101
165
242
111
152
158
37
127
236
32
97
106
78
118
124
210
245
19
91
126
250
56
71
230
61
253
89
151
179
159
151
63
122
200
51
141
234
213
96
248
250
165
114
184
29
110
83
207
127
220
169
235
237
175
97
229
109
168
243
111
255
21
183
252
2
99
205
215
99
93
186
85
186
253
60
253
212
58
55
221
3
247
227
153
181
24
0
240
29
143
13
60
246
51
173
216
87
32
250
13
168
93
40
152
233
163
112
120
20
70
53
220
63
237
193
234
252
129
96
229
96
8
241
109
184
0
149
126
79
57
111
151
100
85
186
19
218
217
60
157
21
90
6
85
147
98
99
153
60
9
4
240
29
137
77
60
230
59
173
216
79
38
251
135
3
0
116
253
178
234
82
32
25
130
67
202
81
0
1
32
237
173
243
198
44
0
115
70
154
131
247
28
36
33
70
87
115
92
168
120
56
242
165
197
60
26
79
225
65
211
75
8
183
24
71
240
84
159
73
23
211
23
151
64
119
161
123
56
10
102
245
166
253
228
241
61
252
126
17
221
189
121
230
251
220
233
106
252
248
140
176
89
125
129
176
124
215
63
191
120
99
117
248
87
123
249
116
125
85
251
63
76
135
94
228
141
165
223
141
250
31
143
77
10
228
107
220
75
14
32
254
54
229
88
158
49
134
20
7
23
192
61
176
44
51
132
30
251
130
32
209
145
34
209
35
216
221
225
125
99
184
128
104
130
36
36
182
195
24
161
124
114
218
49
171
148
16
213
78
153
166
153
9
112
24
152
73
16
243
51
185
90
87
40
218
93
55
212
22
126
163
26
118
82
56
84
53
236
115
131
82
226
215
1
230
193
37
195
115
204
8
232
29
122
12
185
107
119
36
21
186
86
120
1
85
16
64
27
14
64
132
195
79
27
44
25
5
176
24
156
73
0
114
59
152
88
6
36
240
126
49
220
151
55
151
91
52
22
231
21
176
189
170
179
86
124
215
80
247
139
245
195
35
168
34
226
93
82
185
213
43
87
36
20
255
194
121
195
95
144
203
53
14
147
28
193
47
159
174
26
5
120
24
156
91
24
115
59
153
89
22
34
251
212
49
223
151
242
195
219
170
214
167
87
118
159
226
147
82
122
215
116
103
11
165
230
231
138
242
255
111
194
139
242
187
83
44
5
255
90
125
233
92
80
72
177
46
195
44
241
63
155
172
24
129
240
29
156
89
80
114
49
185
92
23
32
250
247
49
211
151
213
198
27
188
70
229
87
118
167
203
146
86
250
199
64
87
89
165
226
195
218
250
248
79
146
154
194
41
79
37
21
186
30
120
73
92
80
64
145
138
193
8
225
111
155
172
25
1
240
24
28
65
72
50
51
185
8
23
32
234
231
37
171
176
85
166
27
31
68
239
209
54
227
138
130
71
136
101
97
213
59
133
210
67
86
186
186
45
82
24
34
137
79
36
151
187
138
60
65
84
112
96
52
139
195
25
161
111
25
172
24
1
225
28
28
0
16
178
51
185
8
151
40
234
173
58
245
100
248
191
39
122
232
21
234
115
239
127
150
65
235
237
239
105
245
111
26
247
74
127
21
183
252
12
97
205
223
103
86
186
65
184
189
124
109
84
58
183
205
225
247
207
184
165
137
8
242
29
159
13
44
246
19
133
200
87
36
90
27
144
8
142
63
233
16
20
30
112
30
237
168
30
44
245
228
214
1
208
197
34
195
115
97
8
224
79
83
9
185
99
223
36
85
178
83
90
233
117
210
222
26
14
212
22
231
111
153
172
24
5
240
29
153
73
16
242
59
188
88
87
38
249
86
35
192
178
65
10
32
67
4
64
83
54
16
227
144
80
226
9
1
196
3
45
129
83
94
154
128
13
2
140
40
8
18
38
68
154
1
122
1
84
132
82
16
202
65
28
195
14
25
36
17
0
98
28
149
9
0
242
17
177
72
70
34
105
38
161
96
10
81
138
130
3
70
0
134
52
96
71
141
48
242
1
3
212
193
34
17
71
212
8
232
13
2
156
136
32
174
44
70
190
26
50
129
244
130
94
16
138
80
83
130
78
153
44
24
1
112
29
89
65
18
178
51
176
24
66
34
73
45
118
101
41
149
36
47
249
193
218
232
185
97
13
129
71
235
236
195
80
121
162
20
156
196
253
239
161
209
20
97
152
104
44
156
191
93
52
33
117
122
74
58
175
86
241
150
84
40
189
92
1
224
158
204
65
132
160
7
156
30
198
40
48
49
50
245
86
248
162
163
124
242
52
214
117
237
115
147
80
254
199
203
98
245
47
203
247
206
170
228
223
110
8
193
238
223
109
101
190
92
186
249
125
221
92
155
134
233
161
249
79
184
164
201
11
240
28
158
73
108
246
23
157
250
71
36
95
56
38
119
201
58
117
161
245
245
252
86
21
93
57
219
230
250
220
203
106
248
208
212
180
89
168
164
144
252
210
127
251
241
100
87
184
215
114
145
124
252
85
91
158
64
166
192
108
155
45
157
9
242
29
158
93
12
246
107
220
91
6
40
245
56
254
119
201
50
125
161
253
253
254
112
153
93
57
223
238
250
212
203
107
124
208
246
180
217
41
188
176
125
208
127
187
233
100
87
186
214
122
177
124
254
95
123
158
80
182
64
108
187
173
157
9
242
29
159
93
36
244
99
252
91
214
42
255
45
166
255
201
56
117
165
247
245
252
78
81
77
61
155
196
219
236
203
42
240
67
222
244
121
41
12
146
237
221
121
223
245
64
71
180
244
178
185
60
127
86
26
182
84
226
208
73
187
45
141
9
240
29
159
93
46
228
111
140
218
199
110
252
56
6
101
192
50
117
161
245
244
222
82
21
93
61
217
230
250
220
203
104
112
112
180
176
25
184
164
144
124
210
127
249
112
100
87
186
215
114
153
124
220
85
91
158
64
166
96
108
155
45
223
9
242
29
142
93
160
246
99
220
75
142
42
245
56
20
109
166
54
181
125
125
244
94
94
21
125
45
144
230
243
244
71
104
112
114
181
60
60
168
164
153
126
209
125
169
112
108
62
254
214
115
17
221
223
192
31
158
194
162
200
92
139
53
223
8
104
158
151
93
184
246
107
216
223
142
42
180
60
48
125
32
54
49
53
120
212
4
215
48
109
24
153
81
250
212
67
104
32
114
192
246
172
184
37
153
118
140
117
232
84
108
135
158
78
56
1
85
56
193
55
15
68
229
148
76
186
181
145
0
104
28
159
93
32
178
59
216
105
143
36
242
29
50
215
160
250
179
163
114
96
84
210
119
221
115
185
64
226
221
137
98
225
117
138
243
142
168
8
157
126
76
57
207
87
100
85
186
85
122
89
84
197
85
90
6
65
133
227
79
152
60
9
5
242
29
156
77
12
246
19
141
72
15
36
249
12
34
197
224
126
179
166
115
32
24
210
49
200
113
129
64
128
221
11
106
225
101
200
243
76
136
8
149
124
4
57
202
119
96
84
186
93
122
1
52
204
54
26
14
64
133
195
75
26
45
25
5
115
28
159
8
0
226
19
148
72
87
36
249
247
49
243
183
215
230
139
190
198
239
209
119
239
202
146
86
121
247
97
215
105
133
230
7
142
251
250
111
210
154
242
171
71
45
21
191
90
124
105
92
80
64
53
171
201
24
177
111
153
172
24
1
240
28
28
65
8
178
51
185
24
23
32
250
246
55
243
183
220
166
143
191
198
239
209
51
227
202
147
87
122
231
97
87
121
133
215
71
142
251
248
47
146
24
98
171
71
37
22
187
90
56
97
84
96
64
48
170
193
16
145
111
24
172
24
1
240
24
156
65
0
178
19
153
88
87
32
122
13
242
117
40
48
56
43
124
193
26
224
176
97
17
141
193
226
204
195
72
225
32
68
150
196
168
228
137
71
12
41
232
253
4
213
190
80
50
129
117
186
94
18
6
112
243
130
78
184
44
76
3
112
29
151
65
148
226
11
156
88
70
102
113
230
237
227
151
221
102
218
223
220
235
171
255
227
198
203
239
235
69
119
87
93
143
119
151
71
207
187
47
211
30
34
186
239
45
87
251
90
60
237
244
122
92
48
175
221
127
189
253
153
172
24
1
241
31
156
73
16
178
51
189
92
87
32
250
63
227
105
40
16
58
33
106
193
16
244
176
97
17
140
82
202
140
35
88
33
34
192
215
205
153
69
137
67
12
32
200
156
44
68
190
78
56
1
116
168
222
56
133
80
241
50
78
187
164
9
0
112
29
111
9
4
226
27
249
88
87
96
91
197
253
215
31
85
106
245
254
249
189
236
255
238
255
198
235
235
229
183
103
101
237
231
247
103
255
177
183
251
11
98
111
223
103
117
250
22
57
253
245
119
94
58
39
221
19
253
239
153
188
88
21
240
191
156
77
56
180
55
191
88
87
39
250
245
253
211
95
112
70
95
135
138
229
45
250
130
222
198
255
107
215
60
79
15
175
246
7
11
215
183
47
147
10
18
57
194
39
117
219
66
124
239
246
50
90
48
191
157
28
189
174
153
172
16
5
240
31
148
67
16
242
49
61
88
85
32
250
196
43
194
145
217
82
166
239
140
171
250
62
147
198
155
238
9
29
99
70
79
135
206
49
15
223
155
37
208
138
50
26
99
38
85
171
80
124
109
20
112
116
48
47
85
28
53
177
27
172
24
1
209
93
140
72
0
224
33
189
76
87
32
242
229
189
222
23
213
70
215
246
54
133
44
251
142
251
150
109
107
245
53
103
91
207
227
103
74
127
189
63
251
10
66
33
215
103
20
250
18
57
127
244
116
88
56
167
221
120
245
239
153
172
24
1
240
58
156
79
56
182
51
189
88
85
36
250
222
249
219
223
254
215
219
160
222
191
125
254
215
202
251
122
121
215
126
239
143
183
198
94
173
215
255
111
83
171
247
187
247
44
29
255
90
125
233
126
114
92
241
60
215
28
177
63
159
172
26
5
248
29
156
83
80
242
57
253
93
23
32
254
236
251
215
246
124
122
242
255
248
153
238
251
239
243
206
233
235
197
191
111
197
45
235
247
111
223
17
183
127
15
34
238
223
103
116
250
87
57
253
245
249
220
58
55
217
23
127
239
153
181
94
1
240
63
159
77
20
246
51
191
88
87
37
250
5
35
145
52
1
200
37
78
193
32
203
48
224
71
132
18
43
40
162
80
163
44
75
207
196
127
83
237
0
46
195
68
31
146
105
14
8
136
107
14
45
160
169
225
47
121
63
43
96
242
97
242
164
64
114
32
47
11
150
227
160
225
241
70
86
49
215
151
214
195
15
182
70
165
17
50
143
202
147
83
121
215
96
102
75
133
194
193
138
245
185
109
144
10
82
43
87
37
215
187
90
120
107
85
48
64
52
47
197
24
245
47
152
172
24
1
178
56
156
67
0
50
51
185
88
85
36
250
0
2
16
1
200
72
162
208
40
4
42
7
0
5
249
161
195
100
129
32
64
128
12
32
66
221
29
0
176
10
11
86
48
3
83
24
16
130
13
6
37
20
8
34
68
194
124
160
0
4
80
48
147
31
132
11
8
8
0
36
68
70
36
32
102
39
163
176
84
22
3
15
132
102
80
50
195
202
146
6
136
77
99
84
88
135
210
87
94
152
156
37
16
152
32
136
71
46
71
170
88
56
101
28
104
96
48
143
65
96
161
235
24
172
152
8
209
24
156
16
0
226
19
157
74
87
40
122
141
42
245
244
216
175
37
126
104
125
234
115
207
255
222
193
235
237
237
97
245
109
234
243
79
255
17
183
124
68
51
205
215
103
116
186
85
250
253
116
253
84
58
39
205
3
255
239
136
164
88
4
226
31
159
13
44
246
19
189
88
87
36
250
207
255
211
125
255
99
254
223
234
185
171
255
230
198
235
251
235
213
63
87
79
141
103
29
199
223
251
175
211
14
50
62
251
37
125
255
90
117
237
244
115
92
56
63
223
95
189
188
137
172
92
5
240
63
156
73
144
242
49
189
92
87
32
186
221
251
215
223
255
115
247
250
250
185
172
251
239
215
230
235
235
213
63
111
77
141
231
247
207
223
251
47
223
15
50
63
255
39
117
251
82
125
237
244
115
94
58
63
221
150
253
247
137
173
92
5
240
191
158
73
16
240
51
159
92
87
36
250
60
46
117
201
40
253
161
245
253
252
78
21
93
61
217
228
219
252
203
104
244
64
156
176
89
61
4
144
108
210
123
223
253
64
71
184
212
242
185
124
252
21
90
182
100
162
64
105
187
45
237
41
242
29
143
93
36
230
75
140
202
199
40
252
63
85
109
164
55
109
121
123
180
68
215
84
95
12
240
229
178
244
87
97
48
18
176
51
62
184
164
25
114
95
124
185
64
100
182
218
194
115
137
213
145
217
23
142
200
22
224
76
137
53
210
13
104
28
148
85
184
178
121
190
91
158
46
185
118
33
200
146
82
135
6
39
6
64
23
50
159
242
178
86
112
147
65
228
11
149
195
35
30
128
168
77
34
152
144
41
18
36
20
154
74
88
5
84
144
209
20
11
193
12
193
14
147
36
145
12
114
24
147
73
0
114
49
153
72
22
32
250
127
39
213
150
82
7
3
34
98
84
18
51
156
251
178
80
98
211
1
228
193
5
195
243
154
40
188
13
42
216
208
73
87
37
68
186
88
88
5
92
196
65
24
14
65
4
193
79
25
36
9
4
114
24
154
73
40
118
19
149
72
7
32
250
244
239
247
223
248
206
139
167
202
253
121
255
215
247
214
238
243
195
109
103
93
141
231
149
219
239
191
47
131
154
114
62
231
37
69
191
90
52
237
252
114
92
48
191
221
58
189
253
153
172
88
1
240
31
156
73
0
242
51
189
92
86
32
248
195
213
136
26
93
130
93
10
162
39
169
202
170
205
4
29
229
101
38
215
198
47
113
103
70
247
183
47
83
58
98
97
199
46
20
158
74
44
235
254
114
202
56
233
213
88
181
111
153
172
24
1
224
25
156
65
17
178
51
191
24
215
34
234
45
38
239
65
58
117
165
246
240
252
94
21
93
61
187
228
203
236
203
42
241
81
94
252
249
108
12
146
236
213
123
223
125
72
71
176
254
178
185
60
93
85
90
182
68
226
70
73
187
45
143
9
208
29
159
93
62
228
15
140
202
143
108
252
78
39
236
176
23
183
34
119
4
106
208
52
200
131
150
71
128
93
1
228
241
101
194
115
76
136
136
133
80
28
57
201
87
36
148
170
70
120
1
84
20
224
26
15
65
5
231
79
26
36
24
4
97
28
158
8
8
162
51
153
72
23
32
243
110
37
232
176
67
135
35
71
164
102
2
52
145
170
185
70
128
57
67
100
241
55
210
99
28
160
140
5
64
156
56
192
71
12
7
170
130
122
5
92
152
33
20
136
65
100
1
79
25
44
152
8
51
29
156
16
24
98
123
189
74
150
42
243
45
46
116
160
251
191
167
67
172
84
202
51
221
126
249
68
243
185
227
96
245
39
152
115
95
252
29
173
110
220
113
201
7
36
71
186
208
122
169
92
45
21
24
167
69
135
246
79
153
164
153
12
242
29
159
73
32
242
83
181
74
79
40
122
171
85
109
164
54
61
125
114
53
78
125
80
95
105
52
69
226
252
5
96
112
112
176
114
62
191
163
24
254
84
124
169
80
100
156
218
194
117
145
221
86
203
28
15
210
4
212
76
137
165
18
5
106
28
159
77
152
246
59
156
93
158
40
176
13
20
110
160
223
101
189
214
53
94
238
1
29
45
249
229
233
252
101
96
112
210
180
48
110
253
41
88
252
87
126
185
112
96
31
250
82
117
25
212
53
197
94
31
76
135
214
220
137
53
86
4
234
30
133
77
152
180
43
188
78
14
32
176
13
48
100
160
157
97
39
252
52
58
234
49
105
13
139
225
203
124
195
80
233
128
172
184
68
109
41
163
216
69
35
223
121
32
213
186
53
240
37
116
124
68
94
47
68
49
86
209
40
116
88
0
192
158
12
9
142
160
167
184
140
6
36
36
59
213
108
236
55
61
93
115
53
94
125
152
29
40
125
223
245
244
97
104
50
114
144
59
45
173
167
57
127
81
124
233
240
100
156
218
194
125
177
245
50
203
124
63
214
150
212
94
157
189
22
5
106
29
151
77
152
242
59
156
93
30
34
177
111
53
252
26
95
179
23
82
50
38
172
178
188
251
166
87
226
245
35
244
225
119
211
119
68
125
249
61
122
76
245
97
215
100
149
190
66
120
49
125
116
203
62
47
213
80
247
79
24
172
24
4
242
24
158
77
56
182
59
157
216
215
36
250
56
78
109
204
34
125
53
245
61
220
126
149
29
60
249
230
251
220
193
104
92
240
196
48
121
173
161
16
125
210
63
185
240
100
117
250
87
115
153
116
118
221
124
62
84
134
100
108
137
173
94
5
250
31
159
77
144
242
43
156
91
14
34
242
29
12
237
160
54
125
125
119
61
94
94
85
95
61
120
196
233
220
117
105
112
80
224
241
109
125
33
144
124
87
60
233
84
96
60
250
70
119
153
212
85
213
126
63
198
134
118
236
153
37
94
4
232
29
143
13
152
246
43
156
73
31
32
186
78
33
128
178
83
2
36
67
0
0
67
52
16
198
160
82
226
25
1
68
3
173
129
3
78
136
160
13
66
44
56
0
2
38
84
154
1
122
1
84
0
64
20
72
64
28
135
14
89
36
16
4
98
28
149
73
16
114
49
177
8
6
48
232
78
33
72
26
83
155
6
2
35
0
143
48
176
118
169
82
193
147
1
212
69
53
65
67
69
84
200
13
34
12
156
32
158
4
69
170
66
90
129
84
48
149
28
37
85
204
231
78
145
172
9
4
50
29
219
73
16
99
59
181
72
3
96
202
94
49
220
182
55
147
30
34
71
34
81
50
189
230
182
82
242
215
0
245
203
117
195
119
140
130
224
29
82
236
252
105
87
36
148
190
74
120
1
213
84
203
93
9
208
4
197
79
151
172
25
5
98
24
159
89
8
115
51
153
89
26
34
250
229
253
214
23
223
67
223
246
154
173
45
251
162
206
230
239
235
215
60
39
79
143
231
39
75
127
191
47
211
10
18
59
243
39
85
251
82
125
239
244
114
92
56
63
221
60
253
189
153
172
24
5
240
31
156
75
16
240
49
61
92
85
32
250
187
213
253
222
55
117
93
123
183
79
189
218
191
237
54
127
255
244
62
109
58
222
242
55
110
255
243
57
215
59
126
41
210
100
157
219
194
125
89
117
50
202
61
63
223
28
245
60
157
165
22
5
104
154
150
77
152
246
57
159
93
95
34
179
244
249
223
223
112
71
95
206
239
165
45
190
159
247
247
250
235
215
60
111
15
173
230
39
75
223
183
61
83
11
18
58
242
39
53
219
66
125
255
246
50
218
56
63
159
28
125
174
157
172
82
21
248
31
148
79
16
252
57
61
92
84
35
250
118
181
216
30
49
22
94
7
87
66
61
176
44
39
132
94
251
130
32
181
147
35
209
39
216
69
229
125
67
184
193
96
199
44
4
190
202
24
163
116
50
218
57
169
148
16
213
78
145
172
26
9
48
25
153
73
16
243
59
189
120
82
40
234
31
176
76
40
158
232
163
112
120
4
214
118
204
111
205
113
226
125
3
96
229
100
137
112
108
184
4
153
122
15
123
233
151
100
93
154
3
122
217
28
157
213
28
2
68
19
230
111
153
52
25
4
240
21
8
73
56
162
59
168
88
143
38
224
120
27
255
221
54
53
253
245
253
220
127
153
93
188
187
206
251
212
107
110
124
251
198
180
29
237
180
56
125
220
124
187
240
100
117
254
214
123
145
124
126
95
253
62
222
166
205
108
159
173
223
141
242
31
159
93
128
246
59
221
91
14
34
242
4
39
112
160
81
130
162
67
0
64
130
54
240
86
169
84
226
137
1
196
193
37
17
83
84
8
8
13
2
140
136
0
6
36
71
154
80
122
9
84
129
20
16
134
64
5
162
79
153
44
24
12
242
29
152
73
16
114
19
180
72
7
32
72
45
46
245
160
250
191
39
123
164
84
202
115
221
127
248
68
227
253
235
96
245
71
152
115
94
252
29
173
124
220
113
201
199
100
71
186
208
120
173
92
108
21
56
167
69
161
247
79
152
164
153
12
242
29
159
73
32
242
83
189
74
215
40
122
56
62
119
195
50
117
165
245
253
252
94
17
93
189
251
198
251
212
203
106
120
208
214
180
89
109
188
144
124
208
125
251
113
100
87
186
214
114
145
124
116
85
123
190
68
166
196
76
155
173
221
9
242
29
159
93
44
246
107
220
91
142
40
254
44
62
245
164
220
175
39
123
40
120
202
119
205
87
248
69
235
221
163
96
245
13
152
115
78
220
56
135
88
70
51
205
87
37
85
186
85
122
237
84
109
84
26
175
77
5
247
239
152
164
24
4
242
29
158
73
0
242
19
189
74
71
32
250
9
215
108
236
55
53
249
118
53
222
117
201
29
56
117
239
226
220
61
107
96
114
228
50
109
139
163
56
127
65
60
57
240
100
60
250
82
121
177
244
242
207
120
31
210
134
208
78
157
173
30
5
250
29
159
77
144
242
59
156
89
94
34
185
127
241
218
159
55
167
91
28
86
238
21
184
189
202
183
95
250
215
48
246
139
181
195
43
172
144
242
125
83
57
244
43
215
36
149
255
194
125
227
119
50
202
61
105
215
28
193
63
159
172
26
5
40
25
156
65
152
178
59
187
93
87
34
243
111
53
252
26
87
167
23
88
166
102
173
50
188
206
167
87
251
247
35
244
249
247
211
102
84
245
253
61
114
92
213
97
199
44
151
190
194
120
33
125
48
219
60
41
213
112
245
79
156
172
24
13
242
25
220
65
56
178
59
189
152
215
44
234
110
35
240
182
80
6
36
67
36
64
107
50
19
231
176
86
99
25
33
100
3
173
209
51
30
206
128
13
66
168
48
128
2
38
86
154
1
120
1
212
4
64
20
227
205
12
199
142
89
164
16
0
98
28
149
9
24
242
49
181
72
22
32
248
87
53
220
22
87
131
30
6
98
2
21
52
188
102
162
80
226
147
0
180
193
53
195
103
194
2
224
93
2
44
220
96
87
44
20
190
10
120
3
212
80
193
28
11
193
4
229
79
145
164
24
5
96
24
24
75
24
51
51
153
24
18
32
232
119
53
212
150
86
135
6
54
98
68
17
50
156
66
179
83
120
215
0
164
65
37
195
227
136
48
188
77
18
24
208
33
87
36
20
190
74
120
1
84
52
67
28
11
65
20
193
79
144
172
24
5
50
24
28
75
24
50
51
177
88
71
32
227
254
251
251
219
254
223
223
161
206
191
123
250
215
198
255
250
243
215
126
111
207
183
198
95
143
215
255
111
215
251
247
186
231
44
207
191
90
125
233
119
114
93
117
61
215
30
181
63
159
173
152
5
242
29
157
89
80
242
49
189
125
95
32
178
86
49
216
146
87
135
90
5
6
226
21
54
145
194
179
86
120
211
80
166
11
181
210
35
24
128
184
77
18
152
148
33
71
36
22
138
66
88
3
86
144
193
68
8
145
28
193
14
151
172
16
5
50
25
148
219
16
50
56
57
89
25
40
235
254
253
247
55
250
79
216
239
218
169
123
255
255
231
219
250
251
135
63
103
77
141
231
189
223
207
255
239
195
155
178
62
243
45
101
255
90
119
237
244
122
92
57
46
223
62
253
188
153
172
90
133
240
31
156
73
208
242
49
185
92
86
32
248
179
53
1
22
20
128
24
17
66
1
27
118
238
71
0
49
116
67
4
145
195
44
1
199
204
22
231
75
2
62
193
96
66
44
20
158
10
40
75
213
65
192
145
203
128
16
164
79
128
166
0
66
96
24
28
65
8
51
18
179
40
54
32
168
53
243
121
40
16
184
37
90
225
2
225
176
101
19
140
83
242
164
35
80
161
96
1
215
196
189
225
169
98
12
97
233
154
4
212
158
8
56
33
124
44
218
56
161
116
145
212
79
154
166
0
2
96
29
79
65
36
178
27
156
24
215
100
82
196
251
210
159
223
203
143
222
142
173
43
251
163
206
255
235
251
247
125
71
79
143
231
5
67
239
191
47
147
10
50
54
251
37
87
191
82
116
237
244
114
92
48
47
221
126
189
181
153
172
24
5
240
31
156
67
16
242
49
189
92
84
32
248
47
173
104
40
51
255
51
71
252
84
206
181
112
94
237
229
130
56
67
212
245
51
81
87
85
40
132
133
67
222
63
224
143
44
71
186
210
122
201
124
218
93
20
134
212
247
167
110
185
44
136
13
242
29
152
65
48
226
123
188
90
214
42
217
54
55
97
150
190
4
10
33
198
64
19
50
169
66
145
84
112
194
68
208
83
168
145
70
220
144
228
9
130
184
141
24
98
44
4
158
202
48
3
215
133
64
145
142
192
132
128
12
0
39
17
11
34
26
149
73
0
115
80
16
108
6
40
48
206
251
194
119
255
243
159
254
204
187
251
255
179
206
227
235
235
213
63
87
79
143
231
21
71
223
187
47
211
10
50
58
251
45
85
187
82
124
237
244
122
92
48
63
221
31
189
61
153
172
24
5
240
31
156
65
16
242
49
189
92
87
32
250
7
133
0
56
5
224
34
76
128
2
129
168
224
9
6
19
13
40
2
209
163
34
83
70
68
17
208
233
17
36
193
0
143
156
131
142
0
8
104
11
40
168
52
225
181
113
55
46
48
194
40
2
96
16
112
32
59
131
151
147
32
243
236
74
237
237
207
127
241
235
247
254
248
181
236
255
238
255
206
235
235
245
63
103
125
239
231
183
107
111
181
191
251
11
114
63
255
111
101
254
83
57
253
252
123
222
56
63
221
115
255
239
185
172
90
5
248
31
156
77
56
246
51
189
216
215
34
250
198
43
194
113
217
90
135
206
140
171
250
62
131
206
203
238
137
29
63
87
79
135
238
51
71
207
159
39
208
138
34
26
235
47
69
187
82
60
237
180
120
116
48
63
221
127
181
177
153
172
24
1
209
93
156
64
16
224
49
189
76
86
32
250
59
208
109
143
54
189
223
56
255
222
245
218
237
57
61
71
148
245
114
187
180
118
211
245
57
245
133
54
126
243
85
235
207
88
155
36
254
121
248
57
124
223
231
173
183
240
245
107
187
186
137
11
248
157
252
84
62
183
126
251
243
219
108
254
77
35
196
48
89
147
162
102
32
152
194
51
220
115
139
64
226
153
3
102
193
37
195
115
76
8
168
141
74
12
57
74
119
36
84
186
82
122
129
84
212
84
24
14
193
5
195
79
153
44
24
5
240
29
157
73
16
242
51
189
88
86
32
249
118
37
241
158
48
6
28
103
67
98
57
176
96
130
150
94
251
130
32
69
147
33
195
7
220
131
161
45
3
188
160
104
199
36
68
186
194
56
161
116
50
74
49
175
182
20
181
110
147
172
24
3
96
25
148
73
0
243
51
185
88
86
32
251
56
29
108
244
55
253
121
125
61
221
94
21
29
60
120
230
251
212
85
105
124
248
240
48
61
188
160
24
126
211
63
169
80
100
53
250
214
123
217
212
213
213
92
62
198
134
108
108
141
37
94
5
234
31
159
77
24
246
59
220
75
14
32
250
237
58
245
246
252
122
35
122
248
61
198
119
231
223
218
193
235
237
239
105
229
45
107
247
79
255
21
167
254
10
35
237
215
39
118
186
81
58
237
116
217
84
58
183
201
3
255
239
152
181
12
0
240
63
159
73
52
242
51
191
88
87
36
250
178
177
233
158
55
82
89
47
215
128
181
240
47
154
150
94
250
150
114
93
19
162
241
39
116
163
244
25
115
185
68
168
140
44
166
222
202
57
67
221
18
203
177
141
144
112
177
110
19
166
151
9
56
24
246
81
48
114
120
89
57
149
174
219
62
244
113
42
21
32
41
121
193
2
241
240
101
3
132
82
242
132
3
81
161
34
193
212
196
153
229
137
83
60
97
232
204
12
204
158
136
56
129
85
174
74
53
137
242
113
144
76
186
174
16
3
96
29
84
81
136
178
19
248
56
87
106
51
247
255
251
119
252
118
255
255
218
255
127
255
239
215
210
255
235
215
61
111
95
141
166
61
207
223
191
47
215
27
50
62
227
37
85
255
82
117
237
245
114
92
57
191
221
30
253
61
153
173
94
5
248
63
156
73
208
242
49
189
92
86
32
184
21
48
89
40
16
34
37
126
195
130
248
48
97
131
129
82
235
68
35
68
1
128
65
133
204
157
105
137
66
12
32
40
88
4
148
186
8
56
5
84
48
194
56
43
70
145
20
204
27
44
48
0
32
24
69
73
136
32
11
216
8
6
96
162
30
51
92
142
123
155
22
10
246
16
143
52
189
126
249
81
243
179
67
244
197
119
1
119
197
220
236
29
98
204
221
224
159
44
71
190
90
122
137
124
120
93
20
46
213
229
165
79
185
172
152
5
242
29
155
89
48
242
59
189
120
23
32
218
86
51
208
30
55
27
26
6
67
0
49
176
52
18
164
82
242
146
0
149
133
51
193
7
193
3
228
77
19
44
196
96
159
44
68
190
74
24
131
245
226
95
53
9
144
118
177
78
145
166
24
5
114
25
219
65
16
243
51
180
56
82
32
73
199
39
227
49
213
38
3
174
132
37
208
50
139
203
130
70
8
45
35
87
120
135
194
115
30
251
157
39
144
24
34
8
199
46
69
170
81
56
109
28
108
32
56
143
193
113
177
235
24
172
24
1
209
28
156
0
0
224
51
185
72
87
32
122
61
54
117
32
28
165
43
124
240
62
194
53
109
9
145
99
242
236
195
96
249
194
8
188
204
168
172
147
88
68
121
203
89
12
213
190
28
178
1
125
220
68
26
142
96
97
162
77
186
44
24
3
224
157
28
65
172
178
19
184
234
150
100
176
45
44
101
164
216
236
163
121
120
84
198
87
205
125
216
36
226
109
197
96
244
44
152
243
127
190
0
135
238
150
43
207
7
98
81
184
53
250
201
28
221
21
26
130
64
3
238
99
136
52
137
8
240
21
8
9
44
146
83
169
194
7
36
220
239
37
227
177
215
167
11
174
4
231
209
114
243
202
130
78
8
61
33
215
123
133
210
67
30
250
152
39
82
24
34
9
207
36
85
187
26
124
105
92
112
104
52
171
209
25
241
111
25
172
24
5
209
29
28
64
16
178
51
185
8
215
40
234
78
35
204
144
22
147
6
118
4
34
25
52
25
150
179
67
217
85
67
228
129
83
195
55
12
192
140
13
82
204
60
200
85
12
151
170
66
120
5
84
16
193
84
44
69
140
101
78
23
44
152
4
34
24
158
25
16
98
59
156
73
26
32
242
254
63
251
245
246
247
219
249
202
251
249
254
195
198
131
126
107
213
61
79
79
165
230
91
15
223
187
47
210
26
54
59
99
36
93
251
82
125
233
245
112
76
185
63
215
28
245
63
155
172
24
133
240
29
156
73
208
242
49
189
92
87
32
178
252
251
247
255
244
127
247
255
253
253
126
255
207
247
223
235
251
213
255
111
109
173
230
183
207
223
183
191
255
11
50
190
247
103
117
251
87
127
253
245
255
94
186
63
221
150
253
239
137
173
95
133
240
191
159
77
80
244
51
191
88
87
39
250
69
6
204
0
89
179
39
86
32
6
4
32
8
187
162
65
194
125
129
100
225
81
74
49
70
32
8
5
120
12
120
65
85
6
148
170
0
112
5
88
20
130
24
4
80
8
65
198
24
44
24
4
113
24
206
1
56
108
35
156
72
146
102
249
76
242
216
138
19
83
6
78
103
162
169
184
53
134
191
123
211
150
65
76
9
209
69
36
4
129
232
9
19
204
156
224
241
4
151
186
0
120
5
246
34
75
116
41
22
222
68
236
150
44
180
4
34
25
244
89
144
224
41
156
25
90
98
113
214
49
202
147
214
199
11
166
6
167
17
50
147
202
179
82
121
215
96
166
11
151
198
3
10
211
188
109
146
136
22
43
215
44
23
154
74
88
99
86
48
73
37
43
149
28
181
47
151
172
145
129
50
25
148
211
64
50
48
57
88
85
32
250
56
19
101
236
55
117
41
126
196
94
211
21
109
24
153
231
250
212
67
104
48
34
228
54
12
168
166
9
87
152
124
233
96
44
255
154
70
114
1
213
155
64
147
30
66
162
224
76
138
53
215
129
98
158
150
81
160
178
43
218
93
134
38
181
62
51
113
52
55
56
53
78
193
0
253
52
113
22
164
114
243
148
3
88
33
34
192
22
196
140
224
137
82
44
108
232
24
44
36
190
106
48
1
212
10
195
17
41
68
199
164
78
145
38
87
4
96
28
246
1
16
242
63
156
56
6
34
80
62
51
121
160
18
251
37
78
192
2
219
52
113
6
185
82
251
132
67
80
161
48
65
151
133
220
228
141
66
174
61
232
8
12
199
190
8
122
201
84
40
213
21
33
100
229
164
110
155
38
137
2
162
29
126
81
4
98
27
249
41
7
96
82
61
54
125
40
20
189
37
124
241
30
204
53
77
61
156
65
195
236
195
96
240
98
64
244
236
168
36
145
124
4
105
232
93
76
157
190
4
48
17
117
60
194
26
135
116
225
230
76
58
52
62
0
96
28
158
13
188
162
43
140
122
135
110
240
94
241
216
250
54
59
90
6
119
34
53
184
61
130
188
123
242
214
16
237
135
241
193
55
141
130
226
93
83
104
252
97
211
4
150
190
66
122
129
245
146
203
125
13
178
150
229
110
151
172
26
7
98
29
247
93
16
243
59
188
89
90
98
241
120
219
255
221
54
125
249
253
253
220
246
157
125
184
255
238
250
212
91
111
124
210
214
180
25
41
180
56
125
210
126
187
248
100
119
250
214
123
217
124
254
95
127
30
210
166
72
108
159
173
223
141
250
31
159
93
16
246
123
252
91
78
42
243
234
250
59
227
255
221
139
201
222
255
170
126
179
222
251
253
251
245
127
18
252
151
158
92
55
245
125
43
214
251
119
255
99
141
223
95
242
247
237
126
225
85
102
60
221
206
188
177
237
221
148
189
223
247
204
243
80
252
244
45
223
221
24
180
229
238
163
245
217
230
239
217
236
237
168
235
227
207
210
47
251
45
127
87
63
141
62
205
87
255
59
175
128
155
98
151
203
167
127
91
25
173
255
110
109
124
160
251
223
121
63
177
204
204
16
241
213
255
12
227
73
188
209
51
158
117
145
46
126
49
244
150
95
135
11
63
102
110
81
54
189
239
146
86
122
215
65
244
201
117
195
99
142
138
248
31
58
152
245
233
87
36
22
186
14
120
17
84
68
64
29
10
193
20
193
79
154
172
24
1
98
24
28
89
8
54
51
185
24
87
32
234
44
58
245
228
248
190
165
122
236
85
202
115
207
127
216
197
115
237
239
104
245
45
24
243
15
254
17
167
126
142
49
207
87
103
86
154
81
250
253
20
237
84
58
183
205
131
255
207
136
181
137
8
242
29
143
73
36
242
19
165
74
87
37
122
47
46
225
160
222
175
35
91
8
84
214
119
209
92
248
197
128
125
3
64
245
37
154
83
95
184
0
135
112
86
57
201
7
34
85
186
81
122
201
28
201
53
18
134
65
7
227
107
152
36
137
12
243
29
155
1
32
226
51
189
74
23
36
218
31
42
229
164
222
171
163
106
104
84
210
119
252
119
232
192
226
221
3
96
229
45
139
115
15
220
16
159
254
78
59
205
23
103
85
154
81
122
221
20
205
85
28
6
77
7
255
111
136
52
25
4
242
21
159
73
8
246
19
165
72
15
36
122
237
63
247
244
124
110
101
114
252
117
230
115
207
251
210
197
251
237
239
103
245
173
242
247
79
255
149
183
254
30
114
237
151
103
118
186
83
56
249
244
125
84
58
183
201
33
255
239
137
164
201
9
240
31
158
73
56
246
51
189
90
23
36
250
45
118
101
40
156
53
39
253
208
62
232
49
97
13
145
69
195
236
195
96
121
162
28
156
76
109
37
129
217
84
97
218
104
40
148
190
92
48
33
245
122
70
18
190
68
225
134
84
40
61
92
0
224
156
142
65
132
160
7
156
206
198
44
176
108
39
248
176
81
151
35
79
164
102
130
52
81
168
187
71
202
57
67
100
249
215
218
55
86
184
28
13
80
156
56
129
69
6
71
170
128
122
5
92
152
64
20
132
65
237
3
198
25
44
24
12
114
29
140
81
16
96
107
189
74
151
40
243
76
33
236
184
23
179
34
118
36
38
212
48
201
169
147
67
202
93
67
100
225
119
194
115
76
24
152
133
112
12
56
201
87
6
149
186
66
120
5
84
188
66
28
14
81
21
67
207
27
44
24
4
112
28
156
25
24
162
59
153
72
23
36
243
228
39
227
177
209
102
165
255
132
239
234
50
195
201
147
6
137
77
99
71
123
135
218
83
94
235
151
167
208
156
34
138
71
38
71
187
16
60
109
92
108
96
48
175
199
121
55
243
24
172
24
1
209
29
156
64
0
240
19
185
76
87
40
122
239
45
226
177
215
231
169
255
4
239
248
254
226
202
131
111
137
125
99
215
125
133
215
67
94
107
187
167
210
30
34
155
239
36
213
187
18
124
237
116
112
108
52
171
215
17
243
255
24
172
24
5
209
29
28
65
8
178
51
185
28
87
40
106
94
49
221
146
254
179
26
126
70
34
211
54
253
230
178
82
242
215
66
244
201
117
195
119
142
130
232
29
82
236
252
232
87
36
150
190
74
120
129
85
80
65
85
12
193
4
193
79
159
172
153
5
114
25
156
89
8
114
51
153
89
31
32
250
255
255
251
245
254
119
255
254
88
255
255
255
227
222
195
251
235
213
61
111
109
141
230
16
47
223
187
171
215
15
114
59
243
37
85
251
82
117
233
245
114
92
59
63
221
14
253
124
153
173
30
5
248
191
156
65
144
242
49
191
92
86
32
250
127
51
245
178
118
179
34
118
98
16
212
55
236
247
131
83
250
213
3
100
193
101
195
119
204
136
248
141
122
12
248
105
87
36
148
186
94
120
1
84
84
65
26
14
65
132
193
79
26
44
25
5
114
24
158
73
0
242
51
157
88
23
38
251
247
61
250
151
215
197
219
177
94
231
151
118
247
206
147
118
250
131
112
151
95
165
195
196
218
114
250
111
130
158
194
59
79
36
21
255
218
121
235
92
80
80
53
174
129
24
225
61
155
172
24
1
240
25
28
67
16
114
49
57
28
21
32
234
79
3
196
176
125
178
38
126
52
56
214
49
72
249
131
0
128
93
11
100
224
101
194
115
78
136
136
149
120
4
41
201
87
96
84
186
87
122
17
52
220
54
26
14
65
133
195
75
25
44
25
4
81
28
159
12
8
230
51
157
72
23
32
248
247
49
242
151
214
71
141
182
70
229
57
123
167
206
147
127
123
215
96
199
91
141
199
197
138
127
251
111
146
30
210
43
199
37
85
191
90
124
107
84
112
72
48
175
205
24
253
61
152
172
24
1
240
26
156
67
0
50
49
57
92
85
32
250
141
212
109
160
54
125
61
118
49
94
94
68
94
61
116
225
233
252
7
105
112
80
164
177
110
172
44
216
253
70
60
105
116
100
156
234
82
118
153
244
86
205
24
62
212
6
228
76
153
45
30
4
232
29
159
77
152
246
43
156
89
30
34
184
93
62
229
180
92
111
36
115
120
124
214
119
206
245
218
193
235
205
163
96
229
13
203
243
15
95
145
167
248
14
51
237
87
39
85
186
86
122
237
84
253
212
58
39
205
5
247
239
152
164
25
4
240
29
159
9
0
242
51
189
72
23
36
250
43
215
108
236
55
61
93
114
53
222
125
144
29
56
124
71
225
220
69
105
48
114
192
114
45
173
165
24
127
80
61
233
240
100
156
250
66
120
145
245
118
207
120
63
214
134
212
78
153
173
22
5
106
29
159
77
144
242
59
156
89
30
34
177
118
49
220
150
83
131
90
36
86
34
21
54
188
227
146
82
250
147
16
164
75
245
195
103
140
18
240
93
82
141
220
41
87
36
20
254
2
121
67
84
208
192
29
10
129
20
225
79
147
44
24
5
176
24
28
75
24
51
59
185
24
19
32
235
56
14
119
203
34
117
161
245
253
252
86
21
93
57
251
230
250
212
201
106
252
240
198
176
89
40
164
144
108
208
63
251
241
100
85
184
214
114
145
124
244
85
91
30
80
166
192
108
155
45
157
13
242
29
157
93
12
246
43
220
91
78
40
245
141
20
116
164
223
39
45
94
36
76
171
65
76
109
160
69
225
252
7
100
112
192
52
48
70
173
169
89
248
20
124
49
112
100
158
218
66
112
17
213
85
194
30
15
196
71
214
76
136
180
82
4
106
30
133
73
152
180
33
188
92
30
36
184
205
187
247
245
116
107
245
254
252
149
238
251
239
251
250
235
251
237
127
103
101
173
102
247
15
255
181
191
251
14
114
239
223
103
119
250
82
56
253
244
125
92
58
55
205
115
255
239
153
164
216
1
240
31
156
77
56
244
51
191
88
87
36
250
118
49
113
42
81
138
2
79
198
0
147
52
97
67
141
80
242
129
3
212
67
35
81
71
212
136
232
13
2
156
200
160
142
44
70
158
8
58
1
84
136
82
16
136
80
89
129
78
152
46
136
0
112
29
93
65
0
178
19
176
24
70
34
73
254
249
219
223
254
211
219
160
94
191
61
190
191
254
251
122
119
215
124
47
143
181
199
94
173
215
255
111
199
235
247
123
243
36
31
255
90
125
235
126
114
93
101
61
151
156
245
63
159
173
26
7
184
29
156
83
16
242
57
61
93
93
32
178
246
57
223
215
254
83
219
168
94
175
63
254
191
238
243
122
115
215
124
39
15
181
231
110
171
215
251
111
210
139
214
59
115
36
87
255
90
125
235
222
112
92
37
63
151
28
245
63
159
172
24
5
248
29
156
91
16
114
49
61
92
21
32
250
78
33
208
48
83
10
6
70
98
0
135
50
112
230
170
80
226
17
3
212
3
55
65
103
70
200
200
13
2
140
152
32
150
36
68
154
2
122
1
84
32
83
28
1
69
93
199
14
145
36
16
4
114
29
209
73
16
114
49
181
24
83
32
74
59
213
108
172
54
37
57
115
180
94
113
145
29
40
52
103
242
244
67
104
112
114
208
54
60
168
165
24
127
80
116
233
240
100
62
250
214
120
145
253
247
203
127
15
210
150
192
76
141
181
94
13
106
28
159
77
152
246
123
220
95
206
42
177
254
251
251
223
254
119
223
251
94
255
249
250
231
198
243
127
243
213
125
111
79
149
167
88
143
223
251
47
211
26
118
187
227
36
221
251
90
125
233
245
114
76
49
63
215
30
245
61
157
173
24
5
240
189
156
65
144
242
49
191
92
87
32
186
57
54
119
193
62
53
167
245
244
252
86
23
93
61
155
70
242
244
203
106
120
210
214
180
88
40
172
144
252
208
121
251
245
100
86
184
214
114
145
124
92
87
27
158
84
160
192
76
187
45
157
9
242
29
159
93
44
246
115
156
218
214
42
248
56
6
101
192
34
125
33
117
60
124
94
21
93
61
217
230
242
220
201
104
244
96
180
176
89
40
132
144
108
210
57
217
112
96
85
184
213
114
153
220
212
85
25
150
64
166
96
108
155
45
221
8
242
29
143
93
0
246
99
220
74
6
40
252
118
181
248
30
17
130
94
79
70
64
165
176
36
66
132
95
250
135
34
84
195
39
211
71
196
209
225
45
82
44
192
32
143
36
22
190
130
56
163
117
48
218
48
161
245
84
149
78
145
174
24
1
48
25
221
65
16
179
59
189
24
87
36
203
197
173
222
149
209
66
85
222
50
197
173
250
14
239
134
239
235
101
53
103
47
237
230
35
110
239
177
59
243
10
66
41
215
39
53
250
2
113
249
252
114
216
56
167
221
24
253
174
153
172
90
5
240
30
148
77
56
180
49
189
88
87
32
250
56
49
109
160
22
45
43
120
212
78
210
21
109
13
153
100
242
244
67
96
112
114
128
244
12
168
164
136
90
208
121
169
100
44
159
190
214
122
1
93
216
196
23
142
66
51
224
76
154
60
153
0
224
29
156
81
168
178
59
248
90
134
46
176
100
35
162
176
208
38
34
87
132
102
194
54
195
193
147
7
200
77
99
70
121
135
218
87
94
154
156
165
208
148
34
128
71
46
71
187
16
60
69
84
104
96
16
143
65
105
35
231
24
44
24
0
209
28
156
16
0
224
51
149
72
23
40
250
254
251
219
219
254
95
142
161
206
255
59
250
191
198
255
254
243
215
108
47
95
183
135
126
155
215
255
111
147
218
247
250
227
44
95
191
90
124
235
246
114
93
101
63
215
30
181
61
159
173
144
5
242
29
157
91
0
242
49
61
93
92
32
186
110
39
224
36
83
10
34
71
68
64
135
54
112
246
170
84
226
145
3
212
67
7
211
119
86
8
200
13
66
156
136
0
142
37
68
154
64
122
5
84
129
81
16
6
73
13
163
78
153
36
25
12
114
28
153
73
16
114
51
181
72
7
32
74
31
32
101
44
216
234
163
96
192
4
214
55
236
107
137
112
226
77
3
96
225
37
131
119
78
136
36
141
122
14
123
233
151
100
85
154
71
58
201
92
141
84
24
10
65
17
227
111
153
36
25
4
240
21
156
73
40
226
59
185
88
71
34
241
118
49
218
159
119
147
218
165
86
235
21
190
188
234
179
94
126
211
80
183
139
245
199
111
136
18
242
125
18
189
213
43
215
36
149
255
218
121
227
119
176
74
165
12
147
28
193
63
159
174
24
5
48
24
220
91
16
115
58
25
89
81
42
227
127
55
244
18
215
135
6
98
98
68
145
50
188
251
163
84
106
211
33
228
67
39
195
119
158
24
248
13
178
28
208
33
215
36
20
190
66
120
1
92
52
65
24
15
193
12
193
79
153
172
24
5
114
24
152
73
16
114
51
149
88
87
32
250
127
39
228
116
114
23
2
99
98
84
215
51
254
243
162
84
106
145
43
228
65
13
195
119
30
26
152
13
162
12
144
1
150
37
84
186
64
120
5
92
228
81
24
7
201
140
227
207
153
164
9
12
114
28
154
73
32
114
51
149
72
87
32
251
87
49
216
22
115
131
90
38
82
2
21
54
188
230
162
82
250
147
18
212
203
55
195
103
204
16
252
77
66
44
220
32
87
44
4
190
66
120
3
84
16
193
29
14
193
12
129
79
145
44
24
5
48
24
152
75
16
115
59
153
88
19
32
234
61
50
101
32
156
225
175
120
208
30
218
53
97
12
217
225
235
108
195
96
113
34
4
156
204
252
44
129
218
78
121
152
120
44
221
190
92
50
9
85
92
68
18
46
70
99
166
84
168
60
88
4
226
156
12
65
132
160
7
184
76
134
96
48
62
33
109
40
22
190
37
126
197
4
212
176
109
57
157
66
218
76
67
112
160
98
192
55
77
185
133
141
114
156
112
200
144
44
5
190
74
56
1
92
188
211
48
15
84
241
52
78
59
164
137
8
112
29
135
28
40
226
43
248
104
199
36
251
221
251
215
125
244
123
247
254
248
185
236
255
238
247
239
235
235
221
63
111
109
173
230
179
111
255
179
191
255
15
50
63
255
39
117
251
82
117
253
245
123
94
58
63
221
23
255
238
137
173
94
5
240
191
156
77
16
244
51
191
92
87
38
250
213
253
255
125
220
106
247
254
249
189
236
255
238
255
198
235
235
237
55
103
109
239
230
182
111
239
181
187
251
15
98
63
255
103
117
250
82
49
253
252
127
222
58
191
221
51
255
238
153
172
90
1
248
31
156
77
56
244
51
191
88
87
38
251
197
253
215
95
244
64
213
246
42
229
45
251
142
255
134
235
235
229
61
103
15
141
230
48
74
255
177
43
241
10
82
63
242
39
53
250
82
113
239
244
114
90
56
63
221
24
253
164
137
172
94
5
240
30
148
75
16
240
49
61
88
85
32
250
246
55
242
183
221
38
143
255
70
239
209
115
227
202
147
86
123
199
99
215
121
141
231
87
142
251
251
47
210
28
226
171
71
45
20
191
94
60
105
85
112
64
51
175
205
1
147
125
152
172
24
129
240
30
156
65
64
178
51
153
92
87
32
250
62
55
113
160
23
164
35
89
198
64
195
116
97
70
176
85
242
180
67
84
51
34
17
86
212
136
96
141
18
188
232
168
12
44
150
158
200
48
1
213
8
65
20
137
64
69
164
78
24
54
128
8
98
16
84
81
0
50
83
156
10
22
44
88
126
37
253
156
114
151
94
101
70
226
209
54
253
230
187
86
250
209
66
102
155
245
195
55
156
216
178
29
66
156
60
41
71
36
21
187
194
120
129
84
48
73
29
46
215
156
197
79
159
172
24
5
114
29
156
73
24
242
59
185
89
7
40
242
85
50
17
60
17
224
47
120
193
43
201
184
224
5
132
18
47
41
162
209
171
41
67
205
196
125
243
255
0
38
225
4
91
153
173
15
44
168
122
15
45
168
171
225
167
121
63
59
34
210
33
242
165
240
114
166
239
11
151
195
160
227
241
6
252
59
247
244
92
111
101
254
124
125
254
115
207
255
218
239
235
221
231
99
253
237
234
243
79
255
145
183
248
78
50
239
215
99
117
186
86
122
249
116
253
92
58
39
205
19
255
239
153
164
217
1
240
31
157
77
60
246
51
189
90
87
36
250
79
40
195
52
216
42
162
110
208
56
214
119
242
225
139
64
234
153
3
102
229
37
195
119
78
138
188
135
194
12
59
234
215
36
69
186
86
122
201
116
216
84
24
14
193
21
227
111
153
44
24
5
240
29
156
73
16
242
51
189
88
87
34
251
253
39
245
52
216
46
37
114
225
53
222
115
207
255
150
68
235
237
231
101
241
207
235
247
94
255
149
183
234
140
114
205
151
111
68
190
84
56
125
124
109
84
56
167
205
33
247
239
184
164
137
8
240
30
154
77
40
246
19
149
90
87
36
250
119
177
152
30
83
138
27
74
194
2
181
178
240
74
132
82
242
147
2
212
193
55
195
71
196
128
224
13
66
44
196
105
143
44
4
190
2
56
129
252
242
218
21
9
208
17
129
79
147
174
25
5
112
29
221
65
48
243
51
184
56
214
34
201
47
46
224
160
219
174
39
75
68
84
222
55
241
126
248
84
235
185
3
68
245
39
145
119
94
220
24
141
194
156
57
233
135
36
71
186
242
122
137
92
104
85
16
167
69
5
247
79
153
36
153
12
240
29
159
65
48
242
51
189
74
7
40
250
62
37
241
176
19
162
41
79
192
74
209
52
113
34
160
82
242
4
3
84
225
49
80
7
212
136
224
141
66
188
40
200
111
4
4
186
40
120
1
220
76
64
20
8
192
21
193
78
27
46
24
4
98
24
92
89
8
178
23
152
8
22
104
121
8
199
108
236
55
125
249
117
53
220
124
129
29
56
125
231
226
220
9
105
64
112
228
50
45
137
161
16
125
67
61
249
240
100
21
250
82
115
153
244
242
223
120
31
208
134
208
108
153
173
94
5
250
29
159
77
144
242
59
156
89
30
34
249
8
193
108
236
50
125
253
119
53
220
111
133
29
61
249
229
171
220
65
104
80
112
228
50
109
141
160
16
125
67
63
249
244
100
21
250
82
115
153
244
115
221
92
62
212
134
228
108
153
173
94
5
248
29
158
77
152
242
59
156
89
14
34
240
43
85
108
228
55
125
125
117
53
94
95
133
29
60
124
231
235
220
21
105
116
114
240
50
109
188
160
24
127
83
61
233
80
100
61
250
66
123
153
116
208
221
92
62
198
134
228
108
137
37
94
4
232
29
159
77
152
242
59
156
89
30
34
178
249
213
125
222
54
119
93
255
183
222
125
152
29
188
180
78
255
214
124
109
26
248
228
50
40
255
179
24
91
90
126
57
208
36
52
251
194
125
17
117
50
203
61
63
214
148
228
124
141
165
86
5
104
26
150
77
144
242
57
221
93
86
34
178
56
27
127
215
50
85
221
245
255
220
94
145
29
188
251
198
251
212
73
111
92
242
228
182
25
109
180
24
125
216
124
187
240
36
117
250
214
115
145
124
112
93
121
62
198
166
193
108
159
173
223
13
250
31
159
77
144
242
59
220
91
14
32
250
56
219
119
207
54
125
177
245
125
220
86
157
29
56
251
238
250
212
73
106
124
240
214
176
25
41
180
24
125
208
126
187
248
100
119
186
214
114
145
124
246
95
121
30
80
166
192
108
157
173
223
13
242
31
157
93
0
246
43
252
91
78
42
251
56
6
119
199
34
117
165
245
125
220
94
21
29
60
251
198
251
212
201
106
120
240
215
176
25
108
164
16
124
208
125
187
124
100
119
184
214
114
145
124
84
85
94
62
68
166
196
76
157
45
221
13
242
29
159
93
0
246
43
156
91
14
40
248
92
34
245
181
200
199
42
228
192
46
82
21
81
229
155
130
234
73
203
100
200
169
206
152
220
24
190
196
128
134
59
206
81
17
69
187
28
178
69
76
140
68
145
6
103
172
235
113
27
36
105
227
131
94
28
73
196
108
3
241
76
7
97
246
195
197
202
126
93
162
95
10
160
39
41
202
170
207
4
27
161
101
53
243
174
47
83
127
70
255
183
47
83
35
99
103
215
174
20
187
67
60
249
255
122
234
56
233
215
88
245
43
25
172
24
5
224
28
156
65
24
178
51
191
216
215
34
251
175
21
109
160
23
47
89
95
183
70
149
212
31
136
52
215
248
244
87
101
48
210
240
51
61
170
160
25
83
89
124
169
64
36
150
218
194
123
129
221
210
203
30
14
210
20
224
108
153
60
18
13
104
29
149
69
184
178
121
190
91
158
46
251
61
51
117
40
52
183
37
126
228
4
213
48
109
61
157
65
226
236
67
96
240
98
196
183
76
168
132
157
123
4
121
232
244
108
132
190
82
50
1
117
158
90
24
6
80
241
192
78
56
44
25
1
112
28
157
77
40
226
59
156
120
198
38
241
173
59
245
228
252
174
165
114
108
85
202
115
207
127
216
193
251
237
239
101
229
45
139
243
15
254
17
191
126
12
112
205
151
103
118
186
81
122
253
92
77
84
58
167
205
1
255
207
136
180
137
8
240
29
155
73
40
246
19
165
72
87
36
250
253
63
229
180
220
110
37
119
120
125
254
115
207
255
214
204
235
205
167
97
253
205
234
115
79
255
145
183
250
14
34
205
215
103
85
186
86
120
253
116
124
92
58
167
205
17
247
239
152
164
25
0
240
31
158
77
8
246
51
185
90
87
36
250
126
37
218
146
82
7
24
135
38
226
21
50
158
226
179
86
122
147
32
230
11
213
211
35
30
146
184
77
130
188
148
32
19
36
22
154
66
120
67
86
32
65
92
72
193
28
193
15
221
172
16
5
50
24
148
75
24
114
49
185
89
25
48
234
56
51
117
32
22
181
45
124
228
6
219
52
109
45
177
81
251
244
67
96
240
114
128
247
140
188
228
141
82
140
121
168
92
44
143
158
72
48
9
92
28
64
20
46
68
225
164
78
184
36
24
0
98
28
158
89
8
178
19
156
120
135
32
240
116
33
249
152
16
142
62
111
199
66
161
176
97
130
158
82
250
69
35
68
131
33
195
7
205
129
160
45
66
140
32
40
199
4
84
186
2
56
161
84
48
202
48
169
247
28
149
78
155
172
24
1
96
29
21
81
16
178
59
185
88
86
96
243
246
57
210
147
215
71
136
135
6
231
57
62
191
206
179
126
123
83
96
231
11
149
247
35
30
199
187
47
146
186
214
59
103
36
87
155
2
124
235
86
32
73
36
41
149
28
245
61
157
172
16
5
178
25
148
91
24
50
49
57
29
84
32
234
254
251
247
223
254
99
140
255
91
249
248
255
239
198
199
251
251
215
109
95
77
141
231
157
207
223
251
175
211
10
50
62
251
37
117
187
90
116
237
245
115
92
50
63
223
22
253
252
136
173
92
5
240
191
156
73
144
242
51
189
92
87
32
186
76
33
236
184
23
167
34
118
36
102
208
54
217
169
183
70
202
93
67
100
249
247
195
51
12
56
152
13
80
12
48
137
215
38
213
186
2
120
5
84
180
64
28
11
81
21
99
239
26
44
24
4
242
29
156
25
8
162
51
185
88
87
32
227
126
241
218
159
55
131
222
189
70
234
145
184
181
138
175
95
122
215
48
214
139
181
199
47
140
208
242
45
83
41
245
43
215
36
157
187
82
125
225
119
50
74
53
40
215
28
193
63
155
174
24
5
48
25
220
89
144
179
59
185
29
83
34
227
245
253
243
31
208
204
221
253
218
233
63
255
226
199
206
234
235
199
53
71
93
141
230
129
203
223
187
43
211
10
34
63
227
37
117
251
82
53
233
244
115
92
56
175
221
18
189
180
137
172
90
1
240
31
156
65
16
242
51
185
92
86
32
250
190
209
233
186
55
23
81
15
183
68
181
176
63
186
182
95
248
244
118
125
2
242
240
38
52
131
224
25
115
249
84
169
128
44
150
222
194
121
3
253
146
203
52
73
144
84
225
110
213
166
146
12
120
24
246
93
56
242
57
29
89
158
46
219
76
54
228
52
223
235
38
127
112
48
198
55
232
212
170
65
235
221
3
100
193
39
195
119
78
220
152
133
210
76
59
232
215
36
85
186
82
120
201
84
120
85
26
47
69
5
231
111
152
164
24
4
240
28
158
73
16
242
51
189
72
7
36
250
56
19
109
168
54
125
41
127
212
94
114
21
73
25
217
230
242
220
67
104
112
32
212
178
93
169
164
128
92
208
113
233
96
36
223
186
214
114
129
92
184
212
19
142
70
162
224
78
155
45
223
8
224
29
159
81
160
226
107
248
74
134
40
177
46
51
113
162
95
186
38
75
230
16
142
54
253
86
188
85
243
245
3
116
225
55
81
119
196
220
252
141
114
140
249
224
151
44
87
190
98
122
129
116
104
85
16
41
85
85
167
79
153
164
152
4
242
29
158
73
16
242
51
189
88
87
36
218
57
50
109
160
22
189
37
120
244
22
214
16
109
29
249
69
250
244
67
96
240
114
128
118
45
184
36
153
126
64
117
233
84
108
215
190
70
122
129
85
188
213
30
15
68
161
228
78
154
61
153
4
122
157
143
85
56
178
59
190
217
143
36
242
126
49
217
154
54
187
26
94
199
34
145
176
117
130
190
83
242
215
64
68
139
53
67
135
141
128
224
13
82
232
252
232
215
4
214
190
74
122
129
117
178
203
117
13
242
20
193
78
151
172
24
7
98
29
223
89
16
178
59
189
89
94
98
243
207
235
207
125
247
241
253
254
156
189
252
255
235
222
235
235
139
253
63
95
109
143
230
53
71
255
151
163
211
14
50
155
251
47
213
251
82
117
233
245
122
124
58
63
221
115
191
246
153
173
28
5
209
191
156
65
16
240
51
191
92
87
36
250
15
254
101
40
125
186
35
90
232
16
228
250
236
121
236
89
226
253
35
112
229
100
0
119
71
153
73
189
127
12
97
233
158
100
212
186
82
120
177
116
254
94
56
15
81
211
210
79
152
172
24
4
112
29
159
77
56
246
51
188
88
87
38
89
199
239
227
121
213
244
173
223
169
171
168
254
203
199
195
239
137
109
39
119
111
143
118
51
71
223
151
163
209
30
34
154
243
46
87
187
90
60
237
180
122
124
56
175
223
113
181
242
25
172
24
1
209
29
156
72
16
240
51
189
92
86
32
250
108
38
249
168
17
63
34
95
165
98
128
180
65
134
191
71
194
84
67
68
153
147
90
17
84
128
40
13
18
140
56
192
69
6
215
170
0
122
5
84
128
66
20
132
82
220
32
196
24
44
56
0
34
29
198
25
16
168
35
188
88
86
42
243
56
5
108
220
39
53
125
245
53
252
86
149
29
61
121
198
255
212
65
104
120
242
228
48
121
168
164
24
121
209
61
185
112
100
52
250
86
115
145
116
214
223
25
30
194
134
200
76
137
37
94
5
248
30
159
77
152
242
59
156
91
6
34
177
60
51
121
32
22
59
37
122
196
2
219
52
113
4
176
80
211
212
67
64
160
50
128
215
140
220
228
141
66
136
61
232
68
12
199
158
8
56
1
84
40
193
20
41
68
101
164
78
154
164
145
4
98
29
94
17
0
178
19
152
40
23
96
114
61
36
101
32
157
161
35
120
240
26
210
113
109
107
192
68
226
12
199
112
241
98
136
252
108
40
32
145
248
68
41
153
120
98
28
186
55
50
17
180
221
198
26
142
64
35
194
84
42
52
24
4
104
28
141
13
142
164
47
168
10
6
32
49
13
7
76
204
34
53
188
119
49
222
77
5
28
53
185
66
160
220
9
104
64
112
132
50
108
136
164
16
125
64
60
121
112
100
28
250
82
114
129
244
214
207
24
30
198
134
192
76
153
45
94
5
232
28
159
77
144
242
59
156
89
14
34
177
111
47
233
56
17
254
35
79
217
84
198
53
113
28
237
230
194
41
3
68
245
35
80
87
85
168
140
133
66
150
43
193
135
44
71
186
211
58
201
124
216
92
16
134
85
83
167
111
153
44
24
12
240
29
156
65
48
226
115
189
90
214
42
218
56
219
126
223
54
125
249
245
191
220
86
157
29
184
255
238
254
212
73
111
124
242
244
176
25
57
180
24
125
218
126
187
248
100
119
250
214
115
209
124
214
95
125
30
208
182
192
108
159
173
223
13
250
29
157
93
16
242
59
252
91
94
42
251
60
36
117
164
24
166
163
121
192
64
195
53
97
101
145
68
242
12
67
64
241
32
16
215
212
136
224
141
66
156
41
200
111
36
22
186
152
56
1
84
12
64
16
130
64
33
195
79
24
44
136
11
112
28
28
73
12
50
19
152
10
7
40
88
255
253
255
23
254
79
217
239
219
171
251
255
254
230
203
250
251
215
63
119
79
143
231
63
207
223
255
47
211
27
246
58
243
45
77
255
90
119
233
244
114
92
185
46
223
30
253
60
153
172
90
133
248
31
156
73
208
242
49
185
92
86
32
186
1
2
16
2
200
72
35
64
42
36
42
5
0
47
233
161
103
34
129
32
200
128
12
40
66
220
9
8
128
10
11
87
112
165
83
48
1
194
45
78
37
20
12
2
68
194
108
193
128
68
80
36
150
14
4
1
8
40
0
36
128
70
32
32
214
251
211
159
254
67
140
182
75
171
57
251
163
198
215
251
251
215
36
7
79
141
167
5
203
215
251
107
147
10
146
58
243
37
85
191
90
116
235
244
114
92
32
63
221
30
189
188
153
172
88
5
240
31
156
75
144
242
49
61
92
85
32
250
215
211
202
125
255
176
218
128
58
187
181
203
206
241
38
57
164
207
60
251
14
237
38
120
230
139
227
123
223
37
229
54
243
253
60
95
122
117
178
247
211
74
41
92
250
30
219
31
201
207
86
71
120
246
183
109
145
215
177
30
124
118
178
185
230
239
235
125
247
248
220
223
221
187
187
254
227
198
203
239
137
197
63
87
79
143
118
31
71
223
179
35
211
30
34
58
234
47
95
251
90
63
233
245
122
124
48
190
223
95
189
190
153
172
24
1
209
31
157
73
144
242
49
191
92
87
32
186
45
227
229
40
89
186
39
74
228
16
224
184
237
121
140
73
234
173
35
116
225
103
192
119
70
185
249
189
122
12
33
233
223
100
84
186
66
56
177
124
252
94
56
143
209
81
247
79
153
164
24
0
96
29
159
77
24
246
51
189
88
87
32
123
110
33
233
184
18
175
35
77
224
98
135
52
241
164
189
67
218
53
67
100
173
49
82
151
213
152
164
141
66
156
56
168
199
36
71
186
10
122
193
84
152
85
20
8
85
85
37
110
153
44
24
4
242
29
29
89
24
242
59
189
24
87
106
242
126
49
249
186
54
187
27
79
194
98
147
48
241
194
187
83
242
213
3
86
207
53
83
215
133
128
224
141
66
120
116
40
199
44
214
190
74
120
129
84
176
95
116
13
209
84
129
79
157
172
24
7
114
29
29
81
16
242
51
189
89
86
96
251
175
213
109
184
23
63
81
94
182
70
181
208
31
136
180
95
240
244
5
101
50
82
240
51
44
163
160
9
83
88
116
105
192
36
150
250
194
120
1
245
210
203
62
13
208
20
224
78
153
188
18
12
106
29
151
65
48
178
59
190
89
158
46
249
63
165
245
40
81
170
35
106
192
0
214
119
253
103
140
112
226
141
3
116
229
37
194
119
206
152
96
141
98
14
104
169
151
36
69
190
66
58
201
124
221
84
24
10
81
17
225
111
153
36
25
4
240
29
156
73
8
242
51
185
88
71
34
251
56
11
111
211
34
95
149
247
223
212
126
21
29
60
249
230
251
212
65
110
84
240
228
178
89
61
165
24
108
218
62
185
240
36
85
186
86
114
129
124
244
85
53
62
196
166
192
108
159
173
159
13
250
29
157
93
0
242
59
252
91
30
32
250
44
7
101
228
50
61
33
119
52
92
86
21
29
57
249
228
226
220
65
104
240
112
212
178
25
168
132
144
124
208
53
233
116
100
117
186
215
114
145
244
213
85
24
14
64
134
192
78
137
37
93
12
242
29
159
77
24
230
43
156
75
14
32
249
56
10
103
139
34
29
161
245
61
220
86
21
29
61
121
230
242
212
193
106
84
112
196
176
25
40
160
16
124
208
61
251
248
100
85
184
86
114
129
116
212
85
88
30
68
134
192
76
153
45
221
13
242
29
157
77
8
242
35
188
91
78
34
249
9
5
108
204
55
53
93
113
53
94
125
1
28
61
53
71
225
220
1
108
80
114
128
50
108
141
161
24
124
64
60
41
112
36
20
250
82
120
129
244
114
207
56
47
214
134
196
78
153
173
30
5
104
28
159
77
16
242
59
156
89
22
32
176
56
7
101
172
54
61
49
119
52
92
126
17
93
57
217
230
242
220
65
104
240
96
208
179
25
168
132
144
124
208
49
233
116
100
117
186
215
114
145
252
247
213
24
142
64
134
192
78
153
37
221
8
240
29
159
77
24
226
59
188
74
6
40
241
141
209
93
8
50
117
61
86
49
14
41
196
92
45
180
233
235
252
5
97
96
80
36
178
76
173
164
216
249
4
56
97
244
68
156
186
66
114
17
244
86
202
24
14
208
22
228
76
153
44
30
4
96
29
150
77
152
246
35
156
88
86
34
185
56
23
109
202
54
53
161
241
244
222
86
21
93
57
153
102
242
244
73
104
112
112
148
176
24
40
164
16
124
208
121
185
248
100
87
186
214
114
17
124
212
85
27
158
80
162
192
76
155
45
157
9
242
29
143
93
32
242
123
156
90
134
42
241
56
7
101
199
54
53
161
241
53
220
86
21
29
57
121
70
242
212
65
104
112
112
148
176
24
40
160
24
124
208
124
185
248
100
87
186
214
114
145
124
212
85
24
30
64
166
192
76
153
45
157
13
242
29
159
93
8
246
59
156
91
14
40
248
9
6
76
192
34
61
56
119
49
94
100
5
28
49
52
98
224
220
1
104
64
80
192
50
104
8
164
24
124
68
60
105
240
36
20
186
83
114
129
244
210
223
24
30
208
134
226
76
153
45
30
4
232
29
159
73
16
242
59
156
88
22
34
249
56
49
117
32
150
165
45
120
196
14
210
117
109
12
176
69
242
244
71
100
112
50
128
245
140
188
36
141
90
78
112
168
80
44
222
190
86
48
1
85
92
68
22
15
196
101
164
78
184
60
24
0
226
28
140
81
8
178
51
184
88
151
32
176
61
39
101
32
22
183
37
126
228
198
209
48
77
61
145
70
194
124
67
96
240
114
192
55
76
168
132
157
114
16
121
201
112
44
148
186
82
122
1
220
156
66
24
14
64
33
192
78
26
44
25
5
114
28
157
73
40
242
51
152
72
214
34
249
62
51
241
170
81
170
39
75
230
64
201
48
229
70
172
85
251
133
3
84
193
37
81
87
198
220
240
141
82
140
96
232
134
36
87
190
66
120
1
84
40
82
16
169
85
85
165
79
153
164
24
0
96
29
156
73
16
242
51
189
24
71
32
90
56
75
110
221
34
85
145
245
63
212
86
149
29
56
121
230
250
212
65
110
84
240
196
178
89
56
164
24
125
218
62
187
248
36
85
250
86
122
129
124
242
93
29
30
208
166
192
108
153
173
159
5
250
29
157
77
16
242
59
188
89
14
34
251
61
49
101
32
23
163
39
122
228
6
251
48
125
108
177
69
211
116
67
96
224
114
192
119
76
236
164
141
114
8
113
200
86
44
199
190
2
56
9
92
60
65
28
47
68
97
181
79
186
172
153
5
242
29
156
81
40
178
51
184
104
151
36
248
56
73
110
222
34
95
217
247
31
212
127
149
29
190
249
230
251
212
69
111
84
176
164
178
25
61
165
24
81
218
62
185
240
36
117
250
82
114
193
116
242
93
61
62
212
166
192
108
141
173
95
5
250
29
157
73
16
242
59
188
89
14
34
250
56
17
109
136
22
229
57
125
212
78
216
21
93
12
25
102
242
212
67
100
112
114
208
54
28
168
164
24
90
208
116
169
100
44
159
186
214
122
129
245
218
77
23
142
210
54
224
110
154
60
153
9
226
29
156
81
136
178
59
248
91
158
42
177
57
55
125
136
54
53
171
120
244
94
88
21
77
61
145
101
242
244
195
108
112
98
148
180
88
168
164
152
124
210
120
185
120
108
151
190
214
112
1
252
94
68
26
158
84
160
192
76
186
45
156
9
240
28
142
85
32
242
59
156
90
150
42
176
13
213
76
0
54
53
60
82
49
206
13
196
92
37
116
99
225
220
5
105
0
80
164
51
108
140
164
24
121
4
56
113
112
100
28
186
66
114
1
244
86
202
24
46
210
22
64
76
153
45
22
5
104
29
135
77
152
242
43
156
88
22
34
185
54
53
241
32
85
170
3
79
198
64
133
52
97
75
132
85
242
165
3
84
19
39
81
71
214
136
224
13
82
28
72
40
142
44
70
158
2
58
1
84
136
82
16
136
208
89
161
14
152
38
144
8
112
28
84
65
16
178
49
184
24
87
46
89
102
33
233
184
22
130
31
79
196
162
213
176
241
130
159
82
250
5
99
84
137
37
66
135
205
137
168
173
66
156
32
168
199
44
71
186
74
56
129
84
56
90
48
41
87
21
133
78
153
172
24
1
112
29
29
81
16
242
59
185
24
86
96
242
62
48
229
172
22
167
5
126
196
4
223
48
125
172
153
86
251
212
67
100
32
18
192
53
140
168
172
141
82
152
116
168
80
44
37
190
78
120
1
92
56
193
53
47
68
164
36
108
155
164
153
4
114
28
148
81
40
178
59
216
89
6
32
242
59
213
108
140
55
117
25
119
52
94
85
148
29
40
53
103
240
244
65
108
112
114
212
51
60
168
164
24
123
88
116
169
112
100
157
186
210
112
145
117
214
203
95
14
210
148
224
110
157
173
30
5
234
28
158
77
152
242
59
156
91
158
42
177
109
39
229
56
17
190
35
111
224
68
194
52
97
125
142
70
202
45
3
68
241
39
82
215
84
168
128
133
64
148
41
201
207
4
69
186
0
58
73
124
216
84
24
134
85
113
167
111
153
44
8
8
240
29
220
1
48
226
19
189
26
215
42
91
126
49
249
186
87
131
23
74
198
2
149
48
241
70
173
83
250
151
2
84
131
53
67
71
196
212
240
13
66
188
212
41
142
44
22
190
10
120
129
84
48
219
52
41
213
29
133
79
153
174
136
7
50
29
93
81
16
178
59
185
24
87
96
90
110
33
237
48
22
167
35
127
228
38
208
52
125
161
146
66
194
93
67
96
224
103
194
55
76
136
164
141
114
12
57
232
119
44
4
186
26
56
1
212
92
64
28
10
192
117
193
79
27
44
24
5
112
28
28
73
24
178
51
184
8
22
32
249
57
55
117
32
150
181
41
120
208
30
202
117
101
76
240
101
242
244
199
100
112
34
16
214
204
172
36
137
210
94
120
184
104
44
222
190
82
50
1
213
216
68
18
142
64
99
160
78
168
61
24
4
232
29
142
65
144
178
51
156
122
150
40
176
63
85
105
184
23
95
81
79
182
70
181
180
29
184
180
127
248
244
83
117
50
242
240
51
60
161
160
9
83
216
116
169
192
36
151
250
194
112
1
220
146
203
84
13
208
20
228
110
159
172
146
12
106
29
150
81
48
242
41
156
89
158
42
249
61
55
117
32
21
38
35
123
194
66
225
114
229
73
132
85
242
229
3
84
113
38
145
214
212
168
96
141
18
28
96
41
78
4
212
158
128
56
1
213
12
66
24
143
208
113
128
78
152
52
16
12
98
24
220
65
0
178
19
152
24
214
44
121
100
38
178
23
72
6
136
135
198
252
0
35
162
202
147
15
122
163
227
151
249
143
95
223
210
123
254
167
0
156
224
198
79
41
102
183
249
28
101
108
108
68
48
143
201
113
155
207
184
236
152
75
246
26
24
209
38
243
87
149
186
99
40
106
9
199
76
236
39
125
56
117
53
222
102
133
28
57
109
231
168
220
1
104
68
112
196
50
109
137
160
16
125
68
60
41
244
100
85
186
82
114
129
116
242
223
56
31
208
134
224
110
153
173
30
5
248
29
159
77
16
242
59
156
89
22
34
249
58
51
101
48
23
179
39
126
196
6
249
48
125
45
145
86
211
212
67
112
224
114
192
119
76
236
164
141
114
136
113
200
86
44
199
190
66
56
1
92
44
65
52
41
84
117
149
78
58
172
153
1
114
29
220
89
40
178
51
152
120
214
36
114
92
34
17
181
232
237
42
245
200
63
82
23
193
196
219
162
106
205
201
98
204
169
142
152
201
216
190
134
192
130
59
158
83
33
93
187
29
247
205
86
152
68
145
30
103
140
235
49
139
4
89
227
193
95
28
73
196
104
19
249
76
7
97
182
11
197
108
172
39
189
92
113
53
94
93
132
28
60
124
199
225
220
1
104
64
114
192
50
109
140
160
24
125
65
60
41
208
100
20
250
82
123
129
116
82
223
28
46
212
150
228
78
153
45
30
5
232
29
159
77
16
242
59
156
89
30
34
249
45
23
100
128
54
63
45
119
52
94
122
17
29
57
185
71
226
220
65
104
240
112
208
51
29
168
164
24
120
84
52
233
116
100
84
186
82
122
145
212
244
87
28
15
68
134
192
78
153
172
28
5
98
29
159
77
24
246
59
156
89
14
32
240
57
7
100
132
55
181
57
113
52
94
80
21
29
56
49
68
242
244
65
108
112
114
144
114
24
168
160
24
124
208
116
169
112
100
21
186
214
114
1
124
212
77
28
14
192
132
192
78
153
45
28
5
242
28
158
77
24
242
59
156
91
14
34
241
56
7
101
194
54
53
161
247
52
212
86
21
29
61
185
100
242
212
65
110
112
112
148
178
24
40
160
24
124
216
60
185
248
100
85
186
214
114
17
124
212
85
24
30
64
134
192
76
153
45
157
13
242
29
158
77
8
242
35
156
90
78
42
249
40
7
108
204
55
181
25
113
52
94
85
21
29
56
49
70
224
220
65
108
112
114
144
50
24
40
160
24
124
208
60
169
240
100
20
186
210
112
145
116
212
203
28
30
208
132
192
78
153
173
28
5
250
28
158
77
16
242
59
156
89
30
34
241
9
7
92
136
34
17
60
118
49
90
12
4
28
53
161
99
231
216
1
104
64
80
192
51
108
12
160
24
124
68
56
97
112
36
21
186
82
120
1
116
80
192
24
46
84
132
230
76
153
45
30
5
248
28
158
73
16
242
59
156
88
22
34
240
8
71
76
204
35
21
92
113
53
218
125
129
28
57
121
198
224
220
65
108
80
114
132
50
105
40
160
24
125
64
60
57
248
36
21
186
82
122
129
116
242
223
24
14
212
134
192
78
153
173
30
5
248
29
159
77
16
242
59
156
88
22
34
241
8
2
92
8
34
89
32
118
49
154
102
133
28
49
233
226
230
216
1
104
192
0
228
49
73
8
168
8
93
6
56
120
240
36
85
186
82
114
137
244
210
92
24
14
208
134
226
108
153
45
28
5
240
29
159
73
16
242
51
188
88
86
34
249
9
67
76
136
34
57
48
118
49
154
6
133
28
49
109
195
232
216
1
108
64
96
196
50
73
8
160
24
125
68
56
33
240
36
85
186
83
114
129
116
242
222
24
14
212
134
194
78
153
173
30
5
248
29
159
73
16
242
59
188
88
22
34
249
13
69
76
8
35
153
56
118
49
26
38
128
28
49
109
195
224
216
1
108
64
112
192
51
105
8
160
24
121
68
56
33
208
36
20
186
82
122
129
116
242
222
56
15
208
150
194
78
153
173
30
5
248
29
159
73
16
242
59
188
88
22
34
251
1
195
92
136
32
19
44
86
35
22
41
132
76
53
180
43
231
212
5
109
0
64
96
51
76
12
164
8
85
12
56
97
240
36
84
186
66
120
1
244
86
74
24
62
210
150
100
76
153
45
20
4
96
29
150
77
144
242
51
156
88
86
34
185
9
5
76
12
35
153
28
116
49
218
47
0
28
61
105
199
225
216
1
236
64
114
196
50
73
12
160
24
120
68
60
33
240
36
20
186
82
114
129
116
242
223
24
46
212
134
196
78
153
173
30
5
248
29
159
73
16
242
59
156
88
22
32
248
9
69
76
8
35
153
124
118
49
90
12
132
28
53
108
227
225
216
1
108
64
112
192
51
105
12
160
24
89
4
56
33
208
36
21
186
82
122
129
244
210
222
24
47
212
150
230
78
153
173
30
5
232
29
159
73
16
242
59
188
88
22
34
249
40
3
100
204
35
21
144
241
53
212
126
21
29
57
121
230
226
212
65
110
80
112
132
50
89
40
128
24
124
208
60
185
248
100
85
186
82
114
129
116
244
85
24
30
68
134
192
78
153
173
29
5
242
29
159
77
16
242
59
156
88
6
32
248
56
3
100
132
35
21
145
245
53
212
86
21
29
61
121
230
226
212
65
110
80
112
132
50
89
40
128
24
124
216
60
185
240
100
85
186
82
114
129
212
212
85
24
14
192
134
192
78
153
45
29
5
242
29
157
77
16
242
59
156
89
14
34
248
243
132
162
13
73
198
131
239
214
205
180
251
234
41
6
28
234
33
178
151
240
15
255
101
118
251
89
39
59
156
67
79
141
237
97
189
182
40
109
44
105
92
41
163
153
113
57
233
121
166
217
137
241
18
248
67
106
254
246
121
178
213
184
79
