posters/Movie Poster 68.jpg
512 : 781
79
-101.768
-1
0
122
125
0.0038877
31
117.553
-1
0
127
139
0.00584716
31
52.8831
-1
0
122
139
0.00481924
31
140.5
-1
0
101
280
0.00458485
31
119.954
-1
0
99
279
0.00673935
31
132.709
-1
0
163
605
0.00432046
31
-119.454
-1
0
383
618
0.00388036
31
173.83
-1
0
125
161
0.00356974
31
110.045
-1
0
135
136
0.00375692
31
34.2673
-1
0
109
142
0.0038088
31
-113.429
-1
1
127.2
139.2
0.00429163
37.2
-168.959
-1
1
158.4
136.8
0.00147014
37.2
-98.5959
-1
1
121.2
124.8
0.0023714
37.2
162.474
-1
1
152.4
132
0.00233049
37.2
159.928
-1
1
202.8
247.2
0.00158575
37.2
-41.4237
-1
1
138
165.6
0.00250852
37.2
-173.316
-1
1
132
644.4
0.00302276
37.2
-92.2457
-1
1
129.6
165.6
0.00241971
37.2
-82.6096
-1
1
144
453.6
0.0015952
37.2
115.514
-1
1
127.2
636
0.00179018
37.2
-112.38
-1
1
133.2
163.2
0.00265177
37.2
66.8014
-1
1
151.2
162
0.00171752
37.2
45
-1
1
144
162
0.00243555
37.2
-115.942
-1
1
124.8
160.8
0.00266643
37.2
41.0091
-1
1
156
159.6
0.00147167
37.2
83.6598
-1
1
235.2
519.6
0.00227208
37.2
75.9638
-1
1
163.2
158.4
0.00147151
37.2
94.6106
-1
1
172.8
156
0.00209621
37.2
135
-1
1
140.4
134.4
0.00214572
37.2
84.2894
-1
1
144
134.4
0.0018834
37.2
-167.705
-1
1
160.8
134.4
0.00284639
37.2
140.194
-1
1
163.2
604.8
0.00154953
37.2
-178.21
-1
1
134.4
136.8
0.00279448
37.2
-108.622
-1
1
384
618
0.00270618
37.2
-73.4429
-1
1
121.2
139.2
0.00287646
37.2
-92.1611
-1
1
379.2
615.6
0.00180604
37.2
-153.435
-1
1
229.2
458.4
0.00136772
37.2
-97.5946
-1
1
121.2
128.4
0.00144841
37.2
-130.292
-1
1
186
444
0.00140661
37.2
-133.603
-1
1
171.6
313.2
0.00144519
37.2
-107.526
-1
1
127.2
124.8
0.00139652
37.2
-138.013
-1
1
217.2
489.6
0.00135837
37.2
-91.5566
-1
1
232.8
542.4
0.00131777
37.2
-146.31
-1
2
169.92
158.4
0.00106062
44.64
-106.783
-1
2
180
511.2
0.000716862
44.64
130.986
-1
2
367.2
502.56
0.00101934
44.64
-132.946
-1
2
171.36
312.48
0.000866818
44.64
-87.8562
-1
2
233.28
541.44
0.000800595
44.64
-74.2076
-1
2
335.52
624.96
0.000731325
44.64
-72.3499
-1
2
341.28
624.96
0.00093645
44.64
141.483
-1
2
203.04
247.68
0.00127104
44.64
-85.8151
-1
2
145.44
449.28
0.000778165
44.64
-126.784
-1
2
185.76
443.52
0.000767705
44.64
-162.979
-1
2
217.44
489.6
0.000972188
44.64
175.711
-1
2
263.52
192.96
0.00104286
44.64
-77.1957
-1
2
151.2
161.28
0.00184055
44.64
-45
-1
2
144
161.28
0.00154549
44.64
-40.3645
-1
2
155.52
159.84
0.00168697
44.64
180
-1
2
164.16
158.4
0.00124488
44.64
45
-1
2
234.72
519.84
0.00185686
44.64
65.556
-1
2
172.8
155.52
0.00131782
44.64
41.4965
-1
2
184.32
154.08
0.000944241
44.64
45
-1
2
190.08
152.64
0.000887031
44.64
-101.31
-1
2
239.04
522.72
0.00173166
44.64
-70.7693
-1
2
338.4
624.96
0.000727882
44.64
58.9406
-1
2
144
599.04
0.000711638
44.64
-23.5704
-1
3
331.776
570.24
0.000542003
53.568
-7.76517
-1
3
233.28
520.128
0.00112605
53.568
-109.359
-1
3
179.712
511.488
0.000585726
53.568
-153.048
-1
3
217.728
489.024
0.000723043
53.568
127.807
-1
3
202.176
247.104
0.000995408
53.568
169.303
-1
3
262.656
191.808
0.000863165
53.568
-134.193
-1
3
171.072
312.768
0.000416711
53.568
147.995
-1
3
216
317.952
0.000440333
53.568
139.6
-1
4
203.213
248.832
0.00096431
64.2816
-143.707
-1
4
219.802
489.37
0.000676773
64.2816
-54.0903
-1
4
232.243
520.474
0.000735034
64.2816
-82.725
-1
4
226.022
522.547
0.000444814
64.2816
180
-1
4
215.654
319.334
0.00047862
64.2816
79
64
14
34
68
32
3
48
32
32
224
2
210
36
124
33
1
0
212
40
67
208
225
114
1
198
192
32
196
200
32
132
233
192
28
24
195
174
9
8
1
72
44
1
20
1
64
97
162
76
58
46
137
2
114
25
88
25
46
35
23
144
40
211
108
72
193
202
142
200
96
191
36
114
41
255
40
202
138
185
94
139
128
105
249
45
188
85
74
249
75
101
25
182
61
4
48
1
215
82
218
33
65
204
180
162
246
62
42
53
23
154
118
177
86
217
60
176
71
237
203
158
79
204
18
228
196
209
92
251
131
205
138
223
103
75
216
130
27
197
63
207
154
124
111
172
4
51
60
159
6
61
230
99
99
198
130
50
183
107
30
119
183
241
113
80
242
75
250
171
211
191
237
114
184
30
249
43
197
202
195
79
157
67
185
226
51
67
120
63
113
125
151
201
122
0
136
138
2
69
24
165
71
226
21
148
49
166
59
118
124
18
64
212
8
144
199
4
153
128
236
72
3
248
222
40
160
44
3
254
202
74
128
88
178
217
21
40
20
148
160
44
151
40
139
15
50
25
112
81
16
99
57
120
57
2
106
227
98
0
161
138
3
71
3
15
199
64
20
4
57
46
59
118
218
18
64
20
16
19
209
5
88
128
140
13
34
216
28
72
132
44
67
190
8
66
5
72
36
17
20
0
4
84
36
108
22
44
137
8
50
24
112
19
40
34
10
48
9
204
46
66
39
229
109
120
20
180
125
72
177
207
128
232
202
41
4
15
137
44
166
185
179
102
112
99
117
183
151
183
105
52
97
65
150
218
170
160
170
40
122
41
108
170
186
233
183
113
119
107
114
186
40
74
224
16
122
52
63
131
86
199
163
243
237
75
37
166
101
136
184
148
167
121
164
124
40
81
137
63
145
5
139
100
195
40
240
98
152
252
88
117
13
54
60
152
1
207
205
64
198
176
212
184
33
44
108
22
42
167
84
224
212
73
56
173
156
8
180
25
142
24
36
226
18
132
202
215
44
126
161
172
198
7
157
224
133
184
121
189
254
127
238
47
194
41
131
101
165
177
249
196
239
236
107
124
25
178
190
15
75
31
253
237
121
80
62
141
109
191
85
84
107
182
141
49
126
177
104
222
9
189
213
166
8
46
110
4
148
96
134
213
4
78
65
203
142
216
232
187
102
50
57
59
46
202
138
245
76
171
5
73
188
175
206
85
74
243
75
71
139
54
60
7
16
65
243
82
209
33
81
205
254
161
118
190
42
53
181
142
119
227
18
217
44
116
149
237
139
142
87
207
18
134
64
112
69
248
130
201
138
223
38
192
222
129
15
131
61
206
147
68
95
58
5
19
48
151
6
63
195
67
121
198
151
44
3
187
30
26
166
188
1
64
202
73
234
35
34
187
165
105
181
30
181
43
87
138
131
195
157
65
112
186
65
67
56
121
49
121
210
238
56
54
109
168
55
57
37
121
245
90
222
53
125
52
105
197
212
220
195
184
112
112
129
244
173
60
96
208
124
86
253
185
88
72
221
164
127
114
129
17
188
213
27
12
68
167
230
76
186
63
141
12
170
29
207
29
6
66
47
204
67
138
108
16
5
6
0
9
217
232
34
92
40
104
138
37
128
15
235
165
203
108
129
0
200
130
30
40
66
140
8
0
144
10
11
71
125
128
85
48
32
130
13
6
165
20
10
130
68
194
108
145
0
84
88
36
135
143
132
40
136
8
132
36
12
70
36
64
4
35
37
0
1
1
0
122
198
2
147
52
97
0
128
0
208
32
66
208
81
34
81
198
208
32
196
72
0
156
193
64
76
12
195
174
8
40
1
72
44
0
20
131
68
113
164
78
50
46
137
8
34
24
88
17
40
50
19
176
40
210
104
72
69
14
133
1
200
204
162
69
40
124
10
5
64
53
203
160
201
72
137
32
200
1
14
184
78
72
24
132
172
6
11
71
85
195
89
9
32
162
13
2
133
52
8
150
77
138
108
145
0
68
108
48
133
71
135
170
142
76
2
36
64
7
16
116
127
245
255
124
54
247
253
126
241
190
253
249
111
237
38
95
189
253
123
255
179
127
119
255
230
127
247
255
121
117
246
227
223
123
191
239
255
61
120
125
126
235
255
233
255
121
247
111
126
254
139
223
240
248
120
85
127
183
255
219
187
251
223
206
161
245
239
8
23
21
141
218
231
198
161
170
107
137
167
79
130
116
38
55
18
214
85
102
70
177
17
49
179
28
92
25
232
76
158
218
146
124
19
53
54
106
62
153
18
112
80
204
16
190
16
13
26
154
68
84
184
32
96
30
31
221
108
51
50
221
187
223
50
221
93
47
223
246
61
152
179
158
253
254
191
214
32
11
158
30
199
7
253
215
247
41
87
251
94
41
194
20
117
254
214
125
234
125
50
223
229
125
190
150
53
62
211
171
63
159
184
29
190
84
17
243
122
123
123
93
11
246
140
155
46
197
54
125
209
243
31
220
150
215
89
24
123
197
136
212
198
43
84
16
196
242
45
48
16
0
124
94
30
57
236
112
251
248
214
122
136
53
209
21
19
22
128
166
80
108
169
57
255
13
154
31
159
76
22
66
62
76
67
15
38
251
4
166
253
196
56
221
144
117
59
252
6
197
92
117
188
193
233
196
194
43
212
96
90
227
205
23
148
114
44
79
17
103
215
80
85
170
80
250
251
116
116
29
104
39
181
20
245
111
145
172
40
7
240
29
156
77
28
210
18
173
88
87
97
250
171
220
108
15
255
249
157
24
189
85
191
235
175
61
108
205
169
245
62
241
248
70
178
117
99
253
217
54
255
115
111
63
221
124
209
244
211
81
168
61
123
223
123
63
221
115
252
109
169
151
26
13
248
189
223
73
56
246
183
188
242
223
36
218
184
30
52
165
38
125
185
245
29
220
214
69
81
24
123
196
190
220
195
41
112
16
244
240
57
57
20
144
124
214
62
153
76
112
121
176
245
122
136
33
253
21
119
150
226
167
90
108
170
153
255
13
210
31
159
92
166
66
55
236
67
15
44
250
145
201
27
95
32
73
220
182
219
188
47
141
18
212
109
170
39
194
148
11
14
170
101
142
233
39
167
88
5
99
158
54
250
58
105
116
86
135
218
233
147
254
169
118
190
246
137
126
161
203
102
247
156
11
149
194
151
67
56
111
117
36
131
177
19
217
11
31
38
65
216
182
219
128
61
140
48
68
111
171
47
86
16
146
6
184
229
134
169
71
149
24
147
107
159
122
180
60
177
84
158
67
202
35
51
253
231
98
180
54
181
46
183
154
195
199
158
163
48
194
117
35
56
123
49
109
199
207
184
146
117
132
38
125
160
245
253
217
246
69
77
49
90
164
191
220
199
41
112
64
244
240
249
61
21
176
60
214
30
136
220
112
122
144
220
122
136
161
221
21
51
183
224
167
118
108
170
145
237
11
242
7
155
92
38
210
22
196
67
95
44
90
19
209
25
15
38
73
209
180
219
132
61
140
52
20
111
184
63
86
16
130
6
176
103
132
169
229
212
120
163
107
223
40
180
28
177
84
10
67
202
99
51
153
237
32
180
54
181
44
151
154
227
207
188
131
112
195
61
51
56
106
49
137
70
206
207
205
155
121
208
122
237
202
57
251
168
202
194
133
239
187
203
125
189
111
14
140
44
56
103
223
59
163
215
39
58
23
208
131
253
75
32
253
255
50
35
238
186
121
63
158
124
176
205
153
118
244
201
247
167
174
209
140
41
111
85
117
147
179
128
201
27
95
32
93
220
167
155
181
47
141
18
244
93
170
37
194
228
43
14
170
36
130
249
71
135
98
129
163
30
50
226
18
96
100
19
135
210
224
210
190
161
118
190
118
133
110
161
137
102
119
156
11
149
202
149
115
104
127
116
116
67
185
129
207
6
222
32
92
92
178
9
223
57
203
10
253
92
170
5
202
44
171
70
172
164
59
75
95
131
32
149
2
50
17
242
50
120
96
83
68
242
160
115
46
184
255
158
146
221
218
65
129
86
209
77
79
135
136
147
193
32
23
84
116
3
177
69
14
134
9
192
250
38
86
41
30
42
9
194
181
75
139
137
105
169
108
168
69
74
185
75
125
25
164
44
6
34
5
85
83
121
33
1
142
44
0
37
52
58
183
79
138
126
176
64
81
108
176
133
239
131
142
207
76
3
164
68
65
81
34
130
203
138
95
232
218
212
131
56
17
47
206
130
245
78
168
5
11
188
155
198
45
34
67
99
71
129
102
165
35
130
66
183
146
64
64
107
139
250
162
195
190
40
117
189
222
183
43
81
203
15
119
157
65
251
170
23
75
148
37
64
113
211
73
5
6
0
1
217
200
34
220
40
40
138
37
128
7
203
161
195
108
129
0
200
128
14
40
66
136
8
2
144
10
11
71
121
128
85
48
48
130
13
134
133
20
10
130
68
194
108
145
0
68
92
32
135
159
132
40
128
8
134
36
12
6
36
80
37
229
237
8
0
212
37
79
161
198
128
192
65
45
148
15
139
44
227
41
178
114
120
135
85
245
21
165
41
158
0
64
133
90
131
138
128
136
123
40
44
160
56
161
55
112
53
234
50
168
168
90
129
17
96
20
60
130
66
193
163
209
109
74
165
6
100
1
201
204
163
205
172
125
138
45
129
45
203
165
203
44
131
0
248
130
62
40
86
169
28
34
184
10
43
71
109
192
79
32
48
162
45
14
173
20
10
146
68
227
40
145
56
76
92
40
149
135
132
32
168
64
132
36
134
199
40
80
32
6
101
130
136
213
7
53
164
124
90
21
137
61
25
4
139
100
193
40
240
64
218
240
88
116
12
32
60
152
17
207
69
96
83
48
212
144
41
8
100
116
10
167
68
160
116
65
18
44
157
8
151
24
158
28
36
98
3
148
202
199
44
126
37
245
109
28
22
77
85
126
227
68
173
180
109
45
180
103
187
100
66
53
19
114
112
167
244
33
132
25
49
28
92
41
200
44
166
158
138
56
3
253
18
139
61
167
182
112
36
110
17
38
227
14
40
24
22
4
184
34
106
120
57
196
110
203
33
6
101
142
30
229
5
53
229
124
24
1
9
63
23
5
139
116
193
32
240
64
218
244
88
237
12
16
56
208
57
205
69
100
87
176
213
88
41
44
37
64
58
175
68
160
244
105
24
164
152
8
134
24
158
12
40
162
19
148
202
199
44
114
3
214
68
174
63
56
28
16
36
102
17
2
172
11
36
21
36
246
4
240
224
98
129
112
64
60
177
24
242
48
229
97
210
60
212
178
67
72
160
99
36
202
57
15
212
17
246
77
144
166
16
4
100
12
159
9
24
179
51
148
88
83
36
235
52
35
49
128
17
9
1
120
198
6
147
52
113
8
144
70
210
32
66
208
113
50
209
198
208
32
196
72
0
156
201
200
76
12
199
174
136
42
1
72
140
1
21
131
64
113
160
78
50
38
137
10
34
24
88
17
40
34
23
176
40
194
108
65
50
54
117
166
185
132
51
45
214
120
214
53
61
123
145
84
246
150
129
48
192
32
203
118
220
136
224
95
122
249
201
239
181
164
85
182
247
210
161
124
197
85
27
130
192
5
193
79
153
166
153
9
244
28
156
73
40
114
183
184
90
6
32
220
211
214
16
19
216
138
6
0
42
37
41
74
134
207
132
25
111
227
60
229
139
167
139
96
74
215
189
111
146
42
195
33
146
165
84
159
1
24
111
70
96
90
40
233
149
24
252
21
192
228
16
0
117
96
136
235
80
124
48
53
88
81
48
234
35
54
33
32
21
168
1
24
228
66
146
32
105
9
0
5
212
44
67
208
241
98
17
198
212
48
64
136
16
20
193
193
12
44
194
174
8
32
1
72
204
0
18
137
64
97
166
78
50
38
136
8
96
25
88
17
46
50
23
176
10
211
108
72
30
33
216
189
35
113
120
229
21
234
213
52
92
164
171
114
148
152
64
218
139
240
198
58
132
8
226
217
65
229
191
227
125
16
151
234
90
115
192
83
146
73
85
12
246
133
195
126
31
110
30
7
242
29
212
89
146
227
59
156
93
58
98
225
199
205
76
152
200
94
2
131
41
102
5
14
154
249
126
13
201
121
37
228
78
165
16
114
86
215
157
41
209
30
50
33
210
36
87
170
66
112
233
116
112
28
56
175
213
92
244
109
153
172
16
5
240
29
156
73
16
240
49
189
88
87
32
250
34
34
13
139
138
221
128
165
111
122
18
4
25
51
123
128
216
2
193
160
216
80
30
136
217
1
28
32
172
216
25
194
21
192
195
32
125
194
41
8
164
21
66
148
68
134
64
208
178
76
141
40
150
5
75
57
142
64
142
36
194
139
104
116
190
245
255
251
55
245
253
253
245
223
253
248
255
106
179
125
251
180
103
123
183
122
247
127
117
191
115
187
127
223
127
251
239
110
223
158
214
120
249
125
127
93
247
237
214
53
85
111
155
190
153
13
242
21
220
85
56
178
247
235
187
223
173
222
84
9
155
157
2
67
218
231
27
170
25
140
83
132
59
234
157
84
240
15
142
185
230
139
141
199
190
108
1
235
30
106
69
147
177
105
30
237
238
99
48
41
229
104
191
28
37
186
87
202
126
247
151
121
52
242
197
43
8
123
61
105
211
230
215
249
80
51
216
138
14
128
106
39
41
250
134
239
196
27
111
227
60
229
79
165
35
104
206
215
251
111
147
42
194
49
146
167
84
247
99
29
103
254
98
202
40
249
213
24
252
149
197
165
16
32
109
115
172
235
80
253
49
53
92
113
48
170
199
206
138
24
201
94
0
195
40
102
41
14
130
237
111
45
201
113
37
100
76
132
16
48
86
213
185
41
211
10
50
17
210
36
87
186
82
112
233
124
50
92
56
173
213
88
244
109
153
172
16
5
240
29
156
73
16
240
49
189
88
86
32
248
0
66
0
5
40
144
138
128
40
154
3
68
144
48
105
32
4
138
132
131
196
32
5
208
65
16
129
66
4
134
137
82
242
16
65
32
89
74
136
224
208
28
24
14
240
70
194
111
153
201
8
7
244
13
153
73
23
211
19
180
80
83
98
233
1
130
4
5
40
144
136
0
33
154
1
192
136
49
33
1
132
170
4
169
192
96
69
249
64
16
128
86
12
4
161
83
245
112
88
32
89
72
160
32
212
10
56
14
240
196
210
75
25
201
24
7
244
9
152
73
23
211
19
148
80
83
64
235
63
255
238
124
63
189
125
62
245
63
245
249
238
249
36
95
253
255
123
251
247
127
211
255
230
127
247
254
125
117
244
229
223
122
189
188
223
125
250
125
126
239
251
111
223
241
247
127
191
247
30
207
232
188
222
93
63
247
255
223
251
251
207
223
52
181
125
220
50
221
223
117
123
212
15
212
93
117
189
209
249
196
66
34
215
104
82
227
253
119
165
125
44
158
213
105
215
116
87
138
218
120
251
117
116
29
41
175
181
148
245
111
145
172
8
79
176
29
156
77
28
82
122
189
88
87
104
250
63
52
113
182
191
160
155
45
214
120
215
53
189
107
129
84
246
150
0
50
225
41
195
127
220
136
224
95
122
249
237
239
55
164
85
182
247
112
161
125
196
92
219
138
224
1
193
79
155
174
25
7
244
28
156
73
8
242
183
185
154
7
32
92
58
16
40
163
143
225
34
53
20
122
210
37
176
4
43
84
252
154
65
208
217
17
223
24
144
8
248
196
80
213
191
230
77
168
83
48
127
98
136
64
56
85
86
14
69
133
162
109
157
110
152
5
246
29
216
89
22
227
191
176
11
11
40
70
227
204
138
10
1
90
20
143
81
186
12
143
50
134
47
170
139
17
177
149
68
149
103
7
99
197
152
0
67
67
10
98
189
4
81
240
55
78
204
112
114
220
58
40
159
22
37
236
249
168
26
21
209
29
252
202
22
224
47
60
24
80
2
202
133
197
108
136
23
69
217
254
49
222
132
197
92
45
37
231
137
124
198
51
112
112
52
162
100
51
130
16
121
94
30
49
120
112
189
232
146
96
91
189
86
170
30
14
146
48
96
110
1
56
94
5
136
24
132
12
186
2
46
28
15
158
42
179
161
197
43
152
23
87
1
219
198
198
165
134
99
136
116
111
130
116
102
21
18
150
52
134
22
179
149
8
147
26
18
25
232
14
147
218
128
96
75
129
178
107
52
151
144
112
48
236
0
189
144
28
26
25
196
18
48
32
96
30
31
212
14
25
165
199
43
24
23
23
1
219
135
198
173
162
115
152
229
111
130
52
102
22
18
146
52
6
86
181
1
9
147
30
2
25
168
14
150
218
192
112
3
188
162
107
52
149
16
114
16
204
0
173
148
12
26
25
196
18
48
160
96
28
28
212
46
25
165
142
76
3
201
220
129
13
173
103
2
76
136
63
236
165
203
32
5
32
152
66
58
104
83
176
28
34
180
155
11
7
157
196
203
10
0
131
45
138
132
20
8
128
16
122
108
177
17
76
144
56
149
129
192
190
56
68
160
36
128
209
42
72
216
201
155
249
34
83
252
166
25
187
125
136
82
160
111
170
141
154
184
207
14
249
102
147
233
71
179
240
65
229
190
50
250
18
177
97
63
109
242
225
114
63
253
125
191
159
83
254
223
138
126
247
217
93
117
222
215
249
45
123
85
112
211
163
130
201
8
222
32
88
216
135
31
128
61
204
16
116
95
186
5
2
0
139
6
40
228
2
121
135
134
64
5
163
159
114
183
144
97
64
115
67
202
170
179
191
161
112
180
150
145
106
211
202
231
67
156
3
177
250
19
67
56
105
113
112
131
237
18
0
25
142
2
200
30
5
75
32
31
132
20
38
63
178
127
18
16
128
138
49
199
0
185
197
248
72
3
169
159
104
149
148
33
68
10
195
138
74
32
153
101
97
52
28
228
44
215
192
227
39
54
1
48
235
73
115
56
120
17
9
80
230
18
196
24
142
2
200
26
5
11
224
21
140
16
38
47
178
109
18
16
128
138
49
199
0
249
145
248
76
3
171
159
111
133
148
33
64
34
195
170
74
162
155
101
97
53
28
228
44
215
202
99
39
60
1
48
235
217
83
40
104
17
73
18
231
237
79
231
212
55
47
117
127
189
117
255
83
95
249
254
206
162
252
111
105
126
206
176
55
95
170
134
19
253
152
124
205
240
103
118
250
194
118
145
220
223
255
152
159
200
162
200
200
137
37
215
152
73
31
135
12
184
244
97
190
206
6
39
185
1
194
4
1
40
144
136
0
33
154
1
196
144
49
33
1
132
170
4
171
192
96
69
209
65
16
160
194
4
4
169
82
255
16
74
32
89
74
168
32
212
30
24
14
240
196
210
111
153
201
24
7
244
13
152
73
23
211
19
148
80
83
98
235
131
194
0
139
201
128
142
128
40
43
40
74
128
67
38
33
1
33
36
144
192
37
11
104
66
85
25
38
146
42
3
87
151
176
89
1
49
64
46
34
102
40
40
73
85
24
244
17
80
204
16
4
133
65
200
170
19
65
144
52
4
113
16
32
23
165
129
52
20
192
28
14
67
129
153
253
98
7
134
26
169
68
32
209
193
37
226
67
204
139
160
43
3
44
1
72
135
44
85
186
58
56
233
117
96
88
57
169
212
16
181
111
152
174
24
3
240
28
28
65
0
178
19
185
24
87
32
234
50
209
136
26
39
209
220
13
23
130
149
168
184
14
47
95
157
50
32
146
135
115
211
79
229
17
242
105
19
253
221
98
143
156
139
70
234
73
234
115
34
203
229
105
151
84
181
47
215
218
154
15
38
129
112
115
19
51
254
115
49
249
238
67
60
245
127
233
55
245
253
249
245
222
252
248
125
126
241
245
251
244
103
123
119
122
244
118
117
191
99
185
127
218
126
185
238
110
159
158
214
120
217
61
123
93
182
46
214
53
213
110
155
190
154
13
250
21
220
85
56
242
119
175
91
223
173
250
10
0
12
37
175
241
186
181
89
186
214
5
248
4
41
227
136
24
67
208
201
48
71
152
0
8
136
130
64
71
191
214
125
56
211
32
95
99
136
65
216
85
87
14
196
229
130
121
185
78
8
7
242
29
88
73
22
163
159
180
41
26
98
64
57
219
238
94
63
177
221
58
245
191
252
251
191
251
36
79
187
245
254
187
245
126
209
255
97
127
247
54
125
127
245
247
223
250
190
116
255
253
250
125
126
239
235
127
183
245
247
107
191
251
156
207
254
189
222
92
63
247
255
223
251
251
173
223
67
140
138
10
3
75
144
142
81
186
14
167
48
134
175
235
139
21
177
20
64
149
205
5
99
192
24
5
83
75
26
74
173
4
81
240
54
78
141
48
114
221
110
32
29
150
36
232
125
40
58
149
149
29
252
130
22
232
47
60
9
68
18
210
231
249
82
191
209
138
94
128
106
107
41
250
174
231
198
27
107
163
60
215
79
141
35
108
198
223
251
47
195
42
226
49
146
167
94
243
107
61
231
252
98
202
56
249
223
24
254
181
193
167
16
32
233
246
172
235
208
253
49
61
28
117
176
170
36
46
247
212
72
79
163
255
244
124
70
21
69
121
155
164
242
108
195
34
244
41
28
182
218
42
4
134
168
200
73
207
111
67
67
48
180
146
219
236
221
52
130
134
96
162
193
75
184
44
201
89
244
29
25
65
47
106
71
160
202
6
45
92
45
230
238
78
55
119
221
50
245
190
156
251
127
191
180
79
137
245
250
187
241
86
81
255
113
119
149
50
125
95
118
199
223
88
175
100
222
252
248
61
124
239
107
63
191
240
119
107
63
251
190
159
223
24
218
28
62
231
254
223
251
217
78
254
13
34
13
1
190
241
186
116
249
186
194
4
192
20
41
35
128
108
195
210
232
48
70
208
65
40
132
128
64
70
61
210
127
24
199
168
91
58
200
33
216
60
18
14
240
231
131
107
56
46
8
7
242
29
92
80
22
163
23
180
104
146
102
241
171
213
104
131
23
21
29
153
39
199
161
234
187
10
38
87
210
119
36
213
10
150
145
100
68
150
249
41
146
56
92
49
194
44
158
218
194
121
3
213
2
203
52
9
146
92
208
28
20
190
16
5
42
144
228
115
16
48
48
28
29
220
44
59
234
85
238
146
23
39
9
223
55
222
128
131
63
168
178
95
242
244
85
109
16
150
245
51
86
138
170
9
219
88
60
249
112
37
62
251
82
118
5
244
210
75
92
30
218
20
64
204
77
45
94
5
106
26
133
77
144
240
33
156
95
92
34
177
120
11
183
212
170
61
105
115
148
124
82
19
159
248
89
70
246
221
207
106
254
174
136
187
26
42
166
128
216
208
60
223
106
34
68
56
213
126
145
204
220
116
209
30
72
166
195
207
137
37
25
149
114
30
143
73
1
114
115
157
74
6
1
180
