posters/Movie Poster 110.jpg
512 : 718
95
112.443
-1
0
270
610
0.00350144
31
53.924
-1
0
231
613
0.00464522
31
-86.4438
-1
0
280
620
0.00283254
31
62.6501
-1
0
122
606
0.00259857
31
-94.1149
-1
0
117
429
0.0062016
31
121.693
-1
0
254
146
0.00380652
31
130.855
-1
0
261
156
0.00438712
31
-26.5651
-1
0
134
407
0.00404396
31
-97.6999
-1
0
230
516
0.00262198
31
-79.0459
-1
0
124
619
0.0028619
31
38.4048
-1
0
106
609
0.00274431
31
-19.6538
-1
0
144
434
0.00553887
31
-93.1623
-1
0
128
436
0.00326155
31
99.7717
-1
0
269
607
0.00379773
31
-20.8068
-1
0
142
433
0.00372007
31
-96.1155
-1
0
120
429
0.0054128
31
-99.3048
-1
0
113
436
0.00368797
31
-92.9273
-1
0
121
433
0.00570344
31
-93.7241
-1
0
113
433
0.00453699
31
-98.1301
-1
0
122
429
0.00501915
31
-71.1753
-1
0
118
619
0.00292347
31
65.2565
-1
0
117
605
0.00269505
31
93.8713
-1
0
184
611
0.00555475
31
126.943
-1
0
177
612
0.00276028
31
130.338
-1
0
263
148
0.00287492
31
-126.69
-1
0
105
497
0.00367197
31
51.7522
-1
0
108
605
0.00770047
31
-7.43141
-1
0
229
616
0.00470693
31
43.5651
-1
0
110
609
0.00366635
31
-92.7263
-1
0
112
429
0.00401917
31
-92.0665
-1
0
122
436
0.0036042
31
69.513
-1
0
191
611
0.00296772
31
76.6572
-1
0
229
609
0.00292314
31
-119.055
-1
0
129
429
0.0028196
31
108.385
-1
0
128
166
0.00433721
31
111.704
-1
0
136
175
0.00451295
31
64.551
-1
0
120
605
0.00296963
31
62.3909
-1
0
124
608
0.00321363
31
106.938
-1
0
104
461
0.00340865
31
-93.5215
-1
0
120
436
0.00360468
31
-37.7757
-1
0
237
619
0.00339412
31
-39.1933
-1
0
230
619
0.00457548
31
84.0317
-1
0
238
606
0.0031099
31
75.5432
-1
0
187
605
0.00344542
31
33.1373
-1
0
164
169
0.00203901
31
-146.31
-1
0
395
611
0.00246979
31
25.4402
-1
0
106
612
0.00222037
31
115.451
-1
0
137
168
0.00206983
31
139.121
-1
0
290
606
0.00220939
31
-80.789
-1
0
239
619
0.00238258
31
88.1177
-1
0
242
605
0.0023286
31
150.803
-1
0
291
610
0.00214747
31
77.3578
-1
0
234
605
0.00212072
31
87.8114
-1
0
245
609
0.00235123
31
180
-1
0
390
609
0.00229775
31
-84.7099
-1
0
358
616
0.0023474
31
84.7376
-1
0
239
613
0.00203446
31
-43.5966
-1
0
210
480
0.00203838
31
165.677
-1
0
269
613
0.00200651
31
55.6197
-1
0
191
616
0.00200677
31
74.1761
-1
0
231
607
0.00193723
31
-106.858
-1
0
247
617
0.00195064
31
-106.33
-1
0
344
613
0.0019782
31
-23.5977
-1
0
139
407
0.00195126
31
165.432
-1
1
236.4
477.6
0.0021284
37.2
98.4863
-1
1
136.8
175.2
0.00390247
37.2
-16.9492
-1
1
133.2
406.8
0.00208676
37.2
105.213
-1
1
136.8
168
0.00240439
37.2
98.0826
-1
1
128.4
165.6
0.0041205
37.2
125.002
-1
1
261.6
156
0.0040389
37.2
-95.7583
-1
1
230.4
514.8
0.00193738
37.2
-89.6076
-1
1
128.4
435.6
0.00181725
37.2
-92.4147
-1
1
121.2
435.6
0.00200043
37.2
126.656
-1
1
262.8
147.6
0.00238632
37.2
-43.4743
-1
1
210
480
0.00207773
37.2
120.331
-1
1
254.4
146.4
0.00291113
37.2
-21.3093
-1
1
144
435.6
0.00144377
37.2
98.5308
-1
1
126
156
0.00152922
37.2
35.2812
-1
1
164.4
169.2
0.00139821
37.2
175.629
-1
2
236.16
478.08
0.00175666
44.64
-42.7974
-1
2
208.8
480.96
0.00236328
44.64
120.239
-1
2
254.88
145.44
0.00295356
44.64
122.721
-1
2
262.08
148.32
0.00270093
44.64
123.155
-1
2
260.64
155.52
0.00315543
44.64
-93.2656
-1
2
230.4
515.52
0.00163125
44.64
32.0378
-1
2
162.72
165.6
0.00152789
44.64
-90.524
-1
3
229.824
516.672
0.00138457
53.568
-45.7479
-1
3
209.088
480.384
0.0013524
53.568
-176.634
-1
3
236.736
476.928
0.00178306
53.568
-85.1672
-1
3
222.912
520.128
0.000753317
53.568
-66.9107
-1
4
308.966
505.958
0.000668118
64.2816
-45.4374
-1
4
207.36
481.075
0.00185843
64.2816
-159.578
-1
4
236.39
474.854
0.00135377
64.2816
111.801
-1
4
304.819
429.235
0.00050016
64.2816
165.791
-1
4
284.083
242.611
0.000553598
64.2816
95
64
187
223
126
79
255
63
223
144
191
85
61
203
174
121
100
253
229
247
60
191
118
126
177
118
107
247
231
122
255
91
215
115
242
109
156
223
210
113
250
253
247
223
106
63
208
250
212
77
141
189
22
13
248
191
143
79
56
246
120
30
247
222
46
185
124
43
239
221
250
127
255
253
221
252
94
159
93
254
219
230
187
212
219
106
254
249
206
190
253
255
182
179
239
219
127
255
243
103
69
251
222
243
249
124
252
125
213
62
85
166
237
107
191
173
223
203
219
31
157
93
236
228
123
251
223
14
43
246
207
234
202
203
250
209
222
132
59
251
41
184
18
166
239
251
201
146
56
234
13
209
111
56
99
213
187
107
199
107
183
51
241
148
157
195
83
245
237
118
50
78
104
61
23
156
84
176
223
237
86
53
157
197
244
235
144
237
168
29
93
89
114
178
219
217
218
254
55
115
93
222
23
255
61
216
63
200
38
223
239
214
60
111
14
185
228
59
111
207
179
59
83
105
118
123
242
37
188
251
82
117
242
245
114
202
185
127
187
30
209
126
221
172
94
133
104
63
181
73
144
242
57
159
93
84
34
187
72
206
206
139
203
221
134
133
61
255
46
139
152
191
127
239
9
83
185
172
200
211
223
56
57
69
25
52
189
195
23
23
245
97
91
97
115
197
45
32
54
85
108
63
23
158
124
177
29
200
94
36
151
79
140
174
154
236
42
60
69
73
16
242
20
233
208
158
40
205
24
6
106
228
45
140
20
230
191
250
239
210
32
98
135
37
67
35
201
215
177
127
3
170
151
99
215
36
85
186
2
88
235
126
48
92
60
39
245
20
245
111
153
172
24
5
240
29
156
73
16
243
51
189
88
87
32
250
218
216
154
191
47
220
220
131
30
235
41
202
146
198
124
255
125
215
36
67
142
53
230
123
13
215
179
111
83
43
183
123
199
164
85
186
83
124
233
246
114
94
100
105
215
22
245
111
153
172
24
5
244
29
189
73
16
242
51
189
89
87
34
251
7
34
1
32
12
40
4
16
64
4
210
97
72
19
0
1
64
40
67
208
225
0
1
196
192
56
76
192
40
148
193
192
28
40
66
164
109
8
1
72
108
20
18
139
68
97
182
77
48
164
137
10
226
28
90
17
46
19
23
176
40
211
100
72
26
218
207
237
62
255
248
246
124
191
94
221
223
117
217
232
235
221
187
107
228
37
207
123
111
222
36
183
95
71
51
255
247
100
93
186
118
122
233
116
91
92
58
46
213
150
247
111
153
172
24
5
240
29
156
73
16
242
51
189
88
87
34
250
141
206
86
97
249
249
163
240
57
125
78
79
142
125
201
161
227
221
157
42
236
76
174
120
107
126
25
178
252
67
59
95
247
227
93
113
117
243
253
182
213
84
74
22
77
131
250
177
137
93
92
53
221
231
143
109
22
220
166
140
196
15
33
188
84
169
223
152
0
91
20
102
195
160
125
180
85
183
159
234
251
128
98
99
7
129
228
135
217
85
149
169
33
142
18
104
213
4
69
186
28
112
233
124
48
93
177
39
181
52
245
110
155
172
137
195
176
29
20
89
68
242
19
249
88
87
96
254
7
132
0
40
137
64
37
8
32
0
168
96
0
11
4
5
201
44
33
80
192
34
144
96
68
221
193
97
144
2
33
65
156
48
81
160
49
0
41
104
96
28
56
169
212
81
180
77
24
174
24
4
240
29
220
1
24
146
55
188
24
87
32
72
193
14
2
163
201
64
162
133
8
97
10
7
128
183
203
160
11
2
129
0
72
129
175
32
66
200
24
1
130
10
11
23
177
129
81
48
49
194
13
4
192
20
8
146
68
6
72
128
9
76
88
52
149
15
128
170
18
104
37
52
8
70
50
72
145
223
94
79
255
81
219
176
59
157
61
203
190
121
101
253
231
247
60
191
68
238
165
112
107
119
121
122
253
75
215
63
250
101
28
219
82
113
251
245
243
95
106
63
217
150
216
125
141
189
86
5
248
191
143
79
16
244
48
31
84
93
36
185
7
4
0
32
13
32
5
8
32
2
168
96
0
11
4
5
137
44
33
80
224
34
16
98
68
213
193
97
16
32
1
65
141
16
209
160
49
0
41
104
96
8
58
161
212
81
180
77
24
174
24
0
240
24
220
1
56
146
55
180
8
215
36
72
72
202
206
139
203
213
134
133
61
254
40
137
152
190
63
239
11
114
185
44
72
211
222
56
25
197
25
36
189
195
23
23
245
193
83
97
113
209
45
32
54
85
108
63
23
158
124
176
29
201
94
36
151
79
134
174
146
236
43
28
69
76
16
242
195
200
138
3
201
202
130
132
24
161
46
234
178
146
110
168
1
19
52
149
201
133
235
65
99
65
25
38
131
3
131
66
157
129
80
96
51
73
172
162
242
62
40
33
145
31
118
161
81
202
24
4
213
69
249
170
18
233
166
52
0
113
16
75
64
14
130
139
201
208
130
133
61
249
46
15
144
179
43
175
11
18
185
140
72
129
207
32
67
65
25
32
145
3
3
7
181
129
81
97
113
193
45
32
32
20
40
55
21
132
120
176
25
200
94
37
149
79
152
170
146
104
41
52
76
64
16
242
195
12
138
131
203
210
130
132
57
251
46
202
186
179
35
170
9
19
57
149
73
213
239
32
67
65
153
38
209
3
131
19
189
33
81
97
115
73
44
160
112
20
40
61
149
28
82
177
29
200
26
5
213
77
216
234
18
237
167
52
4
112
16
202
72
206
198
139
203
221
134
133
61
252
40
137
152
190
63
239
11
115
185
44
72
209
222
56
25
197
25
36
185
202
19
7
245
129
83
113
113
209
45
40
38
85
108
55
21
158
124
176
29
12
94
36
151
79
132
174
144
236
41
60
77
78
48
240
141
206
116
97
233
253
167
208
57
125
42
79
158
125
236
237
227
253
173
104
252
68
26
248
99
125
25
178
252
71
59
87
219
227
93
81
81
243
253
190
119
84
74
55
85
135
254
177
137
85
20
36
221
199
143
109
30
220
166
172
214
95
32
188
218
217
154
222
54
67
92
199
23
235
41
136
23
196
118
251
239
214
52
111
14
185
229
43
79
223
179
43
83
43
54
121
210
38
53
251
82
117
226
245
114
206
60
107
191
28
245
126
217
172
86
5
232
31
180
73
145
242
57
63
93
84
33
178
209
93
16
84
232
10
126
98
10
75
99
91
134
225
196
152
246
199
61
101
78
173
160
122
207
218
235
79
210
8
224
41
82
39
92
223
0
54
215
212
211
206
152
207
235
26
237
30
129
165
16
52
104
127
143
203
209
254
49
191
92
86
51
185
211
221
210
118
253
138
95
10
42
97
45
251
174
203
132
29
239
199
60
87
142
47
226
107
102
223
243
127
83
41
192
111
151
183
52
155
194
29
250
247
99
250
169
235
185
24
253
47
193
182
16
81
116
240
188
235
89
191
242
191
24
117
181
251
70
1
144
190
8
128
12
7
2
34
1
0
144
194
166
19
108
3
32
192
139
37
67
11
196
147
179
111
2
40
161
96
23
180
21
170
1
104
99
70
32
72
52
105
213
20
245
111
17
172
24
5
100
24
60
73
16
179
19
181
24
83
32
226
29
216
206
237
255
249
255
248
61
153
220
255
174
93
239
233
171
221
185
123
228
125
202
123
39
255
83
55
127
71
55
255
223
227
189
216
119
251
249
53
115
255
251
63
221
149
255
107
141
191
31
133
249
167
158
76
114
214
191
239
209
79
166
223
81
45
147
30
0
78
28
231
67
228
121
144
82
230
143
186
239
2
32
103
14
169
229
131
217
215
183
104
3
138
146
104
211
36
101
186
16
108
235
124
48
92
189
43
191
20
245
110
155
172
89
133
176
29
20
73
136
242
49
249
88
85
32
234
169
254
247
73
217
255
167
120
253
213
238
237
239
125
220
173
255
173
255
107
244
111
122
245
241
127
93
246
109
215
195
231
207
75
227
52
149
152
253
44
125
29
58
167
245
115
63
227
184
216
169
120
244
237
202
85
63
222
215
167
242
215
237
90
116
237
255
156
32
95
92
231
75
230
125
156
87
166
223
234
251
128
96
103
31
161
228
131
221
215
181
105
65
142
26
105
193
4
69
186
94
112
235
124
50
92
185
47
183
22
245
110
155
172
31
135
240
29
20
73
128
242
57
249
88
84
96
250
203
204
142
139
203
223
150
133
61
251
60
138
154
174
111
238
13
83
57
173
200
211
239
56
57
85
25
54
253
83
183
55
245
97
89
97
83
69
172
34
114
221
108
63
23
158
126
177
157
200
30
5
223
109
136
174
218
237
43
60
85
89
16
226
66
202
130
139
201
200
130
133
40
240
2
141
48
178
107
171
73
18
161
144
72
129
111
32
67
65
24
32
131
2
3
22
189
160
83
32
49
66
173
32
162
20
8
16
85
150
106
160
153
76
92
36
149
79
193
170
146
224
165
52
8
64
18
73
92
51
215
213
216
35
238
246
2
168
202
21
84
228
163
242
246
222
193
102
206
169
164
179
202
10
226
204
208
68
184
127
123
39
116
187
16
246
21
212
146
66
156
6
104
14
201
206
141
44
88
85
114
30
149
73
129
250
35
190
88
6
35
241
248
200
238
223
239
253
219
252
157
255
127
221
191
252
127
238
251
212
125
107
254
187
231
60
41
239
179
58
223
211
55
191
253
37
61
251
86
119
249
246
211
221
253
62
219
30
249
63
159
173
94
133
248
31
149
77
208
246
57
253
93
30
34
191
68
46
131
137
200
70
166
197
8
244
10
21
16
55
155
160
9
73
169
36
64
129
206
0
94
197
24
37
164
138
19
95
181
211
81
0
52
210
45
14
37
52
8
176
13
136
124
160
88
12
237
184
151
66
160
170
68
76
0
36
64
69
16
246
210
233
154
222
34
75
92
135
91
161
45
156
22
246
238
250
239
147
56
47
15
189
231
3
187
199
243
125
67
235
150
40
151
55
101
251
66
95
250
124
114
255
189
99
191
30
245
174
213
170
59
215
240
93
176
207
81
255
57
125
89
116
147
250
250
221
154
223
98
71
220
135
31
227
61
158
18
198
183
254
255
211
56
79
14
189
231
3
191
199
178
111
67
233
150
43
231
39
53
251
146
125
238
118
114
235
229
107
191
28
245
190
221
168
122
213
248
91
180
203
209
251
121
123
93
116
147
251
219
217
154
222
55
115
93
158
55
235
61
200
62
200
38
251
239
214
52
111
14
189
228
59
111
207
179
59
83
43
54
123
242
36
60
251
82
117
242
245
114
202
189
127
159
28
213
126
221
172
94
5
232
31
180
73
145
242
57
63
93
84
34
187
250
217
219
254
55
115
89
254
23
255
117
152
63
202
182
255
255
214
60
111
14
185
228
59
45
139
227
63
83
105
126
123
241
37
188
251
82
117
243
245
242
203
255
125
186
30
209
126
223
173
94
133
232
63
180
77
208
242
57
223
93
28
50
179
196
202
222
217
34
219
222
55
59
251
7
202
158
180
126
203
205
211
60
175
134
117
234
251
105
87
187
126
93
79
151
102
215
19
124
105
82
255
254
114
240
254
104
63
151
28
117
107
157
233
62
5
253
93
159
206
17
255
50
253
89
121
1
250
194
206
130
139
201
218
130
133
40
225
44
136
48
178
111
171
9
18
41
148
73
129
111
32
67
65
25
36
131
2
3
18
189
129
81
32
113
64
45
34
162
30
40
49
21
158
122
160
25
200
94
36
149
79
192
170
18
232
165
52
24
80
18
75
29
254
254
233
255
249
247
248
63
217
254
255
238
30
237
253
253
255
253
155
245
85
138
249
227
127
121
247
124
87
255
191
159
211
253
101
119
223
253
53
121
157
238
55
93
135
126
243
238
223
173
253
254
229
235
253
118
156
254
239
211
251
221
158
157
254
95
105
253
185
247
248
59
157
236
251
206
31
196
121
229
239
189
59
229
69
10
249
227
127
121
246
252
71
227
55
223
211
189
101
127
153
253
53
127
157
106
55
221
161
126
241
172
223
45
247
253
231
202
239
126
156
190
207
210
251
245
158
251
216
166
223
239
229
223
180
63
253
89
207
158
236
115
255
255
215
125
239
252
175
231
60
77
127
191
62
211
87
255
63
243
37
125
251
82
127
232
244
83
94
56
62
223
20
223
125
137
172
94
5
248
31
156
73
144
242
51
189
92
87
34
186
209
55
147
20
216
98
34
246
66
96
105
21
70
197
131
48
103
207
129
70
78
169
165
146
202
75
226
204
128
4
226
125
250
7
84
190
17
176
69
196
82
64
24
134
232
26
195
78
136
164
88
49
240
30
20
65
0
250
3
176
88
70
33
120
133
214
80
252
153
104
108
78
48
121
232
249
6
235
196
185
227
220
165
99
197
168
168
58
70
139
227
107
219
9
33
111
211
166
116
186
49
240
225
244
211
94
58
7
248
19
253
79
137
164
88
4
224
30
159
73
16
242
51
189
88
86
35
249
46
38
33
161
0
228
163
197
205
206
74
85
81
6
217
228
137
40
195
67
241
50
126
212
93
140
12
131
66
210
59
218
37
136
79
160
189
170
201
12
73
52
20
160
70
99
34
105
58
44
168
11
211
5
60
80
38
194
67
160
170
223
104
106
52
235
253
152
32
95
4
103
223
176
254
188
93
183
223
234
251
128
99
170
213
227
101
151
217
117
149
168
105
142
146
232
221
44
71
190
94
16
233
124
120
29
49
39
85
244
53
110
187
172
143
11
176
29
144
93
4
242
11
253
120
83
96
218
194
1
154
150
65
2
92
7
67
163
33
138
50
194
6
26
111
3
48
151
11
173
99
3
198
195
243
111
3
40
130
32
151
39
52
187
2
108
102
244
96
106
52
105
187
28
245
174
81
170
24
87
96
88
52
203
17
251
49
57
28
116
145
235
131
201
8
63
1
200
220
136
11
129
47
206
160
70
76
56
13
3
36
211
6
36
129
66
97
215
209
106
18
34
131
17
146
148
81
0
35
8
234
33
96
60
57
97
181
17
180
47
211
138
17
7
252
5
120
224
17
147
52
49
16
115
132
74
238
254
238
229
254
221
223
129
191
255
58
127
159
126
242
253
249
251
254
187
253
223
62
120
247
223
63
115
221
251
255
182
103
251
78
71
255
247
255
191
91
92
98
253
223
78
254
177
237
221
22
251
205
231
143
251
214
221
244
47
254
125
56
188
251
222
238
223
238
213
223
144
63
255
57
203
158
253
115
191
253
247
60
239
252
175
247
124
127
127
191
62
223
23
247
55
243
45
125
249
218
125
232
253
115
92
56
191
223
16
221
125
137
173
94
5
248
31
156
73
144
243
51
189
92
87
32
186
131
205
8
126
33
216
212
8
11
129
173
202
162
92
76
59
133
35
36
211
134
46
1
66
97
87
209
106
19
34
131
80
154
148
81
8
3
8
234
35
98
60
40
97
181
83
182
47
129
203
48
5
252
5
232
32
17
211
180
167
16
115
133
74
250
12
166
151
239
207
223
181
29
253
95
71
191
236
123
166
239
213
117
227
220
171
231
62
121
223
182
46
210
147
59
127
199
37
117
250
82
123
233
116
81
92
56
46
205
20
253
111
137
172
90
5
248
31
156
73
16
242
51
189
88
23
32
250
251
223
126
207
254
247
223
240
191
223
125
219
159
120
125
253
255
215
124
47
124
186
165
124
111
255
191
63
223
123
247
63
242
101
125
255
246
117
249
245
243
94
123
62
223
150
216
124
141
189
94
5
248
191
157
77
208
246
59
159
95
79
34
179
33
4
40
1
201
200
163
236
152
36
222
7
224
45
75
164
201
41
147
208
240
3
159
196
112
125
29
166
192
23
75
87
237
8
65
8
30
131
237
10
57
20
12
162
69
115
190
33
187
76
9
45
149
93
72
65
110
0
175
160
130
131
104
76
19
44
147
150
8
200
24
6
83
232
11
149
18
230
140
186
239
194
160
35
196
40
230
11
201
139
162
11
3
43
57
111
85
164
117
178
55
230
235
116
80
92
41
43
238
22
229
110
153
164
90
7
228
29
28
73
144
242
51
185
88
86
34
254
250
223
126
255
255
247
255
241
191
223
120
221
63
76
253
253
251
213
127
111
245
58
181
62
125
255
191
63
223
127
127
191
224
101
63
251
246
117
249
117
115
206
251
63
223
150
252
126
141
181
86
133
234
190
142
77
208
246
123
223
95
79
34
183
223
251
219
255
254
123
253
254
218
185
255
251
239
214
206
249
251
215
189
111
239
141
230
127
175
223
243
255
223
107
118
127
215
165
125
255
118
253
249
117
115
222
251
127
255
151
253
255
205
189
94
149
248
183
159
105
208
254
59
255
92
95
49
190
235
221
237
90
39
255
85
27
175
231
61
202
191
253
116
111
157
247
118
251
182
118
208
103
81
247
213
62
59
243
87
233
139
94
195
12
202
8
250
107
126
191
229
229
181
120
181
47
182
154
161
75
254
173
250
150
57
183
242
255
179
249
205
218
84
53
247
213
24
39
232
247
83
252
66
21
69
227
153
66
242
205
193
98
223
173
196
155
218
42
162
204
72
140
248
255
99
19
52
187
20
254
19
84
144
102
153
134
106
134
193
207
137
44
121
243
112
30
29
73
77
250
91
219
90
38
35
245
249
204
174
215
235
207
219
253
157
253
95
221
59
236
123
238
239
213
125
99
220
171
239
62
123
255
187
46
211
211
63
127
247
37
117
251
86
115
233
254
209
221
253
62
221
22
253
127
157
172
95
133
248
31
156
73
208
242
59
249
93
31
32
254
255
221
206
255
255
253
249
180
61
253
127
255
190
254
238
238
169
223
60
255
63
159
239
57
43
255
187
63
255
123
126
191
241
247
61
211
215
247
255
191
211
253
239
126
251
143
255
176
205
215
119
181
221
231
183
238
241
253
233
127
221
61
147
191
158
154
94
231
255
184
250
152
62
217
118
255
141
27
233
241
98
215
157
107
204
33
238
120
41
138
40
63
94
105
49
63
247
228
92
146
119
251
169
183
211
94
74
30
208
134
217
19
153
189
28
37
252
133
157
105
16
242
50
172
88
31
34
253
7
38
4
32
12
34
6
18
96
0
4
97
72
55
0
1
105
40
3
208
225
2
81
196
192
60
140
192
40
20
129
64
157
40
65
180
91
8
41
108
108
16
24
171
196
113
182
77
56
164
8
8
240
28
24
9
62
179
23
180
8
83
100
74
193
222
222
105
252
250
247
240
56
189
108
203
142
125
70
41
239
237
189
43
236
109
106
248
107
127
63
246
253
67
99
119
223
227
221
113
119
189
253
183
127
126
106
191
221
113
255
241
184
220
24
49
213
239
156
239
127
156
183
175
214
215
21
254
218
249
154
255
35
67
216
135
87
226
29
188
50
198
183
250
255
147
48
79
15
157
231
3
191
195
242
109
67
235
182
43
199
53
53
219
210
125
234
118
50
203
245
105
191
28
245
62
223
170
58
215
248
25
180
235
209
243
121
121
93
61
147
243
20
34
4
0
6
35
5
50
132
4
210
48
73
15
16
2
216
40
67
208
241
2
193
199
88
56
140
192
32
148
193
200
77
56
67
174
13
8
1
72
108
17
21
135
68
97
166
77
58
164
137
8
242
24
88
17
46
35
19
176
40
147
100
74
210
241
154
62
1
66
92
143
67
131
53
250
50
194
134
26
111
3
48
215
11
141
231
3
198
195
243
111
67
40
162
32
151
53
36
223
2
109
98
118
114
202
181
105
191
28
149
46
209
174
58
215
96
24
52
235
145
179
49
121
28
117
147
235
218
233
155
62
3
75
92
143
211
130
61
184
50
166
166
218
175
19
48
215
15
157
231
7
255
199
242
45
67
168
150
40
151
60
37
223
10
77
234
116
50
219
181
105
191
28
181
46
215
170
59
215
240
29
116
203
208
243
57
121
57
117
211
234
158
216
154
191
63
194
222
133
26
235
41
233
146
66
167
123
109
211
52
195
199
61
231
91
165
223
243
111
83
107
183
119
215
164
93
187
115
125
233
119
114
94
124
105
215
20
247
127
153
172
24
5
244
21
188
73
16
243
51
189
88
87
50
251
152
218
238
229
63
253
249
246
189
191
222
221
223
61
122
237
235
221
191
107
228
87
239
127
109
222
52
150
127
71
55
255
215
100
93
184
118
123
233
116
217
93
122
62
213
135
247
107
153
189
30
5
240
29
158
77
16
242
51
189
88
95
34
254
133
6
0
3
201
192
162
205
8
33
10
103
160
55
203
160
67
0
129
0
201
129
47
8
66
8
8
3
130
10
11
22
61
129
81
48
49
130
13
134
193
20
8
146
68
3
106
145
9
76
88
36
213
14
136
168
18
104
165
36
8
6
34
72
197
6
2
43
201
192
162
141
8
161
170
47
176
22
171
161
11
8
129
144
201
129
15
8
66
77
24
35
129
6
3
86
189
129
65
48
49
128
45
38
32
20
8
50
69
213
58
177
25
76
88
36
149
79
192
168
18
232
165
36
12
67
48
64
86
32
144
54
8
130
14
7
66
170
33
32
128
194
130
18
111
3
32
195
139
37
67
75
196
223
243
111
2
40
161
98
23
180
21
186
41
40
97
86
96
72
48
105
247
20
183
111
153
172
24
7
224
24
60
73
16
179
19
177
24
87
32
98
158
251
223
255
118
123
253
254
219
153
253
251
239
215
222
248
251
215
63
111
103
45
230
127
175
223
243
255
95
107
246
255
215
101
125
255
126
125
249
117
115
222
251
127
255
151
253
127
141
191
95
135
248
191
159
77
208
246
59
255
93
95
38
255
86
33
208
62
8
202
30
7
66
162
57
148
148
230
143
114
239
131
32
227
143
45
195
11
221
223
243
111
2
170
179
110
151
164
69
186
10
120
233
126
32
92
61
105
245
20
245
111
153
172
24
7
240
29
28
73
24
243
51
185
88
87
32
234
5
132
16
40
9
96
38
68
32
0
168
1
0
13
4
17
237
40
129
208
192
32
16
66
68
93
193
96
16
6
161
65
157
16
81
168
49
32
168
96
96
28
56
163
212
81
246
78
152
172
24
5
240
29
88
65
26
147
55
180
24
83
36
72
114
49
145
190
19
66
93
15
198
0
245
176
51
130
150
94
63
7
34
85
2
143
227
7
156
211
247
45
3
184
198
168
134
45
39
158
138
12
234
93
32
200
181
233
191
24
181
110
83
166
169
219
32
24
116
147
96
179
113
249
57
85
185
74
149
244
213
252
57
42
125
94
48
121
232
249
102
99
132
25
227
206
165
99
229
40
160
123
206
143
227
251
219
41
225
111
247
165
124
186
55
240
241
245
83
78
58
15
248
19
223
79
137
164
88
5
224
30
157
73
152
242
55
189
88
86
35
249
193
222
246
109
252
244
231
240
57
253
108
203
142
125
71
45
239
239
191
171
252
79
63
249
235
127
63
246
253
71
227
247
255
227
249
117
119
189
253
167
127
94
106
191
221
113
255
243
168
221
24
49
253
239
136
237
127
156
183
167
214
247
21
190
253
251
255
223
54
123
223
254
223
221
253
251
239
95
222
251
251
215
124
127
117
109
231
255
173
255
243
191
127
107
118
255
223
101
253
255
222
125
249
117
115
222
251
63
255
151
253
127
159
191
95
135
248
191
158
77
208
246
59
223
93
95
38
255
22
32
144
54
8
194
28
7
66
170
217
52
240
102
131
50
239
3
33
211
199
45
195
79
204
223
242
239
66
174
163
110
151
164
69
190
59
40
233
118
96
76
49
105
213
21
183
111
153
174
24
3
240
29
60
73
0
243
51
185
24
87
32
234
22
176
144
62
25
128
158
13
66
170
249
249
224
66
135
26
239
131
33
211
193
45
67
75
196
223
243
239
66
44
161
102
215
164
93
190
59
56
233
118
96
74
56
105
215
21
183
127
153
174
24
7
224
20
60
105
16
243
147
177
24
87
32
98
30
252
154
255
63
226
254
5
90
251
41
249
178
66
173
121
239
215
33
211
197
45
71
91
229
223
243
239
83
107
183
119
215
164
93
187
123
124
233
117
98
94
122
105
215
21
247
127
217
172
24
5
240
21
188
105
16
243
51
189
88
87
50
243
136
158
239
233
63
255
240
127
189
249
222
205
31
52
126
237
203
221
185
107
228
87
238
123
109
222
16
134
125
67
51
238
215
32
213
176
119
122
233
116
216
93
122
62
213
135
247
107
185
173
28
5
240
29
159
73
16
242
55
189
90
87
38
250
149
178
215
117
188
160
189
124
112
185
232
249
238
99
130
17
227
204
165
99
229
41
239
123
204
139
227
255
91
45
225
111
247
165
124
186
119
184
249
245
87
94
59
47
232
17
219
79
136
164
88
5
240
30
156
73
30
242
55
191
88
87
32
252
8
202
205
232
127
251
178
127
60
248
78
205
15
53
126
173
201
221
233
107
228
97
238
115
105
223
24
166
125
67
51
234
223
32
81
176
87
122
233
116
248
93
58
63
213
151
247
107
153
172
28
5
240
29
159
73
16
242
51
189
88
87
38
250
254
251
223
255
118
251
255
188
223
255
125
249
63
158
254
251
251
215
125
127
237
121
231
191
169
255
251
191
127
123
119
239
223
101
253
247
95
127
249
245
115
223
251
63
223
151
253
127
159
191
95
135
248
191
159
77
212
246
59
223
93
95
38
255
209
222
246
205
252
245
183
240
57
253
110
203
206
125
219
173
255
239
253
43
253
77
31
249
235
127
125
246
253
71
227
247
255
241
217
117
245
189
252
45
125
28
106
183
253
49
254
241
168
221
24
185
253
239
136
237
127
157
183
167
214
247
5
254
8
138
204
168
60
251
38
118
56
52
78
197
142
53
126
137
201
221
97
105
228
101
74
243
73
127
29
182
124
3
51
227
223
96
209
184
83
122
233
116
124
156
58
39
213
53
247
111
153
172
24
4
240
29
158
73
16
242
51
189
88
87
36
250
253
237
251
117
248
238
243
200
137
229
207
222
215
125
218
254
227
253
63
103
174
173
226
112
125
254
188
175
82
35
115
191
151
37
117
219
18
251
237
254
217
92
56
38
241
26
253
55
157
172
57
37
240
31
157
97
112
254
49
189
88
87
51
250
254
251
239
255
118
255
223
188
253
255
255
249
127
190
254
255
251
213
125
127
237
113
230
61
45
255
187
191
127
123
119
171
213
109
213
251
254
123
249
245
114
223
251
63
215
151
245
126
159
189
31
133
248
189
159
77
208
246
59
255
89
95
38
254
189
254
247
197
252
255
191
240
57
253
206
79
206
125
219
173
189
237
255
43
244
77
62
248
235
127
61
246
252
87
243
247
223
241
217
113
253
187
252
47
125
28
107
183
253
163
255
113
172
221
141
123
245
239
155
197
102
223
214
167
242
223
13
254
254
169
199
255
223
203
87
44
252
33
213
121
127
235
134
200
235
21
59
118
111
235
238
63
46
203
186
63
251
153
54
173
221
111
20
219
78
117
119
126
55
235
221
75
217
29
253
146
95
164
95
132
65
62
148
171
200
252
41
185
28
71
178
253
213
51
119
213
252
179
175
248
250
249
194
123
199
85
195
65
235
197
175
38
204
45
134
250
206
222
179
47
220
14
51
127
87
39
93
187
84
244
237
117
117
76
26
62
237
132
217
95
136
173
24
37
240
190
156
73
16
250
51
159
92
71
33
186
