posters/Movie Poster 82.jpg
512 : 820
153
-60.5844
-1
1
177.6
181.2
0.000999965
37.2
-127.349
-1
1
130.8
232.8
0.00126383
37.2
-106.113
-1
1
273.6
166.8
0.00124147
37.2
-106.746
-1
1
187.2
169.2
0.00114769
37.2
45.2795
-1
1
202.8
406.8
0.00105825
37.2
-126.548
-1
1
129.6
237.6
0.00176114
37.2
65.4278
-1
1
242.4
500.4
0.00108517
37.2
167.386
-1
1
314.4
499.2
0.00110529
37.2
140.988
-1
1
142.8
378
0.00119452
37.2
-18.7052
-1
1
338.4
168
0.00104419
37.2
102.529
-1
1
390
375.6
0.00103571
37.2
149.421
-1
1
156
373.2
0.00110255
37.2
-178.55
-1
1
241.2
618
0.00116794
37.2
35.1709
-1
1
182.4
416.4
0.00100525
37.2
-174.049
-1
1
283.2
586.8
0.00115159
37.2
59.9314
-1
1
150
418.8
0.00130064
37.2
92.4896
-1
1
223.2
421.2
0.00104611
37.2
-117.065
-1
1
123.6
230.4
0.00104617
37.2
-143.531
-1
1
159.6
242.4
0.0010012
37.2
-113.199
-1
1
267.6
134.4
0.0010776
37.2
-43.7982
-1
1
385.2
248.4
0.00112964
37.2
1.00509
-1
1
337.2
429.6
0.00149488
37.2
94.0856
-1
1
205.2
430.8
0.00103957
37.2
-71.565
-1
1
208.8
198
0.00103326
37.2
76.079
-1
1
246
436.8
0.00112833
37.2
126.87
-1
1
334.8
196.8
0.001071
37.2
74.9407
-1
1
170.4
446.4
0.00142479
37.2
175.292
-1
1
127.2
308.4
0.00121679
37.2
138.094
-1
2
336.96
197.28
0.00112524
44.64
-155.943
-1
2
338.4
538.56
0.000915302
44.64
-154.767
-1
2
286.56
512.64
0.000846468
44.64
-52.5073
-1
2
211.68
508.32
0.000842426
44.64
115.787
-1
2
205.92
488.16
0.000798431
44.64
-56.3099
-1
2
184.32
493.92
0.000959743
44.64
52.2597
-1
2
266.4
480.96
0.000794208
44.64
-8.31028
-1
2
190.08
498.24
0.000888505
44.64
172.418
-1
2
313.92
499.68
0.000947621
44.64
47.8864
-1
2
203.04
406.08
0.00111411
44.64
65.2249
-1
2
241.92
499.68
0.000858981
44.64
61.0399
-1
2
151.2
419.04
0.00113155
44.64
-172.523
-1
2
273.6
586.08
0.000889096
44.64
-172.504
-1
2
282.24
586.08
0.00106837
44.64
66.9256
-1
2
237.6
499.68
0.000861092
44.64
-85.9555
-1
2
182.88
184.32
0.000807516
44.64
38.837
-1
2
339.84
152.64
0.00077911
44.64
41.6542
-1
2
197.28
400.32
0.00083568
44.64
4.94597
-1
2
338.4
430.56
0.000886574
44.64
122.347
-1
2
298.08
627.84
0.000870963
44.64
19.8552
-1
2
331.2
423.36
0.000807435
44.64
-155.4
-1
2
286.56
632.16
0.000864697
44.64
109.103
-1
2
326.88
632.16
0.000898355
44.64
-91.1178
-1
2
354.24
465.12
0.000803396
44.64
-83.2902
-1
2
361.44
472.32
0.000864092
44.64
99.4623
-1
2
335.52
640.8
0.00081906
44.64
93.8655
-1
2
205.92
430.56
0.000942924
44.64
-116.338
-1
2
275.04
148.32
0.00112501
44.64
-14.8683
-1
2
338.4
168.48
0.000937241
44.64
-50.4862
-1
2
253.44
152.64
0.000959868
44.64
-71.1753
-1
2
257.76
393.12
0.00101403
44.64
-92.7792
-1
2
185.76
169.92
0.000970647
44.64
-23.7495
-1
2
185.76
159.84
0.000855058
44.64
39.8056
-1
2
208.8
197.28
0.000866467
44.64
-172.185
-1
2
280.8
588.96
0.000845856
44.64
-25.6022
-1
2
249.12
388.8
0.000944797
44.64
-71.565
-1
2
204.48
184.32
0.000839248
44.64
-103.173
-1
2
273.6
167.04
0.00091164
44.64
70.0398
-1
2
177.12
440.64
0.000911577
44.64
-61.1892
-1
2
177.12
181.44
0.000822448
44.64
134.569
-1
2
155.52
372.96
0.000792769
44.64
-113.671
-1
2
201.6
162.72
0.00108097
44.64
-164.854
-1
2
200.16
473.76
0.000774938
44.64
-129.321
-1
2
332.64
544.32
0.000765548
44.64
90.7441
-1
2
221.76
606.24
0.00077103
44.64
107.987
-1
2
191.52
452.16
0.000776205
44.64
84.3693
-1
2
158.4
597.6
0.000763975
44.64
-28.287
-1
2
203.04
250.56
0.000764383
44.64
46.8882
-1
3
186.624
414.72
0.00115083
53.568
110.746
-1
3
203.904
489.024
0.000820123
53.568
46.8368
-1
3
184.896
407.808
0.00108586
53.568
-49.2588
-1
3
184.896
494.208
0.000931052
53.568
26.0033
-1
3
336.96
432
0.00098226
53.568
-21.0375
-1
3
190.08
497.664
0.000900246
53.568
138.193
-1
3
336.96
196.992
0.000999255
53.568
-61.8214
-1
3
181.44
184.896
0.000866831
53.568
-54.6518
-1
3
176.256
183.168
0.00106555
53.568
46.9902
-1
3
202.176
406.08
0.00108767
53.568
-64.7989
-1
3
205.632
457.92
0.000914738
53.568
75.4464
-1
3
288.576
454.464
0.000817467
53.568
79.7386
-1
3
210.816
418.176
0.000989206
53.568
-151.39
-1
3
202.176
454.464
0.000754798
53.568
-154.734
-1
3
338.688
539.136
0.00106101
53.568
-58.8912
-1
3
255.744
393.984
0.000947128
53.568
84.0355
-1
3
205.632
430.272
0.000817454
53.568
-109.556
-1
3
305.856
540.864
0.000855851
53.568
114.914
-1
3
326.592
634.176
0.000951893
53.568
-163.457
-1
3
285.12
632.448
0.00073508
53.568
125.754
-1
3
297.216
628.992
0.000861697
53.568
68.6631
-1
3
177.984
440.64
0.000751164
53.568
-174.251
-1
3
273.024
587.52
0.000858467
53.568
-108.838
-1
3
262.656
400.896
0.00118625
53.568
114.605
-1
3
231.552
613.44
0.000802675
53.568
165.18
-1
3
279.936
609.984
0.000792223
53.568
-79.0662
-1
3
184.896
171.072
0.000680004
53.568
23.0089
-1
3
330.048
423.36
0.000703676
53.568
11.4337
-1
3
243.648
387.072
0.000715354
53.568
-66.5953
-1
3
231.552
471.744
0.000682076
53.568
173.814
-1
3
314.496
501.12
0.000687858
53.568
-62.6294
-1
3
207.36
516.672
0.000703913
53.568
-77.6192
-1
3
276.48
267.84
0.000703771
53.568
-173.475
-1
3
281.664
587.52
0.000685692
53.568
46.4144
-1
3
196.992
400.896
0.000731619
53.568
-132.722
-1
3
328.32
540.864
0.000687179
53.568
-54.1623
-1
3
216
461.376
0.000718776
53.568
98.5777
-1
3
333.504
641.088
0.000722291
53.568
-179.421
-1
3
266.112
615.168
0.000670286
53.568
76.9209
-1
3
288.576
461.376
0.000671796
53.568
166.961
-1
3
279.936
445.824
0.00067922
53.568
154.983
-1
3
286.848
485.568
0.000671034
53.568
35.3401
-1
3
200.448
442.368
0.000676688
53.568
-64.3119
-1
4
250.906
580.608
0.000684908
64.2816
-124.992
-1
4
263.347
400.205
0.00110243
64.2816
43.6678
-1
4
203.213
402.278
0.00125356
64.2816
86.257
-1
4
273.715
470.707
0.000779293
64.2816
42.546
-1
4
209.434
400.205
0.000839579
64.2816
-141.766
-1
4
261.274
404.352
0.000828418
64.2816
-45.3794
-1
4
211.507
510.106
0.000755861
64.2816
-52.0013
-1
4
215.654
462.413
0.000754737
64.2816
85.6894
-1
4
219.802
605.491
0.000758886
64.2816
64.6538
-1
4
238.464
605.491
0.000951329
64.2816
65.2565
-1
4
209.434
416.794
0.000749887
64.2816
-39.0939
-1
4
205.286
456.192
0.00107119
64.2816
168.644
-1
4
279.936
609.638
0.00086267
64.2816
65.1484
-1
4
252.979
423.014
0.000765728
64.2816
118.46
-1
4
230.17
613.786
0.000702018
64.2816
83.5584
-1
4
213.581
427.162
0.000731614
64.2816
25.3014
-1
4
215.654
447.898
0.000687708
64.2816
162.255
-1
4
277.862
445.824
0.000788464
64.2816
-117.61
-1
4
304.819
539.136
0.000889099
64.2816
110.772
-1
4
308.966
226.022
0.000797962
64.2816
110.323
-1
4
203.213
489.37
0.000767886
64.2816
21.3369
-1
4
246.758
607.565
0.000611057
64.2816
58.0312
-1
4
261.274
489.37
0.000617392
64.2816
-66.4253
-1
4
213.581
466.56
0.000662414
64.2816
66.9087
-1
4
205.286
429.235
0.000678246
64.2816
-179.767
-1
4
271.642
586.829
0.000629951
64.2816
-41.0091
-1
4
275.789
265.421
0.000676214
64.2816
-134.256
-1
4
244.685
466.56
0.000680733
64.2816
-16.4153
-1
4
203.213
248.832
0.000640696
64.2816
59.0362
-1
4
261.274
483.149
0.000677759
64.2816
-55.008
-1
4
230.17
468.634
0.000632502
64.2816
-126.119
-1
5
243.855
465.316
0.000798744
77.1379
76.373
-1
5
253.809
423.014
0.000752969
77.1379
65.0097
-1
5
261.274
490.199
0.000554629
77.1379
153
64
40
142
130
235
203
213
162
141
29
249
2
239
178
30
43
109
139
49
233
155
221
55
219
125
81
94
24
38
22
211
27
198
143
130
75
48
113
218
237
34
105
117
100
36
85
85
63
243
189
200
184
45
215
5
216
240
19
234
246
165
131
123
168
78
198
234
199
197
254
221
219
152
189
253
23
255
207
251
242
201
137
117
124
59
205
77
238
121
111
215
25
55
190
251
23
31
215
237
127
219
122
253
255
55
117
125
106
63
157
28
253
179
221
188
152
161
213
247
156
238
88
254
178
63
216
93
52
254
99
5
166
17
201
134
130
5
37
197
4
70
154
105
35
5
140
43
32
151
218
47
90
99
82
114
20
102
32
144
137
3
143
59
3
0
145
8
126
10
100
32
44
227
129
120
51
163
17
200
24
9
181
72
88
130
59
3
114
177
130
241
136
74
219
222
175
197
238
255
211
240
63
245
94
207
223
189
126
172
237
253
61
111
190
13
186
121
127
255
25
126
253
87
94
63
151
243
121
89
214
255
254
186
209
189
235
55
157
26
124
177
205
217
135
189
221
231
171
230
113
220
240
111
215
221
20
254
189
86
111
193
254
181
213
248
182
247
156
86
207
125
176
101
240
245
95
107
248
68
188
249
110
254
36
90
252
31
121
127
250
102
20
218
82
113
21
214
86
66
24
158
208
160
192
133
9
45
22
5
120
24
142
77
24
244
49
156
216
22
34
184
199
170
207
199
254
216
219
168
249
245
23
255
143
127
210
72
137
85
60
51
205
69
202
105
111
247
153
55
190
43
23
31
151
229
93
155
126
249
255
63
117
125
233
45
221
24
253
51
223
188
25
167
213
229
156
238
120
246
178
61
216
221
52
254
197
137
154
125
105
194
250
196
25
171
73
207
130
198
135
42
167
139
184
75
143
175
195
91
65
74
178
110
65
37
163
102
247
183
101
59
19
173
250
118
122
110
169
110
255
93
191
59
153
202
56
119
245
93
188
200
17
251
179
191
120
119
179
239
5
14
147
165
8
134
168
67
8
252
66
5
192
97
153
0
234
73
129
98
196
45
202
91
77
152
38
199
64
4
49
79
87
48
125
184
48
254
233
36
225
84
56
142
107
4
211
107
153
172
56
5
240
29
156
73
0
194
19
165
72
71
33
242
227
7
167
19
193
134
7
9
167
69
3
66
139
233
48
5
230
117
36
39
26
47
210
101
94
242
29
46
50
24
88
9
6
47
66
154
128
8
95
204
69
96
60
163
137
88
253
135
16
132
144
8
115
24
156
227
57
62
112
61
74
213
28
250
197
142
223
77
232
214
187
232
185
255
6
207
130
59
203
168
139
109
184
43
236
101
206
121
121
247
25
118
44
43
3
95
215
209
121
33
53
153
252
42
117
60
107
181
183
24
253
115
155
216
57
55
213
229
188
238
124
206
182
237
194
215
49
254
193
14
17
183
217
40
35
201
136
104
106
23
161
71
203
161
226
68
133
66
204
168
140
56
78
136
34
3
146
8
41
95
113
167
124
59
49
242
133
198
135
84
8
146
104
134
200
145
136
37
80
52
70
30
141
105
128
104
129
172
76
70
35
52
35
5
9
138
192
158
7
1
231
70
9
0
145
47
61
21
199
119
0
36
2
119
145
101
88
212
45
44
18
168
24
9
22
4
211
138
0
72
6
72
36
192
60
169
21
92
244
14
19
136
16
4
34
1
124
187
25
34
58
57
64
209
88
226
88
41
155
58
16
99
100
238
209
162
222
180
113
134
139
234
219
4
243
82
175
157
207
143
207
200
214
141
67
137
42
238
205
142
37
254
29
174
79
86
56
117
245
96
31
61
39
234
251
104
235
210
181
29
116
80
196
168
143
251
9
36
195
70
21
15
85
176
200
238
160
114
32
116
82
23
204
113
217
0
236
201
33
98
228
44
136
243
74
124
49
236
232
6
51
91
82
38
85
186
85
112
109
76
244
20
24
143
69
0
246
199
137
44
25
4
240
29
140
73
8
112
19
181
72
7
32
248
70
36
201
139
217
134
134
141
166
202
32
58
129
3
179
85
203
87
33
100
73
135
218
96
76
209
61
45
146
8
51
10
215
4
151
171
16
120
37
116
32
66
60
169
85
92
213
21
25
172
24
5
176
25
156
75
24
176
51
189
88
87
48
242
21
39
48
52
0
206
42
101
64
4
219
20
80
101
0
34
245
10
67
192
241
32
65
131
216
44
228
204
0
134
233
192
74
24
65
174
141
42
192
72
12
16
21
163
228
113
167
110
187
166
9
75
242
29
24
65
46
115
19
177
40
242
104
74
243
52
209
54
31
36
27
13
226
33
81
115
174
43
6
86
126
163
38
209
121
231
115
102
144
187
244
187
170
184
229
224
143
44
4
182
175
8
32
77
76
74
63
137
193
113
147
77
56
166
137
11
118
8
88
193
46
179
215
145
58
215
44
75
239
238
239
199
254
221
219
184
253
253
86
255
191
123
254
236
171
245
252
59
253
95
250
125
123
255
31
55
255
251
87
255
215
237
127
83
254
223
255
191
209
253
235
63
153
62
253
177
237
223
157
175
221
231
159
238
116
222
246
111
255
221
58
255
5
6
173
136
0
158
38
115
33
70
143
4
192
53
25
33
133
105
195
100
144
117
90
195
92
100
12
196
32
132
9
65
223
16
211
8
0
170
76
10
52
48
24
165
117
248
101
107
19
8
169
56
177
93
88
24
57
74
27
165
64
211
77
234
185
220
239
205
55
253
221
255
255
213
255
217
255
189
126
239
191
244
126
123
190
94
246
253
189
255
247
58
125
119
86
191
221
252
251
92
222
255
250
179
251
255
235
63
191
183
125
187
255
219
255
255
252
167
247
124
249
215
252
111
247
221
143
223
3
7
129
130
65
142
7
11
167
68
15
64
145
63
52
21
197
119
0
36
130
39
218
99
88
212
12
12
50
136
24
9
151
38
82
130
0
72
15
74
36
145
44
225
21
92
117
135
81
0
145
12
54
1
174
171
57
114
50
189
64
85
20
250
204
11
199
213
232
213
250
240
57
253
87
95
222
245
219
226
171
217
252
111
94
173
230
250
43
127
151
182
236
67
55
31
115
115
117
121
84
255
254
23
213
53
233
54
239
174
217
51
141
137
127
247
223
255
156
206
69
93
49
79
77
45
1
254
250
249
75
191
255
91
218
172
223
171
253
190
189
230
111
250
243
151
88
214
79
243
135
54
161
198
250
61
195
251
255
186
250
44
71
247
95
83
201
245
250
223
213
44
213
31
165
110
159
174
155
7
250
29
221
217
80
243
61
185
61
94
242
217
68
42
145
148
0
74
34
230
73
164
74
21
80
167
219
162
139
72
129
32
141
137
78
138
205
72
140
129
0
140
27
79
113
147
117
170
12
226
199
14
164
52
129
34
46
134
109
224
19
96
109
242
147
95
49
10
196
72
9
96
72
4
97
230
153
254
94
111
57
113
240
146
123
189
100
251
46
59
230
251
110
246
189
43
229
236
237
126
233
63
115
179
127
67
243
119
243
99
60
244
119
221
249
244
215
94
58
62
218
23
90
237
169
237
126
21
252
15
143
77
30
244
39
141
92
87
35
187
39
166
160
10
9
220
132
1
99
98
130
100
248
119
41
5
201
43
98
144
245
117
91
199
209
116
81
231
32
158
193
66
143
218
195
6
185
136
235
42
108
21
32
161
85
113
183
107
178
238
137
74
182
5
88
81
46
67
214
165
162
243
236
74
255
253
255
244
255
191
95
27
182
111
145
254
223
204
54
93
252
247
62
117
238
87
146
127
174
222
255
127
210
123
118
233
215
61
159
191
202
125
253
117
112
200
126
109
221
92
245
127
221
164
24
5
226
125
158
75
16
182
51
191
124
221
56
250
97
5
163
145
201
135
135
107
133
229
131
66
243
232
51
6
198
49
99
87
186
39
218
199
86
234
156
46
0
148
104
139
79
47
66
27
144
40
100
74
16
96
52
170
193
120
145
135
25
136
152
9
115
24
28
83
57
114
115
185
130
215
8
106
52
38
177
42
0
204
164
71
195
128
198
52
240
22
137
82
219
2
227
146
213
53
91
199
213
85
84
237
34
158
131
194
143
138
67
166
189
136
233
76
44
21
36
161
5
117
55
111
186
236
169
75
182
5
120
81
46
3
214
225
42
99
237
78
38
167
109
138
23
223
133
123
231
70
158
180
121
62
253
197
203
116
67
176
213
114
209
231
93
245
5
13
50
222
25
72
204
44
199
154
74
122
233
60
52
85
52
47
21
244
116
110
147
172
153
12
178
29
220
89
56
226
58
189
89
223
108
250
252
254
239
221
191
221
221
253
255
255
253
187
255
254
255
238
251
149
123
251
255
255
255
191
63
127
247
59
127
223
119
254
239
46
71
254
222
125
249
126
122
95
229
63
223
246
189
127
191
173
159
141
242
29
157
93
16
246
251
253
255
223
42
255
225
220
117
126
253
46
127
120
188
125
109
219
47
125
204
173
227
245
29
96
254
234
184
62
111
239
167
63
255
27
121
109
242
231
124
251
194
247
245
255
215
254
138
223
216
26
236
19
129
53
86
44
105
190
135
13
184
252
97
190
222
70
39
189
208
41
147
55
200
74
122
238
74
161
223
55
242
198
203
178
127
131
60
71
15
141
175
136
207
223
251
235
194
175
162
62
64
167
101
127
8
167
239
94
17
84
161
114
175
12
45
180
205
196
103
243
221
126
36
227
193
120
129
121
12
37
145
174
250
24
171
227
254
245
250
165
92
255
94
93
27
134
123
246
123
214
89
107
204
25
239
61
63
200
46
7
87
211
63
254
101
167
63
115
119
119
237
246
209
85
214
62
75
134
73
241
223
45
94
133
254
151
164
121
208
240
43
252
95
14
50
180
196
234
146
117
233
154
174
200
40
59
139
107
226
119
204
136
233
139
191
214
207
47
10
217
195
95
251
239
132
143
163
22
223
187
79
55
89
191
237
102
233
92
32
191
253
123
191
19
169
207
24
99
245
237
223
235
86
223
151
165
120
119
177
30
47
213
104
250
63
177
95
25
53
123
189
170
189
74
36
95
145
255
60
219
233
242
145
122
36
215
243
59
95
115
117
241
194
188
158
235
243
121
176
113
114
203
127
125
214
149
214
95
30
191
22
5
106
177
254
121
144
179
255
159
95
218
190
179
5
46
179
165
56
226
170
247
24
216
194
85
192
65
137
0
234
205
131
98
196
45
198
219
77
154
50
199
68
6
33
95
87
33
125
184
52
250
233
36
225
84
58
134
233
4
211
111
152
172
56
5
240
29
156
73
6
218
19
165
72
71
33
242
143
214
111
209
254
149
213
208
54
247
189
90
223
125
177
117
224
244
15
107
218
100
188
123
110
190
39
91
252
31
121
127
242
102
20
218
82
113
49
222
86
66
72
30
208
132
192
151
137
45
20
5
120
24
142
77
24
246
49
156
88
22
34
185
213
201
154
125
105
194
254
196
25
171
197
255
130
198
135
26
169
11
184
219
143
175
199
91
101
94
242
111
65
47
167
118
223
177
109
123
51
189
234
119
120
126
169
106
191
29
191
59
217
234
56
119
245
93
188
226
83
251
183
251
60
119
179
239
81
39
49
20
64
134
42
99
66
38
211
4
208
229
16
18
244
11
66
196
209
37
65
199
216
32
228
204
0
148
201
64
74
28
65
174
136
40
192
72
44
0
21
131
228
112
167
79
147
174
9
75
242
25
88
81
14
115
19
177
40
242
104
104
230
206
27
219
219
86
135
137
142
127
40
142
145
206
255
125
195
247
61
70
76
151
152
120
94
213
59
45
151
10
50
59
226
7
223
251
82
124
237
116
98
94
48
61
85
158
244
245
157
173
16
5
243
61
140
195
16
248
49
61
92
87
58
176
70
6
19
139
217
22
134
137
166
202
40
10
129
67
179
21
203
87
33
102
72
135
154
96
78
213
61
45
146
10
51
26
87
6
87
187
16
120
109
100
32
64
56
169
85
92
212
213
24
172
24
5
177
25
140
203
16
232
51
189
92
87
48
242
85
137
154
125
33
194
254
230
25
171
205
191
162
198
135
58
43
11
184
75
143
175
199
27
77
75
242
111
65
45
163
110
223
177
37
123
23
189
234
127
122
110
169
106
191
25
191
59
217
234
58
247
245
93
188
226
83
251
191
251
184
119
179
230
197
132
203
161
217
194
243
72
57
225
68
254
130
55
134
8
137
77
185
35
200
101
202
105
109
214
25
55
124
43
3
79
151
209
145
67
53
217
253
54
101
188
42
225
245
24
125
51
91
220
57
53
213
229
252
174
88
142
182
169
136
87
53
222
133
236
238
9
202
221
133
244
59
253
158
207
218
60
107
236
201
57
179
162
253
87
94
225
127
117
29
102
237
95
91
119
157
202
193
104
126
243
237
56
112
29
110
39
85
114
116
225
191
204
137
45
145
93
72
67
62
196
174
45
210
217
108
206
197
14
61
209
202
157
0
113
42
117
174
78
210
240
120
224
228
217
7
98
206
164
138
243
79
10
164
110
192
15
17
123
243
38
84
186
82
114
225
214
210
20
24
14
208
6
193
135
153
45
16
4
240
29
141
73
16
242
51
188
88
86
34
249
220
75
207
213
234
215
250
243
57
255
123
223
222
245
219
234
131
217
252
47
30
253
166
251
43
126
151
182
236
67
54
31
115
83
125
105
86
255
254
182
85
125
233
126
175
142
249
179
143
201
53
247
223
255
156
206
69
93
112
79
69
61
1
190
197
206
103
237
248
172
163
200
184
253
234
223
193
121
221
169
162
93
159
111
204
169
142
120
109
202
12
39
221
7
59
31
243
167
124
251
82
251
237
182
211
126
24
30
208
158
200
17
137
45
84
37
217
255
141
104
16
236
51
188
92
70
50
185
193
207
130
213
232
198
234
225
9
253
2
207
146
245
219
170
170
73
189
47
206
173
238
219
75
94
31
38
4
3
51
23
247
35
125
49
81
255
255
166
209
124
168
126
171
14
89
179
137
73
124
117
213
79
141
202
81
204
50
37
68
101
19
190
122
32
42
186
7
22
30
131
199
170
153
162
185
142
49
86
221
51
98
212
185
215
81
70
208
117
253
109
2
254
231
242
203
60
135
166
251
8
32
104
40
72
53
169
215
113
182
109
59
238
152
11
182
25
120
209
42
179
151
177
59
211
104
66
196
14
163
161
217
102
170
223
188
251
130
71
195
133
243
133
139
93
191
99
200
135
190
120
79
222
28
39
208
7
51
94
85
33
94
187
82
246
173
52
208
84
26
174
195
84
208
241
25
44
24
5
209
31
140
72
144
240
35
189
76
87
32
186
250
217
154
223
54
213
216
167
95
251
29
220
183
198
255
250
255
215
60
47
142
61
231
63
173
195
246
127
87
235
182
58
247
165
61
223
82
127
234
247
210
223
229
124
187
30
217
62
223
173
94
133
248
21
181
235
208
243
56
127
93
93
50
191
242
217
154
223
39
215
220
135
95
239
61
218
190
238
55
254
255
211
52
191
142
191
231
47
189
199
247
111
83
187
214
59
247
44
29
223
90
125
234
254
114
202
229
105
151
28
245
63
221
172
26
5
248
25
180
107
145
243
56
61
93
85
50
250
136
202
231
225
255
253
161
249
61
253
226
223
219
184
254
237
130
221
237
107
236
21
238
121
111
139
9
166
127
71
51
223
247
227
124
56
119
255
237
180
215
127
122
30
217
135
123
243
156
189
28
5
211
189
159
72
16
246
51
188
89
95
38
253
122
249
203
127
247
123
219
138
223
138
253
190
191
206
111
252
247
183
90
214
110
183
135
119
167
198
226
29
211
251
254
186
234
44
199
247
251
123
203
253
218
95
213
104
213
127
165
111
191
174
26
5
250
61
220
209
80
242
63
191
57
222
186
217
152
202
158
205
163
221
216
182
63
247
55
206
158
184
127
174
157
218
108
171
156
86
230
249
107
119
145
122
117
195
150
55
223
80
243
64
211
205
234
107
240
29
109
55
191
52
255
177
223
203
191
181
254
205
152
124
51
211
50
109
241
249
4
255
197
174
223
109
224
222
243
224
57
221
70
207
130
55
203
168
139
9
185
47
228
109
78
249
121
255
25
246
108
35
35
31
151
209
121
65
53
155
252
40
117
60
171
245
191
136
125
115
223
216
41
247
213
231
188
238
111
206
22
237
194
215
81
254
199
141
202
41
129
192
167
137
61
217
4
207
154
175
39
14
137
57
177
55
104
87
210
97
117
213
25
37
120
82
10
1
151
82
81
160
55
73
109
40
100
53
62
225
21
17
127
225
123
136
57
44
209
69
248
172
58
140
55
249
3
211
24
74
137
222
207
232
54
247
252
54
113
255
124
203
206
53
38
11
13
239
185
171
164
117
106
251
233
119
19
246
125
97
247
231
215
210
185
33
127
220
248
33
126
175
235
125
183
149
119
235
126
216
44
215
245
229
250
220
63
151
214
199
211
251
205
254
143
206
238
101
239
220
209
136
189
245
126
207
155
59
126
236
137
253
189
59
236
222
186
120
127
255
29
115
253
243
23
31
151
249
105
64
247
219
248
186
247
189
106
245
221
18
252
177
237
217
143
189
221
199
171
164
55
212
244
45
215
221
28
222
188
238
111
233
166
253
161
241
189
221
254
223
223
61
125
236
221
249
255
253
117
86
188
241
249
125
29
244
109
214
254
185
204
104
75
228
255
91
253
56
255
157
126
183
85
183
118
228
175
153
143
140
250
77
139
93
126
212
111
237
211
219
108
218
39
55
96
32
157
168
44
73
33
66
131
98
172
107
160
21
128
41
6
208
243
102
17
98
84
16
208
89
50
60
169
64
14
92
222
142
129
8
16
3
140
128
28
193
225
65
230
15
16
246
16
14
98
0
91
9
58
3
214
167
42
179
236
74
71
198
27
171
217
82
135
137
166
202
32
10
129
74
163
29
203
247
41
70
72
135
158
104
70
213
57
45
146
10
35
27
210
4
223
187
112
120
109
116
32
72
56
41
85
92
244
245
152
172
24
5
176
25
140
203
16
248
51
157
92
87
48
178
236
15
230
93
33
119
101
247
181
252
196
141
91
189
179
207
137
185
251
111
57
207
118
183
83
127
156
180
105
214
50
134
205
27
35
237
213
188
125
124
124
61
58
183
127
233
47
224
61
168
254
185
211
126
154
92
246
236
111
221
235
199
9
250
76
34
131
161
216
245
170
197
9
250
2
21
209
6
187
195
139
93
137
10
201
177
94
152
9
193
30
165
0
73
63
222
101
144
223
33
53
252
109
2
32
37
102
52
39
132
9
49
30
76
44
119
151
253
60
250
134
72
11
133
79
11
121
246
5
5
130
19
136
132
192
7
33
229
0
206
146
235
35
15
12
43
33
227
158
111
90
67
82
50
22
102
32
144
131
67
135
146
3
0
145
136
126
10
36
32
44
225
17
120
51
163
89
200
40
125
181
72
88
162
59
3
82
161
130
241
201
74
222
219
255
213
255
183
220
219
182
251
177
250
207
209
52
93
244
213
126
127
206
93
128
123
174
215
243
127
214
61
52
250
210
44
158
159
90
125
179
119
112
74
121
63
217
12
213
31
221
189
16
133
120
189
159
91
16
246
51
159
88
85
32
186
40
142
130
35
201
217
162
201
45
249
130
239
176
30
235
165
139
49
169
11
221
23
219
125
81
92
25
38
22
195
11
70
143
130
75
48
49
203
237
34
105
117
102
37
85
85
63
179
188
200
56
60
215
133
232
160
18
200
182
165
131
123
185
78
99
7
1
146
65
14
7
11
231
68
9
2
177
237
52
23
230
119
36
100
2
47
145
103
90
214
13
12
18
136
24
9
146
39
82
154
0
72
6
72
36
98
28
233
5
92
101
143
64
32
16
4
35
24
12
139
9
50
16
49
0
84
16
106
136
218
206
201
175
117
212
181
61
191
124
142
158
252
123
237
205
216
121
234
30
223
239
56
107
125
23
50
253
71
191
182
253
238
251
73
87
245
254
35
55
125
238
62
31
188
127
177
223
217
246
181
159
231
128
252
211
197
232
79
213
105
5
182
18
153
147
247
92
234
234
54
89
152
90
71
130
70
11
57
127
79
185
135
196
45
75
203
235
95
114
230
30
99
163
198
87
179
249
49
61
140
254
37
97
116
163
107
239
21
63
251
248
210
56
243
245
229
60
234
71
155
150
227
0
101
149
102
51
213
157
154
7
95
21
63
199
196
29
128
61
62
61
222
255
214
96
185
150
50
193
167
217
245
245
76
51
154
212
105
220
44
81
190
74
72
234
120
48
219
60
47
149
52
117
110
147
168
155
13
176
25
148
73
48
242
58
189
89
87
38
250
203
214
8
42
239
186
10
9
22
59
16
235
162
74
36
29
108
147
61
212
192
39
139
121
66
219
251
46
215
35
163
98
223
173
92
49
115
76
236
96
98
78
56
9
209
93
182
95
157
206
24
4
228
37
222
235
19
243
183
149
16
83
146
43
251
241
236
126
255
190
95
24
230
7
181
250
175
203
54
93
126
247
126
247
127
255
19
118
166
247
255
63
251
58
230
161
222
109
158
223
203
61
250
119
124
202
183
249
209
121
181
63
244
182
144
67
232
176
222
247
121
183
113
159
188
247
188
251
65
9
147
148
72
74
2
102
10
36
6
71
210
245
26
32
237
65
0
38
196
45
74
195
203
86
156
78
128
138
18
71
87
39
81
184
16
74
207
76
80
20
8
38
205
12
229
239
145
36
9
4
241
93
24
75
17
122
19
189
72
21
0
250
131
14
129
131
201
200
131
13
174
65
2
71
187
127
106
181
239
183
33
112
196
7
218
112
83
222
24
47
182
138
3
79
151
37
83
154
81
90
237
14
229
84
8
167
197
68
253
37
153
164
24
4
246
7
156
73
16
112
50
189
64
87
32
90
149
23
182
213
232
149
132
241
2
101
59
82
198
85
18
0
237
193
37
226
223
44
131
210
206
95
177
106
144
12
177
127
87
36
84
154
82
120
233
86
112
80
56
175
197
4
213
15
153
172
24
5
112
29
156
73
16
114
49
157
88
87
32
250
218
121
147
119
202
72
124
238
90
169
255
63
114
198
203
250
127
130
54
215
15
168
167
142
143
223
243
235
195
239
246
62
96
175
101
255
62
231
234
94
57
92
229
123
175
31
175
180
207
198
119
247
220
31
52
227
197
57
173
123
61
36
145
166
21
38
23
17
200
144
132
240
10
32
131
2
192
85
201
0
239
193
35
98
207
36
0
210
206
92
181
104
128
14
129
82
82
36
85
154
80
48
225
70
48
80
24
46
197
36
148
15
153
172
16
5
112
29
157
73
0
114
19
181
72
23
32
250
170
216
202
239
255
245
250
149
60
251
94
221
27
86
123
253
233
220
29
234
204
57
175
56
47
139
42
7
223
83
63
255
117
231
159
113
119
119
237
183
211
253
94
94
210
135
203
115
157
125
94
5
255
183
157
105
208
244
43
190
95
30
50
181
221
207
207
245
120
254
250
242
57
255
126
223
142
241
216
170
139
221
189
47
142
77
238
123
111
223
31
182
125
67
50
127
247
195
125
81
119
255
255
182
215
252
235
119
187
142
127
179
207
217
119
245
221
231
175
238
215
220
42
207
197
61
17
190
239
214
104
251
255
179
222
153
52
123
252
234
188
90
36
93
129
253
61
250
233
112
189
122
38
199
227
55
223
117
53
243
243
236
158
235
251
117
177
241
114
207
122
93
210
151
215
91
30
255
30
5
106
181
223
121
146
247
255
158
223
218
190
177
54
38
161
42
16
204
164
71
193
128
218
52
240
6
137
80
219
0
163
210
197
39
91
199
213
213
85
165
2
190
131
194
135
140
65
158
188
136
233
4
45
21
53
225
69
117
55
107
186
238
169
75
178
5
120
80
46
35
214
225
42
99
236
78
1
142
146
35
137
200
162
204
57
153
134
111
160
63
203
161
139
41
161
11
237
7
95
120
117
221
25
35
78
3
43
23
157
131
105
48
53
155
237
44
105
52
58
162
109
193
63
177
185
72
120
52
213
135
232
32
54
200
175
165
130
7
161
74
41
142
130
35
129
232
162
205
57
153
130
111
176
30
235
165
203
41
163
153
237
7
91
84
113
93
89
166
6
70
171
6
141
3
105
48
49
139
237
44
105
116
58
167
69
97
62
177
184
88
56
60
215
135
200
160
22
200
134
165
2
107
160
74
143
199
127
217
234
149
213
193
62
247
165
202
221
121
245
93
226
244
15
106
206
108
158
114
110
154
167
123
255
13
49
59
242
102
20
154
82
113
177
246
214
90
24
30
208
134
217
23
137
173
20
5
120
29
143
77
16
246
51
157
88
86
34
185
173
188
251
99
221
240
229
216
248
127
238
127
226
95
162
117
75
109
191
83
249
69
58
93
230
255
91
167
254
67
99
247
15
194
157
69
53
157
125
183
105
228
106
241
69
65
63
179
120
222
42
124
221
229
108
225
62
156
231
143
134
159
253
94
88
42
23
225
234
157
166
225
204
191
122
95
209
116
217
224
247
217
239
106
238
63
142
220
157
94
63
238
132
199
179
222
115
195
77
29
85
251
237
14
109
84
225
62
69
174
158
51
175
205
145
97
247
197
141
251
69
92
19
229
196
79
49
180
187
213
233
254
255
54
93
30
182
126
53
250
47
218
38
93
127
247
56
18
224
119
144
127
38
247
243
59
223
121
117
233
135
172
150
246
243
84
115
117
96
203
114
249
213
209
245
79
240
190
24
13
228
48
222
81
48
178
255
159
250
215
188
251
216
233
155
123
98
115
250
167
89
187
116
255
242
242
243
234
95
155
253
143
95
157
239
159
187
75
254
230
205
193
182
254
239
139
44
101
127
223
255
240
218
127
227
126
187
175
27
243
255
203
111
247
221
239
253
254
215
253
239
95
255
57
211
255
36
39
109
138
19
223
5
59
231
70
15
52
49
62
253
197
203
118
65
96
209
114
145
231
89
245
5
13
50
154
25
73
204
4
215
154
64
82
201
92
52
85
60
39
85
244
244
110
147
172
153
12
178
29
220
89
48
98
58
189
88
215
108
250
29
254
223
104
48
115
229
118
49
190
236
249
76
61
143
139
141
232
233
171
245
117
78
251
233
127
81
246
109
69
227
199
223
82
241
32
125
216
124
41
124
63
251
55
55
177
119
235
62
250
47
223
247
109
250
140
111
207
207
199
211
251
205
94
250
217
219
191
255
75
221
139
158
170
189
254
191
206
253
253
247
183
52
22
198
63
144
111
55
198
226
15
211
251
126
250
163
172
199
247
243
127
235
253
90
221
85
104
213
87
165
111
253
174
24
5
250
29
220
209
16
178
127
191
59
220
186
248
82
145
154
158
7
194
94
15
23
234
53
152
53
138
55
94
127
150
48
23
138
179
230
43
204
195
242
109
83
169
244
107
215
164
53
255
50
109
226
115
50
202
165
105
183
28
197
110
219
170
26
5
176
24
180
75
152
178
59
249
25
84
50
227
205
202
195
161
253
112
165
220
189
191
192
203
195
153
179
139
137
124
175
107
232
135
238
56
79
221
29
163
213
5
51
223
213
32
94
251
83
117
45
52
120
70
58
63
219
69
90
241
25
173
94
5
209
159
141
72
144
240
35
157
76
87
32
251
114
180
170
27
15
71
143
139
199
238
184
162
49
138
51
127
245
179
98
146
241
151
85
78
208
101
253
111
2
222
195
242
239
44
135
166
250
8
105
104
106
72
36
169
213
113
183
109
56
238
152
9
182
24
88
81
54
179
215
148
186
210
104
66
205
204
111
237
248
172
251
200
184
253
230
223
195
105
220
233
162
221
159
99
236
168
174
120
111
138
46
39
221
15
57
63
242
97
92
251
82
243
133
182
211
126
24
30
216
22
200
17
137
45
86
37
217
223
141
105
144
252
51
172
92
86
34
185
254
219
255
213
127
55
221
219
182
251
177
218
207
241
116
93
253
213
126
127
198
220
160
123
142
223
243
127
255
125
244
123
210
101
158
191
90
124
243
247
116
74
123
127
217
12
213
79
205
173
20
133
120
61
159
77
16
246
51
159
92
85
32
187
230
206
19
251
249
126
167
203
172
123
40
170
163
222
239
253
227
245
45
70
76
135
152
120
71
221
185
43
151
10
50
91
226
39
87
251
81
118
237
244
98
94
56
61
85
158
244
197
152
173
16
5
209
63
143
203
16
248
49
60
92
86
50
184
130
200
10
107
173
152
222
137
191
171
41
234
162
75
100
29
29
163
52
155
143
119
91
77
113
215
119
111
23
179
131
50
143
154
203
5
251
137
234
35
106
126
96
233
151
121
183
51
251
218
16
97
252
197
248
243
19
211
246
167
176
243
217
11
203
212
140
41
223
178
222
16
56
43
149
234
238
77
36
9
141
105
63
213
233
103
91
249
230
127
251
246
88
53
225
99
223
248
152
45
91
45
236
35
120
142
58
169
213
121
247
59
56
218
24
7
229
253
88
225
63
151
183
183
176
243
220
74
135
206
195
226
93
122
229
78
188
89
174
249
35
219
196
253
235
212
165
99
196
14
172
123
103
223
19
39
215
11
34
95
151
166
92
186
114
116
237
180
99
116
58
111
217
22
117
227
217
188
94
4
240
21
140
73
16
240
35
191
88
87
36
250
173
206
109
97
169
252
225
201
57
93
110
251
146
123
238
236
137
60
173
41
252
116
186
120
119
223
17
179
253
115
3
31
135
210
89
64
181
211
249
62
229
189
106
245
245
19
252
177
233
213
47
60
221
199
235
44
62
204
228
45
198
223
173
222
196
207
130
213
200
202
226
227
25
249
42
207
146
247
201
170
3
73
189
47
207
173
238
219
107
95
27
38
68
11
50
86
243
163
125
113
117
255
239
182
211
52
168
118
139
14
123
179
205
73
124
245
221
79
173
234
87
220
34
101
68
117
17
190
252
250
247
169
218
119
171
245
237
190
208
158
221
165
187
232
251
213
123
110
8
209
206
188
78
221
62
185
255
207
63
254
85
101
95
219
80
247
125
118
61
64
92
62
95
172
120
177
159
45
94
177
195
190
132
93
200
236
41
77
93
79
34
182
93
238
211
125
216
224
168
205
233
185
192
191
228
227
139
120
234
137
171
66
207
45
78
219
198
219
115
255
203
47
171
94
215
211
109
63
53
188
253
118
45
108
232
66
111
221
251
179
232
230
104
247
246
86
60
105
206
206
151
163
60
103
179
55
21
62
179
229
120
234
170
119
88
216
194
117
194
85
137
129
234
205
171
11
197
45
194
211
205
218
48
135
84
6
35
79
87
33
125
184
116
250
233
117
241
84
59
166
237
133
251
111
152
188
56
5
240
29
156
73
6
250
23
173
72
71
37
250
209
206
87
85
232
90
127
240
56
125
110
95
142
253
204
168
231
205
189
107
206
168
172
58
75
239
163
62
253
3
51
127
243
103
116
121
87
243
253
246
215
252
153
55
232
130
253
107
137
165
87
37
248
31
143
73
81
254
51
188
88
70
33
188
223
249
92
117
253
168
126
120
89
59
249
251
238
197
68
26
181
139
63
223
239
238
129
223
197
127
243
254
88
39
229
180
90
249
172
109
111
173
240
227
124
238
187
107
255
57
190
63
234
211
17
227
236
252
123
237
79
159
151
243
188
243
209
14
70
70
19
171
217
18
134
201
166
106
40
42
161
195
171
53
195
215
41
70
72
135
152
120
70
213
185
45
146
10
35
90
83
5
87
187
80
120
109
116
32
64
56
185
85
220
244
245
152
172
24
5
177
29
140
203
16
232
49
189
92
71
48
48
133
79
57
209
232
156
0
65
42
103
171
74
208
112
252
240
230
208
7
98
206
160
34
48
79
135
165
107
130
14
49
59
242
38
84
186
66
114
225
246
210
94
24
15
208
22
209
7
153
173
16
5
112
29
143
73
16
242
51
188
88
86
32
249
122
21
153
154
7
223
21
15
231
102
29
132
61
190
61
222
255
214
0
240
130
115
211
39
216
213
244
76
51
218
223
105
149
44
19
190
74
80
203
120
48
217
60
45
21
148
229
110
147
172
155
12
178
25
148
89
16
242
59
189
89
87
42
242
141
188
219
99
217
249
227
216
248
187
238
127
242
66
233
249
99
191
189
83
229
29
14
93
167
223
123
167
222
67
103
119
63
195
221
113
53
253
237
183
233
117
110
97
109
71
63
243
236
255
40
117
255
165
108
225
22
156
167
175
137
159
245
30
140
142
239
225
249
253
225
253
189
253
230
223
195
217
219
237
194
221
191
107
236
15
238
121
111
139
21
162
253
71
59
223
247
67
116
120
119
255
237
180
219
52
122
22
216
135
91
241
185
189
127
181
209
159
143
72
22
216
39
172
74
23
37
253
251
206
238
250
127
95
85
142
191
125
52
249
63
251
238
222
235
182
61
187
245
207
253
63
115
171
105
51
255
89
112
111
249
239
20
242
119
117
181
252
242
223
104
159
216
147
81
196
221
173
94
140
252
31
143
77
176
244
239
156
218
212
42
253
212
234
85
105
232
188
175
224
232
63
122
91
205
113
221
16
246
205
239
106
238
108
138
252
205
222
63
247
172
135
49
222
243
203
76
13
125
187
253
38
239
126
234
253
85
170
222
19
170
221
20
96
231
229
143
255
71
220
147
135
212
119
113
180
203
81
78
248
55
51
125
26
52
186
252
170
46
200
36
79
201
253
127
223
235
254
177
63
6
127
243
46
91
85
244
241
90
46
150
251
83
125
117
117
122
234
254
111
215
85
87
223
13
239
18
4
104
184
206
69
147
183
255
159
157
178
164
162
92
186
231
253
254
255
238
244
253
190
90
157
93
116
251
232
249
217
251
238
229
121
79
190
141
109
62
182
109
199
183
238
245
107
111
181
127
114
253
116
255
125
247
62
87
167
255
123
189
236
206
71
243
125
157
93
198
238
11
191
91
111
98
246
125
61
245
213
152
237
123
117
223
237
223
53
93
109
219
230
251
212
211
99
191
41
246
190
253
239
182
191
122
159
123
175
71
103
117
254
148
243
249
94
221
212
189
166
239
34
237
62
139
164
127
249
240
31
149
69
232
190
107
235
218
7
41
246
88
233
158
219
34
219
240
167
95
176
95
188
55
182
255
234
159
146
248
143
151
125
231
151
185
67
194
212
109
205
158
226
175
18
99
228
223
91
250
112
178
63
245
100
191
183
35
238
255
234
175
223
182
13
241
220
87
227
111
255
123
121
203
207
231
220
26
47
253
176
223
136
62
239
45
234
162
74
230
125
4
183
60
215
175
183
59
108
97
247
251
127
215
59
231
55
239
157
158
71
179
157
238
251
122
94
110
249
243
91
155
49
221
222
16
37
221
229
252
227
50
159
244
47
188
251
187
139
135
204
124
213
234
141
218
193
42
101
39
78
220
112
252
240
226
209
5
98
206
41
138
122
127
138
166
111
194
143
59
127
247
38
84
154
82
115
233
254
211
94
72
14
208
30
233
15
153
172
24
5
240
29
157
73
16
242
51
189
88
86
34
249
56
58
221
99
252
189
238
113
222
63
90
95
205
87
219
80
127
207
251
42
237
127
203
253
175
222
55
247
126
199
247
238
87
203
205
21
125
189
253
23
109
85
227
117
101
228
191
179
254
221
169
242
230
165
158
253
71
94
222
199
227
59
117
246
142
12
117
213
202
205
218
193
43
101
43
86
223
96
250
244
226
209
5
99
198
41
170
122
127
138
38
79
194
143
59
111
119
167
92
155
82
115
233
222
211
84
76
14
192
30
233
31
153
44
24
5
240
29
157
73
16
242
51
188
88
22
32
248
231
212
216
63
223
98
95
152
62
103
45
234
166
202
166
125
107
247
60
213
107
135
179
108
38
247
251
127
211
59
230
37
131
189
156
215
163
213
111
247
82
202
110
249
249
89
188
53
197
214
18
52
205
226
246
227
248
189
253
31
188
209
190
137
235
221
244
124
253
174
127
64
61
125
109
203
142
233
70
29
166
253
189
99
238
239
186
123
111
170
163
119
255
49
121
111
247
243
60
121
231
255
242
255
215
238
187
223
250
18
221
91
137
165
88
5
108
62
159
45
25
246
115
191
222
86
51
189
9
186
211
103
249
232
247
216
248
185
238
127
230
95
235
241
235
173
187
66
228
47
14
223
231
255
115
167
254
99
99
255
191
195
253
84
53
179
253
55
105
116
250
119
109
227
191
243
232
247
108
119
244
167
221
97
55
158
159
175
176
15
181
92
195
220
130
119
221
168
204
154
60
59
128
107
162
202
38
29
108
191
189
146
205
15
139
123
66
95
115
102
210
3
163
102
223
163
216
49
115
13
236
97
113
94
42
111
221
85
191
211
248
222
24
5
244
173
216
225
19
179
183
183
20
115
148
74
131
218
130
103
253
56
208
154
60
57
182
239
170
91
70
189
102
151
189
155
196
15
171
127
99
138
80
35
255
99
3
119
191
227
120
112
119
223
255
183
211
255
202
86
201
135
217
195
233
87
95
149
221
167
203
235
51
208
182
15
208
61
151
93
191
213
253
254
255
190
93
14
182
127
37
248
31
107
180
93
255
247
60
35
230
127
178
123
62
247
247
127
127
121
117
111
215
228
158
223
226
117
243
127
119
206
110
73
209
16
245
95
213
180
30
5
104
49
159
111
184
246
122
159
218
221
58
251
169
254
247
107
221
251
231
250
220
61
238
123
227
93
201
173
243
173
255
82
245
47
31
223
247
127
85
166
254
87
227
214
239
207
207
20
245
178
253
63
123
116
242
183
93
227
191
227
168
255
141
121
245
167
201
81
102
184
199
167
178
239
173
92
135
140
203
163
221
234
229
206
188
249
174
249
35
219
230
253
235
84
181
35
196
15
238
113
103
207
25
39
251
11
34
111
149
167
84
250
114
245
237
180
115
84
58
99
221
22
125
227
217
188
90
20
241
21
156
105
16
176
39
189
88
85
52
250
115
186
81
118
221
234
103
28
222
49
254
125
167
95
204
177
127
167
191
19
237
43
171
23
195
239
73
175
123
11
195
238
159
175
83
182
127
145
237
247
107
220
162
227
197
115
189
103
168
182
201
8
244
189
218
225
116
186
167
191
186
87
180
92
207
214
174
41
255
176
159
144
56
31
129
202
202
77
38
9
141
109
59
215
249
87
83
221
230
127
255
246
221
20
227
3
223
120
155
13
91
45
232
41
124
10
58
173
213
121
183
51
56
222
8
71
241
253
88
65
63
151
151
151
180
243
206
75
251
217
222
191
95
99
221
154
182
174
61
254
63
238
53
125
127
247
116
115
230
127
181
111
38
247
243
31
251
251
246
251
247
238
151
246
179
101
251
255
122
201
255
104
221
85
245
111
221
174
154
5
252
61
220
89
56
182
251
187
185
221
174
248
125
254
117
173
248
239
187
120
201
108
219
61
205
111
221
244
187
205
250
102
245
41
130
221
221
253
237
253
106
190
127
239
199
117
109
159
156
178
249
127
61
92
253
167
237
187
255
63
174
182
201
235
242
189
28
69
108
191
91
233
250
207
105
246
109
213
238
253
55
179
127
218
53
254
232
169
190
204
165
79
235
253
249
255
251
255
221
59
4
127
243
181
91
69
244
247
219
39
182
251
83
125
117
117
122
235
254
127
95
149
79
255
12
175
30
5
235
188
206
68
147
182
255
159
223
230
163
178
122
145
154
187
7
195
222
135
87
234
17
152
53
194
55
94
253
215
48
210
138
181
199
11
140
193
242
109
83
249
247
107
199
164
149
191
122
109
98
114
48
74
229
105
151
20
209
127
223
172
26
5
176
25
60
89
144
178
59
185
29
87
50
227
63
222
124
233
255
253
243
57
189
85
244
248
191
123
252
253
217
255
127
251
245
114
191
119
55
127
85
127
125
215
215
243
143
74
203
206
247
83
249
61
255
159
255
181
213
243
247
111
191
255
143
13
250
5
219
93
58
215
254
175
243
251
174
223
250
121
154
119
235
75
92
174
218
171
255
63
114
198
203
250
127
146
54
210
111
186
165
14
175
223
243
235
195
239
246
254
96
175
109
255
255
119
234
255
122
221
245
123
238
23
175
124
239
231
87
215
204
31
53
97
199
241
237
123
189
44
145
164
220
250
19
229
248
248
254
233
75
185
123
95
211
84
217
240
191
215
188
79
142
28
174
88
175
223
59
111
150
107
63
62
50
149
253
91
116
255
238
23
161
85
227
116
175
142
252
49
206
157
117
247
191
231
167
235
192
90
144
107
69
13
53
182
212
250
214
69
249
248
250
248
251
185
239
255
230
87
206
185
187
139
254
219
205
143
107
220
227
127
255
255
205
47
227
182
223
249
111
87
211
189
236
247
121
92
35
183
255
123
191
49
169
223
60
51
245
239
154
235
86
223
180
45
252
119
177
222
157
186
215
101
252
224
249
216
248
189
234
127
231
65
131
57
235
237
191
107
236
47
110
253
231
255
119
247
254
99
99
254
127
195
253
21
53
189
253
55
109
108
250
119
239
97
187
179
232
214
104
247
245
230
60
109
125
158
151
175
180
15
181
62
191
189
243
246
127
103
221
30
183
109
25
119
47
206
182
125
255
247
52
51
230
63
240
111
238
222
246
95
90
123
126
111
151
237
159
191
242
124
251
247
65
77
207
106
205
20
245
111
220
180
24
5
242
48
156
65
56
178
115
191
219
93
54
250
229
238
211
251
217
122
33
219
233
121
42
235
35
210
238
237
227
245
173
99
76
141
60
58
71
207
57
35
151
10
58
95
243
39
86
251
80
246
237
244
194
94
58
31
216
22
252
229
200
173
92
20
210
31
143
73
16
248
33
60
92
84
34
249
148
188
235
116
20
234
253
127
217
171
223
247
227
133
130
10
139
77
183
91
183
77
106
223
237
223
23
183
76
39
35
206
79
219
173
79
190
189
255
55
89
236
163
225
175
57
55
251
122
250
43
243
193
245
124
60
207
159
215
235
166
181
221
206
214
184
217
62
221
106
94
14
219
59
252
251
230
198
134
219
251
131
186
149
205
143
107
143
231
215
251
231
203
109
163
102
159
137
132
247
63
189
231
117
120
222
239
105
191
125
191
249
247
230
42
246
237
247
123
235
222
189
191
123
60
49
241
78
135
14
0
35
207
200
130
9
44
33
58
103
154
127
104
181
233
57
37
209
196
7
186
113
87
223
25
39
146
146
35
70
151
169
67
178
123
0
237
12
101
20
56
171
197
85
254
225
137
164
24
4
246
21
136
105
16
240
51
181
8
87
32
74
244
254
179
69
248
252
190
241
202
187
171
251
226
86
206
249
59
171
254
75
253
15
59
220
211
127
255
255
132
175
231
150
207
153
79
23
209
189
236
127
105
92
99
183
253
123
191
49
188
223
40
123
245
239
159
227
70
223
213
165
254
119
249
126
157
254
211
127
249
106
235
200
216
185
194
255
228
87
203
185
171
143
171
74
230
45
14
222
199
223
115
247
207
99
35
94
159
243
125
53
53
190
248
39
237
124
251
114
237
149
191
123
232
183
105
247
247
230
60
233
69
158
151
175
180
79
183
22
208
248
223
31
221
106
94
188
219
171
252
255
230
199
206
251
255
135
254
151
205
231
111
140
227
87
251
255
203
111
227
110
223
141
133
119
62
189
255
247
122
222
231
121
183
123
191
49
247
238
43
243
237
255
124
255
222
189
189
123
188
113
247
78
122
248
208
247
255
232
87
44
222
49
254
249
175
127
76
252
119
179
119
211
239
47
171
117
211
239
225
191
123
243
195
238
159
175
67
54
255
145
249
255
123
221
227
227
221
115
191
39
185
230
201
137
244
141
219
241
106
247
247
187
186
119
180
76
244
250
255
101
248
248
254
241
251
187
239
251
230
55
206
187
247
207
255
107
237
239
107
220
229
95
255
255
239
47
227
246
223
217
237
119
255
189
253
247
123
220
235
183
255
123
191
49
169
223
44
243
252
231
190
239
86
223
151
239
254
115
245
190
