posters/Movie Poster 93.jpg
512 : 671
304
101.03
-1
0
193
535
0.000788765
31
60.2551
-1
0
245
423
0.00094402
31
144.752
-1
0
361
536
0.00182642
31
-160.346
-1
0
308
158
0.000859727
31
149.676
-1
0
254
422
0.00105177
31
14.9083
-1
0
142
537
0.00134161
31
139.764
-1
0
257
421
0.000990099
31
174.508
-1
0
265
438
0.000962579
31
114.146
-1
0
210
537
0.00196655
31
41.0321
-1
0
135
520
0.00220252
31
-84.144
-1
0
265
452
0.00116926
31
138.219
-1
0
374
520
0.00214311
31
-178.568
-1
0
268
439
0.00138747
31
96.0959
-1
0
328
526
0.00122915
31
17.9931
-1
0
144
538
0.00109599
31
172.011
-1
0
270
439
0.000938622
31
56.9486
-1
0
152
527
0.00173656
31
34.6337
-1
0
163
538
0.00128241
31
105.565
-1
0
204
527
0.00180407
31
43.5559
-1
0
165
538
0.00202401
31
77.2756
-1
0
168
538
0.00149502
31
65.3764
-1
0
187
538
0.00132943
31
-169.54
-1
0
273
452
0.00109465
31
111.698
-1
0
208
527
0.00165299
31
70.3798
-1
0
224
527
0.00168531
31
100.784
-1
0
192
538
0.00121689
31
166.933
-1
0
374
538
0.00156796
31
26.1139
-1
0
152
540
0.00250746
31
79.1527
-1
0
218
540
0.0018622
31
169.261
-1
0
374
540
0.00209009
31
129.289
-1
0
235
527
0.00142918
31
50.284
-1
0
261
527
0.00151885
31
21.2505
-1
0
231
430
0.00129078
31
74.6731
-1
0
186
534
0.00134419
31
29.4385
-1
0
152
543
0.00208763
31
82.9621
-1
0
204
543
0.00280054
31
80.9868
-1
0
218
543
0.00149039
31
-149.323
-1
0
374
571
0.00247174
31
-24.9218
-1
0
135
571
0.00224331
31
-158.732
-1
0
374
565
0.00162486
31
-97.2143
-1
0
346
565
0.00194846
31
106.484
-1
0
272
527
0.00157709
31
-101.215
-1
0
341
565
0.00204548
31
52.6421
-1
0
288
527
0.00164944
31
-98.9827
-1
0
317
565
0.00165461
31
-68.0394
-1
0
304
565
0.00165446
31
-112.457
-1
0
257
565
0.00149846
31
-76.7921
-1
0
224
565
0.00177641
31
79.8814
-1
0
299
527
0.00212248
31
21.8014
-1
0
233
443
0.00143707
31
79.7416
-1
0
304
527
0.00198943
31
-89.7047
-1
0
200
565
0.00209822
31
-88.6616
-1
0
195
565
0.00236791
31
159.417
-1
0
330
545
0.00142193
31
-17.8189
-1
0
235
444
0.00099714
31
-78.9591
-1
0
183
565
0.00196368
31
-76.3903
-1
0
180
565
0.00193946
31
-75.4998
-1
0
174
565
0.00219054
31
-179.345
-1
0
374
546
0.00186833
31
28.7398
-1
0
235
430
0.000948315
31
100.424
-1
0
317
527
0.00164431
31
-76.5302
-1
0
170
565
0.00103143
31
-67.4569
-1
0
161
565
0.000971753
31
113.134
-1
0
337
527
0.00177925
31
-62.7004
-1
0
157
565
0.002024
31
-53.9495
-1
0
151
565
0.00196737
31
45.6821
-1
0
183
547
0.000906544
31
-50.8176
-1
0
148
565
0.00157717
31
81.076
-1
0
346
527
0.00164544
31
154.455
-1
0
374
527
0.00164946
31
-34.9118
-1
0
141
565
0.001525
31
-25.1087
-1
0
137
565
0.00181607
31
51.9272
-1
0
152
530
0.00209634
31
158.887
-1
0
374
531
0.00149475
31
-70.5041
-1
0
179
563
0.00341392
31
-73.1197
-1
0
167
563
0.000998648
31
8.50085
-1
0
137
548
0.00209686
31
-67.2703
-1
0
164
563
0.00100147
31
-73.6322
-1
0
185
561
0.00102282
31
-90.6095
-1
0
206
560
0.00154682
31
-35.7425
-1
0
146
560
0.00155195
31
-26.4339
-1
0
143
560
0.00198936
31
-100.911
-1
0
211
559
0.00149122
31
20.8209
-1
0
232
432
0.00119518
31
-99.3874
-1
0
319
558
0.00115499
31
-67.0459
-1
0
167
558
0.00221738
31
-35.8927
-1
0
164
557
0.00343434
31
13.2405
-1
0
141
548
0.00176812
31
37.7857
-1
0
148
548
0.00231162
31
66.0375
-1
0
245
433
0.0011843
31
36.8699
-1
0
152
548
0.00198173
31
176.566
-1
0
374
555
0.00152398
31
132.955
-1
0
341
555
0.00241418
31
137.454
-1
0
254
434
0.00105682
31
47.224
-1
0
144
532
0.00121535
31
21.6951
-1
0
161
548
0.00173745
31
113.671
-1
0
275
555
0.000831702
31
68.8387
-1
0
256
555
0.00186462
31
21.6444
-1
0
165
554
0.00123241
31
60.0512
-1
0
163
532
0.00116585
31
-175.217
-1
0
361
553
0.00159265
31
69.9285
-1
0
165
532
0.00199001
31
32.417
-1
0
142
534
0.0020163
31
128.1
-1
0
274
553
0.000820069
31
139.953
-1
0
237
553
0.00174721
31
142.431
-1
0
211
553
0.00134642
31
149.036
-1
0
257
435
0.000963743
31
-147.529
-1
0
268
450
0.00148447
31
66.8014
-1
0
170
548
0.00172385
31
-26.5651
-1
0
187
209
0.000788878
31
97.5946
-1
0
206
552
0.00150442
31
18.5793
-1
0
146
552
0.00170974
31
82.614
-1
0
168
532
0.00142206
31
-158.908
-1
0
275
455
0.000849087
31
41.3785
-1
0
179
548
0.00179065
31
12.2396
-1
0
143
552
0.0021631
31
85.2364
-1
0
189
551
0.00110244
31
-176.62
-1
0
361
549
0.00191509
31
90
-1
0
200
548
0.00271861
31
168.056
-1
0
270
437
0.0010578
31
91.4144
-1
0
195
548
0.00295961
31
79.484
-1
0
187
532
0.00134121
31
178.025
-1
0
272
437
0.00102256
31
91.8779
-1
0
190
532
0.00208691
31
97.5946
-1
0
192
532
0.00120721
31
-31.7151
-1
0
225
453
0.000826986
31
137.609
-1
0
361
533
0.00172723
31
96.4108
-1
0
191
548
0.00290901
31
-88.8309
-1
0
268
455
0.000618198
31
21.4768
-1
0
242
436
0.000777437
31
21.5103
-1
0
286
553
0.000677936
31
23.4661
-1
0
285
555
0.000630515
31
92.5261
-1
0
277
556
0.000682622
31
58.3392
-1
0
243
418
0.000756606
31
107.835
-1
0
319
537
0.00068244
31
-162.897
-1
0
308
156
0.000783685
31
-167.005
-1
0
226
215
0.00069253
31
-56.3099
-1
0
187
211
0.000787495
31
94.514
-1
0
270
396
0.000663129
31
45
-1
0
162
535
0.000698388
31
179.265
-1
0
275
452
0.000679409
31
16.4769
-1
0
229
430
0.000734671
31
-40.1009
-1
0
243
442
0.000652138
31
79.3461
-1
0
169
535
0.000736976
31
-89.7191
-1
0
191
565
0.000613058
31
16.2038
-1
1
135.6
537.6
0.000321099
37.2
163.61
-1
1
268.8
439.2
0.000888172
37.2
160.615
-1
1
265.2
438
0.000685459
37.2
-164.358
-1
1
274.8
454.8
0.000643962
37.2
136.755
-1
1
376.8
518.4
0.000868099
37.2
14.0362
-1
1
231.6
442.8
0.000605933
37.2
163.301
-1
1
272.4
436.8
0.000429453
37.2
27.5528
-1
1
231.6
433.2
0.000641797
37.2
-68.0255
-1
1
231.6
453.6
0.000452467
37.2
-35.5377
-1
1
243.6
441.6
0.000450078
37.2
-20.7256
-1
1
224.4
452.4
0.000486543
37.2
156.644
-1
1
253.2
438
0.000453585
37.2
-45
-1
1
187.2
208.8
0.000491645
37.2
-178.122
-1
1
274.8
451.2
0.000344955
37.2
94.3987
-1
1
248.4
417.6
0.000330687
37.2
-150.751
-1
1
268.8
450
0.000662731
37.2
-124.592
-1
1
265.2
451.2
0.000518381
37.2
63.3011
-1
1
158.4
528
0.000479135
37.2
137.337
-1
1
253.2
433.2
0.000358959
37.2
149.49
-1
1
256.8
435.6
0.000406789
37.2
43.8983
-1
1
132
518.4
0.000691453
37.2
-50.9469
-1
1
228
454.8
0.000359999
37.2
69.5901
-1
1
246
432
0.000606846
37.2
-8.1301
-1
1
234
445.2
0.000683719
37.2
30.7189
-1
1
235.2
429.6
0.000578246
37.2
72.372
-1
1
184.8
542.4
0.000345458
37.2
70.0169
-1
1
246
436.8
0.000819869
37.2
25.9065
-1
1
231.6
429.6
0.000971945
37.2
25.2777
-1
1
229.2
429.6
0.000469143
37.2
-117.979
-1
1
267.6
454.8
0.000528582
37.2
4.20536
-1
1
226.8
446.4
0.000485328
37.2
48.8141
-1
1
156
535.2
0.00053472
37.2
133.493
-1
1
253.2
422.4
0.000430672
37.2
61.2202
-1
1
217.2
549.6
0.000559895
37.2
76.5514
-1
1
246
422.4
0.000727545
37.2
85.3226
-1
1
196.8
541.2
0.000544498
37.2
34.7213
-1
1
158.4
541.2
0.000573925
37.2
140.572
-1
1
256.8
421.2
0.000493699
37.2
68.9625
-1
1
242.4
420
0.000662182
37.2
49.1028
-1
1
156
532.8
0.000323468
37.2
47.5486
-1
1
135.6
519.6
0.00146609
37.2
174.242
-1
1
361.2
548.4
0.00129294
37.2
80.8584
-1
1
194.4
548.4
0.00250133
37.2
83.4181
-1
1
192
548.4
0.00282568
37.2
48.4833
-1
1
170.4
548.4
0.00118097
37.2
34.5625
-1
1
160.8
548.4
0.00127191
37.2
28.9741
-1
1
151.2
548.4
0.00210115
37.2
12.8608
-1
1
140.4
548.4
0.00162896
37.2
91.6847
-1
1
200.4
547.2
0.0024469
37.2
56.3099
-1
1
183.6
547.2
0.000921464
37.2
56.9519
-1
1
178.8
547.2
0.00103931
37.2
11.3542
-1
1
136.8
547.2
0.00140422
37.2
171.135
-1
1
373.2
546
0.00136932
37.2
152.157
-1
1
330
544.8
0.00124619
37.2
73.0574
-1
1
217.2
542.4
0.00217679
37.2
105.662
-1
1
204
542.4
0.00262484
37.2
24.0574
-1
1
135.6
531.6
0.000345724
37.2
61.5348
-1
1
181.2
541.2
0.000424179
37.2
62.0029
-1
1
174
541.2
0.000392439
37.2
74.3842
-1
1
217.2
540
0.00235831
37.2
28.3612
-1
1
151.2
540
0.00312966
37.2
166.979
-1
1
373.2
538.8
0.00163801
37.2
47.1211
-1
1
165.6
538.8
0.00236648
37.2
75.3987
-1
1
188.4
537.6
0.00225576
37.2
70.4783
-1
1
180
537.6
0.00053792
37.2
77.0054
-1
1
175.2
537.6
0.000665884
37.2
62.488
-1
1
168
537.6
0.00145966
37.2
43.5312
-1
1
163.2
537.6
0.0013668
37.2
101.441
-1
1
319.2
536.4
0.000605916
37.2
82.3789
-1
1
192
536.4
0.00174552
37.2
54.0231
-1
1
163.2
534
0.00196781
37.2
31.373
-1
1
141.6
534
0.00202102
37.2
134.573
-1
1
361.2
532.8
0.0019715
37.2
84.3207
-1
1
190.8
531.6
0.00163995
37.2
-67.3801
-1
1
187.2
211.2
0.00040929
37.2
31.8771
-1
1
136.8
529.2
0.000556303
37.2
82.2209
-1
1
188.4
531.6
0.00207404
37.2
80.0494
-1
1
180
531.6
0.000665
37.2
80.4258
-1
1
175.2
531.6
0.000855258
37.2
71.6668
-1
1
166.8
531.6
0.0018803
37.2
152.628
-1
1
373.2
530.4
0.00166507
37.2
59.0867
-1
1
151.2
529.2
0.00282152
37.2
132.314
-1
1
373.2
519.6
0.00149155
37.2
92.5908
-1
1
196.8
528
0.000442023
37.2
148.506
-1
1
373.2
526.8
0.00187305
37.2
59.6383
-1
1
151.2
526.8
0.00225128
37.2
106.29
-1
1
204
526.8
0.00210146
37.2
104.036
-1
1
207.6
526.8
0.00196803
37.2
91.1504
-1
1
346.8
526.8
0.00180704
37.2
104.631
-1
1
337.2
526.8
0.00176577
37.2
94.2934
-1
1
316.8
526.8
0.00200059
37.2
87.9047
-1
1
304.8
526.8
0.00213131
37.2
77.1799
-1
1
298.8
526.8
0.00277928
37.2
59.4612
-1
1
288
526.8
0.00170614
37.2
96.8212
-1
1
272.4
526.8
0.00151449
37.2
61.5761
-1
1
261.6
526.8
0.00174911
37.2
115.668
-1
1
234
526.8
0.00200014
37.2
79.8753
-1
1
224.4
526.8
0.00207259
37.2
13.7415
-1
1
136.8
541.2
0.00031823
37.2
103.241
-1
1
270
396
0.000318858
37.2
83.6306
-1
1
181.2
528
0.000308824
37.2
79.2285
-1
1
170.4
526.8
0.000310835
37.2
95.1364
-1
2
347.04
527.04
0.00226037
44.64
103.462
-1
2
335.52
527.04
0.0022026
44.64
105.453
-1
2
328.32
527.04
0.00134325
44.64
92.9026
-1
2
316.8
527.04
0.00230918
44.64
89.0037
-1
2
305.28
527.04
0.00271557
44.64
76.1367
-1
2
298.08
527.04
0.00305907
44.64
68.1986
-1
2
288
527.04
0.00216524
44.64
88.8356
-1
2
272.16
527.04
0.00200532
44.64
69.2994
-1
2
262.08
527.04
0.00229973
44.64
107.454
-1
2
233.28
527.04
0.00239218
44.64
97.5494
-1
2
207.36
527.04
0.0034107
44.64
62.0897
-1
2
151.2
527.04
0.00259423
44.64
84.0355
-1
2
246.24
423.36
0.000523921
44.64
87.5202
-1
2
192.96
527.04
0.000780312
44.64
85.5673
-1
2
185.76
527.04
0.000774823
44.64
79.4997
-1
2
169.92
527.04
0.000923924
44.64
71.7251
-1
2
161.28
527.04
0.000995877
44.64
-172.405
-1
2
272.16
452.16
0.000545197
44.64
156.541
-1
2
269.28
436.32
0.000530624
44.64
-9.01932
-1
2
223.2
452.16
0.000255088
44.64
85.6013
-1
2
243.36
419.04
0.00048072
44.64
33.9063
-1
2
230.4
429.12
0.000326748
44.64
80.9605
-1
2
246.24
432
0.000484112
44.64
34.6513
-1
2
231.84
433.44
0.000333086
44.64
65.2249
-1
2
243.36
436.32
0.000396867
44.64
148.707
-1
2
272.16
436.32
0.00028221
44.64
149.931
-1
2
264.96
437.76
0.00033185
44.64
-173.797
-1
2
275.04
453.6
0.000455969
44.64
149.676
-1
2
269.28
440.64
0.000404061
44.64
13.8407
-1
2
230.4
442.08
0.000316583
44.64
5.04245
-1
2
227.52
444.96
0.000283764
44.64
-19.8852
-1
2
234.72
444.96
0.000266677
44.64
-108.435
-1
2
187.2
208.8
0.000286455
44.64
-48.0941
-1
2
231.84
453.6
0.000271458
44.64
112.479
-1
2
270.72
396
0.000420571
44.64
-178.668
-1
2
269.28
449.28
0.000393804
44.64
118.072
-1
2
253.44
423.36
0.000359309
44.64
-150.461
-1
2
266.4
452.16
0.000443791
44.64
-40.3645
-1
2
228.96
453.6
0.000321684
44.64
-155.695
-1
2
272.16
457.92
0.000246317
44.64
-116.565
-1
2
244.8
443.52
0.000254867
44.64
125.166
-1
2
256.32
420.48
0.000254574
44.64
137.936
-1
2
256.32
434.88
0.000228937
44.64
180
-1
2
252
440.64
0.000239256
44.64
150.362
-1
3
264.384
437.184
0.000249843
53.568
171.703
-1
3
269.568
449.28
0.00030612
53.568
-178.531
-1
3
273.024
452.736
0.00037159
53.568
154.983
-1
3
250.56
440.64
0.000264367
53.568
141.843
-1
3
254.016
437.184
0.000250608
53.568
110.924
-1
3
252.288
423.36
0.000279092
53.568
88.3634
-1
3
247.104
423.36
0.000250471
53.568
72.8973
-1
3
241.92
419.904
0.00026482
53.568
131.82
-1
3
250.56
437.184
0.000250881
53.568
104.931
-1
3
271.296
395.712
0.00026693
53.568
-157.249
-1
3
266.112
454.464
0.000245666
53.568
-146.31
-1
3
250.56
444.096
0.000227383
53.568
57.9946
-1
4
242.611
441.677
0.000205253
64.2816
304
64
250
251
255
255
255
181
95
237
255
255
213
187
255
254
183
94
251
215
123
123
255
255
211
63
158
254
246
63
223
249
119
175
211
175
38
255
210
125
241
127
122
203
245
126
223
157
205
31
157
173
156
133
242
158
158
125
80
246
121
159
253
78
162
247
255
255
255
245
255
190
251
123
251
253
247
251
239
249
204
220
254
207
63
127
255
109
218
127
255
187
251
255
126
53
237
239
223
255
124
127
255
253
254
127
253
222
251
223
251
25
219
95
223
255
25
207
252
253
159
239
93
255
247
255
250
119
185
255
124
251
127
253
190
253
255
253
253
255
252
249
253
127
255
254
255
223
123
123
253
123
215
246
189
127
247
255
127
215
247
187
255
108
199
254
223
121
249
125
126
95
251
63
213
183
247
127
191
175
159
15
250
157
158
93
116
246
127
255
251
223
42
255
231
255
255
255
253
250
216
223
123
251
135
237
110
243
239
249
238
230
60
255
207
105
119
59
231
155
243
255
255
63
234
119
247
247
223
251
250
119
251
247
211
222
58
222
251
223
249
126
217
191
94
71
248
189
151
109
144
247
123
191
92
119
179
179
223
249
255
125
126
243
250
214
251
187
241
253
238
195
167
251
255
207
187
255
175
125
103
159
237
203
254
255
95
101
255
246
247
189
189
255
255
253
249
119
250
78
251
126
251
125
219
127
252
254
62
215
240
253
188
237
214
191
247
255
253
119
243
247
59
158
255
231
191
189
253
121
253
253
246
217
239
57
48
93
246
253
239
123
244
111
219
125
253
170
228
182
126
81
125
239
255
108
118
60
255
123
248
253
223
95
123
175
208
35
219
111
185
189
153
13
240
157
159
77
60
246
247
157
250
223
44
255
95
249
223
127
126
227
250
246
219
191
245
185
238
194
167
91
254
207
59
255
239
61
79
223
237
11
247
255
75
101
247
110
215
175
181
191
127
189
253
119
250
94
255
79
251
125
155
127
191
238
8
199
240
189
60
77
87
191
187
251
249
119
245
239
124
191
247
221
254
183
255
121
255
223
208
251
239
93
187
93
251
245
250
47
245
125
211
255
239
254
63
55
62
94
118
171
199
99
223
189
244
125
255
117
117
124
243
255
253
164
253
127
190
189
152
251
243
189
158
91
70
190
118
143
90
223
61
250
122
185
219
223
255
161
223
184
223
171
253
190
231
198
187
121
247
215
122
82
207
191
195
93
175
206
242
47
210
107
255
190
127
45
157
255
90
127
235
119
50
205
199
46
223
159
173
55
158
190
24
133
250
191
156
99
80
178
185
187
125
14
166
244
42
142
237
182
43
221
189
107
253
252
255
193
249
121
120
228
131
56
227
243
244
118
209
247
93
239
133
182
106
246
53
203
223
60
67
184
255
120
232
56
124
125
61
47
244
119
247
107
185
174
152
15
242
29
156
88
62
243
55
189
106
215
40
250
122
209
175
253
39
119
219
191
149
254
85
140
27
204
51
78
157
221
120
127
190
255
230
59
45
195
182
54
81
241
62
251
103
60
157
105
223
109
242
115
114
107
247
124
247
156
193
123
95
138
30
135
251
125
188
92
209
246
123
223
119
158
26
183
38
182
253
158
63
157
159
93
247
254
132
233
253
127
189
87
255
246
194
179
213
115
83
231
213
247
228
119
58
252
213
99
223
56
71
180
254
120
235
125
116
95
46
47
181
116
245
111
185
174
152
15
242
29
156
89
62
243
55
189
122
215
40
250
60
191
255
213
254
183
219
121
127
223
134
123
247
90
185
85
250
213
248
47
213
61
211
251
239
242
50
55
94
93
93
47
71
99
223
187
246
253
251
117
241
125
227
95
241
132
217
127
156
189
28
111
242
189
159
91
86
126
118
143
91
29
45
251
254
60
245
182
223
175
127
121
254
127
218
115
255
239
240
87
243
245
119
97
253
239
155
127
95
254
191
63
122
223
117
239
83
37
86
191
210
127
241
127
92
212
126
175
205
4
253
127
157
164
24
5
224
29
157
73
24
182
115
189
218
23
32
254
59
150
255
231
63
181
185
123
245
253
212
253
239
57
48
125
246
253
231
123
240
87
243
127
252
170
228
190
126
115
125
255
255
108
182
60
255
120
248
253
93
93
123
174
217
33
211
111
184
190
153
13
242
156
156
77
60
246
247
159
251
223
46
255
28
251
223
205
246
179
254
113
95
219
212
251
247
82
245
73
250
213
252
47
197
61
195
243
237
94
59
55
94
76
60
59
223
99
252
187
118
121
255
117
113
95
251
62
247
132
217
127
157
189
28
103
242
189
159
75
86
254
54
143
89
95
39
251
124
57
255
245
126
247
251
251
213
252
223
119
255
254
177
102
242
221
123
127
245
127
195
247
191
110
230
159
122
223
118
251
255
44
7
254
223
123
249
253
88
221
247
46
229
37
231
111
191
174
153
143
250
29
156
93
124
246
123
251
251
159
44
254
253
190
247
228
126
47
189
123
253
252
254
243
239
185
222
127
246
221
239
123
245
79
209
255
223
111
237
255
126
85
245
239
255
109
116
190
255
252
249
245
255
95
251
191
233
55
215
111
188
182
137
159
242
63
159
77
110
247
215
255
251
95
44
254
250
213
253
190
223
239
95
121
214
103
221
254
255
204
182
127
255
247
119
115
190
191
211
111
190
255
243
127
82
187
247
239
195
45
23
255
130
109
233
127
112
200
117
171
213
29
245
63
157
164
26
5
232
28
28
81
24
178
123
185
152
23
40
250
253
254
247
252
126
47
253
251
253
252
246
251
255
249
254
223
246
253
255
107
245
79
81
255
159
106
239
255
126
213
244
239
239
109
102
191
255
190
249
253
255
95
255
175
251
115
211
111
188
190
137
219
242
63
157
77
110
247
87
255
251
95
46
255
252
127
255
253
54
181
125
251
255
255
241
187
255
250
182
95
242
213
123
107
191
255
211
255
159
251
247
251
126
253
244
238
211
111
182
255
222
125
241
119
126
79
255
127
251
165
223
31
254
175
157
223
98
190
159
93
64
246
113
223
255
254
173
255
252
63
247
245
250
63
125
255
253
253
198
59
255
251
251
222
250
253
251
111
125
223
210
247
159
250
246
255
252
220
118
175
207
71
118
191
212
254
241
125
252
93
255
183
237
167
223
239
190
172
169
251
242
191
159
93
108
254
83
255
251
223
45
254
5
237
125
196
250
159
215
88
107
69
143
110
222
127
236
65
226
245
28
37
215
108
16
227
231
246
9
127
44
14
89
33
222
103
95
154
66
123
223
60
213
157
8
39
149
90
252
47
133
181
0
12
184
25
143
79
56
86
50
45
88
93
38
250
122
21
249
183
223
231
91
61
198
103
249
50
175
202
50
119
255
247
114
83
186
191
210
47
140
255
243
111
82
59
119
235
71
44
151
191
202
121
105
87
112
200
117
171
213
28
181
63
156
172
24
5
224
184
156
81
16
178
115
155
152
151
44
250
125
63
117
240
216
255
39
123
236
92
218
119
205
125
216
100
251
237
239
100
244
44
152
247
95
254
21
165
188
154
114
137
74
103
85
186
84
58
253
76
109
84
154
167
77
161
252
231
168
37
153
8
242
29
142
9
100
244
83
189
74
71
37
122
254
181
255
255
255
245
121
253
255
255
213
191
255
239
183
94
251
215
123
123
255
255
219
63
254
251
246
59
251
253
255
175
199
239
31
255
214
125
243
127
124
203
253
255
223
189
237
55
223
172
30
237
224
190
158
125
216
246
121
223
255
223
171
247
56
157
191
213
38
221
221
127
223
255
215
205
255
124
50
94
255
213
98
43
212
61
195
247
253
251
246
126
90
213
245
235
223
36
85
188
214
120
250
121
112
93
189
47
247
52
245
111
153
172
24
5
240
29
156
73
17
242
115
189
91
87
32
250
190
186
247
231
63
235
249
126
221
189
215
245
255
158
248
223
250
255
255
123
245
31
231
255
175
186
252
159
94
255
253
255
223
45
102
190
255
127
233
125
217
93
215
46
235
103
171
111
189
190
153
135
242
61
157
81
116
242
183
255
251
31
38
255
221
251
215
253
254
249
241
254
248
181
214
255
239
243
223
200
250
221
251
111
109
205
239
247
175
186
84
187
255
79
114
175
223
103
117
254
86
123
253
117
221
93
251
22
89
167
123
231
156
61
207
245
240
191
159
77
100
252
43
223
89
79
39
223
56
149
191
213
38
149
221
117
215
255
223
193
223
124
50
22
255
213
98
43
212
45
195
247
221
254
182
126
90
212
245
107
215
36
80
188
214
120
250
121
112
92
187
47
245
52
245
111
153
172
24
7
240
29
156
73
17
242
115
189
90
87
32
250
114
181
169
158
87
207
95
13
199
102
157
188
185
78
54
94
249
55
114
149
155
51
211
7
148
215
244
45
3
186
87
105
135
172
7
190
202
104
235
126
32
201
101
233
149
92
181
47
149
174
152
13
162
25
116
83
48
178
122
185
57
215
184
202
101
47
229
216
88
127
39
123
228
124
234
49
65
253
217
5
203
109
227
96
245
103
24
247
91
125
21
164
40
142
35
201
207
66
71
186
16
184
253
44
124
116
58
167
69
225
117
235
184
172
136
24
243
29
142
25
44
238
83
165
202
199
105
122
223
188
223
183
127
163
223
58
115
253
213
251
254
239
166
91
237
247
60
247
237
77
99
251
231
254
251
255
122
109
253
111
223
117
52
187
91
125
249
119
85
76
127
47
219
29
255
127
157
174
24
7
240
60
156
77
92
183
183
189
217
87
48
250
253
61
255
245
254
175
125
254
253
253
198
63
255
253
251
223
251
253
251
111
255
239
214
183
255
234
246
191
250
93
126
175
223
103
117
255
214
127
241
125
248
221
255
54
237
163
201
239
189
172
155
253
248
191
157
77
124
254
123
191
219
135
165
250
254
252
255
255
63
119
249
255
223
253
215
253
111
154
219
223
254
255
255
91
245
15
247
255
255
187
252
223
95
255
247
254
239
45
167
255
255
63
233
117
217
222
115
190
251
227
147
111
189
191
159
139
248
61
157
81
118
243
255
255
251
23
46
255
252
61
247
245
218
237
253
255
220
237
250
123
255
239
219
222
251
157
119
99
127
207
239
255
159
255
247
187
234
221
118
191
127
111
108
255
150
189
253
222
125
84
253
255
207
59
223
183
255
172
217
249
242
31
29
93
104
252
113
251
255
159
169
254
221
187
223
253
254
249
241
254
248
181
246
251
239
218
251
235
250
221
251
107
111
221
238
181
175
235
81
187
255
79
118
191
255
103
245
254
86
247
253
119
249
221
251
22
73
167
91
167
221
189
207
245
248
191
159
77
116
252
41
223
217
15
165
223
34
197
137
158
39
156
221
11
230
68
53
202
185
123
60
28
6
119
32
179
134
118
211
103
89
215
149
60
50
184
21
105
151
44
83
18
202
72
234
106
32
123
45
105
149
20
245
47
145
168
145
13
52
1
156
91
57
114
50
61
80
213
8
250
5
14
175
137
1
213
161
127
181
254
130
132
17
60
59
135
137
124
225
41
144
83
222
49
93
161
0
6
24
192
17
75
205
2
211
40
16
234
109
40
116
53
56
38
23
20
113
227
27
40
56
4
211
29
220
28
16
194
35
189
67
215
8
250
35
207
141
222
47
156
213
11
230
69
29
206
191
125
52
29
231
247
32
51
198
110
211
103
123
214
145
62
54
58
87
105
151
100
83
154
194
88
250
106
116
93
40
239
149
20
245
111
145
172
153
13
176
9
158
75
49
114
50
61
80
85
36
250
251
221
174
223
103
151
223
179
62
255
61
203
159
248
119
62
52
215
124
255
158
191
246
123
27
239
179
126
89
243
118
59
227
55
112
113
211
109
242
233
242
127
249
127
187
30
217
127
157
139
24
199
249
125
157
207
81
247
115
255
127
116
147
251
122
244
249
190
223
231
95
93
199
102
185
184
109
140
183
95
255
246
114
116
186
147
210
45
156
213
251
45
83
57
117
169
193
44
151
223
194
117
33
119
50
202
117
169
215
28
245
60
151
172
18
5
32
184
148
113
152
178
57
153
29
215
56
178
251
29
159
215
238
95
91
183
30
253
127
207
159
252
118
190
116
215
124
47
222
173
230
179
155
234
162
126
217
243
246
111
231
55
112
113
223
111
250
233
210
125
249
126
249
30
233
111
157
136
27
199
240
127
156
203
81
255
115
191
91
116
147
249
125
46
231
220
88
231
167
127
196
252
218
49
77
253
153
4
235
77
227
98
244
45
202
247
91
125
20
164
40
148
33
207
223
35
69
186
85
184
253
108
125
116
186
167
77
161
247
235
184
172
137
137
243
29
156
73
108
230
83
177
202
71
32
126
241
159
183
215
234
207
219
55
62
125
22
79
159
249
90
140
125
215
120
39
222
45
242
251
91
123
187
126
220
147
114
47
199
39
81
49
215
111
254
104
241
124
185
175
205
8
253
255
157
128
24
129
245
127
158
203
81
254
115
191
82
85
17
250
74
150
171
253
239
182
223
157
156
255
57
202
137
72
51
13
141
125
56
211
206
55
218
121
12
215
187
38
84
113
53
207
199
185
155
41
250
109
238
35
112
106
99
237
215
28
213
59
30
152
24
5
245
249
156
243
81
178
243
159
210
215
24
246
241
13
159
211
200
71
195
183
158
253
126
71
143
253
83
174
103
199
253
39
92
141
238
163
123
110
14
38
248
147
82
127
239
39
113
113
86
71
254
232
83
116
138
182
205
42
109
231
141
8
95
153
221
127
140
203
113
124
99
120
86
20
1
252
202
220
174
253
239
255
95
159
60
255
61
202
139
137
118
143
141
253
125
253
252
135
254
57
47
255
187
126
209
51
55
239
197
181
154
105
210
101
236
99
114
206
120
191
223
28
253
177
221
136
30
5
201
255
150
235
209
246
49
189
212
87
24
186
121
255
247
253
254
255
251
255
252
254
240
185
255
248
255
206
251
253
123
110
252
61
222
191
159
235
190
191
95
213
118
239
215
39
87
187
82
126
253
124
254
95
120
63
221
151
241
239
157
172
28
5
242
29
157
73
16
246
115
189
91
87
34
251
250
248
239
239
55
255
217
191
127
255
85
188
63
186
127
255
189
215
120
255
189
213
247
57
173
249
248
127
127
251
254
251
245
253
191
251
223
127
248
119
210
221
127
60
187
158
225
124
223
171
126
151
250
189
180
222
208
247
59
253
255
157
26
247
249
189
255
245
254
255
251
255
252
253
214
255
255
248
250
236
250
253
123
103
252
125
242
255
191
235
190
191
126
215
119
239
215
39
85
251
214
127
253
124
216
93
249
47
217
23
245
111
157
172
24
141
240
29
156
73
112
246
115
189
218
23
32
254
235
204
174
221
239
231
219
183
60
253
94
143
159
252
123
175
253
255
121
102
252
141
254
57
59
255
186
126
217
211
119
255
247
35
115
113
211
103
252
106
211
93
76
62
221
30
201
179
141
136
94
133
253
255
157
203
209
254
123
189
214
69
18
254
235
204
174
221
239
255
219
183
60
255
124
207
159
236
126
173
237
253
125
231
252
157
190
57
59
255
187
118
217
211
119
255
243
51
83
113
211
103
252
234
210
124
110
63
217
30
253
179
157
136
30
5
253
255
156
203
209
254
115
189
214
87
18
255
158
249
218
127
255
249
222
184
91
155
255
251
254
86
236
217
255
151
190
159
207
63
195
95
165
95
243
255
95
111
231
182
223
253
253
247
127
127
250
117
123
223
251
125
247
183
191
127
191
255
27
199
248
165
251
105
86
243
191
255
121
123
245
222
110
42
239
247
126
247
221
187
221
255
215
54
251
254
59
70
153
245
123
251
253
215
215
255
31
255
159
183
126
251
55
219
71
172
135
251
223
125
249
31
120
117
247
61
199
229
181
123
63
175
157
143
211
61
222
84
116
102
123
223
235
159
104
254
203
204
174
253
239
255
255
153
60
127
120
203
159
237
118
141
141
253
125
247
252
197
186
121
62
255
187
118
217
83
55
255
215
177
90
105
211
101
252
99
114
94
122
191
221
29
255
83
157
136
24
5
237
253
157
201
209
254
179
189
214
87
24
190
202
142
174
245
239
191
255
153
60
127
250
75
143
253
114
13
133
253
125
247
252
199
186
121
78
255
187
246
220
83
55
255
87
185
218
105
247
109
252
227
120
124
122
191
213
13
223
83
157
201
24
5
213
253
157
201
81
246
179
191
214
87
24
254
202
206
174
245
239
191
255
185
60
255
122
203
139
216
123
173
132
253
125
251
252
183
154
121
127
235
187
230
220
81
55
255
231
185
218
97
255
239
236
163
250
126
114
159
209
31
219
83
157
201
24
5
213
253
157
193
81
214
183
189
214
87
24
189
51
215
191
221
38
149
221
119
119
223
149
201
223
120
53
31
255
213
98
43
214
45
215
115
253
247
183
126
87
92
212
123
215
36
20
184
210
120
250
113
112
94
185
47
151
20
209
111
153
172
24
5
240
29
156
73
17
242
115
159
88
87
32
251
255
188
255
247
255
247
255
191
255
253
215
251
255
154
243
223
255
255
125
255
253
13
247
125
255
255
251
255
94
123
247
255
207
173
62
255
255
125
233
127
121
93
123
191
207
13
223
127
221
174
26
143
252
189
156
197
116
247
247
191
251
31
56
254
254
252
255
255
255
183
123
217
254
255
245
250
255
218
182
95
250
245
123
123
253
183
211
125
143
251
251
63
83
123
119
239
199
37
151
191
210
125
233
119
120
78
113
47
215
29
245
127
157
172
24
5
240
61
156
89
16
246
51
157
216
87
40
251
202
206
174
245
239
255
251
185
188
255
122
207
139
205
126
173
133
253
125
243
252
39
186
121
107
239
187
246
221
83
55
255
239
185
219
97
247
239
236
163
250
124
122
191
213
31
255
115
157
217
24
5
221
253
156
201
81
214
247
191
214
87
24
188
202
142
173
229
239
191
255
57
188
127
250
75
139
93
118
45
133
253
127
123
252
119
154
121
111
255
155
182
252
83
55
207
223
249
218
33
255
233
252
163
124
60
123
191
213
167
255
123
188
153
24
5
213
253
159
24
81
214
183
159
194
223
12
254
126
118
255
255
255
183
95
57
246
127
249
187
175
202
181
95
242
247
123
122
248
247
154
125
142
234
235
63
90
121
117
239
99
172
158
191
255
125
33
247
122
74
115
143
215
149
209
95
156
173
24
5
96
188
159
81
16
242
243
159
222
214
40
181
202
14
45
229
239
191
191
121
188
127
254
75
203
93
112
5
133
253
127
123
252
119
154
121
111
255
157
182
124
83
55
207
95
249
218
41
255
249
232
35
124
61
123
191
213
165
247
123
60
153
156
13
211
253
159
24
113
198
183
159
226
159
12
254
201
206
47
193
239
255
255
248
189
255
254
203
219
88
121
165
129
253
255
123
252
119
254
249
125
255
141
182
124
215
55
223
239
57
211
41
214
251
236
169
248
61
114
190
213
227
209
123
188
153
156
13
211
253
159
16
53
198
247
191
194
223
12
254
253
248
255
125
52
115
253
254
249
191
253
251
111
187
143
219
251
237
251
111
125
205
231
189
239
127
255
255
121
101
230
239
221
89
244
255
255
189
241
125
126
94
187
191
255
49
223
125
187
190
111
243
240
191
157
77
254
191
191
255
254
215
101
255
73
142
47
197
239
255
251
248
189
255
254
207
217
125
123
165
129
253
219
43
252
115
222
248
61
255
157
54
124
215
55
223
255
120
211
41
214
251
248
41
252
61
106
62
213
230
241
107
189
137
156
13
211
125
159
28
49
198
119
189
195
223
44
254
61
62
247
229
254
237
163
252
252
125
222
119
255
127
219
228
251
221
219
98
245
13
142
253
63
234
60
135
254
223
123
239
119
231
93
187
118
243
253
126
221
85
90
30
77
167
233
243
189
60
221
45
240
159
156
73
116
246
179
173
202
15
32
252
56
145
191
222
38
213
221
127
247
254
149
128
253
252
55
78
255
214
98
187
212
119
211
247
217
115
246
126
88
213
245
235
223
60
147
188
222
120
250
121
112
93
183
47
247
52
245
111
155
170
24
7
240
29
156
89
17
243
123
189
123
215
40
250
12
206
239
201
43
221
243
125
189
255
142
205
217
60
125
238
137
125
251
43
244
119
218
249
61
246
20
54
125
215
55
207
223
82
67
40
86
251
249
56
240
61
106
47
213
182
117
99
189
136
152
13
211
93
159
28
16
194
59
189
195
223
42
254
12
136
175
137
10
221
161
125
189
254
134
140
209
60
123
238
137
125
227
43
212
87
218
249
125
240
20
38
88
199
51
203
207
2
211
40
86
251
233
56
240
53
116
47
87
182
117
227
27
40
24
4
209
29
156
24
16
226
59
189
75
223
40
250
124
57
255
245
126
255
253
255
253
253
223
117
255
254
251
254
243
221
123
251
245
127
247
247
191
110
230
159
126
223
255
239
239
109
87
254
223
123
249
253
88
221
247
46
221
39
231
111
191
172
155
143
250
29
157
93
116
246
123
255
251
159
44
254
56
157
191
222
38
253
217
127
223
255
213
205
255
120
62
78
254
215
98
107
246
61
195
247
217
43
246
126
89
213
245
235
223
52
81
188
222
120
248
121
240
93
253
47
243
52
241
111
155
170
24
7
240
29
156
73
17
243
115
253
123
87
34
251
203
222
175
253
239
191
127
153
189
127
248
203
143
221
54
13
141
253
127
123
252
247
186
121
78
255
191
182
253
113
55
207
215
249
218
105
255
125
252
99
126
238
122
63
215
205
255
83
60
153
28
5
197
253
158
173
81
246
243
159
214
215
28
190
203
222
175
237
239
255
251
184
188
127
254
207
155
92
126
173
133
253
127
122
252
119
186
121
111
239
159
182
253
83
55
239
247
249
219
97
247
231
252
163
218
189
90
63
213
255
255
115
189
153
30
5
221
253
158
201
81
214
183
191
210
223
30
252
170
206
175
239
63
253
249
223
253
255
244
203
235
153
118
175
130
245
127
123
244
87
255
125
109
139
165
54
95
87
55
239
247
44
223
56
114
125
232
241
250
94
122
63
211
23
241
107
153
169
28
5
240
29
158
76
16
242
51
189
91
87
34
251
203
206
175
253
239
255
255
184
188
127
252
207
203
93
126
173
133
253
123
122
252
119
154
120
111
238
159
182
253
83
55
239
255
249
219
105
255
127
252
163
122
254
123
63
213
247
255
123
189
153
28
5
217
253
158
25
81
198
255
191
246
223
30
253
235
222
175
253
239
255
255
152
189
127
248
207
143
253
126
173
141
253
63
119
252
215
186
121
111
255
191
182
221
115
127
239
215
249
219
121
255
231
252
235
126
254
122
191
221
27
253
51
220
153
28
5
205
253
159
225
209
254
243
191
214
215
26
188
251
30
167
247
238
191
255
255
189
253
91
203
159
252
122
142
255
253
125
111
254
143
254
57
95
239
190
62
223
209
126
255
103
167
122
121
215
255
244
235
209
126
235
190
203
142
205
179
205
129
92
181
231
255
159
231
209
252
113
223
215
69
16
190
109
142
111
249
254
189
255
248
189
255
254
219
221
121
121
199
128
125
123
123
252
119
218
249
125
239
133
182
124
213
53
223
255
120
214
40
222
121
249
187
254
127
122
191
213
227
209
115
63
173
156
13
217
157
159
28
60
230
123
189
203
159
44
254
46
142
239
241
62
253
245
121
189
255
254
217
219
61
121
230
137
125
107
123
252
119
222
249
125
255
133
182
124
215
53
223
255
104
87
56
222
121
249
62
124
125
122
47
215
39
119
99
59
172
152
13
211
29
157
28
56
230
115
253
203
159
40
254
249
221
191
223
239
239
255
255
159
253
92
207
175
253
94
174
255
215
253
111
254
143
238
191
123
255
190
62
253
83
126
191
251
39
112
121
214
255
246
255
211
254
235
254
219
58
73
183
205
129
127
241
253
255
157
207
209
252
121
127
215
84
147
255
251
188
255
183
126
239
223
183
123
253
87
251
254
175
34
222
255
215
60
255
253
77
227
249
255
255
251
255
122
127
255
111
215
117
52
251
223
125
248
119
81
220
127
47
251
28
255
127
157
174
26
135
248
61
156
77
92
183
51
249
219
23
48
254
249
217
223
223
239
255
255
254
191
189
124
219
159
253
95
252
255
215
249
110
238
255
238
63
235
255
255
126
255
67
118
175
215
103
121
125
86
245
254
126
115
223
251
127
221
190
253
183
223
137
95
245
249
255
158
207
209
252
123
255
213
77
145
246
203
216
239
229
239
251
251
248
189
127
222
79
223
125
126
237
165
253
255
115
252
95
170
249
111
254
187
182
252
87
63
255
255
249
219
121
127
231
252
179
223
253
95
62
217
47
255
115
173
223
26
5
217
255
158
109
93
254
183
191
214
31
22
188
239
204
109
185
255
252
255
56
189
255
252
251
235
73
92
237
129
61
127
211
252
115
250
124
117
255
143
183
91
247
111
223
239
248
206
105
255
187
249
187
250
254
115
173
211
115
183
115
63
254
152
9
221
253
221
52
124
166
247
191
186
215
186
191
43
220
239
239
63
191
253
122
253
255
252
217
255
185
124
207
163
245
127
123
244
87
235
127
45
255
173
182
127
81
117
239
215
108
252
120
255
125
184
245
126
223
123
47
215
23
213
107
157
189
30
5
248
29
159
76
24
246
59
253
219
223
38
255
251
252
255
63
55
55
253
191
245
255
245
249
127
170
182
95
251
247
123
255
185
215
247
63
189
235
255
191
123
125
244
235
205
108
180
255
255
125
177
253
122
207
127
63
251
117
211
125
255
174
30
143
248
60
252
85
248
247
255
221
255
223
42
255
255
254
179
255
191
237
253
254
223
253
251
255
243
206
254
255
255
255
126
219
255
159
255
95
255
255
247
235
215
255
254
239
207
189
255
127
255
255
234
127
107
93
231
251
255
115
191
191
252
254
217
251
246
183
188
113
101
179
247
251
191
253
157
126
250
252
255
191
55
119
249
255
215
255
213
251
127
138
183
95
255
215
123
251
177
215
247
63
189
251
255
255
91
253
246
238
205
45
191
255
255
125
233
117
120
207
119
191
251
53
147
109
255
174
30
143
248
60
252
85
212
247
255
221
255
159
42
255
176
157
61
197
166
221
211
121
254
213
151
79
223
125
120
180
254
213
86
39
214
45
194
99
125
246
180
62
118
159
87
43
215
100
81
154
82
123
218
124
209
93
25
46
209
22
253
111
153
172
25
13
240
29
156
73
17
242
50
189
80
31
32
250
181
255
119
101
253
44
175
216
248
29
232
251
238
127
196
61
247
239
239
245
117
78
49
244
230
127
125
251
255
22
226
181
222
105
206
245
255
49
253
253
127
94
58
191
221
113
254
85
168
183
72
107
248
166
138
69
62
149
215
135
190
247
164
24
254
249
255
253
244
252
255
241
93
223
252
255
239
221
220
190
255
207
255
223
127
45
231
221
239
127
251
255
95
183
226
191
206
99
253
253
255
61
253
117
123
252
179
255
255
27
127
183
235
159
187
243
249
247
188
245
87
255
119
251
222
119
181
190
111
255
239
254
55
55
249
123
245
254
245
251
255
250
181
79
146
253
123
251
245
119
209
247
63
235
167
183
127
253
116
235
223
108
151
190
223
124
249
125
126
223
127
47
209
245
243
111
189
174
152
15
242
29
158
93
56
247
127
159
251
223
46
251
255
248
255
110
63
59
253
126
253
187
252
249
111
187
206
218
251
141
255
121
245
71
225
255
237
255
249
183
127
125
229
238
221
237
236
255
255
189
177
117
126
222
251
63
255
51
215
111
255
255
63
147
248
61
255
93
94
247
191
253
251
215
96
222
158
248
91
235
255
121
220
186
91
155
254
254
255
86
239
249
243
214
60
155
69
212
165
92
175
215
115
107
215
107
222
59
180
196
221
215
126
119
235
245
211
223
199
124
156
151
244
181
199
191
23
215
188
167
239
123
212
240
188
110
93
89
246
157
157
251
223
253
181
121
249
252
121
177
229
251
102
147
207
235
171
220
189
107
47
136
230
56
45
139
179
187
247
45
54
63
248
101
180
218
82
247
177
247
211
254
251
118
250
159
91
176
201
191
119
247
88
191
183
108
208
252
169
78
93
86
167
191
126
186
239
234
54
115
189
254
245
186
216
181
127
182
183
218
251
221
123
249
177
213
239
189
237
237
252
151
127
253
254
238
221
236
189
255
255
124
185
117
124
79
255
60
223
165
119
233
254
254
191
135
226
61
254
92
206
247
191
216
255
219
110
246
252
251
255
253
126
127
253
254
253
252
255
249
127
255
255
254
251
221
251
111
245
125
230
247
223
239
231
255
105
223
254
239
255
109
119
191
223
126
249
253
254
95
255
47
253
55
247
111
189
172
153
207
242
29
157
77
124
246
115
255
251
87
34
255
185
253
255
215
55
253
221
126
255
213
255
249
255
121
252
253
255
244
126
59
246
127
231
247
173
239
231
63
127
95
86
63
255
111
125
222
214
121
251
253
119
221
235
63
189
50
253
111
189
191
223
207
248
157
158
77
56
246
114
255
251
157
165
254
124
253
255
253
118
239
253
255
255
253
253
187
255
238
255
254
243
253
123
103
255
255
214
183
159
239
246
255
123
221
246
239
231
47
119
255
222
127
241
125
250
95
255
111
255
55
215
111
189
172
154
207
242
29
157
93
120
246
123
251
123
94
171
251
187
222
239
239
63
191
249
250
253
253
244
249
255
57
125
207
178
253
239
123
244
87
245
255
125
251
229
182
127
85
117
255
255
108
214
188
255
120
249
253
254
95
123
63
209
167
211
111
189
175
156
13
242
29
159
93
52
246
119
157
251
223
46
251
154
249
90
111
255
121
220
184
90
155
253
251
166
86
205
249
119
215
188
158
69
20
133
84
175
213
121
121
223
107
214
58
190
236
157
215
127
87
235
245
115
223
227
125
245
151
180
125
239
191
23
135
188
167
239
251
86
243
190
110
125
89
246
157
155
217
94
239
247
249
222
184
123
217
254
251
174
127
76
248
255
151
188
191
69
108
167
112
225
223
121
123
255
107
230
57
158
101
253
241
119
91
249
245
243
223
187
127
221
151
252
116
143
191
31
133
252
167
223
239
86
247
190
111
84
95
182
159
187
249
95
111
247
249
223
184
251
25
244
251
239
90
236
217
255
247
254
151
101
126
35
244
167
255
115
255
255
123
246
184
158
109
222
213
255
83
249
117
255
223
255
127
217
119
254
118
236
183
139
231
250
167
95
237
126
183
254
175
183
255
246
27
253
185
255
245
246
237
255
240
253
157
254
251
207
111
242
253
255
255
255
111
125
111
227
253
239
127
255
255
126
103
246
191
87
123
255
255
247
125
253
125
125
92
255
111
239
57
255
55
173
190
24
247
248
247
156
101
126
191
119
235
255
191
181
186
49
132
253
222
106
159
211
125
255
245
4
217
159
123
182
76
254
247
242
35
244
127
218
231
249
114
148
126
45
217
93
111
207
110
2
190
214
153
251
126
212
159
104
167
145
112
245
111
177
172
137
9
180
25
152
87
56
246
114
189
250
213
46
223
253
253
251
125
54
101
249
255
223
175
241
187
231
138
183
223
251
254
115
91
63
159
119
159
159
251
247
251
211
125
246
190
239
61
175
255
223
61
233
119
122
74
247
255
255
113
155
60
252
190
126
255
242
190
52
117
244
179
253
251
191
207
239
247
124
235
247
255
58
191
255
251
237
254
251
187
253
246
249
206
243
221
203
106
255
125
199
255
93
238
166
157
126
220
61
255
251
38
87
186
213
122
241
116
190
127
245
62
118
167
199
79
159
173
157
69
114
29
159
93
0
230
123
223
91
78
43
244
189
253
255
125
188
101
253
251
251
255
248
251
239
203
198
253
251
228
255
123
127
140
63
255
247
255
115
187
223
31
226
191
234
239
188
223
222
181
251
247
123
238
250
255
218
115
93
181
232
181
118
251
200
190
134
101
188
180
229
79
222
253
173
191
122
216
239
170
55
55
253
127
245
254
244
185
127
136
63
79
155
245
123
121
176
87
221
63
45
249
189
183
123
81
116
235
221
108
190
251
255
125
177
117
122
207
127
47
223
53
85
233
254
190
154
141
234
189
253
92
152
182
191
255
251
223
46
247
252
189
255
253
119
191
125
255
223
255
255
187
255
204
254
222
243
213
123
127
191
191
211
191
159
238
246
191
83
253
124
235
207
47
246
255
222
127
241
125
122
223
247
127
255
191
197
127
159
174
24
207
226
61
159
81
80
242
123
251
255
222
171
246
5
225
93
130
216
136
135
88
235
5
47
104
175
127
244
33
227
231
100
37
135
100
17
231
97
247
5
63
38
138
73
33
158
102
83
154
66
24
251
30
117
157
40
167
149
120
245
47
145
180
129
8
176
9
154
11
56
114
50
45
88
85
36
218
253
58
255
116
54
123
125
254
221
191
249
251
119
142
150
218
251
223
251
89
189
159
231
159
173
127
255
255
93
229
246
239
93
57
44
255
255
189
233
125
120
204
243
63
255
33
191
125
191
230
255
147
224
63
190
85
230
255
183
217
255
159
32
254
58
222
239
170
55
191
189
123
253
254
248
217
127
172
124
207
155
245
123
121
244
87
217
127
45
253
187
183
95
81
117
239
213
108
254
185
254
124
161
117
126
223
127
47
215
149
84
235
159
189
28
133
226
61
191
92
152
246
59
253
219
223
40
182
189
255
251
125
190
125
253
221
219
191
233
251
231
214
238
255
251
254
175
75
63
190
127
156
231
255
247
251
223
127
246
190
235
142
237
255
252
181
251
247
123
95
243
253
254
119
191
181
238
191
118
255
250
183
246
101
148
240
197
111
255
255
239
63
184
251
255
221
55
253
221
254
255
157
253
249
255
124
244
255
255
212
126
59
246
127
231
247
173
239
231
63
127
127
214
255
255
110
255
254
222
125
251
245
115
223
255
127
190
182
253
111
191
191
223
199
250
189
158
93
48
246
114
223
251
221
167
254
189
251
255
117
186
253
253
234
255
191
249
251
255
235
246
218
251
244
127
107
63
222
175
189
191
255
247
187
207
223
246
190
211
239
110
223
90
181
251
254
95
238
249
127
219
125
127
183
237
165
118
245
234
159
135
125
152
244
225
223
253
253
161
191
92
187
247
245
250
179
254
113
93
217
210
123
247
82
249
64
250
221
249
47
221
61
195
211
239
90
251
247
92
76
189
191
223
97
124
179
117
121
253
117
245
95
243
46
237
133
219
95
156
189
24
103
242
189
157
73
70
254
23
143
91
95
33
250
189
255
243
253
190
253
249
251
222
255
249
251
247
202
255
255
251
244
127
107
63
140
63
223
191
255
247
235
215
255
246
191
227
175
127
223
218
253
251
127
251
94
243
255
255
115
155
183
205
189
86
255
250
159
157
97
144
240
241
63
255
253
169
183
253
253
255
253
254
191
125
255
253
253
222
191
239
253
223
222
251
213
251
102
255
239
214
183
255
254
246
191
251
93
122
239
203
39
85
254
214
127
241
125
218
222
155
190
221
51
205
239
187
172
155
201
248
191
157
77
120
246
123
191
218
86
47
255
93
191
223
221
254
179
222
113
123
219
134
121
236
86
169
65
234
213
184
46
197
125
195
251
239
82
178
55
94
77
189
107
95
99
221
187
118
125
251
117
113
124
235
46
245
132
213
127
157
188
24
71
240
189
156
75
86
254
62
143
88
63
37
242
253
255
255
255
255
191
127
255
222
253
213
187
255
254
255
222
251
245
123
111
255
175
211
63
159
234
246
191
223
221
118
175
199
47
118
255
214
127
241
125
218
223
211
254
221
191
205
95
157
173
156
141
240
191
159
65
112
246
123
191
218
70
43
255
250
63
247
255
255
191
127
253
255
253
223
187
255
222
191
223
251
245
123
127
255
191
211
63
223
254
246
191
214
221
125
175
195
47
86
255
218
127
241
127
88
95
209
126
221
173
205
31
157
173
156
13
242
191
159
65
80
246
115
159
219
87
34
254
39
205
170
184
1
222
175
15
173
238
137
204
145
109
111
175
137
57
33
211
244
119
210
99
85
215
145
39
81
178
43
195
199
24
199
170
179
42
233
40
106
60
52
169
213
81
183
107
155
172
24
9
209
29
220
16
24
226
115
189
26
211
106
106
126
255
125
255
254
253
255
253
255
255
252
253
253
126
255
253
255
247
123
251
253
115
215
254
253
127
247
255
127
223
247
251
207
108
199
254
222
121
249
125
122
95
115
191
213
247
247
127
191
175
158
15
240
189
158
93
52
246
127
191
251
223
46
251
190
255
243
255
191
253
253
251
207
255
249
251
231
206
222
253
251
215
111
91
63
190
191
95
159
223
247
171
215
255
246
190
199
174
255
223
254
253
251
247
107
94
247
253
255
23
189
183
238
191
20
251
226
183
188
113
196
176
213
123
255
125
185
62
74
201
143
253
38
119
223
183
181
238
93
140
27
236
63
142
141
92
120
239
142
251
230
59
73
195
182
84
81
113
62
251
243
56
145
105
219
111
210
99
50
111
253
108
183
156
193
122
159
136
30
7
243
93
180
92
145
227
59
255
117
86
2
243
251
254
255
239
118
255
255
255
223
255
253
251
255
191
222
254
255
215
250
127
189
95
231
125
253
255
255
255
127
123
247
239
215
253
189
255
255
253
248
119
127
221
251
191
255
189
255
125
254
255
191
159
254
191
190
255
100
255
255
219
255
223
60
254
92
232
155
125
34
123
252
255
221
186
254
189
115
148
223
234
157
153
251
219
141
151
230
159
173
77
254
214
77
229
182
238
253
152
229
101
127
255
232
113
250
95
243
60
255
183
7
233
255
234
63
151
241
93
253
92
214
251
191
253
125
82
66
246
92
232
155
121
34
123
252
238
221
186
254
189
115
148
251
234
153
152
251
223
141
151
230
159
141
77
252
199
65
229
190
250
253
152
229
237
127
255
232
113
250
95
247
60
247
247
7
232
255
234
191
151
243
93
253
92
214
251
191
252
125
90
82
246
158
249
91
235
191
121
220
202
95
155
255
254
115
214
255
249
251
214
61
219
15
152
173
28
175
215
115
43
215
111
182
190
176
166
253
219
126
119
235
247
179
223
231
124
158
151
124
180
207
253
87
245
200
183
231
121
208
240
168
111
93
125
183
183
222
249
223
245
255
187
251
120
253
59
215
255
239
109
220
217
246
221
127
243
231
111
195
255
239
254
246
255
94
231
239
238
223
253
222
191
127
191
248
247
217
220
251
111
243
127
255
127
191
254
24
67
224
189
159
89
85
247
183
191
248
127
179
254
255
248
255
255
255
249
255
232
255
189
255
255
255
255
254
254
251
247
63
123
239
223
235
124
175
255
255
191
255
123
247
175
215
237
117
255
126
127
249
127
251
221
253
127
221
31
253
53
221
174
27
133
248
191
159
109
120
246
185
255
253
159
48
254
199
255
223
255
253
122
248
223
123
251
133
237
110
247
239
185
238
230
28
127
79
233
119
187
231
154
242
219
223
47
234
119
255
247
223
251
122
119
219
247
211
222
26
222
251
219
233
126
217
63
94
87
248
191
215
109
148
247
189
191
92
119
243
179
205
236
63
237
232
255
242
240
121
253
230
207
210
113
253
169
234
233
255
99
252
45
62
217
255
59
29
230
237
199
59
247
255
19
83
104
127
243
237
60
251
190
58
151
249
115
250
227
169
205
14
119
249
93
13
73
22
222
63
173
90
87
99
251
60
238
119
253
250
255
178
249
221
248
238
63
209
118
249
228
243
221
195
98
213
43
30
214
223
207
133
231
237
223
63
254
239
56
71
190
253
178
233
244
251
29
83
166
244
247
183
107
185
172
137
75
242
29
157
89
6
242
87
188
122
70
47
252
62
188
93
174
255
173
255
105
255
120
94
53
189
127
249
244
227
215
17
96
197
114
139
124
109
220
41
63
126
75
61
111
87
228
93
186
119
251
249
118
245
213
77
47
69
134
252
75
157
164
25
5
252
29
157
73
24
246
59
189
88
15
32
244
125
190
247
124
126
111
253
126
249
188
254
241
127
249
251
250
247
253
251
107
245
79
87
255
223
111
237
255
108
87
247
239
255
109
101
190
223
188
249
253
255
93
251
47
237
227
247
111
189
174
137
207
242
61
157
77
126
246
87
191
250
199
36
254
5
237
125
196
240
141
214
81
123
69
175
110
204
119
252
97
227
229
94
36
87
108
18
225
231
118
13
61
44
14
26
33
222
103
95
154
66
123
223
148
117
149
8
167
133
110
252
39
129
181
128
44
184
133
139
11
56
94
50
45
80
29
37
248
198
188
223
247
126
162
218
27
123
249
133
239
238
215
166
91
254
231
60
255
205
13
115
123
231
218
250
255
94
47
171
103
215
165
54
187
123
125
233
117
81
92
58
46
219
85
255
127
153
174
24
7
240
60
156
73
22
247
55
191
88
87
50
250
235
253
239
127
255
255
223
190
253
191
253
251
235
221
95
239
139
229
126
251
255
239
247
255
119
127
151
183
127
127
103
255
239
237
231
255
222
61
250
191
122
254
251
255
223
251
191
123
191
255
159
203
217
189
221
84
119
247
255
255
250
247
188
222
252
255
255
253
126
191
125
127
255
255
253
187
255
250
190
95
242
245
123
111
255
191
210
191
159
235
247
255
95
253
116
239
199
47
54
255
222
125
241
253
250
207
247
127
251
191
221
95
157
167
30
215
98
191
159
85
208
246
123
223
255
222
169
247
235
204
174
221
239
239
223
177
60
255
126
207
159
236
123
172
253
255
125
230
252
157
190
121
59
255
187
118
217
211
119
255
247
51
83
113
215
103
252
234
114
93
110
47
221
30
253
243
157
136
24
133
245
255
156
203
89
254
115
189
214
87
16
252
11
142
175
161
47
189
181
123
61
253
254
201
203
57
120
141
133
253
237
249
244
69
218
121
109
253
9
182
124
85
49
223
221
96
80
40
127
122
168
160
244
28
122
47
213
7
86
107
153
137
24
5
241
29
159
76
22
242
55
188
194
87
4
250
188
251
119
197
246
157
218
241
79
209
151
251
255
114
252
72
250
213
126
47
87
61
131
245
239
118
127
125
52
222
158
56
222
103
124
159
216
121
255
53
245
93
185
55
185
172
253
55
132
189
133
255
243
255
159
75
64
94
82
15
89
93
37
250
180
255
247
197
246
191
223
249
95
213
181
251
239
82
212
77
251
197
126
47
87
45
179
209
251
127
123
125
212
158
214
185
206
103
126
223
218
125
255
53
113
220
179
191
189
172
253
54
141
181
133
235
249
239
158
219
80
222
114
15
90
125
173
250
51
165
85
134
192
142
215
9
227
69
13
90
175
119
148
16
227
71
52
37
6
45
131
103
250
214
21
45
38
138
8
41
150
103
25
154
2
25
95
28
49
153
40
227
133
24
253
39
129
180
129
8
56
0
26
139
56
82
48
41
80
29
37
218
51
149
157
26
39
149
159
61
243
222
20
201
188
124
36
23
207
247
128
179
212
115
211
231
217
246
228
116
58
120
213
41
207
24
209
164
254
72
234
105
112
95
47
45
181
116
245
111
179
170
25
15
176
9
220
91
55
115
54
189
114
211
108
250
239
236
238
43
55
255
155
191
121
255
212
188
58
190
239
239
139
213
57
253
185
213
255
61
109
241
24
55
127
95
62
123
245
236
253
251
127
127
237
54
242
93
126
60
23
159
114
241
223
168
62
133
219
189
252
206
208
228
175
252
223
219
122
247
20
235
215
69
242
153
222
241
219
145
151
123
243
114
249
72
250
145
126
15
71
47
131
213
239
86
127
109
4
142
156
56
222
101
109
159
82
123
207
20
241
93
177
63
173
172
153
55
141
189
17
231
184
29
159
75
80
91
50
173
120
13
33
250
207
252
223
47
55
251
191
158
123
255
141
237
254
191
239
219
239
255
61
253
169
85
119
249
229
253
249
255
127
107
255
119
221
229
127
251
123
127
237
119
114
222
122
63
223
93
126
125
221
174
62
7
252
189
188
205
148
247
191
189
221
87
50
251
139
141
140
245
239
235
219
16
57
125
22
79
154
125
104
129
140
121
61
243
228
109
90
251
99
126
147
182
124
87
63
71
223
123
83
32
91
107
248
40
245
188
122
47
197
81
255
107
25
200
24
5
213
93
157
12
59
199
51
189
192
55
0
250
239
207
239
125
255
255
215
190
189
253
252
235
235
220
127
239
137
125
127
251
254
127
254
255
119
255
23
182
125
215
63
223
207
251
239
105
222
61
255
63
123
63
242
255
223
251
63
243
125
219
158
201
217
253
223
20
117
198
247
255
243
255
158
222
70
142
162
169
21
254
166
95
173
250
138
172
129
140
175
143
137
125
43
89
156
23
222
121
69
213
24
39
17
22
43
194
205
0
247
171
80
126
237
34
100
52
50
173
23
213
53
225
24
40
56
0
211
125
252
24
16
128
35
181
73
87
44
114
253
253
255
205
247
255
255
250
255
85
255
251
239
95
222
221
255
247
126
127
55
79
243
247
239
127
127
253
253
126
254
169
222
127
255
223
206
63
255
61
123
223
187
255
255
59
253
182
237
183
223
251
233
231
159
231
112
159
124
239
119
253
189
218
60
174
247
245
58
191
187
253
93
253
211
247
215
118
251
196
178
221
201
107
245
61
210
219
221
170
176
215
76
253
61
239
207
48
87
186
253
250
233
125
213
93
215
54
241
135
195
111
159
174
137
79
242
29
159
89
6
243
87
189
91
95
43
255
165
237
125
14
208
140
214
81
235
5
141
238
238
119
244
9
227
229
126
37
23
109
19
229
231
118
29
61
39
14
10
32
158
103
74
158
74
27
223
52
23
155
40
167
149
120
253
38
129
180
129
40
56
1
139
11
56
94
48
45
80
93
38
218
54
191
255
127
189
188
249
255
255
249
213
251
239
211
143
95
250
207
163
91
255
111
219
127
247
155
246
251
126
61
235
238
143
190
245
190
255
189
251
119
248
126
171
239
249
113
155
123
250
254
153
251
244
157
253
109
22
243
247
255
250
119
173
223
99
221
255
223
226
207
211
13
239
69
5
206
191
123
54
29
254
247
120
39
150
111
83
103
243
242
244
126
63
153
222
33
135
103
51
22
194
73
254
106
53
219
44
231
157
88
253
47
149
128
136
13
180
8
156
207
57
118
114
61
210
221
15
251
112
158
191
223
234
215
218
183
255
255
21
207
159
244
63
190
255
215
120
35
220
63
223
239
155
195
182
126
27
219
159
110
199
45
67
53
214
202
250
98
240
93
229
174
149
52
241
111
149
136
152
13
182
9
156
219
17
118
114
61
83
93
10
255
188
41
239
213
54
119
249
255
221
253
223
247
255
190
187
238
179
213
114
107
245
215
198
247
61
234
148
147
122
255
118
235
231
44
117
250
222
123
249
125
88
93
247
62
255
38
245
111
191
172
153
143
240
29
156
92
48
242
123
253
123
159
40
254
189
249
255
253
182
253
253
250
221
221
254
255
255
254
254
248
255
223
255
255
119
125
231
247
239
127
119
249
239
246
246
185
222
107
253
255
255
125
249
125
121
253
183
127
255
55
255
254
239
191
143
223
250
183
158
85
119
247
127
239
127
255
205
186
189
249
255
237
246
255
255
250
255
221
252
255
239
125
246
249
255
255
255
255
119
125
227
247
239
127
127
253
253
87
246
185
222
123
189
223
255
125
253
125
121
221
191
127
255
57
255
246
237
183
207
255
248
231
158
109
127
159
126
239
119
191
181
250
2
14
173
164
45
254
188
127
181
250
223
5
73
53
25
7
137
77
227
241
212
71
208
243
93
221
132
150
120
182
33
202
223
56
211
40
255
40
232
33
124
60
59
175
245
117
247
107
59
170
153
11
241
29
220
24
22
195
55
189
98
87
76
250
65
141
175
185
205
238
167
88
41
239
194
206
200
109
77
15
137
109
161
99
238
101
218
107
77
254
18
166
120
6
43
75
215
18
209
40
17
234
252
42
116
60
62
169
85
17
119
227
26
136
24
4
209
93
92
8
25
130
51
187
128
215
73
234
191
252
255
173
191
253
253
253
255
253
253
255
255
63
246
254
253
254
102
251
253
214
255
124
253
255
245
251
255
255
255
255
221
252
231
126
255
249
248
255
127
223
111
191
254
115
254
61
187
254
223
139
254
159
188
125
62
247
247
249
255
223
46
222
110
46
239
171
55
255
131
191
253
254
222
190
187
190
123
238
137
117
121
255
189
215
223
125
61
245
25
39
94
219
63
219
69
172
223
235
255
127
237
58
112
117
118
60
23
141
116
241
95
172
156
141
211
61
252
150
80
228
171
253
207
155
120
246
255
188
255
167
127
255
255
191
127
253
255
251
255
158
114
223
253
255
125
253
253
21
247
249
255
255
249
255
95
119
246
255
205
189
124
255
255
125
232
127
121
221
123
191
255
13
254
125
221
255
30
143
252
255
191
197
118
247
183
253
251
31
60
254
188
59
247
245
182
101
253
253
223
253
251
251
239
159
210
222
251
220
231
107
125
138
247
188
221
255
247
251
251
255
246
191
73
44
246
254
222
125
249
117
124
92
243
191
239
33
255
124
170
174
255
171
242
158
156
93
164
178
113
251
255
23
44
254
191
248
255
231
191
125
221
188
223
253
255
255
255
30
254
255
189
254
118
249
253
210
255
124
253
239
245
251
255
255
255
255
237
252
239
126
255
251
232
255
91
221
99
191
254
115
190
57
187
255
223
171
252
151
255
117
182
243
253
124
255
159
46
222
207
252
207
39
127
251
191
158
121
185
135
235
238
187
230
219
171
255
61
253
237
69
119
249
231
255
249
191
127
107
231
103
221
245
118
251
123
125
169
119
113
222
122
63
255
93
254
125
221
174
26
7
245
189
157
205
20
247
183
189
217
87
48
250
199
184
223
39
125
250
190
158
251
187
133
235
238
167
166
155
235
231
63
253
233
71
119
125
231
223
249
191
123
45
226
102
221
237
126
255
123
61
169
117
88
92
58
175
255
121
254
125
249
174
24
3
240
189
188
205
30
247
183
189
120
87
48
250
112
16
158
223
110
215
218
55
23
254
21
133
145
208
51
15
252
211
120
163
212
63
223
203
248
99
182
110
16
209
159
102
207
56
19
53
218
73
234
98
112
93
100
47
149
116
177
111
149
200
152
5
182
9
156
219
19
115
122
61
83
61
8
250
78
232
202
43
23
211
128
142
253
186
212
188
59
190
47
234
137
21
59
221
137
215
239
61
101
193
28
39
87
219
58
218
245
172
199
235
123
127
173
50
122
95
120
60
23
221
48
241
127
172
30
133
209
29
252
92
144
228
175
252
89
211
122
243
188
170
239
229
54
127
253
254
253
253
223
247
255
191
187
206
187
253
123
251
245
87
215
245
125
106
188
147
126
221
127
235
223
108
39
254
223
123
233
125
88
221
115
190
215
161
247
109
187
175
159
139
240
29
159
92
52
243
63
221
251
159
40
254
251
255
255
127
247
241
248
255
219
155
213
255
254
212
239
251
255
223
251
223
127
159
231
215
231
127
247
253
95
118
254
186
207
47
253
255
255
125
249
117
120
93
251
126
255
245
191
182
255
158
30
247
242
189
220
105
215
243
127
255
127
127
195
251
188
250
255
237
50
125
241
253
221
213
222
255
119
54
219
234
251
220
219
107
61
144
230
148
189
109
244
251
237
207
127
190
253
96
117
254
214
251
201
117
219
157
243
54
254
167
110
100
171
191
239
191
216
159
190
92
116
240
45
204
127
15
38
222
191
252
255
125
191
188
253
251
255
253
245
251
239
249
222
95
187
253
246
251
255
239
219
127
255
255
247
251
127
127
231
255
159
252
199
254
254
189
251
127
124
255
235
255
253
113
255
123
251
254
153
219
248
157
220
125
62
247
247
191
250
245
173
222
188
255
247
253
190
125
253
255
255
253
251
251
255
251
255
222
251
212
103
107
63
254
246
190
159
255
247
187
255
223
118
191
215
110
111
254
214
253
249
127
253
95
249
191
255
183
253
61
137
173
223
249
242
159
159
93
136
240
113
255
255
95
41
254
184
186
239
39
54
127
189
254
253
189
254
243
127
185
178
202
251
221
255
121
241
87
231
253
173
125
253
183
126
213
119
238
221
108
228
254
223
120
169
245
125
93
123
63
207
37
86
109
191
190
159
135
242
61
159
93
110
246
183
220
251
31
36
254
251
255
255
127
247
243
251
254
219
159
212
253
238
219
143
219
254
239
251
223
127
47
231
215
239
123
255
253
95
86
230
187
207
47
253
255
255
61
253
125
250
94
187
222
219
249
187
246
255
190
30
247
240
189
220
229
215
255
119
255
127
247
243
251
158
250
255
109
190
185
253
250
255
191
215
251
255
177
254
219
254
221
122
251
237
87
75
253
239
255
247
251
110
237
247
238
223
252
206
126
94
253
248
119
248
223
107
63
255
245
255
63
251
238
24
151
240
157
159
125
20
243
191
189
253
95
96
254
188
174
239
229
54
127
249
247
253
253
223
247
255
191
219
238
187
221
123
251
245
87
215
247
125
106
156
147
126
223
127
239
239
108
103
254
223
122
233
125
216
93
115
190
221
167
247
109
187
173
157
139
240
29
159
92
52
242
115
253
251
159
44
254
10
140
175
172
39
255
189
127
189
254
255
193
91
188
61
175
137
125
227
241
244
87
210
243
93
253
133
182
120
246
53
203
223
56
211
40
255
104
232
41
124
61
63
47
245
117
247
107
59
170
152
15
243
29
220
24
30
227
55
189
106
215
104
250
56
217
255
221
54
221
221
125
255
213
189
220
255
125
124
252
255
213
126
47
150
127
230
247
237
247
231
124
127
255
86
185
254
108
251
222
222
123
250
245
115
223
251
63
181
190
253
46
159
155
159
207
248
189
159
95
113
246
122
255
115
221
175
250
189
254
127
125
178
125
253
252
223
255
249
251
127
190
222
254
251
252
231
107
63
186
247
188
189
255
247
251
207
255
247
191
233
108
108
254
222
183
249
255
123
94
241
191
254
243
190
60
171
175
118
255
234
159
151
85
164
240
113
253
255
223
43
191
189
255
119
125
182
125
253
252
207
191
249
251
127
170
223
254
251
244
103
107
63
170
247
156
253
255
247
251
199
255
247
190
232
108
109
222
222
181
249
255
123
94
241
191
254
243
188
60
171
175
118
243
250
159
148
69
128
240
113
255
255
223
43
183
253
244
255
45
54
117
185
252
253
255
213
189
111
143
183
255
251
252
243
121
57
211
247
188
141
121
252
251
123
119
247
255
201
44
181
255
223
125
233
125
122
79
127
190
247
49
106
124
191
174
127
143
240
190
188
85
254
183
63
217
255
215
46
247
187
248
239
175
55
125
189
254
253
191
252
249
127
191
159
206
251
220
123
249
241
211
239
188
173
109
253
179
127
85
119
239
221
108
180
254
255
125
169
125
122
223
123
63
215
181
86
109
191
190
223
143
248
189
223
92
254
246
191
220
255
159
46
254
171
220
239
171
55
119
185
255
245
254
244
253
127
152
63
239
155
252
123
121
240
83
255
61
61
233
188
182
127
83
119
239
205
44
183
120
255
121
169
121
122
221
127
63
215
245
114
105
191
184
158
13
250
61
222
84
176
242
191
220
251
159
46
255
43
206
239
169
47
255
181
126
189
255
212
201
219
57
61
143
137
253
123
121
240
87
238
121
45
253
29
182
125
85
53
207
213
104
248
56
119
121
172
32
126
95
122
63
215
149
86
233
63
153
28
5
243
61
159
12
16
230
51
220
211
223
6
255
188
253
255
255
182
109
253
255
255
221
253
251
127
235
246
254
251
244
103
107
63
238
181
190
191
255
247
187
255
223
246
191
234
110
47
222
222
117
249
255
123
222
251
255
254
115
253
60
169
183
86
219
232
159
148
77
152
240
121
127
255
95
169
190
189
252
255
45
52
101
253
252
249
253
253
251
111
189
151
251
251
236
247
107
57
192
231
188
237
125
253
251
123
127
231
191
221
124
181
254
222
57
233
125
121
92
59
191
255
49
254
124
187
190
239
171
248
190
28
77
190
183
63
249
255
215
100
254
253
248
255
173
54
117
253
252
255
189
223
191
111
189
219
255
251
252
251
107
57
211
231
188
173
125
253
251
127
127
247
191
221
124
181
254
222
61
249
125
120
221
123
190
255
177
254
124
187
190
239
139
248
191
156
85
254
183
63
251
255
151
108
254
11
206
175
169
47
191
181
123
189
255
244
201
203
57
125
143
137
253
127
121
240
71
254
121
109
253
25
182
125
85
49
223
213
96
218
40
119
121
172
32
254
94
122
191
211
151
82
225
153
137
28
5
241
29
159
12
16
230
51
156
82
87
0
251
48
157
190
215
39
213
217
181
159
213
21
200
159
120
49
28
255
215
116
47
150
47
231
103
121
247
183
126
22
154
212
59
214
100
121
156
210
105
250
105
113
93
185
47
177
52
209
46
153
136
25
5
240
29
156
75
17
242
114
189
80
93
0
250
159
251
91
111
183
249
223
184
223
155
255
251
255
94
236
217
255
151
126
223
103
63
195
214
165
127
243
255
87
111
246
184
222
108
221
223
126
121
251
117
123
223
247
125
247
119
191
127
190
191
25
71
250
165
223
113
86
243
182
255
57
251
228
26
156
187
247
245
182
121
241
252
252
181
214
255
255
182
254
234
251
220
239
107
109
217
230
180
173
255
180
187
255
79
118
174
221
101
117
254
86
243
249
117
221
221
251
55
233
167
127
164
189
181
239
181
242
159
159
77
20
244
33
207
93
31
37
254
186
253
255
247
191
117
221
251
222
219
251
255
255
206
243
253
255
214
102
123
95
190
165
126
175
223
247
59
222
123
246
190
98
110
253
254
214
125
251
117
121
77
247
126
223
20
253
191
206
191
18
197
250
159
156
73
144
176
113
123
127
29
173
190
11
142
175
165
47
189
181
123
61
253
246
201
203
57
124
141
132
125
225
249
244
69
218
241
109
248
137
182
124
85
49
207
223
112
210
40
255
106
168
33
244
31
122
175
213
23
214
107
153
136
24
13
241
29
157
12
54
210
55
188
194
87
4
250
252
58
247
245
54
117
253
253
253
253
247
251
255
187
243
214
251
220
239
107
125
207
247
188
157
255
245
251
254
221
246
191
93
109
118
254
222
125
241
125
125
93
251
191
239
165
223
125
185
175
239
171
240
159
159
93
180
246
115
221
255
23
36
254
252
58
255
245
54
117
121
253
253
253
245
191
255
187
178
254
251
252
251
107
125
223
247
188
189
171
245
251
127
223
247
174
205
108
39
254
222
125
249
125
252
221
115
191
251
229
251
125
189
175
254
139
240
159
158
93
180
246
123
221
255
23
40
255
156
251
223
253
182
121
241
252
252
181
214
255
255
184
254
234
251
220
251
107
109
221
230
180
175
187
180
187
255
79
118
175
213
103
117
254
86
115
249
117
223
221
251
55
217
167
125
164
189
181
239
181
242
159
159
77
52
244
33
255
89
95
39
255
187
156
239
167
63
255
249
255
253
253
214
221
255
28
123
207
186
253
251
121
244
87
255
253
61
248
156
150
127
215
119
255
205
108
179
124
255
123
168
125
217
221
119
174
219
119
114
105
191
184
155
141
248
61
157
84
54
246
255
252
251
159
46
255
48
157
159
215
38
213
221
53
223
215
29
200
159
124
52
14
255
215
112
47
150
61
231
231
249
119
183
124
85
208
212
41
223
52
17
188
210
105
250
121
112
93
189
47
183
52
245
110
155
136
24
7
240
29
156
73
17
243
114
255
113
93
0
250
189
190
255
173
54
61
185
254
253
253
215
251
255
185
158
206
186
252
227
105
245
199
247
253
253
43
252
179
127
221
127
239
205
108
102
254
222
59
185
125
223
95
123
191
251
51
211
109
187
174
141
139
240
31
157
85
108
247
119
249
251
223
46
255
189
63
247
245
182
117
249
252
255
253
211
251
255
250
179
94
251
244
239
107
125
222
246
252
159
255
247
187
254
223
118
191
95
101
117
254
214
125
249
125
125
77
251
63
235
165
249
125
173
173
93
175
242
158
158
69
32
246
115
223
255
159
32
254
253
59
255
245
182
117
249
254
255
189
215
119
255
190
187
210
251
220
251
107
125
223
230
188
175
186
246
251
254
223
254
191
95
109
117
254
222
127
249
125
221
93
255
62
235
165
233
125
189
173
223
135
242
159
158
77
52
246
59
223
255
15
36
254
252
251
255
253
182
245
121
254
255
253
213
191
255
251
182
255
250
212
107
107
125
253
230
191
207
186
246
251
255
255
126
175
211
44
119
254
222
127
241
117
222
95
251
30
251
165
233
127
185
175
223
195
240
159
158
93
52
246
115
223
255
86
38
255
253
254
255
253
54
53
249
254
221
255
213
251
255
186
182
206
186
252
235
107
125
215
247
189
157
187
244
187
123
253
126
239
207
44
100
254
222
125
241
125
218
95
247
63
251
53
219
125
191
174
159
143
242
31
157
85
36
243
115
253
255
223
42
255
189
188
255
37
62
63
189
255
253
253
246
251
255
185
218
206
187
253
251
105
245
71
243
253
253
107
252
179
126
213
127
239
221
108
100
254
223
58
169
253
221
93
123
191
251
51
247
109
187
174
137
139
240
31
157
77
110
247
55
249
251
223
44
254
191
248
255
255
255
125
253
250
253
127
253
251
255
239
246
252
251
245
119
115
109
222
163
125
175
255
247
187
251
251
118
255
215
236
221
255
246
125
249
127
126
223
255
127
223
21
253
125
223
188
26
133
234
159
156
125
24
182
49
187
253
223
34
190
188
61
255
245
190
117
249
251
223
255
215
251
255
234
178
94
250
212
119
107
127
254
242
254
191
187
247
187
222
223
118
191
71
38
61
254
214
125
249
125
248
205
245
63
251
37
249
63
159
172
27
189
234
159
156
93
16
242
121
219
223
31
41
191
189
190
231
197
54
61
189
255
253
253
247
243
255
187
154
206
187
221
235
107
245
87
227
245
221
107
181
179
124
221
118
239
223
108
100
190
222
120
249
125
252
93
251
191
249
39
247
109
187
172
153
143
242
29
159
77
108
246
51
249
251
87
40
254
43
206
238
172
47
247
185
126
181
253
212
205
159
57
52
111
128
253
123
249
240
87
210
121
117
232
140
54
125
87
63
239
223
120
211
56
215
120
248
57
126
93
122
47
209
117
243
107
185
168
24
13
240
29
158
76
56
246
55
156
211
223
14
251
56
255
255
207
182
221
223
253
255
223
190
223
253
124
127
253
255
247
250
191
212
115
215
246
253
119
245
126
127
223
215
187
239
108
199
252
222
123
250
125
114
93
123
191
213
246
245
111
191
172
159
15
240
29
157
93
54
246
126
189
123
223
46
250
188
253
255
255
190
173
125
251
223
127
215
251
255
239
222
222
250
213
119
99
126
175
210
255
255
254
247
187
219
217
126
175
199
38
124
254
214
127
249
125
248
222
185
191
223
54
253
127
153
164
26
133
232
31
157
73
16
242
123
191
94
87
35
255
46
252
53
165
206
237
162
81
255
249
174
79
221
117
121
181
244
233
199
243
221
47
27
221
213
78
236
238
104
215
187
246
239
169
99
60
250
170
233
246
219
29
86
174
196
119
191
111
169
236
136
11
240
29
25
73
30
242
215
180
122
87
46
232
11
206
175
172
47
191
189
122
189
254
246
201
219
57
124
143
128
125
227
249
244
87
210
241
93
248
141
182
124
85
53
203
223
120
210
40
255
106
168
41
254
31
59
175
213
115
214
107
185
170
152
13
241
29
157
28
62
226
55
188
242
215
12
251
189
253
255
255
190
189
253
251
255
253
215
255
255
255
222
222
250
213
119
107
127
174
210
255
255
254
246
187
255
217
126
175
215
38
116
254
214
127
249
125
217
222
187
190
255
48
221
127
153
172
26
129
248
31
159
77
16
242
123
191
126
23
35
255
252
249
255
255
190
229
249
254
255
253
213
191
255
255
183
94
250
213
115
107
127
239
198
191
239
186
246
187
251
217
126
191
247
108
53
254
214
127
249
125
218
223
255
62
251
52
201
127
153
172
27
133
248
159
156
77
24
246
123
255
127
23
34
255
252
249
255
253
182
189
121
255
255
255
215
187
255
250
255
222
250
212
115
107
255
255
230
191
255
170
246
187
123
221
126
175
215
44
118
254
222
127
241
117
218
223
255
62
251
54
201
127
155
172
155
135
248
159
157
93
16
242
123
255
127
22
34
255
252
253
255
253
54
189
125
255
221
253
247
187
255
186
255
206
187
213
115
107
253
223
230
191
221
235
183
187
123
253
118
239
215
44
116
254
222
127
241
125
250
223
255
63
255
54
221
111
187
172
155
143
240
29
157
93
24
242
123
249
123
86
40
255
48
153
159
223
38
221
219
61
223
223
21
205
189
124
63
142
255
215
96
191
212
117
195
231
249
115
246
124
25
210
214
41
223
60
81
180
222
73
250
105
112
93
181
47
181
52
245
111
155
138
153
7
240
29
156
89
17
243
114
189
115
87
42
251
172
172
239
215
54
127
249
255
253
255
223
255
255
190
187
238
155
245
122
123
245
87
211
247
61
234
148
147
126
255
54
235
207
44
183
250
222
123
249
125
88
221
119
62
247
53
229
111
191
174
155
143
248
29
156
92
48
243
123
253
123
159
42
250
51
149
157
143
39
157
159
61
255
220
20
201
189
125
61
21
255
247
224
179
212
115
211
231
217
243
244
116
58
248
213
41
223
56
83
180
254
72
234
105
116
93
47
47
181
116
245
111
177
174
152
15
178
25
156
75
62
115
54
189
114
215
40
250
251
253
255
247
255
173
125
249
254
109
215
255
255
238
254
95
251
245
103
99
254
255
147
127
159
254
247
59
250
219
118
175
211
38
87
254
210
127
249
127
116
221
253
47
221
20
253
63
157
172
24
5
242
31
157
73
24
242
115
191
95
95
32
250
48
145
157
223
38
213
219
61
255
222
21
201
189
120
63
14
255
215
96
191
212
119
211
231
249
115
244
124
40
216
213
41
223
60
67
180
222
73
250
105
112
93
53
47
181
52
245
111
187
138
152
15
176
29
156
89
21
243
58
189
115
223
40
250
172
45
239
215
54
127
249
255
253
252
223
247
255
190
187
110
131
213
114
107
245
87
211
247
61
238
148
147
126
223
62
235
223
108
7
250
222
123
249
125
88
253
127
46
245
36
229
111
191
172
155
143
248
29
156
92
56
242
123
253
107
159
40
250
251
149
255
191
223
165
221
153
254
231
221
250
175
204
55
95
247
247
114
115
254
191
211
111
254
254
243
123
210
57
246
171
199
44
150
254
210
109
243
119
112
74
181
235
213
20
221
31
153
172
24
13
240
157
156
65
24
178
113
187
28
215
40
250
187
149
255
247
255
165
221
189
246
239
245
122
175
200
51
93
255
247
99
115
250
191
247
127
254
235
243
123
210
57
246
171
231
44
150
254
210
125
121
119
112
72
189
239
213
20
217
31
153
172
24
5
240
152
156
73
24
178
115
159
92
23
40
250
189
190
255
231
255
253
241
253
252
253
222
127
255
127
251
229
251
245
219
34
253
15
223
125
127
234
52
51
254
223
127
255
247
231
95
250
246
243
249
124
217
85
74
158
205
134
249
243
185
60
156
13
240
159
156
73
52
242
255
189
218
31
38
252
191
246
239
255
255
181
253
249
252
255
240
251
239
251
179
93
242
245
111
123
253
231
219
125
78
170
243
187
222
93
117
255
247
108
158
191
246
125
177
245
254
78
122
158
211
21
217
95
152
188
24
5
240
157
157
73
16
246
115
159
222
87
40
253
255
254
255
253
255
253
121
249
252
127
213
251
255
251
246
95
251
245
127
107
253
223
250
125
95
255
183
59
219
95
119
239
211
164
87
251
210
125
249
127
120
222
123
191
221
20
253
127
153
173
24
5
232
29
158
73
16
242
115
189
222
87
40
255
253
252
255
253
191
253
249
255
253
253
214
191
255
249
255
254
251
245
123
107
252
223
254
63
95
251
182
187
251
223
119
239
215
38
87
250
210
127
249
126
250
93
120
62
221
23
249
255
153
172
26
5
240
31
156
73
16
242
123
189
218
87
34
255
120
254
247
249
190
253
161
255
253
252
240
155
223
248
191
206
251
221
107
106
252
157
222
191
31
233
180
170
251
213
119
239
199
38
85
186
87
124
233
124
254
95
120
63
93
183
247
231
157
172
28
141
242
29
157
73
16
242
115
189
219
71
42
255
60
46
231
165
24
103
165
255
213
252
94
21
79
189
155
70
235
205
227
98
244
13
206
247
91
253
156
166
104
209
51
207
87
33
101
186
85
184
233
124
125
84
187
166
77
160
117
235
187
172
153
153
240
29
156
77
108
242
51
249
74
7
32
254
127
84
255
185
191
181
93
253
166
238
249
154
221
232
183
95
255
245
99
98
186
215
214
57
94
253
183
121
211
29
116
171
195
36
151
255
194
125
33
127
50
74
60
175
87
156
213
29
25
172
24
5
96
152
148
89
152
178
57
157
92
198
40
179
108
46
247
152
24
111
37
115
229
124
74
19
205
191
155
70
251
205
227
96
248
133
216
247
91
125
157
160
40
146
50
205
91
38
119
186
21
56
109
108
60
84
58
167
77
160
117
237
152
164
153
24
242
31
140
73
44
224
19
189
74
71
32
242
59
149
249
190
151
205
93
13
167
71
153
58
189
78
54
85
253
119
34
112
154
55
210
101
94
215
242
121
82
56
118
41
199
44
151
158
130
105
107
95
48
200
53
233
213
28
245
63
145
166
24
12
226
24
148
113
24
178
113
185
24
215
40
242
184
63
245
246
222
237
37
123
236
85
94
87
255
255
250
100
251
213
97
96
124
13
154
119
95
254
52
169
250
210
114
173
71
39
87
186
71
122
217
92
93
213
24
175
77
4
253
231
137
36
153
140
226
31
158
73
32
112
115
189
74
7
32
250
11
206
175
169
47
189
181
123
61
255
252
201
203
61
116
15
133
125
253
249
240
69
250
121
109
253
9
182
125
85
49
207
213
96
210
56
127
105
168
160
118
94
122
175
213
21
86
235
153
136
24
5
241
29
157
76
30
246
55
188
210
87
6
251
42
148
76
167
223
233
218
25
253
121
214
117
173
79
104
117
226
215
21
179
196
107
139
127
101
222
227
55
122
123
61
110
223
236
221
48
127
123
249
247
209
221
78
43
193
23
253
107
185
254
24
5
252
189
156
73
26
178
183
191
26
31
36
254
249
255
255
255
190
253
253
255
254
253
213
255
255
254
191
222
251
213
107
107
254
189
247
55
159
234
246
59
251
217
118
175
215
38
117
254
214
127
249
125
210
95
249
62
221
22
237
127
153
172
25
141
242
31
157
77
16
242
115
191
91
87
35
251
252
63
255
255
54
245
125
255
223
253
253
191
255
254
183
126
251
213
107
107
255
189
215
183
159
239
182
187
123
223
118
235
231
36
117
186
214
125
249
125
114
93
255
62
255
148
229
111
159
172
153
141
242
29
156
77
16
242
115
223
91
86
42
250
189
156
254
199
191
221
209
249
190
221
150
127
191
127
250
237
250
245
198
35
213
46
243
116
127
186
52
19
254
95
95
63
215
100
95
250
246
123
217
252
209
93
90
30
201
38
249
109
185
60
152
13
240
31
156
73
50
242
54
189
90
31
38
250
191
190
239
199
191
53
221
251
254
223
176
123
239
251
179
93
242
245
110
59
245
94
211
127
110
187
243
59
254
93
116
127
247
108
220
250
246
125
177
117
117
78
123
31
217
132
209
95
152
189
24
5
240
159
157
73
16
242
51
159
94
95
36
251
191
181
239
213
191
53
221
251
183
255
240
251
239
235
178
93
251
245
103
51
113
214
242
127
110
255
243
59
222
93
118
251
87
108
156
251
246
125
249
117
112
78
59
191
215
20
213
95
153
188
24
5
224
156
156
73
24
178
115
159
94
87
40
186
191
252
255
253
191
125
253
249
188
255
214
255
223
253
254
221
251
253
119
107
252
174
250
126
127
255
183
59
223
95
119
239
215
36
95
250
214
127
249
124
120
220
122
63
223
21
253
125
153
172
24
5
248
31
158
73
16
242
51
189
222
87
32
250
188
222
255
249
191
125
249
255
189
255
212
159
223
184
255
255
251
252
99
107
252
215
222
56
95
255
183
187
219
215
119
255
215
36
87
250
86
125
233
126
250
92
122
63
215
149
245
125
153
172
30
5
240
31
156
73
16
240
59
189
222
87
34
247
248
158
247
185
186
253
161
245
253
253
210
159
223
188
255
238
251
220
227
107
252
149
222
184
93
253
181
162
249
215
119
239
215
36
117
186
87
250
233
118
252
93
122
63
213
181
127
225
153
172
25
13
242
31
156
73
0
240
51
189
219
87
32
254
184
46
239
145
186
117
181
245
221
253
94
23
223
181
155
230
251
220
227
107
252
133
238
184
89
108
148
162
232
211
59
239
77
36
117
250
87
251
233
92
88
85
120
190
197
37
111
225
155
172
153
141
240
31
156
73
20
240
51
253
74
23
32
254
120
214
255
249
191
53
45
253
164
254
241
154
221
232
183
95
251
252
99
106
120
150
222
56
94
185
183
41
211
148
113
251
243
36
23
250
82
124
33
126
58
74
120
63
86
148
209
149
153
172
28
5
114
30
156
73
144
240
57
157
92
70
32
243
120
38
247
179
152
37
37
245
229
252
90
19
221
181
155
70
251
220
225
96
248
132
218
180
90
125
180
160
184
208
59
207
65
36
117
186
85
248
33
68
44
85
56
167
77
164
79
229
152
172
153
12
242
30
156
73
8
224
19
145
74
70
32
246
187
21
252
180
159
37
93
27
166
70
153
50
191
204
54
93
253
246
34
240
114
254
146
99
222
223
243
121
210
60
246
41
199
44
149
158
130
100
123
87
48
201
60
105
213
20
245
15
145
164
24
4
98
24
156
73
24
178
113
187
28
215
40
234
187
149
254
255
191
53
221
251
182
245
85
26
191
255
179
93
254
246
97
98
126
174
211
118
126
186
246
59
242
25
246
187
215
38
22
254
210
121
243
125
112
75
153
94
221
20
209
15
153
172
24
5
240
30
156
73
16
242
121
159
92
87
32
250
174
172
239
141
54
125
217
255
189
255
213
255
219
190
191
238
137
92
99
251
253
215
246
245
61
168
148
147
121
223
63
203
221
44
87
250
222
123
233
61
88
253
125
46
214
52
229
105
155
172
154
13
208
29
156
28
24
226
59
253
91
223
42
250
191
252
255
125
191
245
253
253
255
191
253
251
239
63
166
127
251
254
230
59
253
254
254
124
229
255
247
251
127
127
231
238
223
248
191
254
254
189
249
119
127
222
235
255
246
113
253
123
187
254
58
39
244
159
252
125
30
179
247
223
255
223
172
254
184
189
255
247
190
109
249
255
255
253
87
223
191
254
254
222
255
214
101
99
126
174
243
118
255
186
182
59
250
219
126
175
215
36
119
254
210
123
249
125
208
221
185
63
217
20
253
111
153
172
24
5
240
31
157
73
16
242
115
189
92
87
34
250
184
255
255
255
54
61
253
255
255
253
85
251
191
255
190
222
251
212
97
107
126
174
243
126
127
187
182
59
223
217
126
175
215
36
118
250
210
127
241
125
114
222
185
63
222
148
221
127
153
172
30
5
240
31
159
73
16
242
123
157
94
87
34
251
188
239
239
223
54
125
121
255
253
255
85
187
255
186
182
206
186
212
98
107
61
246
227
54
93
187
181
51
123
249
54
235
215
36
117
250
214
121
241
117
242
95
249
63
243
20
245
109
155
172
25
143
242
29
156
76
16
242
51
253
123
87
42
251
172
44
239
159
54
245
221
253
253
255
221
191
251
190
179
78
139
84
98
107
253
212
215
180
29
238
148
179
122
253
63
171
199
60
53
250
222
121
225
117
112
93
127
62
246
52
197
105
155
174
153
15
210
29
156
92
16
243
51
253
123
95
42
250
215
225
217
30
210
138
87
8
235
5
53
250
191
115
148
88
226
215
60
37
7
109
131
103
234
214
29
61
34
170
24
40
150
103
0
222
10
89
223
92
51
155
173
97
145
28
253
6
213
164
129
76
57
1
50
171
120
126
48
57
88
93
55
219
180
251
255
197
114
31
220
251
207
129
183
250
255
114
248
216
254
147
126
111
23
60
129
215
255
87
119
125
164
142
150
56
222
127
109
222
202
125
219
84
177
93
177
63
189
172
253
46
133
191
129
215
122
31
159
75
80
83
112
45
121
125
161
250
69
46
163
41
89
250
167
223
173
186
138
164
65
142
171
239
137
125
171
76
201
23
94
25
71
213
24
37
16
14
43
66
77
128
215
171
16
190
45
38
44
52
50
164
87
205
52
241
24
44
56
52
147
125
204
16
144
200
139
164
72
199
120
114
191
250
255
253
63
253
249
254
255
191
213
251
239
218
255
223
251
252
226
123
255
126
222
127
237
191
247
251
127
127
247
255
223
252
255
254
254
253
251
119
120
93
239
125
255
117
253
123
250
254
184
255
246
157
252
125
52
179
247
255
251
223
237
254
147
254
223
43
53
248
183
188
249
187
252
251
238
63
206
155
239
239
63
249
169
71
239
252
229
125
249
187
127
7
227
126
221
108
245
254
127
57
169
116
122
94
58
191
215
113
118
117
187
236
62
5
240
157
252
77
22
246
183
252
216
215
34
254
191
254
127
237
63
125
253
253
255
255
255
255
127
62
254
255
253
254
230
187
117
242
252
124
245
255
245
251
255
255
255
255
237
248
255
246
255
249
249
255
127
221
111
191
246
119
246
125
187
255
158
15
222
151
254
85
190
241
245
124
255
223
44
190
187
254
207
43
55
241
185
188
249
191
252
253
238
63
111
251
235
252
59
249
169
211
239
188
229
253
249
187
127
87
227
255
221
236
189
254
127
57
233
119
122
92
122
63
151
241
126
113
187
249
62
5
252
157
252
76
150
240
175
220
221
215
34
255
191
252
125
173
191
125
189
253
255
255
255
255
253
28
254
255
255
254
70
249
189
210
255
188
253
253
245
251
255
255
255
255
173
252
255
126
254
251
168
255
123
221
103
189
182
119
254
61
187
219
239
47
252
151
253
117
182
243
189
124
255
159
110
222
156
251
147
196
50
27
208
251
207
129
247
250
243
82
252
88
246
151
102
79
7
60
128
215
239
95
119
105
196
142
150
56
222
62
108
222
74
120
203
244
241
29
181
55
249
62
181
46
141
191
129
215
250
31
159
73
16
210
48
175
121
125
165
219
180
255
255
212
54
95
221
251
207
213
253
250
255
115
212
220
255
199
126
111
23
44
176
215
255
127
119
121
229
158
214
56
206
126
108
222
202
60
251
125
113
223
177
191
189
172
245
174
139
191
133
219
248
31
151
73
80
210
112
79
120
125
169
186
247
229
89
30
208
142
87
9
203
5
61
250
174
119
132
88
226
199
60
37
15
45
131
103
250
214
157
45
34
42
8
40
146
39
4
158
10
25
95
92
35
218
169
225
149
24
253
6
193
164
1
76
41
0
54
171
120
126
48
57
88
85
55
251
156
251
127
212
50
31
212
251
203
1
191
250
223
114
252
216
246
147
126
111
23
60
160
215
255
95
119
121
228
142
150
56
222
126
108
222
74
122
219
212
243
159
177
55
248
62
181
46
129
165
129
223
120
31
159
73
16
210
112
45
121
125
161
251
207
238
206
43
87
251
130
156
249
187
214
190
184
54
239
235
139
85
59
253
201
211
239
60
101
213
28
39
127
79
59
90
213
204
221
235
127
127
237
48
250
93
126
60
87
255
118
241
191
61
30
5
219
253
236
158
210
236
175
252
93
219
122
243
110
234
206
43
95
243
130
141
253
186
148
188
185
182
47
239
137
85
59
253
137
211
207
60
101
209
28
39
95
91
59
90
213
172
223
235
123
127
45
50
122
93
122
60
87
221
112
241
63
44
30
4
215
61
236
158
208
228
175
188
77
219
122
243
108
142
239
169
75
255
167
255
189
254
238
138
211
188
251
239
137
125
251
109
184
87
222
121
63
245
29
166
124
215
55
219
205
192
215
105
208
253
173
58
120
53
118
53
87
239
116
225
95
168
188
188
211
125
236
30
112
204
171
236
203
219
88
254
249
229
117
39
192
175
231
121
217
93
252
123
254
127
196
68
227
9
255
101
121
15
147
244
250
126
93
164
236
214
122
185
206
103
40
245
151
9
29
188
125
213
189
167
205
57
126
212
45
133
169
188
249
78
10
141
110
252
119
233
2
15
41
202
69
142
174
241
201
254
163
81
41
255
194
202
194
185
75
143
137
109
169
107
252
69
218
121
93
127
25
166
124
6
43
67
215
82
209
41
17
232
252
34
228
52
58
165
85
129
119
227
26
200
56
60
209
125
207
12
27
204
35
165
194
211
77
250
43
221
78
255
159
168
216
25
125
251
148
237
174
79
109
61
230
247
5
211
196
46
219
127
101
158
226
23
90
115
41
119
223
238
223
48
123
107
249
117
211
126
26
234
208
85
243
111
153
190
24
5
244
29
220
73
27
178
183
191
26
87
166
251
247
237
221
70
242
143
87
1
235
69
53
250
158
123
244
92
234
247
60
37
7
125
147
103
251
215
29
61
38
58
94
41
150
103
32
222
194
89
223
92
53
155
173
99
185
28
253
46
197
164
129
110
57
99
147
175
120
126
112
45
89
29
53
219
184
249
255
127
55
113
253
251
221
155
220
255
255
222
239
254
255
150
231
223
117
62
231
247
231
127
247
177
95
246
246
184
206
110
239
244
255
125
249
117
121
125
179
127
255
245
183
238
251
191
30
215
248
31
220
85
23
243
127
255
127
255
169
250
178
221
155
159
194
204
215
9
207
69
21
202
179
74
54
28
127
119
52
7
30
63
211
71
251
215
117
44
3
186
222
41
134
47
35
86
130
73
238
74
33
219
164
225
157
92
189
38
213
128
129
45
52
0
52
227
57
50
112
57
17
93
29
234
69
142
171
41
73
254
163
95
169
255
194
142
195
157
75
143
137
109
171
105
252
87
218
121
93
213
29
166
16
2
43
75
199
146
209
41
49
170
236
34
236
52
58
165
87
209
117
225
26
8
56
60
211
125
204
24
1
200
3
173
66
215
77
122
51
197
153
14
194
142
215
9
195
69
21
202
182
98
4
24
110
19
48
37
2
45
195
71
250
214
117
109
35
168
216
41
150
103
8
150
2
73
78
74
35
219
172
97
157
28
253
6
209
128
1
12
52
0
52
235
121
114
48
41
16
93
19
235
176
218
159
207
238
223
223
179
223
253
60
203
159
124
126
140
253
215
252
43
212
125
238
235
251
119
63
126
189
211
223
127
223
123
217
117
222
207
254
99
115
223
235
63
189
182
253
247
183
217
143
255
188
233
159
223
119
222
122
79
243
253
79
255
187
255
255
127
55
113
249
190
217
159
212
255
254
218
239
222
255
190
227
223
117
126
231
247
239
63
247
177
95
86
246
185
222
110
237
244
255
125
217
125
121
125
187
127
223
245
179
254
251
190
28
215
242
29
220
69
55
243
119
255
127
255
235
251
189
249
255
236
54
121
253
250
247
149
253
251
127
127
246
248
255
254
119
255
55
124
165
247
239
127
119
249
253
214
246
185
222
110
191
222
223
125
217
125
127
223
191
127
255
181
247
238
203
191
135
215
248
7
158
93
57
215
121
207
117
255
165
186
181
253
255
205
246
205
215
252
207
197
189
250
255
94
254
237
251
245
126
63
23
63
246
197
255
119
93
125
181
158
94
57
142
127
251
222
202
81
223
189
51
187
165
183
189
122
189
166
135
191
231
251
185
227
16
119
120
30
120
107
113
221
237
218
180
251
255
212
54
95
92
251
199
192
191
242
127
246
214
222
255
214
110
255
23
188
161
247
255
119
247
121
165
158
214
56
218
62
100
222
202
124
251
85
48
219
177
63
189
60
245
174
131
175
135
219
120
31
151
95
16
243
112
127
121
117
165
250
215
237
93
30
82
15
86
11
227
1
53
250
30
243
228
90
235
87
52
101
7
252
160
39
206
215
149
61
163
42
22
40
146
39
32
222
2
88
211
214
50
187
189
99
185
28
245
14
197
164
129
222
56
26
51
143
120
126
48
121
121
85
53
219
242
225
89
150
80
6
95
11
195
5
53
250
183
227
148
90
250
71
60
101
11
173
161
103
222
215
191
61
131
170
18
40
146
39
36
223
2
89
87
94
32
202
173
105
185
28
245
14
69
164
17
198
41
34
54
171
88
126
48
25
88
85
49
251
245
253
255
220
54
95
85
251
231
68
189
186
127
253
254
254
255
246
118
255
23
254
177
166
255
119
245
89
177
158
222
57
154
126
179
222
202
120
211
95
50
155
189
247
189
188
245
172
199
167
231
223
56
27
146
95
57
245
120
127
125
252
239
219
189
251
255
220
54
127
93
250
231
196
253
186
127
250
252
207
255
246
102
255
55
254
165
183
235
119
247
120
245
158
222
185
218
126
183
222
202
124
219
125
54
251
189
63
190
190
245
238
131
191
167
223
122
31
135
93
49
243
121
95
125
253
173
187
185
251
255
126
55
121
253
250
213
156
252
255
127
222
255
254
255
190
231
95
119
190
197
247
237
255
247
177
95
246
246
184
222
110
109
244
255
124
219
125
123
125
179
127
254
245
55
238
251
191
191
215
248
31
252
85
55
243
127
239
127
255
165
218
190
247
125
236
55
125
253
255
247
222
253
251
125
63
254
255
251
254
231
121
117
114
244
246
237
255
245
251
127
123
119
232
221
120
255
254
255
120
249
117
127
221
123
61
246
117
245
108
187
191
190
15
248
21
254
93
20
242
119
255
127
223
108
250
191
242
125
173
62
125
189
252
255
191
253
251
237
29
254
247
255
254
230
57
241
242
238
252
237
189
245
251
127
127
247
255
221
248
255
126
254
249
233
127
124
93
107
61
246
113
244
125
186
255
188
7
246
157
252
85
54
243
183
253
255
223
108
254
188
249
255
254
54
127
125
250
245
212
253
242
127
250
252
223
255
222
103
255
55
254
165
183
239
63
247
217
119
214
254
185
218
110
183
222
203
124
219
117
58
255
189
127
254
183
119
238
203
191
231
223
122
31
167
93
49
243
121
223
125
255
207
155
43
159
204
254
183
185
248
27
125
91
132
239
174
95
36
93
230
246
129
219
196
46
211
119
99
154
114
3
94
80
40
33
223
102
223
176
115
123
217
117
81
254
26
110
208
85
247
111
153
190
24
5
240
13
222
73
19
242
55
191
90
95
166
251
242
197
153
151
194
140
87
9
207
69
21
202
183
238
54
30
127
147
52
37
10
189
243
69
250
215
255
109
2
186
214
41
134
39
34
215
130
73
78
74
33
203
165
233
157
28
253
54
197
128
145
236
44
2
54
227
89
122
112
57
81
93
25
250
178
201
155
223
226
223
215
129
239
197
63
202
191
126
127
188
255
147
124
47
6
127
247
103
251
215
23
62
167
187
222
58
166
239
107
86
203
73
254
138
51
249
229
113
189
94
189
166
199
137
199
251
61
3
177
255
113
126
120
109
113
125
153
250
47
230
108
170
191
253
177
125
253
126
222
124
125
63
253
229
203
252
195
240
241
114
189
124
125
181
5
147
255
95
125
255
253
204
223
42
255
243
169
58
254
223
74
28
84
231
242
73
187
125
158
12
254
21
207
29
190
226
175
188
218
219
110
181
