posters/Movie Poster 14.jpg
512 : 407
40
-80.9252
-1
0
100
226
0.0168526
31
-75.3791
-1
0
119
226
0.0159295
31
-63.9542
-1
0
168
229
0.010042
31
-72.2236
-1
0
127
229
0.0100503
31
79.8409
-1
0
135
267
0.0109047
31
5.05725
-1
0
143
254
0.0109611
31
-116.742
-1
0
109
229
0.0139616
31
131.73
-1
0
157
236
0.0128027
31
21.0375
-1
0
112
252
0.0110016
31
63.8247
-1
0
139
270
0.0149606
31
74.0938
-1
0
399
298
0.011235
31
36.8699
-1
0
129
239
0.0134458
31
142.585
-1
0
297
118
0.0107255
31
80.875
-1
0
121
277
0.0104658
31
36.5469
-1
0
170
256
0.0114603
31
51.539
-1
0
140
261
0.00943227
31
172.694
-1
0
157
234
0.00959957
31
62.8443
-1
0
120
269
0.00982317
31
-69.8637
-1
1
162
225.6
0.0137382
37.2
85.6677
-1
1
134.4
266.4
0.00771221
37.2
75.2917
-1
1
156
252
0.00949435
37.2
47.5224
-1
1
175.2
256.8
0.00958253
37.2
64.9831
-1
1
195.6
268.8
0.00784246
37.2
48.1798
-1
1
126
242.4
0.0096407
37.2
-90.4633
-1
1
123.6
201.6
0.00676175
37.2
41.1859
-1
1
130.8
248.4
0.00691065
37.2
-29.6831
-1
1
138
229.2
0.00641542
37.2
58.8775
-1
1
123.6
244.8
0.00673307
37.2
-74.1975
-1
2
162.72
226.08
0.00958335
44.64
2.81556
-1
2
175.68
233.28
0.00726748
44.64
76.2777
-1
2
154.08
252
0.00688974
44.64
18.9704
-1
2
168.48
236.16
0.00557454
44.64
-94.3354
-1
2
161.28
201.6
0.00506491
44.64
53.4828
-1
2
175.68
256.32
0.00523011
44.64
-145.408
-1
2
158.4
233.28
0.00454222
44.64
-112.557
-1
2
154.08
226.08
0.00517136
44.64
44.8549
-1
2
171.36
254.88
0.00521438
44.64
86.0995
-1
2
180
230.4
0.0044367
44.64
117.699
-1
3
177.984
229.824
0.0043808
53.568
-178.224
-1
3
179.712
216
0.0033032
53.568
40
64
2
195
8
136
39
28
0
11
134
130
33
128
17
16
125
143
4
16
96
153
0
50
80
66
17
129
133
0
5
152
0
16
224
28
194
136
72
8
130
160
162
58
48
141
144
246
16
78
16
169
144
1
50
9
215
16
17
194
18
52
112
82
104
121
0
195
0
216
33
16
128
23
36
144
32
129
1
17
61
163
4
200
64
10
0
34
68
18
1
1
133
0
21
128
0
80
240
48
114
168
80
24
2
160
166
62
48
23
16
198
16
78
16
169
252
1
50
24
151
8
17
194
2
148
64
70
32
121
196
15
162
48
1
110
36
79
0
64
234
4
66
132
138
166
139
12
163
69
22
139
244
3
87
207
17
128
144
6
34
8
12
3
113
168
1
36
77
0
40
48
48
163
77
13
55
236
88
32
121
152
209
94
4
0
129
8
65
161
0
5
13
74
3
5
33
16
0
76
4
15
128
64
58
5
64
68
72
166
9
8
4
0
84
32
180
2
93
135
128
0
0
18
0
72
32
48
65
168
188
2
194
136
64
52
16
162
196
18
165
110
17
32
73
8
208
29
20
0
1
2
67
184
2
22
40
72
10
19
8
154
39
147
18
30
6
2
149
0
49
16
41
67
76
150
65
212
192
48
192
19
0
144
224
12
80
64
21
96
216
36
146
170
82
90
0
64
144
83
20
12
80
133
128
78
155
44
24
5
114
29
221
89
16
242
59
156
88
18
38
219
133
206
68
0
136
152
3
64
168
21
34
73
72
57
204
161
66
96
135
40
193
66
40
240
77
52
13
2
173
14
1
84
240
100
76
154
64
178
133
190
215
22
8
151
64
226
72
128
129
37
84
36
73
31
135
8
144
64
32
44
72
86
34
185
1
210
5
2
20
160
5
16
162
4
40
64
12
13
4
1
77
102
4
32
64
64
0
224
72
181
5
48
56
10
1
1
148
64
152
128
0
0
40
1
101
2
58
161
20
80
116
76
16
144
0
0
32
128
14
13
40
2
2
0
0
215
100
104
199
225
205
88
0
18
68
78
32
2
161
176
74
161
132
10
9
8
38
109
3
204
96
35
78
151
147
49
33
44
0
8
144
22
36
202
8
44
51
154
38
170
184
241
154
24
116
138
67
161
102
208
9
90
102
14
137
68
0
81
12
112
193
43
33
4
33
0
137
76
3
77
128
68
2
4
0
13
73
132
74
32
131
0
80
130
24
128
80
48
28
0
128
26
3
5
8
4
65
24
0
130
13
10
129
16
0
130
4
96
44
128
1
4
64
40
17
26
0
2
48
0
0
32
130
133
40
72
0
2
69
130
237
27
0
90
100
16
134
65
41
113
48
1
114
212
65
112
192
4
0
243
2
152
136
6
246
136
1
200
93
36
82
186
66
114
129
84
208
212
16
15
192
4
228
77
153
36
152
0
240
29
159
9
16
114
51
188
72
23
36
216
1
38
17
2
136
128
6
76
66
0
40
3
160
3
130
1
107
165
33
64
192
33
67
64
68
221
185
45
2
8
33
65
215
36
84
186
16
56
33
84
96
64
56
175
197
16
181
79
153
172
24
1
240
28
156
65
16
242
19
189
88
87
32
250
131
4
9
131
143
64
145
141
74
227
23
4
49
6
107
160
12
22
4
144
8
144
172
0
32
144
24
10
146
27
19
27
32
164
145
74
10
67
138
2
144
81
68
8
0
6
160
32
19
8
18
5
28
1
68
98
144
32
40
56
0
156
104
200
197
10
131
32
201
72
33
202
136
0
138
7
192
196
203
161
130
13
131
68
76
132
138
0
71
204
8
1
144
10
42
8
112
39
85
186
0
98
205
132
129
52
24
2
76
14
44
160
137
36
80
52
209
95
141
0
16
104
33
172
76
6
32
240
129
192
68
6
137
64
133
204
160
5
173
74
62
109
6
40
99
52
37
113
96
2
160
100
6
239
177
42
211
10
99
41
220
36
69
186
82
32
233
252
114
92
56
47
212
80
244
108
153
172
24
5
240
29
156
65
56
242
51
188
88
215
32
248
33
134
0
10
136
132
3
0
98
124
32
3
160
59
133
5
98
33
161
32
208
36
25
69
80
188
13
38
2
10
1
71
199
36
65
176
48
8
41
108
100
84
40
135
85
80
244
75
24
172
24
8
244
24
140
65
34
242
19
149
90
71
32
122
3
18
0
130
159
168
1
24
70
16
18
5
160
28
32
33
98
116
1
16
192
0
129
64
0
156
0
0
146
10
1
73
28
36
209
176
96
66
9
68
69
85
18
3
68
0
228
77
16
52
25
4
162
24
142
1
32
34
22
180
8
7
36
88
195
32
129
130
192
66
2
142
66
1
10
118
34
167
130
32
75
3
37
5
9
197
41
0
10
213
25
41
162
138
2
9
16
71
1
147
0
0
15
10
36
0
40
161
13
24
124
164
66
4
97
176
133
98
96
170
104
44
0
96
4
17
80
74
1
2
69
130
200
136
3
112
96
20
2
65
140
121
16
1
98
68
5
32
192
64
136
113
14
152
12
22
190
8
17
73
84
100
80
186
64
114
1
4
197
212
24
7
192
0
244
79
16
36
24
4
224
28
143
9
8
114
50
188
72
23
36
248
5
203
134
88
32
122
36
118
128
16
100
128
2
145
134
11
9
76
163
77
34
143
96
147
74
43
149
128
113
4
0
64
220
18
48
168
1
4
0
32
58
186
56
55
124
241
55
206
80
160
111
208
81
88
146
0
49
194
3
135
64
100
5
219
10
3
0
130
39
17
3
8
4
2
17
0
57
24
49
3
92
150
65
208
0
50
192
114
0
144
144
8
18
128
53
201
82
44
210
170
67
72
0
64
164
67
20
12
209
132
192
78
26
168
152
5
114
25
222
81
0
114
51
149
73
211
32
123
10
3
8
178
2
19
4
6
36
162
49
0
29
160
49
18
84
26
65
208
192
240
64
146
128
1
224
200
64
192
181
192
121
12
130
36
91
72
0
72
44
3
52
9
84
197
195
78
27
168
152
1
50
25
89
89
25
98
27
148
9
146
96
96
33
198
133
10
136
140
4
25
96
120
40
203
172
51
12
13
103
231
161
32
192
37
91
121
64
205
33
38
27
0
33
71
215
36
80
48
113
24
161
100
102
94
58
175
212
16
213
75
152
172
24
0
244
29
157
73
20
242
19
180
90
87
32
120
186
218
127
239
255
249
255
248
252
189
254
223
239
61
92
252
255
221
127
123
236
198
173
124
47
255
253
187
255
83
119
255
209
237
245
124
119
115
249
245
251
223
251
63
221
183
254
109
175
189
223
133
248
191
159
77
80
246
55
255
216
95
38
255
3
192
0
10
13
64
128
8
2
2
48
4
32
0
73
33
4
34
0
144
192
0
12
64
0
128
9
0
130
10
1
82
160
140
209
0
40
0
10
130
162
16
0
136
16
82
176
72
18
8
16
0
148
1
64
2
0
32
2
48
0
208
66
73
0
3
33
148
32
134
11
91
6
68
131
2
193
80
48
1
164
37
64
70
214
37
80
195
80
58
128
12
0
128
1
65
207
36
83
186
88
104
192
72
112
92
48
143
209
80
177
79
153
172
152
1
240
29
156
65
16
242
19
189
88
87
32
122
34
6
8
130
11
152
128
9
6
80
6
4
48
20
105
37
2
20
0
0
192
18
152
96
48
128
8
0
22
10
25
82
32
164
83
16
66
66
11
2
129
85
64
4
0
198
128
73
1
45
16
4
62
1
143
10
16
98
42
44
64
12
34
177
65
65
141
152
67
83
87
78
32
2
173
140
80
164
38
107
137
84
24
108
10
209
224
32
4
197
136
12
49
8
16
9
208
4
145
203
2
97
7
144
18
171
28
53
22
156
100
140
21
32
118
20
9
88
166
14
152
108
41
28
77
84
18
241
3
70
0
11
4
0
132
128
2
130
56
0
0
0
9
0
4
66
0
144
192
0
133
64
72
128
5
0
2
0
1
82
32
44
209
0
57
0
0
0
34
2
0
136
20
144
16
72
18
8
16
1
52
0
72
64
0
34
2
16
0
66
96
33
69
11
134
88
0
10
100
118
0
144
36
129
66
209
15
138
13
72
161
78
6
141
68
147
75
41
128
192
33
4
0
65
222
18
49
168
1
12
18
32
50
186
184
167
60
176
71
206
80
160
111
208
17
88
147
12
39
202
11
199
64
96
135
203
131
198
68
2
220
136
6
0
170
33
40
74
140
55
196
17
66
101
12
32
200
66
26
104
38
212
13
55
190
9
1
4
149
229
92
27
96
147
39
134
7
210
8
145
1
202
124
145
64
85
16
36
13
226
167
175
24
76
160
12
64
69
54
185
74
2
8
178
7
55
14
5
4
226
113
0
25
0
49
7
28
26
65
208
216
242
213
50
16
1
128
132
16
208
53
192
97
24
130
32
217
72
32
64
44
3
52
9
84
69
130
78
26
136
152
9
114
25
216
89
3
227
19
148
0
82
72
98
2
130
1
2
205
152
134
8
234
49
10
70
161
23
4
17
66
199
12
32
192
2
11
108
4
148
12
39
150
42
1
70
21
228
90
18
96
144
47
2
5
64
8
17
4
192
252
17
0
85
16
32
37
128
174
171
0
64
146
4
64
69
52
124
72
201
142
216
34
211
94
54
21
134
45
136
17
228
63
202
157
24
96
239
134
121
70
131
9
119
151
116
65
230
22
225
223
18
195
168
146
104
250
105
112
63
245
109
183
52
245
110
159
170
184
71
242
29
220
92
17
243
115
255
121
251
233
234
33
134
132
170
137
164
166
21
48
120
40
201
172
57
6
5
111
195
161
224
208
101
219
121
64
93
57
38
122
0
33
71
215
36
80
48
113
8
32
96
116
94
58
175
213
17
215
75
152
172
24
1
244
29
157
73
26
242
55
181
82
87
32
250
18
212
24
7
239
216
146
1
10
1
63
78
160
18
72
176
100
130
4
144
65
32
1
64
160
20
105
104
134
43
131
48
36
188
73
68
106
3
136
130
131
148
0
9
128
70
188
20
129
215
3
38
60
129
67
235
18
83
188
36
48
27
96
8
1
5
28
68
32
152
84
32
50
20
15
68
140
117
0
0
4
74
132
161
196
112
128
226
40
6
128
80
108
97
149
97
150
80
144
32
39
74
146
129
80
181
139
100
164
2
231
79
19
83
41
71
60
1
155
13
63
83
58
141
64
187
103
200
33
6
1
2
141
152
134
25
208
57
42
67
160
19
0
1
111
199
161
0
192
38
139
93
64
221
25
38
22
0
1
78
207
164
80
48
117
136
41
96
97
84
34
167
69
64
180
67
184
172
24
0
244
13
157
65
6
114
183
189
66
87
36
122
12
1
161
180
2
101
44
103
5
234
75
4
81
132
59
34
157
72
195
194
176
48
86
147
153
8
134
192
64
212
61
192
101
16
67
40
153
106
128
64
40
33
21
42
230
101
131
106
59
200
168
67
242
93
24
24
135
3
19
240
99
34
72
226
12
43
171
176
18
115
40
247
1
202
194
148
81
132
187
226
138
92
193
75
6
144
228
147
13
136
130
129
64
68
60
201
96
18
245
170
20
254
1
148
128
33
212
36
98
134
67
234
30
40
126
181
67
93
53
24
128
200
11
232
77
14
99
179
163
212
80
2
221
136
6
8
106
1
168
106
174
75
196
49
102
167
4
148
73
130
57
100
70
134
105
43
147
10
193
32
144
172
28
222
66
17
5
246
67
194
8
137
208
90
252
20
128
53
16
0
104
130
199
43
24
48
32
60
28
86
54
9
