posters/Movie Poster 23.jpg
512 : 732
118
87.7485
-1
0
233
498
0.00424209
31
81.3326
-1
1
145.2
262.8
0.00213369
37.2
87.8134
-1
1
232.8
498
0.00346549
37.2
77.25
-1
1
145.2
267.6
0.00265473
37.2
87.6386
-1
1
331.2
498
0.00345835
37.2
-38.0728
-1
1
153.6
432
0.00320889
37.2
-43.1913
-1
1
151.2
430.8
0.00240681
37.2
90
-1
1
230.4
282
0.0021751
37.2
128.741
-1
2
210.24
318.24
0.0012106
44.64
-60.6422
-1
2
201.6
557.28
0.00165546
44.64
61.3097
-1
2
338.4
584.64
0.00171654
44.64
-77.6982
-1
2
328.32
551.52
0.00199713
44.64
77.3775
-1
2
208.8
581.76
0.00153603
44.64
-87.7395
-1
2
226.08
558.72
0.00198706
44.64
88.3445
-1
2
231.84
498.24
0.00200592
44.64
-34.2869
-1
2
241.92
522.72
0.00154161
44.64
87.6067
-1
2
329.76
496.8
0.00405666
44.64
76.321
-1
2
273.6
588.96
0.00195361
44.64
73.6335
-1
2
249.12
577.44
0.00169575
44.64
19.9164
-1
2
259.2
338.4
0.00181805
44.64
86.706
-1
2
144
498.24
0.00165249
44.64
130.486
-1
2
221.76
527.04
0.00127908
44.64
81.8699
-1
2
216
578.88
0.00153638
44.64
79.6634
-1
2
249.12
511.2
0.001272
44.64
96.6745
-1
2
230.4
280.8
0.00126529
44.64
58.5636
-1
2
260.64
505.44
0.00183216
44.64
-15.1541
-1
2
263.52
329.76
0.00157884
44.64
86.9872
-1
2
240.48
542.88
0.00141788
44.64
32.4712
-1
2
351.36
574.56
0.00138341
44.64
92.8222
-1
2
224.64
541.44
0.00165275
44.64
-7.37047
-1
2
263.52
558.72
0.00252734
44.64
90.8069
-1
2
146.88
266.4
0.00220646
44.64
83.4705
-1
2
145.44
262.08
0.00209428
44.64
127.569
-1
2
319.68
416.16
0.00133935
44.64
-88.2101
-1
2
321.12
561.6
0.00139782
44.64
-33.4399
-1
2
234.72
522.72
0.00122573
44.64
75.9638
-1
2
213.12
542.88
0.00181251
44.64
-74.9973
-1
2
331.2
561.6
0.00125073
44.64
76.373
-1
2
246.24
576
0.00214077
44.64
92.5448
-1
2
200.16
332.64
0.00225809
44.64
-45.7994
-1
2
151.2
430.56
0.0019241
44.64
49.5739
-1
2
335.52
577.44
0.00192885
44.64
93.6914
-1
2
226.08
544.32
0.00145795
44.64
-71.1568
-1
2
334.08
561.6
0.00159616
44.64
-27.1323
-1
2
283.68
534.24
0.0021842
44.64
-36.4692
-1
2
154.08
432
0.00215127
44.64
34.6008
-1
2
267.84
570.24
0.00116962
44.64
73.0725
-1
2
204.48
249.12
0.0011106
44.64
35.9097
-1
2
241.92
460.8
0.00116851
44.64
-101.821
-1
2
244.8
551.52
0.00110199
44.64
-83.047
-1
3
319.68
561.6
0.00152957
53.568
-2.9953
-1
3
262.656
558.144
0.0022537
53.568
-40.9717
-1
3
200.448
558.144
0.0014109
53.568
-70.4179
-1
3
328.32
552.96
0.00245969
53.568
83.8448
-1
3
198.72
333.504
0.00130816
53.568
86.1859
-1
3
238.464
542.592
0.00132381
53.568
92.9108
-1
3
224.64
542.592
0.00183119
53.568
58.8407
-1
3
212.544
542.592
0.00191319
53.568
81.1317
-1
3
233.28
537.408
0.00217881
53.568
-12.8968
-1
3
281.664
535.68
0.00274866
53.568
108.622
-1
3
221.184
528.768
0.00110245
53.568
96.4188
-1
3
210.816
528.768
0.00119165
53.568
43.2285
-1
3
240.192
523.584
0.00170731
53.568
115.796
-1
3
319.68
416.448
0.00128223
53.568
49.9392
-1
3
233.28
523.584
0.000955006
53.568
101.497
-1
3
324.864
414.72
0.000943043
53.568
59.3227
-1
3
233.28
516.672
0.00142422
53.568
64.3845
-1
3
248.832
513.216
0.00150025
53.568
57.9412
-1
3
259.2
508.032
0.00197416
53.568
121.39
-1
3
319.68
409.536
0.000808347
53.568
87.2028
-1
3
328.32
495.936
0.00498072
53.568
88.0909
-1
3
229.824
497.664
0.00181176
53.568
40.0303
-1
3
257.472
338.688
0.00149534
53.568
67.2759
-1
3
200.448
260.928
0.0007914
53.568
-153.279
-1
3
177.984
528.768
0.000782012
53.568
84.8464
-1
3
338.688
497.664
0.00125694
53.568
7.52382
-1
3
267.84
532.224
0.00154333
53.568
54.0903
-1
3
245.376
540.864
0.0010769
53.568
-18.4349
-1
3
278.208
537.408
0.00148598
53.568
62.2415
-1
3
200.448
532.224
0.000985865
53.568
-58.4258
-1
3
307.584
561.6
0.00130734
53.568
-85.5444
-1
3
224.64
559.872
0.0019868
53.568
117.072
-1
3
209.088
319.68
0.00145455
53.568
-165.343
-1
3
183.168
539.136
0.00106347
53.568
-110.854
-1
3
243.648
551.232
0.00107551
53.568
64.4703
-1
3
184.896
359.424
0.000590962
53.568
69.6468
-1
3
240.192
461.376
0.000622592
53.568
143.915
-1
3
181.44
286.848
0.000663415
53.568
25.5297
-1
3
255.744
528.768
0.000711016
53.568
73.6983
-1
3
203.904
250.56
0.000686323
53.568
91.5074
-1
3
228.096
279.936
0.000629948
53.568
-42.7974
-1
3
302.4
549.504
0.000648326
53.568
-47.4896
-1
3
202.176
276.48
0.000610977
53.568
59.5742
-1
3
177.984
319.68
0.000686389
53.568
110.556
-1
3
172.8
250.56
0.000522227
53.568
68.0513
-1
3
221.184
304.128
0.000540435
53.568
47.1211
-1
4
257.126
337.997
0.00104554
64.2816
115.787
-1
4
207.36
321.408
0.00114993
64.2816
109.142
-1
4
205.286
335.923
0.000815805
64.2816
82.6911
-1
4
240.538
493.517
0.0026001
64.2816
86.6933
-1
4
230.17
497.664
0.00143874
64.2816
61.9184
-1
4
259.2
508.032
0.00172263
64.2816
65.8037
-1
4
248.832
512.179
0.00122804
64.2816
84.7376
-1
4
232.243
516.326
0.00151642
64.2816
72.1213
-1
4
234.317
522.547
0.000905221
64.2816
52.2143
-1
4
240.538
522.547
0.00195515
64.2816
84.8827
-1
4
221.875
528.768
0.000886815
64.2816
31.8957
-1
4
257.126
528.768
0.000685998
64.2816
90
-1
4
228.096
279.936
0.0004733
64.2816
68.8387
-1
4
240.538
460.339
0.000571914
64.2816
74.1406
-1
4
219.802
302.746
0.000496878
64.2816
44.2655
-1
4
246.758
447.898
0.000429257
64.2816
174.806
-1
4
236.39
308.966
0.00043315
64.2816
131.241
-1
4
215.654
317.261
0.000399157
64.2816
50.9645
-1
4
217.728
294.451
0.000406225
64.2816
54.4623
-1
5
258.785
335.923
0.000767798
77.1379
57.2648
-1
5
266.25
323.482
0.000477316
77.1379
66.6951
-1
5
248.832
330.947
0.000533898
77.1379
118
64
197
205
130
17
192
78
135
134
42
197
47
206
130
239
70
174
233
225
37
103
76
135
182
49
91
223
189
46
193
10
34
49
192
37
69
186
82
48
237
252
112
92
56
175
221
90
180
236
153
172
24
5
240
31
156
65
16
240
49
189
88
87
32
250
172
239
226
215
51
221
245
111
157
213
254
255
179
222
254
238
251
181
103
75
247
47
242
119
125
255
21
47
87
218
118
239
207
46
103
190
210
122
233
124
121
125
48
175
221
118
53
239
185
172
153
9
240
29
158
81
48
242
115
189
91
95
40
250
195
205
146
23
192
76
4
130
10
5
47
206
146
231
76
186
237
130
37
103
76
132
164
17
91
223
189
106
195
10
34
49
240
36
69
186
82
52
233
252
114
92
56
175
221
18
188
172
137
172
80
5
248
31
132
65
16
240
49
188
88
86
32
248
188
237
255
221
51
253
245
127
157
213
254
255
191
254
254
238
251
212
255
107
183
62
242
119
125
255
151
51
125
219
118
175
207
110
103
254
214
123
249
252
123
253
241
183
255
55
125
111
187
173
191
141
248
29
159
84
48
242
115
255
123
95
173
254
245
13
178
21
200
134
52
247
10
101
7
75
194
197
130
12
236
235
33
71
92
173
82
211
218
122
180
238
192
20
226
33
199
36
69
186
82
56
233
124
112
92
56
175
213
48
183
111
153
172
24
1
240
29
156
65
16
242
51
189
88
87
32
250
65
7
135
208
7
115
1
62
133
230
80
4
11
216
3
7
136
92
33
99
194
167
204
51
74
171
128
4
80
0
56
75
87
34
145
40
82
104
101
0
112
32
58
15
64
4
97
234
24
40
24
4
209
28
156
8
17
162
35
159
72
22
4
250
1
7
135
80
5
115
65
126
161
116
20
5
10
217
2
7
136
92
33
106
194
47
200
51
74
171
128
4
80
0
48
73
215
50
145
40
82
104
96
1
112
32
58
15
64
128
97
235
24
56
24
4
209
24
158
8
17
130
35
159
64
23
4
250
56
240
125
184
54
125
127
249
221
254
252
154
221
37
223
254
219
212
225
104
124
240
200
250
253
245
179
185
251
219
119
249
210
68
213
234
254
121
249
112
54
221
255
61
87
148
116
125
155
173
153
128
138
29
142
93
76
228
57
121
95
207
104
182
111
165
252
90
35
211
85
6
243
36
173
168
126
255
166
91
235
178
50
241
227
115
115
183
246
103
196
29
107
93
212
97
159
110
3
190
74
80
115
124
122
155
124
101
213
112
247
110
181
174
14
76
240
25
210
77
56
247
43
157
249
241
234
218
193
2
128
129
200
210
6
4
35
103
40
10
128
53
54
35
9
97
168
41
136
209
106
40
72
85
25
38
32
10
19
71
21
144
209
1
0
200
46
2
36
32
104
49
55
12
116
177
16
200
32
52
135
233
162
174
1
76
0
4
192
209
81
234
199
5
16
54
65
2
38
7
2
0
9
32
34
134
130
18
99
2
5
212
11
136
161
2
70
204
232
9
194
44
160
32
32
37
52
154
1
64
1
214
2
66
24
104
204
29
134
12
73
36
80
4
112
26
176
105
16
113
33
144
24
6
50
72
193
142
134
129
201
218
166
144
56
251
42
79
130
245
75
41
73
41
185
231
204
197
90
249
67
95
25
38
220
7
35
87
223
131
81
97
81
205
237
34
116
52
40
191
221
24
255
177
157
204
24
53
213
255
152
235
83
252
179
181
212
83
16
250
5
6
128
0
9
0
0
7
32
2
128
34
160
3
130
1
8
40
1
208
193
70
91
67
80
16
16
1
32
12
1
64
143
0
195
170
0
8
33
0
36
32
56
129
81
81
51
73
16
44
8
8
80
25
88
8
26
34
23
181
8
83
108
74
193
10
130
9
200
218
6
132
42
33
42
10
130
149
107
171
5
41
168
132
204
133
14
128
67
69
153
102
129
6
131
19
249
17
81
33
16
130
238
10
38
52
40
55
21
218
190
177
144
200
4
52
149
109
65
130
23
77
128
52
64
112
80
72
195
205
147
31
192
72
24
130
10
33
43
206
146
165
78
186
229
130
37
69
76
132
38
17
203
207
185
106
195
10
162
48
240
36
69
250
82
54
233
252
82
92
56
47
220
18
172
172
137
172
80
5
240
31
148
65
16
240
49
188
92
86
34
248
130
202
5
99
253
184
162
56
184
25
214
79
168
17
72
161
128
205
157
152
228
100
138
248
97
156
25
166
252
67
43
222
31
233
217
0
127
155
237
33
205
52
74
22
193
163
250
113
170
85
141
32
221
229
203
168
70
204
150
172
194
31
116
28
245
13
179
21
192
6
60
231
2
197
69
67
130
197
2
30
237
139
33
71
92
173
210
211
218
123
240
236
192
16
226
41
207
36
85
186
83
56
233
124
112
92
56
175
213
16
181
111
153
172
24
1
240
29
156
65
16
242
51
189
88
87
32
250
135
204
138
15
139
192
144
141
30
193
45
239
178
126
239
252
105
178
36
147
197
3
247
96
19
207
241
43
211
58
151
115
165
36
69
178
83
80
233
252
114
93
60
43
213
86
181
109
153
172
24
5
240
29
156
65
16
242
51
189
88
87
32
218
6
34
128
32
28
0
0
3
2
0
1
98
192
3
130
17
0
1
0
208
193
5
67
67
68
144
144
9
2
44
1
64
135
44
68
170
40
8
1
68
192
0
16
137
193
80
161
79
16
172
8
0
112
16
24
1
16
51
19
181
8
83
96
75
132
130
86
229
249
176
170
240
56
217
194
91
194
81
193
1
128
205
141
107
196
108
138
120
108
154
25
246
252
37
33
95
119
209
220
32
117
249
184
165
197
54
59
22
225
133
218
83
8
223
61
55
213
229
159
40
6
207
151
135
64
87
37
127
131
214
4
35
205
208
143
136
58
123
40
75
172
45
64
53
229
231
37
240
200
2
50
120
66
221
185
42
210
2
35
51
241
36
85
186
83
48
233
244
114
92
56
175
212
82
252
117
153
172
24
5
240
29
156
73
16
242
51
188
88
87
32
248
178
49
27
135
183
64
217
172
214
128
151
114
61
74
83
212
127
150
70
150
7
186
165
70
188
151
245
41
146
186
198
184
36
44
39
222
254
17
203
93
169
89
181
88
128
116
152
44
227
174
211
131
56
2
244
115
96
51
60
121
61
13
160
218
7
34
128
0
1
0
0
2
0
2
128
34
0
2
33
3
8
32
3
208
193
22
81
71
64
16
20
1
0
12
1
64
143
12
195
170
8
8
1
8
40
1
20
1
80
112
34
75
18
44
136
4
50
25
88
16
34
34
19
177
8
211
108
75
120
83
255
255
54
53
125
255
181
254
85
155
29
190
187
94
242
212
89
110
58
152
196
50
28
168
178
25
219
216
124
187
240
36
53
251
86
127
17
116
50
75
221
30
94
132
73
220
141
45
94
133
122
30
149
77
144
240
41
220
93
78
34
179
63
241
125
185
54
125
247
248
95
222
222
159
221
61
221
246
255
214
65
98
244
112
132
114
237
253
241
121
123
90
127
251
210
100
213
186
86
122
249
117
52
93
255
47
84
148
244
111
139
173
25
133
186
29
140
93
72
162
59
251
89
207
38
182
124
41
255
180
50
79
241
239
93
252
94
21
81
182
187
230
235
212
209
106
196
177
198
51
45
200
144
1
90
203
62
235
85
36
117
250
86
122
201
84
240
85
245
38
69
134
101
110
159
172
187
133
242
29
156
72
16
98
59
249
73
15
32
254
140
10
18
229
232
204
162
193
25
121
74
79
210
117
90
160
229
137
189
162
205
140
174
88
127
94
57
226
204
199
187
215
117
243
89
97
117
231
236
130
193
20
72
30
201
134
254
145
201
65
92
52
221
71
139
233
71
93
3
164
70
43
16
172
7
241
89
46
49
8
125
78
195
130
173
248
97
2
228
251
227
132
6
89
3
2
100
6
229
133
225
137
67
41
40
120
176
132
44
222
2
55
129
247
138
202
56
105
178
87
4
12
193
167
118
6
104
21
103
44
144
242
41
236
61
86
98
177
79
17
128
50
21
34
44
14
0
42
192
32
32
134
161
19
75
28
1
208
193
133
193
11
4
136
226
13
82
32
32
64
17
164
148
187
33
108
1
84
32
192
22
105
71
21
7
206
88
38
24
4
96
24
124
1
144
162
63
145
12
6
176
34
54
252
121
42
48
88
52
75
219
130
175
248
117
54
236
250
251
132
39
73
5
16
61
21
245
213
101
9
71
139
2
120
160
132
109
222
66
59
137
246
50
222
48
53
22
214
52
236
193
37
102
20
40
21
231
76
144
240
40
236
89
92
98
178
5
2
130
40
9
32
33
206
48
56
66
1
0
137
139
129
74
44
129
64
224
128
206
57
66
137
0
130
217
0
33
71
125
130
85
48
49
182
37
36
238
102
26
6
72
131
66
193
24
100
92
16
213
30
141
0
146
224
167
132
200
70
34
113
174
255
238
222
55
127
213
255
191
209
188
253
63
191
254
239
251
212
103
107
21
127
244
119
125
223
149
59
127
218
30
232
135
110
119
254
210
120
249
116
127
221
54
191
221
118
117
238
185
172
223
9
242
31
158
93
24
242
115
191
91
95
44
250
172
207
234
220
51
93
245
111
157
213
238
255
19
94
254
238
187
148
103
75
183
46
242
119
125
255
21
35
87
219
18
234
135
38
103
186
210
120
233
60
121
253
48
183
221
118
53
111
153
172
157
9
240
29
158
80
48
242
115
189
91
87
40
250
145
165
210
38
1
2
172
75
115
200
0
99
54
226
160
88
230
18
164
7
65
12
97
67
226
154
98
9
10
104
172
33
30
36
60
178
49
76
1
244
65
74
28
66
234
21
209
206
73
166
56
149
98
2
60
73
30
50
54
137
24
93
129
75
65
2
130
3
201
130
166
0
32
57
2
71
130
229
2
1
64
41
169
148
200
69
75
73
66
80
24
38
168
0
3
70
31
131
81
33
49
136
109
2
100
32
10
1
69
73
255
211
88
76
8
52
213
104
88
171
15
76
151
133
0
113
80
74
138
218
1
99
253
248
162
57
216
25
222
79
233
21
72
161
1
205
207
24
228
98
138
220
105
220
25
166
254
67
35
222
29
201
217
0
125
155
236
33
205
20
67
180
69
163
190
113
170
89
141
40
221
229
202
184
102
204
150
236
194
31
124
28
44
238
125
40
18
125
161
205
233
194
233
252
113
54
237
235
203
184
71
73
53
80
53
148
181
149
5
137
71
206
62
144
232
68
239
142
8
114
201
188
186
95
116
52
22
247
54
164
139
45
230
14
250
21
101
92
148
224
9
236
89
218
106
19
64
10
130
1
201
130
34
196
8
57
2
7
128
129
11
3
68
9
169
132
200
133
74
217
66
72
24
166
128
4
35
70
95
129
81
33
17
136
37
66
228
20
0
6
69
13
43
177
24
76
8
48
215
125
88
235
70
104
151
181
8
67
80
78
6
32
128
32
8
2
0
3
64
32
1
34
64
3
128
17
0
1
0
208
193
4
65
67
68
144
132
9
2
44
1
64
7
44
68
170
40
8
1
68
128
0
16
137
192
84
129
79
16
172
8
2
48
24
88
9
0
35
19
177
8
83
96
75
61
53
240
180
219
231
163
89
165
68
199
54
181
94
185
85
250
125
195
102
243
119
210
103
84
252
212
125
50
250
95
137
135
76
195
158
129
200
249
93
44
17
118
225
101
121
183
111
188
190
137
41
242
53
88
81
40
42
83
163
171
143
173
74
1
7
133
208
1
242
33
126
177
116
6
5
3
153
0
3
137
92
161
41
192
5
202
115
76
131
0
6
48
0
16
73
215
18
145
40
80
232
108
0
112
48
58
39
69
132
117
235
16
8
57
20
209
88
158
8
17
66
35
157
64
23
5
250
71
5
16
54
81
34
38
78
0
0
169
32
32
130
128
19
98
10
1
212
11
138
161
3
70
136
232
13
18
44
160
0
0
37
52
154
33
32
5
196
0
192
28
73
72
89
38
140
64
38
80
4
96
18
96
33
24
48
33
176
8
6
176
72
54
254
121
42
48
88
20
79
243
146
173
248
117
55
236
251
251
134
7
105
1
80
117
23
229
133
97
9
103
43
8
120
176
196
45
222
98
50
137
244
34
222
56
53
22
214
116
236
193
37
102
20
40
21
231
12
144
240
40
204
89
92
98
147
64
2
130
1
201
130
162
197
8
171
2
7
128
129
11
2
70
9
169
68
200
133
74
217
66
72
24
166
128
4
35
70
95
129
81
33
17
136
37
66
36
4
0
6
69
141
11
145
24
76
24
48
151
125
24
235
70
104
151
181
8
67
16
102
45
206
110
233
185
253
167
249
189
255
70
255
141
63
217
141
139
253
253
43
252
103
222
120
121
253
29
182
125
83
35
223
223
192
223
32
245
155
253
58
253
60
106
183
213
225
126
115
187
221
188
41
245
229
223
124
54
206
247
173
210
223
44
254
69
14
142
144
1
115
33
126
37
244
6
4
2
153
35
39
137
92
161
105
128
135
238
51
79
137
8
4
80
0
48
75
213
18
241
40
16
232
37
0
112
48
58
39
77
4
97
234
24
40
56
20
209
93
156
8
17
128
35
156
64
22
4
250
131
0
0
34
217
168
38
64
32
9
130
99
160
69
196
17
226
77
5
64
73
164
9
80
70
152
40
11
210
4
41
4
82
36
92
186
1
42
5
196
193
66
24
10
64
81
206
21
8
36
16
4
96
30
141
41
16
176
51
180
12
86
34
41
38
34
128
2
153
72
4
13
198
0
138
113
33
87
134
17
251
34
227
144
193
34
59
70
70
221
81
33
130
138
3
192
141
44
71
182
32
16
105
68
109
20
50
163
69
113
181
108
176
164
200
8
226
28
90
1
38
50
135
181
8
87
36
74
1
4
68
10
136
128
33
0
96
100
2
5
136
41
9
1
66
32
1
96
232
96
25
224
80
40
0
0
42
0
9
69
113
100
17
48
1
130
1
10
132
66
24
130
64
192
64
65
1
36
24
0
52
24
13
9
56
96
11
148
8
6
34
97
192
202
130
81
200
26
130
130
24
57
46
79
130
245
75
168
68
11
189
134
76
141
46
208
67
66
24
102
133
0
138
22
251
35
80
97
113
135
134
160
211
54
8
22
89
142
203
145
193
73
28
180
149
111
139
171
87
76
36
52
68
112
19
233
193
2
134
1
201
130
166
128
40
57
2
79
130
229
3
1
72
41
169
132
200
197
75
233
66
88
24
166
168
4
3
70
31
195
65
33
49
136
109
10
108
32
8
3
77
105
127
145
120
76
8
52
213
234
88
171
79
76
151
133
128
113
209
78
1
10
135
41
137
32
161
254
184
56
226
1
0
41
139
129
2
44
129
96
224
130
238
184
66
168
0
130
217
0
33
79
125
128
80
48
53
162
33
172
207
86
26
6
72
227
74
193
56
108
92
48
212
30
141
8
134
224
135
164
192
70
2
117
65
6
0
163
200
192
166
4
40
123
42
5
128
39
11
160
9
10
161
32
200
1
78
40
64
213
25
38
8
3
35
71
21
211
121
33
53
197
108
2
37
36
106
97
7
128
126
177
80
64
124
52
133
194
40
170
143
76
142
36
196
35
17
38
193
202
134
1
200
250
166
208
40
187
42
79
130
213
75
41
77
105
189
6
204
133
10
216
67
125
25
166
140
7
35
87
223
131
89
33
81
173
237
34
101
20
42
55
93
25
254
177
152
204
24
49
213
239
136
235
86
204
151
165
196
83
16
126
127
53
245
176
222
167
39
73
229
69
215
118
253
127
178
85
250
125
99
118
247
125
82
103
222
254
212
255
106
254
95
137
135
78
215
190
168
88
121
93
108
17
245
225
197
89
245
111
158
174
137
74
242
52
88
81
104
182
83
187
170
159
253
90
31
241
89
42
21
56
61
78
195
130
233
184
101
2
228
219
226
212
7
73
1
18
228
23
229
129
101
137
83
40
120
56
240
12
172
158
2
62
1
244
138
202
60
9
18
119
0
76
147
45
118
4
104
21
231
76
144
178
41
248
57
86
98
177
54
248
121
42
18
88
5
79
195
2
173
184
117
22
236
250
243
148
7
73
1
18
237
21
237
133
101
9
71
10
24
104
176
12
228
222
66
50
129
246
186
219
48
41
22
246
36
236
131
37
118
4
40
21
231
77
144
240
41
252
89
86
98
177
45
228
109
40
16
125
37
121
249
142
234
180
96
6
237
227
131
108
195
64
113
80
28
148
85
44
5
129
65
30
59
144
232
12
199
170
24
50
9
180
58
212
30
164
86
247
38
96
58
45
38
12
200
29
68
16
148
160
11
172
74
210
110
176
63
241
121
40
16
120
61
78
195
142
233
184
97
12
204
251
227
228
39
73
33
18
228
20
173
173
37
137
83
14
112
56
224
12
172
222
2
60
1
252
58
202
48
41
22
114
52
188
139
173
118
4
104
29
39
64
144
176
41
248
93
214
98
177
40
142
102
233
189
253
163
125
189
253
198
205
141
61
121
133
139
253
235
43
244
99
222
249
113
125
25
182
125
83
35
215
221
194
251
48
245
251
253
32
253
53
122
183
85
225
126
115
184
217
188
41
245
173
143
92
54
198
231
173
194
95
44
94
50
240
113
174
23
76
25
206
198
68
253
180
53
10
221
252
255
182
102
80
32
130
164
36
188
157
253
73
147
186
214
249
128
44
39
222
226
112
137
92
35
217
53
169
156
16
180
108
195
167
215
137
186
18
164
81
160
242
40
120
60
207
32
179
58
50
113
174
22
101
133
255
198
196
251
52
101
12
217
244
255
214
67
64
48
2
164
4
156
189
109
9
147
154
114
249
96
44
127
158
196
48
9
93
41
64
21
170
78
160
52
108
138
53
215
137
178
18
132
81
160
48
0
120
94
79
44
52
173
38
239
1
48
55
181
246
241
252
244
49
77
57
147
70
138
108
195
107
241
193
118
182
92
41
140
147
105
221
113
203
253
72
4
250
222
48
17
188
92
38
58
150
192
224
67
72
59
44
207
11
209
28
156
28
190
230
43
156
234
150
104
251
147
181
147
38
17
2
216
10
83
136
212
247
50
66
128
80
226
22
164
23
3
44
193
67
228
154
115
9
2
106
12
56
30
38
60
146
53
76
75
180
193
97
191
66
170
21
17
238
65
182
121
215
250
2
44
72
4
50
54
235
25
13
161
11
237
38
101
208
48
55
35
246
244
252
228
145
77
185
146
198
138
236
203
105
121
192
116
180
29
41
141
145
105
220
113
201
241
72
102
186
220
48
49
252
254
86
58
151
208
226
66
72
57
173
239
11
81
29
159
28
172
228
3
156
202
214
104
249
23
241
17
38
16
0
248
74
195
8
209
245
96
66
132
80
170
6
132
3
67
40
160
66
236
154
98
137
2
104
12
88
150
38
60
154
44
120
3
53
65
235
159
66
162
20
129
78
0
54
97
70
106
2
44
1
4
50
22
203
25
79
167
27
252
38
103
144
48
55
33
247
245
252
82
149
95
181
210
198
218
220
199
105
120
208
244
182
93
168
132
146
104
216
57
219
96
68
102
186
212
122
145
252
220
87
17
150
194
166
64
76
155
45
237
137
82
29
159
92
172
244
67
220
75
86
42
255
248
35
247
213
50
117
169
247
213
252
82
149
93
176
187
230
250
212
193
107
88
209
230
178
29
168
180
145
123
216
62
219
97
36
119
186
212
114
129
116
212
85
85
30
194
134
65
108
159
44
255
141
242
31
148
92
128
242
35
220
95
78
42
251
60
41
255
181
34
79
241
239
93
248
94
21
81
180
251
226
187
212
193
107
84
177
230
178
29
200
144
129
106
203
63
235
117
36
117
250
86
122
201
116
208
85
213
38
229
134
97
108
159
44
255
133
242
31
156
76
4
242
59
249
75
15
32
254
147
185
147
38
17
2
252
74
211
136
214
243
34
130
128
88
230
6
164
21
1
12
193
71
231
154
113
9
66
40
136
40
30
36
60
214
53
12
131
245
65
206
191
99
170
21
20
206
225
182
57
151
104
2
61
65
4
50
54
233
17
13
129
10
243
45
147
23
0
70
28
167
66
197
85
151
146
230
2
26
237
131
33
215
92
173
195
211
219
127
241
232
192
154
226
41
207
36
69
186
91
56
233
124
112
92
56
175
213
16
181
111
153
172
24
5
240
29
156
65
16
242
51
189
88
87
32
250
211
200
147
14
0
72
24
134
10
129
41
142
18
164
78
186
229
130
37
69
76
132
36
16
199
205
249
104
195
130
162
48
240
36
69
250
82
118
201
252
210
94
56
47
220
22
164
108
153
172
80
5
240
31
148
73
16
242
49
188
92
86
34
249
13
166
213
97
184
176
164
120
112
153
196
115
196
49
128
1
234
205
169
105
193
109
74
241
100
27
17
182
124
69
33
71
223
67
60
176
53
249
61
52
117
182
58
55
105
133
91
195
8
117
108
116
240
150
138
12
22
204
135
143
64
7
165
90
5
164
85
46
153
72
167
76
248
0
142
125
36
119
206
224
227
0
131
0
197
42
239
100
101
204
64
3
235
11
11
110
189
36
101
250
50
147
201
252
83
220
24
34
68
83
237
101
169
36
75
4
240
31
153
73
56
240
47
172
24
70
34
216
211
201
139
94
38
75
93
166
211
134
61
152
94
164
6
154
45
3
48
159
14
157
228
131
235
215
247
124
65
40
214
40
146
61
32
239
138
13
242
121
50
187
189
105
191
60
181
238
215
170
99
215
41
121
52
198
249
191
121
123
61
240
209
234
192
173
151
150
64
70
60
231
114
193
37
203
2
227
134
10
239
131
33
103
84
173
114
146
219
91
177
234
193
136
162
32
215
36
69
186
83
56
233
124
112
92
56
175
213
16
245
110
153
172
24
1
240
31
156
73
16
242
51
189
88
87
32
250
8
170
206
233
190
249
160
244
124
184
198
205
120
20
251
233
203
248
203
234
245
81
79
249
99
41
16
162
125
71
59
199
253
64
211
32
87
242
233
48
252
21
90
54
85
231
115
227
186
124
141
5
246
29
219
89
54
194
175
165
210
219
102
223
77
32
109
56
22
241
59
124
208
174
210
52
81
132
217
226
128
92
67
64
105
144
132
156
12
40
172
129
81
77
61
152
120
12
149
235
94
115
1
85
154
196
23
14
86
183
130
88
59
44
26
7
72
29
5
16
148
162
43
248
77
134
98
181
40
142
102
225
169
253
163
249
189
249
198
205
129
61
233
133
139
253
233
43
244
99
222
249
113
125
25
166
124
83
35
215
205
194
123
48
117
219
237
32
253
53
106
183
69
225
126
115
184
217
188
41
245
141
143
76
54
206
167
173
194
79
44
222
45
34
125
40
16
125
37
124
192
14
202
52
97
15
217
227
203
108
195
96
113
194
44
148
77
125
29
129
105
14
99
217
88
6
197
190
4
178
13
28
60
84
50
167
84
225
38
224
58
61
231
56
192
29
70
20
172
168
11
232
202
134
108
178
64
38
135
1
200
214
162
245
72
186
2
7
192
37
11
0
12
9
203
128
216
69
90
216
210
80
28
166
136
132
35
70
77
145
75
33
29
136
44
2
44
20
0
166
69
232
58
177
58
72
8
43
151
237
88
186
70
76
151
165
194
67
88
102
193
14
130
9
200
218
6
132
42
33
43
10
128
213
75
169
5
43
56
132
14
133
10
192
67
69
25
102
128
6
131
6
189
147
65
1
0
130
238
138
38
52
8
177
53
218
191
129
80
72
32
114
21
107
65
162
99
77
128
36
0
112
81
72
107
181
220
126
19
195
87
78
243
0
141
168
124
126
164
91
239
179
51
253
163
123
83
103
244
235
224
125
107
109
221
97
159
111
37
158
74
121
123
126
61
203
124
107
149
125
117
110
149
166
26
4
226
24
242
77
56
246
191
157
57
79
162
218
211
1
153
86
32
6
93
38
195
4
53
192
15
241
20
26
52
131
54
191
6
239
224
135
218
131
199
92
34
184
196
104
146
60
32
174
138
12
210
201
66
170
185
225
184
120
181
110
83
162
161
219
96
24
50
158
105
115
80
91
56
244
213
203
193
139
130
87
201
74
194
134
8
129
14
79
130
245
75
168
4
1
188
151
78
141
47
65
99
66
26
6
133
2
10
22
190
51
96
81
17
7
206
128
195
52
136
86
9
14
9
144
69
65
71
244
21
103
129
170
83
77
132
37
4
97
147
73
156
251
222
253
191
121
252
242
63
153
255
255
254
246
254
249
255
223
127
251
103
191
231
251
175
95
243
251
253
111
246
254
255
119
125
254
87
127
249
245
123
93
251
127
253
183
255
127
205
191
31
215
248
191
159
77
18
247
53
255
125
127
165
254
23
22
48
40
0
22
4
3
34
78
0
0
4
33
1
21
100
234
1
224
192
64
16
67
220
128
96
73
0
16
232
65
100
0
148
172
41
32
1
72
36
2
24
136
64
128
192
78
18
44
24
0
32
24
93
65
0
98
27
148
72
130
106
97
218
27
146
86
99
3
92
139
199
163
179
34
179
194
34
90
244
147
126
215
15
191
113
7
214
214
247
111
130
184
190
48
74
61
70
255
202
60
194
215
72
72
53
121
171
109
133
15
221
174
16
7
98
26
253
211
17
115
49
61
61
52
176
58
45
174
175
9
60
117
161
246
216
190
214
53
64
28
155
224
137
236
195
202
241
19
206
156
25
41
28
128
77
85
115
219
237
8
197
168
94
178
233
60
248
20
50
190
84
227
19
105
187
236
15
13
208
29
216
80
38
192
15
252
202
211
108
246
38
34
1
38
157
72
6
13
196
0
170
113
33
71
134
49
235
36
35
80
193
34
59
68
68
221
81
33
146
138
3
196
141
44
71
190
41
16
105
68
109
84
48
163
68
113
189
76
176
164
200
8
224
30
24
1
0
48
135
177
8
71
36
72
56
50
124
139
62
253
183
113
95
222
94
21
221
62
249
244
243
214
193
98
213
112
133
114
141
220
160
25
126
206
255
251
114
100
213
186
86
122
217
84
52
85
223
46
68
134
228
111
159
45
153
5
178
29
156
93
8
98
59
248
89
15
36
244
77
170
47
169
232
253
166
208
56
255
66
79
208
53
251
129
137
109
185
42
236
81
94
216
45
93
25
166
204
71
51
215
85
209
223
33
117
251
237
34
108
20
106
52
87
133
126
49
190
221
56
37
215
245
156
248
70
204
151
165
198
219
120
246
133
234
85
32
201
106
38
74
56
57
236
239
194
117
198
168
1
41
165
17
228
204
40
232
103
223
89
242
173
7
3
71
153
211
121
96
53
128
125
170
79
188
42
243
252
19
126
225
96
211
105
240
205
231
106
174
111
156
134
32
132
117
213
12
28
163
65
233
234
145
170
96
204
154
210
119
241
118
153
96
144
137
75
218
229
53
195
215
157
40
6
133
68
206
189
218
127
46
79
190
95
58
201
60
216
117
209
14
81
167
163
107
187
108
137
67
242
29
216
81
70
227
23
181
104
123
98
119
51
53
154
18
21
2
12
10
194
2
145
50
162
138
128
83
118
35
38
213
65
134
193
71
198
144
245
9
18
56
224
96
74
44
132
190
10
40
1
92
104
64
52
169
209
113
180
109
154
174
24
5
240
24
92
65
0
51
51
177
56
211
104
106
149
244
93
100
249
56
119
120
176
61
236
123
236
127
196
97
226
237
159
96
225
102
136
252
110
110
45
147
252
13
97
125
250
68
156
254
86
177
177
253
95
222
26
151
244
227
214
77
169
181
26
36
104
159
143
77
56
254
63
140
216
150
39
184
21
182
215
100
49
160
165
126
240
144
198
113
230
51
130
1
234
236
171
105
225
12
74
241
229
57
88
243
124
12
96
109
221
97
53
186
21
184
61
52
125
148
58
55
109
161
126
229
168
53
109
52
240
30
138
77
62
220
167
205
72
7
37
90
123
181
213
30
19
195
91
78
227
160
133
189
252
175
167
91
239
51
50
118
171
127
83
103
212
248
240
125
107
109
252
100
223
109
37
190
2
105
121
126
61
201
124
43
191
125
237
47
157
166
24
5
178
24
60
77
56
182
187
185
57
79
162
66
60
41
187
183
131
205
249
201
207
194
131
54
241
238
251
118
251
51
98
82
191
63
211
69
151
252
242
109
66
254
254
171
79
44
71
190
146
111
233
92
56
93
117
106
231
117
189
63
157
174
152
41
178
29
92
113
56
114
127
185
59
143
169
66
194
85
130
60
5
64
4
143
2
128
41
139
2
133
7
59
101
142
33
213
72
128
100
16
68
205
233
105
211
0
162
48
224
36
85
186
82
48
129
244
114
94
48
175
212
82
132
108
153
172
24
1
240
29
156
73
16
242
51
188
88
86
34
248
210
201
18
12
0
72
28
135
10
128
61
140
18
132
78
186
237
138
5
213
72
128
36
16
203
141
233
72
193
2
162
48
240
36
69
186
90
50
129
244
210
94
16
46
212
22
164
108
153
172
82
5
240
31
149
73
144
242
49
188
88
86
34
249
56
40
223
179
18
75
177
239
93
248
94
21
49
182
251
226
235
212
193
107
196
145
230
50
13
137
144
1
91
202
63
235
245
36
117
186
86
114
201
116
208
85
92
38
68
134
97
108
157
44
95
5
242
29
157
73
16
242
43
248
73
14
32
250
120
42
247
147
18
85
160
239
85
248
82
149
93
178
187
230
250
212
193
107
88
144
228
178
29
137
160
1
75
200
62
251
113
36
117
186
86
114
129
244
208
85
84
30
66
134
65
108
157
44
95
5
242
29
157
77
128
240
35
252
91
14
34
251
56
21
119
166
22
101
57
251
55
206
83
17
29
168
241
214
254
212
69
109
56
208
164
48
29
185
161
25
122
218
124
185
112
100
60
250
82
116
17
84
180
65
125
14
74
132
64
124
141
45
86
5
106
30
132
77
152
240
41
216
93
14
32
179
56
39
117
178
18
117
37
247
228
254
120
16
93
169
145
102
243
212
103
105
56
192
244
180
28
173
165
185
123
154
112
185
112
100
54
186
214
112
17
220
126
64
56
175
66
32
64
228
11
45
246
8
104
28
132
93
136
240
99
216
95
150
40
176
44
38
111
129
16
119
161
247
245
254
100
17
77
59
147
102
139
76
195
106
240
192
252
180
88
169
140
144
105
152
57
219
101
68
7
186
212
48
17
252
124
68
56
134
64
160
64
72
59
44
239
9
208
28
156
92
172
228
67
220
74
150
104
248
58
243
117
170
22
101
45
127
198
78
248
144
109
45
148
246
251
244
103
96
48
82
181
52
156
189
37
169
83
154
112
185
96
36
223
158
132
116
9
252
46
66
52
171
86
16
116
244
138
164
214
8
98
28
132
85
136
176
33
216
95
198
40
176
45
46
239
9
62
125
161
246
216
252
222
21
89
61
219
224
137
236
195
106
245
81
94
148
29
41
28
128
236
85
51
219
237
40
69
168
94
50
233
60
248
21
26
190
84
226
147
105
187
44
13
13
208
29
157
64
38
226
11
188
202
199
104
244
56
51
84
214
54
213
134
113
103
208
90
21
61
118
249
112
247
214
65
106
197
112
133
114
141
76
160
29
62
206
157
249
114
100
87
186
84
122
217
84
52
85
213
46
68
134
228
110
158
45
157
5
178
29
158
93
0
98
59
148
73
14
32
240
23
22
16
32
12
20
0
7
2
74
16
4
0
1
1
21
100
202
1
208
193
0
17
65
156
0
104
73
18
20
169
64
68
32
148
170
121
32
1
64
132
66
24
136
64
128
130
76
24
44
24
4
34
24
156
73
2
114
19
148
72
2
42
97
165
245
125
92
252
182
119
120
242
29
172
123
236
127
196
45
226
229
159
98
245
110
16
246
230
238
165
191
254
13
97
121
250
70
148
254
82
57
177
253
95
222
26
151
244
114
213
79
169
181
24
5
120
28
143
77
56
246
51
142
248
214
39
249
2
6
0
42
136
128
160
1
64
42
2
5
128
6
41
33
66
64
1
192
193
32
9
88
64
8
0
129
2
4
41
86
101
164
93
178
49
98
9
4
129
68
16
10
68
134
130
65
24
108
24
4
182
12
8
1
2
98
11
180
72
2
34
32
243
217
139
190
7
66
89
14
215
166
149
188
51
206
6
126
61
54
18
215
174
191
231
15
149
226
242
79
83
185
206
105
131
190
163
127
138
15
194
123
18
235
229
104
179
88
165
110
215
170
155
195
36
25
116
211
249
179
249
123
189
240
219
207
115
181
179
62
65
198
95
15
231
194
169
168
101
203
135
31
255
39
34
87
154
43
87
7
212
195
230
109
3
184
192
32
135
45
39
191
170
44
107
124
42
74
52
233
183
120
181
110
241
174
88
75
176
24
116
67
152
178
83
185
58
69
186
99
133
236
125
97
248
248
243
240
248
29
238
123
206
123
200
160
226
237
159
98
229
40
46
244
238
47
5
163
236
15
99
127
255
98
68
254
94
179
249
188
219
148
26
151
192
99
218
71
169
173
15
5
248
29
141
65
54
210
51
172
216
150
36
248
21
178
85
36
48
224
161
120
240
148
198
117
236
63
129
0
235
204
131
105
225
10
192
244
236
189
21
185
124
14
99
45
220
100
101
158
20
184
9
124
125
20
59
167
108
161
126
108
168
181
109
48
240
30
158
77
44
242
19
205
88
7
36
218
37
47
245
36
144
140
161
75
225
68
130
119
197
59
216
5
234
40
227
96
113
14
16
245
214
56
21
137
44
158
104
132
204
108
103
158
128
58
9
12
237
20
24
135
104
97
190
236
168
36
232
56
240
30
12
73
44
242
19
165
106
71
32
122
149
34
245
68
184
104
161
126
224
21
210
117
111
123
146
192
106
196
199
105
225
10
166
245
14
171
4
147
172
12
97
204
93
108
100
190
84
50
137
156
205
84
27
150
200
161
216
76
168
181
205
129
240
30
159
73
36
114
3
140
104
71
36
124
