posters/Movie Poster 78.jpg
512
401
250
-111.777
-1
0
268
258
0.0044243
31
-105.208
-1
0
291
242
0.00697811
31
-143.569
-1
0
356
265
0.00580218
31
-126.564
-1
0
325
242
0.00633502
31
-93.6914
-1
0
399
217
0.00732047
31
-87.2276
-1
0
233
266
0.00535353
31
-111.595
-1
0
366
242
0.00726531
31
-103.514
-1
0
400
223
0.00468264
31
71.1226
-1
0
387
111
0.00503892
31
66.2126
-1
0
383
111
0.00640031
31
-93.0692
-1
0
233
258
0.00535579
31
-137.94
-1
0
366
266
0.0154839
31
-78.3106
-1
0
146
284
0.00604518
31
-106.085
-1
0
308
258
0.0106599
31
-60.9047
-1
0
126
267
0.00498604
31
-153.699
-1
0
261
282
0.00692294
31
-162.277
-1
0
363
255
0.0100034
31
-92.5667
-1
0
399
241
0.00568097
31
-117.23
-1
0
254
267
0.0103943
31
-101.689
-1
0
275
267
0.0131735
31
176.147
-1
0
105
165
0.00665828
31
-98.4444
-1
0
291
267
0.00552077
31
-99.5491
-1
0
410
242
0.00978709
31
-130.862
-1
0
369
267
0.00911981
31
-100.609
-1
0
293
241
0.0061161
31
-111.71
-1
0
302
259
0.00634699
31
-15.3616
-1
0
115
268
0.00547136
31
59.7151
-1
0
383
107
0.00757377
31
-84.8978
-1
0
232
268
0.00556044
31
-128.873
-1
0
354
281
0.00458562
31
-120.662
-1
0
378
222
0.00893631
31
-73.1416
-1
0
405
227
0.00594636
31
-123.238
-1
0
152
265
0.00826909
31
-135.579
-1
0
253
281
0.00810744
31
-52.4671
-1
0
410
227
0.00696473
31
-114.341
-1
0
365
239
0.00918888
31
132.99
-1
0
377
278
0.00555994
31
120.7
-1
0
389
282
0.00525235
31
-140.984
-1
0
156
264
0.00896632
31
-113.416
-1
0
149
264
0.0106362
31
-105.967
-1
0
244
269
0.00546425
31
-120.526
-1
0
253
269
0.00709247
31
-112.496
-1
0
408
255
0.00448494
31
-57.6698
-1
0
341
269
0.00582507
31
-106.189
-1
0
264
239
0.00665785
31
-122.897
-1
0
251
270
0.00484554
31
4.55836
-1
0
116
249
0.00458862
31
-105.255
-1
0
269
270
0.00762241
31
-126.607
-1
0
396
263
0.00598379
31
74.4601
-1
0
385
122
0.00694099
31
-58.921
-1
0
343
270
0.0093489
31
-97.7119
-1
0
395
214
0.00531982
31
-160.931
-1
0
170
287
0.00453477
31
-86.2427
-1
0
404
238
0.0143942
31
-110.768
-1
0
299
263
0.00708171
31
-42.0768
-1
0
405
203
0.00619782
31
-85.4796
-1
0
281
252
0.0046174
31
-107.64
-1
0
265
271
0.00510507
31
118.113
-1
0
402
271
0.00638844
31
-118.009
-1
0
339
237
0.00446758
31
172.991
-1
0
160
258
0.00654524
31
-93.5763
-1
0
138
267
0.0054265
31
-51.9003
-1
0
133
284
0.00538251
31
-93.5073
-1
0
277
263
0.0141185
31
-110
-1
0
346
236
0.00451918
31
-98.9537
-1
0
275
263
0.0146707
31
-105.9
-1
0
269
263
0.00535696
31
-94.8559
-1
0
319
252
0.00737519
31
-73.54
-1
0
129
274
0.00592532
31
-124.509
-1
0
399
262
0.00529799
31
-109.516
-1
0
242
274
0.00565829
31
-83.2204
-1
0
400
235
0.00831997
31
-177.478
-1
0
358
274
0.00504293
31
-112.718
-1
0
198
98
0.00538823
31
-107.381
-1
0
333
252
0.00541942
31
-96.8654
-1
0
394
235
0.0134964
31
-124.944
-1
0
378
220
0.00748429
31
75.8974
-1
0
390
119
0.00793431
31
134.412
-1
0
149
229
0.00486438
31
128.144
-1
0
387
279
0.00606979
31
-143.537
-1
0
362
262
0.0084461
31
73.2749
-1
0
389
125
0.00454165
31
-131.891
-1
0
256
275
0.00483691
31
-114.121
-1
0
148
262
0.00701037
31
-96.5497
-1
0
399
229
0.0102833
31
25.9065
-1
0
287
279
0.00463416
31
-103.523
-1
0
142
262
0.00604038
31
36.2471
-1
0
121
231
0.00920782
31
-48.0802
-1
0
126
262
0.00469393
31
-107.771
-1
0
299
254
0.00501626
31
-116.86
-1
0
363
231
0.00567382
31
-112.128
-1
0
305
260
0.00794697
31
-116.402
-1
0
253
261
0.00793896
31
-149.309
-1
0
352
244
0.00608357
31
-102.348
-1
0
398
219
0.00822836
31
-107.298
-1
0
144
261
0.00884729
31
-131.545
-1
0
380
219
0.00719131
31
-153.991
-1
0
377
260
0.00728828
31
91.7663
-1
0
398
280
0.0032231
31
-67.0242
-1
0
329
260
0.0040981
31
-140.983
-1
0
356
261
0.00367764
31
-122.829
-1
0
388
261
0.0033731
31
-77.9148
-1
0
284
256
0.00344901
31
-74.7449
-1
0
405
232
0.00418028
31
60.4146
-1
0
396
112
0.00365953
31
-99.1984
-1
0
315
253
0.00416698
31
-133.218
-1
0
344
219
0.00336621
31
103.559
-1
0
317
276
0.00323536
31
-3.11967
-1
0
180
219
0.00424941
31
40.2921
-1
0
147
214
0.00428137
31
-103.54
-1
0
272
254
0.00350396
31
-77.8557
-1
0
233
274
0.00377248
31
-95.5275
-1
0
290
272
0.00426138
31
-76.866
-1
0
219
272
0.00413948
31
-34.5484
-1
0
127
283
0.00371605
31
-164.242
-1
0
355
245
0.00374998
31
-166.49
-1
0
375
270
0.00437192
31
-106.381
-1
0
294
266
0.00339224
31
56.2415
-1
0
399
115
0.00375078
31
-59.4923
-1
0
330
263
0.00334775
31
-133.199
-1
0
362
244
0.00322841
31
53.6955
-1
0
138
210
0.00377956
31
-151.44
-1
0
356
268
0.00379513
31
90
-1
0
401
278
0.00430667
31
-110.399
-1
0
262
255
0.00374789
31
-26.5651
-1
0
334
281
0.00398182
31
136.273
-1
0
380
279
0.00337006
31
-116.707
-1
0
399
259
0.0040536
31
97.0318
-1
0
396
281
0.00357027
31
-105.081
-1
0
409
246
0.00335624
31
-50.8726
-1
0
123
269
0.00363041
31
-111.371
-1
0
413
259
0.00413536
31
-108.189
-1
0
297
259
0.00442321
31
147.039
-1
0
368
280
0.00409643
31
-149.511
-1
0
259
279
0.00384472
31
49.051
-1
0
401
114
0.00398941
31
-113.832
-1
0
409
258
0.00352807
31
-112.557
-1
0
413
264
0.00347144
31
-155.05
-1
0
374
266
0.00378989
31
-147.858
-1
0
357
282
0.00323419
31
-167.442
-1
0
106
135
0.00326265
31
-154.811
-1
0
369
255
0.00407416
31
1.16518
-1
0
152
135
0.00320852
31
-87.6584
-1
0
280
268
0.0032107
31
-120.379
-1
1
367.2
242.4
0.00556085
37.2
-146.81
-1
1
158.4
262.8
0.00641693
37.2
-107.56
-1
1
307.2
258
0.00902128
37.2
-140.13
-1
1
378
260.4
0.00531729
37.2
-172.669
-1
1
159.6
258
0.00602696
37.2
40.9222
-1
1
121.2
230.4
0.00753806
37.2
-90.929
-1
1
277.2
262.8
0.00884364
37.2
-111.128
-1
1
298.8
262.8
0.00598274
37.2
-105.255
-1
1
264
240
0.00561066
37.2
-121.249
-1
1
148.8
264
0.00655808
37.2
-129.994
-1
1
152.4
264
0.00557958
37.2
-135.939
-1
1
156
264
0.00695368
37.2
-117.177
-1
1
378
222
0.00622426
37.2
-154.373
-1
1
361.2
255.6
0.005901
37.2
-123.456
-1
1
380.4
219.6
0.00744525
37.2
-103.241
-1
1
144
261.6
0.00652607
37.2
-72.3777
-1
1
343.2
270
0.00525498
37.2
-116.476
-1
1
366
238.8
0.00757752
37.2
-102.779
-1
1
270
268.8
0.00591203
37.2
-148.65
-1
1
363.6
254.4
0.00614484
37.2
-111.598
-1
1
304.8
259.2
0.00729523
37.2
-115.862
-1
1
254.4
267.6
0.0063604
37.2
-148.558
-1
1
367.2
267.6
0.00913349
37.2
-92.8248
-1
1
278.4
266.4
0.00715775
37.2
-95.9989
-1
1
276
267.6
0.00745634
37.2
-101.386
-1
1
271.2
254.4
0.00393074
37.2
-101.733
-1
1
312
254.4
0.0046967
37.2
-157.983
-1
1
374.4
266.4
0.00441317
37.2
-96.5075
-1
1
319.2
252
0.00448379
37.2
-121.473
-1
1
147.6
261.6
0.00505631
37.2
-83.9394
-1
1
232.8
266.4
0.00421824
37.2
-125.28
-1
1
332.4
232.8
0.00443983
37.2
169.426
-1
1
366
277.2
0.00299951
37.2
-65.0007
-1
1
340.8
268.8
0.0037941
37.2
-102.249
-1
1
291.6
241.2
0.00495322
37.2
-105.025
-1
1
300
254.4
0.00378737
37.2
-90.6063
-1
1
234
258
0.00348344
37.2
-165.09
-1
1
375.6
268.8
0.00312343
37.2
-111.824
-1
1
262.8
255.6
0.00366462
37.2
74.7655
-1
1
385.2
122.4
0.0042501
37.2
46.4109
-1
1
147.6
213.6
0.00445209
37.2
130.409
-1
1
387.6
278.4
0.00342331
37.2
-112.187
-1
1
247.2
268.8
0.00472133
37.2
-72.2996
-1
1
286.8
279.6
0.00302946
37.2
-107.909
-1
1
244.8
270
0.00445464
37.2
129.611
-1
1
148.8
229.2
0.00480255
37.2
-127.791
-1
1
330
234
0.0029964
37.2
-81.2538
-1
1
231.6
279.6
0.00337785
37.2
-50.4268
-1
1
124.8
265.2
0.00453944
37.2
-6.59674
-1
1
180
218.4
0.00347508
37.2
167.082
-1
1
368.4
279.6
0.00329101
37.2
-112.871
-1
1
342
232.8
0.00300577
37.2
-103.633
-1
1
333.6
252
0.00338055
37.2
-105.781
-1
1
336
252
0.00500918
37.2
-139.49
-1
1
370.8
255.6
0.0032277
37.2
-147.645
-1
1
370.8
262.8
0.00353345
37.2
-122.749
-1
1
255.6
274.8
0.0030512
37.2
-146.663
-1
1
358.8
264
0.00384268
37.2
2.85621
-1
1
168
220.8
0.00321102
37.2
-83.4254
-1
1
234
273.6
0.00411894
37.2
-99.1623
-1
1
242.4
273.6
0.00355986
37.2
-48.2122
-1
1
126
261.6
0.00327042
37.2
-104.906
-1
1
270
256.8
0.00441299
37.2
-156.179
-1
1
357.6
273.6
0.00369456
37.2
-62.0029
-1
1
138
277.2
0.00396903
37.2
-114.167
-1
1
363.6
231.6
0.00343695
37.2
-84.9416
-1
1
283.2
256.8
0.00299542
37.2
-112.563
-1
1
252
264
0.00486859
37.2
-136.054
-1
1
352.8
244.8
0.00351634
37.2
72.5064
-1
1
388.8
126
0.00288901
37.2
-77.5926
-1
1
328.8
259.2
0.00290846
37.2
-151.526
-1
1
160.8
242.4
0.00258476
37.2
-68.334
-1
1
330
262.8
0.00263242
37.2
-111.428
-1
1
346.8
236.4
0.00259427
37.2
-117.344
-1
1
337.2
234
0.00282223
37.2
73.6179
-1
1
174
133.2
0.00262016
37.2
-120.329
-1
1
345.6
214.8
0.00277079
37.2
166.88
-1
1
157.2
240
0.00275893
37.2
-143.758
-1
1
356.4
268.8
0.00282516
37.2
-70.3959
-1
1
129.6
274.8
0.00265558
37.2
-108.072
-1
1
265.2
264
0.00272456
37.2
-53.0836
-1
1
123.6
268.8
0.00277167
37.2
-3.01968
-1
2
168.48
220.32
0.00318942
44.64
-119.454
-1
2
367.2
241.92
0.00426528
44.64
39.4101
-1
2
148.32
213.12
0.00512969
44.64
-110.056
-1
2
365.76
231.84
0.00398972
44.64
-103.491
-1
2
298.08
254.88
0.00307393
44.64
118.589
-1
2
148.32
228.96
0.00416899
44.64
171.951
-1
2
156.96
239.04
0.00335755
44.64
-118.376
-1
2
364.32
239.04
0.00599622
44.64
-156.991
-1
2
159.84
241.92
0.00365199
44.64
-140.594
-1
2
362.88
252
0.00395568
44.64
-167.112
-1
2
159.84
256.32
0.00419521
44.64
-109.248
-1
2
263.52
256.32
0.00399274
44.64
-108.245
-1
2
305.28
257.76
0.00629993
44.64
-99.8609
-1
2
319.68
252
0.0030118
44.64
-9.67336
-1
2
180
217.44
0.00286091
44.64
-102.551
-1
2
264.96
239.04
0.00272125
44.64
-144.848
-1
2
361.44
256.32
0.0030201
44.64
-126.793
-1
2
332.64
233.28
0.00295322
44.64
-43.8983
-1
2
159.84
236.16
0.00232978
44.64
-105.362
-1
2
334.08
250.56
0.00211984
44.64
-126.158
-1
2
329.76
233.28
0.00207928
44.64
-92.4366
-1
2
283.68
257.76
0.00227671
44.64
-93.3823
-1
2
279.36
250.56
0.00198231
44.64
-14.7369
-1
3
179.712
217.728
0.00214412
53.568
250
64
112
6
160
178
200
134
34
101
0
96
90
21
0
103
131
36
226
9
1
64
208
33
203
83
88
200
168
15
2
144
33
79
103
36
85
186
81
48
105
76
68
84
16
142
196
16
231
79
153
44
24
1
240
28
156
73
0
242
19
176
88
86
32
120
249
31
246
86
119
239
243
126
188
245
86
211
159
249
146
206
251
245
127
111
244
47
242
119
31
251
189
62
126
152
114
239
215
109
100
190
214
56
253
252
221
92
185
175
201
40
253
111
137
164
89
13
240
30
156
77
120
246
115
189
90
87
32
250
3
210
76
42
191
248
133
24
62
22
60
232
172
63
109
177
239
246
37
248
224
98
137
124
101
221
97
59
127
3
99
127
148
236
221
154
83
112
169
55
119
94
58
61
84
147
244
101
136
189
20
4
252
133
207
73
16
242
178
188
208
223
36
184
57
46
247
67
106
95
163
230
248
252
78
85
92
127
251
228
251
233
235
106
245
101
87
247
219
125
189
182
108
214
243
243
215
108
69
190
223
58
249
124
124
93
56
167
213
226
247
111
185
172
137
13
242
29
152
77
54
246
19
189
90
215
40
250
243
102
101
6
221
134
7
120
224
77
240
113
239
107
132
4
226
229
15
101
240
106
169
117
94
170
44
31
58
24
97
13
114
101
28
155
64
48
21
220
71
66
24
143
192
8
200
87
0
37
80
0
96
24
142
13
8
246
51
156
88
86
34
185
94
40
239
177
63
187
250
237
220
186
214
180
253
50
251
210
216
153
67
219
205
115
199
127
141
154
244
183
74
229
181
234
223
44
199
174
127
122
233
116
248
93
113
44
209
119
131
111
187
174
24
5
240
29
221
89
22
242
55
189
120
83
96
251
27
17
8
162
23
51
29
26
214
138
208
52
61
14
33
83
102
215
1
212
192
22
193
119
12
136
232
13
82
104
52
105
82
44
149
186
115
120
1
85
80
193
94
40
86
5
228
111
28
60
24
5
226
24
156
73
16
178
59
156
89
30
38
242
240
42
101
134
216
14
39
121
204
21
250
19
233
117
216
228
226
69
71
100
92
162
136
116
79
140
13
5
146
136
49
156
112
37
68
186
68
50
133
212
205
84
16
142
64
34
200
68
136
37
81
0
114
31
143
9
64
112
3
184
72
70
32
184
45
22
48
32
3
37
36
84
32
78
226
32
80
8
161
87
228
184
3
208
113
32
17
16
212
40
224
200
80
20
225
193
72
36
84
186
1
96
1
76
40
64
28
139
68
81
130
76
152
36
24
4
98
28
157
65
16
178
19
180
24
70
32
96
13
20
84
32
17
40
36
84
32
72
202
37
108
45
128
17
230
40
1
208
225
32
1
48
68
40
224
200
80
4
225
97
88
36
85
186
1
96
1
76
124
64
24
11
68
17
230
76
152
36
24
4
224
28
24
73
26
178
39
180
8
6
32
104
254
250
111
237
254
255
255
252
252
191
254
255
253
61
255
248
249
221
123
251
237
115
207
124
173
255
253
255
127
87
247
255
247
104
85
190
127
123
249
117
254
95
123
62
213
151
247
111
189
173
28
5
240
29
159
77
22
246
55
189
218
87
34
255
10
146
8
43
159
241
128
12
6
130
144
36
176
6
33
81
109
246
1
208
192
50
79
92
36
144
112
9
86
64
181
98
21
172
159
158
91
112
41
66
32
65
84
8
84
197
176
109
24
60
24
5
182
0
220
65
16
178
187
157
16
11
36
114
121
220
236
140
55
191
95
54
189
94
125
152
29
61
62
207
189
252
122
253
176
83
226
181
105
105
172
124
125
81
125
233
221
124
144
252
207
121
176
241
122
223
127
63
214
182
213
76
159
184
31
5
96
61
159
93
56
247
59
220
121
222
46
251
5
7
16
2
1
130
166
66
34
16
32
67
128
115
128
1
102
171
161
71
193
37
65
83
64
26
129
110
0
8
129
64
223
36
64
186
17
24
33
100
100
30
56
167
209
80
215
79
152
172
24
1
240
28
152
73
16
242
19
181
88
87
32
122
51
175
247
143
160
204
145
109
239
197
23
222
223
61
222
220
187
161
34
39
150
79
210
101
253
247
29
61
46
186
86
13
151
101
97
158
128
25
250
62
37
29
41
163
189
24
253
47
145
164
137
171
176
5
56
111
104
86
82
105
112
77
36
218
33
6
0
34
201
168
162
17
44
122
130
37
160
15
201
37
66
41
129
144
241
66
27
108
80
28
8
4
154
22
41
70
13
128
219
48
49
130
13
2
140
84
10
128
68
193
38
65
56
124
24
40
180
5
200
1
10
32
135
164
130
131
44
64
37
38
97
35
136
204
163
105
200
100
74
53
129
47
201
164
203
4
129
96
240
32
158
104
92
252
9
35
130
154
35
95
101
164
77
154
20
178
233
30
37
84
24
162
68
2
252
49
153
44
25
41
240
29
140
65
8
98
3
168
202
7
32
244
138
0
8
130
7
21
2
0
38
70
21
2
25
8
50
69
192
116
5
244
64
146
176
32
12
128
140
8
146
24
25
33
208
44
150
186
74
96
1
208
80
195
20
9
208
84
192
76
17
44
24
4
114
25
156
73
16
114
51
156
72
22
32
249
7
22
0
32
93
186
34
84
0
60
130
101
32
24
136
1
104
237
129
208
225
35
75
88
68
8
40
7
82
4
33
71
69
32
85
184
113
56
169
100
232
84
26
143
193
65
179
79
152
172
24
4
240
29
156
65
18
242
55
180
88
87
32
122
7
4
8
48
9
2
2
2
32
34
129
36
8
39
0
3
192
8
1
208
193
32
1
66
68
8
160
205
64
4
169
96
83
44
4
170
11
42
1
212
208
64
24
8
192
85
130
79
25
44
24
4
96
24
28
73
24
50
51
180
8
18
34
233
1
1
128
16
1
2
4
10
0
0
10
6
128
68
32
3
196
41
33
16
192
36
64
67
64
70
128
68
16
0
1
64
143
16
81
160
16
8
232
96
96
20
52
35
212
80
181
111
152
168
24
5
240
29
88
65
17
178
23
181
0
87
36
74
7
39
8
8
0
26
6
2
64
2
9
0
64
23
4
1
193
42
3
208
193
96
81
199
192
20
132
204
0
4
129
64
142
12
195
174
9
8
1
64
40
16
16
161
84
113
166
78
146
172
8
0
112
29
88
17
16
178
19
181
24
211
108
74
3
70
4
2
205
28
7
0
32
70
40
66
136
57
4
5
192
97
37
224
64
2
16
96
64
37
13
32
144
8
1
1
208
36
80
186
64
40
33
168
102
82
56
143
84
82
244
77
16
172
24
0
112
29
143
9
16
240
51
180
72
86
32
248
10
146
0
43
31
176
136
12
38
130
129
172
32
10
35
17
76
246
1
208
193
50
87
76
4
128
224
9
19
48
161
66
133
172
159
158
123
96
1
99
32
74
20
8
80
85
130
77
24
62
24
5
50
16
212
65
144
179
51
148
24
83
34
99
249
159
254
87
119
255
251
254
190
253
87
219
191
249
150
206
251
245
127
111
252
175
230
119
63
251
189
63
127
25
118
239
215
45
100
255
214
121
253
252
89
220
185
191
201
40
253
111
157
164
95
13
240
31
158
77
112
246
51
189
218
23
32
250
5
134
20
2
41
154
162
67
34
16
38
103
128
115
164
33
226
171
133
65
193
36
81
115
64
10
192
78
36
12
129
64
159
36
82
186
81
24
137
244
208
28
24
135
208
84
243
79
153
172
24
5
240
29
154
73
18
242
51
180
88
87
32
89
2
128
138
31
9
192
208
134
82
160
13
140
50
198
35
58
13
2
32
146
203
37
79
3
66
66
208
14
3
41
131
102
135
180
1
48
58
200
106
98
96
25
36
96
149
84
165
107
81
202
9
7
180
8
120
195
19
51
182
49
16
113
130
74
5
22
84
32
25
32
36
92
32
24
192
33
108
53
132
1
226
168
131
240
225
64
1
176
68
8
96
192
248
4
169
64
88
32
20
184
113
48
1
100
108
64
26
143
68
193
230
76
56
36
24
0
224
28
138
9
30
242
7
148
8
70
32
88
94
42
169
177
63
187
186
109
220
186
214
180
241
18
251
210
152
157
67
91
205
51
198
223
133
138
244
135
66
229
53
234
207
12
199
174
127
122
233
116
248
93
113
44
209
103
131
111
187
174
152
7
242
29
221
89
20
242
55
189
121
83
96
251
30
242
24
168
63
185
140
8
79
82
187
234
253
22
109
209
245
186
68
208
197
112
17
88
133
149
241
251
6
254
245
243
138
152
223
142
249
122
168
99
164
31
117
41
212
215
182
109
154
255
128
7
242
21
123
81
6
211
151
180
57
219
108
2
108
173
239
170
80
127
167
239
220
198
206
188
113
46
255
238
203
84
227
102
116
113
198
55
29
221
29
165
115
202
50
137
213
6
213
186
16
114
237
116
48
93
60
37
85
150
117
238
155
172
27
12
242
29
156
89
24
224
43
185
88
71
40
242
58
16
72
130
127
147
91
8
182
7
21
80
189
58
48
85
116
215
20
241
192
86
128
117
44
144
236
15
86
249
117
105
80
44
158
222
74
121
1
214
208
195
92
12
208
4
192
77
149
45
18
5
104
24
158
89
16
114
59
156
89
31
34
185
69
132
238
41
21
242
167
92
177
142
192
184
168
141
135
15
139
125
179
52
232
87
218
101
100
241
24
37
123
0
34
11
221
66
157
161
52
173
109
48
60
106
62
161
23
113
117
243
122
152
56
52
145
249
124
54
120
172
175
233
154
211
126
66
36
6
36
34
137
156
162
1
36
122
130
37
168
51
73
5
192
40
193
144
209
98
25
120
80
16
8
134
44
148
41
198
13
136
195
32
113
154
41
8
236
20
10
132
64
227
178
65
184
108
152
8
182
13
201
89
6
66
151
180
202
195
104
64
42
208
200
138
55
19
27
10
247
34
53
170
61
10
54
95
148
247
32
145
128
119
81
102
36
129
249
29
115
121
85
97
151
44
150
142
202
88
32
115
50
203
100
9
145
84
209
77
23
174
152
5
50
25
252
89
24
178
58
157
57
219
110
219
122
17
17
162
23
35
11
26
198
10
218
55
49
14
48
115
246
215
65
85
192
22
193
71
12
136
232
13
18
74
60
233
82
36
151
186
114
104
1
85
64
65
22
40
198
5
164
111
152
44
24
4
226
24
156
81
0
50
51
152
9
22
36
122
68
10
69
128
200
142
38
97
40
120
106
3
209
229
217
160
129
93
169
96
200
133
138
121
78
205
9
38
168
134
49
79
81
99
89
57
0
228
37
6
37
52
24
7
77
142
124
145
8
5
80
52
67
94
143
8
136
76
3
164
68
6
0
180
65
194
141
25
200
144
34
84
32
63
32
136
192
161
7
43
128
93
41
104
136
129
202
56
76
193
10
38
17
1
49
79
213
2
17
41
64
236
36
34
50
42
40
15
87
156
101
177
25
8
28
36
65
89
142
8
145
192
35
156
68
86
2
243
4
170
207
169
20
176
164
94
37
186
128
168
193
133
191
11
137
77
233
40
200
85
74
121
69
213
25
165
29
8
32
203
215
194
223
161
48
252
109
33
36
46
50
37
23
149
117
243
90
184
56
48
131
249
254
28
4
138
135
135
72
209
76
114
105
204
170
43
81
243
167
252
217
154
196
188
176
12
175
206
203
53
187
94
184
87
223
85
117
245
28
37
87
69
34
10
205
12
205
175
54
61
109
56
58
94
54
173
87
249
55
241
63
184
58
181
177
253
252
242
80
168
175
233
27
219
122
211
15
22
100
40
31
179
39
92
160
62
136
32
204
45
36
85
225
253
3
240
225
115
90
116
68
236
236
223
120
84
225
195
223
104
215
174
123
56
33
124
108
92
58
45
213
113
247
79
184
172
24
5
242
29
220
73
58
178
55
181
216
211
36
122
7
22
0
32
221
168
35
80
48
60
130
101
160
29
128
5
106
237
129
192
225
35
91
80
68
56
8
7
82
4
97
71
197
32
85
176
113
56
41
108
72
84
26
143
85
81
182
75
184
108
24
4
240
29
152
65
50
178
55
180
216
215
36
122
2
6
0
130
9
16
6
1
32
66
2
0
0
22
41
5
0
0
1
208
64
0
25
64
80
16
8
0
128
152
9
64
4
4
83
130
65
64
1
0
36
16
16
137
68
196
132
72
16
44
16
8
18
9
200
8
0
96
2
148
64
67
40
64
116
109
186
216
34
95
92
231
67
194
53
144
82
240
253
218
255
146
112
207
31
188
229
131
157
87
183
104
65
140
148
56
194
22
37
238
194
124
211
88
48
251
181
103
191
156
21
238
219
168
55
215
56
29
177
92
17
243
121
253
89
112
201
251
121
62
255
247
254
191
127
122
252
127
212
123
239
251
180
93
242
245
127
111
254
125
202
127
174
250
190
191
126
73
117
239
87
103
156
187
86
125
245
119
220
206
251
15
217
13
217
215
157
172
24
133
224
189
159
77
88
254
51
159
216
23
32
255
39
22
32
32
157
188
35
80
32
124
130
101
128
29
128
5
192
237
131
208
241
34
155
120
68
56
8
7
24
20
97
71
207
160
213
176
113
184
41
100
76
84
26
143
85
81
182
75
184
108
24
0
240
29
152
65
50
178
183
180
218
215
36
122
128
137
146
23
136
192
132
132
26
169
4
203
130
68
3
24
13
3
160
131
196
37
71
195
193
87
145
102
0
34
131
66
135
16
65
32
49
8
234
96
96
28
32
161
181
80
183
111
153
200
8
67
244
73
24
195
23
83
22
53
16
113
65
74
7
4
0
32
13
34
42
7
0
42
128
32
0
2
1
17
64
40
1
208
193
32
80
2
68
8
160
205
0
4
161
64
69
44
20
170
9
32
1
64
8
66
16
136
80
81
130
79
24
44
24
0
96
24
92
65
16
178
19
148
8
82
32
97
3
4
8
34
13
0
4
3
0
34
16
0
32
7
4
3
0
0
1
208
193
2
25
0
68
128
136
1
18
24
9
64
0
44
128
170
11
0
1
128
0
66
20
136
80
80
6
72
16
44
16
0
0
24
64
0
24
34
3
176
8
82
98
73
63
4
120
32
3
36
32
71
36
68
214
52
28
45
161
84
226
152
3
224
241
34
145
50
92
136
164
201
82
148
249
225
64
36
5
186
3
114
1
92
152
192
28
138
64
21
194
76
153
36
24
4
96
28
140
73
24
242
43
184
88
6
34
225
92
233
154
216
34
95
92
231
7
130
21
144
83
246
255
202
255
146
112
207
23
188
197
147
153
87
183
72
65
142
150
56
202
22
37
238
66
124
211
120
48
187
181
103
191
188
37
238
223
168
183
215
56
29
176
92
17
243
121
253
89
113
203
250
97
54
117
34
220
166
39
89
224
79
128
53
237
111
128
69
226
229
31
100
248
101
25
125
86
168
42
13
250
24
105
45
114
103
28
187
66
52
21
220
85
194
24
142
64
8
200
151
8
37
16
0
104
56
142
73
152
54
35
156
74
6
34
177
5
6
33
1
128
204
167
68
168
196
10
5
192
13
153
5
11
40
131
0
184
35
90
192
81
116
28
36
0
142
3
7
5
2
99
8
16
138
77
10
37
52
0
162
5
96
61
163
48
64
168
40
145
72
8
32
38
72
2
165
194
135
41
106
162
194
76
130
23
20
7
17
166
71
41
66
141
41
52
5
192
245
5
245
64
82
16
96
68
128
173
40
146
24
49
17
240
44
214
170
66
120
1
224
86
74
56
13
208
84
208
76
24
172
16
4
112
25
140
89
24
242
51
156
88
86
40
249
4
130
16
0
9
154
34
2
34
16
6
101
0
82
236
33
96
171
1
208
197
34
17
83
65
8
64
76
0
14
129
64
159
36
67
186
81
26
201
228
192
28
24
7
208
119
182
111
153
172
8
4
240
29
154
73
18
242
19
180
88
83
32
89
242
216
154
159
255
208
222
133
94
187
61
235
182
198
63
251
127
147
56
147
205
39
103
93
161
207
251
111
83
171
247
118
247
173
31
247
122
125
232
247
114
94
97
47
215
86
157
127
153
238
26
7
252
29
156
73
144
243
187
189
124
87
34
251
94
209
137
188
118
211
94
6
6
38
93
156
25
196
53
122
253
213
16
230
194
53
192
51
12
196
166
77
83
168
53
105
215
36
21
187
74
120
201
116
50
203
21
45
213
28
229
111
159
172
24
5
240
29
156
73
16
242
59
189
88
87
34
243
15
16
8
40
29
34
34
4
32
42
128
36
0
6
33
17
64
104
1
208
225
34
64
2
4
8
160
205
80
4
161
64
85
40
151
170
27
32
1
64
8
64
28
8
80
81
130
79
24
44
24
5
112
24
92
65
18
162
51
148
8
82
34
97
64
0
128
16
72
195
2
100
0
38
2
4
16
132
25
34
12
0
128
0
200
145
78
129
8
0
12
4
0
128
25
66
113
18
65
32
16
194
6
10
128
32
4
0
0
4
1
194
19
8
24
4
151
89
0
130
1
72
2
48
64
0
64
224
120
49
255
22
119
35
58
255
246
186
244
49
109
195
179
71
246
215
99
246
249
167
85
183
194
43
236
140
90
84
240
242
251
44
22
190
91
48
1
117
120
78
50
14
209
117
131
78
185
172
24
1
240
28
156
73
20
242
55
157
122
86
32
249
193
135
134
17
201
128
44
0
40
107
40
74
130
237
4
13
5
41
165
131
238
111
26
107
66
118
147
102
152
6
35
3
223
18
80
32
17
136
250
40
100
60
56
163
245
81
255
19
24
202
24
49
213
77
216
128
43
139
151
165
128
243
129
74
216
186
183
1
116
251
166
252
201
145
214
255
227
21
91
138
255
141
127
223
52
5
103
213
233
127
93
174
100
134
162
186
223
109
99
159
95
57
237
52
121
29
49
39
159
109
63
165
191
152
169
163
241
253
56
222
100
222
19
233
113
95
116
218
167
133
239
221
54
23
221
247
183
245
61
216
95
185
54
79
128
244
98
43
146
247
246
35
92
163
132
58
57
121
84
107
183
124
176
234
210
120
178
249
118
59
109
175
144
48
209
111
27
168
155
13
112
24
188
94
56
246
114
93
251
212
46
251
79
5
76
48
3
2
26
6
32
2
7
0
28
35
32
82
64
24
1
245
193
112
64
35
4
10
160
77
64
4
177
96
82
36
4
170
11
104
1
88
208
64
28
8
192
84
195
78
25
172
24
5
112
29
28
73
24
114
51
189
8
18
32
235
113
245
252
30
85
34
31
63
242
42
249
185
108
139
5
31
247
167
115
212
121
167
81
183
192
105
237
140
83
28
224
32
202
44
4
191
91
56
1
117
122
202
56
175
215
113
135
78
185
174
24
1
224
28
92
65
24
178
63
188
56
86
34
227
79
5
76
52
3
130
26
6
32
34
3
4
28
99
32
2
96
24
1
240
193
32
64
35
0
8
160
77
64
4
177
96
83
36
4
186
3
104
1
220
208
64
28
10
192
5
195
79
25
44
24
5
112
28
28
73
24
114
51
184
8
22
32
232
78
6
0
164
75
130
42
5
0
96
3
5
16
68
33
4
96
24
1
208
193
33
193
2
16
8
168
76
0
132
161
64
69
36
69
186
17
96
1
68
64
64
20
10
196
5
167
79
153
172
24
5
242
28
156
73
0
114
19
176
8
22
32
104
92
9
154
220
32
91
122
102
26
154
79
149
16
182
143
250
239
146
32
110
4
33
198
19
73
221
178
77
65
10
182
105
215
36
117
186
82
122
201
116
48
92
57
47
247
148
229
110
153
172
24
5
240
29
156
73
16
242
59
189
88
71
34
242
48
175
247
197
226
159
147
101
206
213
87
84
221
53
153
84
190
193
122
108
150
5
210
245
189
248
28
124
38
184
84
169
135
125
97
158
202
91
200
28
53
25
49
167
173
172
253
47
149
164
137
139
176
21
154
79
96
86
122
205
96
13
44
218
3
4
8
34
13
0
4
1
0
2
20
4
32
6
4
1
0
0
1
208
193
0
25
0
64
128
8
1
2
24
9
64
0
44
128
170
11
0
1
128
0
130
20
137
80
80
36
72
19
44
16
4
0
25
64
0
24
34
35
176
8
18
106
72
39
54
108
160
28
180
39
81
180
126
224
1
205
57
20
5
208
237
195
240
241
98
88
241
212
56
173
247
120
20
225
225
215
104
150
164
255
56
33
120
124
206
58
141
212
113
246
79
184
172
152
8
224
29
222
93
62
242
55
156
218
211
108
250
34
80
8
130
23
149
27
8
166
70
21
68
61
14
52
117
212
246
4
245
64
114
176
96
4
144
168
9
82
154
61
49
240
44
150
186
74
98
1
208
82
200
20
8
208
84
224
76
153
44
16
5
120
25
140
89
24
178
51
188
88
214
42
185
131
196
68
35
221
104
7
136
184
61
126
123
174
63
198
161
203
101
37
113
104
194
169
124
70
253
25
51
251
11
35
95
145
229
84
242
115
17
45
190
87
212
58
187
209
19
124
225
9
165
16
0
221
31
142
45
56
244
33
60
204
87
32
184
1
2
132
129
200
144
162
0
32
43
2
66
128
97
33
1
76
43
161
160
192
69
10
105
66
84
25
102
40
2
131
67
87
210
89
0
49
200
108
2
100
0
40
33
85
20
118
243
25
200
24
36
245
65
200
169
27
66
18
165
64
115
64
106
112
45
181
150
0
79
51
39
214
196
87
21
85
39
155
182
254
138
65
230
245
33
215
135
217
40
228
204
96
144
216
232
231
44
65
190
159
10
201
124
216
29
149
162
212
50
163
110
155
172
137
11
240
29
25
81
44
242
83
249
90
86
106
234
106
16
32
130
215
103
3
29
38
68
19
4
57
12
51
85
233
116
1
244
64
130
144
32
12
136
168
9
146
24
49
41
64
44
23
186
66
96
1
84
48
65
20
10
68
20
228
76
24
36
24
4
114
24
148
65
16
50
35
188
72
6
32
240
108
171
239
184
82
127
163
255
236
214
202
180
121
126
255
236
203
84
227
102
117
113
222
55
31
253
28
133
123
202
50
137
213
6
87
186
16
114
205
124
52
117
60
39
85
150
117
230
159
44
157
12
179
29
156
89
8
236
43
189
91
207
42
242
14
16
96
160
23
36
44
69
36
66
209
48
93
45
177
87
248
216
67
240
225
34
145
50
84
136
228
201
82
148
177
224
80
44
22
190
66
112
1
84
56
64
16
138
68
85
198
76
25
44
24
0
96
28
148
73
144
242
35
156
88
70
32
240
147
208
138
10
37
210
148
6
19
163
29
202
130
149
6
27
77
131
48
153
128
69
227
65
224
87
249
110
19
33
130
99
151
144
144
0
123
9
106
99
96
138
41
169
149
24
245
111
211
202
9
3
180
65
248
235
19
147
182
85
16
241
84
202
65
6
1
25
200
218
38
84
8
42
42
0
192
129
11
35
129
77
33
96
200
129
138
24
78
197
9
36
144
4
35
74
81
2
81
41
0
160
37
2
32
32
56
47
85
152
116
145
24
8
24
4
129
93
132
8
145
192
35
188
68
86
0
176
42
146
0
171
159
240
128
13
12
18
42
68
161
22
121
245
91
214
65
208
192
50
143
92
4
149
49
41
22
138
51
210
5
164
223
154
113
112
233
2
33
84
48
45
84
132
180
97
152
188
152
1
182
5
156
81
16
226
50
180
80
79
36
114
62
4
96
160
23
36
33
69
4
68
210
52
17
10
177
84
240
124
3
192
241
34
144
50
92
136
160
9
82
148
113
233
96
36
87
186
67
112
1
92
40
64
20
138
68
1
130
76
153
44
24
0
112
28
156
65
16
242
35
184
72
6
32
240
33
6
68
34
157
180
166
16
32
124
2
97
172
63
129
5
66
104
129
240
241
98
25
120
64
56
8
6
60
20
33
71
93
224
84
48
113
184
41
14
76
64
26
142
68
97
210
67
56
108
24
0
244
24
136
73
26
98
151
148
202
19
32
120
105
236
171
43
83
243
167
236
217
154
220
188
176
30
175
238
203
53
187
94
188
23
207
85
53
245
28
165
87
67
50
42
205
12
205
235
119
125
237
56
56
93
118
61
23
253
55
177
191
136
62
181
147
245
252
242
80
232
47
237
91
219
122
242
122
4
33
130
223
71
3
41
148
68
94
23
57
12
89
100
226
85
71
116
80
162
128
36
28
172
172
13
210
154
59
185
96
44
5
186
82
114
9
220
144
80
20
142
68
38
160
76
137
36
17
4
248
28
140
65
16
114
59
184
72
6
32
184
18
209
16
142
199
130
94
2
2
2
9
200
128
70
36
25
109
83
52
132
2
44
129
75
34
215
115
108
19
42
148
32
18
183
153
3
2
69
78
3
33
234
164
105
63
28
188
150
68
144
82
52
46
224
38
171
145
27
56
3
20
105
145
162
200
232
207
11
246
251
246
252
249
155
222
254
254
53
239
235
203
149
123
255
13
87
71
245
161
117
29
180
109
71
54
186
221
77
205
207
95
123
237
48
248
93
122
61
87
255
119
181
191
152
47
37
249
253
217
222
86
252
63
237
113
219
116
218
1
139
130
1
1
208
166
224
9
129
66
70
128
85
75
0
13
9
161
71
68
37
66
211
65
94
17
228
0
6
2
18
222
18
65
32
17
8
232
40
96
52
48
167
245
49
55
107
26
136
41
33
209
77
88
0
3
203
23
161
0
115
65
74
182
174
243
207
168
220
149
133
239
213
31
222
159
127
223
156
187
131
104
43
158
47
210
101
123
215
21
59
39
187
83
47
135
228
99
154
210
27
235
62
97
29
33
247
189
144
253
39
145
140
137
43
180
5
152
107
48
210
114
45
114
85
40
222
141
141
220
134
107
187
50
18
52
85
6
65
158
123
228
69
230
251
5
101
212
101
240
115
33
42
168
94
124
64
49
97
223
100
86
186
83
90
129
244
212
223
24
7
208
6
211
79
153
172
24
5
240
29
159
73
24
242
51
188
88
23
32
249
242
29
233
178
21
46
3
75
220
217
246
243
163
131
220
158
242
133
101
85
84
39
241
119
93
138
233
15
82
152
32
232
198
36
86
186
114
58
129
244
210
94
48
139
209
23
17
111
153
172
24
9
240
29
157
73
16
242
51
189
90
86
32
251
5
134
16
2
9
130
162
67
34
16
32
99
128
83
128
1
98
171
133
64
193
38
17
83
64
10
193
78
0
12
129
64
159
36
64
178
17
24
41
228
100
28
24
135
208
80
146
79
152
172
24
5
240
28
152
73
18
242
19
180
88
87
32
89
9
150
204
40
253
251
163
92
48
126
134
65
44
121
175
5
234
253
33
96
224
33
203
122
68
185
56
38
94
5
49
103
213
36
85
186
83
112
233
116
240
92
58
15
213
145
247
79
153
172
24
5
240
29
158
73
16
242
51
189
88
87
32
251
37
182
101
38
157
164
165
120
240
93
238
113
109
123
128
5
226
100
133
32
240
104
184
127
108
170
0
19
126
9
97
79
85
228
28
154
116
176
57
189
85
196
26
135
192
1
220
75
8
52
88
8
240
20
142
13
56
182
54
140
202
151
36
252
225
102
101
6
216
134
39
104
224
21
248
113
237
127
144
4
226
197
15
100
120
42
168
116
94
168
44
13
186
8
41
29
112
39
68
187
64
50
5
220
79
66
24
142
64
42
200
68
8
37
80
0
96
30
143
73
8
244
3
156
72
70
34
185
72
232
207
75
119
251
242
252
249
155
222
254
251
52
239
234
203
149
123
255
13
87
79
245
33
85
29
164
111
199
54
186
221
77
205
203
95
127
237
48
248
93
122
61
87
255
119
180
191
152
46
165
249
253
221
222
84
236
47
253
89
219
122
218
44
43
231
136
82
127
163
255
236
220
202
53
81
126
251
228
203
92
227
102
245
113
206
183
31
253
28
133
60
206
50
203
213
6
87
186
20
114
205
52
172
117
20
38
85
166
117
226
156
44
157
12
147
29
156
24
0
232
11
173
74
79
33
242
3
0
64
34
153
136
0
12
32
33
6
68
40
39
128
1
66
68
1
96
192
32
171
96
64
136
0
3
178
8
9
77
21
164
84
186
3
66
1
150
196
208
24
10
64
0
228
65
17
36
24
4
100
28
143
9
24
34
35
188
72
22
32
248
65
14
134
17
200
142
6
101
56
117
46
5
130
245
11
34
5
1
160
36
216
133
74
129
90
96
140
38
128
0
1
67
241
18
65
32
16
130
38
168
112
52
8
134
5
18
197
195
17
8
24
4
149
89
153
138
19
74
34
52
64
84
0
232
82
1
154
28
2
67
88
231
3
162
25
148
18
196
163
122
163
16
0
199
15
169
229
3
13
10
162
9
67
174
190
56
226
54
37
186
18
110
194
212
18
104
181
106
182
28
129
110
153
172
90
71
240
24
20
65
145
243
49
249
25
118
35
234
2
210
76
170
191
248
132
24
47
18
40
232
173
31
109
181
231
214
33
248
196
98
137
124
101
221
97
41
127
3
33
115
149
228
223
154
115
80
169
55
39
94
58
45
84
151
244
109
152
189
28
1
180
133
143
73
16
242
58
188
80
79
36
240
2
2
8
162
7
16
4
2
0
2
16
0
48
2
33
3
64
16
1
208
192
16
1
1
4
144
136
1
18
8
1
64
0
44
144
170
107
64
1
64
160
66
20
8
80
132
128
76
16
44
24
4
34
24
205
1
16
98
51
148
8
18
32
97
78
1
136
184
38
151
94
7
6
226
9
132
17
198
53
119
213
215
0
198
130
53
80
3
20
198
162
77
82
184
52
97
199
20
151
170
66
120
193
82
48
73
52
41
215
28
165
111
159
172
24
5
114
29
212
81
16
242
59
189
89
210
106
242
163
212
104
10
55
151
27
9
166
71
21
202
191
42
116
93
212
247
4
241
208
82
176
100
52
144
173
15
83
24
113
113
224
44
150
158
202
122
129
248
210
202
24
140
208
86
192
77
153
172
16
5
120
25
221
89
16
242
51
188
88
214
42
185
12
0
32
160
23
33
160
116
20
154
210
53
80
8
177
67
224
216
67
208
97
34
197
16
12
40
32
136
80
132
185
224
124
44
23
186
83
114
1
84
216
68
16
14
64
37
2
76
153
44
24
0
240
28
156
65
18
242
35
156
72
22
32
225
85
129
152
30
33
74
126
102
18
152
69
145
0
55
140
154
239
139
33
71
197
33
192
115
73
95
177
108
65
10
162
105
215
36
85
186
83
120
233
116
112
220
56
47
245
20
245
110
153
172
24
5
240
29
156
73
16
242
51
189
88
87
32
250
253
45
239
246
112
47
123
123
248
253
214
247
255
235
210
78
226
205
255
111
253
237
241
183
31
234
182
151
106
221
112
237
75
47
100
187
223
62
213
252
220
252
187
143
203
35
227
239
187
164
25
201
241
29
157
77
124
254
115
249
90
22
41
255
197
206
2
121
0
218
166
193
8
187
42
202
130
148
75
171
1
9
173
207
142
165
78
88
65
71
11
230
0
38
35
82
163
146
113
33
49
138
236
162
226
52
56
113
55
31
55
179
88
201
40
116
213
69
105
170
7
201
135
164
0
114
209
74
94
209
104
249
55
181
90
241
28
234
253
154
217
192
63
127
144
220
83
235
30
240
214
50
13
130
163
121
81
253
55
186
226
20
151
234
210
121
225
113
50
203
117
44
214
148
193
63
159
172
26
5
250
29
220
89
16
242
59
191
93
90
106
243
195
1
196
148
195
11
81
102
32
68
183
2
90
233
34
0
160
84
20
100
2
140
160
35
14
138
130
24
240
12
24
41
112
39
16
218
66
102
18
220
147
227
28
14
200
14
193
140
1
36
82
4
72
26
135
9
153
112
41
28
76
4
0
249
83
4
0
54
200
130
58
33
16
106
115
17
128
97
1
16
226
201
1
102
200
37
128
83
78
138
168
15
66
0
33
107
115
36
84
186
83
56
161
212
240
84
24
143
193
18
193
79
153
172
24
1
240
29
157
73
16
242
51
188
88
22
32
249
124
53
185
184
19
167
57
127
148
234
211
180
113
136
187
70
154
28
195
83
249
51
214
23
21
168
224
133
82
244
117
235
207
12
199
174
150
120
225
125
248
93
119
40
242
53
131
111
187
174
184
13
242
29
92
80
0
178
119
249
59
210
104
99
54
35
33
162
0
14
36
35
196
66
211
48
97
6
152
2
89
10
67
208
241
32
81
199
208
52
196
201
0
148
129
192
10
12
195
174
137
8
1
72
44
0
52
161
68
113
166
78
18
172
137
10
34
25
88
17
32
35
19
177
40
211
104
66
52
54
177
52
29
164
175
125
196
174
210
53
225
12
147
6
186
109
195
82
240
39
210
207
156
248
244
135
18
156
97
202
79
44
71
190
180
40
233
109
104
68
55
171
229
113
181
111
184
174
24
3
242
28
28
81
4
178
23
177
42
215
40
106
198
10
203
219
43
23
221
175
151
242
53
154
27
186
179
78
128
149
96
43
142
247
206
43
89
131
128
51
51
249
21
107
183
148
22
162
82
216
163
250
242
127
225
124
144
22
193
75
147
172
153
5
54
25
253
90
16
114
50
93
89
212
40
255
5
34
69
229
184
184
167
112
184
29
110
117
205
119
208
161
162
204
143
104
225
104
170
248
108
172
4
179
252
9
33
95
117
224
92
154
84
179
57
150
213
212
10
22
192
130
220
83
9
53
92
32
248
148
143
9
20
66
34
140
200
7
32
188
3
198
64
43
157
176
7
24
32
110
0
170
168
11
165
5
66
116
1
112
200
64
27
104
64
128
8
1
19
8
33
1
181
164
148
178
97
88
1
38
38
74
26
136
80
144
64
17
24
44
24
4
36
152
140
40
24
162
51
156
88
198
38
113
7
34
8
0
9
26
6
2
32
2
10
36
0
87
44
1
65
42
3
208
193
34
1
194
64
20
132
204
0
12
129
64
158
8
195
174
73
8
137
72
104
20
24
33
84
113
182
79
144
172
8
4
240
29
88
1
50
242
19
180
24
211
100
72
12
0
40
32
23
241
160
117
20
154
210
53
64
0
153
65
234
220
67
192
225
34
197
20
76
8
36
128
80
4
49
232
124
44
85
186
87
114
9
84
216
68
18
14
64
165
2
76
153
44
24
5
240
29
156
73
16
242
43
188
72
23
32
240
192
33
146
20
0
66
88
198
66
162
41
132
82
196
131
58
103
2
32
199
15
173
101
3
205
70
166
73
2
174
162
48
114
54
101
186
2
44
194
212
18
104
180
106
182
28
165
110
153
172
48
71
112
24
20
65
145
115
49
57
28
116
163
234
27
18
69
226
63
59
129
122
244
30
82
81
61
26
184
65
98
212
137
40
192
112
137
127
44
152
32
19
126
72
53
109
87
100
220
186
118
120
33
117
245
71
90
31
64
132
208
79
152
53
28
4
98
29
143
73
16
242
51
156
73
31
36
177
198
67
1
144
193
26
2
73
0
3
163
66
194
81
68
32
0
1
4
69
6
164
0
66
68
146
129
40
128
10
0
24
242
20
80
138
64
40
130
128
130
58
48
13
208
30
208
12
16
173
16
0
81
89
199
10
1
98
16
52
72
86
32
57
131
210
76
43
191
248
135
24
120
31
252
251
172
59
68
145
235
246
37
249
224
98
169
124
101
253
113
59
255
11
99
127
144
236
220
146
115
113
169
182
119
94
58
61
212
147
244
97
136
189
20
4
252
133
207
77
48
240
182
156
216
215
36
186
64
6
128
17
200
198
6
5
2
97
42
5
128
197
1
32
5
1
128
132
216
5
26
129
82
68
12
36
0
130
1
0
107
18
67
32
16
0
78
0
112
52
0
166
5
112
165
227
17
8
24
0
149
89
8
138
19
66
2
52
64
80
0
232
74
2
196
179
223
227
38
92
36
56
74
5
157
100
185
97
227
221
1
98
200
33
202
123
76
204
168
15
82
2
51
238
247
36
85
186
83
114
233
116
80
84
24
46
85
21
231
111
153
44
24
5
240
29
156
73
16
242
51
189
88
86
34
248
113
45
178
20
64
6
7
103
195
68
19
0
82
232
19
30
252
35
50
198
27
143
87
135
222
113
220
76
0
156
192
1
130
63
97
159
136
4
70
76
32
16
181
195
45
120
129
142
213
164
193
219
51
90
16
195
105
59
80
49
40
225
25
74
76
10
5
160
200
139
38
73
40
42
42
3
208
165
105
129
129
93
169
96
200
133
138
121
78
204
9
36
144
0
49
78
81
35
89
41
0
230
37
2
36
36
88
47
77
142
76
145
8
4
24
36
3
93
143
8
128
72
3
188
68
6
0
176
3
4
8
2
1
24
0
0
0
2
20
4
16
39
4
0
0
0
1
208
193
0
1
0
80
16
8
0
2
8
9
64
16
12
0
170
75
0
1
8
0
128
24
9
80
80
36
76
19
44
16
4
32
25
64
0
16
98
43
176
8
18
98
73
193
12
142
17
200
154
2
228
56
61
38
65
130
241
10
130
12
73
184
35
204
133
110
161
75
67
140
38
128
1
1
71
247
18
80
32
18
130
166
160
208
54
8
135
145
18
193
195
17
136
24
4
145
89
157
10
17
72
34
61
64
20
0
249
35
6
0
2
137
12
2
1
32
70
34
66
136
41
0
37
64
96
5
224
80
2
16
96
80
16
9
0
144
26
1
1
64
36
82
170
64
0
9
136
100
80
24
139
64
80
244
69
16
44
24
0
192
25
140
9
0
96
19
180
72
87
40
104
50
173
227
135
138
205
129
13
79
192
23
84
157
114
187
212
186
19
32
34
134
13
210
97
127
208
16
61
34
186
22
15
135
228
97
154
128
74
251
14
165
21
237
99
173
28
253
47
209
164
137
141
178
1
56
107
40
66
82
105
1
77
32
206
3
6
0
2
9
0
0
1
0
0
2
4
0
7
9
0
0
0
1
144
65
0
25
64
80
0
8
0
128
8
9
64
4
4
65
130
9
2
1
0
4
0
16
128
68
192
36
64
16
44
0
0
16
0
72
0
0
0
2
144
0
2
96
64
5
7
68
2
73
155
34
2
48
16
6
69
28
119
236
33
224
187
5
224
197
101
17
115
65
10
128
94
104
14
145
96
159
36
83
186
67
90
201
244
212
157
24
7
208
86
231
111
153
164
8
4
240
29
154
73
24
242
51
188
88
87
36
216
197
10
199
160
217
168
37
78
164
109
168
65
139
169
132
9
131
109
165
97
232
5
170
121
78
237
9
39
186
8
33
79
21
227
116
187
32
180
37
142
101
34
42
131
72
16
92
209
64
52
88
48
65
242
143
44
40
140
3
132
200
68
52
120
33
6
68
34
201
184
162
0
36
60
2
39
168
63
73
5
66
33
129
176
225
98
25
124
64
56
8
6
190
4
41
71
29
224
83
48
113
154
37
14
204
84
10
134
64
193
66
65
56
108
24
0
244
13
201
1
42
96
135
180
202
131
36
72
12
2
36
32
17
241
160
117
20
26
194
53
64
20
201
224
234
220
195
64
225
34
133
116
76
24
36
128
80
70
49
216
124
32
85
186
85
50
9
84
248
84
18
14
68
167
34
76
185
44
24
4
240
29
140
73
2
242
39
188
72
23
32
240
2
6
0
138
9
16
4
1
0
66
2
0
0
22
41
1
0
0
1
144
65
0
25
64
80
16
8
0
130
136
9
64
4
4
67
130
73
0
1
0
36
16
16
128
68
196
4
72
16
44
0
8
18
1
72
16
0
96
2
148
0
67
104
64
6
2
0
2
1
0
4
0
0
2
8
36
32
6
1
1
0
0
1
144
65
2
9
64
64
4
8
1
2
12
9
64
4
12
129
130
9
0
1
0
36
0
16
1
68
192
38
64
16
44
0
0
2
0
64
0
2
0
2
144
0
2
100
64
35
132
0
42
157
160
5
12
0
106
0
8
160
11
7
5
74
116
1
80
192
0
219
104
68
128
0
1
147
8
41
65
133
164
148
178
33
64
1
34
32
66
24
136
80
16
192
65
24
44
24
4
36
0
220
33
16
162
35
180
24
87
34
97
186
214
32
171
159
189
14
145
110
107
185
42
189
6
116
117
213
242
69
208
89
242
17
92
212
85
249
107
146
246
247
144
200
44
223
174
233
104
169
97
108
77
118
169
212
85
182
53
154
207
144
8
226
157
204
121
2
177
21
180
30
219
104
34
64
1
147
156
0
66
104
103
1
162
65
132
80
192
19
10
172
8
1
70
10
169
70
131
88
8
166
200
65
132
56
0
103
22
33
168
17
100
66
72
48
42
149
10
106
20
131
110
25
40
120
87
48
24
20
64
137
163
11
177
24
102
3
227
33
4
105
35
137
196
161
108
16
100
86
85
160
47
129
36
74
116
1
96
240
32
138
104
124
168
0
3
210
27
43
79
69
36
21
186
19
243
9
30
81
192
24
138
64
0
232
97
25
44
26
4
240
28
156
1
24
98
43
184
200
7
32
252
35
214
100
43
175
188
15
25
174
95
169
74
173
105
100
21
244
255
7
240
248
98
18
116
84
252
225
122
186
50
97
145
202
108
210
172
211
40
168
233
110
94
58
173
212
113
244
29
184
143
24
9
242
157
220
113
56
178
55
188
178
215
44
24
7
35
8
56
0
18
34
70
64
2
1
128
64
35
132
18
64
8
1
197
3
96
65
130
196
0
160
141
2
12
161
64
210
4
4
170
9
40
1
64
160
74
56
9
208
84
131
78
27
172
8
7
112
25
89
73
16
243
19
148
88
82
96
107
10
18
64
162
23
51
7
26
36
26
144
53
57
30
32
67
194
213
1
116
192
54
193
119
4
152
168
5
82
72
53
73
86
36
150
186
83
120
1
84
80
65
94
14
65
133
100
79
28
44
24
4
226
24
158
9
16
114
51
157
73
31
36
250
4
46
163
136
24
244
164
87
33
218
10
7
193
132
187
1
139
109
225
8
208
5
90
217
66
84
24
160
20
12
34
195
71
2
223
32
48
252
109
0
37
36
34
167
111
196
117
225
88
60
40
56
131
249
14
24
6
8
2
133
66
69
77
114
69
7
144
22
97
130
38
66
34
16
33
97
130
83
132
17
102
139
33
197
193
39
65
83
64
75
233
110
0
12
129
64
223
36
64
190
81
24
161
228
96
30
56
167
209
81
151
79
153
172
24
5
240
28
152
73
16
242
51
181
88
87
32
90
3
0
0
162
13
128
128
8
36
32
2
36
40
11
1
1
66
52
1
208
192
32
137
96
68
136
0
1
18
8
33
67
53
164
84
186
51
104
1
6
128
64
24
8
64
16
64
65
24
44
24
4
112
16
140
8
24
34
35
176
8
22
32
105
133
15
134
81
0
136
164
82
41
175
138
66
194
229
138
3
137
41
163
3
183
108
90
203
81
118
23
226
0
6
35
66
95
18
203
32
17
172
122
8
108
52
40
231
39
97
55
243
56
200
40
112
197
77
88
4
31
9
215
167
128
179
201
106
69
11
130
17
0
90
164
226
8
134
3
6
194
213
75
130
9
9
161
71
6
37
64
195
73
119
149
228
0
6
2
16
222
18
65
8
17
8
236
8
36
52
48
165
245
56
55
234
26
136
41
115
209
77
88
128
35
75
17
161
64
243
65
74
79
33
200
48
2
146
58
6
32
34
129
0
92
224
33
82
68
25
1
246
203
113
67
51
132
0
160
205
66
4
177
96
83
4
4
170
91
104
1
80
176
72
28
9
209
21
195
79
155
172
24
5
112
29
92
73
24
242
51
189
88
18
96
235
5
2
16
34
73
10
34
74
32
0
130
103
32
87
164
17
102
43
3
80
193
39
17
87
64
26
192
79
2
6
129
64
159
36
67
190
1
10
201
100
200
28
24
3
209
113
167
79
152
164
8
4
240
29
152
65
16
242
19
181
24
87
32
72
251
190
255
247
255
183
253
250
252
255
212
251
255
249
182
93
242
221
127
107
252
207
202
127
46
250
186
191
254
81
119
239
87
231
60
251
87
125
253
247
93
206
251
63
219
5
221
223
157
172
24
133
224
190
159
77
88
246
115
159
222
23
32
255
45
204
238
9
17
119
165
254
185
158
140
174
160
13
239
205
203
125
163
4
112
87
222
101
99
245
29
36
89
74
34
27
205
74
205
160
52
44
109
56
56
92
62
165
85
241
52
224
58
188
56
60
145
189
204
64
58
136
46
173
18
219
108
82
13
138
199
169
21
113
165
222
165
158
136
174
193
141
175
73
203
125
227
32
224
85
74
225
70
245
25
160
57
66
34
203
221
66
223
160
52
236
109
40
44
36
62
33
85
241
116
225
122
60
56
180
147
189
76
20
44
140
15
165
128
201
68
82
4
42
199
137
152
240
165
94
33
158
136
6
193
133
155
9
139
109
225
32
192
85
74
249
70
245
24
160
60
66
34
203
93
66
223
160
52
252
109
0
36
32
58
37
95
128
117
241
90
60
56
176
147
248
76
28
12
8
6
133
64
197
69
114
105
45
235
187
210
111
35
239
220
84
78
53
113
222
251
230
203
85
59
102
124
151
214
55
95
205
28
5
210
74
50
137
228
39
85
187
82
114
205
116
48
117
28
46
85
158
101
230
157
44
24
4
179
29
156
73
16
232
43
189
72
70
32
240
32
14
33
163
153
236
165
73
140
88
74
85
161
95
201
164
195
68
133
64
196
32
140
120
125
220
1
3
150
10
41
95
37
166
93
154
113
178
233
22
97
84
16
166
68
130
252
67
136
61
24
0
244
5
141
1
0
98
34
172
72
7
32
252
108
43
231
185
218
111
163
255
236
84
202
53
113
254
251
228
203
85
203
102
116
189
222
183
31
236
12
133
250
202
58
137
119
39
87
187
16
114
205
20
188
117
20
38
77
142
101
226
157
44
152
20
211
29
141
9
0
236
43
189
72
6
33
240
104
234
239
9
215
123
166
253
253
146
206
190
125
52
255
233
203
221
251
124
116
83
199
244
97
117
29
164
253
70
50
186
220
76
203
207
82
51
237
48
184
93
58
52
85
255
54
164
191
189
143
45
145
253
193
222
112
204
44
173
85
219
126
210
120
41
155
154
3
75
84
111
71
192
191
176
49
134
191
202
159
18
96
79
22
176
197
135
153
103
193
72
65
232
148
40
138
22
99
174
130
72
194
88
48
191
181
97
182
54
5
110
155
170
171
79
50
29
113
80
49
227
123
249
57
242
233
202
106
19
192
178
87
51
3
26
4
106
144
52
41
138
48
71
202
85
65
85
192
55
193
119
4
152
168
5
82
72
48
201
90
36
151
186
83
120
5
84
80
65
22
15
193
5
101
111
24
44
24
4
242
56
156
73
16
178
51
157
72
23
36
250
2
36
1
48
77
162
34
13
64
42
128
36
96
69
1
17
100
9
1
208
193
33
65
195
196
8
224
206
64
4
169
66
79
44
20
170
27
40
1
64
72
64
16
136
192
65
131
79
24
44
24
1
240
24
92
65
16
50
19
144
8
18
96
104
35
6
96
163
153
204
161
73
28
88
14
85
161
95
201
164
67
84
1
96
212
34
156
120
125
140
0
3
86
27
43
95
37
166
93
154
115
242
201
150
209
84
24
174
68
2
228
99
137
44
24
8
244
5
140
9
16
98
34
172
74
7
32
248
5
135
16
38
105
154
34
66
34
16
160
99
162
83
132
17
102
139
37
69
193
39
65
83
64
10
201
79
16
12
129
64
159
36
64
190
81
24
169
228
192
30
56
135
209
81
179
79
153
172
24
5
240
29
152
73
16
242
51
181
88
87
32
91
7
22
128
32
221
168
35
92
48
60
130
37
160
89
42
1
104
237
131
208
225
35
91
89
68
56
176
167
80
4
97
71
79
40
85
176
113
56
233
100
232
84
26
143
69
65
183
79
184
172
24
4
240
29
156
65
18
242
55
181
72
87
32
122
35
6
0
3
159
208
128
24
36
58
128
36
160
26
33
69
74
116
1
144
193
50
155
124
4
144
17
33
22
10
33
83
93
172
223
186
114
112
41
6
32
64
10
13
84
196
176
65
24
60
24
4
178
17
204
1
16
98
166
148
72
87
32
114
67
33
9
48
0
146
58
2
64
34
193
0
64
65
4
18
68
9
1
212
193
97
65
131
196
0
224
204
66
4
161
96
211
4
132
170
11
40
1
80
216
74
24
9
209
17
131
79
27
172
24
3
112
29
92
73
16
242
51
185
24
210
96
235
67
32
9
48
8
130
42
6
64
34
193
4
96
1
0
18
68
9
1
208
192
33
65
131
196
0
224
204
64
4
161
96
91
4
132
170
27
40
1
80
88
64
16
8
208
81
131
79
27
44
24
1
112
24
92
81
24
178
19
184
24
146
98
233
87
12
202
53
233
162
58
99
24
250
83
17
136
227
137
18
224
201
49
226
205
37
195
123
78
138
168
175
82
5
161
127
243
36
84
187
83
58
225
116
240
92
24
142
209
17
195
79
153
172
24
1
240
29
157
73
16
242
51
189
88
86
32
249
85
135
156
30
97
18
62
102
18
144
101
145
4
179
135
26
239
139
33
103
193
37
195
115
72
95
185
108
64
12
160
96
215
36
85
186
83
56
225
116
112
94
56
47
213
16
247
111
153
172
24
5
240
29
156
73
16
242
51
189
88
87
32
250
3
6
0
43
157
128
135
12
32
42
0
33
160
11
1
1
138
100
1
16
192
34
139
104
68
152
24
1
146
8
41
71
85
164
28
178
112
32
1
36
4
66
26
10
64
16
64
81
24
44
24
4
16
24
140
0
0
32
35
148
8
71
34
113
92
41
152
158
98
219
62
102
26
162
95
148
16
150
171
242
239
155
33
70
197
49
199
147
137
93
184
204
64
14
182
104
215
52
85
186
83
122
201
116
48
93
53
47
245
20
231
110
153
172
24
7
240
29
156
73
16
243
59
189
88
87
32
250
45
206
171
9
83
123
161
254
153
154
138
174
240
156
235
237
203
61
171
14
116
87
94
213
99
117
29
32
149
74
50
26
204
10
205
160
20
126
237
40
56
85
54
53
85
245
52
224
190
188
56
21
147
61
204
80
52
136
46
173
19
217
76
82
24
186
237
249
62
251
187
125
220
186
215
252
253
16
127
194
216
221
67
91
244
115
198
223
141
123
244
174
81
215
55
234
223
44
199
174
94
122
233
113
248
92
51
46
213
119
179
111
187
172
24
3
240
29
221
89
16
242
51
189
120
87
106
251
121
59
255
95
126
119
243
246
248
188
86
183
127
251
251
234
242
213
251
110
245
175
199
247
139
106
190
159
126
77
114
254
255
39
117
191
87
122
253
116
248
93
186
30
217
167
195
239
189
172
29
5
240
29
157
73
84
246
59
189
88
70
34
251
193
6
69
161
217
42
39
216
44
93
42
67
139
45
194
5
3
109
165
36
104
129
170
96
70
253
25
35
186
2
35
13
84
97
92
177
49
224
45
132
69
68
26
131
69
0
124
209
8
20
88
32
193
182
141
40
24
44
35
172
76
23
48
56
120
105
155
218
2
79
92
103
199
162
63
144
113
162
255
218
223
18
98
79
31
186
197
135
153
7
247
72
67
172
148
40
202
22
101
174
130
104
194
88
178
255
181
105
182
62
5
110
155
170
51
199
48
29
117
80
17
243
121
249
57
112
233
227
253
157
254
245
255
255
127
254
190
253
119
219
159
249
150
222
251
245
127
111
252
239
226
55
63
255
191
127
123
153
118
239
215
45
4
255
214
125
253
252
120
220
185
191
217
56
253
111
157
172
27
133
240
29
158
77
112
246
51
189
88
23
32
250
197
143
220
54
97
154
50
67
48
17
39
194
158
115
164
11
230
187
37
101
197
103
113
115
65
10
168
94
120
4
176
96
215
36
68
186
83
90
225
244
212
94
56
7
209
86
243
79
153
172
24
5
240
29
153
73
24
246
51
189
88
87
32
251
190
250
239
233
255
255
187
249
252
191
254
255
255
125
251
252
249
221
127
251
245
119
238
126
173
223
253
255
127
223
247
254
247
108
79
190
126
122
249
116
254
93
122
63
213
231
247
111
189
173
28
5
242
29
159
93
16
246
51
189
91
95
32
250
3
134
0
43
157
160
7
24
32
42
0
11
168
11
5
1
10
100
1
48
200
34
138
104
68
152
24
1
154
8
33
71
213
164
148
48
113
32
5
36
36
66
10
138
80
144
72
81
24
36
24
4
5
152
140
40
8
160
39
148
8
71
34
113
92
26
198
181
221
226
162
115
16
56
90
23
130
215
137
32
226
205
1
98
205
37
203
123
78
78
160
143
82
7
35
110
247
36
85
186
87
122
233
116
80
84
26
46
197
5
231
111
153
172
24
5
240
29
156
73
16
242
51
189
88
87
32
248
57
5
44
32
3
39
32
99
0
70
213
4
92
41
0
4
230
88
3
228
112
32
129
115
92
8
160
140
82
20
176
169
116
36
20
186
2
96
1
220
24
64
28
10
192
21
194
78
153
44
24
5
112
28
156
73
24
242
51
184
88
22
32
232
199
5
204
148
67
2
88
70
32
66
5
0
26
225
38
2
128
92
20
101
10
173
160
35
78
138
130
24
208
40
56
9
114
55
20
203
2
100
18
214
146
226
28
74
200
28
193
142
81
36
82
4
73
90
151
10
153
114
49
28
76
20
2
185
65
10
130
9
200
128
134
196
40
26
42
11
128
5
11
1
1
77
137
36
72
133
14
72
74
196
8
36
144
0
0
0
117
3
89
41
16
166
6
32
37
36
8
6
13
130
76
144
16
8
120
48
129
90
141
10
145
72
2
36
68
68
0
240
7
22
100
32
221
160
39
88
176
60
130
97
204
125
32
5
232
237
131
240
241
103
90
113
68
120
180
166
120
20
97
71
223
40
87
176
113
56
41
108
108
84
26
175
213
113
247
79
184
172
24
0
240
29
156
73
62
242
23
181
90
87
32
122
59
5
185
62
2
67
120
111
67
64
213
4
112
164
36
82
238
16
3
212
50
56
113
135
148
40
226
140
67
148
252
96
72
46
33
190
138
96
0
88
24
193
157
10
66
53
39
110
17
34
99
78
32
24
48
1
153
163
107
217
57
38
226
195
47
22
100
32
157
180
167
92
164
126
200
65
205
45
48
5
201
109
195
240
240
99
90
113
68
124
188
182
56
20
97
195
223
104
215
168
121
56
41
108
108
84
26
175
213
113
247
79
184
172
24
1
242
29
156
73
46
178
23
181
218
215
40
122
195
208
136
139
5
210
150
4
19
163
29
202
170
23
6
27
77
131
48
153
136
69
235
65
96
213
89
110
19
35
131
99
149
188
145
64
107
9
46
99
96
138
40
41
149
24
116
37
83
218
11
1
180
225
240
250
19
147
188
21
16
209
84
74
121
59
255
87
122
127
243
246
252
188
86
55
127
255
251
234
250
213
251
110
245
47
199
247
203
106
180
150
126
79
114
255
255
47
101
190
87
122
253
124
248
93
154
54
205
166
195
239
189
173
29
5
240
29
157
77
116
246
59
189
90
7
32
250
57
20
253
152
54
183
59
124
241
126
197
128
77
9
53
7
206
252
195
96
240
113
210
243
72
40
164
156
120
84
125
233
223
4
145
184
214
104
32
97
124
200
63
15
242
49
227
111
26
168
24
5
224
24
156
93
56
178
59
159
91
215
108
243
182
141
161
143
129
204
144
13
15
193
23
254
177
54
222
220
187
18
32
1
14
41
242
64
125
215
17
43
35
186
7
8
135
180
97
154
128
73
235
30
33
29
165
225
181
28
189
37
211
134
137
41
176
3
48
107
40
82
112
105
16
93
40
202
74
219
175
253
54
181
248
209
60
250
233
142
221
208
125
127
244
221
105
235
222
244
86
187
141
14
163
250
81
215
183
242
243
52
215
170
90
127
224
113
242
95
116
62
214
150
195
127
157
173
24
5
242
29
157
89
16
242
59
189
89
94
34
179
193
6
69
161
201
166
39
200
36
77
42
67
139
41
2
5
131
125
165
36
104
133
186
96
70
253
25
38
186
0
33
13
84
97
92
177
49
96
37
140
101
68
26
139
69
0
92
209
8
4
24
36
195
178
140
40
40
44
39
172
6
23
48
56
122
53
255
63
87
167
126
191
208
186
216
191
238
198
163
95
243
215
91
215
121
175
215
151
206
74
238
141
83
28
240
168
235
45
21
191
91
60
69
116
90
78
18
46
223
125
135
110
189
172
24
5
240
60
156
73
16
242
59
157
88
86
34
242
126
45
187
150
2
71
154
39
214
192
87
20
81
166
27
246
252
155
67
214
213
33
199
135
217
8
236
204
64
156
188
232
229
44
69
190
159
74
201
92
216
93
21
138
213
54
163
110
155
172
137
11
240
29
24
89
64
243
59
248
58
22
40
234
126
41
255
150
2
79
146
39
214
196
87
20
93
166
27
246
244
147
67
246
213
115
199
167
153
40
236
220
104
220
220
232
229
44
67
190
223
74
201
124
216
29
21
14
209
54
131
110
187
172
137
11
240
29
25
89
40
243
59
184
122
22
42
234
35
132
8
42
29
196
128
9
48
72
4
69
160
11
1
37
66
116
1
96
192
34
153
96
100
136
0
3
82
11
33
83
181
36
29
186
51
106
9
180
211
84
24
138
80
18
96
99
25
44
24
4
240
21
140
73
24
162
43
188
8
87
34
249
35
4
0
35
157
128
128
13
0
104
0
101
160
14
1
5
202
100
1
80
192
34
155
72
68
152
0
3
18
8
41
71
69
164
29
154
49
32
9
6
65
64
24
138
68
0
0
65
24
44
24
4
244
16
140
1
16
34
35
144
8
7
32
98
5
6
100
0
205
176
2
17
32
56
130
37
236
125
1
5
96
169
131
176
241
98
27
253
80
56
12
6
56
20
33
70
95
40
71
48
120
56
41
76
76
68
26
142
68
97
230
75
56
108
24
0
240
24
152
73
22
114
151
148
202
23
32
120
2
194
68
170
191
248
132
24
44
26
170
104
169
63
109
225
67
244
37
240
197
98
137
124
69
221
1
35
63
10
33
214
220
236
223
154
112
112
169
38
103
92
42
45
84
215
244
67
136
189
20
0
246
5
207
89
16
226
166
180
88
95
36
56
65
49
155
24
0
176
44
118
65
166
33
128
64
192
139
3
206
76
35
66
138
161
70
147
204
1
167
236
65
4
48
66
195
20
149
170
24
40
96
96
48
74
48
45
118
244
129
110
26
168
40
71
48
25
28
65
17
162
27
157
88
82
97
243
56
20
185
152
7
167
171
125
196
238
211
128
113
8
57
71
158
125
195
66
240
51
210
223
25
40
224
140
80
212
117
203
79
4
215
172
148
104
232
105
248
92
119
47
247
53
179
111
154
174
24
7
242
29
92
81
0
178
23
185
59
215
104
115
41
22
101
168
30
181
47
85
228
126
192
0
205
45
49
5
220
109
195
96
240
113
82
251
212
40
164
214
56
84
113
195
223
72
215
168
184
40
41
104
108
76
62
169
213
113
247
79
186
172
24
9
242
29
92
89
46
178
23
181
154
211
104
106
178
206
161
143
161
204
148
141
15
193
31
222
179
54
222
252
187
146
32
11
30
41
246
64
125
215
17
43
39
186
23
14
135
164
97
154
194
91
234
62
33
29
161
225
181
20
189
37
211
142
137
41
180
7
176
99
32
82
112
105
80
93
40
222
87
4
130
53
201
166
170
103
16
104
82
21
128
195
129
36
224
137
1
194
201
37
203
91
94
10
168
143
66
4
161
111
103
36
85
186
83
56
225
116
208
84
24
142
193
17
195
79
153
172
24
1
240
29
156
73
16
242
51
189
88
86
32
248
163
198
68
3
157
152
7
24
120
63
170
107
168
43
76
133
195
36
5
176
201
226
185
108
69
245
25
35
186
26
3
23
216
44
84
178
114
48
169
188
100
86
42
175
212
82
252
81
128
173
16
0
200
157
207
33
56
240
183
60
216
215
32
56
186
132
171
141
166
213
209
181
158
197
21
220
153
24
51
206
156
244
82
43
24
51
246
36
61
161
148
56
117
249
95
43
165
60
131
202
218
115
202
121
144
25
69
28
145
52
137
52
27
136
223
45
176
153
148
112
48
242
56
93
115
159
46
251
98
25
169
186
85
62
3
31
220
106
242
176
35
194
222
207
250
213
113
85
92
135
243
23
71
219
185
45
83
152
32
168
194
38
214
187
83
56
229
116
240
94
48
143
209
31
181
238
153
172
24
0
240
29
157
81
16
178
51
189
88
86
40
251
78
5
136
184
66
151
30
7
34
226
9
132
144
198
39
87
192
251
1
198
139
117
83
19
20
194
162
77
66
60
181
97
199
4
151
171
90
120
193
112
48
72
60
40
215
92
231
111
159
172
24
5
242
29
220
89
16
243
51
189
88
210
106
226
7
158
196
32
221
232
162
84
56
56
130
97
168
89
171
129
232
237
161
240
229
39
91
121
71
89
176
39
88
5
33
103
223
32
85
184
115
56
233
116
248
92
58
143
213
81
247
111
153
172
24
5
240
29
157
73
18
242
55
189
88
87
32
250
33
150
229
34
29
166
167
122
240
84
228
113
45
123
128
5
226
101
129
112
240
103
217
119
100
170
0
23
126
24
65
77
159
102
20
178
119
24
57
188
117
86
26
135
64
17
209
79
24
52
25
8
240
28
156
13
56
182
55
157
202
215
36
217
56
19
48
160
19
167
34
115
4
70
242
20
81
8
177
116
246
220
67
100
112
34
129
115
92
136
168
140
82
132
176
169
100
36
85
186
80
112
1
84
56
64
16
14
64
5
194
78
153
44
24
5
114
28
156
65
0
242
51
156
88
6
32
240
94
33
154
23
2
67
88
231
67
162
91
148
82
198
131
114
175
18
0
199
15
185
231
131
141
2
166
77
66
172
190
122
99
52
37
186
26
110
194
212
16
72
181
106
182
20
129
110
155
174
26
71
240
29
20
65
144
115
51
249
57
54
35
234
5
42
131
73
0
112
160
246
17
184
66
21
66
144
139
138
136
72
169
10
73
141
78
153
79
8
18
192
196
5
42
94
117
19
61
97
52
246
77
4
177
36
154
22
111
132
11
240
90
72
111
245
145
94
20
64
199
72
11
69
68
37
67
247
80
33
154
22
0
66
88
230
67
162
25
148
82
134
131
122
47
2
0
199
15
169
229
135
141
2
166
73
3
172
182
96
114
52
37
190
10
108
194
212
18
104
181
106
178
28
1
110
155
170
58
71
112
24
52
64
145
115
49
249
57
112
35
234
115
213
230
62
87
166
15
63
246
170
216
187
174
143
6
31
247
183
115
215
121
135
211
55
80
106
236
13
83
28
224
168
203
45
4
191
83
56
5
252
90
74
56
174
215
113
135
110
185
172
24
1
240
28
156
65
16
178
55
157
58
86
34
251
121
61
255
127
118
183
251
247
244
188
212
185
239
251
187
95
242
247
123
110
253
175
215
183
139
106
236
141
91
92
240
250
251
45
39
191
91
58
197
116
250
94
58
14
221
245
195
111
189
172
24
5
240
61
157
73
16
246
59
189
88
70
34
251
80
41
139
30
3
195
88
46
215
162
21
180
51
166
51
74
31
19
112
211
143
63
199
135
137
83
246
44
67
169
150
106
223
12
37
190
26
72
234
120
48
121
181
107
183
116
53
111
155
170
171
199
176
25
124
80
17
243
59
249
57
113
225
202
249
249
239
251
246
247
127
254
220
255
252
187
255
235
151
206
251
213
123
127
127
253
231
183
63
255
191
189
219
217
118
169
219
47
21
251
94
117
117
124
122
238
191
63
223
61
85
246
159
172
31
197
233
61
156
93
216
252
107
219
95
150
178
247
128
2
130
177
0
192
168
133
1
171
3
198
146
128
3
2
13
11
160
139
136
37
86
201
81
83
145
226
0
166
131
194
15
144
99
32
57
136
232
32
104
44
32
225
183
85
55
123
120
202
168
115
215
73
120
184
7
75
151
229
32
115
201
74
3
198
76
10
191
184
133
24
120
30
168
232
172
59
108
1
203
244
37
176
225
98
9
124
100
181
33
51
63
15
97
83
216
236
221
154
122
48
41
62
103
94
42
45
84
208
244
65
128
253
16
4
232
5
206
9
58
242
182
156
216
211
32
56
58
13
173
133
162
221
147
101
142
197
23
84
221
60
58
212
189
144
82
109
22
83
210
96
61
208
28
124
38
186
86
41
133
124
97
222
194
75
200
26
49
145
53
39
133
140
253
36
151
128
139
45
178
5
178
127
48
82
56
105
97
29
44
218
15
6
128
32
223
162
162
5
0
40
130
37
128
68
33
1
96
25
1
208
193
37
75
91
6
8
168
15
16
4
161
70
71
36
85
186
81
112
105
68
64
68
24
10
197
69
163
79
152
172
24
5
242
28
156
65
18
242
19
181
72
87
32
104
54
137
129
135
131
204
144
13
15
65
23
126
145
38
158
212
169
16
32
17
14
45
194
96
125
215
17
41
34
186
22
9
135
180
97
154
130
73
234
30
33
153
165
97
165
28
253
38
211
134
137
45
178
1
48
43
40
18
48
105
1
77
32
202
65
35
155
89
32
145
40
118
194
174
33
128
64
192
25
10
78
202
34
66
142
181
70
147
200
1
167
236
0
0
49
74
195
20
193
172
25
40
224
96
56
74
48
47
119
244
129
111
155
168
40
71
176
29
28
65
5
226
19
157
120
82
97
243
75
3
196
178
87
51
3
30
52
88
0
33
57
218
32
69
202
117
9
244
192
55
193
115
6
216
8
5
90
72
48
65
87
38
150
186
83
120
5
84
116
97
26
15
65
5
101
206
28
44
24
4
243
24
158
9
16
226
51
157
72
23
36
250
198
1
138
244
65
2
88
70
32
34
5
0
18
225
34
10
128
88
16
103
2
173
228
35
14
138
130
12
81
36
56
65
114
55
52
235
2
100
18
214
146
226
24
74
202
28
193
206
89
32
82
21
65
90
148
8
153
98
41
157
76
20
3
241
106
11
170
186
215
254
7
31
140
106
242
184
35
202
95
207
203
85
121
84
92
135
211
55
71
217
185
37
83
24
32
137
203
47
215
187
82
112
229
116
240
94
48
175
85
29
181
198
152
172
24
0
241
61
157
65
16
242
35
189
88
87
32
251
201
141
212
52
105
138
50
70
40
33
7
203
158
241
38
27
230
187
37
229
204
103
115
115
71
10
248
126
106
4
161
96
215
36
64
186
83
120
225
244
212
94
56
15
209
85
243
111
153
172
24
5
240
29
157
73
24
242
51
189
88
87
32
251
194
208
136
10
207
208
6
12
39
35
37
234
168
2
38
25
77
51
48
149
137
151
75
72
96
213
89
47
147
43
131
32
149
172
155
65
107
73
46
34
34
202
100
41
21
92
52
177
85
218
18
4
13
225
226
186
18
177
172
21
20
81
84
75
132
2
146
161
0
80
168
197
9
187
2
198
192
0
11
130
13
10
225
139
141
160
110
200
209
85
145
226
0
166
163
210
77
144
235
32
57
136
232
32
104
52
32
161
183
101
55
121
58
202
168
115
215
69
120
184
135
73
151
101
37
115
201
74
75
3
204
178
87
51
3
30
52
56
212
49
43
218
32
71
202
117
41
116
224
119
193
51
6
234
136
5
122
72
48
201
223
38
151
186
83
120
101
116
116
97
62
15
65
5
229
207
28
172
24
4
243
60
156
9
16
182
51
157
72
23
36
250
5
42
147
65
0
113
224
246
24
152
194
21
64
148
203
162
9
72
169
10
69
136
78
155
107
25
18
192
196
7
42
94
125
18
121
96
20
246
77
4
177
52
154
54
47
132
43
240
91
89
111
245
145
95
0
8
199
72
13
69
68
33
65
246
34
142
96
194
157
156
130
89
28
88
6
117
160
94
232
229
66
85
133
0
196
38
153
115
45
136
0
7
86
27
17
79
135
38
85
186
114
122
137
180
209
116
26
142
64
134
112
67
153
61
24
12
240
29
143
8
16
98
50
188
74
23
38
248
133
46
135
1
0
72
164
208
41
138
130
71
192
37
203
3
137
40
163
11
133
44
90
202
65
119
23
226
12
6
3
70
95
82
105
0
16
172
107
8
101
52
40
167
47
96
63
243
56
88
40
114
149
71
40
12
15
72
134
101
4
33
193
98
80
30
150
117
253
162
160
243
24
121
210
71
162
213
3
33
230
205
161
66
196
45
203
123
78
74
160
134
216
7
163
110
127
32
85
184
119
122
233
116
208
84
26
14
201
5
227
111
153
172
24
5
240
29
156
73
18
242
55
189
88
87
32
248
65
150
144
52
105
138
38
74
34
49
165
195
162
81
4
25
230
139
33
85
196
39
67
83
198
91
233
110
66
4
161
96
223
36
64
190
83
56
161
100
120
94
56
135
209
81
183
79
153
172
24
5
240
29
153
73
16
242
51
189
88
87
32
219
90
9
154
62
98
219
58
38
74
160
95
148
208
148
43
242
237
155
49
198
204
53
195
147
137
93
248
236
64
198
182
40
215
36
69
186
91
122
200
116
112
93
53
47
213
28
167
110
159
172
25
7
242
29
156
73
64
243
51
185
88
87
32
250
72
219
159
221
46
181
248
211
126
251
41
142
223
240
121
107
244
221
105
107
206
252
86
251
141
94
167
254
65
198
183
242
243
52
87
186
90
126
240
113
242
95
124
62
246
150
193
127
157
173
24
71
242
29
157
89
17
242
51
189
89
94
98
243
255
252
255
245
255
55
255
250
124
255
212
251
255
249
182
93
251
253
63
107
253
205
235
123
47
255
251
191
254
85
119
239
215
231
60
251
119
125
253
117
93
206
250
63
219
5
255
255
157
173
30
133
248
62
158
77
88
246
115
159
222
31
32
254
34
14
32
130
157
156
132
73
28
80
142
117
160
95
200
165
195
84
5
0
212
34
153
115
117
156
0
7
22
26
9
94
103
38
93
154
82
50
233
148
209
116
8
142
68
130
116
67
137
53
24
8
240
21
143
9
16
98
34
172
74
7
32
248
249
171
231
127
122
127
225
254
252
188
214
183
255
251
251
238
234
213
251
111
245
175
207
247
27
106
180
135
110
205
114
254
255
47
101
190
87
122
253
124
248
93
184
62
217
231
211
239
189
172
29
5
240
29
157
73
48
246
51
189
88
87
34
251
33
50
69
2
29
160
7
24
226
4
130
97
237
95
0
1
118
102
194
144
241
98
25
198
192
52
69
20
56
24
193
68
31
108
194
148
8
8
35
13
45
0
10
131
68
96
180
79
48
246
137
10
52
8
90
17
46
2
150
131
162
195
108
72
122
41
170
183
66
199
154
39
214
224
87
20
81
164
59
118
244
155
83
214
213
55
215
215
153
72
236
204
66
212
190
234
231
44
71
190
219
106
201
92
216
93
21
138
213
54
163
111
159
172
153
11
242
29
28
89
16
243
51
185
122
22
40
234
249
171
231
95
122
127
241
254
252
188
214
247
255
255
251
234
234
245
251
111
245
239
207
247
91
106
182
151
110
207
114
239
255
111
101
190
87
122
253
124
253
93
184
62
221
231
243
239
189
173
29
133
240
31
159
77
48
246
51
189
88
87
32
250
75
5
154
48
74
147
62
71
96
234
1
6
208
228
35
83
230
187
1
199
200
181
83
83
148
202
168
206
66
4
181
98
199
36
7
187
83
104
224
112
112
72
60
44
213
93
231
111
153
172
24
5
240
29
156
73
16
242
51
189
88
82
32
250
90
18
154
245
255
179
62
70
54
187
81
2
159
196
51
83
253
223
57
231
200
183
195
123
14
218
190
111
82
69
181
226
87
36
22
187
83
124
225
116
80
76
116
46
215
12
199
127
157
172
24
5
242
29
156
73
16
242
51
157
88
87
32
250
72
219
159
223
46
245
216
177
122
187
43
142
223
244
121
107
244
219
108
235
222
181
87
211
137
78
167
254
64
194
183
242
243
52
87
184
91
122
232
225
242
93
112
46
245
118
195
111
153
172
24
71
242
29
156
73
21
243
19
189
88
86
98
251
