posters/Movie Poster 64.jpg
512
762
276
-139.554
-1
0
191
551
0.0122872
31
-87.6305
-1
0
404
653
0.0106582
31
-128.884
-1
0
191
659
0.00893644
31
46.1382
-1
0
181
430
0.00810181
31
-91.6724
-1
0
393
654
0.0138436
31
-97.0735
-1
0
384
654
0.0121957
31
-99.8113
-1
0
196
651
0.0120282
31
-62.2658
-1
0
160
470
0.00766472
31
-35.7539
-1
0
332
659
0.00798158
31
-25.9423
-1
0
108
486
0.00855309
31
-112.932
-1
0
382
659
0.0104237
31
-47.2906
-1
0
323
659
0.0117674
31
-98.9581
-1
0
412
650
0.0105418
31
-100.244
-1
0
391
659
0.0085017
31
-104.315
-1
0
254
650
0.00867489
31
167.135
-1
0
247
304
0.00781206
31
-144.638
-1
0
204
664
0.00831043
31
-108.875
-1
0
191
650
0.00938756
31
-68.2901
-1
0
172
650
0.0102251
31
-80.1865
-1
0
324
651
0.0241156
31
-92.3493
-1
0
309
649
0.00987247
31
-128.501
-1
0
193
657
0.0201488
31
-91.7806
-1
0
306
649
0.0104331
31
-94.9968
-1
0
300
649
0.00787298
31
-95.5572
-1
0
298
649
0.00892117
31
-101.211
-1
0
383
656
0.0155945
31
76.3858
-1
0
301
143
0.00781708
31
68.7274
-1
0
362
143
0.00822963
31
83.5693
-1
0
249
144
0.00790829
31
92.2546
-1
0
264
144
0.0102087
31
80.0429
-1
0
154
145
0.00897473
31
50.1716
-1
0
119
146
0.00883136
31
-113.025
-1
0
212
664
0.0098665
31
116.365
-1
0
201
566
0.00869986
31
-138.366
-1
0
377
664
0.00775247
31
-145.939
-1
0
187
555
0.00880735
31
-84.5597
-1
0
170
552
0.0115635
31
-21.0877
-1
0
130
558
0.0062436
31
-93.235
-1
0
392
648
0.00690849
31
-116.887
-1
0
412
658
0.00736506
31
-95.553
-1
0
383
648
0.00709563
31
-97.3311
-1
0
214
650
0.00752791
31
-3.92591
-1
0
133
561
0.00722938
31
118.301
-1
0
309
174
0.00629965
31
-69.1591
-1
0
237
651
0.00622497
31
-143.31
-1
0
376
659
0.00734148
31
-2.67186
-1
0
173
495
0.00657075
31
135
-1
0
162
568
0.00662689
31
100.561
-1
0
149
660
0.00727765
31
-113.552
-1
0
268
664
0.0069942
31
-8.49856
-1
0
339
176
0.00661899
31
-62.7447
-1
0
403
659
0.00629562
31
73.0245
-1
0
202
144
0.00646691
31
-95.0573
-1
0
390
649
0.00671058
31
-92.6264
-1
0
385
649
0.00677085
31
-116.152
-1
0
365
649
0.00743743
31
-141.892
-1
0
253
216
0.00675055
31
119.604
-1
0
151
660
0.00736606
31
86.0407
-1
0
173
145
0.00695541
31
98.9441
-1
0
165
145
0.0073491
31
66.5186
-1
0
230
144
0.00719826
31
92.2725
-1
0
259
144
0.00674758
31
-90.3016
-1
0
314
650
0.00566541
31
86.2341
-1
0
383
144
0.00591844
31
128.328
-1
0
188
537
0.0056702
31
-109.654
-1
0
305
658
0.00579338
31
-94.808
-1
0
169
547
0.00598993
31
100.68
-1
0
375
143
0.0057964
31
-157.855
-1
0
120
448
0.00599751
31
-147.407
-1
0
370
658
0.00575188
31
9.90418
-1
0
136
165
0.00590921
31
108.435
-1
0
194
564
0.00610045
31
-13.1028
-1
0
124
559
0.00576563
31
-120.141
-1
0
254
659
0.00550024
31
-166.122
-1
0
189
546
0.00554623
31
-101.976
-1
0
318
658
0.0054768
31
55.9265
-1
0
310
508
0.00547602
31
132.274
-1
0
209
173
0.00562572
31
-17.418
-1
0
148
471
0.00554419
31
115.45
-1
0
314
143
0.00546145
31
100.784
-1
0
352
145
0.0054581
31
100.408
-1
1
290.4
144
0.00439662
37.2
91.7955
-1
1
265.2
144
0.00827114
37.2
89.1398
-1
1
259.2
144
0.00744191
37.2
89.0634
-1
1
249.6
144
0.00697157
37.2
86.2654
-1
1
241.2
144
0.00420927
37.2
-23.3904
-1
1
147.6
471.6
0.00385793
37.2
71.7809
-1
1
230.4
144
0.0065921
37.2
-163.465
-1
1
253.2
214.8
0.00385137
37.2
76.5999
-1
1
201.6
144
0.00490584
37.2
92.3184
-1
1
351.6
144
0.00399734
37.2
49.703
-1
1
309.6
506.4
0.00411806
37.2
8.6606
-1
1
146.4
566.4
0.00473374
37.2
178.21
-1
1
210
543.6
0.00553537
37.2
96.2172
-1
1
374.4
142.8
0.00488401
37.2
70.4905
-1
1
362.4
142.8
0.00704351
37.2
111.102
-1
1
313.2
142.8
0.00489805
37.2
78.9873
-1
1
301.2
142.8
0.00615629
37.2
170.478
-1
1
213.6
552
0.00423069
37.2
-9.78241
-1
1
172.8
494.4
0.00422901
37.2
90.68
-1
1
384
144
0.0057895
37.2
-141.34
-1
1
186
554.4
0.00457524
37.2
-23.0513
-1
1
135.6
164.4
0.0056992
37.2
148.449
-1
1
189.6
546
0.00618091
37.2
86.6421
-1
1
153.6
145.2
0.0060726
37.2
90.9142
-1
1
170.4
157.2
0.00544224
37.2
87.589
-1
1
168
157.2
0.00475446
37.2
112.571
-1
1
200.4
528
0.00517808
37.2
93.2827
-1
1
165.6
145.2
0.00530766
37.2
90.9022
-1
1
174
145.2
0.00721089
37.2
-86.6981
-1
1
169.2
547.2
0.00607015
37.2
45
-1
1
206.4
171.6
0.00610795
37.2
153.869
-1
1
208.8
171.6
0.00653276
37.2
9.09028
-1
1
145.2
571.2
0.00391731
37.2
98.937
-1
1
258
316.8
0.00422123
37.2
1.84761
-1
1
306
172.8
0.00521616
37.2
180
-1
1
309.6
172.8
0.00584085
37.2
-118.191
-1
1
140.4
411.6
0.00761208
37.2
113.009
-1
1
265.2
153.6
0.0041398
37.2
107.825
-1
1
184.8
145.2
0.00504622
37.2
-32.4986
-1
1
277.2
202.8
0.00449533
37.2
-11.5752
-1
1
338.4
176.4
0.00450533
37.2
121.3
-1
1
200.4
566.4
0.0051359
37.2
-28.1683
-1
1
277.2
200.4
0.00509013
37.2
26.307
-1
1
181.2
429.6
0.00549719
37.2
110.895
-1
1
213.6
145.2
0.00425825
37.2
2.46282
-1
1
133.2
560.4
0.00342867
37.2
79.8134
-1
1
272.4
362.4
0.00316153
37.2
-56.3099
-1
1
159.6
470.4
0.00353283
37.2
168.573
-1
1
216
552
0.00335526
37.2
21.4017
-1
1
316.8
474
0.00322832
37.2
-100.972
-1
1
210
195.6
0.00352216
37.2
7.48089
-1
1
386.4
510
0.00314127
37.2
4.61065
-1
1
330
177.6
0.00353707
37.2
155.821
-1
1
247.2
303.6
0.00358649
37.2
-77.0535
-1
1
332.4
195.6
0.00349952
37.2
-46.017
-1
1
291.6
196.8
0.00311603
37.2
166.264
-1
1
252
204
0.00339311
37.2
74.162
-1
1
134.4
154.8
0.00380515
37.2
107.71
-1
1
350.4
153.6
0.00336263
37.2
106.26
-1
1
375.6
417.6
0.00354761
37.2
-23.6294
-1
1
144
585.6
0.00313723
37.2
62.9873
-1
1
352.8
505.2
0.00291918
37.2
-8.1301
-1
1
142.8
541.2
0.00301921
37.2
-78.6901
-1
2
165.6
554.4
0.00168297
44.64
133.221
-1
2
187.2
516.96
0.00203022
44.64
-130.236
-1
2
174.24
554.4
0.00449792
44.64
-96.9571
-1
2
259.2
416.16
0.00181449
44.64
-176.514
-1
2
234.72
465.12
0.00194117
44.64
149.701
-1
2
200.16
505.44
0.00176025
44.64
89.3465
-1
2
263.52
329.76
0.00217308
44.64
9.46232
-1
2
148.32
563.04
0.00210962
44.64
62.7839
-1
2
282.24
322.56
0.00168324
44.64
94.0334
-1
2
349.92
152.64
0.00326824
44.64
-97.572
-1
2
250.56
417.6
0.00179177
44.64
12.7094
-1
2
146.88
565.92
0.00271377
44.64
124.408
-1
2
200.16
565.92
0.00343643
44.64
162.316
-1
2
216
551.52
0.00310885
44.64
73.0725
-1
2
162.72
567.36
0.00299794
44.64
110.376
-1
2
344.16
155.52
0.00264882
44.64
103.468
-1
2
257.76
316.8
0.0033253
44.64
14.6764
-1
2
145.44
570.24
0.0021696
44.64
-82.4054
-1
2
168.48
547.2
0.00375156
44.64
146.739
-1
2
191.52
545.76
0.00482778
44.64
13.4957
-1
2
144
584.64
0.00279362
44.64
144.638
-1
2
247.68
302.4
0.00171702
44.64
173.568
-1
2
210.24
544.32
0.00306387
44.64
103.282
-1
2
213.12
145.44
0.00413266
44.64
179.161
-1
2
216
542.88
0.00229177
44.64
101.994
-1
2
184.32
145.44
0.00496226
44.64
100.088
-1
2
174.24
145.44
0.00702498
44.64
88.0475
-1
2
165.6
145.44
0.00513206
44.64
89.6969
-1
2
168.48
156.96
0.00455309
44.64
80.6005
-1
2
272.16
360
0.00400855
44.64
84.5474
-1
2
351.36
144
0.00392875
44.64
105.018
-1
2
313.92
144
0.00447481
44.64
90.4137
-1
2
290.88
144
0.00335401
44.64
88.3692
-1
2
266.4
144
0.00493793
44.64
89.0483
-1
2
257.76
144
0.00380911
44.64
94.6804
-1
2
249.12
144
0.0049203
44.64
83.6042
-1
2
240.48
144
0.00389512
44.64
74.8569
-1
2
230.4
144
0.00576078
44.64
82.2178
-1
2
201.6
144
0.00457968
44.64
90
-1
2
155.52
144
0.00590791
44.64
101.828
-1
2
171.36
156.96
0.003764
44.64
29.0546
-1
2
270.72
156.96
0.00259703
44.64
43.5679
-1
2
309.6
505.44
0.00277496
44.64
-20.0797
-1
2
146.88
470.88
0.00328138
44.64
139.236
-1
2
190.08
515.52
0.00240217
44.64
145.008
-1
2
208.8
171.36
0.0038705
44.64
180
-1
2
309.6
172.8
0.00445261
44.64
-13.1726
-1
2
338.4
174.24
0.0043857
44.64
-99.1623
-1
2
171.36
177.12
0.00229945
44.64
-26.5651
-1
2
331.2
177.12
0.00324252
44.64
-53.7041
-1
2
159.84
470.88
0.00176162
44.64
-75.9638
-1
2
331.2
187.2
0.00173216
44.64
-7.23692
-1
2
319.68
522.72
0.0023711
44.64
16.0817
-1
2
180
429.12
0.00380139
44.64
-17.5713
-1
2
172.8
493.92
0.00242088
44.64
-101.121
-1
2
210.24
195.84
0.00308122
44.64
-79.6952
-1
2
332.64
195.84
0.00259886
44.64
-54.4623
-1
2
292.32
197.28
0.00212624
44.64
122.949
-1
2
200.16
527.04
0.00279591
44.64
-36.7872
-1
2
277.92
201.6
0.00441482
44.64
21.541
-1
2
316.8
473.76
0.00272484
44.64
-178.21
-1
2
252
204.48
0.00286267
44.64
-158.499
-1
2
253.44
214.56
0.00244289
44.64
141.292
-1
2
201.6
560.16
0.00166857
44.64
177.469
-1
2
252
283.68
0.00154405
44.64
27.3324
-1
2
319.68
531.36
0.00159029
44.64
102.871
-1
2
145.44
609.12
0.00160479
44.64
-87.6141
-1
2
355.68
195.84
0.00167429
44.64
-104.769
-1
2
313.92
188.64
0.00167631
44.64
5.59934
-1
3
179.712
428.544
0.00269917
53.568
-42.337
-1
3
278.208
202.176
0.00318877
53.568
165.411
-1
3
214.272
539.136
0.0020372
53.568
21.8951
-1
3
316.224
473.472
0.00247715
53.568
86.0223
-1
3
271.296
359.424
0.00390165
53.568
107.021
-1
3
257.472
317.952
0.00264105
53.568
134.669
-1
3
190.08
546.048
0.00299322
53.568
157.118
-1
3
214.272
551.232
0.00238091
53.568
-69.2539
-1
3
330.048
177.984
0.00291362
53.568
-60.8324
-1
3
336.96
174.528
0.00281178
53.568
-38.6598
-1
3
307.584
172.8
0.00340894
53.568
108.435
-1
3
207.36
171.072
0.00204774
53.568
-94.1182
-1
3
207.36
186.624
0.00200708
53.568
128.936
-1
3
200.448
528.768
0.0023493
53.568
-79.6952
-1
3
305.856
186.624
0.00216271
53.568
-103.921
-1
3
210.816
196.992
0.00303604
53.568
-55.4562
-1
3
290.304
196.992
0.00205941
53.568
-84.8056
-1
3
331.776
196.992
0.00214803
53.568
124.919
-1
3
195.264
532.224
0.00196067
53.568
31.6075
-1
3
316.224
501.12
0.00222213
53.568
-170.961
-1
3
250.56
205.632
0.00217834
53.568
127.093
-1
3
186.624
551.232
0.00227042
53.568
87.3791
-1
3
262.656
330.048
0.00249866
53.568
-96.3851
-1
3
243.648
428.544
0.00114408
53.568
32.807
-1
3
317.952
530.496
0.00126261
53.568
20.7169
-1
3
311.04
528.768
0.00148273
53.568
168.99
-1
3
216
544.32
0.00167423
53.568
-99.5074
-1
3
240.192
428.544
0.00131909
53.568
-171.83
-1
3
235.008
466.56
0.00174597
53.568
25.9744
-1
3
317.952
521.856
0.00131835
53.568
-81.2825
-1
3
309.312
196.992
0.00145106
53.568
-116.966
-1
3
217.728
198.72
0.0013225
53.568
-94.5272
-1
3
250.56
416.448
0.00154503
53.568
125.735
-1
3
200.448
565.056
0.0015986
53.568
132.153
-1
3
186.624
516.672
0.0017356
53.568
111.354
-1
3
255.744
323.136
0.00118965
53.568
-99.4623
-1
3
312.768
188.352
0.00134214
53.568
124.032
-1
3
186.624
533.952
0.00133266
53.568
34.7593
-1
3
193.536
359.424
0.00126132
53.568
133.135
-1
3
247.104
302.4
0.0014071
53.568
140.117
-1
3
205.632
508.032
0.00147914
53.568
-97.3344
-1
3
171.072
176.256
0.00141364
53.568
-118.863
-1
3
222.912
186.624
0.0014387
53.568
-52.9696
-1
3
292.032
186.624
0.00186478
53.568
69.4807
-1
3
281.664
323.136
0.00168022
53.568
-89.2258
-1
3
330.048
186.624
0.0015115
53.568
-21.3458
-1
3
172.8
494.208
0.00112999
53.568
106.811
-1
4
257.126
317.261
0.00192226
64.2816
87.5974
-1
4
271.642
358.733
0.00289613
64.2816
150.966
-1
4
215.654
549.504
0.00167836
64.2816
-155.674
-1
4
250.906
205.286
0.00161604
64.2816
-163.791
-1
4
234.317
466.56
0.00146817
64.2816
75.6432
-1
4
282.01
323.482
0.00160966
64.2816
87.7017
-1
4
263.347
329.702
0.0016677
64.2816
129.019
-1
4
242.611
290.304
0.00122292
64.2816
34.9558
-1
4
308.966
503.885
0.00127484
64.2816
135.685
-1
4
205.286
508.032
0.00140347
64.2816
-101.7
-1
4
240.538
427.162
0.00107349
64.2816
67.2584
-1
4
279.936
340.07
0.00120266
64.2816
-93.6445
-1
4
250.906
414.72
0.00115969
64.2816
-98.2594
-1
4
255.053
406.426
0.00112683
64.2816
100.226
-1
5
258.785
320.993
0.00170148
77.1379
86.1432
-1
5
271.227
358.318
0.0020123
77.1379
276
64
122
216
190
223
47
219
90
63
222
251
223
189
191
206
126
254
127
151
120
155
222
191
239
47
177
119
243
126
91
251
215
238
207
175
179
117
246
207
250
115
112
221
231
111
159
183
181
127
247
202
159
141
174
189
254
223
211
183
255
123
187
61
157
214
42
3
129
146
2
135
10
5
198
102
17
6
145
0
51
22
92
19
65
192
208
53
83
199
152
16
180
140
2
144
181
192
71
44
67
174
153
72
0
72
32
72
52
137
213
116
161
111
154
172
152
11
242
25
28
81
0
178
19
177
24
83
104
106
226
15
162
210
201
142
70
75
14
65
138
99
163
205
80
13
226
33
63
150
214
15
27
71
86
222
27
39
150
156
0
68
7
167
78
155
160
44
127
6
65
116
128
235
77
72
189
195
196
36
152
216
97
114
143
163
65
124
82
39
2
53
153
106
222
223
186
221
254
223
222
133
14
235
41
202
146
198
126
253
61
215
60
239
15
157
182
56
63
199
187
111
151
59
182
55
226
181
95
219
194
119
238
247
179
94
97
127
191
158
253
180
197
141
86
181
15
247
151
235
209
253
112
63
93
124
18
177
18
2
128
130
0
130
10
36
2
34
19
6
128
0
18
18
108
67
0
192
192
37
195
67
136
144
176
76
2
128
161
73
87
36
81
186
9
72
0
64
36
64
20
11
197
20
229
79
26
172
24
1
242
24
28
73
8
50
19
177
8
87
32
106
19
22
144
34
76
166
10
4
34
46
1
2
140
1
2
17
108
103
1
224
192
39
83
99
140
152
252
76
18
0
225
64
87
44
81
188
9
40
0
64
100
64
28
139
197
80
231
79
24
172
24
4
226
24
28
73
8
178
19
145
24
87
32
106
195
206
138
83
237
208
198
152
122
49
44
79
170
223
2
41
109
163
61
215
206
143
63
125
66
127
123
46
214
19
130
55
223
175
83
115
91
149
239
254
112
124
40
191
221
88
189
177
217
204
24
177
213
255
156
227
81
252
177
31
220
117
144
218
173
207
238
253
35
253
245
252
189
213
239
219
159
249
254
238
169
253
255
107
190
111
246
115
125
255
151
114
125
87
86
191
191
115
113
248
214
91
250
188
255
63
185
247
253
51
127
111
153
169
175
125
248
31
153
76
57
214
115
255
219
127
167
219
71
37
138
30
0
6
88
7
66
230
33
128
18
130
167
42
2
64
32
195
139
165
119
11
92
130
166
11
67
45
48
98
227
132
4
186
10
108
67
222
146
106
36
200
178
92
129
106
89
172
58
7
32
24
52
64
144
163
57
184
28
112
98
227
1
77
57
136
0
76
36
71
41
70
11
132
80
165
124
162
207
104
33
100
8
128
16
128
93
213
189
104
129
134
58
1
64
4
65
136
0
98
200
72
32
148
56
161
118
22
100
164
145
128
48
52
160
29
6
9
153
224
1
188
84
87
72
178
2
22
0
162
205
130
6
9
98
106
2
3
172
33
32
17
102
199
1
176
192
36
25
97
68
136
104
13
26
0
33
64
23
36
80
176
104
104
1
64
68
64
24
137
64
4
192
79
16
36
24
4
98
24
157
73
24
50
19
148
8
23
32
120
67
36
139
24
8
128
9
70
64
166
129
132
64
129
131
3
2
32
2
67
138
161
94
11
84
130
166
11
2
44
41
67
103
134
4
42
8
172
3
74
0
106
8
200
146
80
1
75
25
40
56
69
32
24
116
64
145
34
19
145
136
210
99
99
35
4
133
2
205
198
3
28
224
69
36
70
170
107
6
37
72
33
33
240
240
7
83
229
82
121
153
46
160
26
67
65
223
44
67
186
90
8
105
108
116
92
56
143
213
112
245
111
153
172
24
9
240
29
28
65
56
242
51
189
24
215
32
234
18
16
16
34
5
130
2
3
98
10
18
0
44
1
0
17
100
199
1
176
192
32
193
99
204
128
232
76
18
32
161
104
21
36
144
176
107
104
0
64
68
192
24
9
192
4
192
79
16
36
24
4
96
24
28
73
8
50
51
144
8
23
32
106
193
136
199
23
200
234
227
118
248
53
126
79
142
253
6
40
111
233
191
103
236
79
234
247
74
127
29
182
232
3
98
110
215
111
65
189
87
25
253
252
93
28
56
167
217
120
255
231
189
172
9
145
241
125
152
207
120
254
51
189
216
87
20
250
210
5
154
150
65
66
84
167
2
192
61
148
18
198
130
62
111
82
48
7
2
141
229
3
74
195
184
13
147
8
18
40
160
39
52
251
2
68
71
212
18
192
180
34
13
28
5
236
81
36
91
148
48
26
20
203
216
56
40
56
28
4
18
232
65
11
2
82
201
138
227
74
172
25
130
103
178
255
232
1
194
49
157
6
198
47
24
119
86
250
2
7
134
138
8
21
90
39
78
187
80
182
87
140
193
116
144
70
73
74
137
211
197
37
16
112
97
125
143
131
81
108
98
167
72
37
147
56
195
201
198
95
205
202
199
140
122
49
60
239
174
255
70
169
109
163
61
247
78
207
107
117
99
255
91
62
255
11
2
39
159
239
65
115
91
21
255
254
119
62
168
255
221
89
253
177
221
132
73
241
213
255
152
235
121
252
177
63
220
117
151
219
211
218
27
109
236
216
222
128
26
187
43
206
194
85
75
185
45
195
60
139
204
37
14
88
239
215
59
111
198
39
163
54
215
213
221
73
122
191
236
51
241
92
97
125
247
138
188
49
221
223
16
35
221
231
157
227
80
223
176
45
212
91
112
190
80
2
146
149
201
194
142
229
14
226
139
6
129
132
27
50
125
11
97
194
200
165
206
73
20
92
248
110
0
134
163
215
111
53
87
59
16
40
232
78
32
92
48
170
213
24
183
111
152
236
24
1
242
29
28
65
0
242
19
177
24
87
32
106
195
2
130
33
201
194
166
128
8
35
40
78
130
205
3
41
109
41
57
212
232
133
10
89
66
125
185
110
192
134
35
3
223
37
71
187
83
40
237
106
112
92
48
175
213
89
183
53
153
140
24
1
241
125
156
195
80
250
51
181
88
87
48
106
227
143
162
82
201
142
67
66
142
69
130
71
162
233
206
140
106
33
63
7
246
15
187
103
31
250
31
39
146
158
66
5
135
175
64
155
0
46
255
14
197
116
136
195
201
90
189
131
197
36
25
248
225
119
139
163
97
124
114
35
130
117
145
74
194
2
130
145
204
210
134
144
8
43
40
10
194
197
19
41
109
169
121
214
200
133
74
217
66
93
185
238
128
134
163
131
223
45
87
171
91
40
237
98
96
92
48
175
213
89
183
53
152
140
24
1
241
125
156
195
80
254
19
181
88
87
48
122
195
10
130
1
204
226
2
16
8
43
42
78
130
193
2
41
237
105
61
213
200
133
58
217
66
127
185
238
144
6
35
3
207
37
87
187
89
32
237
226
96
92
48
175
213
88
183
53
156
140
24
1
241
125
156
195
80
254
19
181
88
87
48
106
194
24
130
129
205
226
134
144
8
43
170
78
194
196
2
41
237
109
125
213
200
133
58
201
66
95
185
238
144
6
163
130
207
37
87
187
27
32
237
224
112
92
48
171
213
89
183
53
156
140
24
1
241
125
28
195
80
190
19
181
24
87
48
106
35
22
16
34
76
166
6
1
34
110
0
3
128
8
32
21
100
231
1
192
192
5
81
65
132
152
232
76
18
20
241
65
7
36
80
184
104
104
0
64
100
64
26
137
193
64
230
79
16
164
24
4
226
24
156
65
2
50
19
148
72
87
32
106
81
13
177
52
81
234
103
122
217
20
206
53
224
220
200
160
235
197
179
68
228
47
200
87
79
255
53
45
82
14
34
45
78
39
117
186
22
58
205
84
121
212
48
167
77
33
61
230
137
36
89
0
240
31
140
65
16
240
43
185
72
7
32
250
113
12
145
6
72
206
199
116
218
60
30
21
129
77
155
160
235
69
179
32
196
47
202
207
105
253
28
38
18
11
3
111
71
39
101
186
22
186
239
92
113
212
32
167
13
32
61
227
177
164
89
0
176
31
156
67
80
98
58
185
72
5
32
254
209
8
159
1
200
122
251
248
216
31
214
94
226
69
202
160
226
141
63
71
108
135
162
212
107
126
189
174
192
7
34
58
223
45
69
255
82
59
237
252
216
92
24
47
209
59
181
117
153
172
24
5
248
29
157
65
16
240
51
189
92
23
32
250
218
250
11
127
254
59
218
152
222
185
191
223
239
208
127
251
244
213
63
255
76
135
134
84
207
206
173
47
211
11
50
58
242
45
86
255
90
59
237
244
218
94
48
30
209
126
152
125
153
173
24
5
248
31
157
73
16
242
51
188
92
86
34
249
193
9
131
21
73
74
243
238
152
185
198
71
194
213
74
160
239
141
51
71
196
47
230
87
79
203
180
46
192
3
34
110
215
39
97
184
82
42
232
124
249
92
56
175
205
50
189
111
153
172
24
1
240
31
157
65
17
242
51
189
88
23
32
250
16
9
139
150
2
75
148
54
95
184
30
5
17
212
91
162
253
19
224
131
196
53
195
195
201
87
149
36
0
194
23
106
143
40
65
48
62
72
234
96
112
29
167
39
149
52
181
111
187
136
137
7
178
29
24
81
7
50
54
249
16
85
68
202
67
7
128
10
207
154
6
8
130
2
130
2
176
72
45
21
68
49
25
148
194
39
26
71
70
192
42
12
150
24
1
0
71
47
73
9
74
42
7
8
160
194
8
9
69
200
165
199
20
4
24
4
35
97
207
131
81
78
58
149
0
67
48
112
188
43
247
240
112
127
228
243
236
84
234
23
95
245
251
224
251
216
239
110
119
252
53
183
223
127
151
217
236
198
182
152
114
70
71
190
212
118
217
212
124
53
176
55
236
167
247
238
171
173
133
219
210
31
139
89
4
240
65
181
78
54
105
184
3
2
64
131
201
152
130
8
106
56
130
103
184
119
233
33
194
32
129
16
192
32
11
104
70
128
8
3
174
138
9
87
53
228
95
48
112
210
13
140
197
84
8
12
64
134
224
65
16
45
24
4
182
1
207
9
18
96
134
132
72
71
34
89
112
24
156
86
223
139
95
59
222
59
120
251
175
207
20
30
119
215
250
147
222
47
203
111
139
119
255
126
26
89
197
110
79
175
188
53
166
141
246
115
112
206
231
239
159
56
61
247
182
210
57
240
164
168
223
223
79
63
246
251
187
53
149
102
201
255
175
125
253
249
251
252
248
185
198
235
234
209
75
139
9
173
255
27
254
173
110
223
163
127
211
182
253
71
99
255
223
123
241
117
127
189
254
53
249
60
251
247
249
225
187
243
188
219
46
247
213
255
222
68
119
252
247
159
246
247
197
95
67
6
129
32
8
142
42
65
32
110
2
4
128
1
0
3
0
105
129
64
200
37
90
73
84
128
136
6
0
32
41
65
71
144
80
33
33
234
0
2
192
32
24
137
98
0
229
91
17
0
24
4
69
88
61
0
17
66
19
180
64
86
0
226
83
0
145
7
200
194
142
4
66
39
43
6
128
101
3
48
239
163
33
196
200
5
67
209
194
221
249
238
194
130
227
99
215
36
69
186
91
40
233
124
112
92
48
175
213
16
181
109
153
172
24
1
240
29
156
65
16
242
51
189
88
87
32
250
34
6
101
130
207
152
7
9
230
64
130
98
173
121
32
5
246
181
67
48
208
102
25
101
86
144
72
14
190
152
9
64
31
108
82
154
72
24
1
68
69
17
24
135
64
64
244
79
16
36
136
8
98
24
203
9
40
114
18
148
72
87
36
88
195
16
144
130
201
194
14
12
66
43
40
70
162
70
38
49
127
163
37
213
200
5
99
65
194
223
249
110
194
2
227
99
199
36
87
186
91
104
233
244
112
92
48
43
213
80
181
109
153
172
24
1
240
29
156
65
16
242
51
189
24
87
32
234
194
202
130
147
201
202
134
137
46
107
40
207
170
229
70
45
237
35
61
215
206
141
59
105
82
223
187
46
131
139
35
7
223
167
87
59
82
173
239
102
112
92
40
175
221
88
253
179
221
204
24
33
245
253
156
235
81
252
179
189
216
85
16
254
67
6
129
48
1
130
33
75
32
234
0
6
130
161
2
2
0
13
129
65
136
5
90
97
84
136
136
4
0
0
32
73
23
144
16
40
33
168
4
8
64
32
24
128
67
16
97
235
89
8
56
16
193
88
188
8
17
98
51
156
64
86
0
123
246
252
255
207
250
222
215
171
255
245
126
251
255
187
222
254
251
131
254
61
189
205
251
253
255
247
125
63
111
251
214
255
149
237
111
215
254
157
255
126
247
223
233
247
159
154
124
181
231
247
231
250
188
167
175
255
124
252
252
109
255
205
248
223
98
14
138
223
233
214
218
129
14
235
11
142
144
196
27
54
47
211
56
70
206
165
207
88
29
215
187
47
82
171
51
127
103
165
85
59
82
249
236
114
112
92
97
172
247
28
185
51
157
204
24
33
245
125
156
227
80
254
179
189
216
87
48
246
36
6
96
3
217
132
130
65
42
81
6
103
128
115
128
5
226
65
133
32
193
34
27
96
118
152
8
7
182
12
9
70
23
230
84
154
48
178
13
150
197
84
8
134
64
68
200
193
1
37
24
40
240
16
139
9
16
112
34
140
72
7
32
249
237
236
59
169
217
222
235
205
13
203
10
174
145
14
235
253
203
117
57
70
15
145
30
88
55
221
59
45
215
11
51
55
101
135
95
219
16
247
237
54
163
92
116
120
87
222
56
176
221
13
118
53
153
247
164
227
208
232
40
45
93
79
59
178
156
251
123
221
54
121
244
243
91
208
253
248
118
150
205
250
255
214
236
207
7
92
229
211
173
87
83
249
101
110
214
185
138
86
249
206
206
95
250
49
51
191
179
117
191
151
118
174
195
187
231
255
154
135
227
92
167
209
104
111
117
249
207
155
164
231
81
62
16
200
36
77
201
33
168
249
98
23
196
202
43
0
167
1
133
40
107
134
213
207
69
163
3
168
1
76
141
134
100
182
44
144
35
188
111
126
160
227
172
115
61
226
96
166
237
122
212
18
99
32
36
232
134
97
56
70
231
94
67
130
76
130
235
155
135
40
54
84
22
65
156
121
104
4
68
177
29
180
224
103
136
113
42
160
8
22
124
193
89
105
191
97
80
48
118
74
148
168
215
151
24
6
193
10
208
79
149
44
153
12
113
109
155
143
120
94
54
188
192
159
54
217
122
250
187
254
46
255
254
7
95
250
122
189
117
214
125
254
253
154
249
154
213
57
95
159
177
93
227
231
79
243
181
230
207
187
111
53
255
255
232
115
250
223
231
125
119
247
183
123
255
235
126
199
238
13
255
217
215
243
255
255
123
107
251
182
90
1
137
158
2
131
28
38
67
162
81
148
24
164
51
82
13
18
0
242
138
177
199
3
136
128
160
28
3
160
156
72
213
52
33
170
10
72
0
72
32
75
157
40
54
20
197
110
27
42
25
7
50
24
52
76
137
163
27
209
25
66
98
226
97
14
177
40
201
238
39
123
204
36
202
21
225
77
220
164
235
45
227
68
244
39
155
215
95
253
29
164
130
134
35
204
207
39
69
190
0
34
237
108
108
84
48
167
69
113
183
231
184
164
153
8
240
29
140
1
32
242
19
177
88
71
32
122
82
2
145
130
200
194
14
5
66
107
57
70
162
71
2
48
127
131
33
196
192
5
67
65
202
221
249
110
130
130
163
97
199
36
85
186
91
40
233
100
96
76
48
175
213
16
181
111
153
172
24
1
240
29
156
65
16
242
19
181
88
87
32
250
83
16
144
6
201
194
14
4
34
42
41
6
164
101
3
48
109
163
33
212
200
5
67
65
194
221
249
108
130
2
227
99
215
36
85
186
27
40
233
108
112
92
56
171
213
16
245
111
153
172
24
1
240
29
28
73
24
178
51
185
24
87
32
234
193
218
196
42
221
170
167
94
184
29
46
203
174
127
206
137
235
229
189
37
228
71
235
119
99
255
25
38
255
1
67
103
159
101
80
176
115
26
237
252
247
222
58
167
213
83
245
239
185
180
24
0
240
61
159
73
58
246
55
189
216
87
38
219
47
196
109
168
26
156
15
77
165
102
41
136
93
45
189
207
139
116
3
96
186
114
92
40
92
165
39
57
19
152
57
73
209
196
159
138
128
224
49
58
38
234
108
169
22
80
84
18
19
172
50
4
34
25
101
28
152
162
41
188
221
210
106
177
176
51
213
18
152
72
36
35
194
40
122
51
102
231
134
114
123
130
231
144
73
140
41
135
218
93
117
169
170
142
194
12
88
47
101
182
45
20
101
68
109
64
184
163
76
117
62
196
160
228
201
242
230
10
8
73
78
112
7
112
24
100
225
76
201
13
141
54
205
107
115
122
216
33
214
71
234
221
78
168
238
213
55
87
100
175
162
118
111
222
180
142
210
3
34
104
223
47
69
250
83
58
237
244
216
220
24
47
209
55
181
111
153
164
24
4
240
29
157
73
16
242
51
189
88
23
32
250
194
195
131
127
253
178
158
158
160
179
177
202
171
209
7
11
232
197
43
215
206
175
70
119
70
219
183
47
211
0
32
114
247
44
86
186
90
56
225
116
114
90
56
63
213
92
145
79
153
172
24
1
240
29
156
73
16
242
51
157
88
87
34
251
69
42
147
53
216
234
39
116
200
44
202
23
192
197
139
160
235
77
163
70
237
15
203
213
79
220
28
165
146
6
35
78
71
39
101
186
20
50
237
68
105
84
16
167
77
33
191
231
152
36
89
0
241
31
156
65
0
106
19
177
72
71
32
122
234
250
43
95
254
63
159
153
206
187
185
202
235
208
127
91
244
213
63
223
76
135
18
84
199
223
253
47
211
24
51
58
226
45
86
191
90
120
165
244
250
94
48
31
209
126
144
93
153
173
24
5
240
29
157
65
16
242
51
189
92
86
34
249
65
2
128
17
201
194
34
8
8
35
171
14
128
197
3
34
109
41
41
212
200
133
74
89
66
93
249
110
128
134
35
67
207
37
69
187
17
40
237
74
96
88
48
175
213
25
183
39
152
172
24
1
241
93
156
195
64
250
19
181
24
87
48
106
145
138
159
71
233
218
210
168
218
177
22
79
174
117
74
176
230
135
188
35
196
39
171
117
107
214
121
46
254
11
3
126
223
37
65
116
86
27
238
240
209
92
40
54
209
38
253
103
153
140
25
5
244
13
157
75
17
114
50
61
80
21
0
222
223
251
207
245
247
187
255
120
124
31
253
251
239
251
196
105
179
253
255
127
239
109
162
243
103
255
227
183
127
103
100
185
218
115
148
251
127
125
249
245
122
254
187
127
253
1
255
127
157
191
30
71
249
189
222
77
86
247
55
159
120
247
165
250
72
2
36
128
207
163
6
19
36
24
130
3
188
97
48
5
68
25
203
180
208
87
25
225
2
72
8
4
184
212
17
192
95
41
66
49
112
104
5
64
108
1
30
15
65
109
194
79
52
36
152
12
99
120
154
155
14
62
23
148
2
83
52
72
217
250
223
253
255
249
253
252
248
185
238
251
255
245
239
235
191
221
255
59
236
253
238
187
167
127
243
242
253
71
119
255
255
243
241
113
118
247
250
117
251
191
235
118
253
167
223
243
173
219
111
247
221
255
223
109
119
255
191
207
245
63
135
222
114
210
154
223
109
210
158
157
150
186
56
139
161
152
23
31
255
215
104
27
200
39
207
95
72
215
253
110
23
17
163
126
199
44
83
53
82
56
232
97
114
94
34
191
213
240
149
111
153
136
28
1
240
29
156
65
17
242
51
157
80
87
2
251
197
138
206
193
232
219
226
196
56
253
14
79
222
117
107
168
201
233
185
170
205
109
78
249
107
110
24
246
236
71
19
71
247
211
89
33
126
219
255
40
245
53
74
54
85
134
255
243
157
76
12
101
213
69
155
239
127
204
182
165
192
59
81
254
133
6
68
1
217
136
131
64
44
85
6
119
128
127
192
5
98
97
133
32
193
46
137
96
78
152
8
7
190
14
1
87
23
231
84
154
48
154
45
156
197
20
8
134
64
2
248
193
0
53
25
32
241
22
139
9
40
80
50
164
200
7
36
248
60
254
255
207
63
253
253
253
223
252
222
189
253
94
255
253
251
246
251
58
244
127
222
255
189
237
228
183
127
219
127
255
239
232
223
52
254
251
249
125
123
93
231
174
117
179
181
107
190
254
143
139
182
189
220
85
102
162
255
251
251
207
174
214
189
111
247
117
48
119
225
242
240
156
206
55
86
253
219
232
235
168
239
110
119
238
53
150
155
127
183
208
236
198
242
184
234
66
69
254
213
54
217
124
124
53
187
182
236
227
183
238
171
173
109
255
216
31
138
65
39
248
87
143
126
183
233
186
0
6
0
160
1
136
44
67
0
106
2
4
0
132
8
3
0
8
129
64
192
4
72
11
68
128
130
4
16
0
33
65
65
144
89
32
33
238
0
0
128
32
16
136
70
20
36
219
16
0
56
20
7
89
45
0
129
2
3
176
0
70
0
32
96
15
165
128
200
142
7
67
164
68
2
71
203
125
80
4
244
33
239
36
212
47
24
227
94
254
12
6
172
148
8
197
7
107
66
152
160
10
95
12
69
52
16
131
77
104
245
199
160
36
137
72
243
68
11
155
109
94
82
165
66
21
29
72
126
186
251
223
250
223
95
47
207
255
187
190
247
206
254
254
251
151
250
31
223
23
211
205
159
247
255
111
3
251
214
234
207
141
199
183
252
255
239
127
224
93
229
109
183
126
181
63
246
174
185
251
166
189
253
243
100
122
214
123
251
221
249
118
73
6
20
128
203
163
38
120
32
96
198
3
156
57
32
4
100
25
137
212
208
5
128
113
2
56
200
68
56
68
129
65
31
33
16
184
5
72
5
64
68
1
28
7
65
13
194
79
20
36
137
12
115
120
154
137
106
126
23
144
8
7
36
72
186
217
11
255
55
117
220
139
223
139
61
250
59
70
116
255
187
212
116
219
6
190
229
126
45
215
183
59
87
251
54
186
226
44
190
219
218
125
234
245
114
206
117
125
150
20
181
62
153
175
22
7
232
21
180
89
144
242
57
191
125
95
32
186
186
254
125
239
255
253
223
185
255
93
252
251
189
127
223
220
255
151
252
190
245
125
147
124
251
255
249
255
255
251
247
191
207
237
157
247
255
81
249
125
127
223
235
191
253
135
253
93
175
183
159
139
252
167
223
255
118
247
254
207
255
207
188
222
78
169
139
155
66
223
130
143
207
162
11
190
145
134
251
234
219
17
121
70
143
21
70
67
27
213
188
45
2
202
22
90
199
6
71
171
90
122
237
114
160
93
116
40
21
158
53
175
159
172
152
5
179
29
220
211
16
226
59
189
89
89
120
242
114
209
185
62
85
194
30
75
198
42
185
138
225
128
20
27
255
71
34
84
138
39
195
79
204
213
255
45
19
42
35
104
195
44
143
159
10
44
104
115
32
74
53
233
215
92
181
63
17
174
16
1
32
24
52
83
144
178
49
185
60
87
48
162
218
210
27
127
254
178
95
156
242
187
57
202
175
208
54
27
246
215
30
111
202
179
231
62
204
195
238
46
83
33
53
122
243
44
148
255
90
125
160
243
82
74
58
28
210
94
129
95
153
173
30
5
120
61
157
73
144
242
51
158
92
86
34
185
226
218
171
223
237
50
155
223
238
179
181
202
239
217
23
63
246
197
63
127
72
135
231
53
70
203
249
46
215
16
34
58
247
45
82
255
90
52
164
226
242
94
56
158
217
218
209
13
153
141
28
1
112
63
157
75
16
242
49
156
92
86
18
249
250
218
47
219
238
127
155
248
222
191
251
206
255
208
126
185
246
213
127
119
76
133
167
212
207
255
189
46
215
22
114
187
242
45
84
255
90
119
236
240
210
94
16
30
209
30
208
61
153
141
16
5
248
31
157
73
16
240
49
188
92
86
34
185
248
222
63
211
239
63
191
249
220
255
251
202
227
216
126
173
246
213
127
103
124
135
181
244
79
255
189
46
211
22
114
186
234
45
86
253
82
123
164
240
218
94
48
159
209
63
144
93
153
141
24
5
248
31
157
65
16
240
49
188
92
86
34
185
241
216
191
155
237
122
255
248
252
191
214
203
239
233
94
141
255
229
127
119
124
135
167
244
79
255
253
174
211
7
98
187
219
45
85
253
82
49
237
112
248
92
56
191
213
57
252
117
153
140
24
1
248
31
157
73
16
240
49
189
92
87
32
250
233
202
163
9
239
251
163
248
204
191
224
139
241
216
111
141
239
245
107
70
124
135
135
212
79
125
189
172
209
6
50
187
203
37
85
185
82
124
237
100
250
94
48
63
85
253
184
245
153
140
24
5
240
31
156
65
16
240
51
189
92
87
32
243
102
137
171
169
65
78
160
207
141
194
131
166
177
198
187
252
203
17
35
70
6
23
218
67
87
212
24
45
2
138
18
74
135
6
71
139
16
110
237
10
32
117
52
96
85
92
53
167
221
172
24
21
179
21
252
82
16
232
48
173
24
85
57
114
209
12
147
17
200
106
167
250
216
173
218
71
194
205
11
0
239
77
163
70
108
143
202
212
75
126
60
134
208
6
34
15
79
39
81
184
20
42
205
76
89
84
16
174
77
32
173
229
153
44
25
1
240
31
156
65
64
112
51
185
72
23
32
250
5
102
109
153
136
149
37
64
33
110
0
8
220
109
189
1
130
104
129
98
218
240
24
170
84
176
134
16
169
140
57
83
115
66
87
42
16
224
49
106
54
98
8
12
84
208
192
19
25
44
16
36
2
25
13
9
152
224
11
156
200
198
107
177
113
13
161
180
200
238
39
125
204
101
218
7
227
205
90
164
239
13
99
68
252
47
218
213
95
254
156
174
64
150
35
141
79
39
97
56
0
42
236
76
121
84
48
167
77
33
189
231
153
132
25
8
240
29
156
65
1
114
51
185
72
7
0
250
242
216
155
223
238
151
219
188
222
191
52
203
191
200
55
31
118
215
124
55
204
167
238
29
202
163
238
110
211
17
113
127
227
45
16
117
90
101
166
226
210
78
0
30
211
62
129
95
153
136
30
5
244
29
157
195
145
242
51
156
84
84
2
249
170
209
43
143
55
85
221
153
151
219
61
200
27
12
117
239
153
212
100
91
4
50
244
58
45
151
179
43
87
123
54
58
224
60
159
218
210
125
232
241
114
78
117
61
150
22
180
124
153
173
22
5
248
29
148
88
144
242
57
188
93
95
34
178
73
198
11
169
1
242
167
204
57
250
40
136
17
61
111
171
137
92
185
105
136
209
238
56
77
213
25
38
85
3
51
91
209
128
221
105
112
253
45
32
114
110
56
61
87
148
116
240
25
137
62
36
209
93
172
12
144
200
43
156
69
87
32
178
114
249
219
159
242
207
223
108
207
135
61
156
253
230
221
250
255
215
50
39
142
61
198
71
237
215
247
45
3
170
86
56
214
37
13
159
74
125
235
86
50
216
165
105
151
28
245
62
151
172
19
135
184
25
180
107
80
114
56
121
89
85
50
242
82
218
130
207
239
214
142
157
30
249
48
203
139
88
63
29
125
215
104
155
204
39
222
105
65
215
249
110
23
17
211
127
231
45
83
53
122
72
238
96
115
94
34
191
149
148
153
111
153
136
24
1
180
9
156
195
17
242
50
61
80
85
0
251
113
12
155
23
200
206
215
44
222
228
30
5
129
93
27
132
111
71
176
34
212
47
202
111
123
244
28
46
18
9
83
111
199
39
97
48
22
139
238
122
113
212
168
167
13
48
61
227
145
136
25
129
180
9
156
195
113
122
58
121
208
5
0
254
114
208
163
187
207
166
143
11
198
102
57
138
161
204
21
29
253
103
34
86
138
39
210
79
78
213
191
46
18
48
97
106
199
44
155
31
202
44
104
99
32
74
48
169
215
88
181
63
24
136
24
1
96
56
156
83
17
178
51
185
112
87
24
242
113
13
177
150
65
206
87
122
222
69
158
71
163
204
94
164
239
197
115
5
212
15
195
71
111
254
61
46
82
2
2
109
207
39
113
185
2
42
237
116
113
212
48
175
205
56
189
239
145
164
24
0
224
29
156
67
17
114
51
185
88
23
0
250
115
241
155
23
212
130
223
104
194
135
57
248
231
194
129
90
247
215
52
71
10
45
230
71
204
199
235
45
18
40
80
57
246
37
20
159
2
121
107
214
50
74
165
107
151
28
153
62
147
172
16
5
48
24
20
99
64
50
48
121
88
85
48
250
197
239
179
217
216
206
238
201
10
219
170
191
194
198
235
249
235
197
189
70
79
141
62
25
71
223
59
45
151
14
50
23
98
7
93
219
16
247
239
116
35
100
48
126
95
158
124
180
205
13
118
117
137
255
132
227
208
252
32
47
92
69
51
176
146
216
158
7
239
202
210
40
190
17
22
79
190
125
78
188
125
147
60
183
196
7
170
97
235
215
121
110
190
131
195
110
151
109
65
116
86
11
238
96
209
156
40
47
145
22
253
103
145
136
153
1
252
13
153
203
17
114
50
61
80
85
0
218
242
153
158
95
231
131
223
60
223
143
61
201
175
206
22
31
127
215
120
159
142
127
231
111
169
119
255
126
31
113
212
46
223
109
186
85
223
13
242
99
113
202
231
111
191
120
157
31
246
218
155
195
44
160
253
247
251
63
254
123
181
185
148
238
184
254
117
205
254
253
151
121
255
93
156
255
253
125
252
77
255
245
254
46
244
127
146
244
189
246
125
54
191
218
87
191
206
109
223
156
254
121
255
61
117
93
107
183
149
224
252
55
164
149
141
41
186
167
142
127
100
214
118
15
243
207
46
250
237
253
239
93
246
183
221
243
239
199
173
250
255
255
182
111
179
245
126
111
63
255
115
247
254
103
183
63
247
156
118
169
238
110
142
223
202
61
251
253
94
235
184
255
255
120
245
190
157
172
144
95
120
189
148
87
56
246
113
159
255
252
171
250
193
201
143
117
97
234
251
238
152
161
231
207
195
249
74
170
141
13
55
103
238
175
230
51
79
203
146
166
81
3
34
218
247
49
81
56
83
42
232
224
218
60
56
174
217
27
241
107
153
136
24
1
209
93
157
72
17
242
51
189
80
87
2
251
249
201
239
221
239
239
255
254
189
253
255
219
191
253
126
238
191
245
127
111
190
255
230
63
63
255
183
62
255
211
118
191
211
103
125
219
194
127
252
254
247
255
253
63
223
30
253
191
141
165
86
133
235
31
151
77
249
246
121
253
221
95
2
191
248
201
239
253
239
255
255
250
189
253
255
219
255
252
126
238
255
213
127
111
190
255
230
127
47
255
183
62
255
195
118
191
211
103
127
219
66
127
252
254
255
255
253
63
223
190
253
63
141
133
214
133
235
31
151
77
217
246
121
255
93
79
3
191
157
59
255
244
253
249
241
122
252
89
214
119
239
93
200
225
171
237
231
115
245
108
160
243
39
126
83
146
252
70
98
233
94
82
221
184
119
122
217
53
221
52
155
183
225
33
247
111
186
191
137
67
240
157
222
73
54
210
119
175
74
151
165
90
203
203
131
125
239
251
219
218
172
177
161
202
203
216
102
139
141
253
47
95
206
175
102
51
71
223
147
38
81
2
50
90
219
45
82
57
82
124
232
98
250
126
56
63
217
125
177
107
153
137
28
5
241
29
156
73
17
242
51
189
88
87
2
251
195
141
171
52
205
234
91
126
152
33
215
207
203
205
78
173
173
109
55
87
238
175
226
83
71
255
151
46
209
19
34
104
207
47
81
121
90
43
232
112
216
252
48
175
217
123
181
111
153
140
24
1
241
29
157
65
17
242
51
189
88
87
0
250
201
219
207
93
239
249
217
252
185
189
190
207
207
249
111
169
173
253
254
59
254
239
110
251
99
127
215
242
253
67
71
127
255
251
241
100
222
151
250
59
255
191
235
119
189
243
253
115
173
219
207
247
221
239
219
206
119
223
254
47
247
253
135
223
253
253
255
125
118
127
127
252
249
253
238
191
223
252
255
239
187
253
251
111
125
249
126
186
189
111
191
247
253
87
127
191
251
83
245
239
214
255
253
125
126
191
255
55
255
179
127
115
191
189
239
255
219
255
159
68
254
252
127
239
255
254
239
254
186
253
124
255
255
253
222
185
127
251
221
255
189
127
109
252
253
151
126
251
247
127
195
254
185
127
243
254
127
247
255
254
223
125
157
87
223
91
248
119
127
223
255
127
245
191
255
63
191
255
159
207
252
173
219
221
127
247
255
255
251
251
238
223
69
198
11
41
8
118
167
197
9
254
40
136
0
4
207
171
137
76
169
104
200
129
94
24
77
221
25
32
81
2
51
91
197
128
89
41
49
224
109
32
34
62
56
181
87
148
116
240
25
136
62
52
145
93
164
8
144
200
43
172
68
71
2
178
20
33
17
180
8
2
62
96
2
42
75
20
64
68
128
50
164
8
4
64
192
160
0
130
204
142
160
201
0
44
41
72
82
52
20
186
8
34
0
196
64
192
21
10
224
4
164
78
1
36
16
2
96
24
28
1
0
50
19
184
8
22
32
168
58
222
238
255
63
255
252
59
125
249
252
249
191
124
124
255
181
255
251
251
245
127
219
255
177
111
227
246
127
247
247
231
255
248
251
52
255
217
248
241
127
255
255
127
255
247
247
107
190
251
157
207
246
173
219
93
127
247
255
223
243
251
142
95
191
253
254
253
190
253
252
177
123
251
255
239
254
117
110
249
181
187
252
187
247
125
115
251
177
127
243
254
109
119
247
247
255
250
251
100
255
219
250
249
127
189
239
127
247
55
255
127
191
219
139
111
252
229
121
125
63
215
254
239
179
187
205
206
205
174
170
113
201
250
226
199
57
187
226
235
210
192
235
169
203
41
191
207
239
143
127
93
119
95
63
167
197
135
162
150
239
131
79
123
81
183
237
190
249
116
112
254
219
127
27
177
253
204
126
245
213
255
157
226
211
220
161
165
220
113
145
234
251
214
110
223
255
181
223
152
254
127
181
250
191
121
118
93
246
247
62
255
122
246
179
124
54
247
251
59
255
121
117
63
242
237
158
223
202
125
177
255
214
202
104
159
209
24
216
21
141
191
22
13
104
187
159
111
56
246
113
30
222
222
58
185
226
131
163
121
253
182
15
152
132
47
185
138
195
204
22
13
129
101
42
214
202
167
210
95
78
215
183
38
146
48
33
74
199
44
150
187
90
60
96
99
96
106
48
173
213
88
149
27
24
172
24
1
113
56
156
65
17
242
51
159
88
87
32
250
2
0
136
58
11
128
28
7
131
162
57
128
16
130
33
18
13
2
32
147
139
51
67
15
84
199
231
111
2
168
129
66
7
188
6
46
42
8
34
74
32
74
36
105
151
84
149
15
81
234
24
7
52
16
112
113
17
51
50
177
56
113
96
98
122
190
146
127
63
187
254
61
89
187
218
253
182
86
109
218
255
155
251
155
253
63
199
223
161
78
226
246
79
117
253
230
207
185
233
53
255
223
232
97
219
95
243
126
255
231
159
127
190
219
173
207
246
173
251
217
71
251
215
247
243
123
223
94
252
43
247
212
50
127
100
247
205
84
251
51
95
245
218
234
251
216
111
110
23
168
164
178
223
111
183
217
237
142
54
184
122
38
103
254
204
118
209
212
62
117
177
55
236
166
231
238
137
165
199
219
242
31
135
93
128
240
65
253
93
38
33
184
2
128
138
58
10
128
28
7
3
170
49
136
16
194
37
26
12
2
32
147
142
51
71
11
213
131
167
111
3
168
161
66
135
188
70
38
107
12
226
98
34
74
36
105
150
84
145
95
209
234
24
7
36
17
117
97
145
243
19
177
56
113
96
99
222
253
242
253
226
79
254
135
11
193
127
190
22
230
255
254
253
155
61
207
15
137
231
16
191
207
251
237
195
191
182
190
224
53
117
219
203
119
205
246
147
94
181
126
255
31
203
188
205
165
86
183
89
127
181
235
208
253
105
125
93
100
18
177
66
210
137
189
252
178
158
65
196
170
57
138
193
68
23
25
139
69
34
66
202
39
194
95
76
213
191
45
19
34
35
74
199
172
157
187
90
60
104
99
32
74
48
169
215
156
181
63
24
172
24
1
160
24
156
65
144
162
51
157
92
87
32
178
65
2
128
160
1
162
34
76
32
234
130
5
128
1
3
3
8
9
129
65
136
5
202
105
69
136
8
6
16
0
33
67
85
130
121
41
49
232
36
0
228
36
56
128
67
17
98
241
24
8
56
48
193
92
108
8
9
136
7
160
0
87
0
99
253
250
255
253
255
251
255
254
188
255
234
255
239
222
235
255
251
221
185
111
236
141
238
57
47
207
250
191
223
75
119
255
247
231
125
251
119
247
253
247
243
92
250
126
223
143
125
243
221
189
94
181
249
255
159
109
208
252
175
191
221
79
51
182
141
205
238
253
33
109
245
231
57
213
239
217
94
253
206
238
169
184
55
107
183
109
246
115
125
127
19
179
109
151
50
255
151
114
113
218
210
251
251
62
251
63
184
247
253
19
127
235
153
168
127
221
216
31
177
76
57
214
115
239
219
119
163
251
115
241
211
23
212
130
159
104
194
135
49
216
231
203
128
90
246
199
36
103
10
45
226
103
204
195
239
45
18
40
80
57
246
37
52
159
2
120
67
214
34
74
169
107
147
24
217
30
19
172
17
5
48
24
20
67
72
50
48
89
88
84
48
251
3
142
128
6
9
8
4
10
34
64
7
67
170
59
46
21
238
183
32
17
192
6
192
99
65
144
145
43
50
40
1
97
151
36
80
146
66
72
170
68
225
29
40
35
129
20
244
77
145
164
24
4
180
9
159
73
16
114
50
61
88
85
36
218
254
151
246
249
255
55
11
151
38
127
209
218
223
249
54
95
252
255
123
247
249
213
211
115
222
123
251
255
186
212
246
195
199
45
151
191
216
124
125
101
100
75
126
159
209
29
243
239
28
236
152
9
243
248
154
223
106
191
83
151
218
243
60
123
197
38
68
33
216
160
35
240
40
125
194
115
192
11
130
1
98
77
133
96
233
128
138
120
78
136
24
163
218
13
35
95
113
165
20
186
53
177
37
214
197
64
26
150
64
1
74
145
8
100
88
32
209
158
140
41
0
112
163
156
204
6
32
252
120
251
179
127
61
242
249
190
221
187
248
253
99
212
27
186
255
175
235
219
245
47
119
223
211
111
231
230
69
247
231
254
239
184
227
53
253
188
232
105
122
92
243
238
255
113
183
111
186
250
141
219
244
61
88
209
103
243
215
243
186
243
205
94
82
1
154
158
3
66
80
39
2
192
61
148
50
198
134
122
107
18
48
71
2
141
229
3
14
195
128
13
19
40
16
104
128
39
49
218
2
68
71
84
48
225
181
99
13
28
37
238
83
36
115
148
48
26
48
194
80
50
41
89
25
4
17
202
255
53
237
181
255
167
95
248
54
111
219
50
253
236
179
86
249
245
123
246
251
253
146
120
30
254
251
127
218
93
119
171
83
37
157
251
222
125
117
95
116
65
221
47
199
12
205
31
31
172
24
5
227
248
156
75
216
62
121
155
207
159
56
182
99
132
168
159
171
213
219
5
215
231
21
140
185
110
53
94
254
179
16
147
154
55
211
109
124
210
182
47
18
251
93
111
199
172
7
31
210
121
234
122
16
73
68
232
151
92
161
63
157
172
24
13
180
24
188
115
16
242
122
157
251
223
42
251
65
14
20
84
233
42
38
112
40
48
2
3
132
113
203
129
230
137
137
96
204
169
9
240
66
56
152
194
172
4
137
71
91
51
112
48
17
146
132
68
197
20
26
22
105
131
202
69
136
69
76
52
240
94
139
73
7
89
23
164
64
102
37
88
232
201
239
253
38
127
249
247
189
255
127
140
95
248
127
238
157
221
127
111
62
253
246
179
59
111
183
182
125
215
54
187
243
118
211
105
223
111
248
233
254
127
253
62
215
190
243
126
159
137
158
207
219
93
157
92
217
246
123
255
87
222
11
251
250
208
190
255
255
179
223
152
254
191
245
138
191
200
51
95
254
215
62
255
232
215
135
125
46
219
251
62
223
113
245
255
115
173
156
125
114
125
180
115
114
203
127
29
211
140
217
29
159
153
30
5
104
188
158
111
209
246
59
159
221
31
16
183
199
109
203
50
17
42
113
110
81
234
244
240
34
138
132
202
138
20
181
75
135
172
232
3
109
139
131
7
83
9
32
105
146
134
52
250
38
124
37
180
210
230
184
73
154
19
65
234
91
36
59
148
73
29
165
0
208
176
35
249
8
22
177
191
64
10
128
0
72
74
34
101
8
32
10
5
64
20
91
162
13
8
193
4
208
129
78
128
89
124
28
196
128
134
11
66
77
19
67
32
17
130
76
8
40
52
16
166
69
224
38
224
56
72
233
56
151
93
0
130
7
72
11
164
64
3
65
66
50
51
17
62
48
128
12
107
194
2
217
48
97
6
145
18
127
134
66
80
131
34
193
135
204
148
231
201
2
172
225
232
0
44
37
158
8
40
0
71
40
64
177
233
38
229
132
78
34
166
129
67
34
24
118
81
128
51
19
209
56
70
224
34
201
202
134
45
255
251
167
216
60
153
166
203
170
25
108
137
137
125
189
93
228
7
234
113
97
127
25
38
125
71
35
87
221
97
249
57
83
105
236
33
121
60
58
63
221
85
126
97
28
155
24
5
209
253
220
8
16
134
183
191
0
95
4
90
129
207
166
85
232
221
209
178
157
189
62
207
139
253
94
172
13
97
254
43
254
111
254
235
123
119
151
54
189
211
3
95
207
123
97
96
214
139
250
43
245
61
235
247
189
226
189
235
163
217
239
251
157
239
155
150
103
79
246
111
226
245
141
222
60
33
255
241
48
245
253
251
213
218
210
55
241
196
155
70
155
93
227
78
126
61
198
211
30
254
146
133
80
198
54
153
78
18
181
170
148
124
89
21
120
101
183
38
111
165
69
238
30
174
185
251
242
156
92
80
68
170
127
203
11
143
237
242
179
221
158
79
230
213
219
180
218
149
53
206
142
88
86
185
125
247
124
191
22
47
231
196
171
119
127
126
183
59
214
56
150
125
169
85
222
9
250
97
115
159
171
127
189
120
189
62
231
155
199
239
188
227
146
231
115
223
120
79
245
249
151
251
123
7
229
222
255
7
91
122
182
116
21
19
159
251
182
76
226
245
123
102
254
175
146
127
30
234
182
31
250
25
117
111
215
39
20
187
210
120
247
126
240
91
88
15
217
24
225
79
157
164
24
13
240
30
158
75
48
246
115
157
216
70
34
249
65
2
69
0
200
154
38
112
32
28
42
1
0
113
144
1
66
68
141
100
64
0
136
48
74
136
12
4
156
0
33
8
112
6
84
186
64
48
5
132
132
96
24
135
64
130
64
192
0
37
84
0
1
24
143
8
0
96
3
148
72
70
32
176
205
153
199
85
85
227
125
126
180
157
228
249
107
201
166
203
139
116
251
111
110
171
230
179
14
235
130
36
89
76
48
9
254
39
180
187
82
117
85
245
82
238
58
46
219
49
73
214
24
180
94
21
241
188
156
12
152
182
35
159
88
86
39
251
94
22
177
180
252
166
42
117
2
122
210
21
192
192
129
17
228
205
1
66
200
169
138
27
206
136
170
207
146
4
185
79
99
37
20
187
80
112
1
68
192
64
18
14
193
4
195
79
24
44
24
5
114
24
156
73
0
114
19
148
72
6
32
113
77
194
12
169
201
249
167
220
57
251
172
136
0
57
111
171
137
124
185
104
200
209
238
56
101
221
25
38
221
3
51
83
253
128
217
105
80
241
45
34
242
62
122
53
87
151
84
177
25
137
62
36
217
221
199
12
144
204
171
140
68
87
34
179
5
6
84
1
216
232
167
80
40
124
138
69
192
125
137
1
235
109
129
32
192
33
74
121
68
252
24
38
60
15
11
71
87
226
89
56
16
186
109
6
101
20
10
167
69
128
253
99
152
124
24
32
244
29
156
73
24
66
178
165
192
7
36
254
250
218
159
223
238
151
219
180
254
255
52
139
159
248
123
223
126
215
120
42
204
223
206
125
43
211
191
62
223
81
119
127
247
101
155
113
86
125
246
115
242
79
106
30
155
140
217
213
157
137
30
5
190
191
159
207
209
244
58
31
85
93
2
183
106
13
237
214
255
143
91
79
182
124
23
23
191
238
186
85
242
213
89
102
214
47
146
127
30
202
174
31
210
217
53
239
71
39
87
187
210
114
245
86
208
220
92
143
193
12
229
79
157
164
24
13
240
29
156
75
16
246
123
189
90
22
40
248
69
198
12
169
137
240
166
220
56
250
168
136
0
57
239
139
139
92
169
104
200
193
206
56
69
221
25
32
213
1
35
87
245
128
217
41
80
241
45
34
50
62
56
53
87
149
84
177
25
137
62
36
209
93
133
8
144
200
171
140
68
71
32
179
252
107
247
212
50
79
124
247
199
132
255
176
95
244
222
234
179
212
102
111
23
168
228
182
221
111
167
217
65
142
54
184
122
52
102
254
194
118
211
212
50
221
177
63
238
166
229
110
137
165
247
211
106
31
151
77
128
242
49
252
125
6
33
184
114
113
219
158
86
2
89
42
198
134
53
154
167
194
149
90
118
215
52
103
10
173
192
39
142
211
183
45
19
42
80
57
210
36
21
155
66
124
67
87
50
202
181
107
147
28
241
46
19
172
17
133
56
24
148
75
80
50
56
89
88
84
32
187
42
244
105
42
31
117
189
157
245
218
252
172
121
14
109
237
217
60
67
208
241
82
61
60
53
173
109
129
91
215
63
242
232
44
143
228
255
50
169
177
122
207
86
168
86
247
54
104
187
63
158
13
248
21
196
81
150
162
175
188
187
218
110
145
250
214
170
255
239
247
223
157
182
255
25
206
191
204
55
125
253
247
120
246
216
215
158
125
46
214
254
62
215
115
127
255
231
173
159
125
250
101
108
99
82
75
70
124
215
156
253
55
92
152
28
5
230
184
156
251
145
182
115
159
215
221
26
177
84
33
17
180
8
2
62
106
64
42
203
20
64
196
128
50
162
77
4
64
194
160
0
131
204
138
162
205
64
32
41
104
114
52
20
186
8
106
128
213
64
64
21
10
224
22
133
79
153
166
24
3
96
28
29
65
0
51
19
184
8
22
32
232
5
198
0
169
201
248
166
205
8
250
168
140
64
21
207
169
139
76
137
72
200
129
142
24
69
221
25
32
149
6
35
95
245
128
89
41
16
226
45
34
34
54
56
183
87
150
116
241
24
9
124
52
145
93
132
8
128
200
43
164
68
71
34
50
129
207
207
93
238
221
221
186
185
189
61
203
158
253
79
172
141
253
254
43
254
127
166
255
107
119
151
118
189
83
23
94
255
123
105
100
214
159
250
171
255
191
235
119
189
242
253
123
167
219
239
255
157
239
155
142
127
207
254
79
243
253
135
223
165
237
239
93
50
21
221
251
231
199
173
250
255
251
246
78
179
229
118
111
63
238
117
247
255
119
183
59
235
156
86
57
250
110
6
222
202
61
211
252
86
122
185
191
186
120
209
142
153
173
146
219
88
27
149
93
56
244
113
31
124
212
171
251
12
10
17
161
200
200
162
228
8
60
74
5
81
53
217
160
130
72
129
96
204
128
14
152
77
136
12
128
132
134
59
222
113
146
81
40
20
226
13
2
133
52
24
22
100
134
106
145
8
13
109
48
147
95
133
8
132
72
11
164
64
6
35
180
90
1
139
190
3
66
80
111
70
128
85
148
51
134
151
90
43
16
48
71
2
153
228
3
14
131
130
13
67
168
20
104
128
38
53
154
2
68
67
86
48
233
181
97
47
28
37
238
83
160
115
148
48
24
52
0
209
98
41
217
9
4
19
227
114
249
155
159
86
199
223
175
207
134
29
152
191
198
31
90
255
215
48
39
14
53
198
71
239
215
183
45
19
170
22
56
214
44
21
159
74
125
203
86
50
75
165
105
151
28
181
62
215
172
17
133
48
25
180
123
80
50
56
121
89
93
50
242
66
194
163
249
237
178
143
201
132
171
153
202
193
68
23
13
141
93
43
82
202
39
194
89
78
223
191
38
215
48
35
90
199
44
31
25
82
44
104
34
32
106
48
173
215
28
149
27
24
136
24
1
193
24
156
65
17
226
51
157
84
87
0
178
114
217
155
159
70
199
223
45
206
199
29
156
191
198
21
126
127
87
112
39
14
55
198
103
45
215
191
45
19
186
22
40
198
45
21
159
2
109
202
87
50
203
165
105
151
28
245
62
215
172
147
133
48
25
52
251
88
50
56
121
25
93
50
242
194
3
162
245
237
182
159
155
132
255
185
202
131
201
19
15
129
109
47
95
202
175
214
91
70
223
147
38
208
16
33
91
227
61
18
41
82
44
96
163
112
106
48
191
215
88
149
91
24
136
24
1
81
88
156
64
17
226
51
159
68
87
0
250
195
201
170
61
205
234
91
218
172
167
133
206
139
201
70
143
137
109
55
87
142
175
242
43
71
223
147
38
81
19
34
87
211
57
83
41
82
44
232
34
240
62
56
171
217
88
245
43
153
136
24
1
209
93
156
0
25
178
51
189
16
87
2
251
201
203
134
221
105
251
123
254
156
181
71
203
131
216
126
143
141
125
125
111
238
175
226
115
75
255
147
38
81
2
50
207
223
51
81
41
83
110
232
32
248
60
56
63
217
63
245
107
153
136
24
5
209
93
157
0
17
242
51
189
80
87
0
251
200
201
238
253
239
239
255
254
189
253
255
203
159
253
126
238
173
221
127
111
190
255
230
59
47
255
151
54
253
211
54
255
243
119
113
121
82
111
252
251
247
255
253
63
223
30
253
59
141
137
94
133
219
127
157
76
89
254
121
255
85
31
1
254
253
250
255
253
255
251
255
254
120
255
238
255
239
221
235
249
235
221
185
111
237
141
238
121
175
207
122
183
223
71
119
255
247
231
125
251
118
247
253
247
243
92
250
62
223
143
255
243
221
189
94
181
249
255
157
239
212
252
175
191
223
79
51
246
240
200
143
223
234
215
211
165
222
253
20
205
159
248
123
172
126
215
120
43
220
141
239
45
59
163
190
46
151
217
83
127
231
39
81
113
82
71
238
106
210
94
96
30
153
22
217
247
157
136
94
5
180
9
157
195
17
242
58
61
80
85
2
251
194
214
131
159
237
150
31
153
134
239
25
138
131
204
23
31
141
229
56
86
202
135
146
73
70
215
191
46
147
48
35
91
195
45
146
57
82
44
102
99
96
74
32
173
215
88
149
31
24
136
24
1
225
184
156
195
17
178
51
157
84
85
16
178
242
218
143
223
239
95
219
191
190
245
53
204
47
216
127
175
254
215
125
127
92
133
230
49
107
171
185
46
215
19
114
59
245
37
82
121
82
119
236
224
210
94
48
30
217
30
217
188
153
136
94
5
240
31
149
75
145
242
33
189
84
85
2
251
240
203
175
211
238
95
147
184
158
127
54
206
155
248
126
172
246
213
125
103
92
133
166
176
91
235
185
46
213
146
50
59
227
37
80
121
82
103
236
232
210
94
16
31
209
30
249
181
153
141
28
5
240
31
157
65
17
240
49
188
84
86
2
249
224
206
47
211
236
159
159
185
222
255
58
203
139
217
88
140
231
229
125
103
92
133
180
240
91
255
189
46
213
146
50
59
226
37
82
121
82
37
164
232
242
94
48
191
209
58
216
149
137
141
16
1
248
31
141
65
17
240
49
189
84
86
0
185
226
202
47
217
237
254
159
217
188
255
149
138
139
217
95
143
237
229
125
118
92
135
146
120
79
255
185
46
211
19
35
59
211
37
83
121
82
41
236
96
114
94
56
191
213
152
252
53
153
137
24
1
248
31
157
73
17
240
49
189
84
87
2
251
225
206
167
155
200
95
131
248
204
255
2
207
211
216
95
140
239
245
109
70
92
133
134
208
91
255
189
46
129
130
50
27
203
37
65
57
80
104
236
104
240
92
48
191
213
56
189
245
153
140
24
5
240
31
156
65
17
240
49
189
84
87
0
250
225
13
131
151
200
70
135
248
218
125
30
71
131
205
18
32
239
69
213
6
92
173
170
192
90
254
188
6
192
130
34
63
71
39
81
121
22
34
204
72
81
84
16
174
205
0
173
229
153
12
24
1
241
30
156
67
17
112
51
185
64
23
0
250
224
13
163
149
200
206
7
125
140
101
90
71
131
205
26
132
173
45
99
70
252
175
210
195
91
254
156
38
192
146
35
143
79
39
67
56
18
34
236
72
81
116
16
175
205
32
173
99
153
128
24
1
241
31
156
65
17
114
51
185
64
23
0
250
193
201
138
213
97
230
255
150
13
239
41
202
131
201
18
47
141
109
125
71
62
173
246
19
83
127
147
38
81
130
34
147
231
49
82
41
83
44
232
168
80
60
48
175
219
24
183
107
25
136
24
1
209
93
156
0
17
210
51
189
64
87
0
250
235
205
238
253
239
239
223
218
189
239
253
203
159
236
126
239
137
125
62
119
190
255
246
123
63
255
147
54
251
119
54
255
211
255
125
121
210
111
254
191
115
255
253
127
223
30
253
59
205
136
90
133
217
255
157
110
217
246
121
191
213
95
18
191
52
171
255
200
48
159
229
115
223
212
254
209
223
53
221
206
155
193
234
43
213
117
202
247
253
119
5
182
44
221
21
202
143
82
97
168
156
154
251
60
245
61
227
167
181
162
117
235
179
173
173
251
179
93
27
30
110
78
86
233
235
217
109
222
170
192
8
139
39
85
157
157
151
218
61
200
25
12
125
239
137
212
68
105
16
50
244
56
41
149
165
42
87
91
55
122
224
36
159
250
82
121
168
241
114
78
48
63
150
22
212
108
153
169
22
5
248
29
148
88
144
242
59
188
93
94
34
179
106
137
163
185
65
74
160
207
141
130
138
134
179
196
123
189
207
21
35
70
6
7
94
71
87
223
24
45
2
162
34
202
135
135
67
155
48
46
237
2
40
116
52
224
93
93
53
239
221
168
152
17
211
21
252
80
17
232
49
189
0
85
25
90
124
49
239
213
23
229
253
255
149
218
212
53
225
204
147
70
139
93
243
79
58
61
198
211
44
254
146
133
80
76
62
185
78
6
181
250
22
125
89
85
56
97
183
38
111
165
65
254
31
60
187
245
249
188
156
80
64
170
127
219
11
7
165
242
250
248
110
255
255
187
223
185
253
249
253
255
191
126
108
253
179
151
126
191
255
127
147
126
51
126
251
183
255
251
255
254
191
237
215
247
255
91
250
247
94
255
239
127
213
255
255
123
191
255
159
207
255
173
219
255
126
247
255
255
187
251
190
220
191
253
110
125
55
249
220
176
121
159
253
253
254
125
108
237
153
248
246
187
247
126
229
255
161
127
215
246
125
119
255
242
223
248
185
100
255
91
250
177
91
191
255
109
247
119
247
123
191
219
143
207
252
165
249
92
63
151
254
255
179
187
207
142
56
251
223
111
247
185
254
56
253
153
214
249
255
80
108
217
254
159
255
159
245
127
195
247
161
127
115
246
127
116
252
186
223
105
232
181
255
95
248
97
255
95
251
63
255
231
159
95
190
155
173
231
242
165
219
221
103
255
215
199
115
123
199
91
156
251
247
125
191
105
252
255
249
185
234
255
239
214
239
235
251
220
255
107
111
141
238
185
175
223
115
243
253
79
54
190
223
227
125
255
119
245
255
117
125
125
255
127
255
55
127
177
236
221
126
245
210
191
156
109
223
188
229
111
95
109
133
254
59
253
251
111
183
224
255
152
219
159
252
253
174
79
77
61
255
231
182
151
244
111
215
125
229
255
103
183
95
115
231
187
175
233
253
181
255
45
248
61
123
94
187
233
247
113
191
119
250
158
24
107
244
165
124
229
127
183
246
235
178
255
190
78
133
205
254
253
32
76
245
231
57
245
239
217
82
253
206
174
171
136
167
107
182
44
238
59
125
127
147
242
109
135
34
127
151
242
97
122
146
255
251
62
243
62
185
231
191
18
119
235
217
232
127
221
248
31
177
76
49
210
99
239
216
117
131
255
252
254
247
221
255
181
143
249
142
127
241
250
231
216
183
93
242
245
110
90
255
175
154
124
30
255
247
111
151
29
119
191
235
175
222
191
208
253
247
119
110
74
227
223
249
184
153
19
156
159
152
169
114
190
159
115
64
252
241
31
254
213
189
61
33
6
101
1
216
61
163
248
188
124
226
7
201
57
217
165
194
124
195
32
240
66
156
244
88
40
12
0
188
208
57
223
121
104
66
184
84
178
5
140
221
84
26
150
64
226
64
193
40
45
156
8
211
31
141
1
44
100
35
188
202
134
44
248
222
105
154
253
99
99
252
231
89
224
255
189
114
198
203
250
253
155
57
223
15
141
231
19
223
79
250
237
195
167
190
190
232
39
101
251
91
119
197
116
186
94
181
122
223
31
11
188
205
174
87
213
217
127
181
195
208
249
41
249
29
100
146
163
204
235
179
253
208
107
238
211
73
219
234
159
210
196
251
235
235
205
191
78
15
141
36
153
79
223
59
173
135
14
50
26
98
7
125
219
16
247
239
180
163
108
176
126
127
158
28
180
204
141
118
245
203
255
133
226
193
236
1
47
92
100
19
176
250
179
238
249
222
247
66
211
117
255
208
138
207
249
54
95
252
253
123
247
251
221
91
251
206
123
251
255
250
87
242
231
215
47
151
187
90
124
125
119
124
73
122
127
221
29
247
247
220
236
152
201
243
252
152
223
90
188
115
151
222
243
28
251
255
23
239
213
254
181
95
240
54
127
219
18
223
236
51
68
245
245
122
230
250
253
130
248
14
126
191
126
216
93
119
47
87
47
148
251
218
125
119
95
116
65
205
63
197
44
221
23
159
172
24
133
98
184
156
75
88
118
113
159
204
151
32
246
99
132
232
159
235
196
219
13
63
231
21
140
188
110
39
94
175
179
16
178
154
119
219
109
116
210
186
63
67
185
95
111
199
164
13
27
210
249
234
126
48
72
108
232
151
28
253
51
157
204
24
13
180
25
156
235
24
246
250
189
218
87
58
246
189
191
255
212
53
127
241
122
188
92
198
247
207
217
222
109
130
253
227
111
116
127
192
243
47
58
144
144
124
70
118
137
222
82
213
186
212
122
217
53
252
61
187
39
245
33
245
110
186
190
169
221
240
29
158
13
44
178
119
175
90
223
173
218
70
128
136
59
11
128
14
4
6
171
17
136
144
66
39
18
8
19
32
147
139
51
203
79
84
195
166
111
3
169
161
70
135
188
78
39
42
40
226
106
32
106
100
105
151
92
149
27
81
238
24
5
38
17
124
227
144
243
179
177
56
115
48
99
131
132
0
6
13
8
4
14
34
0
5
195
40
27
38
21
109
54
32
17
192
2
224
96
64
149
153
43
50
40
1
69
149
164
80
16
98
72
168
100
97
26
40
33
149
16
244
77
145
164
24
4
180
0
152
9
16
114
50
61
16
85
36
90
197
39
85
85
232
168
38
112
40
61
10
67
198
117
192
1
228
233
135
98
206
172
10
250
202
42
166
222
168
4
169
70
123
115
80
56
16
186
176
198
197
52
24
134
232
98
203
79
136
69
8
119
112
94
155
73
15
95
19
167
72
38
33
120
5
38
85
153
136
132
173
64
33
110
0
3
208
97
185
0
194
97
129
34
202
108
26
235
94
128
38
5
8
136
57
87
115
130
79
43
16
236
51
14
36
98
8
194
102
208
201
83
25
44
56
113
34
24
12
73
9
106
26
133
204
70
33
177
252
107
251
212
50
93
88
251
207
64
151
54
83
214
250
234
242
212
110
111
31
188
128
151
159
150
183
9
194
158
30
56
66
38
119
218
74
126
219
212
144
253
149
126
138
142
229
174
133
165
148
215
10
31
151
89
16
112
121
127
93
28
35
186
195
205
138
26
195
74
22
130
11
1
45
138
178
166
102
58
129
51
60
213
10
135
49
0
86
215
153
45
131
170
2
48
128
45
64
219
66
5
199
254
34
218
48
57
157
94
164
172
193
164
16
4
25
91
164
163
16
240
48
60
28
84
18
233
43
22
101
0
159
181
1
88
228
78
144
116
109
41
52
69
192
116
67
112
240
98
152
124
28
184
36
1
122
28
121
201
84
108
142
190
74
48
1
28
220
194
26
143
64
96
224
69
48
52
24
8
96
24
142
17
56
34
35
156
202
151
46
177
66
0
0
34
207
128
2
1
0
32
19
22
176
194
0
16
96
19
1
208
201
135
131
81
14
152
184
13
194
12
161
32
83
44
4
186
91
48
1
84
208
64
16
10
193
20
130
77
153
44
24
5
112
28
156
73
16
242
51
188
88
23
32
232
127
23
254
245
255
181
123
112
63
255
211
50
223
232
179
87
246
245
123
110
251
255
210
121
78
250
243
127
122
125
246
175
83
101
149
187
210
125
241
95
52
65
255
95
239
140
249
55
159
173
24
165
226
188
158
109
88
118
123
159
205
159
40
182
241
63
247
213
220
111
227
247
252
117
222
95
207
253
155
172
251
229
251
102
126
205
254
247
255
127
28
190
252
159
114
175
199
103
117
255
214
55
253
124
125
84
186
183
205
40
253
229
253
164
201
249
241
255
156
207
108
252
97
187
218
5
29
254
250
121
186
255
87
99
120
239
85
170
220
181
114
196
11
250
255
152
123
215
47
157
229
31
207
79
250
141
195
199
190
254
233
47
37
255
127
103
197
116
58
108
245
122
95
31
35
238
223
238
95
213
249
63
52
193
195
185
237
251
29
36
147
230
71
128
136
59
139
128
142
4
12
171
1
234
176
74
38
23
8
51
0
147
143
55
219
76
85
194
178
39
18
169
33
66
71
188
79
35
51
44
234
42
96
106
100
105
151
88
181
51
81
206
24
5
231
1
124
162
147
179
178
177
188
243
178
99
114
9
171
155
6
199
93
35
198
198
29
148
147
206
57
94
219
85
96
102
30
151
194
7
31
212
182
13
18
186
22
41
194
46
23
154
202
108
195
86
48
105
165
104
23
28
165
174
215
172
145
133
50
25
148
83
0
34
120
121
89
85
40
242
131
134
0
6
13
8
4
12
34
96
33
64
32
11
6
21
45
54
32
145
192
2
232
96
64
149
153
42
18
40
1
69
149
164
80
48
99
0
168
98
96
24
40
169
148
16
244
73
16
160
24
4
244
0
184
1
16
50
50
52
16
87
36
74
221
250
255
253
255
251
255
254
120
253
238
255
238
221
235
249
239
221
191
111
237
205
238
121
239
239
251
247
255
71
243
255
255
227
253
249
119
247
253
245
251
92
122
62
223
143
223
245
221
189
94
181
249
255
159
109
214
252
191
191
220
23
55
254
80
1
153
180
40
162
122
106
64
42
209
16
193
192
128
2
134
77
0
67
202
37
192
203
76
138
162
142
66
32
33
106
83
20
148
171
19
104
128
209
208
74
145
8
242
21
129
79
27
174
24
7
96
29
29
65
17
178
51
185
8
22
97
251
173
229
111
92
50
85
93
251
247
199
149
250
95
253
246
78
139
244
118
111
63
254
244
166
125
55
151
24
97
158
94
57
202
46
36
218
194
125
211
252
82
235
189
190
186
112
197
46
9
173
54
223
88
26
148
76
56
242
121
93
125
212
43
187
242
201
139
158
22
70
93
170
198
134
57
154
155
198
22
122
115
87
36
103
14
140
192
7
14
215
183
41
147
170
22
57
210
38
21
218
74
124
195
84
50
202
181
105
158
28
229
174
211
172
16
133
40
27
180
75
16
114
56
121
92
84
34
179
187
250
247
207
191
177
221
248
254
191
249
251
239
125
246
89
247
246
110
59
108
222
174
124
174
255
115
123
191
107
119
191
247
236
222
94
254
253
251
247
87
78
235
126
254
144
220
21
232
159
20
163
206
130
158
125
136
212
180
15
244
221
34
181
186
251
115
231
191
248
217
216
223
27
249
255
239
94
244
125
246
246
230
19
100
30
129
124
231
158
115
123
222
123
238
191
150
236
223
214
254
127
251
181
75
220
211
121
248
83
188
53
232
151
144
163
234
167
238
113
52
144
244
47
182
221
166
28
186
223
111
239
183
189
217
153
255
93
86
255
175
127
124
253
244
247
206
190
116
126
147
116
251
190
119
113
254
250
254
184
134
106
223
212
255
91
219
53
207
95
155
252
213
231
252
119
234
159
153
41
250
133
207
125
54
214
118
175
115
223
174
155
234
222
167
239
255
255
223
155
253
125
255
75
171
92
124
237
179
245
126
126
246
63
190
127
127
255
27
54
255
243
63
223
167
239
250
89
254
119
254
183
243
127
231
255
205
143
221
155
204
151
215
137
219
183
159
59
113
166
244
63
247
77
156
156
251
253
238
249
254
125
221
215
126
255
216
234
239
237
126
223
253
253
127
243
127
223
63
189
215
127
247
235
219
215
242
183
195
174
222
255
218
119
253
126
122
94
242
255
223
115
255
181
249
204
26
249
216
159
157
113
147
240
113
63
222
241
202
186
173
13
239
92
48
63
113
250
172
196
239
146
79
249
222
238
130
117
226
111
54
254
192
247
9
55
149
16
120
14
86
9
218
86
209
250
128
122
219
125
244
61
185
55
244
50
245
110
155
172
169
157
208
29
157
12
40
242
113
251
121
215
45
218
184
222
247
223
235
221
221
237
190
117
31
223
159
252
127
220
255
246
110
98
126
159
190
60
59
255
183
122
215
219
87
191
199
174
71
126
210
247
251
126
115
95
197
63
221
54
253
177
221
141
222
189
214
159
149
97
49
240
113
61
222
93
10
254
250
27
239
241
206
113
100
246
121
255
208
139
238
245
54
11
253
233
123
243
254
221
107
191
198
127
243
186
234
213
242
231
223
46
211
121
91
109
125
98
124
124
250
127
221
21
255
247
221
204
136
209
240
191
152
93
31
244
209
151
220
115
192
254
34
132
168
255
235
148
222
1
31
107
1
206
176
110
38
92
137
147
48
147
207
39
219
104
116
214
178
47
2
185
63
39
199
164
15
91
226
253
234
126
96
200
96
233
151
28
253
51
209
204
24
37
164
1
188
107
16
243
250
61
94
87
56
246
217
18
223
213
254
181
221
240
58
183
127
26
222
252
51
65
244
213
123
226
218
213
138
249
202
126
183
122
252
71
247
63
127
108
149
126
90
125
248
87
116
73
109
62
205
172
217
21
159
141
24
165
242
158
156
73
16
246
49
159
92
31
0
252
141
235
239
212
52
125
117
250
169
148
255
242
79
249
222
234
131
252
230
111
54
252
224
242
9
63
149
176
121
14
86
153
250
84
240
250
212
122
219
253
254
63
187
55
244
50
245
110
154
175
169
223
210
29
159
76
40
242
49
255
121
214
37
218
10
192
12
139
47
93
149
185
62
254
62
140
25
60
125
230
65
212
68
40
192
114
172
48
41
133
129
2
85
75
23
123
240
36
85
240
82
115
169
240
242
223
72
62
212
150
228
105
155
173
30
5
184
29
141
73
16
242
43
188
89
22
34
185
213
39
213
85
232
132
174
96
34
61
3
67
206
101
128
0
166
201
134
35
206
45
2
235
202
58
166
222
40
12
137
70
87
115
108
57
16
172
114
206
69
32
137
134
233
32
201
95
0
196
72
115
224
90
28
79
15
95
18
133
72
37
33
188
189
109
111
212
50
85
89
250
247
196
213
180
95
185
240
238
186
180
70
111
55
218
244
183
61
59
181
24
105
222
126
185
216
124
39
254
194
123
209
221
152
217
189
62
186
36
224
110
137
175
247
143
248
30
150
76
56
242
121
221
121
150
42
251
82
22
147
181
252
162
170
117
18
121
210
19
192
192
3
16
228
205
137
66
200
45
202
219
206
138
170
206
208
5
161
110
103
33
20
57
126
120
33
212
80
64
19
142
193
4
203
95
24
172
24
1
240
24
156
73
68
114
51
157
72
6
32
252
74
3
138
215
255
147
222
13
38
42
11
4
153
206
51
85
96
215
24
118
206
63
202
123
6
202
170
15
82
105
53
102
87
167
87
187
82
112
231
86
80
105
68
78
213
28
197
75
157
172
24
5
247
29
156
203
16
242
51
189
88
87
48
248
35
6
101
128
159
181
1
89
164
126
16
4
141
41
52
69
208
116
67
96
240
114
152
124
28
160
4
2
58
152
113
201
69
108
158
186
194
112
1
12
212
64
26
143
80
96
224
65
16
52
152
8
98
24
142
17
56
34
51
156
202
215
46
241
33
6
100
128
143
157
3
113
164
126
2
1
157
57
120
5
192
116
71
32
240
114
152
120
88
48
4
16
188
216
57
217
112
100
94
184
82
114
1
168
212
86
26
142
64
226
192
65
24
45
24
8
98
29
143
25
56
96
35
156
202
214
42
177
114
193
139
154
6
7
93
43
198
198
25
154
187
206
53
94
127
87
112
39
10
150
193
39
14
215
183
45
19
186
20
57
194
44
23
219
74
108
67
82
50
202
165
105
151
28
213
190
87
172
144
129
42
24
180
91
192
50
56
121
93
85
50
178
74
0
138
215
255
147
222
12
54
59
23
1
185
78
51
81
96
215
24
118
206
63
138
123
14
202
170
47
210
73
53
111
87
167
22
187
82
112
231
118
80
93
76
78
213
12
193
79
157
172
24
5
245
29
156
203
16
242
51
189
88
23
48
248
64
2
5
128
200
130
38
112
32
52
34
1
128
113
144
1
66
69
129
36
200
33
136
33
74
128
12
4
144
8
1
73
112
7
80
184
0
160
7
132
4
96
8
135
64
128
64
195
0
36
24
32
33
24
143
11
0
104
2
132
72
70
33
240
42
6
109
128
158
157
3
49
180
126
18
0
29
57
121
69
208
244
67
32
208
114
152
124
88
176
4
0
188
216
57
217
64
108
222
186
210
114
1
28
212
70
66
142
64
166
192
65
17
45
156
8
34
25
143
25
16
98
43
156
202
158
42
177
219
30
223
87
238
213
209
180
170
117
31
78
159
253
59
240
237
215
56
98
206
221
142
112
202
255
180
122
254
67
95
47
215
101
81
122
90
115
250
90
116
85
73
62
205
140
253
181
157
140
29
165
242
159
156
105
57
116
49
61
216
29
4
252
232
139
134
243
235
179
228
251
109
187
192
235
251
241
38
11
207
153
239
219
254
143
123
255
67
127
211
166
206
196
34
198
223
47
66
49
81
252
253
96
124
124
242
127
217
101
255
243
252
206
24
209
211
29
222
89
23
244
215
151
92
117
129
90
234
13
239
247
255
135
91
143
190
127
19
95
159
238
50
93
178
213
56
102
222
175
218
123
30
202
182
63
210
249
55
111
71
167
22
251
210
125
247
118
80
236
72
78
201
28
233
27
157
172
24
5
225
60
156
203
16
246
115
191
94
23
48
250
244
41
245
212
50
79
92
119
199
228
251
144
83
164
218
226
179
212
102
111
31
168
228
134
221
143
167
25
1
156
20
232
96
36
100
254
202
114
131
213
50
216
181
47
174
38
133
110
129
164
247
131
96
31
149
73
128
114
49
120
125
4
32
248
60
57
191
209
50
117
249
255
149
222
215
22
83
140
187
70
155
92
227
110
50
213
198
211
14
248
146
128
80
198
54
137
78
16
149
234
148
124
200
17
48
97
183
54
111
165
245
238
26
188
185
223
210
29
156
80
0
34
123
203
79
159
77
242
70
49
153
180
28
162
122
88
64
171
65
146
194
192
128
19
130
77
0
67
202
37
194
75
76
138
162
143
82
32
33
106
83
20
148
171
19
108
128
243
208
106
145
72
243
21
129
95
27
174
24
7
96
29
29
65
16
178
51
187
24
86
99
251
249
190
247
149
254
237
181
247
252
245
95
95
223
253
251
236
255
245
127
99
124
141
190
181
223
127
157
186
249
215
118
191
199
101
115
254
214
119
253
126
221
93
121
182
205
58
253
181
205
132
201
185
210
159
157
105
120
244
113
61
222
69
4
254
140
251
239
220
54
121
125
250
241
145
237
250
79
181
246
203
139
252
102
111
54
244
100
178
69
127
145
176
125
70
54
185
218
84
246
234
218
120
216
245
126
63
59
55
246
55
245
108
153
175
175
71
216
31
223
92
52
242
49
223
121
215
102
218
124
190
247
193
122
247
231
247
253
254
82
87
223
253
251
204
251
213
251
107
244
93
222
251
59
255
63
54
124
219
119
255
215
103
95
187
212
252
253
124
117
93
251
191
221
164
245
239
159
173
157
153
242
29
156
93
104
254
115
205
219
223
41
254
90
1
137
188
2
67
124
111
5
162
81
148
81
132
182
90
155
20
96
75
130
189
192
3
12
138
162
13
67
160
52
200
67
6
53
186
2
108
66
86
32
233
245
105
63
28
37
238
87
32
123
212
34
24
52
16
129
162
59
217
9
4
131
226
5
143
231
92
48
181
245
126
180
148
132
217
75
249
183
207
138
244
227
47
54
47
230
243
43
170
4
20
125
8
80
9
254
98
48
186
82
58
83
188
211
63
58
38
152
224
81
238
25
60
127
21
240
28
159
4
48
226
35
143
88
197
39
251
157
249
247
253
183
105
253
254
253
157
254
255
127
253
219
234
251
220
231
107
110
142
230
182
239
255
115
242
253
71
118
191
254
98
125
252
119
117
251
245
127
125
191
127
238
55
127
244
233
189
127
245
216
159
156
77
189
176
101
107
93
109
133
190
233
141
238
247
63
105
121
222
61
249
204
239
190
253
166
239
171
253
189
107
126
143
255
63
99
127
146
50
251
71
54
231
223
103
55
120
211
253
249
245
89
253
122
119
239
85
127
243
221
166
126
181
217
190
156
76
57
252
253
191
223
53
133
218
186
130
234
231
255
148
222
129
62
219
57
91
159
110
50
84
121
211
60
171
201
119
187
120
62
215
55
59
222
251
183
190
87
236
30
211
246
125
251
118
101
72
237
121
215
4
221
53
223
141
24
37
238
130
190
125
144
118
114
29
95
31
56
182
1
30
148
1
200
200
163
80
58
124
2
69
196
125
137
33
239
237
129
32
196
37
74
121
102
124
56
102
60
7
195
103
87
227
89
56
48
170
237
70
117
20
10
166
69
0
253
99
152
116
24
36
244
29
156
73
22
82
178
173
192
7
36
254
184
222
247
221
191
181
185
249
238
253
241
219
239
217
219
205
246
245
111
107
126
142
190
252
223
59
247
122
213
159
119
191
235
45
126
126
210
253
249
247
255
94
99
158
217
50
216
149
136
141
20
185
210
159
157
105
0
240
113
63
222
85
10
191
192
235
131
125
96
106
172
227
73
154
106
143
66
132
203
170
131
77
191
79
14
141
36
153
79
221
31
160
199
6
58
30
112
7
125
219
16
254
205
164
163
124
176
62
127
158
26
176
204
9
116
245
217
127
165
202
197
232
1
108
68
68
19
176
88
1
137
245
32
178
122
120
80
187
81
146
195
192
16
2
0
77
128
67
202
53
194
219
12
138
162
134
64
32
53
235
87
16
148
169
95
108
160
241
208
106
179
12
243
21
129
95
27
174
24
71
96
29
221
81
5
243
51
155
88
86
97
251
217
250
223
109
255
251
251
252
248
189
254
255
238
221
203
249
239
221
191
111
236
141
238
253
239
255
251
246
255
71
247
191
255
97
253
245
119
247
253
245
219
92
251
62
221
131
251
245
172
189
94
181
248
255
159
77
214
252
63
191
220
95
54
255
226
65
139
222
34
68
89
131
198
198
49
146
27
226
54
126
18
84
100
103
14
188
192
35
30
151
183
9
147
186
22
9
210
38
23
218
66
124
67
84
34
106
181
105
158
28
229
174
83
172
16
129
2
24
180
90
0
114
48
89
93
84
34
179
133
38
215
4
40
134
137
98
34
189
3
83
198
161
144
0
162
65
172
41
192
13
106
201
206
210
190
87
12
44
1
79
87
209
124
27
20
188
42
143
69
0
41
167
171
0
216
123
64
228
56
179
165
88
28
14
76
95
18
69
200
21
33
190
65
3
20
144
200
130
6
80
34
36
34
2
128
97
16
1
102
69
1
36
202
173
138
98
74
0
42
12
144
8
1
1
115
7
80
57
0
160
7
194
4
64
8
7
64
8
201
135
16
4
16
32
33
24
142
11
9
108
0
20
64
68
1
240
17
30
151
5
200
202
163
112
58
125
2
71
196
125
11
49
238
231
129
34
196
13
138
249
202
248
56
102
188
3
195
111
87
225
89
48
116
202
237
78
101
20
10
134
77
0
253
99
152
116
9
5
244
5
156
73
38
82
150
165
194
7
36
254
210
18
135
245
236
162
154
180
18
185
82
87
206
209
19
16
228
207
25
162
200
45
202
217
206
138
184
238
216
5
161
110
119
49
20
49
126
121
224
85
209
68
27
14
201
4
203
95
153
172
24
1
240
60
156
73
86
114
51
157
72
23
32
254
92
1
179
188
2
71
104
103
5
226
81
148
81
132
159
206
157
24
65
67
154
185
228
3
93
137
162
204
65
144
60
200
65
22
53
170
133
100
66
66
32
161
181
106
46
20
37
238
83
32
251
212
34
24
52
16
137
162
75
249
9
100
11
230
2
196
8
138
11
221
132
1
60
250
44
140
16
22
125
165
65
86
1
32
192
48
28
48
65
133
1
0
81
3
17
115
225
4
211
32
83
82
169
240
242
94
24
44
84
150
68
105
153
45
26
5
252
29
141
73
16
226
43
188
88
86
34
249
5
143
247
92
32
29
209
246
178
148
5
135
95
185
191
142
232
252
98
47
54
14
192
243
43
40
20
88
125
8
80
41
214
114
49
218
66
122
211
124
177
191
56
54
60
176
65
238
145
32
239
157
48
26
151
68
49
194
56
77
89
69
7
251
74
10
130
247
239
147
222
8
44
57
3
79
155
252
51
89
36
213
56
102
206
63
202
123
14
202
186
46
210
97
53
111
215
167
86
59
83
125
238
118
80
125
76
78
205
12
217
27
157
140
24
5
247
61
156
235
17
246
51
189
88
87
48
248
145
186
215
197
248
232
165
242
122
189
78
95
206
125
218
168
239
197
189
43
228
13
235
249
239
126
57
182
252
7
227
127
215
227
121
48
116
251
253
54
213
84
42
55
205
2
253
227
137
244
9
177
244
159
157
77
110
220
182
173
208
87
37
254
234
141
234
247
255
135
223
141
188
255
17
79
155
238
50
93
168
213
56
103
222
175
218
123
62
202
186
63
210
57
55
111
199
167
28
123
210
125
254
119
80
108
232
126
217
28
217
59
221
172
24
5
245
191
156
235
81
246
115
191
92
85
48
254
251
157
231
247
255
199
223
175
190
253
87
91
159
232
50
92
171
213
56
103
222
191
254
123
62
219
190
63
218
121
55
111
87
231
60
123
214
253
254
119
81
109
237
127
201
28
217
59
221
172
24
133
247
254
156
235
89
254
113
191
223
29
17
254
206
51
139
245
254
179
250
176
16
187
81
203
195
210
19
3
0
207
216
239
200
53
66
219
136
138
178
246
64
97
53
234
247
48
148
161
127
121
224
241
208
74
51
14
243
20
195
95
27
174
24
67
240
24
156
89
22
243
51
157
88
87
96
251
217
254
223
109
254
123
251
254
121
157
254
223
238
253
207
249
239
223
189
47
100
205
174
248
239
255
123
242
253
71
246
127
255
97
125
245
119
119
253
245
223
92
251
62
221
131
255
245
173
189
95
133
248
191
159
77
118
252
55
255
220
95
38
255
