posters/Movie Poster 25.jpg
512
738
197
164.745
-1
0
198
167
0.000955961
31
158.525
-1
0
177
128
0.00246503
31
163.636
-1
0
173
138
0.00156976
31
149.123
-1
0
288
551
0.00187407
31
109.134
-1
0
232
478
0.00205661
31
-23.1569
-1
0
261
566
0.00242317
31
68.6658
-1
0
113
417
0.00360571
31
67.7241
-1
0
122
413
0.0017047
31
-31.0622
-1
0
100
587
0.00195593
31
-138.701
-1
0
126
592
0.00281939
31
-14.0362
-1
0
351
597
0.00116672
31
155.785
-1
0
193
598
0.0022324
31
-31.9581
-1
0
160
610
0.00142986
31
140.977
-1
0
234
621
0.0030578
31
-151.901
-1
0
360
621
0.00251315
31
-25.4362
-1
0
327
632
0.00134629
31
22.7028
-1
0
104
406
0.0027347
31
-16.759
-1
0
207
638
0.00295801
31
153.435
-1
0
216
486
0.00130929
31
-174.129
-1
0
383
157
0.000723444
31
79.992
-1
0
324
256
0.00229093
31
-28.794
-1
0
298
279
0.00155205
31
118.457
-1
0
331
257
0.00139735
31
-169.651
-1
0
403
130
0.000898417
31
-50.1157
-1
0
353
173
0.00115303
31
-91.9749
-1
0
277
362
0.000820833
31
-167.125
-1
0
101
633
0.00168445
31
159.386
-1
0
174
130
0.00159074
31
-67.3062
-1
0
127
401
0.00267671
31
-82.0107
-1
0
397
378
0.000712861
31
61.2323
-1
0
125
411
0.00183365
31
168.098
-1
0
171
115
0.00125664
31
114.056
-1
0
193
342
0.00224091
31
128.063
-1
0
207
341
0.000772598
31
60.6078
-1
0
104
410
0.00157953
31
-179.091
-1
0
98
633
0.00152232
31
136.45
-1
0
134
404
0.00147464
31
112.051
-1
0
230
483
0.000720885
31
76.5965
-1
0
128
413
0.00118877
31
136.042
-1
0
131
403
0.00232288
31
-79.439
-1
0
186
206
0.00136197
31
80.8886
-1
0
291
517
0.00160276
31
173.506
-1
0
389
152
0.000944393
31
51.8235
-1
0
106
409
0.00283083
31
-93.3178
-1
0
238
267
0.000825516
31
95.3558
-1
0
320
279
0.00112846
31
60.611
-1
0
237
168
0.000999492
31
-148.675
-1
0
198
375
0.00152478
31
-177.368
-1
0
133
401
0.00122892
31
-78.6901
-1
0
212
530
0.000649809
31
142.892
-1
0
200
173
0.000686194
31
38.6598
-1
0
289
256
0.000668913
31
12.7712
-1
0
265
329
0.000673891
31
-82.6599
-1
0
343
224
0.000680715
31
-99.1102
-1
0
171
377
0.000687864
31
-135.493
-1
0
412
157
0.000688943
31
49.8991
-1
0
323
261
0.000667027
31
-156.15
-1
0
222
503
0.000686897
31
-42.2208
-1
0
411
259
0.00056021
31
35.5377
-1
0
279
130
0.000570804
31
-162.392
-1
0
395
159
0.000606856
31
-74.3051
-1
0
305
215
0.000536571
31
168.871
-1
0
311
262
0.000540861
31
-13.9914
-1
0
286
117
0.000536844
31
81.8699
-1
1
128.4
412.8
0.00108966
37.2
-39.2176
-1
1
160.8
609.6
0.00103814
37.2
-11.441
-1
1
351.6
596.4
0.00109408
37.2
-134.827
-1
1
126
591.6
0.0022888
37.2
-23.1986
-1
1
261.6
565.2
0.00191761
37.2
131.424
-1
1
288
550.8
0.00159407
37.2
85.2921
-1
1
290.4
517.2
0.00134747
37.2
161.095
-1
1
216
486
0.00176257
37.2
122.25
-1
1
232.8
478.8
0.00179691
37.2
60.4222
-1
1
122.4
412.8
0.00163859
37.2
-55.3048
-1
1
126
399.6
0.00178653
37.2
118.638
-1
1
193.2
342
0.00227067
37.2
165.228
-1
1
169.2
134.4
0.00176509
37.2
95.2901
-1
1
324
256.8
0.00264097
37.2
151.44
-1
1
134.4
403.2
0.00142519
37.2
-141.45
-1
1
186
205.2
0.00129815
37.2
-50.0747
-1
1
352.8
172.8
0.00105269
37.2
110.095
-1
1
129.6
403.2
0.00284141
37.2
167.898
-1
1
172.8
138
0.00150022
37.2
178.34
-1
1
133.2
400.8
0.00130513
37.2
163.08
-1
1
176.4
128.4
0.00281119
37.2
22.249
-1
1
122.4
349.2
0.000977403
37.2
138.106
-1
1
190.8
595.2
0.00116502
37.2
125.803
-1
1
330
256.8
0.00112932
37.2
-150.285
-1
1
198
375.6
0.00136648
37.2
175.203
-1
1
213.6
490.8
0.00116671
37.2
-49.6669
-1
1
298.8
278.4
0.00106671
37.2
92.7263
-1
1
324
260.4
0.00100083
37.2
57.3917
-1
1
236.4
168
0.00119264
37.2
3.81407
-1
1
121.2
351.6
0.000552794
37.2
-78.9226
-1
1
349.2
218.4
0.000504398
37.2
130.746
-1
1
230.4
482.4
0.000766424
37.2
149.826
-1
1
213.6
482.4
0.000494595
37.2
-42.9371
-1
1
315.6
163.2
0.000491059
37.2
-170.737
-1
1
387.6
157.2
0.000698464
37.2
-176.791
-1
1
312
262.8
0.000769536
37.2
-173.387
-1
1
216
494.4
0.000561457
37.2
-164.055
-1
1
319.2
278.4
0.00079677
37.2
-104.785
-1
1
177.6
372
0.000614354
37.2
129.548
-1
1
136.8
408
0.000525319
37.2
-128.027
-1
1
201.6
499.2
0.000646076
37.2
131.527
-1
1
206.4
340.8
0.000552515
37.2
-72.6995
-1
1
346.8
213.6
0.000586737
37.2
-104.21
-1
1
171.6
376.8
0.000709696
37.2
30.3791
-1
1
289.2
255.6
0.000699846
37.2
-148.309
-1
1
222
502.8
0.000630052
37.2
-171.903
-1
1
384
157.2
0.00070995
37.2
161.74
-1
1
198
166.8
0.000773084
37.2
-139.399
-1
1
321.6
274.8
0.000917482
37.2
153.598
-1
1
200.4
174
0.000546512
37.2
18.699
-1
1
266.4
328.8
0.000813419
37.2
-84.2894
-1
1
277.2
361.2
0.000493661
37.2
-80.1342
-1
1
343.2
224.4
0.00056527
37.2
-112.117
-1
1
186
378
0.000472089
37.2
-139.226
-1
1
195.6
379.2
0.000478698
37.2
-163.835
-1
2
311.04
262.08
0.00108102
44.64
85.8653
-1
2
290.88
516.96
0.00108192
44.64
-54.0231
-1
2
298.08
277.92
0.00101862
44.64
-116.565
-1
2
321.12
279.36
0.0010214
44.64
-148.61
-1
2
221.76
504
0.00100297
44.64
-19.4861
-1
2
262.08
564.48
0.00149857
44.64
163.773
-1
2
217.44
483.84
0.00116631
44.64
136.614
-1
2
233.28
479.52
0.00142334
44.64
169.735
-1
2
214.56
489.6
0.00161122
44.64
124.26
-1
2
192.96
342.72
0.00271209
44.64
117.499
-1
2
288
550.08
0.00132405
44.64
-155.191
-1
2
185.76
205.92
0.00105696
44.64
162.646
-1
2
329.76
256.32
0.00101263
44.64
141.34
-1
2
324
256.32
0.00252069
44.64
-157.011
-1
2
198.72
374.4
0.0012062
44.64
151.805
-1
2
228.96
482.4
0.000837486
44.64
-110.892
-1
2
177.12
372.96
0.000817693
44.64
-110.597
-1
2
172.8
372.96
0.000745762
44.64
-146.014
-1
2
201.6
498.24
0.000724322
44.64
-153.733
-1
2
201.6
495.36
0.000981447
44.64
151.22
-1
2
308.16
256.32
0.000826973
44.64
-6.30161
-1
2
272.16
299.52
0.000598631
44.64
13.083
-1
2
289.44
256.32
0.000954245
44.64
151.574
-1
2
213.12
482.4
0.000823631
44.64
162.198
-1
2
198.72
165.6
0.000599702
44.64
55.0899
-1
2
233.28
167.04
0.000731847
44.64
58.815
-1
2
237.6
167.04
0.0009487
44.64
-51.0262
-1
2
351.36
172.8
0.000982702
44.64
-110.131
-1
2
171.36
375.84
0.000670775
44.64
-111.991
-1
2
167.04
375.84
0.000552695
44.64
21.8014
-1
2
266.4
329.76
0.000571619
44.64
155.937
-1
2
201.6
174.24
0.000545515
44.64
-133.561
-1
2
334.08
283.68
0.000484912
44.64
-107.223
-1
2
213.12
528.48
0.000568494
44.64
-0.742132
-1
2
305.28
149.76
0.000522814
44.64
107.65
-1
2
312.48
504
0.000443602
44.64
-76.8866
-1
2
347.04
218.88
0.000449262
44.64
-162.688
-1
3
186.624
205.632
0.000953926
53.568
125.352
-1
3
191.808
342.144
0.00251282
53.568
-13.684
-1
3
260.928
565.056
0.00104251
53.568
168.69
-1
3
219.456
483.84
0.000972418
53.568
-144.305
-1
3
221.184
504.576
0.000982463
53.568
-128.367
-1
3
323.136
255.744
0.00215163
53.568
95.5722
-1
3
286.848
551.232
0.00114991
53.568
-154.179
-1
3
196.992
374.976
0.00122864
53.568
159.347
-1
3
228.096
482.112
0.00101293
53.568
-140.064
-1
3
309.312
260.928
0.00180757
53.568
168.789
-1
3
214.272
489.024
0.0014379
53.568
-25.3622
-1
3
286.848
260.928
0.00114081
53.568
-98.7022
-1
3
319.68
278.208
0.000839382
53.568
-146.725
-1
3
305.856
257.472
0.000775872
53.568
-59.7436
-1
3
297.216
278.208
0.000927794
53.568
166.245
-1
3
200.448
174.528
0.000518437
53.568
153.638
-1
3
231.552
478.656
0.000807672
53.568
96.2635
-1
3
290.304
516.672
0.000717197
53.568
153.646
-1
3
212.544
482.112
0.000646606
53.568
14.3493
-1
3
266.112
330.048
0.000474259
53.568
-113.998
-1
3
171.072
374.976
0.000634799
53.568
-9.01932
-1
3
288.576
255.744
0.000901756
53.568
-114.74
-1
3
212.544
528.768
0.000506537
53.568
-117.366
-1
3
176.256
373.248
0.000729094
53.568
-19.5731
-1
3
271.296
298.944
0.000666718
53.568
-160.769
-1
3
200.448
495.936
0.000855514
53.568
179.517
-1
3
193.536
233.28
0.000639112
53.568
-34.3594
-1
4
290.304
257.126
0.00116387
64.2816
-94.3987
-1
4
306.893
257.126
0.00130672
64.2816
-35.1455
-1
4
288.23
261.274
0.0014488
64.2816
-61.9275
-1
4
296.525
279.936
0.000775881
64.2816
-32.504
-1
4
271.642
300.672
0.000744122
64.2816
-150.99
-1
4
221.875
505.958
0.000704022
64.2816
173.758
-1
4
213.581
489.37
0.000901975
64.2816
166.734
-1
4
219.802
483.149
0.000545085
64.2816
163.846
-1
4
228.096
481.075
0.000671613
64.2816
159.877
-1
4
232.243
479.002
0.000385029
64.2816
-119.302
-1
4
213.581
528.768
0.000435763
64.2816
-179.157
-1
4
226.022
491.443
0.000361141
64.2816
150.13
-1
4
217.728
337.997
0.000361536
64.2816
-49.56
-1
5
271.227
298.598
0.000645216
77.1379
197
64
3
210
72
170
191
176
10
8
38
91
16
74
172
27
36
21
102
214
5
176
192
66
129
112
64
128
232
25
191
32
169
33
180
36
148
176
115
80
1
225
198
74
26
12
208
148
192
77
152
61
24
5
100
1
159
73
16
242
51
156
88
86
38
249
5
6
228
1
221
148
131
80
48
125
130
71
200
121
129
5
226
245
3
96
192
39
154
113
70
184
12
39
88
12
33
71
87
36
85
186
82
56
169
116
212
84
24
142
193
64
209
79
153
172
24
5
240
29
156
73
16
242
51
189
72
87
32
250
174
190
101
129
255
253
133
121
188
125
190
127
255
125
248
229
251
245
103
96
244
102
186
116
127
255
53
51
254
223
115
239
215
108
87
186
82
114
233
116
245
93
122
47
213
6
244
109
153
172
152
13
242
29
159
73
16
242
51
189
90
95
36
250
210
255
146
63
85
34
14
155
67
171
185
170
162
130
6
27
237
135
60
223
11
141
65
11
198
215
251
109
19
40
160
48
218
181
188
179
41
44
38
103
32
74
43
105
191
29
21
188
84
250
48
151
37
226
116
235
192
187
149
83
28
113
144
34
253
46
101
161
252
191
167
248
232
125
218
119
237
127
216
96
194
205
207
100
253
69
138
252
78
252
29
183
254
10
123
159
87
101
93
187
92
250
237
156
93
84
26
182
197
3
252
81
138
61
9
32
241
189
143
73
108
124
19
172
202
151
36
252
5
128
128
8
200
200
130
68
1
32
138
4
208
68
43
33
201
32
3
0
192
33
90
64
68
212
28
4
128
142
11
66
133
6
67
138
16
34
109
10
32
20
4
34
85
80
181
97
145
44
24
4
176
29
28
1
16
0
34
181
8
71
32
234
211
156
146
87
233
192
218
141
58
185
4
79
174
225
3
25
127
135
188
19
206
175
239
104
226
223
251
126
218
43
195
118
223
167
49
117
114
137
254
118
81
92
168
250
233
28
217
55
137
206
88
37
244
190
156
235
89
252
180
63
28
117
145
254
211
158
146
87
239
194
130
136
58
57
2
79
166
222
34
25
127
179
188
146
204
175
27
109
194
222
121
110
150
67
195
119
159
167
81
53
115
201
238
102
97
93
106
127
205
92
253
247
220
222
24
37
246
231
152
235
19
252
182
55
144
117
148
90
205
95
102
116
53
43
52
82
33
129
175
227
194
157
224
15
169
249
39
223
55
174
81
115
69
127
209
120
112
6
162
17
218
48
240
170
64
56
233
85
120
60
58
167
237
97
247
110
136
167
48
5
240
61
218
64
50
179
55
183
24
115
165
74
132
202
20
137
232
216
166
245
11
251
42
201
128
55
207
160
239
202
169
104
204
1
238
120
73
93
57
106
149
2
35
79
213
80
93
2
81
240
233
38
101
28
40
55
245
148
252
49
152
205
28
37
244
13
158
73
0
218
34
165
80
87
32
254
144
40
147
23
32
200
48
166
203
161
95
157
22
183
155
186
191
2
224
75
143
143
231
133
217
93
212
250
35
171
206
110
149
181
97
22
133
139
234
79
41
25
165
99
173
52
47
172
209
194
235
251
180
10
48
236
105
123
145
97
57
101
5
78
131
202
64
42
255
152
7
8
175
19
41
202
174
63
108
29
137
229
44
185
192
86
25
101
71
213
25
55
190
58
3
65
150
204
219
10
104
24
237
35
100
92
40
249
149
88
244
33
210
157
16
0
231
165
234
191
40
214
146
53
80
209
124
90
98
5
161
59
0
196
7
65
133
198
11
6
145
132
155
22
139
1
34
70
10
55
210
69
93
213
157
45
2
170
18
8
7
7
101
139
128
40
111
74
32
96
52
225
39
92
61
55
95
136
56
41
179
80
60
178
64
42
89
241
41
7
121
226
243
221
154
142
103
222
21
11
47
65
61
202
190
191
110
156
253
179
60
221
6
87
211
99
243
215
217
124
55
178
198
33
134
125
67
148
195
72
238
104
32
159
57
225
157
24
245
174
215
130
129
156
176
69
250
255
121
247
112
61
16
209
156
90
8
8
138
159
202
77
208
167
29
244
94
15
145
244
123
168
141
17
225
162
204
157
207
211
91
76
148
34
192
195
31
222
231
32
67
112
87
67
232
40
240
61
84
38
93
150
229
107
157
136
137
5
215
31
153
72
19
226
59
189
65
79
2
254
122
9
171
62
6
198
93
7
199
134
29
128
89
140
63
94
157
51
50
221
162
87
83
7
221
213
189
189
2
178
86
168
7
188
163
143
203
12
234
75
40
201
53
233
151
124
53
46
119
170
169
203
163
17
116
182
121
35
89
249
33
137
88
226
81
51
213
214
248
130
15
120
226
5
3
115
167
243
128
16
118
199
12
36
202
13
131
101
138
138
234
31
150
8
192
45
82
37
124
159
0
190
7
214
197
64
9
6
233
8
200
151
192
37
80
176
32
186
143
235
64
126
18
12
72
4
49
56
6
4
136
35
200
212
130
5
33
98
10
4
16
38
43
32
137
32
1
192
193
81
95
8
86
213
24
37
130
142
27
66
5
132
67
10
56
64
109
10
32
16
12
41
85
84
54
161
89
108
8
4
151
17
80
56
26
96
2
180
8
211
120
226
31
252
93
43
159
249
245
120
219
190
252
253
236
47
205
248
235
150
163
50
229
114
139
252
237
253
97
251
127
79
235
127
223
236
221
190
126
187
233
127
123
222
235
47
84
179
244
103
187
254
25
5
252
157
220
77
62
178
191
249
152
223
38
214
105
238
207
123
254
255
251
152
249
191
106
205
221
119
253
235
203
253
251
107
252
119
94
253
73
255
191
183
95
83
51
254
215
141
207
49
123
251
253
118
254
92
106
47
215
247
247
115
189
236
24
5
245
189
157
217
20
254
179
189
218
215
122
255
208
11
146
87
232
202
70
161
11
49
14
71
130
247
74
176
231
131
156
7
206
173
43
192
219
94
156
110
128
139
139
38
7
179
97
49
16
139
238
206
209
52
128
246
173
10
173
163
129
64
105
113
181
79
155
227
87
121
18
37
64
37
17
204
220
255
219
253
54
117
248
243
91
255
121
255
214
210
251
122
178
223
188
111
79
189
70
219
239
203
179
251
199
107
190
63
247
53
61
251
255
125
249
245
242
78
251
126
251
150
219
127
157
173
30
215
250
31
156
73
212
243
59
223
93
126
99
183
3
202
132
233
200
216
166
0
41
49
42
207
140
117
78
185
133
75
169
162
198
109
10
104
111
70
1
118
189
39
139
71
151
211
89
0
33
202
254
162
103
62
10
97
245
26
255
35
144
208
8
32
245
229
155
171
27
207
18
167
80
115
23
236
85
52
84
26
29
43
37
126
226
36
172
49
44
143
140
195
227
244
3
96
225
130
169
167
66
41
108
13
121
8
97
104
88
38
148
190
2
48
5
212
62
194
26
7
68
115
100
204
144
36
94
4
32
24
135
9
152
48
43
184
24
6
36
240
252
59
243
253
122
127
253
247
222
191
123
155
215
198
219
250
251
215
251
111
255
173
199
159
159
223
183
239
66
239
246
254
103
45
101
191
222
126
233
117
248
92
241
63
255
166
151
127
191
172
24
195
240
29
157
89
196
242
115
253
124
87
33
246
52
51
245
149
48
197
61
117
195
228
215
17
213
49
155
82
191
200
226
107
191
41
66
194
221
121
245
248
32
172
215
239
79
16
101
174
156
184
234
95
60
25
161
167
167
160
181
111
186
234
169
107
178
24
56
84
44
83
83
225
235
167
109
238
64
201
138
155
67
203
90
231
27
130
15
140
16
164
109
234
203
17
56
142
15
185
229
3
121
65
170
12
65
142
152
48
232
39
101
219
66
103
199
124
178
254
52
46
31
158
1
174
149
40
118
5
57
93
133
202
209
235
40
61
89
96
34
163
165
134
230
1
253
180
131
241
180
125
134
83
206
121
131
5
234
245
39
98
208
39
154
121
110
187
53
39
254
29
33
127
215
100
84
186
82
48
233
116
117
84
26
143
209
0
209
79
153
172
24
5
240
29
156
73
16
242
51
189
88
87
32
250
24
41
145
126
0
235
254
39
89
136
95
21
112
70
153
178
255
138
193
206
167
57
71
151
217
76
230
204
64
198
190
224
111
26
97
180
29
10
200
72
56
21
181
102
102
167
39
110
187
234
233
199
242
13
56
193
71
235
31
225
33
43
225
70
42
6
108
138
39
151
155
37
55
222
22
21
29
63
57
228
208
246
64
168
208
82
213
52
89
160
172
20
126
216
125
251
229
108
87
176
246
114
129
124
212
93
24
142
80
134
192
76
153
44
156
9
178
29
157
89
16
226
59
188
90
134
42
241
211
154
146
71
207
202
199
138
58
49
14
79
174
223
102
57
111
183
61
146
236
143
11
109
162
255
121
110
190
3
195
103
159
231
81
85
115
201
238
110
97
93
106
115
205
89
253
165
221
214
24
53
244
231
152
227
51
252
180
63
144
117
148
94
7
2
128
0
29
224
12
86
32
42
138
7
192
5
130
35
235
69
33
64
193
5
202
121
68
204
184
39
82
14
35
66
87
36
85
186
82
56
233
116
112
84
56
47
213
20
245
111
153
172
24
5
240
29
156
73
16
242
51
189
88
87
32
250
7
134
205
137
221
216
135
88
41
127
136
206
137
45
46
1
137
109
33
48
192
117
90
105
68
213
25
38
56
10
35
67
215
192
215
42
80
120
233
34
100
92
40
173
213
80
245
107
152
172
24
5
240
29
220
73
24
242
51
189
216
215
104
122
35
150
76
34
189
176
139
24
164
127
128
98
173
11
36
5
128
117
0
49
224
118
218
105
68
176
129
55
62
57
97
67
151
196
222
32
242
56
32
43
228
78
42
137
209
81
208
75
16
190
24
5
100
129
223
1
56
178
182
157
130
215
44
123
211
16
144
54
205
130
27
12
66
33
19
67
166
72
2
16
118
179
0
146
202
47
195
111
134
138
242
110
146
32
197
111
23
165
16
53
32
72
98
207
193
64
141
75
233
24
249
15
208
198
24
5
100
50
28
227
73
51
178
179
144
55
144
109
120
9
174
218
3
95
80
231
31
194
23
22
17
228
251
206
203
16
112
14
22
189
197
131
91
2
146
8
64
204
30
56
106
6
69
234
18
110
215
88
176
245
181
38
22
142
65
238
151
40
51
213
27
29
197
90
81
96
105
121
77
56
201
242
92
40
155
125
32
225
248
231
25
184
70
157
80
148
171
234
171
216
153
75
143
57
238
155
45
10
134
198
69
69
63
238
117
147
125
41
53
247
205
54
217
53
215
102
107
135
11
242
157
104
127
247
245
93
181
72
215
202
171
235
73
47
163
247
245
254
101
33
220
190
167
120
233
93
242
123
239
123
208
4
194
237
143
101
253
69
138
252
79
254
29
183
190
26
107
159
215
101
220
187
92
186
173
188
205
84
26
151
193
43
252
81
138
53
9
40
209
191
143
9
108
252
19
168
202
215
36
124
211
222
158
87
235
219
214
128
58
57
46
75
190
255
110
185
109
179
189
178
205
239
27
124
243
127
125
126
236
83
195
118
223
235
65
117
123
153
254
106
125
29
106
63
221
112
191
245
189
205
24
5
244
111
152
235
55
253
182
53
246
113
144
206
92
41
155
253
34
243
248
231
25
186
70
149
81
148
187
226
139
216
217
75
143
57
238
155
45
10
166
198
69
197
61
238
117
147
117
41
53
247
221
86
152
53
213
70
106
135
11
250
159
104
127
247
247
93
181
76
199
203
171
235
73
46
131
247
82
225
154
158
67
67
94
175
67
130
61
178
50
134
39
90
61
19
48
148
3
149
193
3
226
85
249
109
131
170
142
32
152
21
1
203
10
76
194
80
50
139
165
105
181
28
180
44
215
170
3
199
58
65
112
203
81
59
56
113
57
120
208
66
12
235
2
252
55
57
108
123
29
186
250
177
96
194
205
234
131
92
167
83
197
44
129
83
77
15
131
129
81
70
60
218
250
34
85
186
117
122
225
245
250
126
179
47
246
23
183
107
152
174
24
5
242
29
157
8
2
226
55
191
88
118
161
49
101
166
229
27
216
150
135
68
224
191
0
59
201
107
147
69
139
101
171
34
249
103
90
205
88
243
156
39
10
153
1
78
199
138
71
51
124
184
109
126
108
124
106
175
213
112
181
99
56
236
24
9
245
25
156
67
38
238
147
181
218
215
104
254
211
20
144
54
205
130
11
8
66
37
3
67
166
73
2
17
118
231
4
4
202
45
131
111
198
138
250
79
146
40
193
109
23
165
16
31
32
8
102
207
69
64
8
75
233
8
233
15
192
134
24
4
100
34
28
227
73
58
50
177
144
5
16
104
221
233
111
193
182
125
117
254
189
213
254
219
95
189
222
238
235
220
127
109
60
192
164
176
111
239
29
185
253
14
58
185
240
102
116
250
70
119
149
252
214
214
56
63
220
34
92
132
139
37
87
148
88
31
135
12
152
244
41
124
92
22
34
184
209
255
19
117
232
250
243
248
217
189
254
223
226
85
202
184
231
143
191
15
238
175
174
220
235
255
95
230
205
35
203
62
191
211
105
85
117
147
254
175
219
60
171
246
253
43
191
179
239
219
111
243
221
231
139
227
103
221
212
107
246
119
215
156
68
137
130
153
65
195
132
207
45
193
1
202
146
236
163
79
137
117
33
103
142
7
210
99
71
223
153
39
16
10
18
3
215
37
87
186
18
124
237
52
112
124
56
47
221
28
245
235
25
172
24
21
241
29
156
74
16
226
51
189
88
85
32
250
39
253
255
92
53
186
221
90
167
135
173
250
239
251
164
95
139
245
34
115
166
111
82
103
71
247
243
63
114
42
70
105
151
70
215
154
66
120
251
117
116
124
56
109
245
80
245
111
153
174
24
5
240
29
220
77
56
178
51
191
120
215
165
218
205
114
86
120
253
50
47
218
48
59
232
187
6
203
198
91
227
221
189
108
105
133
172
56
70
223
251
231
217
8
32
125
112
3
156
251
117
244
37
245
126
202
58
31
91
155
78
212
76
165
86
52
73
254
143
203
208
188
37
158
92
86
50
177
66
193
137
154
7
3
75
15
135
162
177
136
51
192
52
91
192
85
32
87
10
181
224
3
76
131
163
13
19
136
28
104
194
38
150
155
10
108
67
210
50
234
52
105
147
28
33
46
21
172
16
4
34
24
52
82
145
178
49
185
25
84
34
179
42
18
64
162
223
24
131
12
62
120
22
117
61
63
106
245
98
214
1
48
192
0
137
112
46
136
40
3
254
73
25
111
21
228
85
242
119
82
13
212
193
213
74
24
64
134
96
197
129
53
94
4
180
7
143
105
16
112
42
60
72
15
36
248
122
249
219
91
246
219
223
88
255
131
141
232
253
86
253
217
159
247
58
118
134
119
82
71
231
215
247
125
87
107
86
40
151
92
207
143
202
121
250
115
58
223
117
109
181
252
181
63
215
190
138
71
186
181
220
251
17
254
122
191
121
221
255
242
244
45
239
148
96
79
95
227
15
71
95
22
219
229
214
110
147
65
124
103
30
205
160
162
95
214
191
61
192
186
62
41
66
53
36
251
130
127
214
220
80
232
181
191
175
28
229
60
135
164
18
211
73
95
20
30
216
126
113
121
76
20
57
186
12
134
16
134
170
221
152
1
42
120
3
69
144
18
121
113
100
218
5
96
192
32
128
112
72
152
161
74
84
10
179
115
215
52
85
178
83
90
233
116
208
92
24
14
208
4
240
111
153
172
24
5
244
29
156
73
16
242
51
189
88
87
32
251
210
221
154
215
229
66
222
131
90
241
53
251
166
210
6
26
127
147
60
151
79
173
227
67
227
223
243
111
210
43
198
55
215
39
116
251
82
93
254
245
112
92
185
127
185
28
253
111
221
174
24
213
240
127
156
203
81
255
49
63
92
117
145
250
202
73
136
190
35
75
60
135
1
160
125
132
18
164
38
186
109
154
37
209
1
128
229
50
1
79
241
72
65
38
166
96
248
52
113
120
67
72
224
224
114
158
60
43
214
23
231
108
153
234
90
5
240
29
176
73
147
243
49
180
25
114
2
202
208
43
147
214
232
74
66
226
75
1
95
87
214
247
218
176
247
131
188
38
70
141
137
195
203
214
89
254
166
170
154
60
146
247
97
82
12
218
254
206
133
53
201
119
173
14
253
165
199
69
225
242
159
71
11
235
101
93
16
97
64
45
209
92
56
23
245
246
55
107
125
127
117
88
214
113
125
113
128
86
255
222
225
115
246
108
193
243
204
127
243
254
122
102
253
233
95
114
117
180
247
120
248
117
125
221
191
111
229
5
247
111
154
166
25
71
226
28
158
77
15
179
119
219
90
55
165
254
2
209
8
138
55
80
144
31
67
128
181
224
32
18
4
147
9
6
0
153
1
48
101
2
97
129
192
9
19
40
0
96
140
36
144
138
74
88
136
177
178
155
48
33
144
21
16
108
19
186
143
5
48
1
240
88
16
179
62
220
24
83
102
91
163
245
105
186
23
38
89
10
231
78
177
184
111
138
36
127
226
244
39
245
3
166
49
39
68
139
227
9
83
26
120
121
242
46
150
186
74
124
65
244
210
202
60
9
210
84
96
238
153
172
18
4
104
24
164
65
144
178
35
188
92
86
34
185
120
0
157
187
10
181
58
45
85
250
82
21
61
162
59
86
126
222
193
98
248
113
207
59
25
136
160
142
90
209
53
239
71
132
87
48
247
200
224
98
56
69
117
46
87
133
67
107
155
232
152
5
246
29
156
89
8
242
187
249
219
7
40
246
29
150
100
141
175
121
176
180
56
84
223
21
92
61
43
228
237
248
65
240
241
64
167
176
104
41
16
216
253
23
255
231
221
124
81
154
91
82
169
94
61
29
88
22
68
165
246
108
153
236
207
13
240
31
146
73
58
211
43
148
88
11
36
216
197
204
130
57
221
226
175
218
153
171
200
235
162
143
207
15
137
45
183
87
236
135
90
77
67
255
159
167
209
3
35
86
203
155
205
33
49
173
237
37
104
124
58
171
223
121
63
241
120
206
56
49
213
255
92
162
82
168
183
187
188
215
145
42
60
34
101
169
184
253
163
125
220
188
210
53
81
55
217
224
203
204
195
96
245
32
142
244
77
188
4
129
108
206
49
222
221
36
85
186
84
114
233
52
253
84
25
38
68
167
240
107
155
44
29
1
240
29
157
73
4
226
59
188
72
71
32
246
203
222
6
119
239
248
222
129
58
57
42
75
190
127
110
189
109
171
173
147
253
175
59
252
211
127
247
242
236
119
231
118
223
251
75
117
255
137
250
106
109
28
106
255
213
113
191
113
169
207
24
79
244
207
216
233
55
213
215
55
246
115
144
78
98
5
163
43
192
198
166
193
65
198
11
2
208
132
27
2
139
1
34
68
10
149
83
69
92
213
157
37
2
166
18
16
6
4
3
139
128
40
108
8
32
96
52
225
39
88
52
48
91
136
32
59
147
80
48
178
65
107
25
33
0
129
88
98
150
40
147
167
0
72
184
164
219
161
95
253
55
166
154
242
255
10
160
201
137
128
231
12
249
221
244
251
99
171
207
238
149
188
97
86
61
139
232
94
73
29
229
32
174
21
62
44
251
194
235
179
244
7
48
124
238
83
148
96
189
29
64
206
21
242
85
13
248
216
134
244
11
49
43
28
196
55
203
160
235
198
168
40
201
32
142
216
201
85
57
107
165
14
131
30
213
132
85
26
80
241
233
102
37
28
40
55
117
132
252
49
152
205
77
37
180
157
146
105
0
242
18
165
88
71
36
254
5
4
1
1
200
200
130
68
9
32
10
68
144
68
171
33
139
33
0
0
192
33
26
64
86
212
28
6
128
138
11
70
135
164
67
26
16
162
77
14
1
52
4
34
69
84
173
35
17
44
24
36
177
25
28
3
16
2
18
165
0
71
34
106
214
251
155
251
53
50
220
158
67
171
185
186
34
130
135
91
235
199
60
223
11
149
229
27
198
215
251
107
147
40
162
59
250
134
188
251
123
124
39
245
98
74
179
121
159
29
17
156
90
191
54
213
80
186
245
227
208
184
181
95
29
112
240
51
76
43
139
120
51
187
124
123
153
186
234
179
210
208
233
203
130
93
227
75
207
62
192
211
77
14
135
132
80
68
60
200
251
6
244
186
84
126
225
245
250
127
179
39
246
167
7
75
154
173
56
21
114
29
159
8
16
226
51
255
73
86
165
240
51
252
253
11
191
249
157
56
219
190
220
253
236
31
205
252
251
214
131
152
245
70
203
253
237
252
100
43
95
91
235
111
221
236
205
182
126
59
233
125
123
220
107
174
84
177
180
111
187
190
25
133
252
29
220
65
54
242
190
249
250
223
34
246
185
38
101
163
222
189
167
120
248
85
214
119
237
61
216
196
202
213
95
100
248
97
170
244
125
252
29
183
254
19
59
159
85
109
84
186
94
115
173
28
221
85
26
159
193
33
252
17
155
189
25
12
209
189
143
9
104
116
51
189
202
151
36
254
211
216
146
119
237
232
223
136
58
33
175
203
174
93
102
185
127
179
60
211
238
175
43
108
231
223
249
122
247
35
199
119
151
229
113
85
115
129
254
111
97
92
104
115
237
89
255
53
205
210
88
37
252
230
152
227
49
189
180
47
180
117
149
78
92
57
151
117
34
227
254
119
65
128
223
21
80
212
155
226
189
139
91
207
23
41
71
147
201
74
230
204
64
132
188
168
111
63
97
191
159
42
218
85
24
53
149
102
239
175
167
110
159
234
239
199
240
125
16
201
199
251
91
243
105
34
225
230
7
134
197
129
221
248
135
88
40
127
10
78
136
45
43
1
137
109
161
32
192
101
90
104
69
212
25
38
56
2
3
67
215
192
209
40
48
232
233
34
100
28
42
169
213
16
245
97
152
172
24
5
245
29
220
9
24
162
147
181
200
215
100
122
169
206
109
203
191
253
145
121
188
93
30
223
175
127
252
237
227
245
111
105
244
70
186
117
127
254
21
51
255
91
115
111
215
100
85
186
82
123
233
252
211
92
58
191
209
18
244
109
153
173
28
13
240
29
159
73
48
242
51
189
90
87
38
251
194
137
130
87
232
202
218
1
59
57
7
79
130
117
78
184
44
131
188
167
206
45
107
203
235
86
154
118
140
163
139
38
151
243
104
81
123
143
254
162
209
188
137
247
169
14
253
51
193
192
72
243
253
103
27
171
87
95
178
37
64
53
147
238
92
186
251
237
112
243
242
246
25
152
206
189
66
148
203
234
235
205
187
78
229
13
238
155
239
72
42
197
77
69
186
254
245
3
125
251
52
247
205
180
219
28
154
22
123
143
75
226
253
124
126
245
241
127
157
72
214
206
47
236
89
14
51
245
46
69
56
190
19
37
125
79
133
74
161
176
49
74
164
87
146
52
2
83
51
58
240
6
84
139
227
9
83
184
60
160
66
28
14
158
131
108
3
221
42
234
52
201
242
85
129
78
25
166
50
5
106
24
116
16
144
178
121
187
61
214
171
163
252
58
255
245
62
127
253
247
223
255
123
155
223
210
219
218
255
215
123
107
253
157
231
159
143
223
247
255
79
223
246
254
103
45
119
255
222
126
233
117
248
92
243
63
255
166
215
127
159
172
28
131
240
29
157
89
212
242
51
253
127
87
32
254
12
43
170
241
170
253
248
181
93
250
82
55
208
70
187
224
24
9
193
130
255
61
79
219
153
90
150
164
64
247
191
198
79
154
207
33
189
207
250
1
248
53
215
100
103
165
163
123
191
206
169
251
215
205
88
240
71
75
223
227
171
171
233
102
171
158
109
130
255
253
129
25
188
93
46
71
191
127
124
229
235
245
101
33
244
70
186
117
127
255
21
51
254
90
51
107
215
100
87
186
82
122
233
244
213
93
58
47
213
22
244
109
153
172
24
13
240
29
159
73
16
242
51
189
90
87
36
250
221
242
215
109
249
50
175
254
176
187
232
187
71
131
135
91
242
205
191
111
105
129
174
56
198
201
251
239
221
13
96
190
121
33
60
255
116
181
37
245
90
78
26
30
251
139
72
212
172
45
126
181
105
254
143
203
212
252
165
156
92
70
50
177
1
134
196
3
156
148
129
80
48
93
2
67
136
57
129
5
194
229
33
32
192
6
90
113
70
184
21
34
94
10
33
67
215
36
87
186
82
56
233
116
244
84
56
143
209
80
240
111
153
172
24
1
240
29
156
73
16
242
51
189
88
87
32
250
147
222
222
207
255
255
215
16
59
253
60
201
142
121
100
157
125
247
188
187
212
125
255
121
225
119
105
126
125
115
213
119
159
243
184
69
255
217
254
163
119
159
235
117
157
146
125
243
230
219
143
239
252
229
251
239
127
223
254
79
211
249
159
223
131
207
0
42
197
218
7
8
169
27
42
202
138
13
76
141
137
101
45
45
4
6
48
112
69
215
25
37
151
10
34
17
210
38
223
139
96
60
237
32
101
124
56
185
151
88
116
176
64
145
16
0
201
101
174
170
16
192
32
53
68
85
48
58
192
138
128
241
200
168
166
64
41
57
74
79
130
117
72
161
132
73
173
163
206
109
10
217
75
94
27
246
172
39
171
71
23
211
88
1
53
203
254
162
197
52
138
97
229
10
255
51
216
216
8
115
213
229
25
170
79
207
150
167
64
115
209
108
5
253
255
92
53
234
93
90
163
135
173
250
239
237
132
75
171
229
34
111
166
111
194
99
69
247
179
63
115
42
70
105
215
52
245
186
194
60
251
125
116
254
57
111
183
16
245
111
144
174
56
7
224
29
156
69
56
178
51
191
120
213
165
250
59
252
253
14
62
253
221
127
255
60
220
253
109
63
220
221
255
246
194
56
245
70
211
255
253
252
228
223
127
125
253
238
223
108
207
182
254
58
249
117
123
223
123
175
244
243
245
111
185
182
137
11
240
29
159
77
62
243
191
189
250
79
46
254
190
249
251
125
50
81
216
231
219
153
223
255
247
244
251
250
255
146
86
155
69
188
103
214
253
142
246
219
71
255
190
186
231
60
109
254
254
127
201
245
219
93
245
126
250
119
163
111
189
175
15
199
250
31
156
73
22
243
63
253
127
95
98
251
209
205
148
87
232
138
218
32
59
61
23
79
142
117
78
152
174
131
156
175
206
45
171
235
235
94
190
118
172
35
139
38
151
243
104
81
103
143
254
170
209
190
137
214
169
10
253
19
193
193
79
243
205
103
155
175
95
95
50
109
84
53
147
191
197
143
131
153
0
66
164
199
9
195
41
202
130
133
139
139
137
77
33
103
14
133
198
67
79
215
153
36
17
2
34
9
214
22
113
138
16
108
237
32
112
60
56
39
159
28
117
170
89
168
56
21
209
93
156
8
16
202
49
189
72
85
0
250
146
218
94
207
255
216
222
128
127
157
60
201
190
123
125
217
253
211
60
187
135
125
175
125
237
215
123
127
127
123
213
55
183
239
184
85
126
221
254
179
247
223
235
125
155
158
89
179
197
217
22
229
189
229
171
239
83
223
186
79
209
121
150
191
51
214
124
166
60
188
153
17
50
94
22
197
140
59
84
21
246
246
5
233
208
96
145
115
233
156
161
95
126
27
241
107
215
100
213
178
211
122
169
117
208
92
58
175
208
0
244
111
153
173
24
13
240
29
158
73
16
242
51
189
90
87
46
251
179
54
101
163
252
188
167
121
249
93
242
115
237
57
216
69
234
229
111
113
248
65
154
252
125
253
29
183
254
27
105
143
69
108
220
154
222
57
173
28
253
84
58
159
193
33
252
17
154
181
25
8
240
189
143
41
96
118
51
188
202
151
44
254
27
186
79
139
191
249
145
120
222
191
222
125
253
62
233
240
251
212
67
56
229
84
139
253
173
244
120
183
126
75
127
255
221
236
221
190
126
123
233
62
253
85
79
46
85
167
244
113
187
61
25
5
242
149
220
89
36
242
190
252
217
159
100
214
45
54
117
162
248
188
39
80
244
124
66
99
205
123
156
5
242
239
227
96
245
102
27
247
210
124
181
183
110
144
225
199
215
44
71
182
121
152
233
124
108
92
58
167
213
97
247
79
184
172
136
8
240
29
154
73
54
242
19
181
218
215
44
250
120
170
199
235
204
255
171
57
252
255
90
157
173
103
89
172
91
207
233
106
252
101
219
253
217
221
59
166
78
211
51
223
199
163
223
49
125
248
237
98
108
92
98
175
87
149
127
115
190
204
24
33
247
173
156
217
70
254
151
189
218
87
120
118
108
234
162
41
221
246
174
217
157
187
202
175
195
143
217
143
137
109
255
90
253
135
30
221
71
125
31
167
208
23
35
214
75
139
207
33
181
189
109
55
104
100
50
191
95
249
62
241
104
221
184
57
213
255
204
176
214
136
199
183
174
67
60
54
58
250
221
238
62
249
93
62
247
60
125
249
125
63
124
217
255
246
226
185
245
116
65
247
233
127
229
251
111
241
253
239
223
120
119
180
255
88
248
125
127
223
127
47
244
49
247
111
185
182
137
3
242
29
159
93
62
247
55
253
251
223
102
254
237
44
111
33
222
191
243
248
253
253
214
127
223
57
217
68
138
125
255
107
252
87
154
253
123
122
29
182
252
215
123
223
79
107
197
121
215
187
253
60
252
245
251
151
65
33
122
241
63
221
153
168
217
253
140
20
110
236
255
249
202
159
44
254
250
217
218
223
39
91
220
175
95
251
61
250
63
242
126
250
255
151
60
191
14
157
231
55
175
215
243
59
211
251
246
59
211
39
53
255
222
125
250
245
114
223
245
125
191
30
245
190
223
174
30
215
248
31
180
255
209
247
121
127
93
125
147
251
12
169
222
125
56
249
242
116
25
156
70
213
192
86
219
224
139
73
219
107
231
45
207
219
105
126
22
166
76
71
59
198
87
83
253
161
53
255
253
53
121
53
251
102
111
165
127
243
191
124
43
247
245
237
24
76
87
203
63
227
65
43
229
230
252
249
255
221
54
245
249
255
223
159
213
188
127
208
183
250
254
212
114
111
63
188
230
151
237
171
246
217
67
254
254
184
242
62
53
254
222
127
210
245
218
107
181
126
250
180
129
62
159
174
127
199
248
29
148
93
145
243
121
223
125
118
163
251
3
134
68
34
29
176
7
24
160
126
0
66
136
57
36
5
136
125
129
48
224
102
90
121
64
176
17
54
62
0
33
67
151
192
219
32
113
136
40
43
100
76
42
169
213
80
244
75
16
188
24
4
228
1
222
4
56
162
183
157
194
215
44
122
59
214
124
166
63
189
157
26
54
124
87
213
61
63
116
85
254
246
69
121
240
118
144
115
105
188
225
95
126
91
245
235
215
100
215
190
211
120
169
117
116
221
58
47
212
20
244
111
153
173
24
5
240
29
158
77
56
242
51
189
90
87
36
250
242
221
154
119
119
90
220
143
91
187
61
250
190
210
70
218
127
151
60
159
15
141
231
87
239
215
243
127
211
43
230
58
151
39
52
255
122
125
250
245
82
222
185
125
187
28
245
239
221
174
26
215
248
63
188
203
81
243
49
127
93
117
145
250
115
217
155
218
246
223
93
14
239
6
45
200
159
222
124
249
255
247
56
102
6
119
82
103
227
247
247
125
23
186
222
41
150
92
223
143
202
93
250
121
50
219
181
105
181
220
181
62
215
158
144
71
162
161
214
243
49
246
120
63
113
221
223
242
25
21
253
116
54
107
121
126
243
28
215
209
126
233
6
82
253
222
226
243
246
127
227
183
233
59
247
248
120
100
246
233
223
58
177
180
159
104
250
117
120
221
191
111
229
53
247
110
187
162
11
71
240
29
28
77
63
179
127
251
59
183
165
234
104
234
207
235
254
255
171
57
253
255
74
207
173
119
253
233
219
239
249
107
252
117
91
253
201
255
63
166
79
211
51
223
215
227
223
49
127
251
253
118
252
92
106
175
213
183
255
115
188
204
24
33
245
173
157
249
86
254
151
189
218
215
122
254
2
210
0
162
175
176
130
9
38
88
0
67
172
59
36
21
100
150
5
144
192
96
129
112
64
136
104
11
190
32
169
97
180
164
80
176
115
80
1
224
198
78
26
12
208
5
208
77
152
45
24
4
116
0
207
73
16
242
55
156
80
87
38
89
45
180
255
41
184
245
179
252
253
255
196
253
207
57
183
79
218
253
219
105
249
83
254
253
125
57
60
183
125
213
121
239
221
204
143
255
215
189
61
62
220
206
122
158
83
241
90
241
63
124
62
57
249
189
158
84
184
252
171
140
223
159
42
247
131
20
68
162
143
40
129
8
54
80
150
103
44
59
32
53
102
182
5
176
192
66
137
112
100
136
104
11
254
65
201
103
157
228
80
48
115
66
9
212
197
213
26
8
64
7
224
77
137
52
24
4
244
6
207
73
24
112
166
188
16
23
36
89
198
105
171
213
98
71
95
235
133
231
121
154
147
230
150
110
129
93
60
103
14
189
230
2
95
215
159
57
193
170
62
25
98
21
20
235
130
109
210
211
18
232
181
121
191
28
229
60
95
168
50
247
73
91
52
186
209
238
121
121
77
20
89
178
52
51
247
157
48
197
157
101
203
198
155
148
85
36
153
242
191
192
98
43
151
48
70
207
221
117
183
121
0
190
215
107
71
20
109
142
136
184
234
95
52
88
165
167
167
160
181
62
147
170
169
107
178
25
52
84
168
115
82
97
249
197
105
246
7
150
16
166
57
184
168
0
34
90
2
101
164
19
232
17
102
130
5
193
193
32
1
80
193
156
225
75
86
42
161
115
215
36
85
178
113
90
169
116
192
92
24
13
208
5
246
111
152
173
24
5
240
29
158
73
16
242
51
180
88
87
32
122
250
201
139
223
39
83
220
143
215
163
189
250
191
226
39
90
255
147
48
215
14
159
231
7
215
215
243
47
67
187
150
106
151
46
7
255
90
109
250
112
114
95
181
105
159
92
181
239
223
174
26
199
240
29
252
219
17
243
49
121
61
117
210
251
35
221
235
30
23
14
93
10
167
70
169
234
175
203
166
95
171
117
34
119
182
127
82
103
87
247
183
63
19
56
86
97
199
44
215
158
130
60
251
125
112
250
60
233
151
80
181
111
209
174
24
13
224
29
188
65
56
178
115
191
56
213
168
250
172
170
38
161
221
253
167
241
189
191
202
111
193
29
251
165
139
108
239
72
253
130
62
220
67
125
29
162
220
199
43
214
77
203
255
57
85
183
109
38
125
116
114
191
79
227
62
177
40
93
252
48
199
255
142
48
134
200
135
165
198
79
44
54
77
43
143
88
48
187
117
126
145
190
238
177
65
208
169
203
130
93
227
75
230
63
194
151
77
42
134
132
80
68
56
202
255
6
244
186
86
122
161
116
250
127
178
39
118
167
3
203
153
172
56
21
113
29
157
0
16
226
59
255
73
86
37
243
186
249
251
85
34
89
216
239
219
155
223
253
127
116
123
250
255
144
102
155
69
58
231
215
253
223
246
203
71
255
190
250
239
44
109
254
222
123
235
244
219
93
241
62
214
102
181
110
187
175
207
199
248
29
156
89
148
243
59
253
121
31
98
254
174
182
109
169
190
245
171
221
253
255
242
253
253
56
187
245
250
252
203
105
249
83
254
60
125
169
60
179
255
223
127
239
101
224
223
187
246
241
169
117
253
93
114
159
211
133
250
113
188
189
222
9
242
157
158
125
148
246
167
156
223
95
40
247
25
17
156
86
38
97
93
54
83
132
125
209
94
216
22
90
253
254
98
251
54
126
225
183
201
63
247
248
120
100
244
233
223
60
177
188
223
72
248
121
120
221
191
47
246
48
247
110
187
170
9
71
240
28
24
69
63
179
51
251
121
179
36
234
5
0
0
5
200
200
130
64
9
33
10
71
128
68
232
33
131
33
0
0
204
45
26
72
70
212
28
7
128
10
11
70
7
167
67
26
0
162
239
6
65
52
4
34
69
92
173
35
0
100
24
36
151
25
28
3
16
2
18
37
8
71
34
104
55
252
109
11
63
253
153
56
223
254
222
253
173
63
221
244
251
246
66
184
241
82
203
125
125
244
100
27
127
91
127
111
205
236
205
182
254
59
233
125
121
220
75
174
212
178
244
111
187
188
27
13
248
29
222
81
48
242
190
252
250
159
42
254
35
14
108
131
223
188
131
121
188
85
214
114
173
57
72
68
202
85
7
112
248
70
155
116
125
188
25
55
126
31
49
15
85
108
93
154
70
123
173
30
245
212
56
143
193
0
252
17
155
189
25
12
240
157
143
41
56
118
51
188
202
151
44
254
55
254
125
14
63
188
157
57
255
124
222
253
237
63
220
212
251
230
194
184
241
66
219
253
249
180
100
27
127
217
201
238
205
108
205
182
254
59
169
125
121
222
43
175
212
242
180
111
179
182
153
9
240
29
159
81
54
242
190
188
250
215
46
222
5
142
5
169
221
248
167
88
40
127
10
78
128
29
203
1
137
109
161
32
196
69
26
120
67
213
25
38
184
2
3
67
151
192
209
32
49
200
237
34
100
20
42
165
85
16
244
97
152
188
24
4
213
29
220
9
8
130
151
165
192
215
36
122
214
251
219
251
55
114
216
222
199
187
177
184
99
130
135
251
218
212
59
95
11
151
231
31
199
131
243
43
87
45
34
122
245
142
190
255
114
60
99
247
162
74
50
125
154
221
17
190
218
190
62
145
112
177
244
120
144
178
161
223
93
80
246
179
47
85
41
188
55
37
57
95
133
206
225
176
113
8
165
87
130
124
2
64
50
50
208
2
84
168
162
137
83
48
125
233
98
20
158
170
131
104
0
81
58
74
21
136
242
85
129
78
26
174
16
7
98
24
84
81
144
163
123
154
63
214
42
177
69
14
135
65
201
170
162
248
57
185
194
71
194
245
75
129
128
41
185
10
236
13
74
249
67
120
24
166
236
69
41
87
95
211
113
33
53
174
60
40
221
52
74
22
109
163
75
209
60
72
40
52
213
127
201
142
111
76
135
165
130
7
145
94
197
14
134
225
232
186
166
194
57
249
70
67
202
177
75
128
140
73
189
43
204
77
78
249
107
91
25
246
108
5
1
87
23
211
120
33
53
205
188
34
229
52
106
55
233
137
91
243
93
217
41
247
213
231
185
174
95
77
150
165
192
49
85
206
7
253
205
28
52
216
93
90
163
135
173
216
206
173
132
11
171
228
36
105
166
100
226
99
77
247
179
63
115
42
98
105
215
52
245
186
66
124
251
125
116
222
57
47
183
16
245
111
145
164
56
7
224
29
190
12
24
178
51
253
88
215
32
250
55
150
108
131
191
156
149
57
191
117
254
123
173
63
216
68
235
244
35
48
240
70
154
125
124
245
29
59
126
27
83
111
213
236
93
154
214
57
169
30
117
212
41
175
197
128
252
33
155
189
25
9
248
149
158
77
56
114
58
188
218
151
44
254
250
217
138
255
55
91
220
143
95
227
189
250
63
210
110
254
255
150
60
223
14
159
231
55
175
215
243
59
83
251
182
58
151
44
53
255
250
125
250
245
114
223
245
121
159
30
245
174
223
170
30
199
248
31
244
125
145
243
121
127
125
125
146
251
250
217
218
255
55
91
220
143
95
243
253
250
63
210
102
250
255
150
60
223
14
157
231
55
175
215
243
59
83
123
182
58
151
44
52
255
250
125
250
245
114
223
245
125
191
30
245
238
223
170
94
215
248
31
244
77
145
243
121
127
125
125
146
251
56
57
255
221
38
117
249
255
215
254
215
151
93
180
59
254
255
222
66
107
20
186
198
150
189
42
246
216
65
247
254
234
239
60
39
254
222
123
200
117
248
93
245
62
246
180
161
110
187
170
159
207
242
29
156
93
20
243
123
249
123
30
42
243
56
57
191
220
38
117
249
255
215
254
215
151
125
180
59
246
191
222
66
251
116
178
215
150
153
40
244
216
72
247
254
234
239
60
7
252
222
122
200
125
120
93
245
62
246
165
163
108
191
174
155
15
242
29
156
81
20
243
123
253
123
31
104
250
205
200
142
169
204
251
231
246
57
191
238
203
194
140
107
171
137
109
189
171
236
213
110
217
111
127
27
230
93
71
51
215
213
211
249
97
53
237
236
35
113
53
110
55
95
27
127
241
124
216
110
245
223
255
41
166
255
140
143
231
197
249
85
238
71
149
131
94
5
2
93
30
131
194
41
136
2
206
6
31
173
87
32
31
10
175
194
35
64
215
243
108
17
40
8
9
214
55
53
187
0
108
98
101
32
234
185
107
191
28
117
238
80
162
56
148
32
24
180
2
145
178
49
91
25
69
129
114
227
223
163
94
102
31
95
18
227
70
41
138
159
204
116
63
245
247
62
239
62
191
16
103
223
247
183
60
147
58
86
49
194
47
243
159
202
108
218
105
38
106
60
127
159
120
181
46
196
161
16
71
98
59
182
199
49
246
113
63
125
245
24
186
27
186
77
131
191
249
129
56
221
63
222
117
253
30
249
224
219
244
67
184
229
82
139
125
45
188
8
39
126
75
125
255
93
236
221
154
126
123
169
62
241
85
78
46
68
167
244
113
187
61
153
5
242
149
223
81
36
114
190
188
201
159
36
254
3
214
0
162
141
144
2
9
34
122
32
67
172
17
36
17
100
150
5
144
192
32
137
112
64
128
97
10
150
0
1
83
185
164
208
48
115
64
32
224
198
86
26
13
208
21
208
77
152
45
24
4
116
9
207
73
16
242
183
148
16
86
38
89
197
13
131
145
0
66
164
230
9
195
43
138
194
133
3
42
137
73
33
71
14
133
230
3
79
223
25
32
0
6
34
9
214
18
113
138
0
108
108
0
48
48
56
163
31
24
117
160
25
136
56
53
209
95
20
8
17
200
33
185
68
85
1
250
197
207
131
153
0
66
164
198
9
195
41
202
130
132
79
171
137
77
37
71
14
133
230
3
79
215
155
32
145
2
34
25
214
22
113
139
0
108
239
0
32
56
56
35
159
28
117
176
89
136
48
53
209
95
148
10
17
200
33
61
76
85
1
250
254
186
255
247
62
127
249
247
223
255
255
251
255
242
251
254
255
223
123
235
253
157
231
191
159
223
247
255
95
223
247
254
247
44
119
255
223
127
233
117
248
93
243
63
223
167
247
127
159
172
158
131
240
29
157
89
212
242
51
253
95
87
32
254
250
217
154
127
55
90
220
143
91
163
189
250
62
194
102
250
255
150
60
223
14
157
231
23
175
215
243
59
83
107
182
42
151
172
52
255
122
125
250
245
114
223
189
121
187
28
181
238
223
170
30
215
248
31
244
105
145
243
49
127
125
117
146
251
242
217
218
126
55
74
220
142
91
177
253
251
62
210
70
250
255
150
52
219
7
141
231
55
239
223
243
59
83
43
246
110
151
172
52
254
126
125
250
247
82
222
185
121
187
20
245
110
219
170
95
215
248
23
180
77
145
243
49
123
125
117
147
255
206
201
139
221
98
87
95
139
13
231
57
138
147
192
55
106
137
93
60
111
14
189
230
10
79
215
147
49
209
170
62
25
242
21
180
203
194
109
242
147
50
170
181
121
191
28
213
56
95
136
50
215
75
123
180
186
209
238
121
123
77
84
81
179
3
16
4
34
143
32
0
8
54
48
150
103
44
57
96
49
100
182
5
144
192
66
137
96
64
152
104
10
186
3
201
119
185
228
208
48
115
66
9
224
196
84
10
8
64
17
224
77
136
60
24
4
244
5
200
73
26
48
183
188
16
86
38
73
12
10
230
129
217
237
162
245
45
249
226
89
217
49
219
228
203
88
227
96
221
67
238
248
77
105
28
166
124
196
59
206
125
96
85
186
84
242
173
54
253
84
120
39
69
167
250
113
152
236
92
37
243
29
157
73
10
226
35
164
72
71
32
254
68
5
138
220
0
135
120
103
5
198
5
128
19
202
179
78
128
93
32
103
26
191
210
3
90
130
134
12
80
8
60
41
194
22
20
170
3
108
66
80
48
234
180
78
243
28
129
110
25
172
56
21
112
24
156
64
17
242
123
155
88
20
3
251
60
53
185
60
18
231
123
79
209
170
193
176
81
64
165
82
250
28
35
66
247
51
82
135
220
155
230
205
64
236
117
232
71
60
5
190
154
104
225
124
120
72
53
43
247
117
183
111
185
174
24
7
224
29
28
65
16
178
59
185
57
87
32
226
93
1
237
144
22
71
5
118
39
102
116
16
93
169
179
66
233
84
97
96
128
85
194
163
76
161
164
28
120
200
92
105
85
36
21
186
66
120
17
92
52
193
60
47
68
4
101
238
27
172
25
4
242
24
156
77
24
114
43
152
73
150
32
250
39
246
92
162
61
188
56
17
112
122
6
100
172
55
236
85
234
238
5
241
193
96
17
115
225
156
225
159
126
27
161
97
215
100
212
186
83
122
169
116
208
220
58
173
208
21
246
111
153
173
24
4
224
29
159
73
16
242
51
189
88
83
40
250
47
53
41
188
54
53
57
122
80
206
209
0
65
8
33
71
128
124
0
66
240
48
84
146
204
168
160
208
80
116
125
121
96
16
148
168
154
104
0
113
114
74
23
136
242
17
192
78
26
174
24
7
114
24
92
65
20
163
27
152
122
214
106
241
5
142
0
161
200
248
162
80
40
93
10
71
128
29
73
33
137
109
161
32
196
68
10
113
67
213
25
38
188
2
3
67
151
192
209
32
49
200
237
32
100
20
58
165
85
16
116
225
152
188
24
0
213
5
140
8
2
128
18
165
64
87
36
122
7
10
0
7
200
200
130
0
8
33
10
71
128
71
200
33
131
97
132
0
204
45
26
72
67
214
20
39
130
10
11
70
7
163
67
16
48
138
239
6
69
52
0
226
5
82
173
51
0
68
24
32
151
3
12
162
0
2
146
37
128
69
33
104
55
148
108
10
191
221
151
60
191
94
158
253
173
63
93
244
249
246
67
176
241
82
218
124
125
244
108
31
127
219
91
107
197
236
205
182
254
59
169
124
112
221
74
172
85
176
244
109
187
60
155
9
188
5
222
81
48
242
190
188
218
159
46
254
25
17
156
22
38
117
93
54
51
164
125
128
30
188
54
18
253
250
96
251
48
246
225
179
201
127
245
88
120
116
212
105
223
60
176
164
223
72
240
121
120
153
189
47
182
48
247
110
155
170
139
7
240
29
152
69
59
243
51
249
121
179
4
234
45
38
101
33
220
181
163
217
232
127
194
119
225
29
249
229
194
109
203
64
241
1
30
220
86
184
12
135
158
86
41
223
109
233
223
187
124
178
45
12
205
84
82
158
65
227
154
209
40
125
28
40
211
181
141
65
38
192
135
132
206
207
44
52
46
233
235
249
55
113
248
223
213
186
133
188
99
128
191
239
139
220
35
75
15
179
118
31
101
131
166
129
87
111
62
242
229
30
191
234
242
127
201
53
218
110
50
124
178
215
33
122
91
190
62
87
208
157
244
92
144
226
107
223
125
82
235
243
7
229
205
24
52
216
93
78
163
166
41
152
14
171
132
91
139
100
32
105
134
100
226
35
77
247
179
59
83
42
114
105
215
4
181
170
66
120
249
125
116
202
56
41
183
16
117
111
147
172
56
5
224
29
188
12
24
178
51
253
88
215
32
250
55
212
108
139
159
220
151
57
191
86
156
252
173
63
29
117
201
244
3
176
241
82
218
108
124
245
61
63
126
27
83
107
213
236
157
154
214
121
41
62
117
220
106
173
85
16
244
97
147
188
25
12
184
21
220
93
56
242
58
188
218
159
44
254
172
170
101
161
222
249
163
248
253
29
202
127
249
61
251
225
203
125
207
104
245
82
15
252
103
252
29
163
254
198
59
223
125
201
207
184
117
178
173
60
205
85
82
54
69
227
62
241
172
125
204
32
211
183
143
16
38
204
135
164
206
207
100
60
55
182
109
10
191
157
151
57
255
92
86
113
173
63
92
212
249
247
67
176
241
82
219
124
121
244
109
55
126
89
89
111
133
236
205
182
254
26
169
60
125
221
107
173
85
224
244
109
179
188
153
12
244
5
223
89
52
242
190
188
250
159
44
222
145
219
223
94
33
18
93
62
243
148
61
209
46
251
4
26
255
214
36
47
6
110
225
39
235
247
247
88
63
40
204
105
222
108
32
254
66
28
242
253
115
218
185
119
188
48
245
110
145
163
95
215
120
24
158
77
49
243
50
95
120
85
133
250
44
182
101
175
63
245
187
253
253
220
230
253
125
58
251
229
187
244
195
56
241
82
246
116
37
169
137
49
127
91
119
255
253
100
255
186
246
112
169
53
255
93
126
62
212
167
208
108
184
191
222
13
242
157
156
93
188
242
63
156
91
79
44
251
173
234
101
41
217
124
163
216
253
29
202
127
233
61
222
229
203
108
207
104
245
66
63
252
117
125
29
163
253
199
43
215
221
203
79
248
117
179
173
188
223
84
26
151
68
227
126
241
168
117
220
40
209
151
143
28
182
204
135
164
198
207
38
28
186
248
59
135
38
93
220
167
223
146
223
212
127
20
121
248
253
146
102
219
197
50
229
151
253
215
245
75
71
255
223
250
229
44
71
222
222
50
232
244
88
93
245
46
212
118
181
110
187
172
143
3
248
29
149
81
16
243
58
249
121
31
96
254
3
20
4
2
143
32
2
24
48
56
134
71
44
41
96
33
68
50
5
144
192
98
9
100
64
48
72
2
184
6
137
83
248
40
208
48
115
2
0
224
212
84
26
10
208
113
226
77
184
110
24
4
244
29
200
73
58
178
183
180
16
210
38
73
39
132
108
137
159
220
131
57
190
87
158
124
173
63
77
101
193
244
3
176
208
82
154
124
125
180
9
43
126
27
81
107
213
108
221
154
82
121
41
62
112
212
40
173
84
144
116
97
147
188
24
12
184
21
142
73
56
242
58
188
218
159
44
250
77
43
239
88
16
51
101
126
241
190
198
177
65
152
187
195
138
124
227
111
180
7
206
183
77
41
134
132
80
12
56
203
127
6
116
186
82
126
5
92
184
118
56
38
79
225
1
202
25
44
60
20
113
29
157
4
16
226
43
189
73
6
33
242
63
50
101
131
159
185
135
56
255
29
214
117
253
62
248
197
242
245
67
48
229
114
138
124
45
188
12
39
62
219
93
239
93
236
223
154
126
122
173
30
245
85
70
15
69
166
124
65
190
61
153
4
242
149
143
81
32
114
182
188
201
159
36
254
194
73
139
221
98
87
220
135
5
226
57
138
19
192
51
42
133
93
60
111
14
189
228
2
91
199
147
96
129
160
30
26
226
16
18
105
210
109
194
225
50
43
181
120
191
30
193
60
95
136
54
215
27
91
180
218
209
235
121
95
85
116
83
179
186
217
138
126
55
91
220
142
223
163
189
248
62
146
102
250
255
150
52
219
7
159
231
55
165
199
243
59
83
123
246
106
183
172
181
254
122
125
250
247
114
223
253
121
158
22
181
110
223
170
94
135
248
31
244
77
145
243
57
127
125
125
130
251
163
221
222
126
38
6
93
130
227
132
45
202
30
251
54
31
239
242
36
239
38
238
113
55
213
255
183
57
99
48
244
49
146
46
34
222
203
28
210
253
118
250
184
255
190
80
213
110
201
161
18
71
120
30
183
77
57
243
113
159
121
244
131
251
77
5
139
244
32
7
120
71
1
228
5
128
18
224
51
14
140
88
32
99
130
189
196
3
94
138
150
72
64
160
28
105
131
22
48
170
19
76
66
88
48
43
189
64
248
20
193
110
89
168
56
85
112
24
188
64
17
226
123
157
73
52
1
251
186
217
138
254
55
91
220
143
223
163
189
248
63
134
110
255
255
150
48
219
6
191
231
47
165
199
243
43
83
251
182
106
183
172
183
254
122
125
234
247
114
223
245
121
158
22
53
110
223
170
94
133
248
31
244
93
145
243
57
127
125
125
130
251
83
213
155
222
36
2
92
14
3
194
57
136
2
192
6
27
237
214
32
47
6
173
194
3
201
195
179
108
17
32
16
41
214
54
176
168
2
108
50
97
34
106
185
105
191
28
85
78
82
136
56
197
32
24
181
78
17
178
50
91
81
85
129
251
56
60
253
134
38
127
155
191
215
254
223
23
125
60
59
246
255
214
66
250
244
243
213
150
153
109
244
216
104
243
247
235
237
60
71
188
223
122
232
121
120
93
117
46
244
167
183
109
191
174
137
15
242
29
156
81
52
243
59
249
123
159
104
254
13
20
124
128
7
237
183
124
52
92
70
69
29
60
41
197
237
124
193
96
240
112
208
240
41
60
16
208
124
66
125
233
93
80
209
160
23
66
136
24
117
149
94
39
69
5
246
110
153
52
25
12
242
13
156
73
58
18
63
173
67
143
36
250
179
221
221
94
35
91
93
46
243
148
61
209
63
249
36
250
247
150
36
59
134
122
228
39
233
163
229
90
43
105
220
105
176
60
32
244
214
64
210
249
210
223
173
111
176
22
229
110
147
162
95
135
184
25
151
77
185
242
58
120
121
84
2
249
61
38
109
131
187
157
147
121
253
84
214
53
253
63
249
68
210
180
67
48
241
114
147
244
120
60
12
17
238
222
93
185
92
108
71
158
222
115
137
28
189
213
25
158
68
163
244
68
187
45
141
8
186
29
143
29
40
102
62
156
106
143
40
208
147
221
157
94
39
88
93
46
211
148
61
209
62
253
4
186
255
150
36
59
134
106
228
39
201
135
225
90
59
40
220
105
178
60
48
188
70
64
210
249
82
223
169
111
188
18
245
110
147
162
95
135
184
25
151
77
41
242
50
89
120
84
2
219
50
216
57
142
38
77
157
53
223
196
63
212
53
30
125
246
255
246
70
145
148
50
245
134
249
181
229
74
3
187
215
122
197
44
103
158
218
26
234
127
114
221
101
175
148
118
180
110
147
172
147
11
184
29
148
81
48
115
58
120
123
223
42
250
18
211
154
222
36
16
92
38
3
134
49
136
2
192
23
26
188
194
32
171
6
188
193
3
201
131
179
88
19
40
148
105
151
20
176
8
74
72
162
97
34
74
161
105
182
20
213
78
211
168
57
195
48
24
177
91
1
115
48
83
81
113
67
235
51
21
220
150
38
87
92
54
119
244
61
192
28
61
54
22
253
242
96
187
144
115
241
230
217
103
244
90
104
249
213
99
223
56
161
36
222
72
250
121
112
153
109
47
150
52
245
111
187
234
137
15
244
25
248
93
63
243
51
221
123
179
108
202
50
180
109
130
95
223
135
61
247
118
94
116
45
63
28
84
249
247
67
176
241
83
219
116
120
228
108
31
126
217
89
235
149
236
215
182
254
24
169
124
116
213
106
173
85
160
244
109
179
188
153
8
244
5
222
89
56
242
190
188
218
159
44
222
55
148
108
138
223
223
131
61
190
86
22
116
61
63
125
213
217
247
17
176
240
83
218
116
125
244
108
15
126
91
81
107
133
236
221
158
126
82
173
62
240
213
74
173
85
146
244
109
155
60
153
12
180
5
223
81
56
242
58
188
218
159
44
222
39
212
108
138
223
220
147
13
190
86
28
252
173
63
45
117
201
247
17
176
209
115
218
108
116
244
56
15
127
27
83
107
149
236
159
154
122
123
45
62
112
220
8
173
85
208
116
101
155
60
26
12
184
5
220
89
56
246
58
188
218
223
46
250
39
212
108
138
223
220
131
9
190
70
148
252
173
63
45
117
201
245
1
176
193
114
154
100
116
212
24
47
127
27
83
107
149
236
223
154
90
123
45
62
52
220
8
169
85
208
116
101
147
60
24
12
176
5
204
89
56
242
42
188
216
223
46
250
0
5
154
212
32
3
120
71
3
226
5
128
18
224
35
10
140
26
32
75
134
188
68
131
88
3
146
72
64
164
148
98
199
18
32
40
147
76
226
72
112
43
181
99
186
20
131
111
25
170
56
87
112
24
56
64
17
243
115
221
89
48
129
235
58
150
104
138
63
95
151
13
247
86
30
116
61
30
61
213
255
246
64
152
209
114
217
118
113
245
120
11
54
217
213
227
133
44
215
182
250
90
169
120
112
93
102
45
213
196
180
109
179
188
153
13
182
5
219
81
48
114
54
188
219
219
44
218
1
6
4
32
9
184
162
84
32
80
130
5
128
61
9
1
200
40
129
224
224
64
90
113
64
56
24
132
60
4
9
65
29
64
209
32
49
8
41
8
37
20
26
167
69
193
118
97
24
112
8
8
178
5
218
8
46
66
7
165
0
195
36
66
18
209
152
158
34
16
88
3
71
130
21
136
16
2
21
26
60
210
32
171
130
52
193
67
200
147
181
88
3
168
148
96
150
28
128
14
74
72
162
99
178
202
33
73
178
20
145
110
147
168
16
7
52
9
176
89
17
115
56
89
112
81
66
235
