posters/Movie Poster 56.jpg
512
759
214
-90
-1
0
150
497
0.00347983
31
-106.837
-1
0
236
498
0.00333084
31
-94.3987
-1
0
130
472
0.00415662
31
-114.864
-1
0
285
517
0.00358582
31
-90.4042
-1
0
167
469
0.0041691
31
43.7636
-1
0
333
431
0.00384338
31
46.2189
-1
0
331
431
0.00414541
31
-98.6283
-1
0
114
502
0.00477018
31
56.2771
-1
0
319
419
0.00412155
31
-96.2295
-1
0
267
493
0.003974
31
39.5694
-1
0
328
406
0.00674006
31
-102.89
-1
0
242
492
0.00526084
31
44.4139
-1
0
322
404
0.00316049
31
22.5936
-1
0
334
402
0.00315682
31
-7.15741
-1
0
296
328
0.00363948
31
-124.232
-1
0
305
533
0.00359725
31
158.852
-1
0
228
388
0.00268863
31
127.99
-1
0
266
387
0.00279579
31
173.365
-1
0
236
225
0.00274835
31
-4.86451
-1
0
298
326
0.00271683
31
55.1831
-1
0
320
434
0.00276595
31
-93.7897
-1
0
211
468
0.00263546
31
174.806
-1
0
278
535
0.00264918
31
19.2816
-1
1
334.8
402
0.00221915
37.2
64.8106
-1
1
130.8
530.4
0.00142338
37.2
37.3472
-1
1
321.6
404.4
0.00190844
37.2
11.3928
-1
1
336
397.2
0.0020894
37.2
156.194
-1
1
237.6
391.2
0.00192822
37.2
132.123
-1
1
262.8
387.6
0.00234735
37.2
159.562
-1
1
228
387.6
0.00212356
37.2
133.596
-1
1
265.2
386.4
0.00346016
37.2
30.6417
-1
1
328.8
405.6
0.00449738
37.2
-104.69
-1
1
241.2
494.4
0.00319137
37.2
-167.335
-1
1
278.4
534
0.00174388
37.2
-116.732
-1
1
306
534
0.00151834
37.2
-71.6422
-1
1
187.2
490.8
0.00274828
37.2
-64.5314
-1
1
184.8
493.2
0.00238177
37.2
53.107
-1
1
297.6
418.8
0.00239379
37.2
52.7461
-1
1
319.2
420
0.00393897
37.2
39.3907
-1
1
331.2
429.6
0.00312435
37.2
46.1401
-1
1
320.4
433.2
0.00153712
37.2
-97.3738
-1
1
211.2
466.8
0.00216325
37.2
-89.699
-1
1
166.8
469.2
0.00370884
37.2
-27.8973
-1
1
296.4
338.4
0.001641
37.2
-95.6032
-1
1
129.6
471.6
0.003479
37.2
-16.0203
-1
1
295.2
331.2
0.00164348
37.2
-9.9153
-1
1
296.4
327.6
0.00280357
37.2
-7.20106
-1
1
297.6
325.2
0.00295436
37.2
177.143
-1
1
236.4
224.4
0.00274565
37.2
-91.1038
-1
1
150
495.6
0.0038287
37.2
-125.417
-1
1
285.6
516
0.00180858
37.2
-91.206
-1
1
270
494.4
0.00162886
37.2
-86.7013
-1
1
274.8
488.4
0.00152399
37.2
-93.3575
-1
1
236.4
490.8
0.00150057
37.2
-108.481
-1
1
243.6
490.8
0.0039085
37.2
-93.764
-1
1
267.6
492
0.00214683
37.2
-102.095
-1
1
235.2
496.8
0.00284701
37.2
-110.3
-1
1
231.6
500.4
0.0015117
37.2
-32.6995
-1
1
301.2
339.6
0.00128906
37.2
-69.248
-1
1
298.8
499.2
0.0013189
37.2
-169.836
-1
1
248.4
224.4
0.00137003
37.2
46.0026
-1
1
320.4
410.4
0.00129224
37.2
-79.0609
-1
1
192
493.2
0.00136687
37.2
-17.8611
-1
2
295.2
331.2
0.00169632
44.64
-89.0308
-1
2
342.72
506.88
0.000756955
44.64
-114.132
-1
2
325.44
519.84
0.0010615
44.64
-9.60927
-1
2
298.08
325.44
0.00249632
44.64
-27.1476
-1
2
296.64
338.4
0.00148713
44.64
-176.337
-1
2
233.28
226.08
0.00107343
44.64
-113.366
-1
2
246.24
495.36
0.0015188
44.64
-118.024
-1
2
286.56
515.52
0.000806022
44.64
-108.99
-1
2
231.84
501.12
0.00141278
44.64
-129.401
-1
2
280.8
527.04
0.000682943
44.64
-74.6759
-1
2
300.96
498.24
0.0011092
44.64
-31.2529
-1
2
300.96
339.84
0.00145032
44.64
-109.186
-1
2
240.48
496.8
0.00243181
44.64
-102.36
-1
2
234.72
496.8
0.00254089
44.64
-61.6236
-1
2
184.32
496.8
0.000906202
44.64
26.9753
-1
2
194.4
522.72
0.000794854
44.64
-90.2283
-1
2
149.76
495.36
0.00384304
44.64
-91.5343
-1
2
231.84
492.48
0.00133364
44.64
35.0333
-1
2
324
407.52
0.00334668
44.64
-95.1764
-1
2
269.28
493.92
0.00127662
44.64
-111.228
-1
2
243.36
492.48
0.0037867
44.64
-81.2886
-1
2
192.96
492.48
0.000999836
44.64
-68.2661
-1
2
184.32
492.48
0.00151308
44.64
50.726
-1
2
318.24
416.16
0.00180453
44.64
-163.202
-1
2
277.92
535.68
0.00116599
44.64
-88.7811
-1
2
273.6
491.04
0.00131676
44.64
-87.4739
-1
2
275.04
488.16
0.00120746
44.64
-74.8604
-1
2
187.2
489.6
0.00186449
44.64
-28.5524
-1
2
325.44
358.56
0.0010079
44.64
-164.995
-1
2
280.8
538.56
0.000794635
44.64
-161.689
-1
2
247.68
224.64
0.00122225
44.64
-176.179
-1
2
236.16
224.64
0.002509
44.64
-156.359
-1
2
249.12
470.88
0.000746182
44.64
-90.8214
-1
2
167.04
469.44
0.00336267
44.64
162.007
-1
2
227.52
387.36
0.0016719
44.64
136.157
-1
2
264.96
387.36
0.00289149
44.64
160.474
-1
2
237.6
391.68
0.00186043
44.64
8.72572
-1
2
336.96
397.44
0.00117673
44.64
-98.4462
-1
2
211.68
468
0.00215167
44.64
16.7449
-1
2
335.52
403.2
0.00122661
44.64
34.0024
-1
2
322.56
404.64
0.00188005
44.64
31.7809
-1
2
331.2
429.12
0.00229983
44.64
52.3815
-1
2
316.8
419.04
0.00118547
44.64
-96.3402
-1
2
236.16
489.6
0.00121109
44.64
49.4253
-1
2
298.08
419.04
0.00227739
44.64
45.6619
-1
2
319.68
410.4
0.000733743
44.64
27.8621
-1
2
328.32
406.08
0.00409719
44.64
-153.435
-1
2
308.16
547.2
0.00055856
44.64
41.3039
-1
2
319.68
433.44
0.000566081
44.64
175.943
-1
2
226.08
295.2
0.000604951
44.64
-68.3154
-1
2
360
521.28
0.000632511
44.64
-108.763
-1
2
227.52
502.56
0.000608107
44.64
-103.076
-1
2
305.28
529.92
0.000613149
44.64
-37.0263
-1
2
299.52
347.04
0.000579032
44.64
-92.5791
-1
2
217.44
548.64
0.000534385
44.64
174.306
-1
2
223.2
336.96
0.000558508
44.64
-113.575
-1
2
283.68
512.64
0.000541292
44.64
-97.8153
-1
2
217.44
552.96
0.000528515
44.64
-121.629
-1
2
246.24
485.28
0.000523447
44.64
-78.2544
-1
3
300.672
497.664
0.000806813
53.568
174.05
-1
3
228.096
336.96
0.000344786
53.568
47.0154
-1
3
317.952
414.72
0.00167161
53.568
-108.865
-1
3
240.192
495.936
0.00232016
53.568
-117.502
-1
3
319.68
527.04
0.000467076
53.568
14.3535
-1
3
333.504
400.896
0.00147061
53.568
-102.836
-1
3
235.008
495.936
0.00244195
53.568
-172.902
-1
3
235.008
222.912
0.00195719
53.568
-158.298
-1
3
247.104
224.64
0.000929412
53.568
-108.988
-1
3
226.368
502.848
0.000378728
53.568
-65.2542
-1
3
183.168
495.936
0.000607495
53.568
-109.502
-1
3
231.552
501.12
0.0013029
53.568
-117.017
-1
3
323.136
527.04
0.00038138
53.568
-133.847
-1
3
279.936
525.312
0.000522414
53.568
177.184
-1
3
226.368
297.216
0.000557611
53.568
-111.063
-1
3
305.856
530.496
0.000487983
53.568
-10.6832
-1
3
297.216
324.864
0.00177113
53.568
-18.7515
-1
3
295.488
331.776
0.00174738
53.568
-22.5888
-1
3
295.488
335.232
0.00156291
53.568
174.551
-1
3
222.912
336.96
0.000542669
53.568
-29.5689
-1
3
298.944
340.416
0.00153087
53.568
-87.8538
-1
3
336.96
506.304
0.000576031
53.568
-101.31
-1
3
266.112
492.48
0.000547481
53.568
-112.856
-1
3
243.648
492.48
0.00280763
53.568
-35.5377
-1
3
316.224
343.872
0.000386196
53.568
-34.4673
-1
3
298.944
345.6
0.000645086
53.568
-93.7782
-1
3
229.824
492.48
0.00123904
53.568
-69.6336
-1
3
183.168
492.48
0.000821759
53.568
-84.7638
-1
3
193.536
490.752
0.000751584
53.568
-86.8202
-1
3
216
547.776
0.000359897
53.568
-27.735
-1
3
324.864
357.696
0.000843875
53.568
-76.0821
-1
3
186.624
489.024
0.00199735
53.568
165.462
-1
3
228.096
387.072
0.00173298
53.568
140.928
-1
3
264.384
387.072
0.00221944
53.568
163.877
-1
3
236.736
390.528
0.00147751
53.568
9.71486
-1
3
335.232
397.44
0.000603869
53.568
-89.4728
-1
3
274.752
487.296
0.000891725
53.568
33.4078
-1
3
321.408
404.352
0.00141098
53.568
35.244
-1
3
323.136
407.808
0.00350177
53.568
28.9741
-1
3
326.592
407.808
0.00359736
53.568
41.7572
-1
3
319.68
409.536
0.000732793
53.568
-104.444
-1
3
324.864
520.128
0.00101426
53.568
-127.057
-1
3
288.576
530.496
0.000372479
53.568
49.2082
-1
3
297.216
418.176
0.00163832
53.568
48.1548
-1
3
316.224
419.904
0.00127598
53.568
24.9105
-1
3
331.776
428.544
0.00160343
53.568
-63.4349
-1
3
286.848
466.56
0.000886356
53.568
-100.809
-1
3
210.816
468.288
0.00203673
53.568
-149.429
-1
3
247.104
470.016
0.000547355
53.568
-158.694
-1
3
278.208
535.68
0.000760205
53.568
-157.38
-1
3
281.664
537.408
0.000961458
53.568
22.7144
-1
3
195.264
523.584
0.00098351
53.568
-115.463
-1
3
285.12
516.672
0.000290764
53.568
-35.2601
-1
3
319.68
349.056
0.000297063
53.568
-103.893
-1
4
234.317
497.664
0.00139698
64.2816
-110.739
-1
4
240.538
495.59
0.00200247
64.2816
-113.177
-1
4
244.685
493.517
0.00200035
64.2816
-168.8
-1
4
234.317
221.875
0.00145
64.2816
-102.602
-1
4
209.434
468.634
0.00183123
64.2816
47.0339
-1
4
298.598
418.867
0.00154041
64.2816
165.744
-1
4
236.39
391.91
0.0015826
64.2816
144.804
-1
4
263.347
387.763
0.00161159
64.2816
-22.2576
-1
4
296.525
333.85
0.00195702
64.2816
-78.0558
-1
4
302.746
497.664
0.000524245
64.2816
178.749
-1
4
228.096
296.525
0.000635578
64.2816
-13.1664
-1
4
296.525
325.555
0.00106589
64.2816
175.657
-1
4
223.949
333.85
0.000508463
64.2816
175.085
-1
4
223.949
337.997
0.000436685
64.2816
-28.6745
-1
4
298.598
340.07
0.00100242
64.2816
-8.49065
-1
4
290.304
321.408
0.00041695
64.2816
-33.1557
-1
4
300.672
346.291
0.000488832
64.2816
-100.53
-1
4
230.17
497.664
0.000977477
64.2816
-92.7464
-1
4
273.715
493.517
0.000670077
64.2816
168.364
-1
4
228.096
387.763
0.00125462
64.2816
-140.5
-1
4
279.936
524.621
0.000426296
64.2816
-74.495
-1
4
286.157
466.56
0.00110098
64.2816
-135.341
-1
4
248.832
468.634
0.000556534
64.2816
-168.253
-1
4
232.243
228.096
0.00102568
64.2816
-156.431
-1
4
246.758
223.949
0.00063302
64.2816
-99.0257
-1
4
267.494
493.517
0.000493999
64.2816
-104.492
-1
4
236.39
487.296
0.00121658
64.2816
-92.0521
-1
4
275.789
487.296
0.000757019
64.2816
-94.0078
-1
4
228.096
491.443
0.00087371
64.2816
-82.6389
-1
4
282.01
472.781
0.000359668
64.2816
155.469
-1
4
238.464
524.621
0.000385902
64.2816
-78.3106
-1
4
290.304
472.781
0.000351082
64.2816
-111.978
-1
5
241.367
495.176
0.00151464
77.1379
-114.146
-1
5
246.344
492.687
0.00127442
77.1379
147.645
-1
5
263.762
388.178
0.00113785
77.1379
-128.425
-1
5
248.832
467.804
0.000534021
77.1379
-127.432
-1
5
256.297
467.804
0.000583326
77.1379
-126.563
-1
5
261.274
462.828
0.000457337
77.1379
214
64
0
1
0
136
0
72
36
7
0
66
10
4
16
36
9
2
9
8
1
192
192
32
64
130
80
20
128
0
0
134
1
64
84
16
65
168
1
64
8
72
32
16
20
33
84
20
230
110
17
172
8
4
160
29
24
9
2
98
19
177
8
67
96
98
3
198
8
98
41
152
20
10
50
26
36
225
44
115
68
17
108
162
37
153
193
100
1
115
96
151
225
107
78
42
129
97
146
32
20
160
115
24
161
112
96
222
56
173
208
17
246
79
145
175
24
4
252
5
203
73
18
243
55
157
88
83
32
218
27
51
77
148
55
113
25
126
86
158
223
53
109
29
137
243
226
212
1
121
64
160
196
50
13
136
160
25
90
8
116
105
240
36
213
186
86
122
129
117
240
92
59
46
212
134
193
110
155
172
28
5
240
29
157
73
16
242
59
188
88
22
32
250
58
242
125
170
22
25
7
9
226
66
191
52
125
55
253
241
243
246
1
240
1
80
25
116
229
132
105
25
175
154
217
57
176
108
223
158
74
114
1
214
167
211
28
12
84
134
100
4
129
53
22
4
42
21
135
93
152
224
40
188
88
78
98
176
25
211
93
252
55
49
125
126
16
220
245
241
109
89
132
67
226
220
5
107
100
40
224
114
13
139
163
25
91
0
52
105
246
36
84
186
86
120
193
245
242
94
187
47
208
21
209
110
153
172
24
5
240
29
159
73
16
242
51
159
88
86
34
251
254
255
243
221
118
95
223
255
206
215
251
250
223
210
223
254
251
213
126
111
31
175
230
159
159
223
183
45
87
190
118
56
98
47
125
223
202
126
251
215
178
106
177
127
223
174
189
62
157
173
84
199
96
63
151
67
208
242
113
223
124
86
33
179
246
253
243
221
118
79
223
255
206
239
251
250
215
198
223
254
251
213
126
111
31
173
230
159
159
223
183
47
83
186
118
58
98
47
125
159
202
126
251
215
178
106
177
239
223
62
189
62
157
172
80
195
96
63
149
67
208
242
113
251
124
85
33
178
3
7
32
8
1
0
4
2
32
0
137
0
0
45
36
5
141
40
3
208
208
34
80
66
80
53
129
72
0
20
1
64
140
28
67
170
8
8
0
72
36
0
60
161
84
112
182
78
16
164
8
8
34
24
88
1
56
35
19
180
8
211
104
74
118
193
205
222
50
15
93
106
182
230
21
152
31
234
180
78
226
213
20
103
14
253
192
35
45
130
166
29
83
137
20
41
210
38
20
250
66
123
211
254
146
251
189
47
146
30
193
14
145
172
18
5
120
25
149
73
24
242
57
185
89
22
34
251
66
6
16
2
64
2
2
3
98
10
0
2
0
163
1
19
102
131
5
132
73
129
1
0
192
128
232
77
2
8
128
48
112
36
68
178
81
24
5
228
192
66
24
138
209
80
128
76
153
44
24
1
112
24
140
73
16
114
51
180
88
86
32
249
70
1
129
158
18
70
10
79
134
194
17
20
17
194
179
118
226
84
0
70
10
169
198
3
12
128
166
13
18
8
16
40
98
36
21
186
66
112
67
84
176
72
20
10
64
28
129
14
153
172
24
5
48
24
148
73
16
114
57
189
88
70
34
241
11
153
136
170
39
91
16
6
51
26
6
197
60
30
46
249
237
210
33
176
197
17
193
115
97
213
240
13
95
106
150
97
149
36
85
176
115
80
233
116
112
221
62
45
213
20
245
110
153
172
26
4
240
13
158
73
18
242
59
189
88
91
32
250
70
1
1
146
0
6
12
15
134
98
1
0
17
194
146
22
98
16
0
68
10
162
128
2
92
130
166
9
130
136
16
8
66
36
4
186
0
96
3
92
32
64
20
11
192
28
129
78
17
172
16
5
32
24
20
65
16
114
49
185
8
86
32
224
86
35
195
145
16
66
140
230
134
130
59
18
17
194
155
98
235
213
33
102
14
165
198
35
76
213
183
45
18
10
50
58
118
38
85
186
82
120
233
84
48
64
48
47
69
4
245
110
153
172
24
5
176
29
156
73
16
114
51
189
88
23
32
242
43
133
172
28
39
119
29
22
53
198
29
128
28
44
55
15
141
248
98
243
244
119
81
243
81
127
180
92
81
116
245
225
223
60
67
168
219
104
232
105
120
95
61
47
213
117
247
111
153
170
24
7
240
29
156
73
16
243
51
189
121
211
42
250
178
20
40
130
135
28
23
13
223
71
150
2
189
12
118
148
254
212
4
144
72
146
179
36
124
128
120
8
210
152
89
41
64
44
148
250
74
99
1
216
208
210
16
29
16
6
228
20
147
12
18
4
40
25
135
81
144
112
40
60
92
150
42
184
157
242
85
167
252
185
167
120
248
61
252
123
239
127
212
113
227
213
15
97
200
33
170
116
78
223
189
63
255
11
51
111
213
36
84
186
82
112
169
244
86
94
24
31
209
22
244
77
153
173
24
5
240
29
159
73
16
242
51
188
88
87
34
249
0
0
1
130
128
73
130
101
2
64
14
4
17
20
91
160
199
80
65
32
64
0
132
128
72
128
8
0
128
138
27
9
244
36
81
184
16
66
9
64
144
21
20
6
68
22
96
100
145
44
9
4
176
25
4
73
16
96
42
56
64
6
34
248
1
6
36
0
9
140
37
18
36
84
2
69
8
61
8
5
204
104
65
224
240
34
88
243
80
60
4
0
56
20
33
65
207
40
67
32
81
8
41
40
124
20
56
175
84
112
247
111
24
172
24
8
240
29
152
1
58
226
51
181
66
215
40
250
59
197
172
188
39
127
93
55
149
254
221
132
89
188
63
110
189
248
98
251
244
55
208
183
29
127
180
220
81
246
246
233
207
60
65
188
219
104
232
121
122
95
53
47
215
53
183
111
155
170
24
7
240
29
156
81
16
243
51
189
121
215
42
251
254
249
239
220
118
215
95
127
199
231
253
190
255
238
182
126
251
213
122
111
31
255
242
39
63
247
183
61
83
219
118
169
199
47
7
223
194
125
251
127
50
249
245
239
151
60
181
46
159
172
147
201
250
29
148
83
80
246
121
251
123
221
43
250
88
59
223
244
54
51
252
122
80
154
251
213
111
197
129
122
230
221
37
111
38
45
228
243
141
206
227
156
82
2
52
249
122
38
116
187
87
124
209
245
82
76
187
46
218
23
195
110
153
172
24
197
240
29
156
77
16
242
51
255
89
86
33
250
13
42
108
128
50
153
160
116
25
158
214
53
80
28
217
194
136
92
195
45
193
80
194
241
45
32
12
5
92
76
24
9
92
0
253
170
118
122
129
20
240
181
59
36
6
166
64
106
59
44
63
132
145
29
255
28
6
66
46
232
73
155
96
242
86
11
131
213
48
66
204
207
134
130
59
18
17
196
155
114
235
213
33
102
14
173
196
51
77
223
183
45
18
10
50
56
114
38
85
186
82
120
195
84
48
88
48
47
197
12
213
110
153
172
24
5
240
29
156
73
16
242
51
189
88
70
32
242
130
0
8
135
2
201
146
165
31
129
31
196
144
52
90
162
13
18
0
129
0
0
230
64
105
20
152
66
0
162
31
2
149
48
97
32
82
74
202
0
208
29
37
42
148
22
164
104
147
136
25
5
148
9
152
138
19
67
50
120
65
17
0
234
70
5
129
146
64
6
11
71
134
70
1
20
17
194
146
6
2
84
0
70
10
171
194
3
94
130
166
13
2
136
16
8
66
38
4
186
0
96
67
92
0
96
20
74
192
28
129
78
17
44
24
5
48
24
20
65
16
114
51
185
72
86
32
248
68
11
211
217
16
74
136
206
138
130
43
148
65
193
219
186
235
213
33
102
14
173
196
51
77
223
183
45
82
10
50
56
242
38
85
186
82
122
201
116
176
92
56
47
85
22
241
110
153
172
24
5
240
29
157
73
16
242
51
189
88
86
32
242
2
2
1
2
201
136
135
73
198
32
138
71
177
84
8
32
230
149
3
0
192
7
138
68
70
220
56
14
130
138
3
78
69
36
69
186
80
50
169
68
96
84
0
15
197
4
180
77
153
172
24
1
240
29
156
73
16
114
51
188
88
87
32
248
0
2
0
130
136
153
130
33
6
64
6
4
16
48
89
160
198
80
1
32
192
0
136
64
72
0
8
8
128
136
25
89
112
36
81
24
64
66
1
128
144
20
0
6
64
134
192
69
145
44
17
4
48
25
141
73
0
96
34
60
64
6
34
249
177
194
85
143
249
153
135
120
250
53
188
219
255
121
196
72
226
213
13
97
192
33
170
116
78
223
185
47
255
11
51
127
213
36
84
186
82
112
169
246
210
94
24
31
209
22
244
77
153
173
24
5
240
29
159
73
16
242
51
188
88
87
34
249
0
0
0
130
136
9
130
33
2
64
46
4
16
20
89
160
68
82
0
0
192
0
136
64
72
0
8
8
128
138
25
89
240
36
81
8
0
66
8
192
146
21
0
6
0
6
224
76
145
12
17
4
48
9
137
73
16
96
42
56
64
6
34
248
70
1
131
150
64
70
88
207
134
192
19
20
17
198
155
82
234
84
0
70
14
169
198
3
14
154
182
13
18
8
50
40
66
38
85
186
66
114
195
84
16
96
16
74
197
28
161
110
153
172
24
5
48
24
148
65
16
114
57
189
88
7
32
242
3
132
200
42
3
90
4
14
50
24
4
165
60
183
44
27
109
146
33
144
193
68
65
115
65
221
241
77
123
66
130
96
149
36
81
176
115
88
233
112
112
221
56
41
85
85
119
110
153
172
24
4
240
29
218
73
18
242
63
189
24
83
32
218
4
160
237
8
16
83
3
126
224
2
132
180
73
55
151
193
139
68
67
36
17
81
236
165
108
161
12
5
53
12
24
8
220
68
149
138
66
50
5
20
150
226
24
6
16
188
64
192
19
44
79
0
17
25
134
30
152
96
42
28
72
21
102
243
51
212
8
138
143
16
23
25
182
66
60
0
45
8
100
21
116
246
4
144
64
210
176
36
96
149
105
8
147
24
73
57
232
44
146
80
66
64
0
224
178
202
8
13
16
22
192
76
145
13
18
4
40
9
197
81
144
112
40
60
80
150
42
185
76
1
152
144
0
79
44
103
1
66
75
4
80
228
185
226
207
24
65
70
22
49
192
131
89
68
166
76
64
134
62
8
70
20
69
170
0
106
200
72
48
80
20
35
101
20
165
110
155
172
24
5
178
29
20
73
16
98
59
185
72
3
97
226
72
1
152
24
0
67
124
103
1
130
11
4
80
132
187
34
207
24
1
70
2
49
68
131
88
69
166
76
64
132
48
32
70
20
5
170
2
104
64
80
48
64
52
43
119
28
165
110
25
172
56
5
160
25
20
73
144
98
59
185
8
6
33
226
69
47
131
24
0
70
4
103
0
68
11
20
64
229
153
2
139
65
32
102
6
45
192
131
90
85
148
4
0
10
16
9
214
38
81
186
0
40
79
4
36
48
56
167
5
24
101
238
17
172
9
0
177
25
20
10
0
98
3
177
72
69
33
250
70
1
207
210
114
151
95
74
166
230
21
146
155
234
180
78
130
85
52
103
14
253
192
35
44
194
166
29
82
169
20
41
210
38
20
219
66
125
211
214
16
235
188
109
147
28
193
46
23
172
18
5
121
25
148
74
24
246
57
189
89
20
34
251
244
249
247
221
118
79
223
255
206
199
251
190
95
206
223
254
187
213
126
111
30
175
230
55
31
223
183
61
83
186
118
57
226
39
117
219
194
126
211
215
178
122
177
110
191
30
193
62
157
172
80
197
112
63
149
75
208
254
113
251
125
84
35
179
252
109
239
220
118
87
95
127
167
199
189
154
223
236
182
78
155
213
122
111
30
255
242
39
31
247
183
61
83
188
118
169
194
47
6
219
194
125
211
95
50
235
181
239
191
60
245
46
159
172
146
153
123
61
148
94
88
254
121
251
123
220
41
250
88
59
223
244
54
51
248
122
81
154
247
245
127
208
217
106
246
221
125
111
231
61
197
243
137
74
226
156
88
68
180
249
254
38
244
186
95
126
209
245
208
93
187
46
219
7
195
110
155
172
25
197
240
29
157
77
16
242
51
255
89
54
161
251
29
19
77
252
54
57
121
126
52
158
117
145
77
89
148
67
234
220
1
107
102
104
224
50
13
171
162
25
123
8
52
105
214
36
212
186
86
120
209
245
242
222
187
47
208
20
225
110
153
172
24
5
240
29
159
73
16
242
51
191
88
86
38
251
3
134
12
10
15
153
132
30
50
26
22
69
8
29
45
5
205
118
0
144
192
114
192
99
64
20
128
0
56
64
1
65
223
40
209
32
114
72
232
96
112
28
58
45
212
84
245
111
153
172
24
5
240
29
216
73
18
242
55
189
80
83
36
218
27
19
77
148
55
49
25
126
52
158
215
20
93
61
153
98
226
212
65
104
224
112
196
50
13
168
160
25
122
76
53
105
240
36
85
186
86
122
129
117
208
93
25
14
212
134
193
78
155
172
25
5
240
29
157
73
16
242
51
188
88
22
32
248
3
133
140
10
39
83
28
22
51
134
13
128
24
45
39
7
141
114
32
177
192
115
80
99
64
101
148
16
56
16
17
97
223
56
211
160
90
72
232
104
112
28
56
47
212
116
245
111
153
168
24
5
240
29
220
73
24
243
51
189
88
211
32
250
11
133
140
30
39
87
29
22
183
206
29
132
24
44
47
39
141
242
96
179
208
115
80
227
81
117
180
24
81
82
55
97
223
60
195
168
218
104
232
105
112
93
60
47
213
116
245
111
153
170
24
7
240
29
220
89
16
243
51
189
120
211
40
250
11
133
140
28
38
87
29
55
181
222
29
132
24
44
63
46
141
176
96
243
212
119
208
243
89
119
180
28
65
242
55
97
207
60
67
168
218
104
232
105
112
93
61
47
213
116
181
111
153
170
24
7
240
29
156
81
16
243
51
189
120
211
40
250
1
6
132
0
9
142
4
23
32
84
2
7
128
61
11
5
4
41
65
224
208
39
82
243
80
40
4
4
16
20
1
65
207
32
67
32
81
8
40
40
116
20
56
175
84
112
247
107
24
172
24
8
240
29
152
1
50
226
19
181
66
83
32
106
0
1
0
0
0
8
36
71
0
0
2
4
16
36
9
2
205
8
1
192
192
32
64
194
80
28
128
136
0
132
33
64
94
4
65
168
1
8
8
72
32
0
20
35
68
20
167
110
17
164
24
4
160
24
24
9
0
98
19
177
8
67
32
98
34
34
101
130
158
152
5
73
230
66
138
36
253
37
249
97
194
4
7
112
192
64
9
100
68
132
8
9
162
136
9
89
112
100
86
154
72
114
1
198
132
80
8
8
68
134
68
133
128
37
16
0
34
25
135
25
8
96
2
180
72
6
98
48
194
2
16
34
64
2
6
131
66
2
0
2
32
3
2
18
110
131
5
196
64
129
1
0
208
144
249
77
130
136
160
32
192
36
68
191
25
8
5
96
96
74
16
137
209
88
128
76
153
172
24
1
112
25
29
195
16
240
17
180
88
83
48
107
211
21
24
2
192
2
14
2
98
10
9
2
20
167
38
17
239
195
25
228
73
129
1
32
202
213
185
77
194
10
178
32
80
37
21
187
67
112
5
84
48
64
24
47
213
28
228
76
153
172
24
4
224
24
156
203
16
242
49
156
92
87
48
176
75
29
156
58
7
107
20
22
51
66
132
160
46
175
38
27
237
186
33
213
97
213
81
35
195
125
249
76
123
86
226
97
220
36
145
160
75
72
233
120
112
221
62
41
213
17
247
110
153
174
26
4
224
29
216
73
58
179
63
189
24
211
36
202
10
139
128
186
3
74
0
15
51
88
6
165
48
150
45
251
235
146
161
144
197
20
193
51
65
221
81
5
83
74
146
96
149
38
85
176
115
88
233
116
96
221
60
41
85
149
119
238
153
164
24
4
242
29
154
73
18
242
47
189
88
71
32
218
194
2
18
34
65
18
2
131
98
138
32
2
32
163
3
19
110
131
45
197
65
129
37
16
192
145
249
77
130
8
160
48
240
36
68
191
83
56
5
116
224
66
56
137
209
88
128
76
153
172
24
1
112
25
157
201
16
240
51
156
88
86
48
251
3
215
72
42
37
26
4
10
50
24
132
225
46
51
4
27
109
130
37
153
193
102
65
115
192
87
241
79
123
4
129
96
158
40
16
164
123
24
33
112
112
158
58
45
213
81
246
79
145
166
24
4
224
25
218
73
18
243
55
149
24
83
32
90
3
214
8
34
13
152
132
10
50
26
162
97
160
83
68
17
228
162
5
145
197
38
1
71
68
18
97
67
22
12
129
96
158
40
200
180
123
24
161
224
224
94
58
137
208
81
146
79
177
238
24
4
240
5
203
73
22
243
182
181
16
83
160
73
3
134
140
138
15
217
128
28
52
122
22
69
24
61
47
37
205
116
1
176
192
114
210
115
65
144
144
2
56
82
19
67
223
32
83
48
114
74
232
96
116
93
58
47
212
20
245
111
153
172
24
5
240
29
156
73
18
242
55
189
80
87
32
250
18
17
9
6
6
128
154
32
194
130
17
4
176
66
17
48
116
130
0
210
130
34
193
198
216
128
228
76
2
184
193
120
230
44
69
158
90
10
128
72
144
88
17
138
208
112
129
79
153
174
24
3
48
25
28
65
16
115
51
184
56
86
34
233
5
6
4
0
0
22
32
103
32
66
2
4
80
53
9
2
8
40
193
192
208
32
80
131
80
32
4
192
0
132
9
64
77
16
67
32
17
2
0
8
132
16
16
134
68
224
34
74
25
40
8
8
178
29
88
0
6
66
3
180
64
2
106
98
70
5
137
150
0
6
91
79
134
70
1
16
19
234
146
70
130
85
0
103
14
175
194
35
92
130
166
13
18
168
16
41
82
38
4
186
2
120
67
220
16
104
24
73
145
28
193
14
17
172
16
5
48
24
148
75
16
114
49
185
72
20
32
250
12
9
189
144
2
79
48
103
0
64
71
4
80
228
185
226
223
24
65
100
86
49
80
131
153
40
132
204
64
134
190
224
78
20
67
170
1
74
200
72
176
21
20
38
100
36
231
110
155
44
137
13
178
29
24
89
16
98
59
185
72
3
104
226
3
132
140
10
7
83
4
22
50
6
12
128
8
45
39
7
141
50
0
176
208
115
80
99
64
33
132
0
16
16
1
65
223
56
195
32
82
8
232
104
112
28
56
47
212
112
245
111
153
168
24
5
240
25
216
73
26
242
51
189
80
211
40
234
3
146
1
132
45
152
11
72
2
66
147
68
136
21
12
17
228
197
0
112
192
33
194
113
76
144
160
12
18
32
33
105
215
36
81
184
82
104
168
97
96
92
24
47
213
20
245
111
152
172
24
5
240
29
156
73
16
242
51
189
88
87
32
250
3
22
21
2
205
152
131
24
162
20
34
66
140
57
64
17
102
231
5
32
192
64
24
96
64
144
41
12
190
8
1
65
84
100
88
152
64
2
5
192
197
86
24
143
64
66
208
69
128
37
16
4
96
9
143
73
16
114
50
156
80
87
32
57
3
133
140
10
38
95
156
23
55
198
29
132
24
60
63
39
141
114
96
179
212
115
80
227
81
97
148
0
64
208
23
96
207
56
67
160
90
72
232
104
112
29
60
47
213
116
181
111
153
168
24
5
240
29
156
81
16
242
51
189
88
211
40
250
3
6
12
10
15
216
132
22
50
26
6
4
8
29
41
1
77
50
0
144
192
114
64
99
64
20
0
0
56
0
1
65
221
32
209
32
114
72
232
96
112
20
58
45
84
80
245
111
145
168
24
5
176
13
216
73
18
114
54
181
80
211
36
74
1
7
132
128
0
30
36
87
32
198
42
6
0
53
27
39
128
105
97
96
208
37
80
243
81
40
132
4
0
132
32
65
207
32
67
168
81
40
232
104
116
20
56
175
84
112
247
111
153
172
24
1
240
29
156
73
16
226
19
181
72
87
32
250
3
128
128
10
9
74
4
14
82
24
128
101
32
68
12
25
235
0
161
144
192
38
73
71
70
149
81
1
18
10
1
64
159
38
85
176
50
40
105
100
97
84
48
41
85
84
53
239
145
164
24
4
176
17
204
65
18
242
38
189
24
71
32
74
50
18
5
130
207
8
1
8
230
2
18
4
45
41
80
21
246
214
5
48
192
2
137
100
74
128
104
8
146
152
73
73
80
44
82
154
64
98
5
192
132
64
8
10
64
2
192
197
128
36
16
0
34
24
143
9
8
48
2
184
8
6
32
49
3
211
0
2
13
136
132
10
210
26
160
225
34
65
4
17
100
166
39
145
196
38
73
71
69
147
97
7
18
12
129
96
159
46
200
180
122
8
35
224
224
94
42
137
208
113
21
79
176
190
24
0
240
5
217
65
22
178
182
181
16
83
164
75
35
80
5
138
143
1
5
56
230
38
56
0
41
15
13
37
71
118
1
48
200
194
141
44
72
164
33
8
147
8
73
91
248
44
149
58
66
64
1
202
54
66
8
14
20
146
64
196
0
45
80
4
44
24
132
65
136
32
42
24
88
198
34
177
50
1
9
7
199
128
154
8
66
3
17
68
160
68
1
16
116
131
0
212
200
33
131
68
216
128
232
12
2
176
193
40
230
44
65
158
90
10
136
72
208
88
17
136
209
16
128
15
153
174
24
3
240
25
28
65
16
243
51
184
56
87
34
233
3
2
140
130
15
217
128
30
54
88
6
69
8
61
43
37
205
116
1
176
192
98
218
99
64
16
16
0
56
66
19
67
221
32
83
32
114
72
232
96
116
20
58
47
84
20
245
111
153
172
24
5
240
29
156
73
18
114
54
189
64
87
32
250
3
210
128
10
5
26
4
10
114
24
132
225
32
20
36
25
111
130
33
144
192
6
73
71
68
213
113
5
19
8
129
96
159
46
81
176
114
8
41
96
96
222
58
41
85
85
53
239
177
164
24
4
176
17
218
73
18
242
182
181
24
83
160
90
3
215
152
42
5
26
4
14
114
24
132
225
46
177
4
27
109
162
33
145
192
70
65
119
192
85
113
76
59
4
128
96
159
44
128
180
123
8
33
96
96
222
58
45
213
81
119
206
177
166
24
4
224
24
218
73
18
242
55
149
24
83
36
90
64
1
144
28
0
66
56
103
2
130
9
132
80
132
1
34
143
0
0
70
2
169
64
131
76
64
166
12
0
4
48
0
66
20
37
186
0
40
66
64
48
104
52
42
167
28
165
110
17
168
56
5
160
24
20
64
145
35
59
185
8
70
35
226
66
0
1
131
192
194
6
9
70
67
1
78
161
6
16
18
79
87
48
5
10
5
202
65
40
213
25
45
18
42
18
8
4
133
57
19
0
73
46
2
33
192
36
97
7
28
124
181
85
0
48
36
37
160
164
170
64
40
32
73
64
21
16
250
0
1
16
16
0
0
36
71
2
0
11
4
16
4
9
2
205
8
1
192
192
32
65
194
64
20
128
72
0
132
129
64
94
4
65
170
0
8
0
64
32
0
20
35
68
84
167
110
17
44
8
4
176
24
24
73
0
98
19
177
8
67
96
98
75
149
220
58
7
114
20
22
114
10
132
160
46
165
38
27
237
170
33
213
97
71
81
183
194
93
249
220
123
20
224
96
220
44
129
164
75
40
32
96
124
202
56
169
213
113
247
110
153
166
24
4
224
24
90
73
26
179
55
149
24
83
64
74
70
1
131
148
64
6
90
71
2
194
1
20
19
192
147
18
162
85
0
70
14
173
194
3
78
130
166
13
18
40
16
8
98
38
21
187
2
108
195
84
0
104
144
74
209
28
129
14
25
172
16
5
112
24
148
67
16
114
49
185
88
84
35
251
210
2
146
34
65
2
2
139
66
0
0
2
34
129
3
16
126
131
33
212
64
135
5
4
214
153
249
13
130
128
160
48
128
44
64
190
123
0
5
104
224
82
16
136
209
88
128
204
153
172
24
1
112
28
156
65
16
240
51
180
24
86
48
121
2
139
128
10
1
74
4
14
51
24
132
165
48
212
44
25
239
146
161
144
196
6
73
103
71
213
81
5
18
74
0
96
159
38
81
176
114
88
105
116
96
213
56
35
85
84
117
239
145
164
24
4
176
29
218
9
18
242
39
189
24
71
32
90
88
5
189
144
2
79
32
103
64
66
71
4
80
228
57
34
254
26
65
68
84
53
65
131
153
8
164
204
64
134
188
224
78
20
65
168
1
106
200
72
48
21
20
38
101
36
167
110
155
44
8
7
242
29
24
73
24
99
27
177
8
3
96
226
64
1
152
24
0
67
60
103
2
130
9
4
80
132
41
2
143
80
0
70
2
49
64
131
12
68
166
12
0
4
52
0
66
20
5
170
0
104
64
64
48
64
52
42
119
28
165
110
25
168
24
5
162
25
20
73
17
34
59
185
8
2
32
226
70
9
203
210
66
6
91
6
34
230
5
146
147
226
182
74
128
85
48
103
14
189
194
35
15
194
166
13
66
40
16
41
210
38
20
219
66
124
199
214
146
234
60
73
147
28
193
46
85
172
16
5
49
25
180
74
16
114
57
189
88
20
50
251
5
164
205
10
16
212
131
125
160
68
4
20
1
63
155
197
11
100
1
36
16
65
254
32
104
161
12
1
53
8
24
9
244
70
149
154
0
18
13
20
176
176
8
134
20
152
64
128
17
44
127
12
17
25
132
10
184
96
40
12
72
5
38
241
210
19
144
34
192
2
6
131
66
10
8
2
36
165
2
16
127
131
41
212
64
133
1
20
198
220
249
77
130
0
160
32
80
37
68
191
75
32
5
64
96
66
24
137
213
92
132
76
153
172
24
0
96
24
156
203
16
240
49
148
92
87
48
248
211
21
144
34
192
66
14
2
98
10
8
6
44
165
6
17
239
195
57
228
72
133
1
52
198
220
249
77
194
2
162
32
80
37
21
191
75
32
5
68
96
64
24
43
85
92
228
76
153
172
24
4
224
24
156
203
16
240
49
156
92
86
48
240
72
1
153
144
0
71
44
103
3
194
11
4
80
196
57
34
207
25
65
70
6
53
64
131
217
68
166
76
0
134
188
0
70
20
69
170
0
106
200
64
48
80
52
42
101
20
165
110
155
172
24
5
178
29
28
73
1
98
27
177
8
3
96
226
65
6
132
16
9
118
33
86
48
126
2
5
0
205
34
39
235
252
129
98
200
164
200
51
76
138
176
2
88
0
51
75
211
36
85
184
82
120
225
116
112
92
58
47
212
20
229
111
153
172
24
5
240
29
156
73
16
242
51
189
88
86
32
250
5
160
73
138
16
220
131
92
132
68
6
20
1
27
155
129
139
68
1
36
0
1
238
32
104
129
12
5
55
8
8
9
148
6
209
154
0
18
15
20
144
48
8
132
16
136
64
128
19
60
231
0
17
9
133
10
176
96
40
44
72
5
38
249
4
7
133
0
0
22
32
103
0
2
2
4
80
37
25
2
8
8
193
68
208
0
80
131
88
32
132
132
0
132
40
64
76
16
65
168
17
2
0
8
132
48
16
134
68
224
35
78
25
40
40
0
178
29
24
8
0
66
3
180
64
2
96
98
1
6
132
128
0
158
36
119
32
70
10
6
128
53
27
5
4
105
193
224
208
37
82
211
80
40
132
4
0
132
33
65
207
0
67
168
17
8
200
8
100
20
56
167
84
96
247
111
24
168
24
0
240
29
152
8
2
226
19
181
64
83
32
106
28
42
117
197
168
221
189
112
140
52
95
85
209
117
217
192
153
200
194
106
245
104
130
211
221
124
149
242
44
175
23
222
151
80
65
10
212
186
248
15
125
61
225
39
228
164
247
107
187
237
169
107
242
29
154
89
36
195
19
229
232
79
101
254
25
17
221
220
54
57
121
118
52
222
117
145
31
249
52
74
236
220
33
107
102
124
224
51
13
171
162
88
121
64
52
105
214
38
20
186
82
120
209
245
242
222
185
15
208
20
225
110
153
172
26
5
240
29
159
73
16
242
59
191
88
86
34
251
145
210
93
143
235
153
151
120
190
117
60
203
189
121
68
8
230
213
5
96
200
32
170
120
78
221
185
46
255
11
51
127
213
36
84
186
82
112
169
246
114
94
8
15
209
20
244
77
153
173
24
5
240
29
159
73
16
242
51
188
88
87
34
249
2
0
0
130
200
136
130
0
2
64
2
4
144
0
89
32
68
82
0
128
192
0
136
64
72
0
8
8
128
136
25
67
53
36
81
8
0
66
0
66
128
16
0
10
64
6
192
69
145
12
16
4
52
9
137
75
16
98
34
52
64
6
34
225
2
2
1
2
205
136
134
9
142
32
10
71
129
4
8
17
230
215
1
0
192
7
138
64
70
220
184
46
146
10
3
110
197
36
81
56
82
42
169
70
96
84
0
15
197
20
180
77
153
172
24
5
240
29
156
73
16
114
51
188
88
87
32
248
82
203
147
253
32
74
232
198
10
130
41
156
83
228
223
186
235
212
33
103
14
173
196
51
77
207
183
13
83
10
50
56
242
38
85
186
82
122
201
116
178
94
56
110
213
22
225
110
153
172
24
5
240
29
157
73
16
242
51
189
88
86
35
251
88
153
222
246
54
115
248
118
84
154
119
213
94
208
145
234
254
221
125
239
199
125
229
243
43
75
166
156
89
68
180
248
254
38
212
186
87
126
217
245
218
127
187
46
219
55
211
110
155
172
27
197
240
29
157
73
17
242
51
255
89
119
35
251
82
11
147
213
32
78
220
231
14
194
123
20
81
196
219
242
235
213
32
102
14
173
198
51
79
207
183
45
82
10
50
56
114
38
85
186
82
126
195
84
176
124
177
110
205
30
193
110
153
172
24
5
240
29
149
73
16
242
49
189
88
70
33
242
70
5
131
148
64
6
90
71
2
102
1
4
16
196
19
18
128
85
0
70
10
173
194
3
78
130
166
13
18
40
16
8
98
38
20
186
2
104
67
84
0
104
16
72
209
28
129
78
25
172
24
5
48
24
148
65
16
114
49
185
88
86
34
241
252
121
255
221
114
79
93
247
143
198
127
158
95
236
223
254
187
213
122
111
30
175
230
55
31
239
183
61
83
190
118
185
226
55
117
255
194
127
211
221
178
126
181
110
191
30
193
46
159
172
19
213
120
29
149
75
81
254
121
251
121
84
35
251
198
201
203
218
66
23
91
2
38
230
37
154
155
226
182
74
128
85
56
103
14
189
194
35
46
194
166
13
67
169
20
41
210
39
20
219
66
125
215
214
18
234
60
105
155
28
193
174
85
172
18
5
121
25
148
74
16
242
57
189
89
84
50
251
11
149
156
58
7
107
20
14
51
74
140
160
62
172
38
91
237
178
33
212
97
85
81
35
66
93
240
76
123
68
226
97
221
36
17
176
99
72
73
112
112
205
60
41
85
85
247
238
153
164
24
4
224
29
216
73
26
178
63
189
24
83
0
202
68
11
129
152
64
78
4
103
0
68
11
20
64
229
153
2
137
65
32
102
6
45
192
131
94
213
148
4
0
136
16
8
214
22
65
170
0
40
71
68
32
48
184
163
45
24
101
238
19
164
41
144
49
89
20
10
65
106
19
177
72
69
33
234
70
1
139
146
64
6
90
7
2
230
1
132
19
194
18
10
128
85
48
103
14
173
194
3
78
130
166
13
18
40
16
41
66
38
20
187
2
108
67
214
16
104
48
72
147
28
193
46
81
172
16
5
49
25
180
66
16
114
49
185
72
20
48
251
82
1
131
213
64
70
88
199
2
192
19
20
17
196
147
18
234
85
0
70
14
173
198
3
14
218
182
13
18
40
50
56
98
39
21
186
18
124
195
84
16
104
144
74
205
28
129
110
153
172
24
5
240
24
148
65
16
114
49
185
88
6
33
242
131
128
8
2
133
0
129
140
38
4
4
64
0
27
38
133
74
118
4
36
0
2
172
96
104
129
24
8
151
8
16
9
180
36
16
218
66
66
15
128
131
210
8
0
16
30
80
132
17
44
82
4
16
1
133
10
16
96
32
60
64
85
38
249
236
109
239
220
98
87
93
103
183
199
61
154
95
236
182
78
153
213
122
111
30
253
242
35
31
247
183
61
65
252
54
169
194
55
38
251
194
125
210
124
50
235
181
239
191
28
229
46
157
172
154
223
123
93
148
94
89
246
121
255
123
84
43
250
1
6
4
2
9
22
3
22
32
84
4
69
8
125
36
37
228
252
1
96
192
34
144
114
72
136
128
10
208
0
49
97
213
36
81
184
83
96
168
96
112
92
24
15
212
16
244
79
153
172
24
5
240
29
156
73
16
242
51
188
88
87
32
248
10
1
137
156
2
1
88
47
21
226
85
132
17
132
49
66
136
28
0
67
128
48
196
3
12
128
128
0
64
224
61
104
69
52
49
168
18
104
128
80
16
169
21
40
178
20
129
110
27
168
26
7
50
24
52
0
17
34
59
249
9
22
34
227
3
147
0
2
13
152
128
26
210
26
162
97
34
89
68
17
228
166
134
145
196
38
65
71
197
2
97
66
18
12
193
96
143
42
194
180
122
8
163
224
202
86
50
137
208
115
145
79
176
190
8
0
240
5
217
65
54
50
150
180
48
211
228
73
3
212
8
138
143
144
155
24
166
66
61
140
13
9
37
53
68
246
4
176
192
114
144
96
96
148
233
76
19
50
9
49
240
60
155
0
66
64
0
225
18
202
8
8
80
84
192
76
147
24
18
5
40
9
196
89
24
178
58
188
16
210
42
177
2
2
0
130
9
216
128
5
34
24
2
5
128
21
41
1
76
0
129
128
192
32
74
97
64
16
0
0
16
0
1
66
149
32
81
32
112
74
168
32
96
20
8
47
84
20
244
107
144
44
24
4
180
13
152
9
18
98
50
180
64
87
32
122
147
212
12
206
39
93
220
176
63
221
61
201
30
61
116
188
189
242
100
187
148
114
229
106
105
119
53
114
61
115
215
119
148
248
185
64
255
73
250
41
119
157
239
63
150
16
244
109
163
219
223
15
252
3
184
92
187
211
114
119
247
249
12
174
11
212
172
13
47
217
149
124
190
181
149
205
156
61
47
141
237
212
35
99
196
34
230
115
77
159
177
42
81
2
51
107
215
36
85
186
82
120
233
116
112
94
56
47
213
20
245
111
153
172
24
5
240
29
156
73
16
242
51
189
88
87
34
251
51
18
1
130
207
10
3
8
230
68
18
2
45
41
48
21
246
246
1
48
192
64
153
100
198
128
104
8
178
24
73
73
16
44
18
158
72
66
5
192
132
192
12
137
64
0
192
197
16
36
16
0
34
24
143
9
8
48
2
144
8
6
32
113
147
210
12
199
39
220
220
128
63
245
61
203
158
61
116
158
61
210
36
187
132
112
229
104
105
87
241
122
61
115
215
119
151
248
56
64
255
73
250
43
117
157
105
125
151
20
252
41
131
219
23
7
188
3
186
108
59
83
178
85
209
121
4
174
34
143
192
218
1
204
68
79
21
208
14
181
48
119
204
198
203
16
161
43
197
44
201
99
93
223
16
5
42
202
27
77
151
38
117
178
116
90
251
52
101
117
184
103
13
148
117
235
145
36
121
12
178
29
186
8
0
226
103
189
74
71
33
218
67
1
8
39
199
128
27
8
142
3
19
78
177
72
0
20
36
35
0
212
72
35
130
68
84
144
248
44
130
176
33
40
198
44
66
190
91
42
128
72
192
88
16
136
209
80
160
29
153
142
24
1
240
29
156
65
16
242
51
189
56
87
34
249
3
6
140
0
143
220
6
20
38
100
63
4
136
61
50
37
237
240
33
224
192
35
194
113
72
125
181
46
80
18
51
99
215
44
81
184
82
104
232
96
112
92
56
47
213
16
245
111
153
172
24
5
240
29
156
73
16
242
51
189
88
87
32
250
198
9
139
212
66
6
90
71
2
198
5
130
19
192
182
90
128
85
48
103
14
173
194
3
15
194
178
13
2
40
20
41
210
55
52
155
2
108
199
214
144
234
60
105
187
28
193
46
85
172
16
21
113
89
180
74
17
122
49
61
88
20
51
251
3
147
144
10
5
10
4
30
242
24
132
161
34
151
4
25
111
166
161
144
192
6
73
71
66
213
112
4
18
8
128
96
159
46
209
180
114
8
41
96
96
222
58
43
85
81
53
207
176
164
24
4
176
24
218
65
18
178
54
181
24
85
4
90
3
6
0
2
205
136
6
1
34
64
2
66
136
45
64
5
100
99
4
160
192
0
24
96
66
144
8
12
144
0
9
81
112
36
80
16
64
2
4
192
133
80
8
142
64
66
192
69
128
4
16
0
52
8
141
75
16
114
18
52
64
86
32
56
80
11
147
245
32
70
248
231
2
192
123
20
83
196
155
50
239
213
32
102
14
173
196
19
15
207
183
76
82
34
50
56
114
38
117
186
82
124
202
84
48
120
177
110
237
12
225
110
153
172
24
5
240
29
148
73
17
242
49
189
88
70
33
250
3
147
144
10
5
18
4
30
242
16
132
161
46
149
36
27
111
166
33
144
192
7
65
103
194
85
241
12
59
0
192
96
159
44
144
180
123
8
33
96
96
202
58
45
85
113
53
206
176
166
8
4
240
24
218
73
18
178
55
149
24
81
4
90
1
7
132
0
0
78
36
87
32
68
2
4
0
53
27
3
13
104
193
100
80
37
80
211
81
56
148
132
0
132
32
65
94
0
67
168
17
10
200
72
116
20
24
167
69
96
231
110
25
40
24
0
240
29
152
8
18
226
19
181
72
83
32
234
4
7
129
0
0
70
32
103
0
2
2
4
80
37
27
2
8
8
193
68
80
1
64
131
88
0
132
132
0
132
40
64
68
16
65
168
17
2
0
8
164
48
16
134
68
164
35
78
25
40
40
0
145
29
24
8
4
66
3
176
72
2
96
98
35
149
129
2
5
136
133
26
210
24
164
225
34
89
4
17
102
166
167
145
196
38
89
71
192
162
64
6
18
8
193
96
143
46
194
180
122
8
35
232
202
86
50
137
208
113
17
79
176
190
8
0
240
1
89
65
55
178
150
181
16
215
228
73
64
1
131
28
0
66
28
103
2
130
9
4
80
132
1
2
141
1
2
70
2
45
68
131
76
64
166
76
0
12
48
0
66
20
37
170
0
40
66
64
48
104
53
42
167
28
165
110
25
168
56
7
48
24
20
64
17
35
27
185
8
6
33
226
3
147
128
10
5
138
5
26
210
24
160
225
34
11
4
25
102
166
161
145
192
38
73
71
192
179
97
6
18
8
192
96
159
46
210
180
122
8
35
96
224
94
50
137
16
113
21
207
176
190
8
0
240
9
89
65
54
178
150
181
16
211
164
75
3
6
4
2
205
136
2
1
34
64
2
66
136
33
64
5
100
99
4
160
192
0
24
96
66
144
8
76
144
0
9
81
112
36
80
16
64
2
4
192
133
16
8
142
64
2
192
69
128
4
16
4
52
9
141
11
0
114
18
180
64
86
32
120
35
2
1
138
141
128
1
8
230
38
8
4
41
77
57
37
70
118
1
32
192
2
140
44
74
128
4
8
146
8
25
95
112
38
81
26
0
66
7
202
134
66
8
10
0
146
64
129
0
44
80
4
54
24
133
1
136
32
42
28
72
68
34
177
1
6
4
0
9
134
2
23
32
96
0
69
8
125
0
5
132
120
1
224
192
32
208
115
64
8
128
6
80
0
33
65
215
36
81
184
83
104
168
96
80
28
24
143
208
16
245
79
153
172
24
5
240
29
156
73
16
242
51
188
88
87
32
248
3
212
8
10
207
18
2
0
38
70
0
6
8
9
36
53
68
118
4
176
192
82
144
96
64
128
40
72
144
18
153
113
240
44
146
0
66
66
0
224
130
74
12
8
80
86
224
77
144
12
16
4
40
9
140
75
24
50
50
60
80
82
34
161
1
133
140
10
2
87
4
23
34
198
12
132
24
44
63
39
13
122
96
161
208
115
80
195
81
97
148
68
0
144
19
64
207
24
195
160
91
72
232
104
112
28
56
47
213
116
181
111
153
168
24
5
240
29
216
81
19
242
51
181
80
211
104
234
3
132
140
10
1
82
4
6
34
6
12
132
8
45
47
7
13
34
0
160
192
115
80
99
64
1
148
64
16
0
1
65
215
24
195
32
83
8
232
104
112
28
56
173
84
80
245
111
145
168
24
5
176
9
216
73
26
226
51
181
80
211
104
234
3
4
136
10
1
82
4
6
34
6
4
4
0
45
43
1
77
34
0
160
192
99
80
99
64
0
16
64
48
0
1
65
149
0
193
32
17
8
104
104
100
20
56
161
84
80
245
111
17
168
24
4
176
9
216
73
58
98
50
181
16
211
32
202
3
196
140
13
175
221
150
52
62
245
53
200
156
121
47
140
237
212
33
226
196
35
198
113
73
93
181
46
81
2
51
107
215
36
81
184
82
120
232
112
112
94
56
47
213
20
245
111
153
172
24
5
240
29
156
73
16
242
51
189
88
87
32
251
3
6
128
2
9
216
128
6
34
0
6
68
0
61
43
33
77
50
1
128
192
32
74
99
64
0
0
0
48
0
1
65
149
0
81
32
80
72
104
96
100
20
40
33
84
80
245
111
144
168
24
4
180
9
152
73
18
114
50
181
64
83
36
74
3
134
1
4
173
136
15
24
34
5
17
64
136
29
4
1
140
101
0
112
192
33
194
96
64
144
136
44
16
0
1
9
215
52
81
168
66
40
168
97
112
28
56
47
213
16
245
79
152
172
24
5
240
29
156
73
16
242
51
189
88
87
32
250
211
8
146
2
65
2
0
142
66
0
36
3
34
144
3
24
102
131
33
20
64
135
5
7
198
137
233
12
130
8
128
112
176
37
64
180
114
0
5
228
226
86
16
10
89
82
128
204
217
172
24
1
240
29
157
65
16
240
35
188
24
84
0
217
2
139
144
10
1
74
4
14
114
24
140
229
34
215
44
25
239
150
161
16
192
6
73
103
66
221
80
5
18
8
0
64
159
38
81
176
112
8
105
100
97
212
58
35
93
84
53
239
145
36
24
4
176
24
158
9
18
242
38
189
24
69
36
90
1
142
198
130
41
87
133
150
52
252
14
69
12
125
43
165
239
244
129
34
212
99
220
115
65
41
0
2
60
64
17
67
247
96
81
48
82
90
233
96
244
92
58
38
212
22
209
111
153
172
24
5
240
29
157
73
16
242
51
189
80
87
32
250
3
2
0
2
9
200
128
4
34
0
2
68
128
21
40
1
76
34
1
128
192
32
74
65
64
16
0
0
16
2
1
65
149
32
81
32
48
8
104
32
96
20
8
33
84
80
244
107
144
44
24
4
180
9
152
9
18
66
18
181
64
83
36
74
67
149
156
26
7
50
4
30
114
0
132
128
46
177
38
27
237
162
33
244
64
199
81
183
194
81
241
204
123
0
192
96
221
44
128
180
91
8
32
96
124
202
56
47
213
117
247
206
57
172
8
4
240
24
216
73
26
178
55
149
24
83
68
74
64
1
139
28
0
67
28
103
2
130
9
4
80
132
33
2
141
9
0
70
2
53
64
131
12
68
166
76
0
4
52
0
70
20
5
170
0
104
64
64
48
72
53
42
39
28
165
110
25
168
24
7
176
24
28
65
17
35
59
185
8
6
96
226
88
9
145
144
2
79
32
103
66
64
67
4
80
228
57
34
252
27
65
198
86
53
64
195
155
72
164
204
0
134
180
96
78
20
65
168
25
74
200
72
48
21
20
34
197
52
167
110
153
172
9
7
242
29
24
73
9
115
19
177
8
19
96
234
131
197
12
140
39
93
220
2
55
222
61
201
30
61
100
172
141
58
164
185
68
112
244
99
121
87
129
114
61
114
150
113
148
112
185
96
255
72
250
169
119
189
47
105
182
20
246
110
35
219
126
15
252
1
250
12
191
211
118
101
115
249
8
170
1
6
148
16
9
82
161
86
48
252
2
69
0
93
3
33
239
244
129
34
196
32
204
115
72
139
176
2
88
2
51
99
215
32
85
176
82
120
233
100
112
92
58
47
212
16
245
111
153
172
24
5
240
29
156
73
16
242
51
189
88
87
32
250
72
1
155
144
0
67
44
103
3
130
11
4
80
196
57
2
141
25
32
70
6
53
64
131
72
68
162
76
0
132
52
8
70
20
65
170
16
104
192
64
48
80
53
42
101
20
165
110
155
172
24
7
178
29
28
65
1
34
19
177
8
18
96
226
131
194
13
143
239
152
151
40
190
121
60
203
157
121
68
12
228
215
5
32
200
38
138
120
74
220
185
46
255
3
51
127
215
36
80
56
82
120
169
244
114
94
8
15
209
20
244
77
153
172
24
5
240
29
156
73
16
242
51
188
88
87
34
249
2
2
0
130
200
136
2
0
2
96
2
4
144
0
25
16
68
83
0
128
192
0
137
64
72
128
8
76
130
0
153
67
53
164
80
0
66
66
4
66
128
16
0
8
64
14
192
5
145
72
16
4
52
9
137
203
16
98
50
180
64
2
32
225
2
2
1
131
205
136
131
8
142
57
18
71
129
12
72
21
100
215
1
16
192
34
138
104
72
152
184
46
146
2
1
111
85
36
81
48
82
106
168
98
224
84
0
15
197
20
180
77
153
172
24
5
244
29
157
65
16
114
51
188
88
87
32
248
80
11
147
253
32
74
248
230
10
128
107
4
81
196
219
186
239
221
33
102
14
173
198
19
79
203
182
76
82
34
50
56
246
38
85
186
82
126
202
84
176
124
185
110
237
30
225
110
153
172
24
5
240
29
149
73
17
242
49
189
88
70
33
242
210
19
146
34
197
2
6
130
66
8
24
7
46
165
3
24
239
131
57
212
72
133
1
20
198
220
248
12
194
0
162
32
208
45
5
255
91
48
5
100
96
64
24
31
93
28
228
204
153
172
24
4
240
30
156
201
16
240
49
156
92
86
48
248
70
5
139
148
64
2
88
71
2
194
1
4
2
196
3
26
0
69
32
71
14
173
194
3
78
130
162
13
2
40
48
9
98
54
20
171
2
108
66
84
0
104
16
72
147
28
129
46
89
172
16
5
112
24
180
67
17
114
49
189
88
84
51
250
70
1
139
212
64
2
88
199
2
194
1
132
18
192
19
26
128
85
48
71
14
173
198
3
78
194
162
13
2
40
48
40
98
54
20
155
2
108
194
86
0
104
176
72
147
28
129
46
89
172
16
5
112
24
180
67
17
114
49
189
88
84
51
251
70
9
139
213
96
70
88
199
2
194
19
4
83
196
19
50
172
85
48
71
14
173
198
3
78
210
178
77
66
42
50
56
98
54
21
187
66
108
194
84
16
104
177
104
203
28
129
46
217
172
16
5
112
29
148
65
17
114
49
185
72
20
33
250
70
1
139
212
64
2
90
71
2
194
1
134
18
192
34
27
0
85
48
71
14
173
194
3
78
194
162
13
18
40
16
41
66
55
20
155
2
108
195
214
16
104
48
104
155
28
129
46
81
172
16
5
113
88
180
66
17
114
49
189
88
20
51
251
3
6
4
2
205
154
6
0
34
64
2
66
140
57
0
5
100
231
4
180
192
66
144
96
64
144
9
76
176
0
1
65
84
36
80
0
64
8
0
64
68
0
24
143
193
64
244
77
16
132
24
0
32
8
158
11
8
114
18
148
64
87
32
120
51
82
0
138
143
4
5
8
166
102
56
0
61
45
57
53
103
214
0
32
192
2
136
44
10
132
32
8
146
24
17
95
112
164
81
24
66
64
1
194
38
66
12
8
4
150
196
197
128
5
16
4
38
8
132
73
8
96
34
28
80
68
34
176
68
9
131
144
64
70
4
103
0
132
11
4
83
228
155
2
137
65
32
103
6
173
192
3
95
215
150
12
0
136
16
8
18
23
97
138
0
44
70
64
32
48
176
99
45
28
37
238
83
168
49
144
17
88
52
10
65
106
17
249
72
69
17
234
198
73
139
220
98
7
91
71
35
230
5
138
19
224
182
74
136
85
56
103
14
189
226
35
15
195
182
45
3
168
20
41
210
55
52
155
2
124
215
86
178
106
60
105
187
28
193
174
85
172
48
21
49
89
180
202
17
250
49
61
89
84
19
251
252
73
255
221
34
79
89
231
159
198
127
158
95
236
91
254
189
213
122
111
30
189
228
51
159
239
183
92
65
190
118
185
226
55
101
251
210
126
210
125
178
127
181
110
191
30
193
110
223
168
155
215
248
29
149
95
81
246
121
251
121
116
3
251
187
214
116
239
255
149
159
137
110
85
49
74
189
123
118
85
118
247
12
248
122
246
147
124
182
186
249
59
254
185
245
63
146
236
30
222
202
121
176
255
231
75
88
157
208
140
216
21
137
151
20
45
122
146
159
109
56
246
48
28
220
223
40
185
88
153
222
222
54
123
248
118
85
152
86
149
62
240
57
202
255
221
123
239
198
127
229
183
41
75
166
156
125
68
180
232
254
38
117
184
87
126
217
116
248
95
187
46
223
183
83
238
155
172
31
133
240
29
157
77
17
242
59
255
89
119
34
251
4
170
101
196
56
221
189
96
189
52
223
117
217
117
217
192
137
200
194
42
245
112
194
251
125
182
133
179
44
239
21
207
151
208
77
138
244
250
251
63
117
61
233
39
228
162
245
107
187
237
169
75
178
21
159
28
36
67
18
237
234
159
97
254
33
5
73
139
129
196
131
77
164
68
4
4
1
63
155
165
11
116
1
36
10
35
222
32
88
128
12
1
179
8
25
9
180
6
17
154
0
83
7
28
160
49
8
128
4
152
65
128
17
44
223
44
17
0
132
42
56
96
40
12
72
4
38
241
32
1
9
139
129
196
3
12
166
68
4
4
1
59
155
164
74
84
0
36
10
35
206
32
72
128
4
1
179
8
25
9
180
6
17
154
0
66
7
20
162
115
8
0
20
154
65
128
17
44
215
40
17
1
132
42
56
96
40
44
72
4
38
249
226
0
9
130
193
194
6
9
70
67
25
74
177
6
20
16
79
87
60
4
10
145
139
64
72
213
25
45
146
42
18
8
0
133
153
83
2
77
46
2
32
192
36
105
23
28
124
180
87
128
16
36
13
160
166
170
192
40
32
25
68
21
16
178
50
18
1
130
207
10
1
26
166
74
18
1
45
9
16
21
118
214
1
48
192
6
136
101
74
128
104
8
146
24
73
73
80
44
90
52
66
66
5
192
132
194
4
10
64
4
192
205
128
36
24
0
34
8
143
9
8
48
34
152
0
4
32
49
1
134
134
130
41
83
129
246
52
252
6
69
12
125
43
165
239
244
129
34
196
32
204
115
73
43
0
2
60
0
17
91
247
32
81
176
82
122
233
100
244
84
58
38
212
0
209
111
153
172
24
5
240
29
156
73
16
242
51
189
88
87
32
250
3
147
130
10
5
2
5
30
242
16
132
129
34
153
6
25
109
166
33
144
192
7
65
71
194
241
80
76
19
0
192
96
159
44
194
180
123
8
33
96
96
30
58
163
85
113
21
206
176
168
8
0
240
24
216
65
54
178
23
149
16
213
4
90
3
147
144
10
5
2
5
30
210
24
140
225
34
156
4
25
111
166
161
17
192
7
73
71
66
213
80
4
18
8
0
96
159
46
208
180
48
8
41
96
97
86
58
35
93
81
53
207
176
180
24
4
240
8
220
65
54
178
38
189
16
85
4
90
3
24
144
2
5
74
5
30
210
24
142
101
34
140
6
25
111
38
161
17
192
7
73
71
66
212
80
4
18
8
0
96
159
38
81
176
50
8
73
100
97
84
58
35
77
80
53
239
176
36
24
4
240
8
156
65
16
50
38
189
16
85
4
90
65
7
134
16
0
70
36
71
32
196
2
4
0
245
27
3
77
104
129
102
84
165
86
147
89
8
148
192
0
132
34
64
87
18
67
168
17
10
64
72
100
52
24
166
69
64
103
110
153
40
24
1
240
29
152
72
19
226
19
181
72
83
32
234
88
137
222
218
34
91
80
54
119
156
86
149
63
184
61
202
255
210
121
239
132
93
197
183
41
107
162
28
125
192
180
233
223
38
117
184
87
126
217
116
240
223
185
47
223
182
117
238
155
168
31
133
240
29
159
77
17
242
59
253
89
23
2
251
68
9
147
148
64
66
12
71
2
128
11
0
83
228
147
10
137
9
32
71
14
141
66
3
95
215
158
76
0
172
16
8
18
23
97
171
0
44
70
72
32
32
180
97
175
28
37
174
81
168
48
209
49
88
52
10
65
106
17
241
72
116
17
234
3
2
0
163
205
136
139
8
28
63
50
75
128
72
72
17
100
127
1
144
200
39
138
120
66
220
185
102
146
3
35
71
215
160
81
48
115
104
168
98
224
92
0
11
213
16
244
73
153
140
24
5
244
29
156
65
16
242
51
188
80
87
32
248
2
2
0
130
200
136
2
0
2
34
2
0
144
0
8
16
68
3
0
128
200
1
11
72
72
144
8
78
2
0
145
71
21
164
80
0
107
66
4
66
128
16
8
8
65
4
192
1
17
64
24
4
36
1
137
171
18
66
18
180
64
19
48
225
3
6
128
10
9
66
4
6
34
0
4
4
0
61
35
1
77
34
0
128
192
35
80
99
64
0
16
64
32
0
129
65
151
0
65
32
17
8
104
104
100
20
56
161
84
80
245
111
145
168
24
4
180
9
216
73
51
82
50
181
16
83
32
74
195
1
8
39
231
128
27
8
142
3
19
78
137
8
2
21
4
55
4
212
72
163
146
64
80
144
184
40
146
176
33
1
198
60
66
168
203
8
128
72
192
88
16
137
209
80
160
29
153
142
24
1
240
29
156
97
16
242
51
189
56
87
32
251
1
6
4
0
9
130
2
7
32
96
2
4
0
97
32
1
4
104
1
224
192
32
80
99
64
8
128
6
16
4
33
64
215
48
81
168
83
40
168
96
112
28
24
143
212
84
247
79
153
172
24
5
240
29
156
73
16
242
51
180
88
87
32
232
3
133
136
10
1
86
4
7
34
130
12
132
16
36
47
39
77
58
0
128
192
115
82
67
81
1
148
64
0
128
147
64
199
16
195
32
83
72
232
104
112
28
56
45
20
84
181
111
153
168
24
5
176
29
216
81
19
242
51
181
80
211
104
234
3
132
140
9
175
221
158
20
60
182
23
76
152
125
59
133
141
216
33
226
196
35
198
113
73
93
149
46
80
3
51
99
215
36
81
56
82
104
232
98
112
92
56
47
213
20
245
111
153
172
24
5
240
29
156
73
16
242
51
189
88
87
32
250
3
132
140
9
174
221
158
4
60
247
23
76
152
125
59
133
141
216
33
226
196
35
198
113
73
93
181
46
80
3
51
99
215
36
81
56
82
104
232
98
112
92
56
47
213
20
245
111
153
172
24
5
240
29
156
73
16
242
51
189
88
87
32
250
3
6
128
2
9
74
128
6
34
0
10
68
0
61
42
33
77
34
0
128
192
33
74
99
64
0
0
64
48
0
131
65
151
0
81
32
16
8
104
96
100
20
40
33
84
80
245
111
144
168
24
4
180
9
152
73
18
82
50
181
64
83
36
74
2
1
136
138
0
82
4
7
34
194
0
128
16
36
39
3
13
42
32
128
192
113
82
67
80
1
144
64
0
128
129
64
135
16
195
32
17
8
104
104
96
24
48
161
20
84
181
110
19
168
24
1
176
9
88
81
19
99
19
181
16
211
72
106
1
2
0
2
9
200
128
4
34
0
2
69
0
21
40
33
76
34
128
128
192
32
74
67
64
0
0
64
16
10
129
65
151
0
81
32
48
8
104
64
100
20
8
1
68
80
245
111
144
172
8
4
180
9
152
73
18
82
18
181
64
83
36
74
3
147
130
10
5
18
5
30
226
16
164
129
46
153
6
27
109
166
35
148
192
7
81
199
194
33
212
76
51
0
192
96
159
44
130
180
123
8
32
104
104
26
58
167
85
113
149
206
184
168
136
0
112
24
216
65
54
178
23
149
24
209
4
91
210
2
131
2
197
2
6
143
134
0
56
3
35
133
3
16
117
135
33
212
72
135
128
0
66
204
248
72
146
144
2
40
160
45
66
180
91
0
4
96
96
82
16
138
213
88
132
76
153
172
24
1
240
26
156
193
16
240
49
60
24
86
0
88
130
194
12
175
239
152
150
9
60
121
60
203
143
121
68
13
228
223
5
97
200
38
170
120
74
222
185
38
221
3
49
127
215
160
80
48
115
120
168
226
82
94
8
15
209
20
244
73
153
140
24
5
244
29
157
73
16
242
51
188
88
87
34
249
33
2
0
131
137
132
129
8
166
68
2
4
177
127
145
36
66
84
1
32
194
42
137
100
10
128
4
0
146
136
25
95
52
166
80
26
0
194
3
142
135
96
8
2
0
2
72
131
0
4
80
32
22
0
132
9
0
96
34
12
64
68
34
249
251
214
100
167
255
45
27
153
110
69
49
74
191
121
118
93
246
247
28
244
90
192
179
116
30
154
249
59
247
58
247
57
240
101
92
219
202
113
128
215
215
218
24
31
208
30
216
21
141
133
16
5
104
159
135
105
24
244
49
60
92
86
34
185
12
41
237
212
32
221
241
110
189
220
70
213
89
55
249
226
139
84
192
43
132
120
202
243
61
158
4
19
108
203
21
207
23
66
119
178
52
250
251
28
245
181
237
39
38
132
117
107
147
160
175
84
178
29
190
28
60
66
58
237
75
15
33
254
64
7
134
144
0
86
164
199
32
198
2
4
0
181
27
3
205
104
161
102
84
165
86
147
89
9
148
196
0
132
32
64
119
18
83
168
17
40
192
64
100
52
56
166
85
64
67
110
153
168
24
1
240
29
152
72
17
226
19
181
72
83
32
234
68
3
129
16
0
70
32
103
0
0
2
4
80
165
27
2
8
8
129
68
72
161
70
131
88
8
132
132
0
132
32
0
68
18
65
168
17
2
0
72
164
48
16
134
68
132
35
78
25
40
40
0
177
29
24
8
5
98
3
176
72
2
64
98
210
26
131
2
77
2
0
142
130
0
50
3
35
129
3
25
100
135
33
148
64
135
132
5
66
136
248
72
146
0
2
120
168
45
80
180
91
0
5
100
224
86
16
138
73
80
128
204
153
172
24
1
240
31
157
193
16
240
55
188
24
84
0
89
3
17
150
26
7
67
4
30
243
0
12
133
46
149
38
27
239
150
33
21
64
7
65
39
66
205
208
12
58
64
136
96
157
46
17
180
19
72
73
96
112
81
62
35
93
85
101
238
153
172
24
4
240
24
152
73
24
178
39
189
24
85
4
74
210
3
131
38
197
2
6
142
130
0
56
7
34
149
2
56
101
135
41
212
72
135
160
16
66
204
248
72
194
0
34
40
240
45
0
249
91
32
5
228
82
72
24
30
221
28
132
204
153
172
24
5
240
26
156
201
16
240
49
28
92
86
34
248
67
149
142
26
7
2
4
30
242
128
4
128
46
177
39
27
109
163
33
244
64
199
65
167
194
97
252
76
105
0
192
96
221
44
0
180
91
8
0
96
124
10
56
47
221
113
149
206
57
172
8
5
240
24
88
73
56
178
55
157
24
81
68
74
251
92
0
167
199
111
26
137
110
65
51
78
190
136
110
245
246
215
29
244
72
128
161
48
207
152
249
40
211
18
250
57
240
37
84
251
74
99
133
212
210
220
28
26
201
30
232
20
141
133
80
5
104
191
133
105
16
176
49
60
92
86
50
185
65
14
182
0
64
78
36
246
1
68
202
5
64
181
201
160
239
72
163
100
16
128
140
177
75
125
25
72
160
6
10
25
88
3
113
152
0
34
13
4
53
16
56
183
77
168
126
228
8
1
101
184
145
94
130
8
96
72
1
32
64
5
4
122
243
214
100
167
239
60
31
137
110
69
49
74
174
121
102
21
244
215
45
244
72
132
179
112
78
157
249
58
246
50
242
57
240
37
84
219
74
113
160
212
246
74
24
31
208
30
216
21
137
133
16
5
104
158
143
105
16
244
49
28
92
86
32
185
3
20
130
2
5
2
5
30
18
24
12
193
34
157
4
27
111
102
161
145
192
6
201
71
66
212
80
4
18
8
0
65
157
42
48
176
50
8
9
96
97
84
58
163
13
80
53
238
112
48
24
4
176
8
152
65
50
50
38
189
16
69
4
74
3
24
130
2
5
66
5
30
146
24
14
69
34
140
2
19
111
102
161
17
192
7
201
71
66
204
80
0
18
8
0
97
141
38
49
176
54
8
9
100
113
84
50
35
12
80
53
238
240
48
88
4
176
8
156
65
50
50
38
185
0
5
4
202
3
2
0
34
201
136
2
0
2
43
2
66
128
0
0
17
68
11
1
144
192
1
11
72
64
144
8
70
130
32
129
70
21
160
88
0
105
66
36
2
193
0
8
9
65
4
194
81
17
64
24
4
37
65
137
171
18
67
18
180
0
19
48
96
40
41
223
194
2
93
241
111
245
216
70
149
81
182
185
226
139
84
193
43
148
92
204
227
57
128
0
16
110
203
28
75
215
66
113
176
52
218
219
52
245
245
254
38
46
134
101
234
155
40
171
156
178
29
188
12
28
98
46
233
75
13
33
254
40
171
223
202
0
95
161
111
245
216
70
149
81
182
255
234
11
84
193
43
148
84
204
179
57
128
0
0
47
200
18
74
213
66
117
176
52
218
219
52
245
117
252
38
62
134
97
234
155
40
239
156
178
29
191
28
4
226
42
237
75
77
35
247
32
171
247
202
0
87
161
111
213
220
64
149
83
179
159
238
202
68
225
43
148
1
236
179
89
129
4
0
47
200
24
203
229
2
117
176
52
254
73
52
246
127
48
166
58
150
97
234
27
40
239
152
178
29
188
28
132
224
3
204
91
69
43
243
