posters/Movie Poster 31.jpg
512
766
62
89.4124
-1
0
100
665
0.013615
31
73.6105
-1
0
193
665
0.0123255
31
40.156
-1
0
367
635
0.012824
31
129.472
-1
0
268
665
0.0112992
31
46.273
-1
0
365
631
0.0128993
31
-80.2176
-1
0
394
665
0.0120138
31
-46.7357
-1
0
369
649
0.0239107
31
25.6937
-1
0
361
632
0.0147539
31
-13.7816
-1
0
367
645
0.0144579
31
98.8204
-1
0
98
667
0.0147924
31
84.7497
-1
0
103
667
0.0125627
31
100.305
-1
0
191
667
0.0135693
31
-6.34019
-1
0
364
643
0.0161303
31
54.4623
-1
0
369
632
0.0231556
31
165.217
-1
0
351
667
0.0124361
31
108.004
-1
0
356
667
0.0118801
31
-9.16235
-1
0
396
667
0.0128116
31
14.6764
-1
0
364
636
0.0157623
31
88.4089
-1
0
405
643
0.0123035
31
36.8699
-1
0
364
665
0.0111641
31
138.366
-1
0
354
665
0.0117275
31
-77.4457
-1
0
306
635
0.00980725
31
68.6821
-1
0
192
658
0.00891739
31
16.4769
-1
0
312
652
0.00957821
31
-26.5651
-1
0
325
652
0.0105448
31
77.4712
-1
0
175
656
0.0109232
31
63.4349
-1
0
302
657
0.00849647
31
-109.885
-1
0
331
652
0.00886945
31
25.4077
-1
0
196
667
0.0107112
31
55.008
-1
0
310
658
0.0085403
31
-118.072
-1
0
391
667
0.0101176
31
79.4608
-1
0
175
653
0.0098287
31
-4.20536
-1
0
204
664
0.00902253
31
-102.958
-1
0
331
644
0.00824952
31
8.29714
-1
0
369
664
0.00825491
31
74.0546
-1
0
302
653
0.00816219
31
66.3706
-1
0
271
667
0.00828617
31
118.393
-1
0
265
667
0.00830926
31
-143.746
-1
0
380
664
0.00792694
31
23.7204
-1
0
159
651
0.00791468
31
84.1575
-1
0
126
664
0.00784072
31
-89.361
-1
1
282
630
0.00802329
37.2
11.0564
-1
1
361.2
632.4
0.0122894
37.2
16.5348
-1
1
364.8
636
0.0132046
37.2
-18.7999
-1
1
364.8
642
0.0126029
37.2
-41.4965
-1
1
367.2
644.4
0.0105086
37.2
43.5679
-1
1
367.2
634.8
0.00925913
37.2
-111.982
-1
1
330
643.2
0.00531071
37.2
-81.9643
-1
1
199.2
631.2
0.00756354
37.2
-84.5597
-1
1
294
632.4
0.00549412
37.2
-84.0075
-1
1
318
638.4
0.00723572
37.2
-86.4626
-1
1
288
631.2
0.00614922
37.2
-53.0632
-1
1
232.8
627.6
0.00698726
37.2
-65.6744
-1
1
219.6
627.6
0.00480727
37.2
-78.7872
-1
1
300
633.6
0.00512372
37.2
-86.1318
-1
1
276
630
0.00484277
37.2
6.78557
-1
1
139.2
144
0.00487302
37.2
-78.3233
-1
1
324
640.8
0.00520909
37.2
-137.883
-1
2
263.52
610.56
0.00540786
44.64
-18.4349
-1
2
257.76
606.24
0.00476359
44.64
-114.503
-1
5
243.855
271.227
0.000643926
77.1379
2.4742
-1
5
268.739
480.246
0.000593449
77.1379
62
64
131
8
143
135
174
213
153
182
29
247
23
78
155
152
50
42
140
84
36
99
72
132
230
49
106
138
156
34
208
1
58
59
245
36
16
120
82
101
160
240
80
92
24
30
216
4
200
177
25
140
26
133
216
31
156
73
16
242
49
28
76
20
0
250
179
25
155
215
164
196
217
166
95
255
113
219
175
203
18
58
254
198
36
171
74
140
231
45
234
131
247
58
219
41
242
63
119
164
60
116
126
45
242
245
211
200
171
219
138
0
217
180
203
152
95
147
236
130
188
101
129
48
48
91
84
20
0
191
6
141
206
202
98
95
208
135
59
192
7
206
158
243
63
157
12
51
184
175
135
85
83
99
115
18
16
118
45
249
158
99
151
210
83
64
178
203
254
58
244
191
108
65
177
92
113
235
213
200
170
93
149
65
185
190
59
79
122
37
83
121
91
203
204
1
136
177
129
241
96
76
61
203
6
70
147
136
50
7
8
125
149
77
10
215
226
49
96
146
26
96
80
64
58
129
82
18
154
225
35
109
68
128
208
160
20
88
195
13
107
180
95
8
58
52
201
216
238
184
145
72
33
157
69
146
17
186
6
137
154
10
65
90
208
7
43
0
7
204
18
114
110
184
140
3
176
135
135
5
66
67
115
2
24
71
5
170
138
64
151
146
65
0
32
202
206
42
130
189
8
65
177
30
241
235
209
200
40
52
181
65
121
170
19
75
50
37
16
113
83
203
178
17
181
151
204
132
65
253
198
77
80
87
239
193
18
16
254
198
64
38
74
173
195
230
206
138
118
8
146
144
90
40
87
38
25
124
14
37
90
64
81
192
149
202
201
0
233
150
19
0
153
224
160
154
28
105
73
48
112
91
68
5
1
254
146
231
95
207
32
18
144
131
99
192
53
202
222
51
7
24
236
131
44
238
2
196
1
240
254
149
89
121
167
170
138
49
150
84
1
202
74
24
58
120
39
10
57
149
181
152
208
44
83
175
133
75
56
2
178
111
56
213
24
13
80
81
82
219
2
201
152
26
128
200
64
3
11
1
15
204
146
103
76
184
77
2
32
129
135
36
67
67
231
214
64
109
3
170
138
0
151
150
65
10
40
138
202
2
130
184
8
97
180
94
181
175
209
202
32
118
180
65
112
171
17
83
16
37
16
113
211
74
33
199
92
223
34
215
210
1
35
213
37
200
156
123
37
92
174
179
56
239
23
121
87
115
240
87
209
124
37
42
212
49
150
86
49
138
194
89
218
104
55
59
184
117
181
156
209
46
149
139
165
111
58
64
178
207
49
223
120
5
81
121
191
219
131
140
143
133
175
245
153
220
189
111
21
78
139
169
50
45
140
84
52
97
72
198
230
121
110
144
188
58
214
3
58
43
85
36
156
90
82
101
168
147
208
200
24
30
219
20
248
177
89
140
26
5
200
159
156
105
144
240
49
60
84
21
0
251
136
10
135
215
163
85
221
255
157
245
87
11
155
188
51
14
171
212
105
107
76
142
230
49
75
159
149
34
214
67
62
31
243
36
113
120
82
125
224
68
112
125
56
62
205
132
201
177
25
137
92
149
208
30
158
72
17
240
49
29
76
21
0
250
146
209
154
215
190
224
217
176
95
175
53
203
135
200
22
25
252
198
100
211
74
172
167
73
234
159
243
106
211
51
254
63
227
190
184
92
91
101
106
243
83
202
163
91
218
16
153
23
200
210
82
227
108
130
20
97
145
179
48
27
244
117
134
175
2
203
92
219
34
155
210
1
43
209
37
200
156
115
109
153
140
147
60
239
7
121
71
115
225
19
81
124
39
42
156
49
150
86
80
138
75
89
218
34
183
59
56
85
177
156
209
46
149
139
165
103
58
65
243
239
17
223
56
5
81
121
215
219
198
13
138
194
75
91
208
135
59
208
6
70
18
246
107
136
12
19
184
175
199
85
94
99
115
66
24
70
36
233
158
67
151
210
67
64
115
202
206
10
208
181
76
80
145
14
113
235
213
72
42
21
151
65
185
138
19
77
58
37
65
57
17
202
129
7
8
0
197
176
36
24
49
27
168
35
224
149
0
1
137
45
175
148
104
132
17
208
66
125
25
160
212
6
40
1
72
40
144
160
123
48
5
32
120
68
26
191
85
225
182
212
56
157
24
0
193
152
202
1
22
224
23
148
70
147
68
24
1
198
2
13
137
192
160
76
177
153
128
205
130
33
4
41
130
4
132
1
200
10
174
105
102
136
0
34
29
3
11
22
253
242
57
16
48
165
106
166
71
40
10
2
42
80
120
179
96
81
124
52
132
130
172
44
155
66
166
12
0
69
131
25
226
5
170
119
39
144
92
11
149
251
185
34
163
134
34
7
128
21
48
155
136
151
211
79
116
194
130
35
82
57
44
2
99
188
158
225
250
61
34
145
112
234
35
233
182
68
133
91
83
138
26
7
9
16
252
50
145
99
254
95
47
16
216
178
131
205
136
90
130
216
208
0
43
1
7
204
146
114
108
184
140
18
52
163
134
60
99
67
117
147
17
111
39
43
158
32
150
214
65
74
10
75
218
26
131
191
108
65
145
94
113
38
209
200
34
102
60
69
49
170
17
83
56
45
81
121
211
203
218
217
174
221
246
239
223
182
157
223
120
221
11
205
86
175
157
93
125
47
124
143
230
57
107
239
191
54
221
83
118
191
116
57
189
113
215
101
252
177
115
236
179
63
207
186
253
240
110
145
94
145
201
254
158
150
193
172
43
91
199
132
16
182
208
26
131
135
102
67
156
182
83
186
26
7
2
132
51
171
13
87
188
141
72
149
36
137
138
85
185
100
144
66
150
94
80
49
185
97
28
228
44
65
112
64
103
62
175
140
228
248
70
217
118
151
143
250
4
202
198
41
0
80
69
9
80
166
129
5
4
35
197
160
166
144
113
25
132
107
162
67
2
1
128
41
165
149
73
142
35
196
98
94
25
162
248
6
42
0
222
43
48
240
59
9
13
164
89
164
26
131
201
113
62
208
40
20
72
32
217
170
72
136
31
161
39
181
0
51
132
72
196
233
158
95
32
200
222
165
91
161
47
201
18
179
207
170
239
130
60
239
15
169
103
146
201
79
167
110
65
13
163
50
243
37
100
251
90
59
225
244
210
94
56
46
147
30
91
62
153
168
126
7
248
31
149
72
144
243
51
189
88
118
34
251
178
27
147
215
34
17
212
175
66
241
23
67
63
246
35
90
127
146
104
155
14
157
111
151
147
211
242
106
166
249
148
126
63
167
48
86
90
92
242
70
49
81
225
126
141
140
89
143
205
203
207
215
54
10
177
203
17
113
240
93
81
45
129
222
210
17
147
167
213
160
222
141
67
139
25
138
160
6
3
19
111
71
48
87
10
141
198
72
236
197
122
45
18
40
32
40
38
165
188
219
35
109
6
71
33
66
181
104
47
28
29
20
84
154
114
181
5
226
52
234
209
56
56
75
5
5
144
162
230
101
170
213
34
70
218
135
3
239
49
140
82
192
51
174
137
64
126
207
31
169
116
138
93
83
183
107
129
190
178
50
96
63
46
203
218
37
70
222
18
106
176
250
155
92
1
190
77
168
86
67
89
90
52
82
145
241
97
95
93
112
91
163
250
25
142
95
175
25
84
175
254
33
23
10
191
242
107
218
125
146
48
178
78
254
135
38
179
147
245
122
226
249
214
122
155
46
0
116
91
65
242
82
176
223
237
93
149
228
209
15
215
142
155
133
62
31
209
203
17
114
185
61
121
61
128
218
130
9
130
135
139
64
220
135
22
203
18
67
146
198
35
20
45
18
32
147
68
157
238
106
50
215
114
98
146
225
134
87
7
179
58
97
115
69
106
0
65
36
100
120
143
4
221
209
85
202
90
5
135
66
248
234
147
65
164
53
5
41
144
34
43
146
109
106
55
59
31
28
245
158
129
224
61
56
52
71
154
245
106
253
176
115
81
118
37
177
221
181
127
112
117
193
221
76
190
132
235
120
48
41
44
203
126
61
183
229
87
78
52
187
188
6
98
33
255
28
52
231
63
157
243
219
108
83
54
56
255
133
48
214
152
231
211
149
215
244
223
179
147
90
248
131
122
175
17
69
231
197
255
81
252
125
36
191
222
58
181
125
37
206
222
61
201
93
113
25
33
182
169
172
144
172
255
174
175
155
176
80
56
95
100
95
58
73
121
25
124
222
146
202
130
135
205
192
136
143
30
219
48
203
162
131
6
156
109
146
172
157
72
141
238
41
67
195
123
98
159
32
162
15
117
161
120
113
119
69
46
160
195
78
171
89
155
22
88
176
195
194
94
176
197
194
253
235
195
80
164
112
20
85
146
39
32
10
179
129
136
141
1
105
203
37
162
2
211
208
89
128
246
229
98
0
222
12
26
205
223
160
36
40
130
140
88
12
71
38
66
28
0
174
162
74
165
84
0
135
8
226
153
151
144
4
128
176
34
29
15
65
1
114
18
44
64
4
1
113
210
89
138
87
239
25
88
138
158
161
23
206
190
242
110
154
116
147
52
147
78
191
227
6
227
146
244
106
194
185
198
122
155
44
64
116
91
11
226
250
210
223
197
88
145
126
129
15
243
138
27
133
124
13
217
203
17
115
176
61
56
52
130
219
196
235
111
69
96
94
186
227
104
149
247
210
74
49
216
136
137
73
126
237
21
68
37
245
127
95
157
181
236
174
6
16
144
125
97
202
218
56
248
29
253
60
57
183
253
234
246
108
137
175
133
203
217
95
147
14
118
207
17
229
104
115
100
250
35
237
40
42
23
206
147
12
223
132
172
172
49
14
255
255
155
50
226
149
181
51
87
6
85
229
205
37
19
250
199
193
133
12
227
166
187
8
233
121
106
29
54
161
53
115
53
110
185
170
170
11
178
5
120
80
62
163
126
177
187
211
110
74
80
2
139
222
36
19
28
183
83
186
57
144
67
132
17
10
135
196
248
13
8
149
228
137
72
69
175
4
21
41
52
90
96
16
188
97
222
124
34
225
50
74
35
63
190
164
4
120
83
171
62
147
9
56
182
218
198
107
58
92
109
16
64
182
135
9
138
21
143
8
216
130
26
43
2
71
130
66
106
17
4
11
16
146
71
173
74
74
99
2
242
66
144
37
139
70
127
178
88
97
59
79
226
160
193
174
14
72
130
87
131
89
81
202
24
69
133
67
121
162
151
1
188
51
4
49
146
1
0
10
146
143
168
204
144
38
15
164
39
12
18
154
91
170
108
210
32
160
140
4
206
1
75
1
133
106
1
131
146
103
165
180
113
0
1
199
234
74
177
20
32
7
40
130
184
161
209
192
247
177
180
13
145
65
49
67
40
52
80
5
0
239
134
201
138
249
129
240
104
192
44
15
33
138
131
233
23
45
132
92
37
102
78
230
130
48
78
147
151
96
209
162
50
144
210
18
155
232
33
101
82
32
162
42
16
89
114
20
249
150
89
137
16
48
200
221
132
56
145
192
41
159
68
86
3
177
132
232
116
4
48
12
16
115
159
21
167
243
195
177
220
142
178
225
230
41
21
142
16
193
253
50
157
107
36
142
138
116
202
49
102
254
128
186
163
252
209
158
32
151
168
114
56
109
161
165
161
58
120
31
139
2
48
83
48
108
122
21
36
187
5
199
85
134
48
134
31
123
163
69
41
210
135
55
148
1
227
213
44
45
130
4
128
97
72
215
173
61
22
10
16
57
210
37
60
154
64
120
43
212
49
202
40
47
173
12
244
47
129
165
16
5
40
24
158
75
16
114
50
29
88
85
32
186
147
205
154
91
171
28
93
143
158
231
47
202
146
248
110
190
231
214
52
99
14
142
226
35
127
131
183
42
211
1
18
43
247
38
80
122
66
111
226
250
210
222
56
63
216
22
213
151
217
136
26
5
120
31
157
73
17
240
57
61
92
20
2
249
192
201
154
29
104
74
252
199
26
186
15
143
18
196
111
186
239
154
48
195
76
133
103
27
99
79
178
106
193
39
178
98
247
52
69
250
83
119
232
116
242
92
56
46
253
22
183
109
153
172
26
21
240
29
157
73
144
243
59
189
92
87
2
250
195
225
24
58
64
74
14
2
67
2
9
206
226
132
68
26
205
3
52
213
3
164
1
67
197
214
251
77
3
46
138
0
146
150
73
139
8
12
78
66
34
170
36
105
183
92
52
62
65
194
32
86
41
65
96
162
25
27
16
49
20
113
211
3
3
204
136
10
2
202
80
3
107
1
37
204
146
162
108
186
140
3
52
149
135
21
97
65
245
213
89
111
3
47
158
32
148
148
97
10
10
75
238
10
162
155
44
97
185
94
116
175
213
194
34
86
45
65
115
170
17
91
56
37
17
121
82
203
198
201
8
126
99
90
90
1
41
0
39
170
152
114
108
218
136
17
60
223
15
248
1
34
69
215
147
61
163
42
30
16
146
23
65
202
74
75
218
48
162
191
189
113
177
158
245
46
197
163
3
71
11
71
243
174
17
239
56
53
57
121
243
139
226
237
72
30
99
11
88
3
107
64
63
166
58
242
108
234
130
17
52
245
7
252
1
98
83
214
145
25
162
170
22
16
146
53
65
250
202
74
218
252
162
191
189
113
189
30
228
108
197
167
1
79
139
31
123
138
25
231
49
57
25
112
146
139
70
206
146
10
73
74
130
7
43
224
37
136
18
178
111
154
12
19
184
132
133
85
95
65
83
193
89
109
35
168
134
70
149
209
97
0
32
200
238
42
167
31
108
65
61
158
113
169
213
202
40
62
151
65
113
174
27
79
140
37
17
105
83
75
32
212
56
10
5
126
3
93
231
6
172
140
37
13
63
61
223
116
194
0
208
114
81
100
84
229
221
0
59
246
195
192
141
12
195
44
176
8
232
97
46
31
54
161
116
112
180
108
176
186
136
8
178
25
88
17
58
162
62
164
50
211
110
75
1
219
84
104
232
122
160
86
120
24
106
201
76
113
76
169
230
202
133
160
196
96
33
243
195
11
65
210
237
6
169
64
220
96
80
176
125
18
169
224
223
30
26
135
208
19
246
78
184
165
12
0
240
29
155
73
22
210
23
164
80
83
102
89
192
73
154
93
32
88
248
135
26
185
15
143
146
244
75
186
229
139
48
199
76
173
70
18
75
78
176
106
193
39
162
50
243
52
69
250
83
123
192
244
210
94
56
62
245
22
131
109
153
172
26
5
248
31
157
73
16
243
57
189
92
86
34
251
88
201
155
27
34
217
124
172
219
162
127
140
81
148
79
170
253
138
80
91
14
177
102
150
233
71
228
232
65
129
158
186
233
28
97
236
91
75
192
240
250
159
49
38
182
55
5
110
155
138
171
7
248
29
85
81
17
243
59
249
121
82
98
218
193
205
154
61
232
88
124
199
26
59
47
143
146
228
110
186
173
139
48
195
76
133
98
26
67
79
178
106
193
37
162
98
215
52
69
250
83
119
232
116
242
222
56
63
253
22
167
125
153
172
26
5
240
31
157
73
16
243
57
189
92
86
34
251
174
247
124
248
54
183
126
83
97
211
109
234
206
51
164
95
139
223
45
237
147
116
81
243
196
87
243
255
126
52
180
33
210
84
148
170
203
120
240
113
116
202
58
61
247
133
247
111
154
175
16
7
104
29
222
93
16
247
51
159
89
83
108
186
141
113
93
116
52
59
124
114
112
27
111
98
206
119
230
33
229
207
21
237
101
228
1
242
225
78
225
218
252
4
160
32
218
100
148
250
75
123
145
245
94
222
26
63
212
7
230
77
153
165
24
6
232
29
159
77
30
247
51
156
88
18
102
248
208
201
154
93
32
88
90
197
27
177
45
143
146
180
79
186
229
131
52
207
14
169
103
146
201
79
243
106
65
38
162
50
242
52
97
250
82
123
192
244
210
94
56
62
178
22
129
108
153
168
26
7
248
31
157
73
17
243
49
189
92
86
34
251
195
201
138
61
233
18
220
134
58
187
33
203
130
225
39
153
173
139
32
195
196
133
103
91
71
75
179
106
193
37
160
114
247
48
92
233
83
36
160
240
114
78
56
46
251
84
211
95
153
172
24
5
240
29
157
73
146
243
51
189
92
83
2
235
123
53
236
58
23
47
85
63
244
96
221
180
45
255
6
95
240
182
67
212
249
163
211
55
208
42
224
141
115
20
224
233
207
44
7
190
203
56
193
124
90
218
24
143
212
113
231
78
153
172
153
9
240
29
156
73
56
178
59
189
24
86
46
217
48
201
155
27
34
217
212
173
203
162
63
140
113
148
93
186
255
130
99
91
158
178
102
149
209
37
229
232
65
146
226
186
233
12
99
172
91
11
232
104
186
94
48
46
22
247
37
46
155
136
174
3
176
29
117
81
145
242
43
252
121
82
74
243
188
238
111
201
250
93
179
241
221
255
126
223
223
51
220
236
147
192
255
43
245
80
172
252
249
103
13
178
237
223
63
254
229
72
76
90
222
243
233
190
219
95
107
190
208
166
240
105
191
253
143
11
220
29
159
93
118
214
50
236
250
222
106
253
254
105
235
255
55
93
217
171
223
199
95
190
179
206
251
254
144
147
118
223
31
182
208
70
189
214
247
105
66
251
94
186
162
28
199
238
222
95
203
93
144
253
245
120
183
30
161
47
223
174
147
207
250
29
124
114
80
243
121
121
63
153
250
186
27
214
28
126
45
176
252
24
51
187
192
201
172
73
36
25
252
171
161
147
228
110
67
127
224
58
227
254
95
101
229
103
223
248
216
52
127
136
248
97
120
94
123
109
245
81
247
111
184
218
24
7
244
13
216
73
23
179
183
183
178
243
166
79
220
168
251
116
56
250
242
79
249
177
207
253
214
119
206
250
240
137
255
219
231
45
106
223
213
74
230
207
97
173
227
230
191
187
102
190
91
186
249
254
218
28
224
230
241
115
183
107
185
238
137
67
244
29
153
73
22
243
247
189
248
119
163
223
