posters/Movie Poster 105.jpg
512
215
5
-0.272835
-1
0
116
111
0.00266136
31
-110.807
-1
0
215
112
0.00104427
31
39.7513
-1
0
135
114
0.00398215
31
-79.8343
-1
0
212
116
0.000551249
31
-97.8064
-1
0
212
111
0.000571641
31
5
64
50
178
93
131
190
149
140
145
246
158
56
67
173
70
49
85
244
246
68
178
209
114
25
252
200
148
101
75
158
88
241
114
119
44
222
180
122
120
41
245
84
68
2
14
208
100
144
77
184
189
24
5
246
9
156
89
22
114
50
156
90
95
104
184
126
187
242
255
106
215
252
71
207
240
109
185
55
242
191
222
255
147
250
75
151
63
215
31
223
203
247
255
71
249
214
238
135
159
103
63
241
220
250
127
42
63
229
101
191
252
183
239
253
238
237
219
182
117
184
223
65
255
251
255
251
109
153
214
122
17
56
54
39
163
91
57
198
130
213
50
245
72
0
86
182
151
66
215
58
183
209
198
212
58
246
220
82
180
228
168
202
60
134
190
154
40
192
81
88
72
53
138
241
117
131
79
155
174
152
3
112
24
92
81
24
179
115
185
56
151
168
203
220
249
222
255
122
83
126
166
90
250
125
187
94
230
159
250
127
155
248
239
207
253
239
155
155
79
243
255
201
237
246
239
255
179
21
119
255
245
255
127
114
255
237
127
255
157
247
251
223
238
95
215
245
127
28
207
215
255
255
251
221
112
211
230
92
249
222
223
106
215
252
230
95
188
125
153
23
250
191
218
255
211
248
42
143
253
207
59
187
107
247
127
107
233
246
239
247
147
103
119
247
221
254
127
50
127
229
119
191
156
215
239
223
238
255
247
182
125
185
223
215
255
251
251
249
105
147
247
