posters/Movie Poster 53.jpg
512
750
243
83.0728
-1
0
171
100
0.00537359
31
167.005
-1
0
286
550
0.00704737
31
-82.1083
-1
0
255
637
0.00596355
31
26.1753
-1
0
150
160
0.0110336
31
91.0708
-1
0
137
162
0.0066572
31
56.489
-1
0
129
122
0.00627625
31
106.39
-1
0
116
550
0.00580774
31
-90
-1
0
101
137
0.00543236
31
88.4123
-1
0
333
652
0.00658958
31
55.9391
-1
0
413
610
0.0104064
31
-47.4366
-1
0
115
177
0.00632433
31
97.125
-1
0
329
522
0.0067023
31
41.7845
-1
0
105
198
0.00800364
31
88.3293
-1
0
333
522
0.00794986
31
-27.8973
-1
0
152
158
0.0137584
31
3.94519
-1
0
201
516
0.00611633
31
101.849
-1
0
265
607
0.00543696
31
-67.3062
-1
0
112
157
0.00878297
31
91.2571
-1
0
331
524
0.00985145
31
95.6093
-1
0
340
550
0.00565584
31
21.1941
-1
0
114
180
0.0080263
31
74.9315
-1
0
364
515
0.00694293
31
-51.5819
-1
0
148
156
0.0074904
31
75.9638
-1
0
143
163
0.00790758
31
-63.1302
-1
0
143
156
0.00607093
31
-42.5104
-1
0
131
156
0.00547732
31
21.7298
-1
0
138
121
0.00581574
31
-23.1208
-1
0
140
198
0.00708906
31
56.9151
-1
0
123
182
0.010166
31
87.3057
-1
0
107
163
0.00882184
31
70.1148
-1
0
124
121
0.00549673
31
59.8084
-1
0
119
164
0.00584068
31
75.4655
-1
0
131
145
0.0058942
31
82.6557
-1
0
131
206
0.00584873
31
-25.2631
-1
0
146
198
0.00549148
31
68.0328
-1
0
122
185
0.00538798
31
40.2666
-1
0
142
143
0.00608138
31
53.4889
-1
0
136
143
0.00565484
31
36.9776
-1
0
152
161
0.0135303
31
84.2894
-1
0
180
98
0.00688923
31
14.7968
-1
0
189
98
0.00633012
31
21.0375
-1
0
192
99
0.00723071
31
-56.6593
-1
0
103
118
0.010879
31
93.4212
-1
0
331
521
0.00958885
31
88.3556
-1
0
124
205
0.00590956
31
-107.103
-1
0
105
100
0.0061299
31
87.7826
-1
0
394
530
0.00555483
31
66.8735
-1
0
156
100
0.00889421
31
66.8686
-1
0
162
100
0.0124316
31
86.282
-1
0
100
205
0.00572313
31
6.53663
-1
0
144
140
0.00912007
31
-6.34019
-1
0
142
117
0.00974478
31
14.4703
-1
0
134
140
0.0101068
31
78.3106
-1
0
119
140
0.0114352
31
-49.1276
-1
0
110
135
0.00728126
31
67.3287
-1
0
153
164
0.00573398
31
59.0362
-1
0
123
101
0.00673448
31
87.0892
-1
0
101
163
0.006669
31
-46.5482
-1
0
206
510
0.00586997
31
-54.5667
-1
0
136
135
0.00645831
31
71.6915
-1
0
132
203
0.00852143
31
65.1258
-1
0
187
607
0.00583996
31
-43.2337
-1
0
146
135
0.00692619
31
-28.4429
-1
0
135
138
0.012359
31
84.6855
-1
0
114
203
0.0126386
31
-62.354
-1
0
119
138
0.0117819
31
11.0702
-1
0
194
520
0.00726347
31
20.709
-1
0
143
201
0.00558869
31
-83.0189
-1
0
124
115
0.00928926
31
75.8277
-1
0
114
201
0.0115652
31
76.0652
-1
0
104
201
0.0069883
31
-72.9795
-1
0
106
115
0.00632611
31
-18.3313
-1
0
143
114
0.00877775
31
93.4852
-1
0
319
531
0.00541112
31
-47.2395
-1
0
142
136
0.00733234
31
-54.3236
-1
0
131
136
0.00881957
31
91.6964
-1
0
347
531
0.00554563
31
-31.866
-1
0
106
136
0.00887775
31
-72.9622
-1
0
121
136
0.00516247
31
117.096
-1
0
299
522
0.00515962
31
-84.3405
-1
0
113
115
0.00514316
31
162.474
-1
0
398
614
0.0051468
31
-100.999
-1
0
167
586
0.00524345
31
101.376
-1
0
328
599
0.00519228
31
66.3078
-1
0
309
599
0.00521531
31
88.9584
-1
0
255
598
0.00535914
31
43.7811
-1
0
129
101
0.00522366
31
-57.9946
-1
0
153
155
0.00528827
31
-108.122
-1
0
361
513
0.00525601
31
107.554
-1
0
234
607
0.00528807
31
97.3639
-1
0
107
604
0.0051008
31
41.1215
-1
0
414
618
0.00489011
31
-32.6722
-1
0
121
587
0.00496559
31
84.9079
-1
0
126
143
0.0050642
31
73.1186
-1
0
244
607
0.00499647
31
90.1661
-1
0
219
531
0.00499372
31
0.971022
-1
0
124
562
0.00501879
31
130.81
-1
0
254
531
0.00486021
31
148.595
-1
0
177
524
0.0048837
31
-22.4054
-1
0
204
511
0.00487467
31
-178.315
-1
0
141
550
0.00487339
31
81.5289
-1
0
119
548
0.00481531
31
-70.0778
-1
0
225
508
0.00481567
31
94.9697
-1
0
181
607
0.00478354
31
90.4407
-1
1
315.6
553.2
0.00619509
37.2
-82.9024
-1
1
237.6
579.6
0.00528684
37.2
-26.5651
-1
1
145.2
198
0.00658737
37.2
34.5085
-1
1
135.6
142.8
0.00687138
37.2
57.6526
-1
1
123.6
181.2
0.00847813
37.2
10.7843
-1
1
151.2
159.6
0.00733426
37.2
-2.86241
-1
1
134.4
139.2
0.00806104
37.2
13.7148
-1
1
194.4
519.6
0.00559232
37.2
101.193
-1
1
330
522
0.0088691
37.2
83.5302
-1
1
362.4
516
0.0087223
37.2
87.5805
-1
1
254.4
598.8
0.00582246
37.2
60.6422
-1
1
142.8
201.6
0.00535241
37.2
8.1301
-1
1
362.4
513.6
0.00807527
37.2
-42.8331
-1
1
206.4
510
0.00645191
37.2
89.7704
-1
1
361.2
528
0.00553775
37.2
75.2218
-1
1
186
607.2
0.00485384
37.2
5.82634
-1
1
121.2
156
0.00387621
37.2
-31.1899
-1
1
121.2
586.8
0.0049949
37.2
-61.0736
-1
1
152.4
154.8
0.00465435
37.2
127.968
-1
1
254.4
531.6
0.00385564
37.2
91.152
-1
1
358.8
530.4
0.00489381
37.2
90.7496
-1
1
348
530.4
0.0042143
37.2
99.0107
-1
1
266.4
607.2
0.00421027
37.2
-125.185
-1
1
180
507.6
0.00403135
37.2
93.4009
-1
1
319.2
530.4
0.00503363
37.2
65.9125
-1
1
122.4
184.8
0.00385652
37.2
84.8056
-1
1
219.6
531.6
0.00379911
37.2
-100.864
-1
1
123.6
510
0.00473636
37.2
141.407
-1
1
362.4
602.4
0.00492885
37.2
87.7245
-1
1
148.8
531.6
0.0043866
37.2
100.061
-1
1
327.6
598.8
0.00439898
37.2
82.1847
-1
1
141.6
531.6
0.00381223
37.2
26.5651
-1
1
130.8
156
0.00417429
37.2
69.7841
-1
1
243.6
607.2
0.00429247
37.2
92.4752
-1
1
182.4
607.2
0.00424764
37.2
92.5125
-1
1
379.2
525.6
0.00387573
37.2
-74.9182
-1
1
382.8
585.6
0.00387704
37.2
-124.013
-1
1
313.2
506.4
0.00388887
37.2
38.047
-1
1
379.2
598.8
0.00451658
37.2
60.5416
-1
1
309.6
598.8
0.00448407
37.2
-116.799
-1
1
283.2
510
0.0037968
37.2
26.5651
-1
1
124.8
121.2
0.00421037
37.2
-151.225
-1
1
226.8
626.4
0.00400814
37.2
-121.45
-1
1
302.4
506.4
0.00381279
37.2
54.2371
-1
1
280.8
598.8
0.00437225
37.2
61.7626
-1
1
130.8
145.2
0.0039451
37.2
-68.3742
-1
1
237.6
555.6
0.00403564
37.2
-94.6669
-1
1
288
585.6
0.00397096
37.2
61.6121
-1
1
192
598.8
0.00401881
37.2
-9.64805
-1
1
199.2
516
0.00402689
37.2
-95.3837
-1
1
127.2
507.6
0.00372549
37.2
79.3543
-1
1
147.6
165.6
0.00374129
37.2
-80.6571
-1
1
242.4
585.6
0.00375157
37.2
37.7468
-1
1
123.6
561.6
0.00370398
37.2
65.7185
-1
1
273.6
607.2
0.00368711
37.2
-116.837
-1
2
263.52
508.32
0.00307584
44.64
86.6335
-1
2
148.32
531.36
0.00384805
44.64
92.6484
-1
2
345.6
528.48
0.00399225
44.64
-86.2916
-1
2
177.12
571.68
0.00401472
44.64
91.9992
-1
2
357.12
529.92
0.00381862
44.64
95.5816
-1
2
319.68
529.92
0.00557777
44.64
89.8781
-1
2
361.44
528.48
0.00515622
44.64
-132.51
-1
2
151.2
158.4
0.0060724
44.64
-130.972
-1
2
302.4
508.32
0.00603005
44.64
97.1935
-1
2
332.64
522.72
0.00684226
44.64
100.305
-1
2
177.12
522.72
0.00327189
44.64
95.985
-1
2
315.36
554.4
0.00514052
44.64
19.1632
-1
2
165.6
521.28
0.00378034
44.64
23.5523
-1
2
194.4
519.84
0.00406297
44.64
103.349
-1
2
361.44
514.08
0.00616975
44.64
-30.6646
-1
2
207.36
511.2
0.00484547
44.64
-81.5966
-1
2
182.88
567.36
0.0036275
44.64
-112.172
-1
2
267.84
509.76
0.00406658
44.64
82.0868
-1
2
218.88
531.36
0.00320565
44.64
-138.814
-1
2
348.48
506.88
0.0036317
44.64
-157.087
-1
2
319.68
506.88
0.00416845
44.64
-152.371
-1
2
312.48
506.88
0.00388575
44.64
-120.81
-1
2
254.88
506.88
0.00345025
44.64
-132.754
-1
2
341.28
509.76
0.00377829
44.64
-168.69
-1
2
145.44
198.72
0.00434252
44.64
-105.461
-1
2
362.88
565.92
0.00313226
44.64
-92.6026
-1
2
357.12
563.04
0.00314395
44.64
57.4309
-1
2
230.4
531.36
0.00318596
44.64
132.017
-1
2
254.88
531.36
0.00407445
44.64
84.3327
-1
2
319.68
555.84
0.00312247
44.64
113.307
-1
2
264.96
531.36
0.00376477
44.64
-124.287
-1
2
360
563.04
0.00337731
44.64
-68.8952
-1
2
180
564.48
0.00363555
44.64
-66.2974
-1
2
174.24
567.36
0.00386462
44.64
-83.4181
-1
2
354.24
567.36
0.00340306
44.64
-79.4608
-1
2
174.24
570.24
0.00332023
44.64
-66.8014
-1
2
177.12
564.48
0.00382288
44.64
144.227
-1
2
361.44
601.92
0.00402217
44.64
68.8708
-1
2
306.72
601.92
0.0042021
44.64
89.5103
-1
2
254.88
599.04
0.00521686
44.64
61.1645
-1
2
309.6
599.04
0.00402393
44.64
101.699
-1
2
326.88
599.04
0.00423724
44.64
70.0557
-1
2
192.96
600.48
0.00552148
44.64
54.9406
-1
2
280.8
600.48
0.00511326
44.64
85.6365
-1
2
211.68
531.36
0.00306389
44.64
-112.521
-1
2
180
506.88
0.00305724
44.64
-19.0577
-1
2
162.72
506.88
0.00305699
44.64
32.2425
-1
3
195.264
520.128
0.00318956
53.568
134.119
-1
3
262.656
551.232
0.00432276
53.568
-122.385
-1
3
281.664
511.488
0.00406585
53.568
-34.3035
-1
3
207.36
511.488
0.00513293
53.568
178.877
-1
3
338.688
508.032
0.00327249
53.568
171.714
-1
3
319.68
508.032
0.00445637
53.568
-173.241
-1
3
311.04
508.032
0.00482461
53.568
-150.857
-1
3
302.4
508.032
0.00501634
53.568
-58.6391
-1
3
238.464
508.032
0.00332024
53.568
-90
-1
3
179.712
508.032
0.00382295
53.568
-85.8353
-1
3
235.008
578.88
0.0041304
53.568
78.0239
-1
3
176.256
521.856
0.00332489
53.568
99.0296
-1
3
331.776
521.856
0.00391943
53.568
-128.157
-1
3
219.456
566.784
0.00411584
53.568
118.971
-1
3
267.84
528.768
0.00381992
53.568
95.3463
-1
3
319.68
528.768
0.00540182
53.568
-108.435
-1
3
181.44
566.784
0.00442382
53.568
-49.0856
-1
3
174.528
566.784
0.00459357
53.568
-46.5482
-1
3
177.984
563.328
0.00422923
53.568
75.0513
-1
3
209.088
530.496
0.0034781
53.568
72.2768
-1
3
219.456
530.496
0.003315
53.568
97.6242
-1
3
314.496
554.688
0.00393509
53.568
139.293
-1
3
254.016
530.496
0.00335379
53.568
93.3665
-1
3
311.04
554.688
0.00303756
53.568
55.5481
-1
3
229.824
530.496
0.00306826
53.568
99.0395
-1
3
319.68
554.688
0.00275074
53.568
-90
-1
3
176.256
571.968
0.00312726
53.568
-123.125
-1
3
266.112
509.76
0.00283022
53.568
-124.673
-1
3
221.184
570.24
0.00265181
53.568
133.847
-1
4
255.053
530.842
0.00344187
64.2816
62.3279
-1
4
230.17
530.842
0.0028475
64.2816
62.9545
-1
4
219.802
530.842
0.00342085
64.2816
73.4231
-1
4
209.434
530.842
0.00419697
64.2816
123.561
-1
4
267.494
528.768
0.00261177
64.2816
-8.56089
-1
4
207.36
514.253
0.00341086
64.2816
-126.566
-1
4
255.053
508.032
0.003069
64.2816
-65.9611
-1
4
238.464
508.032
0.00280439
64.2816
243
64
70
0
130
51
137
192
8
12
0
171
128
236
162
199
4
59
13
43
160
147
207
39
74
75
194
83
226
230
0
163
161
70
143
154
195
37
57
140
234
98
104
44
32
233
247
113
183
123
120
202
8
99
229
73
120
176
23
147
151
177
176
113
209
78
187
176
200
35
23
241
217
28
255
135
189
254
191
14
54
125
85
247
114
145
177
87
251
109
161
227
108
127
127
251
215
163
143
236
143
70
239
73
123
251
90
201
103
105
151
117
53
55
247
218
155
12
236
161
120
247
58
151
254
251
179
185
252
206
196
207
170
89
232
92
128
133
40
243
33
202
146
240
127
141
13
43
106
134
95
215
86
208
211
119
157
226
133
150
130
146
207
24
67
100
217
8
234
42
248
60
32
181
245
120
183
41
185
200
136
75
213
77
88
210
23
193
80
53
118
241
72
75
215
38
207
85
248
146
95
104
210
63
177
123
238
233
130
26
98
229
62
101
233
141
235
253
142
234
175
47
66
13
97
47
115
165
4
187
74
189
37
222
82
194
41
15
203
8
201
147
93
196
24
181
97
248
159
227
80
126
179
156
220
20
48
253
242
16
147
190
9
66
13
142
198
226
57
132
35
142
23
62
63
6
32
83
138
161
239
15
148
199
226
43
3
187
195
207
165
172
99
54
185
140
234
235
34
72
101
233
182
16
165
107
218
234
152
3
182
24
116
81
129
179
145
113
188
212
136
78
83
85
152
26
7
66
92
134
18
166
45
132
0
142
39
59
101
114
16
146
10
170
197
6
128
69
230
72
211
43
194
96
160
46
161
100
2
1
66
249
50
202
44
104
22
80
37
108
17
168
82
5
188
26
48
195
153
161
41
58
60
160
130
224
186
214
103
231
255
53
159
153
230
117
245
123
175
90
178
93
242
247
126
113
120
215
146
124
62
254
253
59
254
251
119
255
199
237
158
222
210
121
169
247
125
75
115
159
217
108
220
29
140
191
144
9
90
182
158
113
48
244
113
30
254
223
44
252
160
66
33
128
5
108
129
251
196
207
250
71
99
8
82
164
3
36
231
17
112
130
180
196
93
173
5
162
128
146
34
152
104
40
75
56
188
32
104
168
235
116
50
171
194
115
52
232
42
136
217
8
208
31
76
16
164
32
7
112
166
214
8
40
3
0
128
32
1
130
38
6
0
0
131
6
192
5
2
16
68
11
1
208
193
37
67
195
192
64
216
204
0
4
129
64
143
16
65
160
25
8
104
64
96
16
48
161
213
81
183
111
25
238
8
3
240
25
88
65
6
51
23
177
8
115
96
74
48
11
144
134
0
79
128
39
7
192
7
69
17
54
27
166
63
2
192
3
148
41
228
195
25
8
144
64
32
194
150
77
5
48
97
176
149
74
202
12
197
21
53
162
172
4
49
110
145
160
233
11
178
14
56
64
47
83
18
225
3
5
1
74
132
11
4
208
200
121
38
113
12
58
106
7
193
117
90
160
9
72
201
40
68
232
136
218
11
85
23
160
140
134
35
200
91
66
203
96
69
178
255
0
60
180
130
55
68
166
119
209
50
85
157
96
133
79
207
24
135
72
13
39
68
35
193
52
69
37
137
50
1
130
34
77
192
162
194
52
96
3
131
2
10
9
131
84
201
33
67
135
68
0
128
133
66
12
33
64
15
4
5
170
25
40
1
84
8
96
24
128
97
97
131
79
59
46
8
3
112
24
88
8
12
34
23
177
8
19
96
74
165
6
100
34
201
150
163
65
164
93
34
67
140
59
128
5
98
169
141
96
240
98
24
112
84
184
13
7
174
136
33
85
112
101
70
186
113
56
5
140
197
66
24
134
64
64
192
65
9
37
24
8
113
28
143
9
56
116
51
132
74
22
32
185
5
39
129
32
17
130
34
76
192
0
129
36
224
3
128
3
138
9
3
84
193
37
67
199
68
152
136
133
2
12
1
64
31
12
0
170
9
8
1
4
12
0
24
128
193
97
163
79
24
46
9
2
112
24
88
0
12
34
23
145
40
83
100
74
84
43
131
244
248
234
112
110
216
56
214
53
195
213
200
160
34
13
155
6
198
45
194
211
15
202
130
133
76
194
32
204
31
35
117
177
117
190
223
20
217
180
147
70
233
143
169
235
237
36
201
210
241
126
159
139
71
110
95
235
72
37
149
220
69
23
16
144
217
34
38
218
0
112
168
33
32
214
161
33
227
68
165
6
65
168
44
2
70
205
1
1
144
8
0
81
56
3
84
186
48
80
5
196
102
34
26
39
76
7
196
196
8
37
84
20
18
58
141
73
0
40
7
150
8
70
37
88
134
201
138
73
168
152
220
131
58
139
33
202
130
64
110
137
8
73
52
131
71
20
2
75
99
87
51
98
197
15
162
50
215
16
220
75
90
109
234
50
242
254
40
45
147
84
247
187
145
204
16
5
204
77
221
73
19
211
48
61
84
113
64
163
128
10
1
160
0
88
167
232
140
29
122
67
193
20
88
160
1
76
239
9
68
2
168
208
13
205
13
162
132
130
3
152
36
8
107
0
116
138
172
128
105
52
50
55
4
162
60
224
162
145
237
32
211
7
175
48
70
64
6
100
68
23
68
60
69
37
129
48
1
130
34
76
64
2
131
36
224
3
130
2
10
9
131
84
201
37
67
193
68
136
152
133
66
12
33
0
15
4
5
170
25
40
1
84
72
0
16
128
225
65
163
79
25
174
8
3
240
24
88
0
20
34
23
177
8
19
96
74
254
250
239
255
255
189
219
249
142
239
241
250
175
202
223
124
242
245
127
118
63
191
154
124
63
255
191
59
215
155
119
191
195
47
223
223
198
125
253
127
187
94
243
159
219
58
249
181
142
189
145
137
74
191
157
113
96
180
113
123
254
223
62
183
69
198
77
8
97
18
179
108
176
30
228
177
108
57
141
128
66
169
155
108
96
67
204
180
36
169
8
148
109
5
97
105
252
69
12
251
86
49
5
188
254
198
24
31
81
171
80
192
25
45
30
4
89
93
207
14
240
236
47
156
200
150
50
241
5
50
49
32
28
178
35
120
192
30
194
48
97
1
128
1
194
109
195
64
225
34
0
215
196
160
108
133
18
4
105
200
78
8
204
174
44
56
1
1
140
64
18
128
96
225
130
79
50
60
8
2
98
56
94
17
38
34
23
130
42
211
108
113
20
59
17
116
232
184
108
112
202
24
203
21
192
85
200
144
119
207
202
66
198
44
2
211
203
94
230
204
4
36
161
204
95
18
73
20
5
178
218
69
173
52
147
103
237
163
191
79
160
183
45
114
224
13
155
9
7
91
87
167
96
39
229
84
83
144
153
59
13
192
95
12
130
163
145
172
160
141
6
27
77
39
48
17
138
163
202
13
68
209
250
111
19
41
67
111
135
156
181
47
34
169
106
123
32
202
101
233
183
88
37
59
83
202
58
1
164
16
116
98
152
178
187
249
184
213
178
103
20
59
17
116
232
184
38
97
202
16
234
19
192
85
216
176
119
203
135
66
198
40
0
210
205
222
103
236
132
38
129
12
18
18
73
12
36
178
250
65
173
52
147
231
100
162
191
79
162
149
161
98
162
85
11
73
7
91
82
167
96
103
229
20
8
3
69
240
143
249
102
121
252
24
218
21
121
117
89
128
203
28
203
58
198
42
136
182
12
95
3
128
60
198
33
140
90
106
91
48
109
114
87
4
45
181
154
119
68
167
111
194
32
21
207
64
139
28
143
8
135
64
79
135
66
47
165
20
83
209
155
139
103
147
215
14
130
132
53
152
17
26
47
90
109
215
56
14
130
49
198
99
40
193
136
109
19
104
84
41
181
37
145
139
82
88
46
112
50
11
45
33
21
156
81
110
23
168
27
5
51
104
180
195
112
234
58
221
89
77
54
243
76
43
215
244
104
170
226
114
24
152
70
87
194
245
154
40
34
73
185
103
198
45
202
211
47
74
18
214
108
68
50
79
87
83
113
57
53
238
222
4
213
52
155
70
233
12
251
235
205
96
105
247
241
126
24
142
79
78
83
227
64
37
145
254
97
84
108
10
93
34
7
92
162
38
173
168
44
11
133
39
67
100
19
208
185
195
93
44
0
101
237
46
115
29
65
103
249
140
151
62
2
160
37
251
58
202
40
171
84
121
4
73
24
236
18
8
60
56
196
65
56
178
171
156
152
210
44
204
146
217
11
28
7
72
29
190
206
166
187
142
97
140
95
171
21
100
98
147
14
130
228
134
133
229
229
40
147
186
66
120
232
44
199
254
26
34
234
225
50
92
53
171
150
114
180
108
146
170
146
3
176
29
84
81
128
178
49
56
60
212
98
32
195
209
10
26
5
66
88
134
2
166
41
142
0
141
7
59
5
98
4
151
10
162
116
2
64
103
231
72
17
34
194
49
226
28
147
101
3
12
74
233
50
234
52
232
182
88
165
110
81
138
50
3
136
88
116
210
153
179
57
58
52
240
203
161
17
208
25
10
21
74
85
126
210
160
189
172
96
28
15
187
71
100
18
89
0
130
197
6
37
229
204
8
115
47
67
104
189
12
161
222
2
10
200
243
50
155
45
33
54
242
36
108
147
170
107
5
184
25
112
68
48
162
41
120
57
198
38
203
19
216
25
62
9
72
93
14
139
162
45
140
32
140
77
187
103
22
32
83
134
34
236
15
5
133
227
75
19
43
65
126
177
156
225
14
2
174
226
195
162
218
101
105
182
90
36
43
211
234
50
5
44
21
117
96
145
178
184
120
185
84
146
167
71
144
129
35
221
224
10
12
154
43
144
109
160
70
6
49
108
39
1
144
200
35
74
77
196
192
232
103
18
41
161
102
135
168
213
53
59
168
233
118
104
76
66
137
213
81
181
115
184
238
24
1
228
21
92
97
22
178
183
185
152
87
48
110
220
171
215
245
96
227
248
246
24
153
70
215
198
245
155
138
43
205
249
111
198
45
198
211
175
90
146
246
108
103
54
222
215
83
121
33
53
254
254
37
245
60
187
118
239
12
251
235
205
176
105
247
241
126
188
206
71
223
83
235
65
101
149
254
71
208
24
8
29
64
31
92
130
166
169
172
32
12
141
51
195
100
2
80
137
162
13
12
68
228
232
11
83
15
227
119
249
140
149
46
2
160
33
243
50
202
68
40
22
122
164
41
147
110
18
5
172
25
84
65
152
162
169
184
188
210
98
164
81
84
25
30
92
194
31
60
66
174
57
140
96
140
7
51
47
103
24
20
136
161
199
142
136
229
234
12
19
41
229
111
121
181
149
63
10
164
38
119
50
74
13
42
55
24
133
126
21
238
90
7
37
120
20
195
216
175
187
152
188
70
50
164
83
84
8
30
29
66
95
30
146
174
61
140
32
142
5
59
101
102
20
209
138
162
237
14
72
229
239
78
83
43
227
127
241
173
181
127
10
44
102
247
50
202
41
42
150
88
36
111
1
226
82
5
44
56
36
195
208
178
169
88
188
198
50
164
211
52
217
53
252
130
31
64
98
47
177
250
238
137
134
27
98
229
62
245
139
133
203
109
142
202
255
63
82
45
225
111
83
173
28
63
74
189
37
215
80
202
41
139
219
24
221
19
85
196
16
39
101
248
28
227
88
190
177
153
220
84
48
191
71
32
130
51
205
160
174
12
216
171
192
105
162
71
1
17
12
43
163
146
233
39
91
77
134
218
230
231
10
37
161
198
15
154
207
37
61
172
108
35
104
108
98
233
247
113
191
115
120
218
24
99
229
224
124
241
15
139
215
179
162
243
217
70
211
217
154
247
221
162
122
190
26
169
85
255
162
194
134
27
110
215
60
71
78
141
235
105
46
218
250
47
211
41
162
47
215
167
60
123
55
253
127
247
81
234
235
90
235
28
233
179
205
212
90
245
205
250
188
235
81
188
185
91
28
53
151
255
209
217
154
127
253
226
254
250
26
169
117
251
162
194
198
153
111
215
188
71
14
141
239
105
47
223
251
47
211
43
162
63
215
167
60
91
23
253
255
247
83
254
235
123
251
28
253
177
205
214
114
245
221
230
188
235
209
188
184
107
156
117
151
191
6
41
9
128
0
90
16
71
192
2
191
20
81
148
89
162
9
0
67
196
1
128
36
135
29
149
133
137
66
142
2
40
0
12
67
138
74
50
201
88
48
148
16
165
68
230
164
108
147
172
199
0
184
29
64
17
144
98
41
188
72
18
96
240
5
37
137
34
17
130
34
76
192
2
194
52
96
3
129
2
10
9
131
84
193
35
67
199
68
136
136
133
66
12
41
64
15
12
4
170
9
8
1
20
8
0
16
128
65
97
131
79
59
46
9
2
112
24
88
0
4
34
23
145
40
19
96
74
82
32
1
34
205
128
15
12
198
42
145
36
161
14
1
18
124
35
1
208
200
35
75
77
212
208
232
111
2
185
225
70
7
172
71
62
59
168
233
110
104
76
96
169
213
81
181
107
152
238
24
1
244
29
92
113
0
178
151
177
152
215
32
110
38
38
101
160
28
182
7
57
164
84
80
19
205
61
16
5
16
109
65
240
240
68
144
241
88
188
12
148
56
144
1
201
15
104
210
160
237
8
1
8
108
0
26
135
69
33
246
75
50
164
137
8
226
24
26
25
46
34
87
144
74
215
108
90
199
172
211
21
217
202
142
77
106
33
171
122
226
231
202
184
235
129
36
87
205
5
99
193
199
223
249
111
2
14
130
34
223
36
85
186
26
56
233
116
112
92
56
171
213
18
245
111
153
172
24
5
240
29
28
73
16
242
51
189
24
87
32
250
67
144
152
58
13
194
92
14
34
162
141
168
34
135
6
27
13
35
32
145
131
103
75
75
196
195
210
127
19
45
129
102
159
156
129
4
42
136
106
99
32
170
44
97
183
89
183
107
80
202
40
67
36
96
112
162
59
147
158
179
176
241
213
78
67
144
152
62
13
130
94
14
2
35
133
232
162
143
6
27
13
35
48
145
139
39
75
75
196
195
194
111
19
45
193
102
151
156
129
4
42
136
106
99
32
170
36
225
183
89
183
43
80
202
40
67
165
96
120
162
59
155
182
179
176
241
213
78
3
32
1
2
29
130
7
14
194
34
129
100
96
5
0
1
200
36
2
208
192
32
72
71
68
144
128
15
18
8
1
66
135
44
87
186
8
40
41
70
96
80
32
169
212
80
181
111
152
172
24
1
240
25
92
65
0
50
19
177
24
87
32
106
81
147
206
218
118
147
219
54
114
158
20
144
28
250
179
74
74
213
120
174
195
113
199
179
40
97
170
12
85
12
48
107
247
39
157
187
82
116
7
116
48
74
56
14
19
140
209
78
31
172
30
5
49
120
148
203
208
238
42
157
88
69
50
243
87
209
76
218
119
155
86
0
58
4
23
210
156
123
108
80
105
211
60
236
7
112
129
98
45
215
57
125
118
10
147
41
146
103
21
218
66
89
255
84
48
217
56
61
149
140
244
47
135
165
17
4
168
29
138
143
88
118
56
61
88
31
52
186
85
211
93
204
113
19
31
126
54
150
53
176
29
59
157
74
122
151
88
44
0
225
196
178
40
161
232
92
117
136
81
105
248
37
20
251
66
112
5
124
178
202
57
31
19
156
192
76
149
173
94
5
57
120
151
207
208
238
43
156
88
70
50
241
163
149
163
146
5
68
5
14
198
70
57
194
35
201
22
61
85
102
38
209
18
6
112
71
150
231
119
104
147
186
66
73
134
174
139
14
138
12
106
203
34
72
36
233
148
88
181
174
80
154
144
72
32
0
116
83
41
16
80
51
180
213
204
74
0
42
5
2
22
123
4
63
196
18
250
52
105
23
90
160
3
0
67
212
65
210
1
148
1
69
13
128
132
142
2
136
88
12
207
146
77
18
137
0
44
212
50
63
68
231
54
236
50
53
197
0
131
15
67
24
134
96
12
112
12
2
100
0
67
148
152
63
221
192
31
12
154
171
129
232
160
10
6
27
47
39
48
17
136
39
75
77
69
211
251
47
18
41
227
102
135
149
189
55
50
173
238
115
96
72
98
233
183
88
189
51
208
202
56
35
229
241
124
227
80
187
182
185
184
215
48
102
131
209
136
58
5
66
92
14
19
2
173
172
32
134
6
59
5
2
48
149
3
162
97
2
228
199
194
73
19
46
130
32
188
156
177
68
43
0
74
225
34
170
45
97
182
81
39
108
83
210
98
70
140
0
112
162
155
131
172
114
52
112
215
73
162
193
33
140
4
76
13
159
198
138
169
140
97
132
95
175
149
36
98
16
24
130
52
132
213
229
229
40
131
186
66
144
232
44
71
190
138
32
200
233
34
92
52
171
150
114
180
108
176
170
208
3
128
27
84
81
144
178
17
56
62
214
106
32
12
14
57
224
34
253
160
113
8
80
70
4
208
20
249
228
77
216
193
72
212
48
24
209
57
28
0
192
68
198
63
208
68
18
217
8
1
218
201
0
177
21
84
38
100
134
102
99
158
25
165
60
178
13
138
24
7
66
11
165
67
11
109
242
4
43
1
64
216
56
38
113
72
26
106
83
192
87
216
128
67
201
207
64
71
44
9
214
75
94
23
160
132
6
35
128
94
2
205
138
69
50
207
4
237
116
146
55
68
231
183
199
162
53
1
64
192
13
139
9
7
64
18
167
64
35
229
48
103
20
33
35
221
160
15
12
142
111
128
105
161
11
4
21
120
103
2
16
232
35
90
77
4
208
232
111
18
57
97
71
69
173
214
63
40
168
37
111
96
72
66
137
213
88
188
19
16
198
24
0
228
184
92
99
24
50
151
184
152
215
48
110
135
138
138
3
201
216
130
128
26
177
22
78
146
55
74
168
64
131
29
131
77
133
239
112
107
66
24
98
196
11
131
54
181
128
80
96
119
219
237
178
208
20
8
20
209
6
248
177
155
76
25
37
213
71
153
235
18
80
48
60
80
17
34
253
132
43
68
80
248
184
226
112
120
25
198
119
226
119
202
0
2
201
199
98
71
44
139
246
107
26
18
130
236
6
35
128
95
70
92
154
85
58
219
20
217
244
154
87
193
39
247
67
153
53
9
64
208
29
139
9
23
80
55
175
72
55
165
250
2
43
9
210
182
216
66
120
220
16
150
116
225
84
216
224
66
197
75
88
199
57
75
215
45
130
6
133
70
142
19
136
23
46
207
154
74
59
203
20
209
245
144
76
64
230
37
99
147
53
141
64
224
21
159
24
21
98
58
175
72
63
231
248
35
16
33
162
29
132
7
12
198
102
145
32
161
9
16
21
124
39
2
208
192
35
90
77
148
144
232
15
18
184
65
71
135
172
215
30
8
168
41
78
36
64
32
137
213
80
181
75
16
236
152
8
244
24
92
81
40
50
147
177
152
215
40
110
42
42
41
160
200
92
161
239
204
16
254
22
81
20
91
160
19
8
195
0
68
16
12
212
63
133
28
128
134
194
18
136
36
8
67
136
124
2
205
8
169
21
16
21
68
167
52
224
187
45
141
8
147
5
75
16
36
64
12
32
66
139
108
88
133
39
16
20
217
66
34
72
0
0
130
55
160
71
128
33
98
5
133
4
65
168
128
66
70
158
64
1
146
14
10
20
58
39
85
186
16
2
77
132
65
32
24
130
104
1
168
70
0
36
80
48
209
26
8
9
0
40
7
160
8
6
165
72
197
46
199
113
217
162
227
252
184
61
192
127
194
233
130
9
98
109
191
103
238
141
234
249
14
234
26
167
220
9
34
15
127
167
60
123
84
189
117
190
209
100
202
30
73
9
73
145
93
68
88
180
197
254
142
171
80
252
161
31
204
21
147
253
5
106
1
0
0
76
37
126
132
20
106
17
65
30
216
162
67
40
231
65
112
2
172
151
89
109
5
160
1
130
0
220
232
34
99
178
21
16
33
172
107
20
48
167
76
98
52
232
168
165
237
24
210
31
129
0
36
224
3
164
72
70
32
88
39
54
101
128
221
134
7
9
166
100
129
34
237
107
20
21
124
103
0
240
240
97
26
104
148
176
248
79
178
152
65
71
7
172
150
26
136
168
33
78
36
0
8
137
193
80
244
75
16
228
152
8
100
24
92
17
40
50
147
145
136
215
44
78
39
54
101
130
29
134
7
24
98
100
145
98
237
43
4
21
64
101
1
240
240
96
24
98
20
176
8
15
50
24
65
77
135
172
146
154
8
8
33
78
36
0
8
137
196
16
244
75
16
164
136
8
96
24
92
1
40
50
147
144
136
215
44
74
0
43
1
170
0
88
36
110
201
144
122
144
81
22
221
162
67
0
225
9
4
0
228
147
77
197
5
161
3
138
2
200
176
4
97
186
116
26
169
160
98
21
48
37
20
134
52
236
154
169
173
0
178
29
171
16
4
224
3
240
72
86
96
88
215
193
76
80
221
10
87
0
42
5
63
90
140
123
76
16
96
69
52
245
71
236
128
98
109
214
147
59
250
10
3
41
146
102
84
218
74
121
255
220
116
188
184
107
213
26
245
15
129
165
17
4
104
31
143
15
56
244
48
57
88
23
32
184
76
239
131
185
200
208
172
65
8
235
169
168
210
194
173
106
129
9
33
199
205
5
86
209
83
79
137
167
65
142
34
18
235
48
71
170
89
120
233
244
114
124
48
47
213
87
183
107
153
172
24
5
241
29
28
65
16
242
19
181
88
86
96
248
132
43
1
210
248
184
98
113
76
27
66
119
225
87
218
129
66
205
207
66
71
44
11
214
11
30
22
130
148
134
35
128
94
2
223
130
69
26
219
4
217
180
146
87
65
231
183
67
178
53
137
64
192
13
203
25
7
64
86
167
64
51
229
88
4
43
1
64
216
56
36
113
200
26
106
18
193
85
216
160
67
72
195
64
69
34
9
214
74
92
5
128
132
134
35
128
94
14
207
138
77
50
77
0
41
244
18
183
68
227
182
195
178
53
133
64
129
13
203
25
6
64
10
164
64
35
101
48
196
234
130
61
232
210
46
197
72
187
169
171
194
194
134
43
227
137
33
199
205
133
67
145
71
79
185
175
195
6
163
66
231
36
71
186
91
56
233
244
114
92
48
47
213
85
183
111
153
172
24
1
240
29
156
73
16
243
19
181
88
86
32
250
10
33
69
134
23
73
16
60
204
0
223
117
121
52
88
226
9
20
66
221
0
0
192
228
45
156
8
17
34
138
22
136
28
108
113
154
78
106
137
20
21
213
21
43
6
7
100
108
131
50
195
4
130
23
54
12
8
34
40
248
9
15
36
90
128
10
1
162
136
88
165
235
204
16
106
67
65
20
218
160
67
8
231
0
100
0
8
212
91
205
13
160
132
130
3
216
36
0
67
128
53
2
173
136
235
20
48
181
68
227
52
192
186
189
137
8
210
7
11
17
38
64
6
164
66
86
100
88
68
34
129
17
0
130
34
109
192
162
130
52
80
130
131
2
10
1
131
68
137
161
78
133
80
0
140
133
0
140
41
2
105
6
5
171
16
168
5
68
128
96
20
130
35
108
1
2
24
44
40
48
19
24
84
0
4
42
3
144
8
6
97
98
36
46
33
130
0
76
36
111
204
192
106
17
81
22
217
166
3
8
231
65
212
2
124
135
89
109
5
128
0
146
0
216
232
36
99
178
17
2
169
140
110
52
48
167
68
114
52
232
168
172
233
8
210
29
1
16
36
98
3
176
74
86
40
88
162
217
138
203
55
208
212
157
159
209
44
232
35
30
101
173
75
150
60
31
6
19
246
69
33
215
89
39
23
11
2
50
172
6
155
208
114
89
239
49
115
127
34
117
149
92
52
166
209
155
182
57
157
161
228
242
17
208
174
47
17
93
156
218
195
204
10
11
205
154
154
128
26
139
39
202
130
194
109
153
12
35
52
150
204
6
4
65
99
215
185
110
145
43
130
50
242
48
89
33
114
7
234
96
242
30
40
9
145
94
144
95
217
140
16
5
189
69
205
227
19
211
50
61
16
81
18
169
196
235
139
89
232
16
136
131
72
187
33
202
194
211
135
10
0
139
168
139
79
165
67
219
195
83
147
226
128
140
162
18
247
18
69
162
89
156
234
98
98
62
32
125
245
84
147
187
91
204
8
115
213
93
88
200
7
211
17
21
92
113
65
107
135
136
130
38
133
200
128
14
10
1
134
239
162
143
6
25
109
35
36
149
69
7
99
65
103
223
89
107
146
42
130
4
143
185
97
148
35
8
233
36
65
156
32
225
137
81
191
165
240
214
24
0
244
7
120
163
50
147
182
49
16
113
148
74
6
2
128
16
137
128
4
2
0
34
1
34
128
199
2
3
9
43
32
144
139
135
90
193
66
84
208
96
0
136
128
0
15
24
67
34
9
8
34
74
44
32
36
161
5
113
167
131
48
202
136
66
54
72
88
144
11
3
151
177
40
113
192
74
19
209
8
62
7
64
92
14
2
2
189
168
32
134
4
27
45
2
48
212
2
40
65
3
164
197
227
73
19
40
132
32
144
188
185
78
43
69
66
99
34
202
173
105
22
29
165
46
82
210
82
70
44
160
112
163
153
131
188
83
49
96
214
2
20
59
21
84
232
184
108
113
74
25
203
81
196
85
200
16
127
139
234
74
198
44
2
211
203
94
231
254
4
36
161
76
95
19
73
28
13
186
250
69
109
52
153
231
237
165
191
79
160
199
41
115
224
93
27
73
7
91
83
167
96
103
225
126
199
5
130
23
193
66
196
134
3
161
5
203
130
195
2
26
13
11
36
151
11
141
103
3
66
83
211
102
128
40
130
6
143
179
32
32
57
12
110
130
65
40
160
225
169
88
191
170
81
194
105
243
213
66
112
162
67
27
148
17
32
113
145
74
196
201
10
89
232
26
222
131
56
155
33
202
130
193
79
137
0
73
60
167
76
132
36
218
99
3
187
98
197
5
34
50
242
16
92
97
82
127
162
176
242
62
56
30
210
22
208
89
153
141
16
5
89
95
157
75
19
209
48
60
84
112
2
185
198
139
130
177
73
82
160
199
48
250
0
71
18
194
163
41
64
89
129
7
69
133
110
27
70
138
58
7
209
12
50
82
247
34
84
163
113
118
77
244
194
102
24
12
209
22
195
201
89
44
24
5
209
93
156
73
146
240
35
180
92
86
34
249
17
172
159
10
32
93
208
39
218
148
86
221
80
49
79
170
15
130
128
43
212
1
102
215
185
33
4
192
109
73
19
106
181
88
97
164
94
26
232
56
243
29
57
166
180
178
49
110
187
168
47
15
176
13
25
76
54
210
58
237
114
87
102
219
68
8
147
55
0
192
36
70
8
168
10
5
128
134
139
34
43
73
161
2
142
141
78
11
73
220
146
5
0
2
35
70
83
147
117
49
49
142
111
6
33
32
160
98
47
12
45
179
64
64
120
240
133
90
52
170
129
40
3
97
76
37
17
230
2
193
131
26
5
64
13
14
134
162
57
140
35
197
4
59
125
38
36
83
130
174
108
15
198
215
231
75
3
170
2
122
163
174
11
14
10
44
106
234
34
74
32
233
150
88
53
175
81
138
16
1
36
16
116
115
145
178
176
57
52
84
146
34
3
138
130
95
1
200
192
132
27
176
6
141
16
182
79
170
109
130
32
139
140
137
207
1
65
89
144
98
1
3
131
102
149
162
113
112
83
203
234
98
177
29
40
54
29
148
125
161
153
200
111
5
180
15
176
232
19
224
170
61
80
69
2
219
218
219
146
179
238
211
142
129
78
235
57
202
147
198
49
57
125
147
100
151
204
149
7
73
130
215
251
110
130
226
182
178
99
52
95
161
123
108
232
96
96
76
52
41
215
20
181
127
221
142
24
7
246
13
92
251
22
243
19
181
92
83
80
34
170
220
174
105
239
253
212
183
188
187
254
238
234
92
110
173
213
169
127
219
245
87
127
221
115
111
69
226
221
215
227
242
239
250
203
100
255
39
232
179
250
62
114
189
212
115
183
241
187
219
158
9
220
237
217
81
55
209
247
182
178
251
206
77
205
233
155
217
48
249
126
244
25
187
111
154
194
150
206
234
137
221
60
111
143
189
230
153
45
215
179
239
85
15
55
59
211
18
245
235
82
255
239
119
242
190
249
125
183
158
125
51
159
173
54
119
201
253
183
106
208
218
57
255
93
115
97
190
82
1
139
223
2
66
88
135
18
170
21
140
16
192
11
186
44
18
16
202
142
169
230
11
45
130
162
76
67
41
60
110
101
183
61
123
26
103
66
114
146
234
197
72
58
156
1
190
91
40
126
215
44
26
52
194
209
227
41
91
93
36
147
231
12
218
153
200
57
123
224
94
48
80
134
165
112
20
237
233
235
220
137
8
196
16
108
51
39
136
64
68
85
79
25
101
157
2
209
168
80
242
77
52
147
149
90
22
88
135
97
234
145
53
126
20
184
29
199
9
144
202
174
140
80
15
39
209
58
201
186
223
35
221
216
167
95
139
255
220
115
192
123
254
29
146
114
223
151
63
247
207
185
87
247
236
69
247
246
178
239
30
111
77
222
111
234
120
186
253
245
108
183
119
51
62
255
202
187
203
248
13
113
80
215
211
254
249
51
185
203
231
253
62
230
197
254
103
161
247
188
253
82
87
223
185
242
236
250
245
127
107
121
207
255
60
63
43
60
59
254
223
114
255
101
103
126
251
214
119
125
252
221
85
82
158
203
34
88
245
140
53
222
153
210
190
142
85
232
244
97
220
223
159
40
253
5
35
16
85
168
184
166
112
8
145
66
71
192
87
201
0
0
73
133
67
199
44
2
210
73
94
145
230
4
6
131
86
95
18
81
32
21
138
232
0
97
52
184
39
229
1
191
107
152
204
41
99
244
77
24
73
7
83
19
167
64
115
101
74
5
194
8
9
232
144
190
4
56
187
32
137
128
3
13
1
77
202
185
168
201
33
70
88
96
85
185
100
69
1
161
34
213
16
29
33
115
49
32
112
112
78
56
45
87
148
222
85
25
204
30
37
180
77
157
233
146
195
59
157
80
67
32
243
254
253
111
237
55
119
251
255
156
223
214
253
75
8
217
207
249
252
127
111
55
10
252
63
61
255
63
47
85
223
118
191
64
111
191
219
214
117
253
63
121
108
243
191
223
56
124
176
142
189
214
137
217
191
132
84
240
180
105
251
223
159
44
182
193
203
222
89
232
152
92
2
58
59
36
202
158
241
38
11
196
211
60
171
206
197
106
123
98
2
163
122
237
13
144
99
243
6
16
104
82
125
178
242
210
222
40
29
208
150
193
223
153
141
30
5
120
29
159
77
17
246
59
157
88
80
2
249
220
233
215
245
96
107
252
242
25
145
87
223
214
245
210
138
61
201
252
111
6
45
228
211
171
95
151
246
109
231
182
254
151
83
112
97
61
205
254
165
93
61
251
119
171
29
127
235
207
194
233
243
217
126
56
206
79
223
83
235
113
125
213
254
83
16
13
27
238
147
31
12
226
175
57
140
188
174
33
114
103
183
24
188
136
209
79
173
128
228
232
30
3
9
117
111
121
173
132
63
74
229
36
218
18
74
76
44
151
152
196
19
23
74
30
7
37
120
84
231
216
126
187
156
217
150
114
180
99
68
108
137
221
214
7
148
38
231
61
140
141
61
17
39
65
101
27
224
184
227
222
40
92
228
140
62
51
29
65
119
241
173
151
43
82
177
37
122
54
74
72
172
85
216
204
17
25
76
22
41
53
248
148
255
120
238
171
156
216
210
58
244
193
9
206
81
217
147
83
234
184
191
244
122
190
249
130
74
66
177
63
119
111
207
235
63
14
234
186
55
250
13
34
63
251
47
4
251
82
61
119
254
210
106
136
94
217
56
201
147
95
12
24
245
81
250
157
235
89
252
177
31
220
180
147
253
66
169
207
218
66
155
195
38
230
4
20
144
89
248
61
200
72
113
122
38
198
125
198
231
47
162
14
12
35
136
16
73
151
111
67
155
74
82
215
56
182
63
156
68
17
190
65
206
215
44
139
196
51
125
145
155
121
238
42
191
88
237
215
217
197
35
17
22
217
2
34
88
128
1
10
119
130
199
128
33
34
69
134
6
73
170
160
6
78
138
132
1
146
10
0
28
50
37
52
186
48
18
65
212
65
96
26
130
232
96
168
78
40
37
81
1
209
26
140
1
0
58
19
152
72
6
37
56
69
33
131
51
1
128
33
108
192
162
194
52
224
131
131
2
10
1
3
82
169
39
75
133
68
136
148
133
2
140
33
10
95
14
69
186
17
40
65
76
40
96
48
128
69
113
35
99
59
44
56
1
241
24
92
0
8
34
23
177
40
147
96
66
49
51
161
0
28
182
1
122
192
6
210
48
225
73
144
1
194
101
195
0
240
39
64
199
204
176
4
132
18
28
65
200
79
12
196
190
12
56
1
65
12
64
18
133
65
96
129
79
50
52
137
10
32
24
94
17
36
34
19
147
170
151
108
114
6
0
128
48
137
64
4
15
0
34
137
34
160
133
3
3
77
42
35
208
9
135
91
132
210
85
208
232
128
132
130
64
13
24
67
44
9
8
104
66
40
0
52
161
69
113
55
165
48
202
136
0
148
88
80
17
11
1
149
177
32
115
192
74
231
190
230
35
253
180
139
152
188
127
2
123
175
75
131
29
98
229
191
48
233
71
27
124
102
248
61
39
222
27
99
87
119
233
222
81
118
189
45
183
197
68
74
156
209
72
216
145
252
221
24
33
213
231
140
227
86
156
182
12
214
215
56
188
129
18
84
69
249
176
163
248
56
25
226
71
224
89
193
33
34
236
143
34
224
42
174
240
98
40
0
130
188
6
11
31
125
99
88
16
117
146
13
133
221
52
26
22
104
163
218
65
40
85
77
48
213
166
138
9
38
72
134
134
192
7
37
92
12
46
49
224
56
253
32
113
8
80
66
21
208
20
233
192
106
217
137
72
213
60
74
209
25
28
0
196
68
70
61
69
71
2
113
136
5
218
205
4
177
149
94
39
101
135
110
227
132
117
45
60
162
13
139
8
6
74
11
165
67
15
37
246
197
38
163
17
200
194
6
205
192
35
170
38
226
197
130
35
203
1
35
86
201
165
83
196
214
95
217
175
130
14
35
66
207
44
69
186
88
56
233
116
96
92
48
175
213
113
181
111
153
172
8
3
240
29
92
65
20
242
19
181
24
87
96
90
133
202
10
75
233
24
160
128
56
49
6
79
146
51
203
168
64
137
189
136
197
132
11
80
99
16
25
34
196
15
131
118
159
128
65
96
83
155
173
50
240
28
8
22
81
134
242
225
153
237
8
37
221
15
139
201
18
209
188
36
80
83
34
219
65
205
76
10
69
74
83
122
176
4
174
4
40
121
76
165
66
53
27
180
100
99
137
103
35
96
9
4
123
15
0
97
186
111
129
219
2
2
95
184
178
183
28
131
85
122
100
206
21
36
19
12
185
125
201
130
120
172
42
184
8
146
54
201
64
8
147
55
8
192
160
196
8
169
74
5
130
134
129
50
107
75
129
3
140
45
206
73
73
222
18
135
2
3
35
94
23
131
121
49
53
142
111
6
65
100
160
98
47
4
47
179
73
64
120
244
133
66
44
170
199
8
130
225
4
37
17
166
20
59
145
116
32
168
124
114
194
25
123
83
199
213
16
16
52
203
230
75
198
44
66
211
207
94
247
254
4
164
228
236
87
51
104
60
173
172
250
69
109
60
179
103
239
36
191
79
224
146
169
243
226
86
31
73
71
91
83
195
112
103
193
126
92
233
223
217
48
249
254
240
25
187
111
218
192
53
221
234
137
201
184
107
143
125
66
219
237
87
179
247
69
47
183
59
215
82
253
203
86
253
251
55
114
190
233
117
183
158
119
59
159
237
62
119
249
253
191
110
86
223
59
239
93
115
97
182
197
46
131
17
200
74
6
200
72
171
138
42
226
196
203
139
235
1
39
86
77
165
3
148
199
95
249
175
194
14
35
18
203
36
69
186
90
58
233
116
112
92
56
175
213
83
181
109
153
172
24
5
240
29
29
65
20
242
19
189
24
87
96
122
196
107
131
57
200
218
38
201
104
163
170
170
226
197
203
171
139
1
35
86
77
165
87
148
71
95
153
167
194
142
35
18
251
36
71
186
90
56
237
116
120
92
48
175
213
115
183
109
153
172
24
1
241
29
29
73
16
242
19
189
88
86
96
122
135
193
10
75
32
144
220
128
50
155
32
202
130
3
100
25
13
138
36
139
65
96
36
200
225
23
51
98
5
42
160
50
210
16
156
193
123
45
170
32
114
78
56
61
147
84
86
124
153
201
22
7
236
1
237
72
151
211
50
21
84
113
64
171
7
200
76
75
137
216
214
132
57
145
62
205
152
55
77
168
65
136
153
168
133
96
143
112
105
69
9
32
237
7
139
55
181
194
121
64
103
211
255
178
179
190
8
116
20
150
126
177
131
81
103
36
157
71
227
174
83
204
172
108
80
107
50
213
196
47
131
57
200
194
38
207
168
163
170
170
210
198
171
171
129
41
35
70
205
133
86
147
87
207
153
167
192
134
34
2
235
2
71
170
25
56
237
100
106
60
48
175
213
87
183
227
153
172
8
5
209
93
92
73
16
242
19
181
24
86
96
120
67
20
8
11
221
192
27
28
26
231
29
140
160
13
9
39
64
101
16
208
232
163
223
40
68
224
168
15
83
25
73
119
225
172
149
43
18
163
37
250
18
74
72
136
84
90
136
17
25
76
26
33
53
185
84
99
56
162
187
184
152
210
58
229
194
218
154
191
239
242
158
137
78
187
1
238
162
198
102
25
125
139
61
215
77
133
39
88
194
223
251
239
195
162
162
178
195
181
86
177
123
85
236
225
66
94
48
120
209
29
151
61
217
206
24
3
244
109
220
251
18
243
183
181
28
83
242
59
135
205
2
13
129
64
148
128
10
129
45
206
0
7
75
168
9
2
164
151
13
160
37
0
97
85
145
96
129
46
130
16
184
16
65
192
48
1
202
160
99
60
56
112
180
82
190
36
9
138
98
39
153
67
96
226
147
65
4
36
20
112
192
8
21
243
147
41
144
32
164
194
66
138
32
154
192
1
139
25
78
69
161
6
1
4
78
200
206
213
59
233
131
14
162
26
86
2
221
139
52
172
45
32
33
66
50
33
55
16
16
180
218
188
56
177
176
161
108
99
134
136
0
97
20
65
113
35
226
204
131
27
201
192
132
141
74
99
41
238
162
198
102
169
103
3
36
146
72
133
55
133
210
71
249
42
131
138
2
18
233
36
67
186
26
0
233
224
98
92
48
171
213
86
180
109
153
174
24
1
240
29
92
65
16
242
19
52
24
84
98
72
132
235
147
91
32
16
160
131
74
147
33
250
194
83
207
8
10
131
172
139
71
164
67
210
195
87
149
163
132
174
130
18
143
18
65
162
89
152
235
32
96
62
176
245
181
112
147
109
187
239
169
115
212
13
88
216
7
209
16
37
120
113
225
75
193
204
139
11
201
192
132
136
106
33
45
238
162
231
134
41
227
35
36
17
200
133
55
196
82
199
153
42
131
10
3
50
253
36
69
186
18
0
233
252
82
92
40
163
213
80
180
45
153
172
24
5
240
29
28
65
24
242
51
188
24
86
34
200
99
108
109
26
204
142
19
1
250
100
53
138
200
163
76
15
192
101
24
36
152
133
26
133
89
224
140
44
34
25
1
105
163
45
64
187
138
11
165
254
178
222
8
139
17
122
64
3
149
36
1
8
57
125
13
131
120
174
59
184
90
84
126
233
3
8
130
7
1
200
144
132
9
160
7
133
16
54
75
162
45
10
1
219
141
40
111
0
97
93
16
42
65
7
131
86
149
181
97
80
19
203
232
6
177
20
40
34
13
22
63
32
137
192
107
5
148
15
48
72
18
65
169
241
0
39
32
206
5
194
28
11
232
144
190
128
58
154
32
202
128
51
205
129
73
139
169
168
193
32
7
216
96
85
57
96
197
15
161
50
212
80
93
129
83
17
169
48
51
94
56
31
117
212
210
85
153
205
28
37
188
5
137
201
18
195
58
133
84
67
32
179
100
39
179
17
200
192
130
201
194
163
171
38
243
198
131
32
195
1
34
86
219
39
82
197
214
198
253
47
2
138
3
2
79
12
71
190
24
56
105
78
96
64
48
171
197
124
181
39
153
172
24
1
240
25
92
65
16
114
19
181
8
87
96
122
64
226
131
153
96
146
46
193
64
163
41
138
194
128
23
10
3
1
40
79
138
133
67
201
77
213
157
166
2
164
35
2
195
148
67
43
24
172
100
98
32
106
32
161
183
28
21
59
26
136
40
115
209
89
124
250
69
235
19
149
88
83
80
122
19
205
154
62
3
74
212
135
19
192
61
140
50
132
15
190
45
18
48
159
6
139
229
3
117
71
210
72
67
39
142
96
165
54
33
80
163
70
202
120
51
187
181
96
190
22
39
238
209
162
127
157
184
2
112
194
147
211
104
121
17
96
147
203
135
210
16
36
17
160
44
72
0
11
233
227
162
7
132
17
111
14
165
65
3
12
0
72
68
221
115
235
18
38
163
20
18
148
124
154
33
172
41
7
33
64
56
105
174
17
62
53
64
210
112
48
96
130
108
32
128
147
148
193
20
71
177
34
131
148
128
36
21
104
20
12
25
129
173
235
162
9
6
59
45
40
52
209
1
135
99
64
101
223
89
107
83
39
130
37
141
189
176
88
34
9
232
183
97
152
58
225
191
81
63
41
80
210
122
4
192
162
120
32
50
145
180
35
48
113
148
74
3
129
136
54
1
194
92
6
35
163
133
192
34
161
4
27
13
3
32
211
135
45
99
67
69
211
243
127
67
37
128
96
151
182
32
40
34
12
122
99
96
170
173
233
183
81
119
111
81
226
56
67
228
16
120
12
27
179
183
243
48
113
145
74
67
3
136
10
99
19
31
14
226
130
45
128
60
62
39
83
79
179
24
28
2
115
103
39
0
193
232
29
55
104
84
97
181
13
130
143
66
80
6
72
38
203
12
40
23
204
197
78
21
170
94
5
35
96
246
215
240
110
40
28
121
216
114
81
178
233
137
138
0
90
20
39
75
0
63
156
57
183
94
186
15
2
32
181
6
193
97
134
217
213
157
57
35
186
2
8
148
76
65
192
47
10
234
40
36
188
169
225
149
26
117
108
211
168
171
202
149
5
112
190
109
97
8
113
16
209
88
202
18
137
154
62
3
66
84
6
19
160
29
132
50
166
47
186
45
18
48
147
134
57
231
35
97
71
208
92
99
161
134
96
149
54
33
96
35
72
218
112
50
187
189
97
191
20
103
110
211
234
107
215
180
8
112
204
155
163
43
249
17
97
131
202
131
4
128
38
129
64
4
4
2
1
129
99
162
13
6
19
109
42
32
213
41
143
99
64
68
93
216
105
146
36
194
5
149
189
33
154
33
8
40
78
33
128
56
233
141
89
191
36
80
194
88
0
64
18
48
33
58
49
145
49
4
99
16
74
67
80
8
31
79
202
27
12
10
163
57
140
176
136
45
179
36
55
16
209
138
163
239
13
1
192
234
14
19
41
5
111
113
173
53
59
2
239
166
195
146
202
101
42
147
30
40
59
149
194
82
5
45
120
52
226
217
59
185
120
157
4
18
165
154
216
222
111
255
106
216
170
190
185
213
255
46
115
68
216
239
215
60
187
198
78
173
127
47
223
115
59
255
107
183
126
151
239
61
95
118
245
251
119
115
222
235
127
223
149
253
251
205
247
95
133
236
166
190
109
216
246
190
219
84
13
182
191
193
43
147
19
200
138
160
202
202
33
6
71
226
241
74
160
102
139
135
71
76
133
38
215
195
10
204
206
128
0
130
50
191
11
64
52
25
2
204
200
216
20
24
6
232
99
131
207
185
12
8
119
240
29
25
193
21
122
23
180
40
22
65
73
135
0
128
32
201
72
4
192
0
3
138
102
162
7
130
49
73
33
163
144
65
135
11
68
70
84
88
35
130
14
131
0
5
138
73
130
32
136
109
2
96
16
0
161
69
81
54
161
112
108
24
48
197
3
104
33
18
16
132
33
4
113
48
74
197
39
145
116
121
34
38
94
0
16
234
49
64
213
130
33
163
204
137
68
65
169
164
18
70
207
128
193
148
4
0
76
60
17
112
186
52
176
1
197
103
32
26
23
236
135
199
78
8
165
109
21
81
90
154
9
0
74
7
132
72
70
37
88
133
205
8
13
161
72
222
129
58
153
47
205
0
55
77
168
1
10
132
134
69
160
36
128
97
85
1
96
133
42
130
16
248
48
105
192
19
3
202
160
243
62
56
54
180
86
222
52
129
139
86
39
153
71
129
170
147
193
44
36
84
96
34
169
83
152
154
43
205
232
255
12
88
187
216
237
160
14
15
185
15
47
177
147
236
33
239
77
229
193
122
167
83
97
227
231
133
128
221
33
55
173
236
51
104
92
99
105
247
17
191
51
251
218
58
35
229
229
124
241
214
187
191
233
150
211
242
102
64
235
129
88
8
152
4
66
74
51
32
138
194
209
76
11
68
129
36
9
206
132
72
195
195
87
129
230
1
0
0
64
211
2
80
40
72
8
162
96
226
62
40
37
149
84
21
207
145
168
8
86
112
29
91
9
21
242
19
181
88
112
65
123
76
234
109
232
54
127
167
240
221
158
250
154
217
20
255
234
153
77
235
108
116
213
72
212
141
117
29
180
109
198
55
216
220
88
215
169
124
250
173
33
252
61
115
53
119
167
118
97
190
189
173
242
211
253
79
28
102
204
31
228
239
219
108
246
130
136
138
39
41
72
210
132
24
161
7
207
18
20
74
186
45
26
20
211
13
169
239
0
97
11
144
10
195
39
131
118
181
181
96
90
83
67
232
246
211
28
8
50
153
22
171
40
153
202
95
5
220
31
177
104
18
241
161
61
84
51
34
203
130
217
138
117
53
176
222
8
27
145
181
234
162
80
6
27
45
131
60
155
135
47
227
91
101
215
243
111
86
47
135
102
159
188
184
12
122
57
234
115
97
190
163
105
183
85
183
47
217
218
24
71
244
165
248
106
19
147
182
255
48
113
181
74
194
204
130
27
205
200
0
133
74
163
41
206
162
134
102
171
65
3
36
209
200
135
55
4
67
71
141
42
131
26
3
18
233
44
67
186
90
0
233
226
66
92
48
171
212
118
180
37
153
172
24
1
240
29
28
65
16
178
49
180
24
82
34
104
196
43
131
17
200
66
6
201
200
163
170
42
226
196
139
34
203
1
35
70
77
167
66
134
87
215
157
167
128
142
34
2
203
14
71
186
24
56
237
116
120
116
48
175
213
124
181
103
185
172
24
1
241
29
92
65
16
240
19
189
24
86
96
122
235
220
94
207
239
221
218
129
62
127
7
206
158
106
110
221
109
243
60
161
220
85
59
104
51
87
59
126
255
91
215
55
215
229
95
81
211
199
254
114
245
221
108
63
147
30
252
49
149
221
18
37
239
231
159
239
155
221
240
45
215
89
26
187
196
235
131
25
200
90
2
201
200
163
163
174
226
192
207
170
203
1
35
87
77
167
66
196
71
215
157
47
129
142
3
2
207
44
69
186
90
58
237
116
248
92
48
175
213
122
181
37
153
172
24
1
209
29
156
65
16
240
17
189
88
87
96
250
196
47
131
57
200
82
166
207
136
163
170
170
194
196
203
171
203
9
163
70
76
167
94
146
87
207
157
167
128
14
34
82
239
6
71
170
16
56
237
100
104
60
48
167
85
127
149
225
153
172
24
1
209
93
221
73
16
232
19
181
88
86
96
122
197
39
131
17
200
194
6
205
200
33
169
110
226
197
130
32
203
1
35
86
73
167
66
196
70
87
157
47
128
14
3
2
207
44
69
186
88
56
237
116
112
92
56
175
213
120
181
37
153
172
8
1
241
29
28
75
16
240
17
189
88
87
96
122
183
244
117
15
255
0
223
184
210
5
157
255
239
31
134
120
119
166
22
17
105
138
161
204
166
252
253
91
255
59
195
63
184
237
44
222
238
49
11
255
91
202
139
186
140
113
140
21
225
55
71
203
40
178
38
103
252
52
188
90
188
4
182
29
18
209
152
62
7
194
92
7
19
162
157
136
48
132
37
26
45
26
48
219
130
59
195
3
165
213
242
77
83
37
132
96
151
188
177
12
43
72
106
115
32
139
189
105
55
29
55
110
83
226
123
199
36
0
112
236
153
163
187
251
49
97
147
194
69
33
131
17
65
2
35
234
196
162
194
54
225
201
131
2
66
5
99
70
106
167
202
199
68
240
156
36
0
138
34
74
95
14
69
186
16
40
109
76
44
112
48
163
69
121
33
227
58
172
24
0
209
29
92
80
8
40
19
177
8
215
97
74
90
1
130
179
6
69
8
133
134
162
19
6
145
130
51
82
28
19
64
210
10
183
194
6
24
144
148
9
2
248
22
136
7
28
195
166
137
72
74
65
32
1
117
104
133
4
161
45
30
170
153
3
182
24
124
240
1
35
17
113
41
19
104
98
189
254
239
237
191
253
249
253
188
255
254
253
79
152
253
237
187
252
127
107
190
10
190
57
63
255
55
51
95
95
119
191
193
231
255
219
214
245
249
63
123
252
243
191
95
146
124
178
205
189
214
185
217
191
134
116
240
228
107
255
223
207
44
182
197
75
65
68
112
26
243
106
152
145
230
83
194
17
192
0
2
205
157
45
68
12
160
115
109
138
9
7
84
8
0
28
50
3
116
186
116
186
133
148
211
182
153
22
232
2
72
203
9
37
53
176
89
95
143
10
80
90
50
204
72
22
33
185
197
35
1
84
81
2
43
106
128
41
3
119
130
195
128
2
34
5
143
71
202
175
160
87
74
138
134
7
0
8
32
92
114
47
36
191
0
188
7
220
217
96
24
134
235
104
137
203
41
37
112
16
97
26
142
2
16
122
51
157
104
6
33
185
113
1
165
144
23
135
3
124
198
228
209
20
233
136
19
70
26
117
66
116
184
3
210
165
28
160
140
12
16
152
80
137
77
44
151
186
134
104
1
93
16
65
149
138
1
168
129
78
18
44
153
137
50
24
28
18
104
34
123
217
138
134
44
242
28
47
149
228
104
203
34
103
72
80
194
21
80
116
201
224
234
201
137
108
199
45
202
211
143
72
8
204
36
6
57
77
23
19
113
154
4
242
205
6
133
181
153
6
109
142
239
239
144
36
109
246
163
93
155
9
68
74
11
229
72
15
33
246
171
222
62
207
255
213
223
153
62
255
13
207
191
92
117
253
125
247
124
187
252
84
191
120
51
247
123
122
255
123
215
55
231
229
219
81
242
215
254
187
83
95
110
190
149
156
220
49
141
221
22
45
254
167
142
227
177
212
240
15
215
221
30
190
134
145
138
117
37
128
220
14
2
163
133
234
162
64
6
27
13
3
36
155
135
47
99
75
101
87
243
111
18
45
133
102
143
188
184
14
50
172
234
99
96
42
161
105
183
85
183
43
88
218
56
71
244
128
120
98
19
147
182
247
48
113
149
74
194
218
146
255
239
114
154
137
14
187
41
235
162
210
102
57
117
139
61
215
77
135
55
88
195
223
249
111
211
162
163
178
167
189
86
117
123
28
236
225
74
94
50
121
209
95
187
125
216
206
24
1
244
239
216
233
18
241
181
181
60
115
178
91
154
193
138
190
39
82
92
143
19
130
189
168
50
134
38
250
13
18
48
221
3
208
229
2
37
215
243
121
83
107
134
32
144
156
145
194
171
69
234
113
34
171
181
105
182
29
183
44
87
138
119
199
136
1
112
186
145
163
60
123
53
120
210
130
26
209
8
186
7
219
92
14
71
2
89
144
49
6
60
90
31
22
0
216
130
112
193
11
141
213
227
13
19
232
149
232
146
132
157
130
47
72
66
67
32
203
229
105
23
148
117
110
86
162
179
198
46
1
118
60
137
163
58
211
17
107
242
38
26
209
24
186
7
201
92
14
67
162
89
176
48
6
45
90
29
18
0
208
131
112
193
11
133
213
227
77
19
106
149
105
146
148
157
130
43
72
66
67
32
203
229
105
55
21
101
110
87
170
51
70
38
1
116
60
137
163
186
243
25
235
242
6
147
217
216
102
255
168
222
24
58
17
189
235
174
85
70
25
45
215
60
155
199
45
227
123
229
223
243
127
126
39
135
103
159
245
184
88
98
89
250
183
113
158
235
123
189
29
255
47
193
210
25
7
252
166
186
111
27
151
182
175
16
127
180
222
147
213
138
62
7
66
92
142
19
130
189
168
34
132
6
59
13
2
52
213
3
138
229
2
100
215
243
105
83
39
134
32
144
188
177
200
43
5
106
241
34
170
189
105
190
29
183
108
83
194
115
215
8
66
112
162
155
147
172
91
53
112
214
131
252
121
255
253
54
55
125
255
212
158
249
184
111
138
151
223
242
212
127
111
59
223
229
191
143
171
239
153
211
220
116
184
96
15
190
255
198
117
21
245
154
202
183
30
250
175
1
156
254
189
118
243
106
190
183
85
192
188
105
218
127
150
107
177
251
207
230
255
98
87
221
167
29
253
92
223
31
252
119
238
45
145
125
239
62
157
247
59
63
255
155
54
239
243
118
191
226
103
49
121
247
117
254
124
115
127
249
254
159
140
125
178
205
129
223
157
219
126
182
230
225
252
105
93
223
109
27
190
250
219
238
239
231
255
253
242
125
223
253
219
191
249
127
236
191
245
125
239
62
223
167
61
63
255
59
54
255
247
118
191
240
103
126
89
214
119
252
189
247
127
255
127
223
159
90
180
205
153
214
177
219
247
167
254
249
252
105
127
215
253
18
191
154
218
194
111
127
122
214
142
122
153
254
255
174
23
78
249
107
215
189
159
196
47
235
118
37
207
89
55
255
107
3
110
151
231
121
240
119
91
255
181
227
221
234
119
141
135
125
229
205
183
95
132
245
167
187
239
82
252
182
111
81
77
180
222
29
233
223
125
48
250
254
240
121
154
109
218
196
119
207
232
139
205
185
107
135
109
78
218
173
223
51
247
77
47
55
126
247
211
189
203
22
253
255
55
51
254
251
119
119
158
127
59
159
253
46
247
217
247
190
108
212
206
56
239
93
111
115
182
189
217
239
253
182
253
253
254
157
255
254
217
207
237
221
238
185
252
127
107
190
78
174
59
127
255
55
179
93
215
118
191
226
111
255
219
214
119
249
191
251
254
243
255
223
179
127
178
203
189
247
177
216
191
133
116
248
182
107
251
223
223
41
182
197
170
155
69
232
90
190
228
72
187
235
218
194
21
202
136
137
137
191
75
7
133
110
216
239
95
191
227
196
13
163
70
215
17
76
203
88
191
233
182
209
60
57
55
243
10
151
57
155
236
44
247
209
95
159
72
86
217
17
165
92
115
97
254
249
207
247
221
98
95
253
230
31
245
127
217
31
252
255
222
63
241
252
47
62
221
246
51
31
255
151
62
47
243
86
255
167
215
99
121
244
215
254
110
247
63
229
119
191
158
93
170
223
137
255
253
211
127
181
246
225
252
97
111
223
253
153
254
171
202
110
203
239
221
223
136
62
255
12
206
159
125
125
237
93
179
124
187
254
118
190
120
51
247
115
114
253
211
87
247
251
210
219
65
210
247
250
186
214
127
76
124
213
86
216
51
141
223
150
37
222
197
205
255
185
212
244
63
215
249
138
189
171
204
46
193
235
221
223
137
62
255
142
202
191
108
105
205
29
179
124
179
254
118
62
104
51
119
115
114
252
211
119
119
203
210
218
65
210
239
250
58
112
125
108
253
215
86
220
51
157
219
18
45
221
197
205
255
27
213
244
45
215
185
137
186
234
220
238
229
239
255
222
209
60
219
143
203
191
252
123
205
189
245
127
255
94
223
183
121
55
223
59
62
223
247
54
183
70
101
63
89
210
117
252
51
113
220
122
191
223
141
222
177
205
153
86
189
201
247
135
255
209
221
120
63
87
29
24
178
171
220
110
131
207
221
223
145
62
111
7
74
158
104
110
221
125
179
60
179
220
85
59
104
51
119
123
126
252
83
215
55
223
241
218
65
210
231
254
59
241
221
110
41
209
30
252
49
149
222
18
45
238
229
205
239
27
21
244
45
151
185
24
170
171
200
110
219
235
213
223
136
62
255
45
206
159
125
125
189
93
179
124
179
254
118
190
120
51
119
115
122
253
211
247
247
251
210
27
65
210
247
250
186
86
127
104
252
213
82
220
51
141
207
150
41
220
197
205
255
59
213
252
45
214
249
139
189
21
123
19
13
20
64
132
242
74
128
35
18
64
64
201
145
111
198
160
6
6
172
4
194
207
149
113
233
130
42
130
26
50
6
241
154
24
8
235
69
33
16
179
98
45
144
152
172
202
189
97
243
48
162
1
67
5
0
16
99
20
69
101
34
135
204
138
45
13
104
220
140
24
161
173
232
34
12
78
185
9
40
52
209
5
130
103
0
101
223
209
35
211
39
131
103
157
176
113
72
51
1
232
51
115
158
40
105
245
83
191
40
217
218
90
5
220
7
112
96
146
147
165
61
52
115
180
74
2
34
16
32
1
64
164
79
192
130
137
32
96
4
1
19
77
42
35
208
1
2
85
133
212
85
213
232
0
166
130
64
12
28
67
14
9
8
104
66
40
0
48
161
101
113
54
44
56
202
160
67
176
24
112
81
6
3
133
177
32
115
192
74
131
212
136
36
21
104
116
28
16
1
173
233
34
9
6
155
45
44
53
209
33
131
99
0
101
223
89
107
83
39
227
37
157
189
176
88
35
1
104
183
107
154
58
233
221
81
63
40
80
210
90
4
196
166
112
32
178
145
165
187
144
243
148
74
132
235
19
107
48
80
160
225
72
145
224
250
226
83
221
136
11
136
230
139
69
36
5
214
193
87
21
161
135
174
130
146
142
18
71
130
125
24
235
36
105
62
177
245
181
245
54
110
186
175
173
115
208
5
104
88
6
209
22
101
120
115
225
91
134
40
0
34
201
72
132
136
8
1
138
102
162
71
202
177
3
1
165
144
69
134
41
68
70
212
89
35
130
46
3
66
141
128
64
130
48
130
169
134
65
20
0
161
197
83
182
193
240
238
8
0
213
7
73
33
18
16
148
32
8
81
180
72
131
4
128
38
129
64
46
4
0
33
137
109
34
13
6
19
109
42
33
209
41
139
99
0
68
95
248
107
211
36
163
4
149
189
33
60
33
0
104
76
105
136
56
233
205
81
191
52
81
194
90
36
192
18
48
33
154
177
165
177
52
115
48
74
226
206
130
59
201
70
138
131
46
235
41
234
162
194
102
63
125
171
37
215
77
135
55
72
211
223
251
107
131
178
162
178
131
188
71
167
251
12
236
224
106
94
48
233
209
89
183
61
217
206
24
9
244
79
220
225
18
241
117
181
62
83
24
107
5
200
92
9
137
200
192
64
59
1
142
236
140
55
205
168
65
8
149
160
133
64
143
97
97
68
72
84
45
15
137
54
188
194
105
64
34
131
159
178
151
150
8
32
20
158
126
163
195
81
103
180
189
69
97
174
90
205
174
96
16
105
151
205
65
196
85
24
136
200
39
116
32
36
168
137
76
237
205
170
139
96
129
96
234
232
8
160
72
125
129
48
169
6
73
69
216
70
81
56
0
160
53
110
54
186
8
167
116
178
108
0
0
4
97
48
1
26
3
12
169
172
9
32
152
198
35
97
193
2
1
86
41
128
125
106
192
45
33
67
162
169
132
2
34
37
39
73
170
174
232
127
64
186
167
46
82
1
33
79
91
167
36
59
67
188
33
222
217
226
40
143
202
105
8
155
1
165
80
0
109
26
143
0
16
242
179
157
200
22
32
191
173
253
125
253
179
253
247
217
189
213
14
255
159
127
252
253
131
245
188
47
127
254
176
114
53
254
145
51
255
123
86
57
146
83
247
242
242
91
219
189
87
189
254
245
181
22
252
39
205
191
183
61
219
167
175
46
56
220
118
47
219
223
191
154
83
213
154
62
21
194
92
14
19
171
133
232
162
130
6
27
13
35
48
211
139
47
67
75
228
215
243
111
83
45
229
98
159
156
189
39
43
13
106
115
112
234
173
105
183
89
55
127
91
234
58
71
228
0
120
224
27
179
191
251
57
241
209
74
84
42
133
4
72
203
34
103
72
32
211
21
80
245
8
128
237
73
9
96
198
13
74
203
143
88
8
206
32
4
25
76
87
51
113
25
12
234
206
6
149
181
201
38
77
140
239
235
149
100
73
214
163
92
26
11
69
78
18
225
64
37
1
238
106
209
8
186
39
145
94
9
135
170
49
136
49
0
53
95
28
86
0
218
138
178
212
14
4
145
167
41
19
240
53
250
96
156
142
47
234
108
34
99
34
75
101
105
22
220
0
30
87
138
18
5
42
16
244
120
145
163
57
218
61
90
122
179
106
210
9
186
175
148
15
9
198
42
33
138
177
66
53
95
86
183
0
208
138
246
17
76
20
128
231
45
19
184
53
144
98
140
142
175
235
108
34
227
34
74
100
73
210
92
128
31
82
174
16
1
38
17
253
113
144
178
17
156
61
210
122
49
106
83
8
186
55
179
30
9
70
42
49
130
177
194
53
83
20
87
32
208
138
244
1
78
132
148
227
45
18
248
181
192
66
140
158
175
107
108
34
67
34
74
117
105
150
92
148
95
22
170
16
7
38
25
124
121
1
179
19
151
61
242
248
35
26
145
8
186
23
145
92
10
7
42
145
160
176
2
37
83
29
19
32
208
131
116
193
75
0
213
227
45
18
104
181
96
15
156
157
130
43
76
98
99
32
235
229
105
55
21
181
127
86
234
24
6
38
1
124
176
1
163
190
211
57
251
248
2
88
187
151
217
98
251
172
247
77
186
91
150
211
212
251
234
31
219
235
206
135
93
75
223
139
87
54
236
4
198
182
202
223
19
203
5
93
254
254
35
172
61
247
55
127
175
55
235
190
248
173
247
183
109
219
218
71
207
19
231
113
105
193
118
1
239
21
10
200
154
166
68
122
16
14
73
68
117
205
136
70
11
153
36
68
97
0
194
227
0
72
196
173
0
136
0
188
67
64
128
61
2
151
168
199
190
24
134
84
242
198
198
161
5
79
102
57
69
75
139
63
204
14
36
16
99
247
73
195
194
143
81
233
144
208
136
50
179
4
202
138
241
38
9
76
131
60
155
202
101
110
251
98
18
83
110
165
9
1
114
255
146
144
96
90
153
54
226
210
42
40
92
145
92
209
147
25
201
28
69
117
73
222
203
17
212
182
29
80
113
194
219
227
6
160
162
207
6
7
13
6
103
17
98
163
138
18
23
88
35
33
209
185
135
91
64
86
241
152
47
146
184
65
195
5
172
146
138
136
8
37
74
32
64
36
169
193
88
181
9
80
172
152
8
118
16
120
115
32
48
81
17
138
211
56
74
68
35
163
145
209
130
35
252
132
166
194
54
193
200
147
6
74
5
227
70
218
167
202
199
28
240
148
36
16
136
3
138
79
6
71
186
16
40
109
76
44
112
48
163
69
120
53
227
26
172
153
0
243
25
28
80
32
40
19
177
8
215
33
122
240
207
247
223
225
78
215
237
46
197
125
219
15
253
94
188
127
135
252
39
30
233
246
32
123
223
153
126
173
146
2
63
149
119
113
89
148
129
254
110
119
30
169
183
189
26
253
36
155
136
255
185
209
111
149
239
105
252
96
105
82
85
27
255
212
43
211
117
248
216
190
225
200
187
203
123
194
213
203
130
171
137
175
75
15
173
102
216
205
223
183
235
196
46
35
30
87
21
109
155
28
191
233
86
105
124
185
247
239
42
189
51
155
173
41
243
209
95
29
104
68
218
17
237
108
87
97
190
68
42
147
25
200
208
164
233
136
163
170
58
195
197
203
136
203
9
227
66
204
133
78
209
71
215
149
166
128
138
34
26
239
6
69
170
16
184
237
100
104
52
48
166
117
112
149
163
152
172
56
49
209
29
156
65
0
232
19
165
88
87
97
122
251
205
110
223
234
205
86
165
122
117
63
219
158
242
126
252
111
211
60
173
30
217
191
32
59
215
155
58
239
251
22
61
128
231
112
91
194
87
254
254
243
255
237
127
153
30
252
180
197
129
87
188
207
167
135
175
217
252
96
125
87
93
24
189
171
206
46
111
171
221
222
129
61
223
12
207
154
60
108
237
13
251
188
171
212
118
16
120
49
215
29
118
61
115
23
87
134
208
203
64
243
203
250
41
101
61
110
117
181
212
254
123
237
219
56
45
223
197
250
174
55
215
246
37
243
249
30
154
174
206
108
204
175
221
219
17
61
93
44
207
159
61
124
237
13
251
252
169
244
118
48
113
49
119
25
118
125
243
23
215
151
208
219
96
243
219
250
169
119
191
106
181
181
214
246
107
165
219
188
45
223
229
250
190
55
215
246
143
243
251
30
219
227
220
130
47
205
66
152
143
26
235
41
239
162
143
6
63
109
35
52
147
200
135
119
72
87
207
249
107
211
59
163
118
165
189
117
113
179
12
232
247
98
94
40
233
223
81
189
125
217
238
24
5
244
7
124
225
18
179
183
185
30
87
50
75
194
218
154
111
125
114
152
143
30
185
172
235
34
146
38
187
101
135
60
155
69
135
119
93
103
207
249
107
215
35
162
102
165
169
246
116
115
28
232
245
107
94
50
121
217
87
183
237
248
254
94
1
244
167
248
225
18
243
183
190
60
85
150
91
173
255
255
253
54
125
249
255
189
223
232
253
95
156
255
239
251
252
255
107
60
220
254
57
63
239
51
51
221
95
118
191
228
98
255
251
214
247
249
181
115
253
126
191
254
150
125
176
204
189
126
189
202
191
166
116
144
244
105
238
223
204
47
178
21
251
223
125
48
240
252
252
89
154
105
190
196
119
207
250
171
196
184
106
15
109
70
219
237
221
51
185
79
43
50
62
247
198
253
219
20
255
251
55
51
126
187
118
63
158
93
55
219
189
39
247
184
183
52
108
196
206
24
239
93
79
99
183
173
255
247
253
183
237
249
255
189
255
232
253
95
172
255
239
187
252
239
107
124
156
246
57
63
239
179
51
221
95
118
191
229
115
127
251
246
247
249
189
119
125
255
191
254
151
125
176
204
189
126
189
202
159
180
100
144
208
105
238
223
206
43
182
154
216
218
110
63
106
244
142
90
185
254
255
166
150
238
249
107
151
189
153
197
143
235
125
39
223
121
35
223
107
162
110
149
175
125
245
119
223
237
245
235
221
106
121
223
23
63
225
237
247
95
148
204
167
191
233
86
240
175
111
93
77
150
222
173
253
255
237
54
253
253
255
189
223
238
249
79
189
255
239
251
244
255
107
60
220
254
57
63
255
51
51
127
95
118
191
224
102
255
251
210
253
249
181
119
253
122
191
158
146
124
176
205
189
126
189
200
191
167
92
184
244
105
239
223
205
45
178
139
204
76
139
202
217
214
129
58
67
45
202
158
102
102
249
77
83
60
165
14
241
59
104
35
87
25
122
253
107
151
55
148
213
216
65
3
193
254
178
83
159
108
121
149
30
252
49
133
217
18
36
223
231
129
175
27
221
32
45
85
121
18
171
151
209
154
127
53
176
222
24
26
155
181
234
162
66
6
27
45
131
52
155
135
47
195
75
165
87
243
111
87
47
167
98
143
184
188
71
123
61
234
115
112
238
163
105
183
85
183
63
219
250
24
71
236
165
248
227
19
147
182
255
48
115
181
75
240
141
183
151
201
78
198
173
14
193
127
217
15
245
90
156
127
7
124
39
30
169
230
34
91
223
153
62
187
154
2
47
149
103
112
89
148
65
254
102
101
60
169
227
173
24
253
38
153
128
223
185
213
111
149
239
73
124
96
105
82
85
17
222
20
251
95
125
48
240
252
232
219
154
249
191
197
183
201
250
235
197
170
46
15
236
68
219
237
221
183
249
79
110
54
58
242
70
125
255
124
253
251
117
55
94
187
126
63
150
92
182
203
173
37
247
184
159
44
108
196
234
27
79
93
69
99
182
139
216
218
46
31
106
112
14
56
57
204
237
46
159
238
249
107
158
181
145
229
143
239
63
39
207
88
51
251
99
163
102
157
225
117
112
55
215
233
245
219
223
126
115
221
87
127
233
249
246
94
20
252
167
251
45
158
176
175
191
152
95
182
79
131
220
138
110
61
106
244
142
24
185
236
237
34
158
198
189
107
150
189
27
197
139
239
31
103
207
121
35
215
99
35
103
165
161
252
112
119
149
233
181
67
222
50
249
223
19
63
233
249
246
94
5
212
167
254
224
146
176
167
191
30
87
182
223
163
220
138
47
157
224
152
140
24
235
168
237
34
142
6
191
9
46
37
147
105
129
119
9
71
223
249
35
211
51
34
19
133
160
221
240
115
37
233
245
98
78
50
233
215
17
190
120
216
190
90
5
212
133
252
97
146
178
167
189
30
87
50
75
148
235
83
125
176
216
252
225
200
187
251
186
195
197
217
186
171
205
175
107
15
172
4
222
205
223
183
233
70
174
34
190
82
22
109
159
92
191
233
86
184
124
177
255
255
174
189
63
139
173
37
243
232
31
47
105
196
250
17
233
124
71
97
182
213
8
199
21
200
202
211
230
24
165
215
87
206
161
2
162
168
69
152
39
204
141
238
169
79
138
152
22
232
45
11
111
53
177
112
121
22
235
214
222
209
52
137
2
169
26
201
233
219
72
75
183
213
127
29
206
108
62
179
121
200
20
22
239
147
217
204
93
247
186
222
24
59
139
189
234
174
77
70
25
173
183
62
159
135
111
227
107
229
87
243
127
127
47
231
33
223
252
156
77
106
45
250
243
115
238
171
105
183
25
247
63
211
218
26
199
232
225
254
111
91
151
180
127
180
249
150
143
88
171
147
219
98
219
172
251
205
186
218
158
243
212
123
234
159
129
234
15
134
61
75
223
139
87
151
166
4
198
22
202
207
15
227
37
92
158
238
32
108
125
231
119
191
237
55
235
254
202
169
243
183
109
120
218
71
235
214
231
97
121
209
94
