posters/Movie Poster 103.jpg
512
758
111
35.0872
-1
0
139
404
0.00602605
31
-79.0987
-1
0
345
170
0.0068739
31
60.0378
-1
0
233
111
0.0042312
31
154.201
-1
0
196
120
0.00396572
31
49.9234
-1
0
289
176
0.00479632
31
61.0239
-1
0
360
158
0.0045462
31
27.5388
-1
0
139
362
0.00384768
31
20.8881
-1
0
354
161
0.00930923
31
-167.829
-1
0
243
119
0.00393316
31
-41.4725
-1
0
347
134
0.00530126
31
153.636
-1
0
197
116
0.00465602
31
63.4349
-1
0
233
116
0.00800334
31
148.758
-1
0
199
131
0.00459067
31
46.503
-1
0
288
173
0.00812142
31
62.8076
-1
0
231
118
0.00588675
31
-58.6429
-1
0
345
167
0.00557107
31
150.516
-1
0
200
127
0.00320772
31
-96.3402
-1
0
148
374
0.00364143
31
39.5309
-1
0
138
333
0.00375167
31
-72.2553
-1
0
253
122
0.00372424
31
30.774
-1
0
170
416
0.00358065
31
153.984
-1
0
195
114
0.00369736
31
-31.7497
-1
0
350
137
0.0032855
31
153.225
-1
0
197
124
0.00334255
31
148.419
-1
0
202
132
0.00337522
31
-108.178
-1
0
249
122
0.00290536
31
-92.2026
-1
0
146
345
0.00298048
31
-11.6767
-1
0
178
426
0.0031034
31
147.695
-1
0
203
135
0.0031076
31
143.49
-1
0
211
151
0.00304462
31
53.1981
-1
0
293
146
0.00306803
31
145.533
-1
0
208
146
0.00312707
31
35.4171
-1
0
229
103
0.00316894
31
146.958
-1
0
205
141
0.00308898
31
-73.8866
-1
0
146
414
0.00288619
31
55.5856
-1
1
286.8
168
0.00389163
37.2
56.9232
-1
1
288
174
0.00546812
37.2
-54.4623
-1
1
344.4
166.8
0.00500321
37.2
59.9729
-1
1
289.2
176.4
0.00419231
37.2
51.1028
-1
1
361.2
158.4
0.0032724
37.2
-97.6668
-1
1
339.6
171.6
0.00338499
37.2
-4.52096
-1
1
177.6
426
0.00299213
37.2
17.5713
-1
1
138
333.6
0.00358127
37.2
13.4809
-1
1
139.2
362.4
0.00360819
37.2
-53.6913
-1
1
348
134.4
0.00521326
37.2
-70.9744
-1
1
148.8
374.4
0.00307246
37.2
23.3721
-1
1
170.4
416.4
0.0033858
37.2
26.5651
-1
1
139.2
404.4
0.00532369
37.2
-64.7637
-1
1
345.6
170.4
0.00484798
37.2
155.439
-1
1
301.2
172.8
0.00257254
37.2
-34.3151
-1
1
146.4
412.8
0.00287949
37.2
-17.5669
-1
1
150
142.8
0.00267995
37.2
-45.9878
-1
1
146.4
345.6
0.00251999
37.2
148.899
-1
1
298.8
172.8
0.00191745
37.2
0
-1
1
333.6
163.2
0.00207769
37.2
-177.458
-1
1
246
498
0.00215352
37.2
-165.651
-1
1
271.2
307.2
0.00182356
37.2
-0.197571
-1
1
218.4
574.8
0.0018395
37.2
142.257
-1
1
211.2
150
0.00182545
37.2
173.239
-1
1
236.4
205.2
0.00188748
37.2
16.5384
-1
2
171.36
416.16
0.00334312
44.64
5.66963
-1
2
221.76
570.24
0.00450095
44.64
-41.4965
-1
2
148.32
372.96
0.00310348
44.64
71.1753
-1
2
288
174.24
0.00462845
44.64
-63.1342
-1
2
345.6
169.92
0.00289173
44.64
-49.1849
-1
2
344.16
165.6
0.0032349
44.64
-9.8193
-1
2
354.24
161.28
0.00802723
44.64
63.8432
-1
2
286.56
167.04
0.00293655
44.64
-26.3181
-1
2
151.2
414.72
0.00149637
44.64
-17.7649
-1
2
145.44
411.84
0.00239291
44.64
-21.656
-1
2
156.96
152.64
0.00180263
44.64
-42.2737
-1
2
348.48
167.04
0.00230214
44.64
154.386
-1
2
231.84
190.08
0.00188703
44.64
-44.7913
-1
2
182.88
270.72
0.00153727
44.64
-174.219
-1
2
246.24
498.24
0.00193902
44.64
1.22321
-1
2
217.44
573.12
0.00155006
44.64
-13.542
-1
2
203.04
459.36
0.00144787
44.64
4.57392
-1
2
361.44
158.4
0.00268728
44.64
-84.2513
-1
2
341.28
171.36
0.00231136
44.64
-1.97493
-1
2
178.56
426.24
0.00215973
44.64
157.751
-1
2
300.96
171.36
0.00277569
44.64
-24.7024
-1
2
145.44
344.16
0.00249308
44.64
-103.496
-1
2
335.52
164.16
0.00211473
44.64
-42.7094
-1
2
342.72
162.72
0.0013599
44.64
3.48138
-1
3
221.184
570.24
0.00446135
53.568
155.45
-1
3
298.944
171.072
0.00218698
53.568
155.391
-1
3
231.552
190.08
0.00171608
53.568
3.7983
-1
3
171.072
418.176
0.00298439
53.568
0
-1
3
177.984
426.816
0.00178983
53.568
80.9982
-1
3
286.848
174.528
0.00335942
53.568
-0.840979
-1
3
216
573.696
0.00160163
53.568
-90.3871
-1
3
338.688
172.8
0.00146035
53.568
-45.2199
-1
3
183.168
271.296
0.00139919
53.568
-50.5544
-1
4
219.802
348.365
0.00107854
64.2816
178.519
-1
4
252.979
508.032
0.000871797
64.2816
-172.725
-1
4
246.758
499.738
0.00172836
64.2816
-11.4101
-1
4
203.213
458.266
0.00113175
64.2816
-38.3952
-1
4
211.507
346.291
0.00117655
64.2816
-19.8258
-1
4
203.213
319.334
0.00112528
64.2816
-17.9229
-1
4
217.728
537.062
0.000821793
64.2816
164.589
-1
4
273.715
505.958
0.000657476
64.2816
5.75457
-1
4
217.728
549.504
0.000613213
64.2816
-34.073
-1
4
217.728
526.694
0.000631571
64.2816
-17.005
-1
4
223.949
367.027
0.000573768
64.2816
173.216
-1
5
261.274
288.645
0.000524532
77.1379
-177.107
-1
5
251.32
505.129
0.00118062
77.1379
163.153
-1
5
253.809
427.991
0.000687025
77.1379
-171.485
-1
5
246.344
492.687
0.00238168
77.1379
-173.916
-1
5
248.832
500.152
0.00137353
77.1379
178.315
-1
5
253.809
497.664
0.000751794
77.1379
178.198
-1
5
268.739
286.157
0.00060823
77.1379
111
64
7
237
201
122
16
88
77
14
163
134
41
200
2
135
164
27
139
102
32
107
6
116
96
99
69
215
179
41
19
42
56
9
150
6
253
138
32
124
251
48
32
106
56
105
182
84
117
238
80
168
48
84
32
1
244
12
153
178
50
191
89
213
97
178
147
219
85
118
188
40
216
10
122
17
55
91
46
115
68
185
230
198
36
107
198
44
161
114
239
139
227
123
255
43
193
127
178
231
124
218
98
51
179
247
215
222
171
95
200
2
216
79
129
181
87
1
120
6
143
77
17
242
50
190
88
22
36
185
133
198
64
8
209
92
7
205
172
71
40
10
0
43
238
133
75
100
37
36
24
194
58
32
80
245
29
33
145
10
2
1
192
6
199
138
0
0
37
10
38
18
40
177
20
88
116
144
16
44
48
32
3
9
197
50
152
8
0
36
12
209
104
48
72
1
146
151
195
131
90
5
6
99
1
2
146
224
34
66
238
147
49
103
206
173
194
115
74
202
186
108
80
0
48
33
215
37
85
187
82
120
225
84
112
88
56
15
209
28
229
111
153
172
24
5
240
29
156
73
16
242
51
189
88
87
32
250
229
203
239
203
247
253
215
216
189
213
172
251
175
127
254
237
139
117
255
63
124
247
254
116
103
247
25
55
255
91
18
27
159
71
215
251
82
121
255
189
119
255
106
55
149
122
125
177
157
157
158
41
217
255
206
190
120
252
116
47
223
221
190
219
195
220
138
27
205
194
215
14
59
161
44
203
174
143
38
27
77
55
56
159
142
79
75
109
99
215
91
38
59
43
195
103
159
235
177
85
50
141
126
43
97
171
110
97
159
88
61
179
116
210
56
52
149
226
248
166
123
157
190
39
177
249
149
74
163
215
72
122
55
48
157
155
39
75
185
234
46
75
102
29
141
246
36
247
6
246
177
118
68
215
243
57
151
58
98
17
214
44
222
154
234
124
250
97
102
74
58
249
214
80
245
126
216
191
16
5
224
149
252
73
144
178
49
63
92
211
44
50
214
235
139
219
116
218
94
3
11
131
57
218
131
198
94
26
137
71
60
15
14
189
194
75
77
215
187
109
3
42
22
8
194
23
221
139
8
108
238
67
32
104
165
105
183
28
181
63
214
138
48
243
3
225
116
186
65
27
16
115
93
113
209
34
133
111
3
24
0
79
132
227
193
192
47
134
82
148
201
170
137
0
101
71
22
128
52
130
91
53
21
128
129
138
2
16
168
6
97
202
8
2
75
8
50
49
48
183
28
118
52
236
1
41
231
220
155
31
0
0
33
64
64
112
12
68
73
10
1
213
26
126
21
34
124
90
35
162
165
128
34
200
164
27
230
230
37
67
130
44
113
3
68
138
227
9
83
32
32
113
242
38
180
154
2
108
19
215
18
234
56
75
178
80
65
78
25
168
48
69
120
24
180
65
17
178
51
159
24
118
167
185
72
1
144
150
195
131
10
1
2
96
1
2
144
224
34
2
230
147
33
70
202
45
194
83
72
74
176
108
64
0
48
33
215
36
85
186
83
104
192
68
112
88
56
15
209
28
225
79
153
172
24
5
240
28
156
73
16
242
51
189
88
87
32
250
133
198
68
10
217
92
7
204
169
70
40
42
0
43
239
133
203
36
161
32
72
194
60
32
80
245
29
33
185
10
11
17
208
70
207
138
0
144
37
40
38
22
40
181
20
210
84
144
16
45
20
32
3
9
199
42
152
72
0
36
76
209
40
48
216
9
150
151
203
131
90
229
14
97
3
7
182
232
35
68
238
147
57
102
78
175
195
115
74
90
186
46
210
8
50
43
223
37
85
187
82
120
237
116
112
92
24
15
209
28
241
79
153
172
24
5
240
29
156
73
16
242
51
189
88
87
32
250
237
207
239
201
247
255
215
216
189
221
172
251
171
127
246
237
139
117
253
47
92
255
186
112
103
247
25
55
255
91
22
27
222
103
223
219
82
121
255
181
119
255
106
55
157
94
125
177
21
189
156
44
217
255
142
190
120
236
112
47
223
221
61
250
5
70
68
9
217
88
7
220
168
22
42
34
0
63
235
133
203
100
129
32
72
194
28
32
64
245
25
33
189
10
11
17
80
66
223
130
0
144
45
8
36
20
8
181
20
194
116
144
16
45
84
36
3
203
199
42
184
76
0
36
76
197
32
48
179
215
84
118
53
40
93
26
114
85
37
195
46
123
4
29
230
230
36
177
102
108
49
119
226
187
227
59
254
56
192
101
146
102
48
180
227
24
50
253
199
202
58
223
200
16
217
79
192
183
80
12
104
2
159
13
57
182
114
159
216
118
165
217
65
5
146
151
203
131
10
45
2
97
1
6
178
224
35
2
230
147
49
86
206
173
195
115
66
74
248
44
210
0
176
33
223
37
85
187
82
120
197
84
112
88
24
15
209
28
225
79
153
172
24
5
240
29
156
73
16
242
51
189
88
87
32
250
44
140
174
129
203
205
162
181
29
217
222
109
176
60
123
228
137
57
227
144
241
23
223
209
115
125
24
166
108
215
27
215
205
104
75
32
119
203
237
60
249
21
102
166
85
119
62
225
61
92
137
12
215
77
200
16
54
192
166
164
131
91
44
78
51
213
8
30
39
26
28
11
39
66
57
138
60
76
36
29
157
178
36
148
2
118
145
103
214
215
241
121
147
58
214
32
130
60
147
142
202
72
202
97
32
203
61
105
181
84
180
110
147
174
16
7
34
25
220
91
17
51
48
61
56
209
104
106
128
210
13
130
36
25
148
56
19
154
36
194
128
17
68
3
4
86
132
41
128
112
200
104
105
144
17
34
20
9
17
90
213
80
184
0
66
200
34
35
241
158
42
23
146
4
80
73
18
153
48
4
12
137
175
14
17
2
50
76
65
93
4
191
18
97
9
30
38
69
92
35
67
130
61
144
88
102
20
82
189
2
102
211
7
56
97
135
216
23
231
217
3
190
212
96
130
60
34
174
202
8
194
121
50
171
181
105
182
116
181
110
147
170
129
75
112
24
112
81
29
243
83
241
57
114
232
234
72
1
144
150
194
131
90
37
2
97
5
2
146
224
50
2
238
147
33
103
206
173
194
83
72
218
176
108
64
128
48
40
215
37
85
186
83
104
224
116
112
88
56
47
213
28
229
111
153
172
24
5
240
29
156
73
16
242
51
189
88
87
32
250
67
213
147
126
17
2
92
79
99
224
161
128
98
192
164
27
239
102
32
67
134
172
112
3
198
159
227
73
19
40
160
97
210
38
52
154
2
108
99
86
34
234
60
107
190
92
213
206
65
164
112
85
96
24
53
73
17
178
49
159
24
100
131
235
88
1
146
151
235
131
26
229
6
97
1
10
146
224
35
82
238
147
57
102
206
173
195
115
74
90
186
44
210
8
178
35
215
37
85
187
82
120
229
116
112
88
56
15
213
28
193
15
153
172
24
5
240
28
156
73
16
242
51
189
88
87
32
250
65
5
146
151
201
131
10
167
2
97
3
6
178
224
3
0
230
147
33
70
78
165
195
115
66
74
248
44
210
8
162
35
223
37
85
187
82
120
205
84
112
92
24
14
193
28
225
79
153
172
24
5
240
29
156
73
16
242
51
189
88
87
32
250
130
2
1
131
230
208
130
144
10
129
31
70
129
22
82
33
100
215
28
13
0
0
166
64
104
132
12
72
148
10
26
24
52
37
56
218
66
67
14
130
145
16
0
30
128
14
24
52
1
25
85
36
25
194
134
226
16
80
32
12
68
29
36
184
41
174
38
11
137
233
160
253
217
153
206
109
240
54
235
224
139
40
195
208
241
18
127
212
113
125
28
160
237
198
43
150
237
72
67
48
29
131
141
44
249
21
86
54
68
247
62
224
185
92
239
44
215
15
72
0
38
192
143
160
130
75
102
78
59
246
125
170
63
186
7
24
246
84
212
112
45
63
108
85
246
246
1
240
240
114
145
116
228
176
104
93
126
88
201
105
156
108
144
158
238
90
1
125
134
211
26
141
80
131
228
77
146
55
129
12
58
5
207
93
40
246
62
156
90
223
110
89
192
11
146
151
201
131
2
167
14
97
3
7
178
236
3
4
238
147
33
70
78
175
195
115
74
90
184
44
210
8
34
33
223
37
85
187
82
120
205
84
112
92
24
15
197
28
229
79
153
172
24
5
240
29
156
73
16
242
51
189
88
87
32
250
195
9
130
17
206
2
130
194
58
57
22
75
138
225
34
9
232
213
57
231
76
133
195
115
78
218
185
46
210
12
50
98
215
37
85
187
82
120
237
116
112
92
56
47
221
20
245
239
153
172
24
5
240
29
156
73
16
242
51
189
88
87
32
250
195
207
0
10
234
158
142
1
10
71
59
202
146
114
124
44
128
33
44
149
7
36
17
64
91
215
13
47
134
186
16
17
162
44
78
139
74
88
175
138
162
126
32
189
148
90
180
21
129
141
16
4
9
65
143
163
16
114
48
52
84
80
48
184
195
13
130
147
207
3
134
131
14
97
16
11
146
204
35
12
234
209
57
230
76
133
195
115
78
218
184
46
210
12
50
35
215
37
85
187
82
120
237
116
112
92
56
47
221
28
245
239
153
172
24
5
240
29
156
73
16
242
51
189
88
87
32
250
197
15
170
0
1
22
37
66
33
199
42
66
130
173
162
7
137
105
37
101
8
215
122
97
85
213
25
37
16
12
0
1
20
2
210
138
0
44
5
136
36
32
56
161
23
72
84
160
80
40
48
48
3
81
229
54
56
72
0
36
72
209
88
106
195
15
130
151
203
131
2
131
14
97
19
6
146
236
35
12
238
145
57
230
76
167
195
115
78
218
184
44
210
12
50
43
215
37
85
187
82
120
237
116
112
92
56
47
213
28
245
111
153
172
24
5
240
29
156
73
16
242
51
189
88
87
32
250
13
234
67
139
10
201
160
238
89
240
14
253
18
54
233
232
203
16
157
40
197
0
172
121
127
205
8
7
111
203
27
95
181
229
113
114
118
211
173
190
211
21
76
54
76
150
124
225
141
101
239
20
223
7
137
8
52
224
170
172
201
79
34
220
133
202
206
195
215
219
135
152
173
23
46
202
139
63
254
237
139
117
61
45
4
87
218
97
99
247
25
39
190
11
18
1
151
70
223
202
66
89
127
54
116
181
106
53
21
76
116
161
84
189
176
52
159
225
142
190
56
76
32
45
201
221
52
250
229
206
239
203
215
221
135
216
189
215
44
234
155
63
254
237
139
117
125
45
28
87
122
96
99
247
25
55
191
75
18
19
151
71
223
203
66
217
255
190
119
191
106
53
21
90
124
177
84
189
180
60
223
229
238
190
56
204
32
45
201
221
60
218
179
213
212
118
53
34
93
10
51
85
53
227
46
251
4
31
228
230
36
187
98
108
241
115
228
187
227
91
123
56
192
97
146
126
48
182
235
24
50
253
71
234
187
203
152
16
213
78
65
167
24
78
104
16
187
77
57
183
119
159
90
244
165
219
229
206
111
203
223
221
135
216
189
215
44
234
187
63
254
237
139
117
125
45
60
87
122
96
113
247
25
55
191
91
19
19
149
199
223
203
66
217
255
190
118
191
106
181
21
90
124
177
85
157
182
60
221
229
239
190
56
204
160
44
219
221
62
219
195
220
138
43
199
192
85
14
43
167
61
202
174
143
6
27
79
119
60
157
138
95
235
109
98
215
123
63
55
43
194
39
151
207
185
69
35
141
126
35
35
234
238
121
159
88
125
177
86
210
50
180
141
226
242
166
249
157
172
75
181
249
149
78
147
112
81
38
185
200
28
104
219
41
95
117
44
39
200
176
231
198
4
33
196
40
161
108
237
142
224
27
210
43
9
126
48
228
124
222
102
179
137
214
211
220
9
10
232
2
236
29
129
37
83
1
236
22
151
105
152
114
50
184
88
6
34
188
59
22
108
170
55
186
3
8
102
86
213
48
173
59
44
85
246
183
1
244
241
114
145
118
212
160
232
29
122
56
201
233
158
108
150
190
234
90
1
93
132
211
24
141
80
129
224
79
146
46
153
12
50
25
219
93
40
246
63
156
90
211
46
89
163
209
0
158
7
2
5
10
167
0
57
194
63
200
36
31
245
246
36
213
2
174
177
103
70
151
227
72
147
56
216
33
146
46
18
158
74
72
2
228
34
202
52
107
156
84
149
78
129
164
16
4
32
24
132
65
17
178
48
61
24
84
34
249
163
215
10
122
55
48
157
154
35
222
57
202
44
89
39
29
205
246
36
255
70
226
180
114
68
151
179
41
151
56
34
49
246
36
220
154
82
116
195
241
98
74
58
253
214
144
213
78
152
189
20
5
112
17
158
73
144
178
48
31
92
87
38
179
89
117
153
126
52
163
122
118
83
234
101
144
4
194
132
91
230
223
16
111
142
45
193
147
200
138
226
220
83
32
244
105
242
54
52
186
3
120
210
245
210
202
185
78
242
20
195
110
153
170
56
71
96
24
156
73
17
179
59
223
89
118
163
251
44
174
109
129
138
221
160
245
121
208
238
117
209
52
251
224
203
8
195
40
213
80
94
208
121
41
12
162
236
222
27
210
237
64
67
160
92
210
173
60
252
21
80
150
84
230
114
225
185
45
141
44
210
29
139
24
54
192
7
172
74
91
108
216
54
113
73
30
54
130
28
15
195
130
61
176
125
34
52
82
177
162
66
209
131
50
81
135
213
133
229
93
3
184
205
96
130
60
38
174
202
24
128
221
42
203
53
41
182
116
165
110
147
174
128
3
50
25
112
81
24
243
19
240
57
210
104
74
7
199
9
120
32
16
13
74
163
142
41
128
64
5
165
27
139
100
32
107
2
36
64
67
69
151
183
9
19
40
40
9
210
22
253
138
0
44
66
97
34
106
56
105
182
80
85
110
80
168
48
71
32
17
180
8
145
226
16
159
92
85
97
178
147
219
84
118
53
24
93
10
114
21
53
227
46
123
68
27
100
230
36
187
70
108
161
115
229
159
227
123
127
40
192
105
146
102
52
178
106
24
178
245
199
222
187
93
152
18
213
78
193
183
20
69
104
0
191
77
57
243
50
159
88
117
164
251
133
204
174
125
33
252
244
183
57
253
124
205
10
61
79
174
137
8
161
251
180
106
254
179
121
127
149
178
125
23
35
71
205
24
97
96
215
139
248
57
122
188
187
167
246
51
119
106
187
202
127
9
220
29
240
12
179
195
239
253
242
243
143
222
161
214
68
138
173
61
3
144
123
117
38
75
172
57
110
165
230
226
5
240
112
192
57
240
64
40
104
26
253
20
201
97
248
100
82
250
91
82
129
252
214
222
24
159
208
194
194
69
153
37
28
12
112
31
139
77
56
240
35
156
88
86
38
249
78
32
235
185
223
178
171
205
184
251
192
62
225
130
163
75
202
221
59
70
233
149
202
121
70
200
184
167
82
13
51
239
87
165
213
187
83
125
109
118
120
76
120
44
87
29
195
113
157
172
24
5
241
61
156
73
16
242
51
189
92
87
48
242
28
226
101
128
48
29
161
121
221
28
250
85
93
53
217
224
210
196
199
40
80
96
132
244
253
188
5
145
236
202
57
216
112
76
76
190
92
50
137
180
223
84
17
22
64
166
64
76
171
45
141
0
218
29
143
29
4
96
2
236
72
30
98
189
137
204
174
109
35
253
249
188
57
253
92
205
24
61
79
174
137
24
161
251
188
114
230
176
121
127
145
178
125
83
63
111
221
120
97
96
215
203
248
57
122
189
251
55
246
183
119
106
187
202
111
15
220
29
248
12
191
195
191
249
243
219
14
222
99
229
185
156
2
135
94
67
67
70
129
138
208
224
37
26
132
33
50
198
27
253
83
195
212
80
242
92
1
188
220
33
194
22
34
139
138
108
18
74
34
171
181
233
55
220
5
14
87
162
32
94
35
88
112
150
89
111
88
81
57
224
219
227
231
190
246
71
253
170
135
216
174
37
133
123
174
251
134
93
234
181
63
119
239
207
187
125
70
255
121
63
254
29
227
39
223
239
84
159
66
61
253
126
117
88
40
191
217
89
253
149
156
164
24
1
241
254
156
235
120
252
177
189
216
87
52
90
126
53
236
190
55
123
85
15
119
224
253
176
61
186
166
223
251
150
1
121
161
115
245
55
85
137
192
29
115
121
93
233
149
36
52
186
195
88
161
245
114
219
124
45
208
21
101
110
153
166
223
12
114
29
246
77
56
242
43
220
89
86
38
219
255
181
255
177
223
167
155
88
174
103
149
122
239
105
178
93
250
245
59
119
239
103
210
117
70
250
249
127
242
30
115
171
215
45
87
191
82
121
253
126
116
88
56
47
213
88
245
47
157
172
24
5
240
61
156
73
24
182
51
189
88
215
32
250
195
141
130
23
200
66
196
134
50
57
0
67
130
225
2
9
239
193
49
231
68
141
99
115
74
95
183
46
194
6
50
98
215
39
85
187
82
60
237
116
112
92
56
47
221
20
245
239
153
172
24
5
240
29
156
73
16
242
51
189
88
87
32
250
126
151
238
212
126
183
223
51
54
254
117
83
159
120
48
76
244
223
121
231
245
117
209
115
90
126
173
94
124
213
245
235
215
124
84
186
223
120
249
117
116
93
123
47
213
20
215
111
157
172
24
5
242
29
156
73
16
247
51
157
90
95
40
250
118
49
41
62
39
130
30
13
199
2
181
160
121
2
52
83
180
35
2
212
131
51
81
7
212
128
228
93
2
184
205
96
134
60
134
174
202
8
128
89
42
203
53
137
244
116
165
78
147
174
136
11
32
25
92
81
24
179
59
184
56
210
106
203
255
252
235
181
255
222
219
201
238
231
145
254
255
202
246
93
250
245
62
119
255
167
146
124
119
222
255
47
210
63
119
63
199
173
95
223
210
125
237
126
112
92
48
173
213
92
253
55
157
172
24
5
240
189
156
99
80
246
113
189
92
87
56
250
8
34
77
136
10
29
165
116
113
94
98
17
93
49
249
192
194
212
193
40
208
112
12
240
73
32
4
128
108
200
57
89
116
68
93
186
84
114
1
60
180
87
24
6
84
134
80
68
155
45
28
4
178
29
143
93
140
224
11
172
72
79
96
240
225
206
70
139
203
221
135
152
173
117
42
202
187
63
124
173
203
117
61
32
220
87
186
109
83
245
29
38
191
11
19
87
145
199
83
17
64
209
45
42
39
85
104
55
29
218
124
177
196
85
148
60
151
231
135
174
56
108
160
44
192
221
20
186
147
209
92
86
53
26
93
10
51
17
53
233
46
123
4
27
116
230
36
187
7
110
225
99
229
147
227
91
127
40
192
97
146
126
52
182
106
24
178
245
87
222
187
109
146
16
213
78
193
163
26
67
104
16
191
77
57
243
54
159
120
117
166
219
179
213
252
86
37
6
93
10
51
69
181
232
46
235
4
31
228
162
36
247
51
238
241
35
208
35
227
91
123
56
192
97
154
62
48
190
203
12
114
249
86
234
185
233
186
81
213
78
81
162
24
75
96
24
250
77
57
179
119
159
58
240
139
203
226
201
170
221
38
22
92
135
7
227
41
138
2
192
54
31
157
131
62
223
14
159
117
7
215
215
247
111
3
188
134
48
226
63
166
207
202
44
230
227
34
106
160
249
155
92
21
174
213
170
50
211
121
121
245
210
145
251
113
119
125
112
219
171
193
202
198
139
217
218
135
128
45
37
42
202
139
191
254
169
203
117
61
36
136
71
138
97
67
213
25
39
191
10
19
7
149
199
211
19
0
201
109
10
37
53
104
49
29
88
124
177
68
21
16
52
151
227
134
174
56
12
32
44
192
221
20
250
33
86
100
2
157
53
7
48
98
94
40
64
44
57
36
5
228
230
5
240
240
96
57
240
64
41
41
26
188
20
233
113
120
100
212
186
75
112
33
232
118
66
26
143
80
96
210
76
152
173
20
4
96
24
143
77
56
246
35
148
88
214
44
185
1
214
68
10
38
53
14
48
99
78
33
64
12
41
36
1
228
226
68
240
208
96
49
176
192
48
169
88
57
20
233
81
248
124
214
170
74
112
128
225
214
74
24
143
208
112
194
76
152
173
16
7
96
29
159
77
24
243
19
148
88
210
106
57
204
42
247
177
216
166
163
192
172
255
194
63
199
239
187
69
234
221
187
102
237
133
202
120
78
216
62
167
218
15
51
207
87
167
85
187
81
252
109
118
108
68
88
30
69
13
251
177
157
44
24
37
241
127
156
73
80
252
51
189
92
87
48
242
243
213
222
126
37
34
93
22
35
198
61
202
46
233
6
31
109
162
36
247
34
238
241
35
194
103
243
122
123
48
192
97
154
62
176
238
203
12
114
249
118
234
185
233
186
81
247
110
81
170
26
207
96
24
112
77
57
179
113
155
56
240
143
203
250
223
238
246
127
255
215
55
52
253
84
201
191
249
52
77
253
247
125
247
245
103
243
119
123
127
253
62
127
215
240
227
223
109
86
180
223
120
253
124
124
94
58
175
213
53
247
111
185
172
152
9
240
29
156
73
26
246
119
189
90
87
40
250
237
237
255
253
115
119
253
254
253
253
236
249
127
255
183
238
235
213
187
111
255
175
238
63
79
239
183
47
91
79
50
255
247
39
117
251
82
125
253
244
122
126
184
63
223
22
85
239
157
172
94
149
240
31
156
77
144
246
51
191
88
87
35
250
231
254
246
71
253
162
223
216
238
101
129
123
174
251
134
93
251
245
63
119
239
143
187
124
102
255
123
63
254
31
227
39
223
239
94
223
82
181
253
126
117
88
40
191
217
89
253
149
221
180
24
33
241
254
156
235
120
252
177
63
220
85
48
250
239
181
239
181
223
166
155
200
174
103
145
122
239
233
162
93
234
245
63
119
239
103
210
117
70
254
185
63
210
30
115
43
215
45
87
155
82
121
237
126
112
88
56
175
213
88
245
63
157
172
24
5
241
61
156
75
24
246
51
189
88
87
48
250
237
175
215
247
249
235
163
202
252
249
106
127
191
255
235
237
226
213
61
103
204
141
142
115
79
222
185
47
210
10
50
63
247
39
85
187
82
122
237
244
209
92
56
62
205
30
249
231
153
172
24
5
240
31
157
73
16
246
51
189
88
87
32
250
222
217
202
255
119
19
94
131
47
163
53
138
30
210
118
219
157
215
60
255
15
221
229
43
135
215
251
127
83
57
150
48
178
191
182
207
202
125
246
243
50
235
237
121
187
28
81
190
215
139
54
215
75
251
247
254
209
253
121
95
125
112
211
187
147
208
88
70
61
8
90
8
243
25
55
241
44
99
68
176
228
198
4
177
198
42
161
110
237
130
227
91
31
41
201
108
246
252
60
222
106
59
178
247
211
222
9
75
130
18
208
79
129
167
82
3
104
1
191
73
152
115
50
60
120
22
34
189
123
23
108
34
223
182
3
8
166
70
149
50
189
123
36
85
212
183
3
244
241
119
211
119
84
160
232
29
122
152
201
169
159
44
134
190
74
88
1
88
76
195
28
137
209
65
229
79
147
44
153
12
114
25
218
89
56
114
51
157
24
147
44
89
5
204
44
105
32
124
240
245
57
246
108
204
64
61
79
174
137
8
163
235
180
98
254
178
121
63
149
242
109
7
35
82
237
80
225
96
215
139
232
56
122
188
56
167
246
243
119
106
187
200
111
13
216
29
240
12
183
195
111
237
210
243
111
206
56
83
85
130
50
31
37
122
247
84
86
17
61
57
220
214
246
214
197
104
64
96
128
114
77
168
32
25
126
200
88
233
208
100
116
186
70
122
1
212
151
215
25
7
64
134
100
78
131
37
213
0
106
29
143
93
8
242
43
216
89
14
38
249
51
52
81
134
184
140
27
105
195
76
83
117
173
47
200
84
246
214
4
32
192
32
129
108
252
136
224
91
22
41
249
109
84
228
60
158
38
115
129
214
129
192
137
138
226
6
232
29
131
37
81
4
40
18
159
105
136
114
58
232
72
6
32
180
243
213
190
86
39
6
89
15
39
227
177
224
62
233
36
31
116
178
36
215
50
238
113
35
210
43
227
90
115
180
228
97
202
62
34
190
203
12
114
233
86
234
189
203
186
81
211
78
81
162
24
75
96
24
248
69
57
179
115
151
58
240
139
75
239
252
235
245
255
254
219
201
239
103
185
250
255
233
246
125
235
245
63
119
255
135
186
124
87
223
191
47
210
31
115
63
199
45
95
219
82
125
237
126
112
92
56
191
221
88
253
53
157
172
16
5
241
255
156
99
80
254
49
189
92
87
48
186
13
204
44
40
1
249
176
117
57
154
238
141
80
52
109
162
137
24
131
233
180
114
236
178
121
61
5
192
109
71
59
210
253
80
97
32
21
234
232
40
250
61
122
38
118
247
118
106
187
105
111
13
248
29
200
12
183
195
175
228
83
219
106
206
234
207
238
255
239
255
215
31
60
253
244
201
191
249
54
205
253
189
125
247
244
111
247
115
83
127
249
54
125
213
114
231
223
111
86
185
211
120
253
124
124
95
56
175
221
21
247
111
157
172
152
13
240
29
156
73
16
246
119
189
90
87
40
250
99
21
40
58
71
134
31
8
166
6
149
32
189
8
36
87
212
55
2
212
240
119
210
103
84
160
236
77
82
56
205
32
135
44
134
174
202
40
1
88
56
202
28
137
213
112
165
79
147
174
24
12
32
25
92
81
56
178
59
184
56
210
106
193
123
21
236
50
223
147
3
8
166
102
149
34
189
123
38
85
212
183
3
244
233
119
211
103
86
176
248
29
50
156
209
33
151
44
134
190
74
120
1
88
100
195
28
9
209
89
229
79
147
172
152
12
98
25
222
89
56
118
51
157
24
147
44
91
97
206
68
11
201
222
135
136
173
117
42
9
184
63
109
165
203
119
169
32
216
67
159
108
83
245
25
38
191
26
27
87
149
231
83
17
113
194
45
42
37
85
104
183
77
202
124
145
132
85
84
44
151
231
131
171
40
108
160
36
194
205
20
80
239
189
239
177
223
246
139
216
172
231
129
122
239
233
178
93
235
245
63
103
239
199
146
125
70
255
187
63
210
30
114
59
215
37
87
187
82
125
237
126
116
88
56
47
213
88
253
55
157
172
24
5
241
61
156
75
24
254
49
189
92
87
48
250
19
240
88
6
61
138
90
8
87
11
61
244
44
15
196
177
246
198
20
177
135
42
161
110
237
130
226
95
23
43
201
108
118
236
60
158
66
59
139
247
211
202
9
11
178
18
228
79
129
182
18
3
40
17
151
75
152
51
58
56
120
20
34
185
253
237
255
253
113
119
253
254
253
253
236
253
127
255
255
238
235
213
251
111
255
175
230
63
111
239
183
55
95
79
50
255
247
39
117
251
86
125
253
244
114
126
184
62
223
22
85
239
157
172
94
149
240
31
156
77
208
254
51
191
88
87
35
251
220
233
255
253
50
127
249
246
217
244
223
189
87
246
223
234
155
221
251
111
63
253
230
147
239
127
150
245
105
207
62
187
255
19
117
235
86
127
251
124
250
189
253
118
255
191
247
238
159
172
239
215
217
93
157
92
84
238
123
251
89
127
227
254
239
254
247
117
221
166
175
217
239
111
161
251
239
235
246
93
251
245
127
103
127
143
58
125
86
255
255
47
210
31
114
191
67
47
94
255
210
61
253
254
93
74
56
191
219
121
221
149
204
165
16
49
225
254
140
227
216
252
113
61
222
85
56
186
247
252
247
103
253
230
223
200
255
239
169
251
239
235
198
253
251
245
63
119
127
143
191
124
246
255
127
63
215
59
99
63
215
239
94
223
210
181
253
254
115
76
104
251
223
88
253
181
205
189
16
49
201
247
140
227
216
252
240
63
220
213
48
190
205
223
215
247
253
234
231
218
189
241
238
251
175
251
234
237
235
213
61
111
78
143
238
113
79
223
185
47
215
10
50
63
215
39
116
251
82
127
237
244
209
92
56
63
217
30
253
181
153
172
24
5
241
63
157
73
16
252
49
189
92
87
32
250
221
237
255
221
112
107
245
255
153
241
255
191
83
247
207
234
171
141
251
111
63
173
230
179
95
127
147
173
97
143
50
187
219
39
117
251
22
127
253
124
114
124
185
55
255
63
125
238
159
172
127
245
209
95
148
76
80
252
105
249
92
87
161
250
238
233
235
255
242
95
255
203
221
239
125
250
243
194
255
254
235
213
61
111
15
141
231
63
111
223
191
47
211
11
54
63
242
39
125
251
82
125
239
246
114
126
184
127
223
30
221
182
205
173
86
149
217
63
149
75
208
252
49
191
93
85
51
187
252
43
231
213
250
103
251
255
220
253
254
123
223
249
211
238
235
221
127
111
127
143
174
191
95
107
191
174
213
135
50
191
251
39
116
251
82
119
245
244
219
124
184
30
201
47
203
149
141
173
94
149
217
127
157
73
208
252
33
189
92
22
33
249
237
47
247
112
216
175
39
114
232
53
202
51
207
255
146
67
226
237
123
102
125
143
26
247
78
126
188
175
248
12
58
141
219
39
86
187
80
58
245
84
92
84
24
135
205
105
239
199
152
164
24
0
241
127
159
73
80
252
19
189
88
86
32
248
254
254
235
245
255
183
223
217
174
127
185
122
207
200
182
93
243
245
63
103
79
143
186
124
110
223
191
47
214
31
119
63
83
173
158
219
82
125
237
247
112
74
120
63
219
28
221
149
221
173
16
5
233
255
158
107
80
252
49
159
92
87
48
186
252
43
247
213
112
111
241
247
221
253
206
159
83
244
219
234
235
221
251
111
127
173
238
183
91
107
150
166
237
199
58
255
255
39
101
251
87
255
253
252
217
117
249
54
237
175
107
231
189
44
255
245
209
31
157
72
84
252
107
253
91
6
35
254
252
249
255
223
242
119
251
254
93
255
255
190
115
214
251
234
251
213
127
111
15
157
231
63
47
207
187
45
215
79
62
191
242
39
61
219
86
119
223
246
179
255
245
126
31
158
73
182
207
45
118
245
217
255
133
238
208
252
41
127
93
12
51
181
109
38
231
161
222
167
163
241
236
101
194
55
221
125
187
69
194
125
91
102
249
197
26
240
30
248
28
151
248
156
59
143
87
101
87
187
80
114
77
94
220
85
88
14
65
13
235
17
156
44
24
45
243
253
156
73
72
252
19
189
72
23
48
248
247
254
247
117
253
118
207
201
255
255
168
251
239
235
246
125
251
245
63
103
127
143
190
124
246
255
127
47
223
31
98
63
195
239
94
223
210
53
253
254
119
76
40
255
219
88
252
181
205
173
84
177
201
246
140
227
208
252
113
31
222
213
56
186
237
175
247
117
216
111
227
255
249
245
198
251
247
243
242
206
235
237
255
111
127
141
127
181
95
251
159
167
235
143
50
190
223
39
102
251
83
191
253
252
217
124
56
182
201
123
91
177
221
172
126
185
209
127
157
203
80
252
97
189
92
87
49
251
247
252
255
111
255
254
223
200
251
255
188
251
239
239
230
253
251
245
63
127
111
207
191
124
231
255
127
63
223
59
99
63
247
239
221
223
114
181
253
255
115
222
106
253
223
90
252
181
205
189
22
181
201
247
140
239
216
252
176
63
220
213
48
190
247
252
255
101
253
246
223
200
255
255
168
251
239
235
198
253
251
245
63
119
127
143
190
124
247
255
127
63
223
31
98
63
199
239
30
223
242
53
253
254
115
204
40
255
223
88
252
181
205
189
18
177
201
247
140
227
208
252
240
63
222
213
56
186
247
252
255
117
221
102
255
218
250
255
168
251
239
235
198
253
235
229
63
103
127
207
191
125
239
255
127
63
251
31
98
63
211
103
60
255
82
53
253
254
119
206
56
191
219
88
253
181
205
173
82
181
201
255
140
239
216
252
49
63
220
85
48
186
76
34
229
161
254
183
163
121
232
103
211
54
221
117
187
64
130
93
91
102
233
117
202
240
78
136
156
149
248
12
57
139
87
37
85
187
80
122
133
86
156
85
88
14
65
141
203
19
156
44
24
37
243
189
156
73
72
238
51
189
72
7
34
241
