posters/Movie Poster 50.jpg
512
705
248
-101.85
-1
0
285
593
0.00783262
31
-83.0602
-1
0
165
596
0.0031275
31
-50.4576
-1
0
203
590
0.00425591
31
39.9411
-1
0
241
566
0.00370149
31
83.6598
-1
0
205
574
0.00810943
31
40.4261
-1
0
243
565
0.00335229
31
93.9452
-1
0
270
549
0.00322578
31
159.887
-1
0
280
565
0.00430323
31
-138.042
-1
0
364
596
0.0106494
31
-135.632
-1
0
362
596
0.0105686
31
-118.811
-1
0
351
596
0.00613561
31
-83.2243
-1
0
325
596
0.00763158
31
-99.3021
-1
0
315
596
0.0064725
31
-106.699
-1
0
312
596
0.00805763
31
-101.689
-1
0
303
596
0.00926917
31
-90.9976
-1
0
170
596
0.00549075
31
-113.174
-1
0
290
595
0.00925989
31
-111.731
-1
0
287
595
0.0125066
31
-88.7654
-1
0
247
595
0.00992499
31
-69.0184
-1
0
238
595
0.00899164
31
-73.0163
-1
0
235
595
0.00781758
31
-73.9627
-1
0
223
595
0.0112005
31
-90.2114
-1
0
211
595
0.00842668
31
-93.7395
-1
0
189
595
0.00487203
31
-85.6902
-1
0
186
595
0.00798569
31
-84.9622
-1
0
184
595
0.00584755
31
-93.4277
-1
0
172
595
0.0049023
31
-78.6589
-1
0
150
595
0.00781571
31
-90
-1
0
250
594
0.00768989
31
-83.8448
-1
0
207
593
0.00795265
31
92.8085
-1
0
266
553
0.00784191
31
-123.559
-1
0
346
592
0.00666932
31
-121.112
-1
0
335
592
0.00696936
31
-89.2412
-1
0
182
592
0.00435782
31
-95.97
-1
0
174
592
0.00500548
31
-144.755
-1
0
360
591
0.00408909
31
121.329
-1
0
278
552
0.0047636
31
-153.435
-1
0
359
589
0.00477414
31
-141.295
-1
0
353
589
0.00775604
31
-131.775
-1
0
298
589
0.00497573
31
-87.7591
-1
0
252
589
0.00611347
31
-152.862
-1
0
357
588
0.00516483
31
-155.002
-1
0
335
588
0.00789373
31
-138.678
-1
0
296
588
0.00407101
31
-132.528
-1
0
292
588
0.00601354
31
-37.4762
-1
0
206
588
0.00727738
31
-92.7263
-1
0
262
587
0.00746655
31
-69.0343
-1
0
220
587
0.00711463
31
-67.433
-1
0
213
587
0.00579932
31
-95.417
-1
0
179
587
0.00946551
31
-93.9116
-1
0
176
587
0.0066997
31
-172.671
-1
0
363
586
0.0100557
31
-170.77
-1
0
343
586
0.0121895
31
-128.972
-1
0
303
586
0.00699683
31
90.3592
-1
0
264
551
0.00587072
31
152.103
-1
0
277
562
0.00392498
31
-85.458
-1
0
256
584
0.00468014
31
170.91
-1
0
353
583
0.00734758
31
160.71
-1
0
343
583
0.010171
31
-173.618
-1
0
297
583
0.00644449
31
-173.418
-1
0
292
583
0.00632831
31
-70.2011
-1
0
252
583
0.00748285
31
168.448
-1
0
365
582
0.00335621
31
157.452
-1
0
335
582
0.00606645
31
-90.7957
-1
0
258
582
0.00620492
31
27.4397
-1
0
206
582
0.00771714
31
161.075
-1
0
360
581
0.0128967
31
142.253
-1
0
304
581
0.00418177
31
151.571
-1
0
299
581
0.0114088
31
44.6397
-1
0
220
581
0.00772396
31
70.2857
-1
0
213
581
0.00679594
31
126.529
-1
0
346
580
0.0127814
31
-86.1121
-1
0
258
580
0.00701289
31
38.2338
-1
0
203
580
0.00436912
31
128.376
-1
0
353
579
0.00867946
31
125.43
-1
0
335
579
0.00996372
31
79.1285
-1
0
322
579
0.00838831
31
124.066
-1
0
310
579
0.00737985
31
139.615
-1
0
358
578
0.00632062
31
96.1155
-1
0
317
578
0.00639087
31
109.581
-1
0
306
578
0.00761047
31
125.362
-1
0
297
578
0.00669969
31
125.989
-1
0
292
578
0.00624458
31
113.263
-1
0
285
578
0.00358256
31
-139.254
-1
0
264
578
0.00852072
31
-41.1859
-1
0
252
578
0.00657913
31
-51.4235
-1
0
245
578
0.00530222
31
-34.0662
-1
0
240
578
0.00605577
31
-13.3925
-1
0
233
578
0.00580513
31
10.7549
-1
0
228
578
0.00748615
31
86.0548
-1
0
199
577
0.0031697
31
78.5842
-1
0
206
576
0.0100303
31
121.249
-1
0
287
575
0.0122232
31
108.189
-1
0
302
574
0.00322261
31
84.1539
-1
0
211
574
0.00727427
31
86.9004
-1
0
208
574
0.00994472
31
98.6308
-1
0
180
574
0.00502799
31
102.171
-1
0
175
574
0.00467371
31
-160.363
-1
0
150
574
0.0074155
31
50.1944
-1
0
231
549
0.00876069
31
177.238
-1
0
153
573
0.0042183
31
83.0567
-1
0
251
549
0.00898399
31
48.8692
-1
0
235
553
0.00626152
31
95.4638
-1
0
255
553
0.00744306
31
136.356
-1
0
285
570
0.0102856
31
146.238
-1
0
282
570
0.0110162
31
103.867
-1
0
273
553
0.00654721
31
158.875
-1
0
272
569
0.00885438
31
35.9421
-1
0
250
569
0.0106715
31
30.2173
-1
0
230
569
0.00624979
31
125.838
-1
0
266
566
0.00723862
31
131.121
-1
0
255
566
0.00596557
31
42.8789
-1
0
235
566
0.00591561
31
155.356
-1
0
279
563
0.00471099
31
136.931
-1
0
273
563
0.00610122
31
119.691
-1
0
255
562
0.00573651
31
161.313
-1
0
284
560
0.00768861
31
94.9118
-1
0
264
560
0.0219774
31
123.491
-1
0
273
557
0.00633687
31
151.374
-1
0
285
556
0.0037746
31
145.359
-1
0
280
556
0.00951507
31
104.323
-1
0
255
556
0.00631588
31
137.44
-1
0
280
554
0.00833794
31
-79.5033
-1
0
163
595
0.00280159
31
108.765
-1
0
193
578
0.00282815
31
98.5453
-1
0
178
580
0.00293914
31
-155.924
-1
0
276
577
0.00230774
31
-126.649
-1
0
193
591
0.00232995
31
-120.152
-1
0
195
592
0.00254846
31
146.955
-1
0
364
576
0.00235668
31
-92.4896
-1
0
154
583
0.00264632
31
-158.097
-1
0
273
577
0.00254478
31
0
-1
0
279
579
0.00227254
31
156.072
-1
0
365
578
0.0026636
31
-76.2091
-1
0
270
600
0.00255794
31
-68.8865
-1
0
163
586
0.00251933
31
101.634
-1
0
195
577
0.00241121
31
-84.0754
-1
0
200
592
0.00235285
31
-79.3302
-1
0
276
593
0.00254542
31
-83.1731
-1
0
273
593
0.00256921
31
-72.8015
-1
0
279
591
0.00258733
31
138.54
-1
0
284
550
0.00237984
31
-43.9053
-1
1
244.8
578.4
0.00632381
37.2
35.1865
-1
1
235.2
566.4
0.00650379
37.2
36.1582
-1
1
240
566.4
0.00321316
37.2
-69.9048
-1
1
252
578.4
0.00608091
37.2
-82.2782
-1
1
255.6
578.4
0.00786881
37.2
94.2892
-1
1
255.6
566.4
0.00527356
37.2
122.699
-1
1
266.4
566.4
0.00482315
37.2
174.738
-1
1
274.8
573.6
0.00641112
37.2
-124.902
-1
1
264
578.4
0.00666011
37.2
48.5517
-1
1
248.4
567.6
0.00684015
37.2
32.1767
-1
1
230.4
568.8
0.00728324
37.2
154.799
-1
1
271.2
568.8
0.0105035
37.2
143.344
-1
1
285.6
578.4
0.0036751
37.2
64.179
-1
1
252
570
0.0129021
37.2
132.417
-1
1
292.8
578.4
0.00740564
37.2
144.599
-1
1
282
570
0.011908
37.2
131.634
-1
1
296.4
578.4
0.00852057
37.2
139.059
-1
1
284.4
570
0.0120412
37.2
43.9659
-1
1
242.4
565.2
0.00444941
37.2
85.8335
-1
1
198
577.2
0.004325
37.2
120.018
-1
1
307.2
578.4
0.0138733
37.2
-169.992
-1
1
274.8
577.2
0.00518244
37.2
136.081
-1
1
273.6
564
0.005054
37.2
121.373
-1
1
309.6
578.4
0.00784508
37.2
50.0948
-1
1
231.6
549.6
0.0103229
37.2
158.051
-1
1
278.4
573.6
0.00352408
37.2
153.804
-1
1
279.6
564
0.00448987
37.2
-145.166
-1
1
150
574.8
0.00680194
37.2
81.5788
-1
1
250.8
549.6
0.00800815
37.2
153.285
-1
1
277.2
562.8
0.00674681
37.2
143.326
-1
1
284.4
550.8
0.00321244
37.2
76.6983
-1
1
248.4
552
0.00644241
37.2
47.7263
-1
1
235.2
553.2
0.0049607
37.2
159.938
-1
1
364.8
578.4
0.00510431
37.2
92.7263
-1
1
255.6
562.8
0.00568793
37.2
74.5287
-1
1
202.8
579.6
0.00329814
37.2
-138.18
-1
1
271.2
579.6
0.00326569
37.2
104.436
-1
1
316.8
579.6
0.00577292
37.2
92.9464
-1
1
321.6
579.6
0.00757527
37.2
112.463
-1
1
166.8
574.8
0.00923218
37.2
123.341
-1
1
334.8
579.6
0.00767156
37.2
60.6728
-1
1
240
553.2
0.00280244
37.2
156.626
-1
1
284.4
560.4
0.006173
37.2
11.9854
-1
1
228
578.4
0.00686749
37.2
132.316
-1
1
345.6
579.6
0.00950228
37.2
140.592
-1
1
352.8
579.6
0.00649581
37.2
110.556
-1
1
177.6
580.8
0.00304565
37.2
53.1301
-1
1
213.6
580.8
0.00587222
37.2
39.0939
-1
1
219.6
580.8
0.00689058
37.2
155.589
-1
1
298.8
580.8
0.0125919
37.2
163.599
-1
1
360
580.8
0.0128728
37.2
63.1721
-1
1
205.2
582
0.00493434
37.2
-90.4374
-1
1
258
582
0.00806119
37.2
87.4739
-1
1
255.6
553.2
0.00664055
37.2
160.656
-1
1
303.6
582
0.00518126
37.2
101.908
-1
1
262.8
559.2
0.0064241
37.2
170.567
-1
1
364.8
582
0.00388533
37.2
93.0128
-1
1
266.4
553.2
0.00538568
37.2
152.131
-1
1
363.6
576
0.00302762
37.2
-69.4867
-1
1
252
583.2
0.00587788
37.2
-177.138
-1
1
292.8
583.2
0.00697458
37.2
172.057
-1
1
352.8
583.2
0.00579622
37.2
105.524
-1
1
175.2
574.8
0.00487916
37.2
106.22
-1
1
273.6
553.2
0.00540435
37.2
116.946
-1
1
343.2
576
0.00275902
37.2
-136.364
-1
1
261.6
576
0.00963335
37.2
115.072
-1
1
273.6
556.8
0.00604707
37.2
79.326
-1
1
206.4
576
0.00670443
37.2
101.786
-1
1
180
574.8
0.00509718
37.2
145.053
-1
1
361.2
574.8
0.00274796
37.2
140.826
-1
1
279.6
555.6
0.0105018
37.2
-31.7014
-1
1
240
578.4
0.0062801
37.2
73.9092
-1
1
210
574.8
0.00710539
37.2
117.484
-1
1
302.4
574.8
0.00412608
37.2
132.075
-1
1
288
574.8
0.00960594
37.2
-9.63754
-1
1
232.8
578.4
0.00694918
37.2
61.0416
-1
1
242.4
554.4
0.00296588
37.2
40.0794
-1
1
223.2
574.8
0.00778673
37.2
149.942
-1
1
285.6
553.2
0.00324638
37.2
131.532
-1
1
280.8
549.6
0.00256503
37.2
94.7998
-1
1
325.2
574.8
0.00255826
37.2
153.341
-1
1
285.6
556.8
0.00234945
37.2
123.727
-1
1
148.8
526.8
0.00186837
37.2
151.699
-1
1
184.8
583.2
0.00177828
37.2
3.2397
-1
1
189.6
123.6
0.00176693
37.2
59.0009
-1
1
243.6
556.8
0.0014998
37.2
103.851
-1
2
262.08
560.16
0.00553784
44.64
152.344
-1
2
285.12
555.84
0.0041758
44.64
114.146
-1
2
273.6
555.84
0.00810744
44.64
136.695
-1
2
279.36
554.4
0.00983797
44.64
82.2553
-1
2
256.32
554.4
0.00518922
44.64
49.2411
-1
2
236.16
552.96
0.0083402
44.64
50.6482
-1
2
231.84
550.08
0.0114607
44.64
80.6279
-1
2
252
548.64
0.00464138
44.64
149.672
-1
2
283.68
560.16
0.00749065
44.64
73.9484
-1
2
247.68
550.08
0.00510107
44.64
142.181
-1
2
283.68
550.08
0.00417538
44.64
150.027
-1
2
285.12
552.96
0.00693266
44.64
62.0831
-1
2
241.92
554.4
0.00392707
44.64
95.9315
-1
2
264.96
554.4
0.00900179
44.64
131.273
-1
2
280.8
548.64
0.00334412
44.64
132.916
-1
2
149.76
529.92
0.00264771
44.64
58.2691
-1
2
243.36
557.28
0.00203063
44.64
121.204
-1
2
148.32
527.04
0.00235219
44.64
65.5117
-1
2
241.92
548.64
0.0011326
44.64
-121.636
-1
3
195.264
523.584
0.000828695
53.568
248
64
237
255
254
127
117
51
124
223
243
185
172
233
110
247
166
95
239
239
63
255
191
207
119
191
195
95
243
255
123
13
224
102
219
47
52
255
83
60
247
244
126
78
58
255
223
125
87
239
217
172
94
85
240
62
159
77
25
246
115
159
88
116
129
250
197
207
167
152
112
118
36
243
1
213
169
202
66
213
150
43
233
205
47
103
76
133
228
146
78
95
189
40
209
6
50
25
210
37
85
251
82
124
237
244
114
92
56
191
221
28
245
236
153
172
24
5
208
31
156
73
16
240
49
189
92
86
32
250
167
244
105
43
223
244
159
217
167
79
169
234
169
10
164
125
131
117
54
17
240
114
18
108
100
247
121
63
151
59
71
51
134
204
159
139
178
121
107
55
99
74
110
233
181
88
244
49
16
191
16
45
168
161
236
115
56
146
246
15
182
223
60
58
248
223
254
223
63
255
249
255
157
253
214
223
183
220
255
207
251
221
251
107
246
63
254
127
59
255
183
54
93
211
119
255
207
47
119
253
215
255
249
117
251
255
243
63
255
167
189
111
189
189
255
157
248
191
159
65
113
250
123
255
251
95
47
255
203
13
138
55
203
75
216
135
13
225
31
14
146
236
107
238
137
17
53
231
14
143
166
43
127
222
146
11
211
3
62
31
82
39
117
219
66
103
207
30
16
112
220
106
207
30
237
178
205
12
82
133
217
31
148
42
145
224
41
57
77
21
18
186
248
219
254
223
127
255
253
254
189
189
214
217
191
252
254
206
251
213
255
107
246
127
239
255
43
127
183
54
125
195
119
239
223
111
126
253
87
255
249
125
219
255
251
63
255
167
255
111
189
189
223
149
248
191
159
77
113
246
123
255
251
31
39
255
226
158
206
215
239
154
214
9
127
113
28
79
190
127
38
61
231
183
60
179
196
47
179
119
98
214
208
55
190
123
143
103
151
173
82
48
123
88
250
245
80
93
10
111
213
84
245
111
153
174
153
13
244
13
152
203
50
247
54
189
90
87
38
218
206
217
207
253
63
187
217
27
61
251
53
250
159
210
244
111
128
221
60
59
142
125
194
123
45
214
179
55
92
107
55
239
215
240
159
227
243
253
250
183
242
239
239
125
179
20
245
123
221
191
24
5
239
253
190
252
17
246
251
159
89
95
179
191
3
159
154
26
33
210
12
7
35
130
33
192
6
131
38
27
141
163
32
215
130
87
83
67
198
211
241
125
19
40
194
64
151
20
195
174
144
12
234
97
100
24
56
169
181
80
181
110
218
170
24
19
242
25
248
89
16
243
19
181
56
209
72
106
67
157
154
26
33
210
216
7
35
130
37
200
2
131
38
27
141
163
32
215
134
87
83
67
199
195
240
125
19
40
130
32
151
20
211
174
146
12
234
113
112
26
56
233
181
80
181
110
219
170
24
19
240
29
248
89
16
243
51
189
56
209
72
235
218
153
138
223
39
91
220
167
31
241
29
218
159
254
54
222
189
147
56
223
14
157
230
51
111
223
243
123
83
249
214
43
215
60
116
250
218
125
250
117
112
255
177
127
191
20
245
238
221
174
27
151
240
29
189
73
17
243
113
255
121
117
128
250
195
221
138
127
247
16
92
138
59
163
45
234
174
203
38
27
237
179
60
223
15
175
115
119
70
215
243
107
211
41
226
48
210
62
22
255
74
61
242
119
114
234
56
125
223
88
157
191
217
174
16
69
120
154
220
227
17
243
49
31
124
113
145
186
211
25
146
119
245
66
92
142
151
161
223
119
162
206
130
26
255
147
52
215
79
143
227
7
198
222
242
107
210
43
234
44
74
47
36
255
83
61
195
220
81
200
145
122
201
25
173
190
201
166
90
213
248
30
156
65
17
241
49
59
60
52
129
234
211
25
146
119
81
66
220
174
159
169
215
115
34
206
130
154
255
131
52
215
79
143
231
7
71
219
242
43
210
40
226
46
79
47
100
255
19
62
227
92
209
124
177
106
233
25
137
238
217
166
90
145
240
30
157
65
17
177
49
59
60
53
129
234
210
49
146
127
85
66
220
142
83
168
153
183
34
198
131
91
255
131
49
215
75
143
231
31
198
95
242
105
211
14
226
118
107
47
53
255
91
52
107
116
112
72
176
126
207
93
139
238
89
172
90
213
240
26
148
65
145
240
49
159
28
101
129
242
204
201
166
149
64
111
164
247
61
149
238
199
82
245
218
170
233
89
103
103
116
143
228
179
75
127
157
162
209
134
50
176
250
39
85
250
83
118
237
244
120
28
56
63
221
55
247
236
153
172
24
21
208
31
157
73
16
240
49
189
92
87
0
250
209
189
222
86
49
107
244
254
91
185
238
241
38
223
138
203
235
215
187
79
135
15
231
55
107
127
243
47
83
15
226
110
223
39
117
255
87
61
255
116
121
220
186
39
207
61
119
239
217
164
127
149
240
63
156
77
82
254
63
255
88
53
165
250
197
255
214
86
49
122
116
94
123
177
172
233
102
223
198
139
235
165
191
95
167
15
103
183
67
127
243
47
127
13
224
102
223
39
116
190
82
60
247
244
123
126
58
183
221
123
119
239
153
165
126
21
240
61
155
77
18
254
55
191
88
117
165
218
109
30
212
115
223
187
167
88
172
121
170
107
191
123
160
69
246
191
105
118
253
47
91
125
66
110
107
238
16
0
225
199
223
39
86
63
81
248
237
102
108
84
120
47
197
109
255
147
156
236
24
36
247
253
157
201
0
254
147
181
216
87
48
122
86
178
171
233
254
148
218
225
94
191
81
90
195
64
17
24
244
193
123
226
205
37
75
217
254
210
190
239
70
157
177
254
71
172
79
63
90
189
237
118
240
78
96
140
211
28
153
19
155
236
24
3
240
29
156
113
16
242
51
189
216
83
96
247
118
178
111
225
252
148
158
97
115
255
89
94
205
101
17
16
240
193
91
234
201
101
75
249
252
222
46
255
78
159
185
254
87
237
29
27
90
189
109
86
85
64
72
174
215
140
223
51
27
205
24
33
224
144
156
123
80
246
51
157
88
23
112
182
86
50
11
225
252
240
186
241
24
251
91
94
192
68
209
113
225
205
29
230
201
37
138
88
236
222
59
239
214
15
187
62
87
165
29
155
90
253
237
86
113
68
16
62
199
140
254
51
137
221
16
37
249
245
140
107
80
90
51
157
76
23
48
182
197
47
150
97
232
248
38
241
56
27
106
15
194
245
202
161
235
201
61
100
77
133
38
144
75
93
185
232
196
6
34
48
88
37
85
251
83
119
237
84
112
84
56
63
205
143
254
180
137
141
28
37
209
223
143
105
16
248
33
189
76
23
32
184
205
13
142
53
194
107
240
246
25
157
78
159
210
228
235
234
233
217
61
103
109
141
230
144
107
94
188
192
193
70
58
186
240
33
85
251
83
119
205
116
216
92
28
62
221
63
239
244
157
44
90
149
217
95
156
73
208
248
41
189
92
23
2
250
205
205
139
249
240
119
252
210
25
223
76
142
194
132
251
235
233
221
61
111
108
133
38
144
111
95
191
232
213
6
58
179
240
37
93
251
83
119
205
116
122
92
56
62
223
159
254
180
153
173
30
5
217
95
156
73
144
240
57
189
92
87
34
178
205
207
171
249
244
119
252
210
57
223
232
142
194
148
255
171
233
221
63
110
108
133
6
144
79
221
191
232
213
6
50
179
240
37
93
251
83
117
205
116
122
94
56
62
223
159
246
180
153
173
30
5
217
95
140
73
144
240
57
189
92
87
34
178
204
201
238
213
96
111
244
247
61
217
238
195
74
241
219
170
233
221
127
103
116
141
228
179
107
127
157
162
209
6
50
186
250
39
117
250
83
126
237
244
248
92
56
63
221
55
247
236
153
172
90
149
216
31
157
73
16
240
49
189
92
87
0
250
197
37
231
20
82
71
5
127
164
100
169
50
91
237
178
79
233
117
103
103
83
143
240
179
94
239
181
13
208
12
50
104
82
36
22
186
66
116
65
212
80
64
56
47
201
124
229
206
25
172
24
5
240
28
156
73
16
242
49
157
88
86
32
250
253
22
244
247
249
162
46
121
44
121
200
123
166
255
134
21
231
159
41
87
255
47
219
121
82
206
250
239
82
0
161
207
95
167
84
59
81
188
109
102
76
64
56
175
205
9
255
147
152
228
24
32
231
252
158
201
64
254
147
149
88
87
48
126
205
214
70
97
252
176
174
208
41
31
104
74
206
97
163
73
233
253
45
102
105
197
38
120
78
223
59
251
253
6
58
19
112
101
220
219
81
117
53
244
101
74
58
63
213
140
222
148
8
157
20
37
65
254
142
105
152
252
49
20
92
87
48
176
251
157
206
215
255
223
219
187
255
253
30
95
191
255
114
253
166
215
60
63
196
111
227
119
107
222
176
23
254
123
95
111
151
101
16
240
247
91
250
245
209
221
75
62
217
6
253
111
157
175
31
13
252
47
159
207
48
246
55
191
90
29
38
250
250
253
255
223
34
87
217
167
95
213
117
218
31
251
23
254
255
210
120
111
30
221
231
51
255
219
243
123
111
251
254
59
215
52
53
254
222
125
250
125
242
95
185
127
187
20
241
110
223
174
95
143
240
31
180
77
80
247
121
125
127
85
10
251
250
249
255
247
50
79
221
231
95
245
127
219
127
246
254
254
255
214
124
111
30
157
231
51
255
223
243
123
107
251
246
191
199
37
117
254
214
127
251
117
240
221
245
127
191
22
253
110
223
172
255
223
248
31
181
77
80
246
113
121
95
29
33
254
220
223
238
249
246
127
248
247
25
223
252
159
82
148
255
235
235
221
63
111
108
149
164
48
111
223
191
168
213
70
62
187
240
37
117
251
83
119
237
116
250
95
56
62
223
159
126
244
141
173
86
149
217
63
134
73
208
240
41
189
93
95
2
179
221
201
238
253
50
127
241
246
61
221
254
219
95
185
255
238
235
220
127
111
116
205
228
178
111
127
189
176
253
71
50
187
240
103
117
250
87
127
253
244
250
223
184
63
217
23
83
236
141
173
95
149
216
31
141
77
80
244
41
253
93
87
2
251
43
221
254
158
39
95
217
135
63
196
45
200
31
186
63
255
189
178
48
255
182
87
119
51
245
227
245
125
115
251
214
99
135
60
99
254
210
89
232
125
114
223
60
175
191
84
245
110
217
170
186
15
240
29
188
77
48
243
123
189
123
213
8
251
216
205
140
94
235
155
94
33
59
49
61
202
158
245
110
170
244
187
120
247
222
119
83
243
209
126
241
254
105
151
215
98
223
56
67
36
91
75
248
104
254
159
56
47
213
119
247
111
153
202
8
7
244
93
155
205
27
247
51
181
112
115
2
203
59
221
254
142
39
95
221
135
63
212
61
200
63
190
63
255
253
246
112
251
180
87
247
119
113
247
245
127
123
251
214
227
135
60
115
254
210
89
232
125
112
221
125
175
191
84
245
110
157
170
186
13
240
29
188
93
56
243
123
253
123
221
44
250
250
153
254
223
55
95
221
167
159
215
127
216
63
190
127
222
253
214
122
255
54
215
247
55
189
231
245
123
127
249
246
234
199
60
39
254
222
125
248
125
120
223
245
63
191
182
213
110
159
170
191
143
250
29
191
93
80
247
123
253
123
157
40
250
124
252
187
253
48
94
249
239
223
250
207
189
83
150
223
254
187
143
250
79
149
5
116
155
253
223
255
239
67
235
110
250
197
17
103
191
183
190
233
117
250
92
49
166
191
23
53
110
187
170
238
219
240
29
188
84
212
251
127
237
123
87
107
251
245
156
254
119
249
230
251
252
185
253
228
251
174
251
134
61
234
239
185
111
255
47
250
125
126
235
123
63
222
25
107
111
223
231
61
123
211
189
253
126
249
76
170
159
217
25
249
179
153
236
24
177
245
254
156
235
80
254
243
159
222
87
49
255
186
157
254
207
55
95
221
191
159
212
127
220
63
190
127
254
253
246
114
251
180
87
247
55
125
247
245
127
119
251
214
235
197
60
103
254
210
123
232
125
120
221
117
175
191
118
181
110
159
170
191
141
242
29
188
85
48
243
123
253
123
157
44
250
188
248
255
206
50
127
253
119
223
244
255
248
127
183
222
218
191
198
122
105
181
84
229
247
253
125
245
251
111
255
246
235
213
124
103
254
222
123
248
125
254
223
241
183
191
178
245
109
191
171
175
219
248
29
63
92
108
247
123
249
251
223
108
254
124
252
251
237
50
223
249
111
223
250
127
189
83
150
221
254
187
155
250
79
149
21
214
155
253
221
253
255
69
251
246
250
197
16
101
239
183
255
233
125
250
157
245
167
191
151
53
111
191
170
175
159
248
93
188
84
84
251
123
233
123
31
105
246
92
184
223
252
50
123
254
111
95
250
255
245
87
182
249
250
187
159
248
111
133
85
228
187
173
223
249
255
109
235
62
235
221
81
117
251
247
255
249
117
112
221
247
55
191
143
117
110
159
171
191
151
250
125
191
220
212
255
63
233
89
31
49
254
39
254
40
75
191
221
159
25
159
219
174
255
161
94
237
245
211
183
174
26
213
54
17
69
117
245
97
39
22
123
79
51
142
200
223
132
246
91
235
53
97
93
102
233
149
214
180
119
180
191
152
45
190
165
239
115
54
18
246
47
179
217
188
26
220
186
211
253
254
243
238
255
77
185
88
219
215
212
187
90
251
221
121
111
206
61
202
219
207
207
186
239
86
201
63
206
215
167
125
187
84
252
253
119
101
125
227
127
207
140
253
179
220
165
29
245
243
254
158
235
64
254
19
223
93
79
49
254
159
218
69
237
255
185
159
88
63
31
250
123
221
125
252
81
241
253
61
124
228
116
136
120
110
220
123
127
254
111
125
63
82
229
220
219
118
249
189
55
101
223
74
125
213
142
220
17
140
149
20
36
107
231
143
111
88
220
178
143
212
223
52
180
167
220
124
173
253
188
219
200
191
95
175
250
175
121
204
189
224
245
63
117
116
102
184
120
119
255
121
127
255
63
107
63
178
229
222
219
242
179
189
191
231
222
42
217
209
27
248
21
137
157
16
41
217
231
141
103
56
156
240
44
214
223
62
185
252
219
239
253
54
127
253
246
189
220
124
155
95
188
255
238
251
220
127
111
62
220
164
50
47
255
191
184
253
214
62
185
240
103
119
251
87
119
221
245
127
223
255
63
222
159
126
236
205
173
246
149
219
63
135
76
208
244
41
94
93
78
2
179
253
217
239
253
54
127
125
246
189
220
252
159
95
189
255
238
251
220
127
111
62
220
164
50
47
255
191
184
253
87
126
185
240
103
53
251
87
119
221
252
127
223
255
63
222
143
126
236
205
165
87
149
217
63
135
76
216
244
41
94
93
14
2
187
11
220
206
138
55
249
208
22
59
210
61
200
62
59
44
255
205
214
32
249
133
85
227
115
105
213
177
63
127
107
150
99
149
100
209
138
82
89
249
113
118
223
122
45
151
20
117
111
155
184
26
5
240
29
250
76
24
247
59
253
89
219
38
251
58
252
255
139
54
253
209
255
255
212
245
252
127
186
255
254
251
246
115
251
181
86
247
245
189
117
213
187
127
223
214
251
141
108
167
254
222
89
249
125
124
221
119
183
151
245
118
109
191
187
175
143
250
29
248
92
60
247
123
253
251
219
108
222
124
249
255
253
50
87
251
239
87
254
125
189
95
182
219
250
251
222
248
111
53
209
228
179
189
205
251
221
107
235
254
251
245
85
53
255
151
255
249
125
114
93
253
38
191
150
81
110
159
170
239
215
248
29
52
92
220
255
43
233
123
30
99
247
219
217
206
87
255
155
219
154
191
185
22
223
191
122
98
249
162
215
188
43
196
127
230
119
107
210
144
55
126
107
31
127
183
101
84
240
118
91
250
245
209
93
75
94
217
22
217
111
157
172
25
5
252
13
157
203
16
246
54
191
88
93
38
251
254
213
239
253
62
181
223
1
181
255
125
218
159
237
52
127
145
221
124
107
190
125
210
123
124
214
183
127
125
251
55
239
215
240
159
107
254
125
250
243
114
234
235
237
247
28
245
59
95
174
24
195
232
249
190
124
89
215
123
223
255
215
59
191
217
248
223
127
255
235
251
252
251
189
244
255
254
235
239
249
235
245
185
111
239
109
207
125
111
235
123
63
255
75
119
127
247
231
125
123
118
255
255
119
247
94
239
126
223
31
217
179
221
220
90
181
245
255
157
239
88
190
187
255
221
79
179
247
59
252
239
139
55
253
209
57
253
223
252
252
255
59
125
239
219
245
115
249
181
86
211
245
125
245
21
55
127
219
127
235
207
108
207
158
222
123
249
61
254
223
126
173
151
243
117
111
191
188
153
13
250
29
255
92
56
246
127
253
251
223
110
251
175
246
109
107
63
253
215
57
253
223
244
250
255
59
244
77
155
245
127
251
245
118
219
244
53
119
21
179
127
223
119
251
207
108
143
254
222
57
249
61
124
221
122
189
213
225
118
107
190
191
157
13
250
189
222
92
62
246
255
159
251
219
108
218
62
232
238
249
62
221
210
32
125
246
222
190
253
126
125
238
217
185
115
243
247
119
91
247
189
119
213
191
104
223
255
227
223
110
199
174
223
123
249
122
124
29
245
45
213
119
247
107
191
236
137
79
242
29
88
93
62
247
255
241
251
251
232
206
62
233
110
249
62
255
215
33
253
255
254
254
253
126
125
236
209
185
123
251
247
119
91
223
253
119
7
183
109
223
255
242
239
110
199
174
223
59
249
122
250
125
245
173
213
247
183
107
191
236
137
75
242
29
217
85
54
243
255
181
251
251
234
206
255
220
250
255
255
253
251
205
191
255
214
255
191
90
255
253
250
247
187
59
253
47
223
125
127
234
122
103
223
123
255
255
231
235
95
119
247
255
253
127
251
222
234
254
217
147
249
179
253
221
30
189
252
183
157
97
114
254
255
175
222
223
187
255
2
202
136
202
39
217
144
1
61
211
46
236
178
22
108
235
203
145
37
217
133
20
195
113
101
213
17
39
87
11
19
99
215
36
223
154
82
122
233
48
242
223
56
45
151
150
116
111
153
173
24
5
240
29
255
72
16
242
50
189
89
91
34
251
171
254
108
107
55
249
215
152
253
223
252
254
253
30
237
237
155
245
127
219
245
118
91
124
101
247
81
179
127
95
127
243
223
76
223
254
251
121
249
57
126
253
126
61
215
243
118
99
190
191
156
13
250
181
222
84
62
182
255
191
187
219
238
90
253
250
255
253
254
255
251
252
125
253
252
255
255
255
255
249
251
245
249
111
254
125
206
249
175
255
251
191
255
75
119
255
255
231
125
123
86
255
253
127
247
127
239
126
255
159
253
179
221
220
56
245
247
255
157
239
124
254
251
239
221
79
179
247
113
237
255
92
32
95
117
119
211
244
125
157
78
181
30
170
189
200
242
47
180
233
102
147
217
111
149
252
105
151
202
105
221
88
33
108
158
8
250
104
126
159
185
167
189
48
245
110
187
168
239
219
240
93
18
77
109
247
91
249
250
214
79
223
42
206
108
203
55
253
213
17
61
223
46
202
157
63
125
237
139
245
109
235
213
116
219
113
125
247
17
55
127
219
55
243
215
100
223
154
210
121
249
52
118
93
122
61
213
150
116
107
153
189
152
13
250
29
158
92
16
242
58
189
91
219
44
250
175
214
108
235
255
189
215
24
189
127
172
235
175
95
228
125
129
253
191
48
245
118
154
124
118
255
89
55
254
123
119
247
143
233
159
243
243
121
253
61
111
255
122
253
213
81
252
81
44
191
152
12
223
165
206
53
56
150
247
159
250
223
188
24
175
206
104
235
255
253
215
25
189
121
172
235
185
90
236
205
137
189
127
208
253
55
155
124
119
255
89
39
255
251
103
135
143
232
207
242
243
89
233
61
123
255
114
253
213
113
191
115
189
183
152
12
223
165
223
177
50
242
247
191
186
223
188
90
220
41
255
253
34
127
125
247
221
254
95
144
87
180
251
202
187
220
251
111
30
249
230
155
189
207
182
252
65
225
62
250
115
21
55
235
215
255
240
85
56
253
245
62
255
174
69
126
159
169
254
215
251
95
183
92
209
254
121
255
125
30
65
182
232
203
163
255
50
127
233
239
205
255
115
156
19
192
255
238
187
212
125
111
14
185
230
31
95
203
183
43
215
226
62
159
226
39
127
219
80
119
255
246
162
127
245
126
187
158
121
178
205
169
118
245
211
63
165
120
193
232
97
127
93
76
19
179
175
222
109
229
255
253
251
217
189
125
166
239
207
57
124
237
136
253
127
121
244
119
186
120
117
255
29
54
252
83
127
223
207
121
223
120
210
123
249
181
221
253
122
191
209
99
252
113
188
189
156
13
219
189
159
12
48
214
247
191
219
223
44
251
249
250
255
255
255
247
255
248
255
255
254
255
255
254
251
253
243
245
251
111
254
125
223
125
175
255
123
191
255
91
127
255
247
231
255
127
246
255
255
127
119
125
239
126
255
143
125
179
220
221
60
245
247
255
156
255
120
252
255
207
223
205
183
246
244
41
183
212
32
79
117
231
221
244
127
145
87
177
218
174
189
200
226
111
62
233
230
147
217
127
149
252
105
146
82
233
195
17
97
172
156
136
250
104
124
60
177
167
173
50
245
110
155
168
239
219
240
95
20
92
109
254
83
249
122
151
73
254
175
206
109
237
255
253
255
249
189
93
220
207
223
125
124
109
129
253
127
123
244
118
154
120
117
254
25
54
253
83
63
223
223
112
223
248
210
123
249
61
87
189
122
191
213
145
252
113
157
189
24
13
217
189
158
12
56
214
115
189
218
223
46
250
175
222
111
233
255
253
255
216
189
255
172
239
143
29
100
237
137
253
63
123
244
87
190
120
103
255
25
55
253
83
127
255
221
248
223
105
243
113
249
183
127
222
122
191
213
81
252
113
156
189
30
5
217
245
222
77
48
150
183
191
214
223
46
186
216
202
238
221
234
253
243
245
61
253
126
207
159
252
123
238
175
221
253
107
252
221
238
184
59
111
31
50
253
195
63
255
253
99
121
113
87
247
252
182
215
125
239
54
207
166
127
177
141
73
127
181
223
255
142
204
209
252
43
237
215
15
3
254
175
220
105
169
223
190
251
216
189
127
164
203
143
73
100
253
224
253
61
113
228
86
184
120
103
255
59
119
255
115
123
255
183
225
222
89
243
247
253
183
199
222
94
217
209
83
248
81
204
157
24
4
233
247
143
97
56
148
183
190
214
223
62
185
175
206
108
73
191
221
151
81
189
223
62
202
156
61
124
237
137
253
45
105
244
118
154
120
125
247
29
55
125
91
51
91
215
96
221
170
210
121
249
60
116
125
120
189
213
146
244
99
153
173
24
13
217
29
159
12
48
198
51
189
218
223
40
250
201
222
110
233
238
245
247
240
61
253
126
203
159
253
123
237
229
221
189
106
236
205
174
56
111
239
63
114
253
67
59
191
241
227
60
121
87
247
125
246
243
86
122
62
79
134
90
145
141
25
94
37
221
255
143
109
209
252
43
156
213
14
2
181
203
222
118
225
255
189
239
208
61
127
168
203
142
105
100
189
229
253
189
105
236
79
186
120
111
223
59
126
255
71
123
127
115
227
92
89
114
245
253
230
215
206
122
63
219
30
252
145
204
149
86
36
233
247
143
109
153
220
35
142
212
95
16
185
159
220
116
237
255
170
247
216
61
125
236
203
142
121
108
157
237
253
189
96
228
111
138
120
103
223
121
127
255
99
115
127
151
225
93
89
114
241
253
55
231
222
122
123
221
27
252
81
204
149
24
36
248
247
143
109
120
156
179
175
212
95
52
191
251
222
117
237
255
238
247
216
57
125
252
219
142
125
78
189
237
253
189
98
228
109
186
120
110
223
121
127
255
115
115
127
151
227
217
89
246
241
253
119
119
159
122
255
221
153
252
113
204
149
93
45
248
246
142
109
120
156
243
143
214
79
52
254
248
218
247
229
238
239
251
240
255
253
222
95
223
125
91
252
255
221
223
106
246
13
174
120
239
254
62
222
255
199
255
255
247
231
125
93
86
247
252
247
213
93
203
126
237
142
236
181
205
85
87
245
248
247
142
109
201
252
105
235
212
15
19
188
253
189
255
93
254
247
253
246
251
189
221
255
222
245
182
90
253
255
251
239
253
221
102
255
255
126
254
254
109
87
254
239
223
121
37
255
222
255
252
125
93
221
255
62
255
61
255
255
255
238
43
255
243
254
28
207
126
255
255
223
255
253
211
254
255
254
239
239
255
245
255
188
253
255
252
251
239
94
251
253
251
255
251
187
253
87
255
253
231
255
251
183
255
119
255
255
255
233
223
117
255
255
249
127
127
95
235
62
215
243
223
113
190
223
156
175
246
181
221
245
118
247
247
159
255
223
254
222
191
250
255
231
255
253
215
184
255
253
254
251
255
127
250
221
251
247
255
187
253
127
191
253
227
255
121
183
254
91
255
255
223
233
222
116
255
219
253
61
253
221
235
63
221
167
253
115
191
223
143
173
254
165
223
253
118
214
246
143
219
159
172
222
185
250
254
207
255
249
255
188
253
253
214
255
191
127
222
204
255
191
255
187
253
119
239
253
249
127
249
182
125
211
255
255
223
233
206
52
223
219
249
127
221
95
235
63
213
163
255
115
191
223
157
171
244
173
223
221
126
247
247
255
251
223
174
222
56
172
238
95
40
221
250
117
253
253
214
221
255
117
95
174
191
137
251
187
245
111
223
255
249
122
180
182
109
215
235
238
207
104
99
52
223
187
248
126
253
92
225
174
213
115
191
107
187
238
137
75
244
29
153
93
127
247
247
253
250
243
106
255
120
57
191
209
42
223
216
247
223
254
94
21
87
244
123
226
253
217
251
171
212
53
198
219
189
119
182
238
76
215
255
234
71
24
65
108
222
127
232
120
248
21
245
46
215
166
183
111
191
232
143
207
242
29
29
89
71
115
123
249
123
59
72
254
202
205
230
245
227
79
217
195
45
229
23
206
155
248
122
238
168
85
61
111
14
143
174
59
127
154
22
59
215
155
62
31
242
103
124
219
66
119
223
150
211
125
220
94
203
14
73
178
205
5
86
149
91
95
133
46
209
244
97
61
77
28
19
187
202
9
130
247
195
69
216
199
13
225
95
71
155
236
115
238
171
81
53
103
14
143
166
43
111
222
146
43
210
131
62
31
114
39
53
219
2
103
223
150
17
225
220
106
207
28
109
178
77
4
82
149
219
30
132
40
217
96
41
57
77
12
17
186
218
218
87
237
238
251
251
240
30
253
218
95
223
117
91
248
255
221
189
106
236
45
174
120
239
222
59
254
255
103
127
255
247
231
93
89
118
247
252
231
87
93
203
126
221
142
252
53
140
157
93
165
250
247
142
105
193
220
49
175
212
79
19
188
192
222
22
229
236
188
174
209
57
127
104
203
142
117
84
153
237
205
61
105
204
141
170
120
110
223
63
110
221
7
51
126
83
227
124
121
83
245
252
230
119
78
58
191
223
140
254
145
136
213
84
36
232
254
143
105
145
252
49
157
84
87
16
190
195
197
138
125
199
64
220
143
5
163
57
138
146
204
39
47
137
85
57
214
10
143
166
43
110
223
179
41
211
43
50
62
242
167
61
219
66
117
111
118
50
106
56
123
95
28
125
178
73
172
82
133
73
26
164
106
145
224
41
31
92
69
18
178
195
205
138
57
203
66
220
131
5
163
25
142
154
236
39
46
137
17
53
215
14
143
174
43
110
222
178
43
211
11
58
62
210
167
29
219
66
101
79
86
18
104
28
106
223
28
237
178
73
44
82
133
217
26
132
106
145
240
41
61
92
85
18
178
197
207
130
209
201
94
226
211
45
245
10
206
130
221
254
173
203
117
189
111
14
143
254
121
75
223
31
38
149
11
50
23
215
7
127
219
16
255
111
54
113
116
40
55
95
28
125
177
201
13
52
52
209
255
142
170
17
216
32
45
76
85
17
250
197
206
146
193
201
214
162
211
45
255
2
207
130
217
251
173
203
245
189
111
78
143
254
121
79
223
31
38
149
10
50
23
247
7
127
219
16
253
111
38
241
116
40
54
91
28
121
177
201
13
60
52
209
255
140
234
16
220
32
45
92
85
17
186
35
150
100
96
255
180
135
16
240
61
180
107
238
121
36
5
244
169
103
179
245
102
27
255
240
62
69
246
124
85
225
231
223
234
202
36
251
24
248
41
125
30
58
143
209
113
247
75
184
254
136
73
244
13
218
69
63
151
215
151
178
243
236
74
3
142
128
24
79
138
0
22
41
32
146
4
136
93
45
9
128
57
33
210
196
39
203
99
67
64
128
4
16
20
9
66
159
42
81
168
91
10
233
96
228
60
56
47
85
85
183
107
152
172
24
5
242
29
217
9
18
226
55
181
24
83
36
74
163
214
68
103
253
184
215
24
60
57
182
107
174
121
68
21
228
183
141
178
228
110
187
124
98
62
97
54
254
19
225
119
159
233
216
52
119
145
185
183
221
94
74
159
209
99
218
83
168
215
24
1
252
165
203
105
50
246
182
159
210
215
164
93
215
205
203
95
123
147
223
170
27
251
61
218
146
254
135
74
139
213
56
35
196
53
194
107
105
215
179
55
83
41
23
123
215
52
85
187
86
121
235
116
112
94
41
47
181
20
213
111
155
172
24
5
240
29
156
75
16
242
50
189
88
85
32
250
41
140
174
217
75
223
210
7
61
241
6
207
154
120
47
173
136
57
97
243
212
119
219
115
83
42
144
38
121
213
27
67
207
38
67
56
82
90
233
120
208
61
56
142
209
118
243
107
153
172
24
13
240
29
153
73
19
242
115
189
90
87
42
219
243
223
206
223
127
151
223
154
191
255
61
219
159
251
55
95
139
247
60
47
204
119
194
123
105
247
179
55
127
121
119
123
215
116
148
243
246
125
250
117
114
222
235
125
183
148
213
127
159
175
28
5
252
61
158
207
16
246
59
159
90
215
42
251
222
26
203
245
254
249
250
232
28
251
127
87
223
116
123
240
180
221
60
106
206
61
134
120
47
206
179
127
222
99
55
255
119
241
93
121
118
255
248
215
241
85
255
124
237
142
217
59
223
157
24
133
250
247
157
105
81
86
59
191
69
31
48
188
222
27
79
245
255
185
223
184
61
251
127
123
159
94
121
209
176
221
60
123
206
125
198
122
45
222
179
119
126
107
55
255
119
241
220
123
118
255
250
247
241
125
235
126
231
134
217
59
159
191
28
5
254
245
159
109
81
214
179
223
205
31
181
190
251
223
204
214
239
159
86
48
63
117
127
203
190
255
110
124
245
179
124
247
252
127
131
119
91
126
209
62
254
83
223
103
159
109
80
52
223
91
248
249
86
159
121
63
213
22
247
111
157
142
137
13
246
13
155
205
59
247
51
189
88
119
36
218
126
249
239
253
255
255
219
56
157
255
215
255
191
78
254
221
184
221
122
123
238
127
194
127
47
222
242
55
126
123
127
239
215
249
253
243
255
127
250
55
217
253
239
104
255
21
253
123
255
190
155
199
239
229
191
253
89
150
255
251
251
159
191
254
57
253
255
253
63
247
253
254
253
253
220
251
255
253
191
207
251
253
251
107
246
127
222
255
175
255
247
182
125
85
127
255
223
111
189
255
214
253
249
125
127
255
255
62
255
181
221
127
190
191
255
255
250
191
157
93
124
190
255
207
251
207
175
255
221
153
223
245
48
243
253
254
185
189
124
217
31
245
146
202
171
221
185
107
196
109
230
187
105
223
179
246
125
65
55
111
215
115
52
241
119
253
248
117
112
252
251
47
255
20
245
111
155
172
127
149
240
29
156
77
93
254
51
251
89
23
33
254
250
31
191
245
238
255
219
241
223
255
247
91
239
216
82
158
252
247
126
255
254
175
243
127
255
255
247
254
214
247
247
254
71
189
110
125
222
61
250
255
249
220
243
255
203
106
191
63
175
155
152
203
232
191
159
113
113
247
113
255
247
191
152
190
250
217
255
255
55
253
223
184
223
191
253
250
255
220
125
223
255
247
126
251
190
127
231
127
173
255
247
127
95
247
255
254
255
237
174
95
222
127
250
123
250
223
231
124
159
255
157
63
255
219
150
199
250
181
253
119
241
247
253
255
247
255
154
191
233
221
254
127
53
103
253
254
189
253
108
207
163
205
163
175
235
253
249
107
252
175
246
63
123
239
178
38
89
81
122
255
239
39
53
249
211
253
249
253
91
126
58
174
255
49
221
239
153
172
122
29
240
191
156
65
49
186
115
191
218
87
39
250
206
217
239
253
63
183
219
25
61
251
61
218
159
226
180
127
144
221
124
107
142
125
210
123
109
214
179
119
93
251
63
239
215
240
159
235
242
125
250
247
114
239
231
109
183
20
245
123
223
175
26
71
237
253
190
124
17
214
123
159
95
95
187
183
250
221
238
245
238
253
223
49
191
255
93
206
223
108
54
95
189
253
126
251
190
127
210
123
189
254
183
126
124
247
255
239
87
253
159
109
218
125
250
123
88
205
237
111
215
60
253
63
157
200
26
79
234
253
158
93
89
247
123
191
247
191
8
182
250
217
175
255
119
247
219
188
223
255
253
254
191
204
55
127
255
247
126
223
190
255
247
127
165
255
243
62
95
243
255
251
239
173
191
125
223
125
250
251
90
79
247
124
215
61
241
63
159
154
154
133
250
189
252
245
241
182
255
223
255
223
158
255
78
169
139
249
51
179
252
75
25
251
35
184
146
194
169
75
136
93
184
75
142
61
194
91
101
215
163
39
80
105
53
91
87
146
220
171
114
253
227
55
112
110
230
105
183
148
213
123
223
172
56
85
101
93
253
104
145
226
59
191
93
85
177
178
249
157
255
215
255
191
219
187
254
253
87
127
191
251
122
221
254
247
124
63
252
239
247
119
59
250
254
62
254
123
87
255
223
109
52
247
215
91
250
253
217
221
251
190
233
38
217
111
173
191
223
141
252
191
157
207
120
246
127
255
251
31
44
254
251
151
238
213
239
183
223
49
63
255
93
206
159
253
54
94
245
251
124
251
254
127
243
123
249
126
246
126
124
213
253
235
223
124
146
45
219
121
248
235
92
223
253
62
215
44
247
127
159
201
152
13
242
29
158
93
121
247
115
159
243
251
10
254
70
201
139
185
0
206
252
71
9
174
41
136
210
224
189
42
129
73
48
99
142
53
66
75
93
199
167
239
65
165
53
66
215
144
77
43
18
236
234
122
34
62
181
105
183
28
181
123
219
168
56
87
225
93
60
72
17
195
51
185
89
115
113
226
78
205
170
253
42
159
222
67
57
255
41
138
218
228
125
222
133
217
56
235
142
117
82
123
93
214
167
254
65
245
53
99
215
144
79
41
218
127
250
122
50
126
125
109
247
158
247
59
159
200
24
71
226
93
189
92
17
211
123
189
89
123
75
242
251
221
238
223
119
183
223
191
191
255
125
218
191
218
55
95
191
247
120
127
254
247
215
127
105
247
243
62
95
121
118
235
199
36
158
251
211
125
242
113
114
207
255
61
247
156
213
127
159
190
26
5
248
189
220
223
81
246
123
159
223
223
46
251
74
205
174
93
42
159
94
65
59
231
45
138
220
224
125
42
132
153
48
235
158
117
82
219
221
86
167
254
65
183
183
98
199
16
65
41
218
107
250
106
242
62
125
109
247
30
247
111
155
200
24
71
240
93
153
73
19
211
123
189
113
115
74
235
205
207
231
220
118
119
36
243
33
197
169
138
74
241
182
107
233
221
47
103
78
133
164
178
78
223
189
40
209
14
50
57
242
37
85
251
82
124
229
244
114
94
56
63
221
28
245
236
153
172
24
5
208
31
156
73
16
240
49
189
92
86
32
251
231
198
238
203
223
22
199
138
39
223
56
202
143
235
54
93
201
245
61
183
74
199
190
104
110
215
59
51
191
27
50
31
215
239
158
219
122
125
127
182
103
106
40
249
159
24
92
145
92
157
16
4
77
226
140
239
152
212
32
31
220
213
24
187
229
207
239
217
249
95
225
219
189
223
42
203
131
249
254
237
203
245
189
111
30
143
190
120
127
223
27
34
221
11
58
31
242
71
127
219
82
255
255
182
243
124
104
255
159
30
125
177
205
157
118
180
217
255
135
174
209
220
96
47
85
93
17
187
255
61
171
113
127
247
219
187
223
255
222
247
235
220
50
127
245
255
127
223
247
63
123
223
247
110
230
239
80
247
254
226
175
187
195
37
255
61
238
249
88
29
247
236
221
105
183
239
254
250
137
203
242
253
120
209
119
179
247
251
187
187
220
206
188
43
231
213
2
79
160
231
29
252
126
87
83
180
219
230
155
24
225
43
116
157
238
179
91
111
20
162
104
210
62
207
79
35
97
240
181
222
253
12
253
53
245
183
79
39
119
232
191
168
237
217
211
31
152
92
111
104
71
225
79
15
9
254
236
9
166
213
2
79
240
231
29
248
94
87
19
180
251
230
235
24
249
111
84
157
238
179
59
107
16
130
232
199
62
255
111
35
113
240
23
255
221
28
209
53
244
54
79
7
107
232
157
40
255
157
211
31
156
76
87
120
111
249
79
15
1
254
7
206
128
137
137
216
128
9
9
211
34
206
144
58
237
172
136
57
33
67
196
37
218
81
85
213
17
39
4
138
3
67
135
36
85
170
80
122
233
44
224
60
56
173
213
22
117
99
153
172
24
5
240
29
156
64
16
226
51
189
88
87
32
250
124
45
247
252
18
103
125
255
213
228
223
181
95
172
187
238
251
92
115
111
62
153
230
183
95
235
166
157
65
220
124
233
225
39
37
251
150
118
213
252
26
253
245
46
206
62
69
238
159
36
255
157
242
30
148
68
232
246
107
249
91
6
35
246
126
191
170
125
126
255
209
179
223
189
214
255
227
216
123
255
244
255
123
223
247
63
219
223
255
106
246
238
84
215
254
230
143
187
227
53
255
63
238
117
249
61
243
239
221
127
179
239
254
254
137
203
243
253
217
211
103
243
215
247
251
249
220
94
179
253
126
111
245
248
255
56
249
155
253
249
238
111
68
157
253
175
255
223
255
111
51
253
245
127
115
255
127
55
226
176
222
251
174
213
255
61
248
61
127
254
187
237
255
121
191
54
234
211
135
235
232
229
122
245
255
159
247
227
182
243
221
14
6
206
136
139
1
216
128
1
45
219
2
236
144
50
237
173
137
49
33
219
197
38
91
81
85
215
17
39
70
138
35
66
199
36
71
170
82
120
233
60
240
92
48
173
213
84
53
99
153
172
24
5
240
29
220
72
16
242
51
189
88
83
32
250
84
225
147
191
72
134
46
71
194
235
41
158
199
231
150
58
247
3
32
71
207
165
66
139
222
194
230
239
3
168
163
106
227
4
71
191
24
172
225
246
98
74
53
233
245
28
165
111
153
172
24
67
240
29
28
73
8
186
19
185
24
86
99
235
255
251
239
220
247
127
93
250
175
119
189
250
127
248
246
255
243
245
126
127
63
222
180
54
47
255
191
59
247
223
126
185
240
45
150
219
194
117
245
255
82
219
124
63
219
158
236
156
205
165
86
133
74
191
135
95
208
244
97
30
93
220
50
185
195
207
206
209
255
22
197
131
37
255
48
202
142
249
54
77
200
245
61
239
10
207
190
121
110
215
63
43
159
25
48
31
242
231
28
219
82
125
55
182
86
106
40
93
219
12
89
145
77
141
20
5
89
242
143
238
144
244
32
31
92
85
16
187
205
215
110
233
246
181
187
208
57
223
32
202
222
249
183
77
232
253
61
111
105
213
54
120
110
187
59
251
221
68
50
51
240
101
158
219
82
117
53
244
215
74
56
30
219
156
218
148
13
157
22
37
89
254
135
109
144
252
33
28
92
95
34
177
255
253
255
125
250
151
217
199
251
255
37
202
223
241
183
95
244
247
63
107
190
221
126
63
223
139
247
255
235
57
244
127
243
174
4
255
218
125
243
254
246
78
104
95
219
92
209
159
221
172
24
213
112
29
157
77
25
246
113
159
221
84
11
251
254
253
255
113
234
215
217
143
251
255
87
222
223
226
114
254
252
155
63
107
158
221
126
191
223
138
246
255
67
217
254
126
243
175
68
255
90
127
247
254
218
95
252
94
219
30
193
191
221
172
26
213
248
29
157
73
16
246
115
189
93
84
10
251
255
247
255
249
254
117
93
223
227
255
41
202
223
235
182
95
253
247
62
107
58
221
126
59
214
231
247
123
251
57
246
111
243
174
150
255
218
245
115
255
118
74
104
253
223
88
213
157
93
172
30
215
96
186
148
109
153
244
113
31
223
212
75
187
68
137
136
28
0
202
58
103
9
162
35
136
208
224
28
42
132
9
34
195
142
53
66
195
221
67
135
238
0
166
181
66
215
16
65
40
8
40
234
106
96
60
181
41
183
52
183
111
155
200
40
67
240
93
24
88
7
211
19
177
48
115
65
234
189
254
255
207
255
245
213
184
255
253
158
255
255
127
251
237
251
183
254
59
253
127
30
253
243
119
85
51
253
219
95
255
255
232
207
86
254
217
251
63
125
29
107
54
213
225
253
51
189
255
143
47
252
165
216
127
62
214
254
15
251
221
172
222
185
221
255
93
50
247
253
254
57
253
92
221
158
253
171
238
175
253
185
107
246
125
230
243
105
127
179
246
125
67
126
127
255
115
113
240
215
249
248
125
113
61
251
54
253
145
253
111
159
168
63
157
240
29
156
69
113
254
123
239
219
223
39
254
185
223
255
221
55
255
253
254
157
221
215
221
159
220
255
207
255
253
251
107
246
63
246
247
57
127
183
62
125
83
118
255
207
103
117
248
215
127
248
125
249
125
251
54
255
167
253
111
157
189
255
157
248
191
159
69
113
242
123
239
219
223
47
254
191
254
255
237
255
253
241
249
255
221
214
255
239
127
255
253
255
247
255
59
253
111
190
125
255
255
119
115
255
91
255
191
215
235
255
213
246
255
255
53
249
221
235
254
221
163
253
183
237
221
223
253
252
167
159
109
118
212
254
207
247
175
191
254
187
254
255
239
255
253
251
249
255
221
214
255
255
124
251
252
255
247
255
107
252
125
255
124
189
255
123
251
255
247
255
191
231
231
125
95
247
255
253
63
217
93
239
126
255
143
123
177
205
223
255
189
222
167
189
239
116
220
244
111
215
95
191
255
250
251
239
223
255
255
219
185
255
255
125
255
191
222
126
255
255
247
124
63
126
255
246
255
187
255
255
63
255
219
126
191
203
109
223
247
223
127
251
245
222
95
247
63
219
62
253
63
190
191
159
141
254
191
158
215
104
182
119
127
255
221
174
191
250
220
174
247
238
255
219
177
159
255
117
203
143
200
86
190
253
255
127
251
190
175
247
125
255
127
255
254
87
247
247
255
195
189
239
125
223
61
248
251
121
220
243
255
219
120
191
63
175
217
154
139
252
255
156
241
113
247
113
255
247
255
24
191
239
221
238
127
127
247
251
58
189
255
213
255
191
239
164
111
139
125
255
251
247
127
243
127
99
254
211
55
127
123
127
239
223
251
189
243
247
253
251
63
89
237
255
111
255
113
255
123
127
254
57
157
221
229
252
180
123
191
247
235
187
255
191
223
253
254
255
109
250
247
249
247
251
255
213
255
222
179
203
254
255
223
255
111
189
213
230
253
251
127
253
255
237
127
254
190
223
89
237
239
223
255
253
127
216
93
251
62
251
173
251
181
255
239
47
255
253
255
156
239
118
255
241
221
255
221
90
255
249
217
255
221
119
255
255
254
253
189
253
217
127
249
182
238
187
245
254
111
182
127
231
255
107
127
183
62
125
223
118
239
223
111
191
223
214
253
255
255
127
255
255
63
191
56
125
255
191
188
255
149
251
191
156
94
249
254
123
239
255
221
165
254
221
153
223
221
32
243
253
254
57
189
92
221
31
245
147
170
175
223
185
107
236
109
230
179
105
239
178
246
125
67
54
127
247
83
53
240
87
253
248
117
112
60
187
54
255
20
213
111
155
168
63
213
240
93
156
77
93
254
59
223
89
87
1
254
254
217
239
245
63
253
217
185
189
255
215
255
159
222
116
127
153
253
126
123
190
127
242
123
45
254
243
119
124
251
127
255
135
249
191
227
255
127
250
55
89
189
231
125
187
21
253
59
255
191
155
207
255
245
254
124
121
151
247
255
251
159
188
254
255
222
109
101
255
253
251
248
189
125
246
255
143
123
236
253
160
253
189
123
252
111
146
120
111
254
251
119
252
115
127
127
159
241
221
113
247
251
248
181
223
189
219
223
249
131
249
123
236
183
29
173
253
247
159
109
112
222
247
191
250
159
182
221
253
255
239
221
127
127
219
255
255
253
252
255
127
220
182
239
187
245
254
47
255
255
254
63
127
239
183
55
255
95
95
239
231
239
183
255
246
253
255
255
91
255
235
255
159
186
253
251
255
189
223
221
217
191
158
86
240
254
251
95
255
221
191
255
223
222
117
109
253
238
255
88
56
125
252
91
142
125
78
189
237
253
189
112
228
109
170
120
110
255
123
119
253
115
107
111
151
241
221
121
247
243
252
183
119
158
219
255
253
19
253
81
200
151
88
37
237
247
159
109
121
158
247
175
214
87
54
188
222
218
207
253
255
185
255
152
61
251
255
219
159
112
124
217
176
221
60
123
238
125
194
123
45
222
179
247
124
99
55
255
247
241
252
105
119
255
248
247
243
191
251
127
251
135
217
123
205
159
28
135
252
245
191
109
81
214
187
223
89
31
180
191
159
222
116
108
253
254
255
88
56
125
254
235
142
121
78
189
173
253
189
112
228
111
186
120
103
255
123
119
253
51
99
111
151
241
220
121
247
241
252
183
119
158
123
255
253
19
252
81
136
151
28
36
237
247
159
41
120
222
247
175
214
215
52
188
222
154
207
245
254
185
254
248
61
249
255
91
223
112
123
241
180
221
60
107
204
125
130
121
47
222
179
247
252
103
55
255
55
241
221
105
127
251
248
247
241
157
251
127
237
135
223
123
141
159
31
7
248
247
159
109
81
215
59
191
81
31
52
254
249
223
254
221
115
255
253
246
189
221
207
221
191
253
251
207
187
245
251
111
182
127
247
127
123
127
182
62
125
215
126
255
223
103
127
219
210
255
251
125
253
127
251
54
255
174
221
239
157
189
254
157
248
63
159
77
113
254
123
239
219
223
43
250
204
201
206
245
193
79
240
195
61
229
39
206
154
233
250
238
138
89
61
111
14
175
172
59
111
155
19
43
213
15
50
55
242
39
124
219
82
247
255
182
211
124
184
94
155
30
89
178
205
173
118
181
217
95
165
110
145
252
33
63
93
52
17
187
143
222
116
237
253
252
239
216
57
125
168
203
142
121
100
189
229
253
189
97
228
108
58
120
102
255
59
118
253
71
123
119
215
243
222
121
115
245
253
183
119
158
122
223
217
19
254
209
200
213
92
36
232
247
143
109
25
156
183
143
214
95
20
185
239
253
238
115
63
255
209
59
253
253
222
255
235
222
246
239
153
253
127
219
183
127
251
127
119
127
23
183
126
223
119
231
207
239
175
255
255
63
255
63
89
253
242
255
223
113
55
235
253
254
155
201
253
189
250
84
119
247
255
255
251
187
189
222
250
220
238
245
174
181
223
129
63
255
87
206
223
252
112
95
188
255
126
235
190
125
242
123
189
254
183
254
92
247
255
255
71
248
158
109
255
127
248
123
88
221
247
124
211
12
215
63
223
201
154
143
248
253
188
125
81
215
123
255
247
187
26
190
143
222
116
237
253
252
235
216
57
125
168
203
142
89
100
189
229
253
189
97
228
108
58
120
102
255
59
118
253
71
123
119
247
243
222
105
115
245
253
183
215
158
90
159
217
19
254
209
136
213
92
36
233
247
143
105
153
156
183
142
214
95
54
185
5
143
130
24
73
202
128
86
9
0
131
206
130
80
46
9
136
41
35
214
199
39
83
195
67
50
144
38
0
12
10
64
207
46
67
138
16
8
233
44
224
60
48
135
209
112
179
107
152
172
8
5
243
29
24
0
50
227
19
181
8
115
32
75
159
211
238
245
255
181
255
184
189
253
245
251
143
123
180
77
176
253
252
123
246
127
226
123
46
255
147
119
124
115
119
255
223
241
188
227
247
253
248
183
117
175
251
127
251
133
221
123
78
191
157
175
255
228
190
124
121
215
247
207
251
159
181
255
206
251
203
253
62
177
248
219
61
251
101
218
155
210
255
91
136
221
188
107
142
125
194
123
45
223
179
247
93
99
55
251
215
144
159
107
243
253
250
51
242
191
255
125
247
149
209
123
223
191
56
119
255
245
190
124
17
215
59
223
89
95
241
255
45
174
239
112
108
183
167
114
241
190
242
194
207
121
16
13
148
41
227
243
245
119
90
247
211
114
133
246
104
212
225
195
207
90
195
36
253
8
248
40
124
61
58
165
213
113
183
107
186
238
137
75
242
29
88
85
47
215
215
181
242
243
236
74
199
140
139
91
106
155
223
142
27
255
47
218
146
246
171
88
137
215
56
43
198
53
194
75
111
215
179
39
70
105
23
107
215
148
85
227
114
121
235
114
112
127
105
109
181
20
213
107
159
172
24
5
180
29
157
203
16
242
58
61
88
85
48
250
206
255
239
253
62
183
252
219
61
251
89
218
159
214
247
95
153
221
60
107
158
117
210
123
109
214
179
247
93
115
55
251
215
208
223
107
247
253
250
115
114
127
255
125
247
156
245
123
223
187
56
215
247
245
190
124
81
215
115
223
95
95
123
191
76
169
155
185
0
194
188
71
9
170
105
136
210
164
29
42
141
9
34
195
143
53
66
203
221
71
167
238
0
164
181
194
215
144
69
41
24
172
232
106
40
60
181
105
247
28
183
123
155
232
40
83
242
93
56
88
7
203
19
241
56
115
65
226
206
8
207
209
106
219
222
134
63
187
31
82
159
246
123
194
137
213
56
35
198
117
206
107
111
215
187
55
74
235
31
123
87
164
85
235
90
127
251
118
112
125
108
109
149
14
245
107
159
172
26
5
177
29
157
75
16
118
58
61
73
29
48
250
128
141
166
29
201
207
192
71
45
193
135
206
154
113
46
173
136
17
33
231
215
47
211
115
83
91
144
38
112
14
10
66
223
38
67
154
82
88
233
52
241
61
56
167
217
116
243
107
153
172
24
13
241
29
152
72
16
242
51
181
88
119
32
203
7
238
0
10
1
216
132
73
41
210
138
236
176
55
237
171
203
33
33
89
133
4
90
81
85
213
25
39
7
10
35
66
215
4
95
138
80
122
233
52
96
92
56
173
23
212
116
227
153
172
56
4
240
29
236
8
16
226
51
181
88
87
32
122
250
223
239
223
255
247
223
185
255
255
125
255
191
222
118
255
255
247
124
63
254
255
246
127
59
247
255
63
255
251
127
191
199
109
223
247
223
125
250
117
114
93
231
63
223
188
253
127
158
191
159
141
254
189
158
215
112
246
115
95
255
221
62
254
204
9
226
245
34
79
124
231
29
229
127
21
19
228
251
230
139
88
125
111
30
185
230
59
63
207
151
51
80
235
62
159
98
55
125
219
130
247
255
150
145
245
245
126
175
14
109
178
205
161
118
245
203
95
181
46
209
108
105
123
77
44
17
182
252
186
255
209
126
251
253
254
255
191
222
254
255
183
250
218
217
191
255
191
253
213
110
253
187
119
252
255
109
223
246
235
223
88
198
231
254
255
253
253
220
93
247
61
223
127
119
253
255
238
175
219
243
253
93
223
110
255
151
253
255
217
88
222
137
222
126
225
238
253
255
240
57
255
106
203
158
121
112
237
229
253
189
107
252
93
190
120
111
127
59
118
253
71
123
119
117
227
124
113
119
247
253
182
215
86
122
63
219
134
90
209
141
217
94
53
221
247
143
109
147
220
35
142
215
31
0
188
153
222
126
233
234
253
242
241
61
253
110
207
158
121
123
237
237
221
253
107
252
89
174
120
107
127
63
114
253
71
59
255
245
227
121
113
119
247
253
178
215
213
90
30
91
134
122
241
141
89
94
181
221
239
143
77
211
220
43
172
215
15
3
181
213
222
214
197
216
78
162
242
42
253
42
95
134
245
203
168
235
197
189
47
76
141
174
120
111
223
59
111
157
15
50
31
113
231
125
219
84
245
125
182
101
84
40
183
79
138
124
177
200
21
116
180
217
246
134
235
192
220
32
13
92
69
17
182
141
222
109
233
255
253
247
216
189
127
172
207
207
125
236
237
137
253
191
104
244
82
62
120
103
255
25
182
253
83
127
223
221
208
223
105
243
241
253
183
127
191
122
191
213
211
252
113
140
189
30
45
217
245
142
13
56
212
167
142
214
223
46
184
238
141
174
217
110
223
210
135
61
195
23
206
219
244
123
236
137
17
122
247
214
53
86
243
63
87
148
38
68
223
22
66
199
62
71
138
218
123
235
54
240
61
116
46
213
94
245
107
157
172
24
13
243
29
157
74
16
242
114
189
89
93
40
250
76
235
139
249
48
243
252
203
25
251
65
222
210
198
173
75
137
221
184
75
142
53
70
91
109
215
179
231
85
99
55
91
215
144
221
171
113
253
234
51
114
46
243
108
247
148
245
123
223
170
56
119
245
85
252
104
17
202
51
207
89
91
243
243
88
187
191
217
34
223
248
247
223
190
86
133
87
244
123
250
253
219
251
171
212
117
70
215
185
67
182
228
76
199
254
234
247
26
67
36
126
107
232
96
248
29
247
46
215
166
51
111
191
136
143
199
242
29
25
89
71
243
27
249
115
59
64
254
173
206
109
73
255
253
179
216
189
95
166
234
207
57
236
237
136
253
255
105
244
118
154
120
117
255
29
54
253
83
51
91
223
64
223
202
210
249
253
61
255
191
122
183
209
227
244
97
188
189
28
44
217
253
207
12
48
196
247
173
218
223
44
251
173
206
109
201
254
253
167
81
189
223
46
202
143
61
252
237
129
253
255
105
244
118
154
112
125
247
29
55
124
91
59
219
215
64
223
170
210
123
253
56
252
61
122
181
213
226
116
97
187
189
24
12
217
157
143
28
56
196
115
173
218
223
44
250
197
222
246
225
217
94
165
202
47
213
46
203
142
187
238
253
235
245
189
47
12
207
188
121
103
223
25
43
191
11
18
23
176
199
126
219
112
247
255
182
231
86
106
119
25
30
124
177
204
149
118
180
221
231
167
238
152
220
32
46
212
93
21
184
220
201
187
253
34
127
255
231
157
254
123
156
83
196
223
238
153
220
249
111
30
185
228
154
89
207
182
196
65
227
62
250
227
19
109
235
151
255
194
246
186
126
245
126
255
158
1
122
159
169
126
247
201
95
181
88
193
234
105
251
95
70
11
183
92
59
187
253
34
119
249
247
157
254
95
148
81
148
251
234
189
222
249
111
30
149
198
155
217
201
182
220
65
227
62
250
97
16
247
229
223
255
192
113
184
93
245
62
247
166
129
126
159
169
191
215
242
93
149
217
213
250
123
253
127
30
73
246
173
207
100
121
255
189
167
89
189
123
168
235
187
123
236
77
137
61
239
82
253
127
154
118
87
255
83
55
253
214
103
131
143
218
199
162
241
184
249
61
108
63
122
229
245
113
247
99
184
190
152
44
211
157
223
49
58
214
247
167
186
223
173
90
46
206
108
139
55
221
132
9
61
211
6
236
189
63
253
207
203
244
97
121
149
84
218
113
117
213
25
39
127
218
27
195
213
68
215
170
82
120
233
52
116
93
120
45
23
148
116
99
153
173
152
12
242
29
238
92
16
242
51
189
91
95
40
250
252
77
239
253
32
79
253
231
157
239
127
157
19
229
219
174
137
92
125
111
30
169
230
59
121
207
135
180
65
179
62
191
98
55
117
251
151
255
250
222
50
252
177
254
174
158
125
58
143
169
119
243
217
95
181
76
193
238
105
251
79
38
1
182
217
218
215
237
254
241
255
252
127
189
250
223
255
60
251
248
255
223
253
111
236
253
238
120
237
255
123
255
255
99
127
191
247
229
125
89
118
255
253
119
117
93
235
126
255
143
125
49
156
217
125
181
247
247
188
239
68
252
181
239
213
95
53
254
219
219
207
223
127
215
223
158
191
255
61
218
159
250
54
127
139
215
60
47
204
247
230
123
107
215
187
63
127
107
23
123
151
228
149
243
118
89
250
117
114
95
235
125
149
148
245
111
159
173
28
5
244
61
158
207
80
246
50
31
89
93
54
255
173
207
108
120
255
189
103
89
189
123
172
234
189
123
236
77
139
61
239
248
253
119
27
118
117
127
81
55
252
223
39
128
207
74
199
170
243
57
249
61
124
253
122
181
213
241
247
99
188
255
152
12
195
189
218
28
58
230
247
183
186
251
173
90
251
221
238
223
255
255
219
185
191
255
85
219
191
250
118
207
62
247
124
255
254
255
247
127
59
123
251
62
255
83
247
187
223
109
150
245
215
89
250
121
242
223
255
63
209
60
249
127
159
143
158
13
252
173
159
223
121
247
123
191
251
159
174
255
14
234
8
138
23
217
128
9
121
146
6
236
176
22
236
235
203
177
33
217
133
20
91
81
101
213
25
39
87
74
19
98
149
4
215
170
90
122
233
48
112
93
56
45
23
212
116
101
153
172
24
4
240
29
254
72
16
242
51
189
89
91
96
250
251
152
206
214
239
155
87
10
63
113
63
203
190
255
102
92
231
215
60
187
204
127
227
119
107
215
209
63
254
107
95
111
151
229
16
112
119
89
250
245
112
221
235
119
221
6
245
111
149
175
155
5
252
13
155
207
49
246
63
189
88
29
52
222
5
206
1
9
9
216
160
73
9
146
138
238
144
54
237
160
203
9
161
73
196
36
74
81
85
213
17
39
4
138
35
66
215
6
69
170
80
250
237
60
96
84
56
37
85
212
52
227
153
172
56
4
240
29
204
8
16
226
51
173
88
87
32
122
183
254
254
237
255
244
217
216
191
221
252
255
239
95
223
253
253
247
255
59
253
111
222
125
239
255
119
119
255
95
243
191
231
235
255
85
246
189
255
55
123
94
234
255
223
208
253
179
249
221
30
105
252
167
156
101
55
212
254
175
214
255
191
255
46
233
238
251
95
255
199
33
253
223
254
254
255
126
125
236
209
57
127
251
247
119
91
255
117
126
7
183
110
223
255
210
207
110
207
142
219
123
253
62
252
125
244
237
213
119
55
227
191
236
136
73
243
29
73
84
62
247
247
181
187
251
232
202
43
236
109
138
22
253
129
49
253
214
86
220
189
59
124
207
219
244
99
249
181
86
217
117
125
245
21
55
127
219
95
235
133
108
215
186
218
91
249
60
252
221
126
173
21
244
116
103
191
189
153
12
250
29
175
92
56
246
123
253
219
223
110
251
197
206
146
193
217
78
162
195
47
253
42
207
130
217
203
173
235
213
189
111
79
143
174
121
79
223
59
47
149
14
50
23
240
135
125
219
16
245
111
166
225
116
40
55
79
142
124
177
200
5
116
180
209
247
132
235
208
220
32
37
92
69
17
186
251
207
206
87
239
155
214
160
63
241
63
203
190
255
102
188
229
179
60
247
254
127
243
119
83
110
241
126
124
211
223
103
223
109
64
52
219
75
248
232
86
95
120
47
209
127
255
111
157
202
25
13
246
13
153
205
59
247
183
181
80
123
130
202
141
206
110
233
253
253
163
208
57
255
228
203
206
57
236
173
137
253
191
107
244
68
62
248
103
127
25
246
253
7
51
215
223
80
223
104
83
249
253
176
255
28
58
183
209
195
250
113
137
157
28
37
217
253
142
76
18
212
51
141
208
87
36
187
253
254
255
125
246
255
249
246
249
255
254
255
223
190
251
250
249
253
255
255
61
221
127
189
191
127
255
255
109
223
246
191
223
121
229
255
223
253
253
127
124
93
255
63
223
239
127
181
255
253
175
255
219
255
190
254
118
253
245
255
255
249
92
254
250
141
238
215
239
159
222
177
63
255
127
203
158
253
54
78
245
187
124
255
254
127
243
251
115
127
243
126
120
215
255
231
223
125
66
117
219
73
248
234
92
221
125
47
209
61
255
63
157
202
152
13
246
29
152
221
27
247
115
189
243
123
8
234
204
9
130
245
195
67
252
198
29
171
43
87
146
204
242
230
169
89
61
103
15
175
230
43
111
207
179
39
208
79
62
31
114
39
61
219
18
125
239
150
81
224
244
122
143
14
125
178
77
164
114
181
201
94
164
42
209
104
41
123
77
44
17
178
197
206
214
201
217
78
164
195
45
253
42
207
130
253
238
173
235
245
189
111
15
143
190
121
79
223
59
43
149
14
50
23
242
199
125
219
16
253
111
182
103
116
40
55
31
30
124
177
200
133
116
52
209
255
132
234
144
220
32
37
92
85
17
186
5
206
77
137
137
216
166
73
41
211
138
238
144
53
237
160
203
25
161
105
196
100
202
112
85
213
25
39
44
138
35
91
215
66
85
170
80
250
237
60
100
52
56
37
85
148
116
225
153
173
24
36
209
29
206
8
16
192
51
173
72
87
32
122
78
205
170
249
42
223
254
65
57
239
9
202
210
228
127
26
141
217
48
235
142
117
82
219
221
87
183
254
65
231
191
226
199
144
79
41
219
237
232
106
114
62
117
105
247
92
247
59
159
200
24
71
242
93
60
88
19
211
115
181
113
115
75
226
189
250
238
207
255
209
215
184
255
181
252
251
191
127
227
204
155
179
254
187
245
119
239
253
115
119
81
54
125
223
223
255
255
232
203
86
214
217
251
63
125
29
235
54
213
49
221
107
191
255
137
141
254
141
216
93
126
215
246
173
243
219
172
222
204
73
130
245
83
99
252
214
29
235
43
153
18
204
227
239
137
92
61
71
14
175
230
43
79
223
179
39
209
15
54
31
114
39
61
251
18
117
239
150
113
104
244
123
207
28
93
178
77
172
118
181
201
126
180
74
209
168
33
63
77
36
17
178
151
222
84
237
252
186
174
80
56
127
104
75
206
113
68
25
237
205
189
104
228
109
138
120
110
223
59
254
252
39
163
119
215
243
92
25
115
245
252
103
101
206
58
127
221
128
254
81
200
213
28
36
232
246
142
109
19
220
51
143
212
87
16
182
223
218
95
229
255
249
251
248
57
125
223
95
206
125
110
249
165
221
189
122
236
109
138
120
111
222
251
255
252
103
127
255
151
241
217
121
119
251
248
247
213
157
219
126
253
135
255
59
205
151
29
165
248
247
158
109
113
214
183
191
208
31
54
252
56
142
254
221
42
215
210
229
255
253
86
207
223
117
123
236
253
179
251
171
245
127
95
247
249
127
212
246
108
215
223
246
239
107
99
52
222
155
250
120
253
29
225
166
213
118
179
111
189
232
137
75
244
29
152
93
63
247
119
189
243
123
104
222
238
141
238
213
106
223
214
167
61
245
31
206
219
244
123
236
137
81
120
239
214
61
246
243
63
87
148
38
100
223
30
115
199
39
71
154
218
123
251
62
208
61
100
46
213
30
245
107
157
172
152
13
243
29
157
90
16
242
114
189
91
93
40
250
220
217
155
253
34
127
248
247
29
254
127
157
83
212
223
234
189
223
249
111
142
189
230
155
169
203
182
230
81
65
54
251
247
17
117
225
87
255
232
113
242
127
243
62
255
150
193
126
159
168
63
215
248
125
157
72
213
250
59
255
93
86
3
247
68
169
155
185
0
198
188
71
9
174
107
136
210
128
153
58
137
73
160
99
143
37
66
203
205
199
167
231
0
164
49
66
87
144
77
43
56
172
232
98
32
44
181
105
183
28
183
123
219
232
56
115
225
93
60
120
133
203
19
241
88
115
81
230
72
139
138
57
32
218
62
5
9
163
43
136
208
224
63
42
133
11
98
211
143
53
67
219
209
71
167
238
0
166
167
194
207
24
67
44
153
40
232
106
104
60
49
41
247
117
183
111
155
202
8
67
246
93
88
89
7
211
19
181
48
115
72
106
201
204
134
233
200
237
226
245
57
253
110
207
130
117
127
169
237
217
189
227
204
137
174
120
107
95
63
230
221
71
187
119
245
99
121
113
119
231
236
160
211
28
122
62
217
22
122
241
137
201
94
37
221
239
141
201
147
220
35
173
84
87
2
189
68
169
155
249
32
182
252
199
25
174
105
138
194
192
155
11
137
77
176
107
142
53
70
91
77
215
183
231
64
37
53
82
87
144
221
43
48
236
234
115
96
46
177
105
183
28
151
123
219
168
56
119
241
93
60
104
21
139
19
239
88
115
113
242
3
149
24
54
221
168
30
8
43
33
141
234
164
79
36
21
141
35
32
147
231
103
83
103
64
86
209
127
50
46
197
97
159
156
211
166
179
8
234
97
96
29
62
225
245
81
183
111
152
238
8
15
244
29
88
65
59
179
183
183
56
243
236
74
226
222
108
43
255
188
134
25
191
83
172
234
173
123
108
157
221
183
125
148
92
83
155
116
115
85
89
62
191
83
139
176
136
204
219
69
227
17
173
35
110
159
106
189
85
255
246
21
182
223
148
40
221
229
203
187
50
220
180
52
82
219
124
24
38
174
97
135
255
158
143
73
239
103
187
118
249
30
248
101
130
213
38
49
197
7
211
101
77
212
141
47
18
30
27
75
215
44
87
186
90
122
233
118
96
92
40
47
213
22
244
111
153
172
24
5
242
29
157
75
16
114
50
188
88
87
32
250
236
141
238
213
238
223
213
247
61
245
63
223
223
252
123
236
137
209
122
239
214
127
246
115
127
127
151
54
125
223
22
239
199
111
71
218
210
127
251
62
113
125
237
63
221
62
245
235
157
172
155
141
243
29
157
94
16
246
114
189
91
93
40
250
251
220
206
223
239
245
219
177
63
255
125
202
191
251
118
238
127
247
124
251
252
247
247
125
59
119
251
62
255
211
247
251
223
108
159
113
215
93
248
251
114
223
239
63
215
53
247
127
159
203
30
13
252
173
222
221
123
247
255
159
223
251
10
255
68
171
155
249
48
242
254
199
9
187
105
154
194
132
155
43
137
73
168
75
143
53
70
219
205
215
183
231
65
39
51
82
215
144
221
171
57
252
232
51
96
44
177
109
247
156
183
123
218
232
40
119
241
93
60
120
7
203
19
231
88
115
113
246
235
204
206
87
235
223
218
161
61
251
55
203
190
251
98
46
237
187
125
251
253
247
251
249
113
127
249
126
104
215
191
118
223
121
66
113
219
73
248
234
92
93
124
47
209
125
247
123
157
202
24
13
244
77
216
205
27
247
247
181
83
115
136
202
206
232
138
121
42
212
248
195
25
171
65
206
210
164
55
10
141
9
51
203
143
117
67
219
221
87
183
238
64
167
191
242
199
152
79
41
91
237
232
98
120
60
113
105
247
92
183
59
219
200
8
71
245
93
120
88
23
211
19
181
121
115
72
234
202
204
207
223
111
95
211
143
63
245
53
202
159
250
126
223
139
215
60
43
206
253
238
123
111
215
153
55
127
107
31
127
151
229
209
112
114
217
254
115
242
255
235
125
145
28
245
107
223
173
31
5
253
53
190
239
81
246
50
63
89
93
54
255
133
143
166
93
193
207
192
199
41
129
167
206
146
240
238
173
137
49
34
199
151
47
114
227
83
91
149
38
1
14
2
6
207
55
99
154
82
24
235
62
241
61
56
167
221
124
189
43
153
172
24
13
241
93
152
74
17
211
50
181
88
117
33
202
5
143
130
29
201
202
128
70
41
129
129
206
194
81
38
41
136
33
34
215
135
47
83
195
67
114
148
38
0
14
2
2
159
62
67
138
0
8
235
46
229
60
56
135
209
120
179
43
24
172
8
5
243
93
24
2
48
195
18
181
8
113
32
75
195
140
139
219
106
218
215
142
27
247
47
202
146
246
107
152
137
215
56
43
198
53
206
75
111
215
147
39
71
41
19
107
151
134
81
99
114
217
238
114
112
124
104
105
149
28
213
235
219
172
24
5
245
21
189
235
17
242
50
61
88
85
80
250
204
235
155
249
48
176
250
193
25
187
65
206
194
212
239
75
136
205
188
79
143
53
70
219
237
214
179
231
69
103
55
50
215
144
221
171
123
253
232
49
114
62
243
124
247
21
147
123
223
250
56
119
241
245
252
120
23
219
51
175
93
115
115
251
195
140
139
81
106
219
214
134
27
167
15
66
146
244
107
216
137
209
56
43
134
53
78
75
111
215
146
47
6
105
31
107
151
134
85
75
122
251
239
18
112
125
108
105
149
12
245
235
221
172
24
5
183
85
189
106
17
114
50
61
73
29
112
250
76
41
139
57
0
210
190
71
9
170
75
140
208
164
155
10
137
9
227
195
143
53
66
203
221
87
183
230
64
166
183
194
199
144
71
41
25
172
232
106
40
60
181
105
247
124
183
123
155
232
40
83
243
93
120
80
7
203
19
241
57
115
73
230
76
171
155
249
32
246
168
199
9
174
107
156
192
132
155
42
137
73
163
107
143
53
70
219
205
87
183
231
0
166
55
194
87
144
221
43
57
172
232
35
40
60
177
105
247
28
183
123
218
232
40
243
243
93
60
120
71
139
19
227
120
115
113
230
238
205
170
217
106
223
214
135
45
225
47
206
219
244
126
237
137
81
56
239
150
61
126
99
127
215
151
39
5
223
23
70
199
47
71
155
218
123
239
54
240
61
100
111
157
94
245
171
157
172
24
13
211
93
157
74
17
242
114
189
89
93
40
250
251
220
206
255
239
219
214
137
63
241
53
202
190
251
102
223
239
179
60
187
204
247
251
115
115
215
217
62
127
115
223
103
151
228
16
112
243
89
250
243
210
223
105
125
209
29
245
111
221
203
31
13
252
13
219
239
49
247
183
189
217
91
158
223
78
168
138
57
8
154
172
3
73
170
107
138
210
164
59
10
141
9
99
211
159
53
83
203
209
87
183
230
64
182
167
194
207
24
67
37
153
44
232
106
104
60
52
169
247
117
183
107
187
202
8
67
247
93
88
80
23
211
147
177
56
243
200
98
67
149
152
27
33
152
94
8
235
163
141
234
226
76
36
27
141
35
34
147
159
119
83
199
209
119
209
110
0
62
199
98
143
28
195
46
154
8
234
107
104
28
36
225
181
121
181
47
187
234
136
75
240
29
88
83
51
179
215
183
184
243
237
74
238
205
238
221
106
223
214
199
61
245
47
200
219
252
126
204
137
81
126
239
150
127
246
115
127
215
151
55
101
223
22
103
199
103
103
219
210
123
255
62
241
125
108
111
157
30
253
171
157
172
158
13
211
93
149
78
17
246
114
189
91
125
40
250
67
213
152
62
253
170
31
24
43
33
141
234
174
77
36
25
173
39
32
215
238
103
83
71
196
247
209
127
50
46
199
33
159
28
211
174
138
8
234
107
96
28
63
225
245
89
181
47
144
174
8
15
240
189
88
67
57
179
183
183
184
243
252
74
71
141
139
25
74
219
214
135
41
163
15
206
210
212
47
105
137
81
48
195
134
53
74
67
103
215
148
47
2
11
19
66
151
166
69
138
90
120
239
50
48
61
108
105
149
92
181
171
157
172
24
5
177
93
156
74
16
226
50
189
88
85
112
250
206
72
10
169
194
216
26
133
9
227
95
142
144
164
111
234
137
25
57
221
15
145
111
8
117
85
153
173
67
167
182
51
144
149
69
75
11
111
236
90
48
152
116
57
23
29
126
176
223
200
50
37
141
93
96
186
208
233
41
121
13
19
80
162
