posters/Movie Poster 30.jpg
512
762
132
-45
-1
0
321
645
0.00823786
31
143.13
-1
0
259
661
0.00839108
31
-156.801
-1
0
333
644
0.00661371
31
131.73
-1
0
249
653
0.00812406
31
-6.20345
-1
0
313
645
0.00431124
31
43.4518
-1
0
286
651
0.00488437
31
29.3578
-1
0
278
653
0.00520273
31
36.2538
-1
0
273
654
0.00503036
31
-163.301
-1
0
297
654
0.00614908
31
43.5312
-1
0
409
621
0.00545488
31
32.7352
-1
0
282
652
0.00520577
31
58.815
-1
0
221
654
0.00399203
31
60.2551
-1
0
340
639
0.00660146
31
-166.866
-1
0
301
653
0.0062669
31
47.7263
-1
0
333
640
0.00403604
31
29.0546
-1
0
394
625
0.00425893
31
41.0091
-1
0
368
632
0.00480284
31
68.9077
-1
0
209
656
0.00414169
31
-90
-1
0
329
646
0.00713901
31
37.4054
-1
0
329
641
0.00671844
31
-119.055
-1
0
382
633
0.0042355
31
40.2364
-1
0
232
664
0.00624957
31
61.8214
-1
0
264
656
0.00398923
31
21.8014
-1
0
329
644
0.0110483
31
9.46232
-1
0
319
644
0.00441602
31
174.289
-1
0
259
663
0.00535733
31
60.4612
-1
0
228
658
0.00404199
31
120.069
-1
0
257
658
0.00743822
31
67.1355
-1
0
206
663
0.00474573
31
86.5318
-1
0
259
658
0.00709227
31
123.959
-1
0
241
649
0.00551594
31
-19.179
-1
0
280
655
0.00904267
31
169.695
-1
0
348
642
0.0084605
31
22.751
-1
0
388
627
0.00488276
31
-87.3974
-1
0
286
656
0.00556113
31
11.3099
-1
0
238
662
0.0046713
31
-98.8807
-1
0
409
627
0.00479923
31
47.2026
-1
0
383
628
0.00474348
31
-104.744
-1
0
269
661
0.00650643
31
70.6652
-1
0
215
655
0.00641184
31
148.627
-1
0
252
660
0.00667155
31
-10.1247
-1
0
389
629
0.00843187
31
164.32
-1
0
249
660
0.00397015
31
-59.7436
-1
0
388
632
0.00456883
31
81.5289
-1
0
231
652
0.0066924
31
23.1986
-1
0
268
656
0.00769224
31
85.0303
-1
0
233
657
0.00311269
31
43.3634
-1
0
199
659
0.00350709
31
-85.2364
-1
0
347
471
0.00363422
31
-55.4915
-1
0
169
99
0.00319743
31
-29.7449
-1
0
356
444
0.0019893
31
-86.4237
-1
0
321
649
0.00257129
31
85.6677
-1
0
215
660
0.00228645
31
-107.354
-1
0
400
629
0.00310776
31
-91.1458
-1
0
337
651
0.00202837
31
158.199
-1
0
399
415
0.00299485
31
-96.7098
-1
0
371
648
0.00230495
31
-112.62
-1
0
354
647
0.00208125
31
158.199
-1
0
323
643
0.00378604
31
-174.56
-1
0
301
648
0.00394778
31
-93.3665
-1
0
404
628
0.00354025
31
180
-1
0
297
648
0.00379598
31
-167.005
-1
0
264
661
0.00372402
31
165.155
-1
0
188
110
0.00204138
31
98.1301
-1
0
357
640
0.00273915
31
57.0306
-1
0
372
630
0.00389795
31
144.888
-1
0
248
648
0.00199041
31
49.1276
-1
0
191
652
0.00213028
31
138.576
-1
0
397
413
0.00379614
31
102.848
-1
0
354
635
0.00325511
31
66.3706
-1
0
361
638
0.00321874
31
52.9575
-1
0
361
634
0.00381377
31
96.009
-1
0
221
658
0.00276698
31
-140.906
-1
0
413
644
0.00281678
31
-2.29061
-1
0
310
647
0.00350041
31
-75.3791
-1
0
395
631
0.00317135
31
57.4074
-1
0
195
650
0.00214853
31
97.9696
-1
0
236
650
0.00329688
31
144.975
-1
0
384
471
0.00224231
31
38.2902
-1
0
404
623
0.00376999
31
51.6667
-1
0
199
664
0.00279277
31
-49.7636
-1
0
391
650
0.00218052
31
-91.7357
-1
0
332
653
0.00211414
31
-18.4349
-1
0
310
650
0.00318473
31
62.9044
-1
0
210
633
0.00192653
31
133.531
-1
0
389
411
0.00191118
31
67.3801
-1
1
387.6
631.2
0.00128979
37.2
63.4349
-1
1
390
631.2
0.00146609
37.2
53.1301
-1
1
382.8
632.4
0.00186296
37.2
63.0723
-1
1
361.2
633.6
0.00154298
37.2
143.973
-1
1
379.2
633.6
0.00140729
37.2
49.7636
-1
1
382.8
628.8
0.00276488
37.2
86.9872
-1
1
328.8
640.8
0.00218095
37.2
116.03
-1
1
354
639.6
0.00174106
37.2
148.426
-1
1
384
471.6
0.00136404
37.2
72.2996
-1
1
361.2
637.2
0.00216275
37.2
-90
-1
1
357.6
441.6
0.000894312
37.2
96.2419
-1
1
354
634.8
0.00111393
37.2
28.8866
-1
1
388.8
626.4
0.000924471
37.2
-64.6538
-1
1
356.4
444
0.000912247
37.2
-104.381
-1
1
360
441.6
0.00082084
37.2
82.2664
-1
1
228
633.6
0.000754451
37.2
-110.556
-1
1
375.6
482.4
0.000773431
37.2
-66.8014
-1
1
344.4
472.8
0.000762583
37.2
-170.838
-1
1
276
337.2
0.000777207
37.2
-74.6667
-1
2
358.56
447.84
0.0009438
44.64
-90.7073
-1
2
357.12
443.52
0.00075143
44.64
-78.6901
-1
2
344.16
472.32
0.00047346
44.64
-61.0736
-1
2
360
468
0.00043999
44.64
-169.634
-1
2
276.48
336.96
0.000446824
44.64
0.403485
-1
2
187.2
348.48
0.000603418
44.64
-52.6961
-1
2
355.68
452.16
0.000595379
44.64
17.8787
-1
2
198.72
336.96
0.0003519
44.64
3.13636
-1
2
192.96
342.72
0.000401407
44.64
-154.867
-1
2
361.44
408.96
0.000348835
44.64
-2.70063
-1
3
205.632
331.776
0.000244002
53.568
-84.0851
-1
3
254.016
395.712
0.00025108
53.568
-7.83926
-1
3
186.624
347.328
0.000539693
53.568
-168.44
-1
3
274.752
336.96
0.00035645
53.568
-4.89909
-1
3
191.808
342.144
0.000392784
53.568
4.63546
-1
3
198.72
336.96
0.000286826
53.568
-164.694
-1
3
274.752
333.504
0.000235319
53.568
-82.614
-1
4
252.979
396.058
0.000256349
64.2816
-176.279
-1
4
252.979
221.875
0.000134322
64.2816
-61.2797
-1
4
234.317
383.616
0.000172115
64.2816
-176.505
-1
4
259.2
226.022
0.000103168
64.2816
-80.5053
-1
4
252.979
408.499
0.00010662
64.2816
-171.215
-1
4
277.862
337.997
8.88972e-05
64.2816
-83.1464
-1
5
251.32
395.643
0.000179559
77.1379
139.733
-1
5
266.25
360.806
0.000171156
77.1379
-81.8992
-1
5
253.809
405.596
0.000137656
77.1379
-97.0165
-1
5
271.227
410.573
7.49688e-05
77.1379
132
64
227
231
235
63
245
148
159
137
205
207
241
250
235
75
134
14
138
37
62
215
63
231
243
76
85
211
155
55
131
184
42
25
198
13
204
219
200
61
167
61
236
106
177
217
243
89
153
16
90
142
16
171
65
247
125
178
200
175
81
113
46
211
248
43
167
199
32
100
33
4
173
130
129
69
161
98
34
89
0
4
128
40
103
215
115
46
49
214
112
63
23
160
132
180
232
145
142
126
74
142
217
8
10
136
73
42
176
207
240
113
147
78
40
191
128
75
80
0
89
81
35
211
82
133
34
243
233
74
52
56
127
133
58
199
219
241
223
239
151
215
223
36
249
118
191
85
214
35
213
116
196
201
189
118
252
94
40
255
223
127
107
208
167
108
190
235
250
127
80
29
231
34
167
52
224
107
183
234
169
239
190
89
60
87
110
31
222
105
187
157
108
238
130
219
8
127
167
248
216
24
24
27
181
239
170
82
76
169
4
158
36
159
70
44
226
82
97
155
195
32
85
98
38
32
222
58
217
192
127
91
218
177
211
190
179
95
208
23
185
126
185
159
24
71
248
133
223
105
23
211
54
191
112
127
166
219
2
170
130
15
45
208
156
142
233
178
169
170
232
149
11
11
137
1
42
152
137
7
71
77
101
197
157
55
7
45
15
70
157
253
235
25
122
189
168
35
45
104
35
61
191
236
156
57
112
218
140
3
149
160
250
62
22
99
156
20
100
65
84
86
59
220
186
15
55
125
153
190
159
254
127
189
48
142
239
255
131
86
176
24
56
146
196
45
109
165
232
17
83
123
94
127
161
148
245
112
182
223
136
117
178
221
111
48
62
150
172
120
231
187
127
191
158
135
244
100
176
35
190
120
191
140
14
151
92
56
219
141
50
83
152
198
15
170
11
180
85
134
251
250
191
215
248
44
137
213
70
9
143
213
249
125
1
239
158
126
113
145
255
235
48
255
168
87
32
77
101
56
191
158
228
60
223
234
118
183
183
121
52
254
196
79
24
104
125
12
80
182
28
120
147
141
50
69
153
206
11
238
11
156
81
134
251
251
187
86
128
8
8
144
68
8
141
197
184
73
1
235
31
127
97
144
255
234
176
238
136
87
34
93
101
48
190
150
168
56
204
170
118
183
158
147
52
114
132
11
24
104
253
76
98
182
148
177
145
132
210
67
134
126
67
64
141
119
114
4
166
120
239
21
180
4
65
21
160
193
238
212
120
77
128
78
158
41
156
21
29
155
4
96
79
20
1
137
5
35
173
28
252
236
68
182
97
182
162
114
16
11
72
26
16
9
17
77
52
74
61
189
255
125
151
237
249
252
221
221
254
189
241
204
251
238
179
92
211
70
125
187
198
148
45
239
166
161
219
86
126
185
110
43
253
252
183
119
217
125
251
125
247
110
110
183
43
118
191
188
251
253
218
191
29
96
254
160
111
251
63
174
175
240
94
120
219
141
55
83
157
222
191
170
175
180
117
134
235
251
187
246
184
12
137
213
68
41
167
197
233
93
27
107
94
127
113
145
191
239
50
255
168
87
50
77
111
56
191
222
228
124
220
186
118
183
191
251
116
254
216
47
188
124
61
12
86
178
185
60
255
7
190
13
153
249
223
253
119
119
255
58
218
244
246
214
198
41
88
134
243
252
251
168
252
58
254
89
95
62
109
108
108
254
214
123
169
221
217
213
75
158
232
38
152
125
169
181
27
175
248
159
157
65
52
112
56
120
255
31
36
252
153
204
191
45
160
125
241
254
217
149
255
159
83
176
95
170
247
204
231
105
60
150
164
149
255
45
133
232
229
199
126
190
232
24
97
108
215
183
168
248
187
159
241
55
124
183
58
164
171
137
231
191
216
31
135
80
180
192
41
232
247
142
74
253
148
177
145
132
208
66
6
122
71
1
153
119
231
5
150
56
255
71
230
4
65
5
130
193
238
213
121
109
162
174
202
40
156
117
57
159
12
32
79
69
37
136
37
35
173
24
188
172
66
182
193
178
160
226
16
27
76
31
16
65
16
69
116
74
217
156
190
13
102
111
177
246
153
156
126
159
94
156
123
238
175
124
251
108
120
215
230
181
43
109
156
240
253
71
254
187
252
89
225
100
151
67
140
185
251
157
127
54
109
167
62
236
191
152
239
191
217
255
24
196
126
141
47
232
227
142
4
204
93
58
247
189
254
243
191
252
217
190
218
189
221
140
251
235
155
253
219
106
252
209
206
152
205
236
186
246
89
71
127
223
121
145
213
41
124
255
253
127
124
93
223
62
119
183
239
121
190
238
60
247
243
253
92
84
238
174
159
251
223
206
98
54
73
216
159
173
22
107
51
254
57
188
238
141
82
132
239
235
167
93
177
101
108
149
198
177
77
237
136
148
121
71
62
255
241
17
241
121
21
238
236
245
242
29
127
38
126
23
102
232
156
168
107
151
211
127
29
76
220
174
43
248
89
78
6
245
178
250
253
15
190
157
153
185
255
191
177
251
255
50
182
91
246
214
102
57
216
150
227
252
237
160
244
123
215
249
255
46
221
44
78
254
218
121
169
247
210
222
97
31
210
116
184
53
185
174
24
7
224
159
159
105
16
242
49
60
124
87
34
255
250
219
190
127
231
122
248
215
255
185
229
203
47
249
126
191
254
247
63
255
110
207
247
55
231
139
247
186
255
53
250
166
247
111
242
125
83
39
244
225
219
222
58
95
219
255
219
220
217
153
94
145
120
191
151
77
145
244
57
159
116
116
22
249
88
184
223
141
102
99
179
246
125
188
238
143
93
180
123
235
189
251
251
188
112
213
71
177
163
109
220
212
233
199
222
247
253
89
179
101
191
199
172
121
251
29
119
54
125
247
226
236
189
218
239
191
159
255
88
222
254
141
175
104
183
136
70
198
248
221
187
125
234
125
240
227
155
153
222
223
210
212
219
252
246
155
255
79
94
159
174
223
255
94
118
234
197
199
190
190
106
35
109
93
86
255
207
244
219
245
209
86
107
175
43
183
239
9
119
245
217
255
143
227
209
216
105
111
119
44
147
181
189
246
117
5
52
117
177
252
251
157
238
255
108
59
195
243
255
246
198
41
57
208
239
180
173
45
117
251
61
79
215
63
252
64
245
254
212
249
169
253
127
21
107
54
162
34
120
100
170
187
239
47
250
159
168
68
46
48
132
76
255
159
36
222
145
204
25
47
0
72
185
236
219
175
111
159
32
14
207
178
231
70
133
73
8
128
236
8
109
141
32
9
199
43
123
63
112
164
125
90
22
239
137
190
147
222
41
58
50
146
8
48
137
1
118
37
140
135
165
100
144
224
40
104
213
6
34
181
124
58
178
135
63
87
136
191
95
250
218
53
55
134
123
246
253
214
232
153
217
151
207
141
219
97
248
70
24
223
254
254
109
152
255
37
188
238
168
65
224
85
103
62
175
166
160
253
254
218
253
187
182
253
92
211
198
59
150
112
175
137
72
102
15
62
206
134
63
211
156
62
115
250
155
117
62
54
35
65
137
146
168
184
193
85
239
233
34
85
248
23
62
127
159
71
93
248
189
1
254
212
168
19
101
197
111
61
175
132
244
121
118
250
126
151
167
160
250
158
206
7
158
68
167
137
92
70
36
163
165
204
182
133
132
113
231
0
41
64
209
20
53
65
145
69
98
172
18
127
82
197
248
100
5
60
36
156
20
0
206
92
235
142
136
8
90
1
37
33
37
167
45
236
189
38
20
144
161
122
51
192
18
30
9
3
80
71
97
105
77
98
185
54
119
135
190
245
145
248
255
213
135
127
255
63
243
117
255
246
198
41
120
192
119
244
249
188
252
58
254
219
95
191
253
100
55
222
214
251
137
93
85
85
75
54
160
160
200
53
169
29
237
47
250
158
156
109
52
112
48
76
255
31
38
222
147
213
68
6
37
32
157
186
50
25
189
99
46
105
6
57
37
38
36
181
96
108
161
98
98
63
81
112
252
34
194
33
158
120
24
208
111
8
24
165
87
138
59
187
200
17
246
76
32
183
1
6
200
2
26
13
63
145
52
10
52
87
132
8
187
54
125
135
191
245
29
221
251
255
153
254
253
63
162
119
255
246
68
121
56
208
119
188
148
189
249
123
254
123
247
47
93
228
191
254
218
121
169
119
116
73
111
63
182
4
252
53
152
158
28
47
226
154
158
109
152
178
177
28
255
223
44
250
147
218
25
111
169
56
241
200
123
57
36
203
166
89
70
153
230
198
165
41
64
136
173
124
230
155
113
107
223
1
235
127
181
230
56
84
103
181
33
246
211
206
10
87
216
147
88
149
193
21
86
52
76
134
167
105
145
240
172
12
212
71
7
189
186
133
228
247
167
205
216
37
63
203
121
207
159
105
54
124
189
26
36
183
94
126
242
99
121
151
183
112
62
242
30
8
150
120
73
128
247
73
218
169
101
61
189
105
244
20
253
62
155
138
153
79
242
5
188
125
9
211
114
251
115
127
169
250
99
4
170
11
5
198
132
151
69
206
184
32
40
143
9
7
139
33
97
212
57
135
93
133
80
117
25
164
2
150
40
145
72
44
143
187
219
44
37
8
56
96
48
171
87
249
22
176
25
168
16
8
1
24
64
144
178
32
79
176
14
131
72
34
130
217
60
12
38
159
158
16
255
157
173
203
221
28
126
217
253
243
230
181
85
119
83
196
225
117
253
124
45
254
214
32
158
120
195
164
250
8
202
105
122
159
54
45
181
118
180
108
181
154
136
15
178
5
89
87
63
147
22
53
51
249
108
202
92
50
223
177
122
115
46
254
213
186
218
53
93
164
155
226
155
221
219
104
232
209
206
184
141
125
186
214
88
199
63
206
89
17
215
41
52
252
237
117
124
69
247
62
103
165
231
121
62
238
189
179
227
125
220
92
206
238
159
217
205
31
96
118
3
206
173
108
172
188
245
95
185
49
165
200
207
113
76
141
141
204
43
104
134
110
122
123
103
155
5
178
125
37
41
78
151
242
216
8
98
161
248
35
191
190
58
213
220
210
253
131
216
145
94
48
73
149
183
44
17
198
43
143
80
87
7
251
45
238
239
8
22
123
37
126
121
220
220
253
122
189
204
234
137
76
251
189
49
85
237
177
111
125
25
149
109
95
58
77
220
105
189
251
78
127
29
60
127
181
122
55
31
163
126
224
103
113
111
156
137
254
226
14
238
204
174
200
203
137
78
214
226
206
171
109
237
190
250
221
216
185
165
203
226
145
78
141
138
237
62
223
220
135
127
93
103
203
157
166
215
53
34
150
229
189
106
121
251
191
164
179
219
254
35
158
249
251
154
145
253
219
30
179
93
247
159
162
80
239
177
60
246
85
18
255
88
8
159
61
91
107
250
254
157
184
254
55
113
132
235
226
162
93
219
78
236
159
206
63
45
200
174
132
82
71
63
254
121
45
101
127
23
255
237
87
186
245
215
30
111
175
43
249
175
44
127
181
219
127
157
72
208
172
175
248
109
14
49
244
193
204
25
95
233
152
93
136
155
39
45
206
162
204
110
171
102
166
20
3
14
170
62
12
99
166
231
106
145
3
75
62
235
46
72
85
66
135
162
234
210
222
0
158
146
122
136
21
129
1
86
37
44
139
135
227
145
240
40
60
212
84
2
185
185
222
255
7
191
157
153
185
254
255
55
219
191
58
126
223
246
246
102
57
216
134
243
252
185
168
244
122
222
89
245
62
237
44
108
254
218
63
161
255
219
222
107
158
210
102
152
21
185
141
30
37
120
159
159
97
16
242
49
60
254
23
42
251
3
197
12
70
101
138
223
16
49
5
173
202
170
125
36
5
137
49
54
213
119
46
17
103
112
127
23
52
116
52
200
33
222
126
8
222
194
9
218
57
121
186
184
239
245
121
183
78
33
182
16
76
105
0
218
0
59
211
122
143
48
187
165
202
36
54
167
85
44
229
252
119
209
253
202
69
195
69
19
37
189
233
227
139
245
47
95
223
240
110
54
230
76
215
171
230
79
187
47
52
254
172
106
39
89
100
226
174
239
97
191
123
57
208
200
75
244
28
24
81
23
83
215
135
226
35
201
238
5
197
172
13
197
205
223
52
171
5
189
200
138
109
4
45
129
49
54
183
23
111
243
229
113
103
7
60
53
30
8
32
222
127
40
138
130
9
218
152
51
186
188
171
149
120
189
54
17
146
18
45
49
193
80
134
57
23
112
43
48
249
137
202
223
242
69
235
255
185
135
56
121
57
252
251
174
123
134
73
139
213
189
61
233
117
171
124
110
247
89
55
191
107
7
15
159
227
156
49
127
217
127
181
103
255
235
117
213
29
253
19
54
215
137
164
199
224
218
175
110
156
150
203
210
223
244
94
178
222
255
95
175
221
209
185
255
245
29
207
191
253
127
189
246
246
102
59
94
222
191
252
251
162
118
122
255
211
222
62
239
110
75
92
218
31
250
243
219
95
200
158
216
246
249
181
185
29
156
173
252
143
157
105
49
240
240
63
246
93
14
253
76
40
199
129
18
67
12
246
65
226
155
180
82
166
187
234
137
88
96
173
9
213
102
137
205
85
152
197
0
206
30
75
89
16
245
139
12
236
13
6
36
1
101
40
47
28
100
184
86
104
97
183
131
120
112
30
204
13
0
112
13
9
80
102
184
58
119
199
190
253
221
249
254
125
223
95
255
125
114
116
255
214
70
58
124
252
139
252
186
190
116
250
254
219
255
191
95
236
29
92
222
251
248
95
85
213
207
62
204
164
236
53
139
21
153
175
254
158
158
125
44
116
240
91
215
159
44
190
177
62
117
7
52
237
153
249
251
189
163
183
237
43
251
247
242
230
194
41
217
194
83
252
205
169
253
59
58
122
247
110
93
44
103
190
216
58
169
117
252
92
59
175
162
98
248
125
184
174
24
7
242
31
157
77
28
50
19
188
122
87
32
250
5
215
85
108
52
168
249
90
49
28
44
193
12
121
204
33
162
236
132
40
228
104
0
115
101
170
1
80
124
34
73
69
182
112
120
144
37
154
154
165
231
190
58
199
232
146
248
79
160
181
120
4
232
4
143
12
63
134
54
174
208
70
39
185
92
33
239
253
18
35
125
246
213
174
208
177
95
225
147
74
152
8
227
243
107
253
230
155
206
43
166
209
73
228
60
235
127
58
46
171
63
124
81
253
90
106
183
106
250
53
67
222
123
174
122
211
224
28
60
92
143
179
95
219
63
246
195
227
199
241
203
93
119
19
92
222
19
171
189
184
114
192
167
123
162
213
60
31
10
189
228
43
46
131
163
13
83
45
52
59
242
39
188
251
82
125
87
247
18
234
237
88
154
28
65
158
85
172
86
213
9
186
180
74
209
178
57
94
93
116
179
177
243
223
182
124
100
62
124
211
251
57
253
203
238
241
78
191
231
197
63
255
126
207
211
119
223
79
255
186
255
54
234
100
215
111
96
125
202
46
252
225
255
222
58
255
221
251
255
237
232
129
24
152
224
63
159
77
27
245
113
191
118
116
22
249
187
144
253
215
191
113
93
248
246
127
157
123
255
108
54
85
255
246
102
57
104
246
235
124
172
191
243
123
254
123
247
239
95
236
158
126
206
253
120
119
116
201
111
63
214
4
253
61
145
182
26
7
238
154
158
125
56
176
185
31
253
159
36
254
225
205
171
125
233
158
250
235
153
185
207
207
226
212
78
172
128
41
191
95
126
175
62
223
115
126
159
166
197
183
42
150
239
187
104
89
211
183
254
190
219
254
129
222
249
123
155
147
237
203
94
243
221
255
159
162
81
205
253
47
230
117
147
189
251
25
155
179
195
115
237
206
123
235
250
202
254
172
98
154
255
179
61
95
46
213
239
61
135
223
251
170
194
70
246
187
91
39
81
121
83
109
236
72
112
85
124
61
223
29
119
180
223
136
26
149
242
31
252
105
209
252
33
189
21
149
16
250
35
222
49
43
217
232
167
72
207
24
170
111
225
92
237
181
247
181
139
16
228
34
153
84
69
204
73
5
151
66
75
223
173
229
91
20
116
146
237
36
239
93
18
182
84
211
188
69
168
21
201
40
178
135
139
97
38
192
134
164
210
79
54
88
248
27
179
241
234
255
170
209
206
251
194
14
243
212
123
181
254
129
127
206
94
151
31
220
215
92
255
172
198
150
178
178
74
15
75
125
216
47
236
64
168
84
16
158
77
239
186
181
156
137
148
57
243
255
141
243
81
120
81
181
70
19
88
50
201
9
135
213
206
67
212
246
114
253
30
5
90
244
35
169
111
84
56
38
78
157
238
163
46
199
146
34
144
67
22
63
117
39
49
121
82
101
126
64
113
97
204
126
13
140
253
176
85
136
94
213
147
58
148
75
209
108
40
31
69
45
129
250
251
101
109
35
199
233
119
56
217
13
254
127
254
239
68
96
227
35
119
244
121
198
163
244
250
110
77
180
234
214
234
169
216
109
1
244
255
1
93
252
95
213
159
171
204
115
190
244
47
6
139
142
201
158
72
165
110
181
63
248
42
146
236
200
182
255
179
5
192
206
128
195
218
25
150
95
194
21
90
184
252
131
174
133
85
5
55
197
255
82
124
109
134
190
202
48
132
41
105
180
252
2
207
108
193
28
0
130
137
114
184
228
225
36
201
219
176
67
24
99
70
89
22
33
114
85
90
203
195
206
167
109
252
186
154
221
185
185
165
203
202
145
78
169
128
237
62
253
204
135
126
125
103
203
157
182
255
37
43
22
245
253
250
89
250
191
172
167
219
254
107
159
249
250
152
145
236
211
94
179
221
231
159
174
80
207
176
12
244
85
22
253
146
233
155
1
192
74
208
226
91
25
150
223
246
52
206
248
239
131
190
133
69
5
35
197
239
86
88
69
175
206
154
32
148
97
73
212
126
87
207
180
211
157
8
22
153
22
188
228
241
36
139
214
184
3
10
107
86
88
38
44
80
89
82
203
20
161
247
140
18
199
132
119
71
192
157
148
81
148
183
72
251
85
90
44
19
21
194
195
170
84
28
76
36
142
30
8
92
85
59
154
8
110
79
20
17
129
149
38
47
172
101
174
22
48
231
154
35
120
18
30
72
14
8
73
65
13
70
226
97
43
198
242
221
186
39
126
108
84
254
51
168
255
203
193
139
85
57
102
111
45
131
119
78
255
25
37
246
8
32
9
158
39
85
187
66
112
253
20
53
116
152
55
77
139
253
194
28
165
93
4
209
63
143
139
96
236
35
191
72
7
52
216
175
252
79
231
191
105
209
220
122
125
190
255
190
255
230
249
235
244
37
59
239
216
175
56
39
191
83
51
255
75
95
127
177
230
188
218
118
247
251
183
215
255
206
126
216
23
124
177
193
53
86
180
204
151
167
45
184
176
172
46
221
29
166
157
233
205
187
61
81
111
123
254
217
239
239
141
114
200
238
239
163
125
191
71
190
175
254
31
125
235
175
174
83
7
122
111
235
39
125
251
131
239
229
254
251
254
124
175
250
123
47
178
141
160
122
53
201
127
149
64
209
184
105
190
221
198
19
177
79
131
138
123
183
241
222
60
25
155
222
237
176
86
41
99
9
25
184
159
77
63
195
83
33
87
147
36
84
98
54
0
206
58
249
161
127
89
206
33
120
61
183
109
151
133
63
118
62
154
25
69
179
229
250
162
87
195
62
215
33
59
245
82
58
58
229
134
62
157
25
58
207
126
19
23
253
142
186
70
242
246
66
32
248
22
210
197
155
160
188
25
18
216
93
233
69
44
71
190
222
122
129
93
208
85
69
14
192
36
160
109
147
172
152
15
178
29
157
81
32
114
51
188
235
157
40
250
5
190
113
5
216
232
163
88
202
29
138
119
225
69
201
177
227
101
135
0
196
8
8
72
199
204
40
7
150
14
75
95
37
229
93
154
48
178
237
134
199
84
10
130
76
2
188
81
128
53
72
32
178
183
13
99
4
24
134
36
192
71
54
52
134
242
69
239
189
240
76
216
60
59
184
251
175
211
196
121
131
212
37
57
202
204
168
120
110
143
35
51
255
43
35
94
179
230
188
218
98
253
123
183
103
234
42
125
222
150
252
177
64
181
84
164
200
146
174
44
144
240
176
30
92
84
38
189
24
251
223
253
50
121
252
255
121
240
255
157
95
181
235
234
171
220
169
106
14
220
196
185
47
157
179
185
127
71
62
191
112
68
61
218
86
255
249
87
55
253
249
54
110
135
108
176
207
185
119
181
218
159
167
76
128
228
41
207
93
14
3
182
88
8
155
37
96
123
250
255
217
186
255
149
82
148
203
170
175
221
187
77
12
133
230
153
239
205
173
164
68
71
62
190
112
5
125
121
87
255
236
212
185
212
241
62
111
143
58
180
143
137
127
183
217
255
149
72
212
232
41
232
69
14
0
182
179
21
255
246
191
52
221
154
246
95
149
98
239
249
18
29
255
230
102
59
114
254
242
126
230
183
243
122
254
49
230
169
95
126
158
252
250
61
114
121
92
234
187
253
250
97
213
95
123
191
24
195
104
154
222
93
57
178
117
31
246
181
205
250
194
201
162
213
233
138
222
107
90
121
150
79
226
213
68
136
134
1
190
151
198
45
163
75
127
82
146
6
135
173
0
79
143
179
88
57
54
167
222
168
195
62
129
194
185
26
137
203
65
194
201
243
145
115
153
34
71
91
246
35
2
117
147
77
2
34
131
7
61
192
156
143
229
171
139
101
235
133
19
35
137
33
98
153
129
7
95
205
102
197
156
39
6
191
11
70
13
189
175
27
250
172
40
7
41
64
34
169
143
232
188
185
112
218
200
3
133
178
116
50
150
35
150
20
164
1
80
66
251
222
181
109
254
191
159
121
219
63
249
203
207
16
86
61
246
215
190
45
216
87
154
253
239
199
125
254
159
119
255
46
199
217
216
13
236
189
172
227
239
222
107
189
251
238
188
21
246
211
28
182
231
231
223
251
71
223
150
6
246
221
92
61
58
56
187
134
62
205
25
63
214
110
87
23
189
138
59
86
254
214
98
32
216
150
194
197
154
176
252
73
82
219
94
105
69
44
149
190
222
126
137
93
240
213
71
15
196
36
160
109
179
172
153
133
162
25
156
81
0
50
59
248
123
141
40
246
187
221
175
95
175
221
217
169
159
253
125
207
191
248
95
188
244
150
98
178
222
174
210
125
251
174
247
122
215
243
222
62
231
124
73
92
222
111
250
251
251
95
233
255
220
182
185
55
251
138
25
173
188
143
157
97
49
242
120
121
246
77
138
253
68
200
135
153
72
107
224
246
29
164
78
159
67
245
223
170
203
92
241
98
196
141
206
179
75
221
28
34
241
3
19
79
213
35
113
122
18
242
237
54
49
53
104
38
93
150
125
225
153
44
235
148
209
95
132
8
16
232
41
185
88
71
39
254
61
57
239
253
182
225
249
252
221
159
222
63
241
204
251
227
179
124
211
86
125
185
70
148
173
40
230
161
216
86
126
185
110
42
255
255
191
127
217
117
250
125
215
46
110
247
171
118
190
62
234
231
218
191
92
80
246
162
127
251
47
142
231
240
153
178
85
7
54
81
153
220
251
189
133
255
253
59
162
211
191
182
6
57
9
160
103
188
197
189
241
59
111
111
247
63
221
44
55
254
90
121
168
125
81
92
59
63
178
100
248
125
185
175
126
7
240
30
188
77
148
243
55
28
125
87
32
250
195
200
139
61
201
194
159
204
157
175
41
200
3
137
85
171
129
109
182
3
236
3
238
13
77
227
143
38
17
161
33
95
225
153
202
33
176
164
160
171
234
110
33
168
178
122
145
91
123
202
58
35
213
125
125
178
249
171
179
184
164
214
90
173
219
29
158
49
207
107
253
218
120
167
239
66
254
233
98
155
237
191
61
247
110
213
111
123
167
255
251
254
250
71
246
243
251
39
208
125
91
109
252
202
120
93
124
43
217
91
215
237
221
138
26
149
248
63
221
69
57
180
177
189
149
151
144
250
35
4
162
39
149
196
141
13
205
235
155
38
160
142
3
39
139
53
34
209
185
7
211
77
84
245
152
37
18
62
42
6
77
173
47
155
128
45
104
15
41
96
37
169
47
105
60
177
112
210
48
185
135
144
116
34
128
35
244
240
175
133
24
2
18
137
152
222
235
139
210
7
31
0
23
5
176
86
41
240
100
147
16
150
198
47
195
67
123
194
224
77
2
169
157
98
135
39
65
146
82
74
202
124
177
93
133
74
149
30
181
111
149
172
25
5
180
1
153
195
17
115
58
189
88
45
50
248
149
38
85
101
248
184
163
248
120
29
226
115
206
113
192
0
226
205
143
104
225
12
136
248
238
152
9
183
238
13
33
95
53
225
92
154
116
178
45
150
197
84
10
150
232
131
216
193
136
117
77
48
121
182
143
105
100
92
150
140
192
7
36
189
25
24
239
37
39
177
189
252
189
159
222
21
253
188
105
198
175
220
195
105
104
210
230
53
45
172
172
144
126
69
60
184
120
108
188
252
118
127
128
81
216
197
95
62
110
167
74
212
175
9
126
181
106
159
191
108
144
226
47
220
109
14
0
178
57
26
255
37
183
177
189
252
253
159
250
17
253
184
249
198
175
220
227
105
120
210
230
53
109
169
173
176
126
68
60
184
120
108
60
252
118
127
128
117
253
71
127
62
110
167
74
212
171
153
127
181
122
158
159
108
136
226
47
220
111
14
0
178
24
10
47
165
34
249
185
253
221
155
214
5
241
180
121
226
191
220
199
105
8
146
230
181
45
156
172
144
92
198
60
184
120
36
127
248
86
127
128
209
217
213
87
62
234
167
72
116
173
9
254
37
250
159
143
92
148
226
43
252
69
14
0
178
152
202
27
45
40
121
185
252
153
186
255
141
81
20
91
170
175
220
135
105
136
128
236
152
109
157
189
226
85
3
59
254
241
48
121
120
86
247
168
98
187
220
121
62
118
167
40
121
139
137
119
165
216
31
135
72
144
224
41
236
85
6
2
183
51
229
104
11
55
148
31
49
211
223
185
186
232
15
4
78
129
33
34
157
57
86
211
196
117
117
221
53
11
60
200
0
204
108
172
182
254
57
3
61
106
202
59
169
151
112
20
92
50
190
9
11
9
129
121
54
110
163
94
80
59
241
238
3
8
24
175
5
38
249
185
254
221
159
214
5
211
148
123
235
174
220
211
109
120
150
230
181
47
168
188
128
92
71
62
184
120
40
125
252
86
127
136
113
216
213
87
30
106
231
40
244
173
9
126
181
202
159
159
76
148
226
47
252
101
14
2
179
168
206
45
237
44
125
249
241
189
253
229
203
65
25
92
173
188
252
231
107
182
40
188
248
125
191
23
242
221
151
63
255
225
240
122
72
194
243
184
163
251
190
115
151
250
179
90
57
137
145
246
43
72
151
135
20
177
192
105
238
215
79
15
183
135
253
77
110
55
56
85
26
241
20
252
251
46
91
196
201
130
116
37
121
102
238
160
118
103
191
17
17
255
42
32
57
154
110
148
218
99
88
145
181
247
254
58
95
216
19
212
204
64
183
19
4
72
23
207
12
56
160
61
62
28
214
166
153
192
200
142
137
200
75
0
246
29
189
14
207
18
181
94
170
203
80
181
33
204
133
238
41
75
87
24
34
185
71
27
95
209
131
113
112
54
231
237
162
210
53
106
54
29
22
108
225
153
72
127
180
213
31
136
10
90
232
163
121
216
85
2
254
25
90
93
45
174
249
61
252
185
187
255
153
93
53
111
226
175
220
3
104
168
208
238
56
45
141
160
186
125
69
61
126
113
228
121
88
70
243
160
147
187
215
121
62
102
135
76
48
139
17
119
164
72
159
167
44
144
224
41
236
69
14
34
180
124
43
187
209
34
215
200
39
199
194
83
20
81
208
59
198
252
154
67
222
23
57
86
151
153
9
246
204
64
212
188
168
79
58
67
174
223
106
202
72
184
21
181
46
71
165
131
110
191
168
137
79
178
29
24
81
7
99
91
241
107
43
232
226
138
219
203
253
183
120
248
250
156
25
252
219
203
209
86
169
137
220
39
107
14
142
172
59
111
159
19
51
223
35
50
156
242
230
188
218
102
117
249
183
243
238
187
95
218
151
125
176
74
145
87
180
200
150
167
44
145
192
41
223
84
95
7
189
152
24
223
133
182
241
189
252
221
159
222
31
223
180
123
234
159
220
226
41
72
212
198
177
139
36
188
176
248
194
62
184
124
80
211
224
94
111
136
97
116
93
119
62
238
166
204
244
186
136
191
183
210
157
156
92
142
34
63
248
109
28
68
242
92
25
155
221
34
83
218
247
151
130
87
148
81
196
187
202
188
221
90
79
30
189
198
147
169
2
166
76
65
204
188
184
110
20
53
239
210
127
194
81
144
105
213
46
179
172
129
46
159
170
62
215
50
93
148
90
209
251
57
219
121
44
131
243
58
39
230
146
2
71
129
39
199
196
82
53
125
106
59
84
252
58
99
182
117
127
83
199
216
42
212
220
40
212
212
128
15
42
67
180
253
72
219
76
108
21
181
138
197
117
179
110
187
172
137
75
242
29
88
81
47
115
87
177
43
251
232
74
19
159
138
95
175
144
88
3
43
19
21
14
158
246
38
25
108
146
32
186
206
124
195
115
226
18
242
120
182
35
158
32
151
252
17
0
75
77
250
67
32
153
73
93
148
132
245
63
209
203
28
7
182
1
154
105
19
115
58
23
80
121
130
250
47
237
108
234
55
221
221
5
125
214
189
248
125
58
252
207
139
48
98
185
183
114
83
119
117
55
129
51
127
253
93
225
159
204
135
202
234
89
251
63
182
255
109
109
182
215
247
107
183
255
174
79
154
5
251
60
58
231
254
255
251
251
238
203
17
223
212
84
21
42
37
90
35
68
164
193
46
121
132
29
246
238
165
37
118
108
80
227
194
58
97
88
56
0
200
33
158
99
112
148
1
8
19
237
231
150
58
199
104
81
119
206
128
176
233
88
96
14
139
13
43
150
86
167
16
103
133
75
243
52
113
54
26
6
15
5
194
111
9
52
117
174
182
86
247
162
7
209
171
130
57
12
212
140
238
203
194
184
249
100
65
172
14
191
139
52
1
222
8
194
20
169
194
88
164
29
145
36
80
0
96
26
52
97
152
178
49
184
28
22
50
160
124
61
187
157
98
87
152
231
195
194
85
148
83
134
187
90
252
139
82
70
18
21
86
131
219
0
236
204
65
184
188
168
236
28
5
174
154
110
128
80
144
25
21
142
241
60
129
110
159
174
139
143
112
93
84
81
80
243
59
249
121
18
106
251
124
41
171
144
34
87
208
39
71
192
87
52
81
210
59
198
152
27
96
214
23
53
87
131
153
17
148
204
64
220
150
168
78
60
67
170
223
90
201
92
176
21
181
46
197
164
163
110
159
174
137
79
178
29
88
81
4
99
91
241
107
59
104
202
21
243
84
94
49
42
96
118
99
4
101
241
46
123
132
26
246
194
132
109
39
104
225
227
200
43
225
93
63
44
200
33
158
70
112
150
5
24
19
253
199
154
187
199
184
17
83
78
128
182
233
90
96
8
187
77
43
183
18
195
24
119
167
75
217
57
223
150
17
75
121
126
83
132
213
180
118
171
134
250
255
214
112
109
33
209
229
163
169
105
248
92
113
46
222
41
216
21
49
254
6
75
200
221
144
153
189
35
187
60
100
108
151
162
235
151
248
63
48
79
248
191
57
248
57
20
6
203
255
52
113
54
94
38
63
13
198
111
217
176
117
142
180
87
247
162
7
209
169
131
121
12
212
136
238
207
67
185
225
230
97
172
14
191
171
52
33
222
74
202
20
136
210
89
134
93
153
164
80
1
96
28
52
97
152
178
49
184
60
86
50
161
94
49
80
190
87
99
94
124
198
0
221
52
61
198
164
115
251
215
2
86
11
187
129
38
140
222
242
29
82
42
254
40
210
37
21
158
2
112
203
85
48
201
149
107
229
29
229
46
149
166
17
5
34
24
148
73
24
178
57
187
25
70
164
226
84
27
146
157
34
67
30
230
135
130
57
152
87
132
179
250
255
147
122
79
10
151
230
131
201
65
236
76
1
140
156
40
245
53
37
159
0
108
134
198
50
74
53
46
191
60
1
172
157
168
118
149
50
88
180
75
192
251
49
88
125
68
2
243
86
241
88
30
223
192
94
8
194
34
185
188
180
70
165
123
255
151
50
214
143
186
131
14
164
215
243
109
83
43
247
40
210
174
13
223
10
117
235
119
50
202
229
105
151
92
189
62
213
166
18
71
40
16
116
99
152
179
56
59
61
101
178
162
127
113
24
62
215
67
95
44
198
34
221
188
49
206
175
114
251
151
16
86
15
187
129
6
196
223
243
45
211
42
246
40
202
45
21
223
2
112
195
87
48
201
181
107
213
29
165
46
149
166
82
5
42
26
20
65
144
178
57
187
60
70
162
226
59
222
110
239
63
125
217
251
252
220
255
221
127
124
121
252
191
244
230
187
244
122
245
127
61
191
231
146
127
247
247
255
231
252
125
124
254
122
248
189
251
93
255
254
244
183
247
111
171
255
223
143
250
21
156
93
55
243
254
239
243
223
170
254
222
113
91
255
255
3
223
200
198
171
249
186
245
206
163
90
243
215
58
86
11
187
135
30
142
207
251
109
211
41
244
62
114
47
28
223
82
117
119
87
50
74
245
126
255
156
137
30
205
175
86
69
42
186
148
227
208
254
57
31
125
70
179
176
250
251
255
255
62
127
221
255
223
255
127
251
127
254
254
254
251
215
127
107
247
253
229
63
255
255
247
187
95
251
246
255
211
111
124
255
222
127
251
245
123
223
251
127
223
150
253
127
143
173
95
197
248
31
159
77
208
246
115
255
95
95
32
190
122
49
241
254
119
35
95
126
198
32
217
50
125
204
166
87
255
215
18
86
10
187
195
38
140
222
242
93
210
44
246
41
82
37
53
191
66
120
83
85
48
201
181
107
229
29
229
14
156
166
80
5
98
58
148
65
72
178
49
155
61
70
164
242
250
52
121
39
255
166
63
13
214
107
249
57
229
6
162
87
246
247
23
209
233
163
63
28
212
200
238
207
211
57
225
238
97
173
30
191
251
53
33
247
74
74
82
136
211
85
138
93
153
174
24
1
100
60
156
97
144
178
179
156
254
86
50
181
123
49
209
126
119
99
95
124
198
34
217
186
53
206
167
91
255
215
50
86
15
187
195
6
140
223
242
45
211
40
246
41
218
45
53
191
66
116
195
87
48
74
181
107
247
29
173
62
156
166
80
5
98
58
148
65
208
178
57
155
61
70
179
242
127
113
219
127
247
131
95
140
198
162
153
186
181
206
167
91
251
151
50
86
11
187
199
14
134
223
243
109
211
41
246
56
82
47
61
223
66
117
115
87
50
202
245
107
255
28
141
30
157
174
82
71
42
58
148
99
208
179
121
27
61
102
179
178
251
116
121
62
223
166
59
9
214
107
241
185
237
10
164
87
246
231
23
209
233
163
59
28
212
138
238
239
83
57
225
238
65
172
30
191
235
53
33
247
74
202
84
137
211
81
162
93
153
166
24
1
228
28
60
97
152
178
179
184
190
86
50
165
190
251
255
255
62
127
253
255
255
255
253
251
127
254
254
254
251
214
127
123
247
255
229
127
255
223
247
187
127
251
246
255
247
110
124
255
222
125
251
245
122
223
251
127
223
151
213
111
159
173
30
197
248
29
159
77
208
246
123
223
95
127
161
254
127
180
251
191
223
167
91
124
214
239
213
188
253
202
183
95
250
247
83
87
249
55
215
45
148
234
234
63
83
249
245
239
207
45
151
191
218
121
229
127
88
203
119
170
211
121
129
63
157
174
26
13
242
189
220
81
120
182
251
185
187
215
58
255
255
253
254
254
119
127
89
187
247
253
245
251
63
251
246
255
242
247
127
255
119
255
241
55
191
235
243
255
255
123
246
253
250
111
182
255
255
125
249
253
223
223
255
127
219
23
243
110
205
183
94
141
248
63
159
77
120
246
119
159
255
222
174
251
127
180
253
190
255
167
91
124
246
111
213
184
253
235
182
95
250
247
83
119
249
119
211
127
188
234
238
63
123
121
245
235
215
109
150
191
218
121
113
127
94
203
127
171
209
25
229
111
157
174
24
13
240
184
156
85
120
182
123
155
187
215
62
251
254
249
250
247
55
127
221
175
223
255
255
255
191
254
250
254
249
215
127
251
231
191
231
127
255
223
247
127
83
255
246
251
215
46
85
255
94
125
249
116
120
93
241
127
215
21
245
111
159
172
26
5
248
29
156
89
16
242
115
191
93
87
32
250
250
182
115
39
255
182
191
153
214
251
248
123
237
74
131
85
246
215
31
210
249
163
159
92
212
200
238
239
210
125
225
254
101
173
158
191
255
53
33
247
90
78
82
142
211
81
138
93
184
174
24
1
224
188
156
97
148
242
183
156
254
86
58
181
254
249
254
255
63
127
221
255
255
255
253
249
127
254
252
254
251
214
127
123
247
127
229
63
239
223
247
127
127
255
246
255
247
110
60
255
246
125
251
245
122
223
251
127
223
151
213
111
223
173
30
197
248
29
159
93
144
246
123
223
91
127
163
255
236
234
247
101
248
251
227
249
217
185
206
255
227
119
219
232
235
205
255
43
253
45
142
253
111
222
31
167
254
79
59
222
255
195
125
251
116
255
253
54
249
116
234
118
109
175
127
179
237
125
109
245
221
247
143
110
70
220
230
239
206
79
181
254
254
249
250
253
63
127
221
239
159
251
255
251
127
254
255
254
249
215
127
251
231
191
229
127
175
223
247
127
87
255
246
250
247
46
87
255
214
125
251
245
122
95
241
127
223
23
245
111
157
173
30
133
248
29
157
89
16
242
115
191
89
127
160
250
175
237
254
253
59
119
249
207
189
255
237
253
63
238
191
255
187
252
99
107
247
63
247
63
119
255
179
187
91
255
119
239
199
38
119
186
211
124
249
124
122
125
252
239
255
85
247
111
153
172
26
13
240
29
156
73
16
242
115
191
91
119
171
250
