posters/Movie Poster 99.jpg
512
758
199
-13.4847
-1
0
315
410
0.00639843
31
17.0029
-1
0
309
400
0.0118718
31
-77.4229
-1
0
344
426
0.00587347
31
1.34472
-1
0
314
404
0.00739034
31
10.7938
-1
0
306
400
0.0102839
31
14.5345
-1
0
311
401
0.0183853
31
26.2383
-1
0
310
395
0.0131289
31
14.144
-1
0
303
395
0.0081046
31
-6.44785
-1
0
306
407
0.0113234
31
103.496
-1
0
267
232
0.00589095
31
23.7671
-1
0
325
394
0.00771103
31
-68.459
-1
0
339
415
0.00691254
31
-10.3758
-1
0
318
409
0.00535699
31
-81.8091
-1
0
340
423
0.0060241
31
-4.89909
-1
0
316
405
0.00702103
31
-12.0484
-1
0
309
409
0.00759052
31
-38.741
-1
0
342
455
0.0085396
31
26.4542
-1
0
313
399
0.0143517
31
-0.364936
-1
0
302
403
0.00723429
31
8.53077
-1
0
320
498
0.00244274
31
-20.6158
-1
0
325
418
0.00377908
31
-7.5582
-1
0
303
409
0.00308379
31
-70.0873
-1
0
336
435
0.00248815
31
-23.4841
-1
0
411
256
0.00338726
31
-65.7619
-1
0
332
440
0.00367339
31
-160.401
-1
0
267
273
0.00357411
31
-85.3567
-1
0
238
614
0.00296577
31
-156.286
-1
0
264
276
0.00383459
31
-40.8439
-1
0
340
456
0.00500621
31
-16.2602
-1
0
326
413
0.0041295
31
30.5314
-1
0
303
211
0.00289513
31
-135.553
-1
0
263
286
0.0047029
31
-128.501
-1
0
272
144
0.00363734
31
-9.83089
-1
0
307
413
0.00418056
31
25.6259
-1
0
316
397
0.00492241
31
-41.0091
-1
0
344
457
0.00397562
31
0.695866
-1
0
321
403
0.00345412
31
-7.43141
-1
0
322
406
0.00349514
31
-59.3606
-1
0
302
291
0.00255901
31
5.47737
-1
0
385
389
0.00257773
31
22.6024
-1
0
323
394
0.00475242
31
23.4121
-1
0
327
393
0.00393614
31
-61.5919
-1
0
304
290
0.00376038
31
-14.1014
-1
0
318
414
0.00237754
31
-135.311
-1
0
266
145
0.00182258
31
-7.23348
-1
0
305
416
0.00226189
31
-130.489
-1
0
266
120
0.00171646
31
-93.5853
-1
0
356
632
0.00169728
31
-99.2959
-1
0
214
613
0.00218896
31
5.17105
-1
0
385
387
0.00192902
31
-159.611
-1
0
331
155
0.00191011
31
-128.494
-1
0
296
165
0.0024302
31
-83.8558
-1
0
273
163
0.00220535
31
-133.958
-1
0
290
325
0.00172844
31
-84.8896
-1
0
232
617
0.00201382
31
-108.217
-1
0
283
144
0.00183323
31
-74.6591
-1
0
315
442
0.00219525
31
-14.0967
-1
0
321
414
0.00208275
31
-75.7586
-1
0
318
446
0.00205067
31
-66.0856
-1
0
332
423
0.00198661
31
0.430787
-1
0
318
500
0.00239091
31
132.039
-1
0
213
199
0.00170973
31
-110.521
-1
0
222
647
0.00175435
31
-91.2103
-1
0
228
611
0.00189201
31
15.0512
-1
0
324
399
0.00214155
31
-92.9997
-1
0
340
634
0.00205309
31
-89.4327
-1
0
351
633
0.00179052
31
-96.0672
-1
0
299
637
0.00167155
31
-106.635
-1
0
225
647
0.00148048
31
-94.5968
-1
0
325
638
0.00155036
31
-91.9462
-1
0
187
646
0.00153542
31
-96.3842
-1
0
223
611
0.00149183
31
-91.5163
-1
0
280
643
0.00152762
31
-37.4457
-1
0
323
424
0.00152086
31
-96.1028
-1
0
229
647
0.00144932
31
147.588
-1
0
333
159
0.00147749
31
-108.083
-1
0
281
144
0.00147915
31
-99.0494
-1
1
222
615.6
0.00120491
37.2
-88.7444
-1
1
231.6
616.8
0.00126235
37.2
-65.5923
-1
1
333.6
433.2
0.00123487
37.2
-85.6607
-1
1
237.6
614.4
0.00139004
37.2
-58.8775
-1
1
332.4
423.6
0.00124494
37.2
-102.446
-1
1
213.6
613.2
0.0012938
37.2
-62.8133
-1
1
315.6
441.6
0.00148073
37.2
-0.916654
-1
1
321.6
404.4
0.00193952
37.2
-93.0901
-1
1
228
610.8
0.00130757
37.2
-123.301
-1
1
296.4
165.6
0.00399829
37.2
-157.595
-1
1
266.4
273.6
0.00312489
37.2
-5.77949
-1
1
322.8
406.8
0.00154832
37.2
-90.1311
-1
1
340.8
633.6
0.00131864
37.2
-37.8937
-1
1
342
453.6
0.00377787
37.2
-95.1155
-1
1
309.6
636
0.00135193
37.2
-153.476
-1
1
264
276
0.00312138
37.2
-90.6063
-1
1
356.4
633.6
0.00161533
37.2
-142.848
-1
1
295.2
153.6
0.00227022
37.2
-102.866
-1
1
219.6
616.8
0.00151299
37.2
-37.5963
-1
1
343.2
457.2
0.00342215
37.2
-134.527
-1
1
262.8
285.6
0.00513715
37.2
-57.1525
-1
1
332.4
440.4
0.00248805
37.2
-55.546
-1
1
336
435.6
0.00161008
37.2
7.58114
-1
1
312
402
0.0125459
37.2
-63.5407
-1
1
344.4
426
0.00307488
37.2
-61.7701
-1
1
302.4
291.6
0.00163474
37.2
-10.9467
-1
1
315.6
409.2
0.00566235
37.2
-5.37887
-1
1
303.6
409.2
0.00505634
37.2
-3.45662
-1
1
306
406.8
0.00675279
37.2
-1.42616
-1
1
315.6
404.4
0.00304335
37.2
28.7562
-1
1
302.4
211.2
0.00242061
37.2
1.69576
-1
1
302.4
403.2
0.00550724
37.2
14.7855
-1
1
312
399.6
0.0168038
37.2
13.9378
-1
1
309.6
399.6
0.011276
37.2
8.64432
-1
1
306
399.6
0.00648817
37.2
19.4983
-1
1
315.6
397.2
0.00359437
37.2
17.7687
-1
1
310.8
396
0.0138933
37.2
9.56439
-1
1
303.6
396
0.00328139
37.2
16.8647
-1
1
322.8
394.8
0.00221039
37.2
18.2813
-1
1
327.6
393.6
0.00159103
37.2
2.93567
-1
1
385.2
390
0.00141081
37.2
-7.28895
-1
1
313.2
408
0.00549974
37.2
-128.814
-1
1
272.4
142.8
0.00305946
37.2
101.437
-1
1
266.4
232.8
0.00588905
37.2
-109.069
-1
1
290.4
325.2
0.00129346
37.2
-13.6005
-1
1
318
414
0.00124071
37.2
-40.6013
-1
1
337.2
415.2
0.00209075
37.2
-63.5491
-1
1
345.6
422.4
0.00227963
37.2
-129.752
-1
1
266.4
145.2
0.00195693
37.2
-85.7895
-1
1
276
163.2
0.00205844
37.2
-89.32
-1
1
273.6
163.2
0.00206534
37.2
-100.244
-1
1
271.2
159.6
0.00182036
37.2
-124.875
-1
1
187.2
613.2
0.00120369
37.2
-60.6361
-1
2
302.4
290.88
0.00151424
44.64
-95.4691
-1
2
227.52
610.56
0.00166971
44.64
29.9457
-1
2
302.4
210.24
0.0021505
44.64
-32.9052
-1
2
338.4
453.6
0.00202657
44.64
1.78372
-1
2
315.36
404.64
0.00298094
44.64
-86.1647
-1
2
234.72
614.88
0.00165437
44.64
6.24837
-1
2
303.84
394.56
0.00226443
44.64
-125.825
-1
2
266.4
145.44
0.00156941
44.64
9.42878
-1
2
309.6
396
0.00989058
44.64
-50.9374
-1
2
332.64
439.2
0.00176288
44.64
12.04
-1
2
315.36
396
0.00465109
44.64
5.98945
-1
2
306.72
398.88
0.00912636
44.64
1.96815
-1
2
302.4
400.32
0.00553652
44.64
7.26324
-1
2
312.48
400.32
0.00781687
44.64
98.5403
-1
2
266.4
233.28
0.00572838
44.64
-1.39233
-1
2
303.84
406.08
0.00400794
44.64
-157.65
-1
2
266.4
270.72
0.00218076
44.64
-147.952
-1
2
264.96
276.48
0.00238461
44.64
-3.78889
-1
2
303.84
408.96
0.00262723
44.64
-32.9555
-1
2
342.72
456.48
0.00238997
44.64
-127.278
-1
2
295.2
152.64
0.00206642
44.64
-50.5683
-1
2
344.16
424.8
0.0020876
44.64
-133.193
-1
2
262.08
285.12
0.00488334
44.64
-63.3921
-1
2
306.72
288
0.00247477
44.64
-32.6394
-1
2
342.72
452.16
0.00225217
44.64
-96.9952
-1
2
273.6
162.72
0.00204423
44.64
-123.917
-1
2
298.08
164.16
0.00342129
44.64
-102.734
-1
2
213.12
612
0.000918838
44.64
-102.745
-1
2
315.36
154.08
0.000988768
44.64
-111.695
-1
2
273.6
152.64
0.00138735
44.64
-22.2313
-1
2
326.88
416.16
0.000989875
44.64
-33.4004
-1
2
338.4
450.72
0.00127766
44.64
-87.1376
-1
2
237.6
613.44
0.000926745
44.64
-53.1301
-1
2
335.52
434.88
0.00116436
44.64
12.6193
-1
2
322.56
394.56
0.00123695
44.64
11.9207
-1
2
326.88
393.12
0.0011664
44.64
-90.1565
-1
2
231.84
614.88
0.00139
44.64
-151.098
-1
2
220.32
188.64
0.000910224
44.64
3.49604
-1
3
311.04
395.712
0.00298802
53.568
-0.971022
-1
3
302.4
397.44
0.00187646
53.568
-51.0904
-1
3
302.4
281.664
0.00165543
53.568
2.03332
-1
3
312.768
400.896
0.00293804
53.568
-0.574855
-1
3
302.4
402.624
0.00351596
53.568
-4.71669
-1
3
302.4
409.536
0.00151202
53.568
-60.1011
-1
3
302.4
290.304
0.00165923
53.568
-130.851
-1
3
260.928
285.12
0.00516911
53.568
-142.679
-1
3
264.384
276.48
0.00164131
53.568
-152.224
-1
3
266.112
271.296
0.00131257
53.568
28.1723
-1
3
302.4
210.816
0.00211395
53.568
-44.2996
-1
3
331.776
438.912
0.00103639
53.568
-65.1761
-1
3
307.584
288.576
0.00112603
53.568
7.43141
-1
3
323.136
393.984
0.000708906
53.568
-42.075
-1
3
333.504
426.816
0.000828709
53.568
-145.257
-1
3
219.456
188.352
0.000776551
53.568
-42.314
-1
3
321.408
435.456
0.000717331
53.568
-46.0369
-1
3
335.232
435.456
0.000854074
53.568
7.12502
-1
3
326.592
393.984
0.000658862
53.568
-1.47352
-1
4
302.746
398.131
0.00167039
64.2816
-61.4254
-1
4
302.746
290.304
0.00151155
64.2816
-64.697
-1
4
308.966
288.23
0.0011465
64.2816
-128.931
-1
4
261.274
284.083
0.00470555
64.2816
-54.9591
-1
4
304.819
282.01
0.00287904
64.2816
25.6181
-1
4
302.746
211.507
0.00214824
64.2816
95.1652
-1
4
265.421
234.317
0.00478856
64.2816
-149.815
-1
4
265.421
269.568
0.000624657
64.2816
-2.33365
-1
4
304.819
410.573
0.000613158
64.2816
-139.06
-1
4
263.347
275.789
0.000825078
64.2816
-135
-1
5
263.762
276.204
0.000518519
77.1379
-127.416
-1
5
261.274
283.669
0.00440428
77.1379
199
64
191
54
253
244
62
117
121
123
245
253
213
247
255
121
148
86
250
252
199
107
245
108
241
255
253
186
246
219
126
247
247
239
215
100
53
190
255
120
249
125
92
221
251
175
224
1
247
111
153
164
25
15
240
28
158
77
52
242
115
221
219
151
40
254
63
245
250
60
23
37
121
91
245
234
193
183
127
202
164
95
250
252
35
83
247
62
81
127
212
154
242
155
83
124
252
225
207
44
151
190
242
124
241
117
122
206
62
235
210
85
227
111
153
174
24
5
224
29
156
73
24
178
119
191
58
87
170
243
12
42
99
161
220
248
163
252
216
188
202
55
225
22
219
225
226
205
203
64
225
1
142
220
77
200
44
135
214
79
59
223
117
165
93
187
117
178
173
22
217
84
82
30
68
131
138
113
184
45
28
1
240
29
141
65
4
224
135
188
200
7
32
244
63
53
253
244
63
101
121
123
245
252
213
247
255
238
180
86
250
252
99
115
245
126
209
127
157
190
242
155
122
255
247
239
199
36
55
190
246
120
249
125
88
205
255
175
246
17
247
111
153
174
24
13
242
28
156
69
56
242
119
187
219
215
40
254
47
245
253
60
63
41
125
90
241
42
193
179
110
202
164
95
234
252
35
83
229
46
81
127
196
186
243
155
90
108
125
97
223
44
212
190
114
124
225
117
120
78
62
43
210
85
215
79
153
174
24
5
224
29
157
65
24
178
55
191
24
87
162
251
63
181
250
252
55
37
121
75
181
234
209
183
127
206
166
95
250
188
35
83
247
62
209
127
84
154
242
219
90
125
253
235
207
44
23
190
242
124
249
117
120
77
255
107
214
21
231
111
153
174
24
5
226
28
156
73
24
178
119
191
59
95
170
243
63
49
251
124
55
51
121
90
213
170
213
182
111
206
166
95
250
252
3
83
227
62
209
127
132
154
242
153
82
125
252
232
79
44
150
190
219
124
65
117
88
202
55
104
210
117
163
111
185
174
24
5
224
28
220
65
16
178
127
159
57
151
162
243
39
247
253
124
61
48
125
90
240
62
224
177
109
203
132
95
226
236
35
115
241
110
80
255
196
186
231
155
90
28
97
225
223
44
150
190
90
56
113
117
122
74
58
175
214
113
215
79
56
174
24
1
224
28
156
65
20
178
55
159
122
215
34
243
28
59
213
244
63
185
120
122
113
56
210
247
252
117
236
82
226
220
131
107
229
44
193
123
205
154
226
155
122
71
189
236
215
36
117
186
118
122
249
117
220
220
251
47
244
21
231
111
153
164
24
5
224
29
159
73
16
242
51
189
88
87
34
250
7
7
1
8
129
144
7
72
35
3
41
138
128
13
132
19
139
101
32
4
138
36
66
96
68
213
25
45
18
42
1
1
146
134
209
138
0
8
39
2
36
32
40
225
21
88
116
35
16
136
48
36
33
144
230
34
0
42
16
5
72
213
52
122
190
251
255
254
55
49
125
122
213
186
249
251
111
202
132
91
242
220
103
91
231
174
193
119
207
143
227
155
91
108
244
249
250
46
180
190
127
124
241
245
122
78
187
111
250
21
215
111
154
175
24
199
224
29
156
73
16
242
55
223
121
118
163
187
109
62
101
161
223
189
163
249
253
127
194
127
253
63
249
229
242
253
203
112
249
83
159
124
85
232
104
183
254
95
121
255
125
237
223
191
247
243
173
126
220
85
94
158
65
231
202
81
188
125
28
12
246
189
141
93
62
244
167
188
218
223
46
116
191
60
125
244
62
109
121
122
245
252
215
245
127
123
240
246
251
252
103
107
245
126
241
127
253
191
247
219
122
247
247
239
199
44
117
190
247
120
249
125
88
221
255
175
226
17
247
111
187
174
153
15
240
29
156
69
56
242
115
251
251
151
40
254
13
186
101
41
220
251
163
252
249
60
202
117
224
31
203
225
195
237
139
96
225
1
14
252
77
236
12
167
222
79
59
223
125
225
221
187
117
242
173
54
253
84
90
62
69
163
126
241
184
125
28
36
243
189
141
73
4
236
135
172
200
71
36
244
191
53
253
244
63
109
121
122
244
252
215
247
127
111
176
118
251
252
231
99
245
126
209
127
157
190
247
155
122
255
247
239
87
100
119
190
246
120
249
125
92
221
255
175
230
17
247
111
153
166
152
15
242
29
156
69
56
242
115
187
251
151
40
254
60
58
117
244
62
189
125
122
125
124
215
247
255
117
220
210
242
220
199
105
229
108
193
123
205
154
242
155
126
229
253
239
215
36
116
186
119
122
249
117
220
220
251
47
240
135
231
111
153
165
25
5
224
29
159
77
16
242
51
189
88
87
34
254
47
96
105
42
19
80
9
76
229
134
145
180
121
43
181
70
138
20
3
112
129
82
193
52
92
153
133
1
67
158
49
72
208
44
5
186
66
120
1
124
34
74
60
9
82
84
96
108
25
172
16
4
96
29
148
8
24
226
51
188
88
86
34
243
62
253
250
252
55
103
121
75
213
202
213
182
127
206
183
95
250
156
99
211
119
190
209
119
151
154
242
137
83
254
254
232
202
46
151
190
210
124
201
117
120
205
245
105
215
85
167
111
153
174
24
5
226
29
220
81
16
178
123
191
59
95
170
243
21
249
213
60
61
40
125
122
208
58
226
179
228
65
204
27
226
204
163
83
229
46
192
255
197
158
227
203
82
5
225
110
223
44
84
190
82
56
225
117
120
94
58
175
212
113
183
111
185
172
24
1
224
29
157
73
16
178
55
191
88
87
32
250
3
194
68
8
133
88
4
20
33
2
40
0
8
61
109
161
201
100
1
240
64
194
12
32
68
149
9
0
177
10
11
17
240
68
209
138
64
48
1
0
38
82
24
29
84
210
116
4
16
45
20
4
18
29
199
8
152
224
0
52
72
210
96
112
62
240
127
253
62
117
253
253
213
254
253
176
125
30
249
247
255
222
99
251
245
114
245
190
189
255
247
251
123
247
247
251
199
44
215
190
223
120
249
119
120
93
247
45
214
181
247
111
187
174
159
15
242
29
220
93
52
242
123
255
251
223
108
254
30
59
145
116
63
169
124
122
88
56
219
181
112
84
204
242
227
220
35
83
197
44
193
95
205
158
226
203
82
71
181
238
223
36
117
190
86
122
233
117
248
92
59
47
212
23
183
111
153
164
24
5
240
29
157
73
16
242
51
189
88
87
32
250
60
38
109
161
190
245
163
253
244
126
210
53
109
51
155
68
234
220
195
96
241
65
206
120
76
136
56
131
254
93
57
239
85
100
21
186
118
242
41
84
220
68
90
14
64
133
194
65
27
44
28
5
240
28
156
73
16
226
43
156
74
7
32
245
242
58
211
179
95
194
136
143
198
235
18
118
179
134
179
115
123
215
33
67
138
141
239
15
14
194
122
47
18
168
50
126
39
167
127
187
114
124
111
214
64
64
36
104
11
12
65
183
216
44
24
4
226
16
164
107
144
112
33
61
92
85
48
178
12
34
33
161
156
224
170
253
216
186
210
53
97
6
155
193
234
220
3
64
193
0
206
28
76
136
172
131
82
13
57
206
101
36
85
186
82
114
129
116
216
84
18
14
64
7
130
73
152
44
24
5
240
29
157
65
16
242
51
188
72
87
34
240
69
139
134
89
32
122
164
246
57
188
110
195
194
245
155
43
137
73
233
111
196
45
66
211
75
127
149
166
76
6
34
66
223
18
81
160
81
56
232
32
120
60
58
39
245
112
247
107
153
172
56
17
209
93
152
72
23
194
51
181
72
115
33
250
114
43
147
51
192
130
38
77
202
33
131
50
246
225
139
18
246
131
59
68
72
133
67
5
222
200
252
45
130
136
162
40
215
37
69
191
16
56
229
84
32
84
56
43
197
28
165
45
153
172
24
5
240
29
156
75
80
250
19
189
88
86
48
250
205
207
206
89
96
127
244
246
57
253
110
207
154
245
255
171
137
121
249
111
244
109
66
243
75
127
149
182
125
70
50
67
223
18
81
160
83
122
249
52
242
62
58
39
245
54
247
107
153
172
24
5
209
93
153
76
22
246
51
189
88
87
35
251
47
96
105
170
23
0
9
72
197
134
145
176
113
10
181
66
138
116
3
64
161
2
193
20
76
153
133
1
83
140
49
201
208
44
7
186
66
120
1
124
170
74
48
9
82
80
0
76
25
172
16
5
96
29
148
0
16
226
51
188
72
86
34
243
62
248
125
252
62
125
253
252
221
254
253
249
125
26
221
254
251
222
103
123
245
114
229
190
173
191
231
251
127
119
247
251
251
44
213
254
255
120
249
245
122
95
243
61
246
183
247
111
187
191
159
15
248
29
221
93
52
242
127
255
251
223
108
255
1
129
129
154
9
138
135
10
148
244
38
131
145
120
29
6
130
21
160
35
196
37
194
99
89
214
129
38
34
138
17
75
151
36
65
176
82
72
234
104
112
61
56
39
213
20
245
111
153
172
153
5
240
29
156
73
49
242
51
189
88
87
32
250
76
11
138
152
64
215
36
103
1
226
74
134
146
228
187
42
139
25
225
71
221
53
66
211
91
94
148
164
64
134
50
128
207
6
71
170
17
120
237
120
112
52
48
39
85
52
55
239
153
172
24
5
241
29
156
72
16
226
51
189
72
83
32
250
25
50
253
40
32
185
177
126
208
148
198
149
117
52
155
194
238
196
3
104
224
34
71
151
141
168
164
136
70
4
113
232
245
44
69
190
82
58
129
124
184
92
24
14
84
231
131
110
185
44
28
5
240
29
159
73
16
242
59
188
120
70
34
243
58
59
253
244
62
57
124
107
93
248
215
241
127
244
252
210
246
220
103
107
197
60
193
127
205
158
226
219
94
229
181
238
215
36
116
190
95
122
241
117
216
221
249
47
240
7
247
111
153
172
25
7
240
29
159
73
16
242
51
189
89
87
32
254
62
57
251
244
55
97
124
123
212
234
211
183
115
198
177
95
251
220
99
83
103
190
193
87
135
222
242
137
82
254
246
248
74
46
151
190
223
124
201
117
120
204
183
106
215
21
167
111
153
174
24
5
232
29
220
81
16
178
127
187
57
23
160
178
47
32
105
170
19
68
5
76
229
134
153
180
121
47
181
70
139
52
3
96
129
82
193
52
92
157
132
1
82
142
49
73
208
44
7
186
66
120
1
92
36
64
60
41
86
20
100
108
25
172
16
4
114
24
148
8
24
226
51
156
72
86
32
242
190
121
117
244
59
109
125
107
221
252
251
241
127
110
216
246
251
156
231
99
245
46
241
127
221
191
247
187
90
255
247
254
195
44
102
190
247
56
249
253
120
92
247
239
246
55
183
111
185
174
152
3
242
29
157
81
0
242
119
249
251
87
32
254
191
253
125
244
58
109
253
106
221
253
255
241
127
122
220
246
251
188
231
107
245
42
241
255
221
191
247
251
75
255
247
255
195
44
101
190
255
122
249
253
248
93
241
175
246
51
247
111
185
174
153
11
240
29
157
65
52
242
115
249
251
215
40
254
6
33
40
128
38
148
148
1
71
70
23
80
217
54
48
64
137
80
0
225
131
116
193
67
124
148
132
9
2
188
21
72
135
28
131
138
202
88
235
18
32
25
37
41
148
20
181
111
19
172
129
15
50
17
120
24
16
115
50
185
104
155
104
234
62
55
117
244
55
53
189
123
212
94
250
117
125
78
185
116
246
254
195
114
245
42
145
246
156
170
230
217
90
244
245
249
110
44
79
190
255
122
201
253
120
92
19
142
212
115
147
78
185
174
24
3
240
29
156
65
22
242
119
189
122
87
40
240
62
251
255
252
55
49
125
122
213
186
249
187
111
202
132
90
243
220
103
91
231
174
193
127
207
159
227
219
91
108
228
248
218
46
148
190
127
124
241
245
122
78
187
111
254
21
215
111
154
174
24
199
224
29
156
73
0
178
55
219
120
86
163
191
191
249
255
252
55
49
121
122
117
186
245
251
111
218
164
91
242
220
39
123
231
252
225
119
205
171
227
219
91
109
244
233
250
38
180
190
119
124
241
245
218
207
187
111
250
21
211
111
153
175
24
197
232
29
159
77
16
178
55
223
89
118
167
251
38
160
40
128
34
156
148
1
71
70
23
84
217
52
48
64
137
80
2
225
131
116
193
71
93
150
133
43
2
190
21
72
135
28
195
138
202
88
234
26
32
25
37
41
148
20
181
111
147
172
137
15
178
17
88
89
16
115
50
185
104
211
104
234
63
176
255
244
62
117
249
126
245
254
213
241
127
123
177
87
255
222
99
107
245
122
229
255
173
187
247
251
123
119
247
255
215
108
181
254
255
120
249
117
120
221
255
47
242
53
243
111
187
172
155
15
248
29
156
93
60
178
123
251
251
151
44
255
25
38
125
40
8
185
39
116
240
20
198
20
92
53
137
64
235
204
3
96
224
96
67
247
204
56
52
156
108
4
49
104
213
76
69
190
90
58
169
92
60
85
24
39
85
228
247
111
185
172
9
4
240
29
158
77
28
242
59
189
88
7
96
250
58
59
187
244
54
125
120
127
85
248
215
245
119
208
184
246
246
220
99
219
213
60
193
87
141
138
226
203
82
247
181
238
199
36
117
190
223
122
233
117
216
93
241
46
242
7
163
111
153
174
24
7
240
29
158
73
16
243
51
189
121
23
32
250
141
250
222
125
191
249
252
220
120
187
236
249
238
91
239
235
235
252
63
107
237
40
239
59
37
223
243
171
95
15
51
119
255
36
85
250
82
123
233
244
250
94
58
63
215
151
211
127
153
173
30
5
248
29
159
73
144
242
59
157
88
87
34
251
5
5
33
144
0
4
33
7
32
70
2
4
16
45
17
6
200
40
65
64
112
32
80
147
80
40
164
200
64
144
32
65
198
4
71
170
17
40
193
104
112
20
48
175
212
112
165
110
153
172
24
9
240
29
156
65
16
242
51
189
88
86
40
250
75
29
146
48
209
34
34
78
96
2
129
38
226
200
166
89
226
181
51
86
67
7
83
87
70
202
248
13
210
4
34
32
223
39
85
187
2
124
77
84
104
88
24
11
221
93
183
207
153
172
24
4
240
29
156
65
16
178
51
189
24
87
48
122
62
55
117
244
55
53
185
123
244
94
250
117
125
110
185
117
242
222
195
114
117
42
145
246
156
170
230
217
90
214
245
248
110
44
95
190
255
122
201
245
248
92
19
142
196
103
211
78
185
174
24
1
240
29
156
89
22
242
119
189
122
87
40
240
2
130
0
130
137
128
128
0
38
97
5
66
136
59
0
16
100
2
4
176
192
0
137
96
64
144
9
42
182
168
129
87
149
228
82
16
98
64
42
2
133
16
8
129
0
0
208
1
1
64
144
0
52
0
168
235
17
82
178
20
64
81
0
73
1
134
4
12
4
76
132
48
1
4
58
5
8
61
73
164
173
74
65
224
80
34
128
224
72
125
21
64
176
2
11
65
220
48
81
32
81
0
200
40
101
28
24
167
68
48
246
108
152
136
9
9
242
13
152
73
43
194
19
176
64
71
4
72
130
193
139
158
55
2
92
143
4
194
61
136
35
194
6
43
129
84
36
87
2
168
228
34
68
131
130
9
19
40
4
9
178
52
20
186
66
104
194
245
82
106
49
104
146
20
193
78
25
174
16
5
80
24
180
72
16
178
49
57
24
84
34
249
8
202
8
131
138
89
128
161
25
218
58
69
16
52
121
160
205
154
197
136
192
16
172
152
121
29
33
64
197
194
187
83
112
32
89
32
127
66
136
160
211
21
80
30
68
134
82
192
137
73
86
4
190
13
131
73
150
64
42
180
68
10
0
176
82
35
145
50
192
130
6
77
66
34
209
50
224
132
131
18
246
131
3
84
8
133
195
69
206
200
248
13
2
140
160
8
71
37
69
191
8
56
5
68
32
64
16
43
69
28
133
15
152
172
24
1
114
24
28
67
64
114
19
177
24
86
48
122
51
21
49
28
21
100
29
126
198
132
189
132
97
140
21
183
247
228
67
80
48
162
244
6
212
169
228
8
83
156
96
232
232
44
71
190
146
32
129
253
58
90
16
170
212
114
165
110
185
172
90
1
240
28
20
65
176
178
51
184
56
198
34
248
45
38
101
129
156
189
167
120
233
124
74
117
201
63
217
69
203
245
195
32
241
0
218
253
77
252
12
167
60
74
57
207
85
100
85
186
84
250
169
14
109
84
74
167
69
32
244
97
184
172
24
5
242
29
156
73
36
114
19
180
202
23
36
126
63
240
127
252
62
117
249
254
213
254
245
241
125
90
177
255
255
222
99
123
245
122
229
190
173
191
247
251
123
119
247
255
215
44
149
254
255
120
249
117
120
221
255
47
246
53
247
111
187
190
155
7
248
29
156
93
60
178
123
251
251
159
44
254
13
34
69
129
152
173
163
112
252
188
66
85
201
63
249
65
234
92
195
32
225
0
202
253
77
56
12
135
92
79
57
207
85
32
85
186
84
250
169
20
221
84
90
14
64
36
240
105
184
44
24
5
242
29
156
73
4
98
51
188
200
7
32
254
45
246
101
169
221
252
167
124
253
126
232
249
237
63
221
237
251
237
235
112
241
67
159
124
84
253
125
183
255
31
99
255
221
236
223
190
119
176
173
126
127
94
58
175
85
241
246
97
184
188
152
8
240
157
140
93
60
246
167
188
218
215
46
254
1
2
4
8
133
88
6
148
40
2
42
4
0
29
73
161
201
100
1
96
64
192
12
48
64
21
25
32
148
10
11
17
120
4
209
138
64
18
13
0
36
20
24
189
68
194
116
192
16
45
20
0
144
29
199
8
0
96
1
52
72
194
36
112
13
143
101
97
245
184
167
120
184
25
194
105
204
125
201
129
137
109
251
108
244
103
10
241
101
125
25
180
124
6
32
145
94
83
217
137
117
187
253
37
253
52
58
183
101
225
126
243
56
29
44
48
209
229
207
44
62
204
7
143
66
15
37
90
17
0
12
138
6
69
129
182
54
220
30
5
28
63
59
164
109
250
193
160
240
0
228
176
8
41
132
64
121
210
211
115
245
32
81
176
95
82
137
124
82
21
26
46
68
178
224
108
185
44
223
5
240
29
152
73
54
242
43
188
90
6
38
248
202
43
219
179
203
147
34
206
106
35
133
46
246
244
163
91
226
145
57
102
79
133
67
49
134
202
248
45
194
12
178
33
215
39
85
187
82
120
197
116
112
92
24
14
213
28
225
135
157
172
24
5
241
61
156
75
16
254
51
189
88
86
48
250
190
251
243
244
55
37
125
123
213
186
249
241
127
194
212
94
243
220
103
91
231
174
225
63
205
159
231
187
91
254
252
254
195
46
118
190
247
124
241
245
122
78
179
111
254
21
151
111
185
174
24
67
224
29
157
89
0
242
119
255
123
86
161
186
4
1
0
16
1
2
0
7
0
130
2
4
0
4
9
2
64
8
1
64
192
34
192
19
72
8
164
72
80
0
33
64
198
36
69
170
83
40
193
68
112
84
48
175
212
116
165
110
153
172
24
1
240
29
156
65
16
242
51
189
88
86
32
250
4
7
0
144
0
21
32
7
4
194
3
4
17
4
49
6
200
8
65
66
80
32
80
147
80
0
164
72
0
128
48
64
194
4
71
170
81
120
193
72
112
84
48
175
212
84
165
110
153
172
24
1
240
29
156
81
16
242
51
181
88
86
40
250
3
4
0
2
73
134
135
5
34
76
2
69
8
47
0
5
228
43
1
240
208
35
80
98
80
104
172
76
0
16
33
97
199
44
69
176
83
40
169
108
112
92
56
175
213
80
245
111
153
172
24
1
240
29
156
65
16
242
51
189
88
87
32
250
8
66
4
138
6
85
128
183
54
220
60
5
29
60
57
165
125
250
65
160
80
0
180
176
8
41
172
64
121
210
179
243
240
40
83
176
95
82
137
244
210
29
18
14
80
54
194
108
153
44
222
5
240
29
152
73
150
242
35
188
90
86
34
249
4
7
0
144
0
6
0
7
0
66
2
4
0
0
17
6
64
8
1
192
208
32
80
67
80
0
128
72
0
144
33
64
71
36
71
170
81
40
1
64
112
16
48
143
196
16
165
111
153
172
24
1
240
29
156
65
16
114
51
181
72
83
40
234
5
5
128
22
0
70
24
39
0
196
23
133
0
163
3
134
45
10
33
195
16
160
228
131
89
43
176
72
64
0
32
97
204
52
101
186
83
40
192
124
112
92
56
175
196
16
165
110
153
172
88
1
240
29
156
65
16
242
51
189
88
87
32
250
203
9
218
179
193
130
98
206
104
1
134
62
246
245
162
88
226
145
57
70
79
133
195
115
70
202
248
45
194
12
34
33
215
39
85
187
82
120
205
116
112
92
24
15
221
29
231
207
157
172
24
5
241
29
156
75
80
254
51
189
88
87
48
250
2
2
0
130
5
134
138
1
6
74
19
68
128
1
17
5
4
75
0
128
192
34
208
66
72
16
164
76
16
144
129
64
71
48
83
160
81
8
8
64
96
0
16
139
197
0
176
79
24
172
24
1
240
24
156
65
2
51
51
177
72
83
32
106
62
54
125
174
63
245
189
125
245
254
212
177
125
62
187
87
251
254
67
248
241
114
223
190
221
189
245
187
123
215
255
239
205
108
135
190
223
120
233
127
124
93
127
175
213
245
247
111
187
174
158
13
242
29
220
93
56
242
255
157
251
223
44
254
14
82
4
128
38
117
136
177
4
206
57
0
25
8
113
231
85
222
69
240
80
16
180
176
8
37
165
72
17
210
181
145
224
56
214
168
91
96
128
224
118
79
52
14
208
54
194
76
154
173
20
5
242
29
132
89
128
242
35
180
88
82
40
185
198
69
1
18
192
14
6
67
130
4
1
18
18
134
212
2
11
1
20
68
10
128
160
0
94
212
157
9
130
170
26
8
0
37
4
219
0
4
7
204
0
224
20
129
9
28
44
132
65
36
80
52
9
90
36
162
192
104
32
56
12
4
48
160
49
21
49
28
21
100
29
126
198
164
185
128
97
140
21
55
247
228
67
64
48
162
245
22
220
169
228
8
83
156
96
232
232
44
7
190
210
48
129
253
58
74
48
174
212
114
133
78
185
172
90
1
112
28
148
65
176
178
59
188
120
198
34
240
195
57
147
50
213
34
35
94
192
3
128
54
226
193
130
25
226
69
59
86
74
133
66
71
198
202
250
173
210
8
34
40
223
39
85
187
2
44
77
84
112
64
24
11
221
25
165
207
153
172
24
4
241
60
28
67
80
184
51
185
24
87
48
250
82
35
147
181
209
130
6
207
198
33
211
50
227
192
131
18
242
5
59
84
74
133
194
69
206
200
248
173
130
136
34
136
71
37
85
187
8
56
69
68
32
64
48
11
205
29
165
141
152
172
24
1
113
124
28
195
64
250
17
185
24
87
48
122
45
38
101
161
255
253
163
125
252
124
214
117
233
29
217
229
203
220
203
96
240
1
142
252
108
248
24
135
254
79
51
207
93
228
213
186
118
242
169
54
253
84
90
30
69
135
244
65
152
61
29
5
240
29
158
73
20
226
191
188
202
7
36
252
210
43
147
181
201
130
2
205
206
33
211
58
243
192
147
26
242
129
59
86
74
135
194
21
222
200
248
45
130
136
34
42
195
37
69
191
82
60
229
84
32
88
48
43
205
28
173
181
157
172
24
1
241
94
156
203
64
250
49
185
88
86
48
122
45
246
101
169
221
253
167
120
252
125
250
61
237
63
217
229
195
253
195
112
249
66
159
124
92
253
13
183
255
95
99
223
253
236
215
186
245
178
169
126
126
92
90
175
84
243
254
97
184
188
152
9
240
157
156
73
44
230
183
188
218
215
44
124
193
29
147
48
85
34
99
94
224
11
128
38
226
205
166
27
234
101
51
87
110
143
83
87
70
202
250
45
210
12
34
33
223
39
85
187
18
60
77
116
120
64
56
43
221
89
181
239
153
172
24
20
225
60
156
65
16
184
51
191
24
87
176
250
33
38
101
130
156
253
163
124
252
124
2
85
201
61
185
197
139
116
195
32
240
66
218
252
77
184
28
38
62
91
49
79
85
228
85
56
84
250
169
22
117
84
74
175
69
160
244
105
184
172
24
13
246
29
156
9
36
98
51
188
202
23
36
254
62
253
125
244
63
125
253
127
213
254
255
241
127
104
252
246
251
220
231
123
245
58
245
191
221
175
231
251
91
247
245
239
207
44
118
190
254
120
249
253
122
92
247
175
246
55
247
111
187
174
154
11
240
29
157
85
148
242
119
251
251
215
40
254
202
59
211
51
209
66
34
206
106
161
129
62
246
241
163
91
234
149
57
103
78
141
71
53
198
202
248
175
194
12
34
42
215
39
85
187
82
124
229
116
112
92
56
62
217
29
201
165
221
172
24
21
241
127
156
203
80
252
49
189
88
87
48
250
1
3
4
132
1
76
4
54
36
68
31
69
8
61
24
36
13
104
64
160
80
32
128
226
88
116
128
64
48
150
139
65
220
48
81
32
81
2
200
8
84
20
24
167
196
32
246
108
24
136
137
9
240
13
152
9
43
67
19
176
64
83
4
72
196
171
199
89
32
122
164
246
57
189
110
203
194
181
219
171
137
73
169
111
69
229
70
211
73
95
149
166
105
6
34
66
215
18
113
168
20
186
249
52
244
60
58
55
245
18
119
107
153
172
40
83
209
93
153
76
22
202
19
165
72
83
97
250
63
252
125
252
63
125
253
127
221
254
255
241
125
40
252
246
251
252
231
123
245
114
245
191
253
175
231
251
91
247
245
239
239
44
117
190
255
120
249
253
250
223
247
175
246
51
247
111
187
174
27
15
248
29
157
85
60
242
119
249
251
215
40
254
68
3
8
144
0
147
2
38
0
166
2
4
16
6
25
2
64
9
65
198
197
33
192
147
73
64
160
76
0
140
49
67
215
4
69
170
83
120
193
104
112
92
48
46
213
20
163
111
153
172
24
5
240
29
156
65
16
242
51
181
88
82
32
250
47
34
105
170
23
180
37
76
228
110
216
180
105
14
189
103
131
116
3
112
161
18
201
60
76
140
128
129
82
24
49
201
81
36
213
186
66
120
33
52
40
64
56
45
86
149
100
105
25
44
24
4
224
29
140
8
144
226
35
188
72
86
32
242
68
2
4
130
76
146
130
20
52
126
0
5
136
55
17
1
224
235
1
164
193
33
67
114
72
72
168
68
80
4
161
67
215
32
87
176
83
56
233
116
112
92
56
175
213
16
247
111
153
172
24
1
240
29
156
73
18
242
51
181
88
87
32
250
205
175
207
89
32
95
228
246
57
253
110
203
210
241
255
170
137
105
169
111
109
237
102
243
73
127
149
182
105
70
50
67
215
18
85
168
81
122
249
60
244
60
56
55
245
22
119
235
153
172
40
85
209
93
153
12
22
234
51
189
88
87
97
250
68
7
144
144
0
6
34
103
0
230
2
4
16
230
153
2
106
8
65
198
209
33
81
131
88
40
164
76
0
132
176
65
199
4
71
170
17
40
193
76
112
84
48
175
212
16
167
110
153
172
24
1
240
29
28
65
0
242
19
181
88
82
32
234
17
138
20
6
40
152
128
52
58
20
54
65
12
57
88
160
100
194
197
32
196
96
168
240
105
40
4
82
124
0
17
109
212
96
80
48
87
2
136
224
213
148
26
7
192
162
240
76
129
1
205
0
244
13
139
77
63
114
34
188
80
23
4
249
65
53
147
50
213
34
39
94
192
10
128
34
226
205
130
25
226
101
51
86
98
143
66
71
70
202
250
13
210
8
98
41
95
39
21
187
0
44
69
84
112
64
24
11
93
89
165
207
152
172
24
4
225
60
28
65
24
184
51
185
24
87
48
106
47
34
97
168
22
244
37
76
228
110
200
52
89
47
177
103
139
116
3
96
161
64
216
52
76
140
4
129
82
12
49
201
81
36
87
186
66
120
1
20
36
64
56
41
86
20
100
104
25
44
24
4
224
29
140
8
144
226
35
156
72
86
32
242
76
11
139
145
0
211
36
231
9
162
74
134
210
228
171
42
139
9
225
71
76
133
66
211
83
95
145
164
64
134
50
2
207
6
69
170
17
104
237
104
112
52
48
39
85
21
55
231
153
172
56
21
209
29
156
72
16
232
19
189
72
83
97
250
45
34
33
163
191
177
163
124
212
190
210
53
97
26
155
225
130
84
3
64
225
2
207
92
76
168
8
131
86
77
57
207
101
36
213
186
86
114
169
52
216
84
18
14
64
135
128
73
24
44
24
5
240
29
157
65
16
226
51
188
72
87
34
253
47
34
109
163
191
241
163
124
244
122
210
53
233
63
137
101
130
220
3
112
225
98
143
124
76
136
136
131
126
75
59
223
117
164
213
186
87
114
41
54
220
84
90
14
80
133
226
105
24
45
28
5
240
29
156
73
16
226
59
156
72
23
38
245
63
53
253
180
55
101
125
127
245
250
209
245
127
206
160
87
251
220
99
115
245
62
208
127
205
190
242
155
90
127
125
239
95
36
53
190
214
120
249
117
88
76
255
47
246
21
247
111
153
174
24
5
224
29
156
73
24
178
119
187
27
23
32
250
45
34
101
161
253
185
163
248
252
63
210
119
233
31
217
225
194
221
203
96
233
0
138
124
77
168
8
135
222
79
41
223
125
164
221
186
119
242
173
182
221
84
90
30
64
131
202
81
184
61
28
1
240
157
143
73
4
224
183
188
202
7
36
244
6
32
8
128
2
156
28
1
6
102
3
0
145
38
48
86
137
80
0
161
131
52
80
67
92
148
133
45
2
184
21
64
7
188
71
138
74
104
235
26
32
193
36
41
149
84
181
43
17
172
16
5
34
17
60
24
16
98
50
189
72
19
104
234
59
180
125
180
62
237
249
125
245
254
215
245
125
41
220
246
255
220
103
99
245
112
225
255
253
191
247
251
122
247
247
239
215
108
117
190
223
120
249
125
124
221
255
175
246
49
247
111
155
172
27
15
240
29
156
77
60
242
115
249
251
151
40
254
28
56
221
116
63
57
124
122
217
186
223
245
125
68
236
194
255
220
67
123
229
46
192
255
205
30
226
218
88
71
181
238
223
60
117
190
94
122
233
117
216
220
123
47
246
55
247
111
153
174
24
7
240
29
157
73
16
242
51
189
120
87
32
250
29
177
221
116
63
41
120
122
241
186
215
245
110
101
132
67
234
220
3
123
229
44
192
255
205
154
242
219
88
69
61
238
223
36
116
190
86
122
249
117
88
92
59
47
242
53
247
111
153
174
24
7
240
29
156
77
24
242
55
191
88
87
34
250
61
53
125
244
63
109
125
127
245
254
223
245
127
108
176
118
251
252
231
115
245
122
241
127
157
191
243
219
90
247
247
239
79
36
117
190
246
120
249
125
120
93
255
175
246
53
247
111
185
174
24
15
242
29
156
69
28
178
119
251
251
151
40
254
0
129
136
154
9
138
134
2
6
96
38
194
144
120
12
4
132
17
160
3
196
39
194
99
89
214
129
38
16
130
17
75
151
2
81
160
52
72
234
104
96
61
52
33
213
20
245
111
155
172
153
5
240
29
152
65
1
242
51
185
88
87
33
202
29
177
245
124
60
40
125
122
240
190
209
241
108
77
132
3
234
204
35
115
229
46
192
255
205
58
246
219
88
5
97
238
223
44
84
190
94
56
241
117
120
94
59
175
214
113
247
111
185
172
24
3
240
29
157
73
28
178
51
191
120
87
32
250
62
181
251
252
55
101
125
127
213
250
209
181
119
206
164
95
251
252
99
83
247
62
208
127
197
190
242
139
83
126
126
234
207
44
183
190
214
124
233
117
120
77
247
47
214
117
167
111
185
174
24
5
226
29
156
65
16
178
119
191
123
87
162
242
63
245
255
124
55
37
125
123
245
254
209
183
127
206
164
95
250
252
35
83
247
62
208
127
196
186
242
155
91
124
125
235
207
44
149
190
218
124
249
117
120
78
63
47
214
53
229
111
152
174
24
5
226
28
156
65
16
178
119
191
123
87
162
251
29
245
237
124
63
33
125
122
241
190
208
243
110
78
164
75
234
252
35
115
229
46
192
255
196
186
246
155
88
76
125
107
223
44
148
190
94
120
225
117
120
78
59
47
214
113
215
111
184
174
24
5
240
28
156
65
20
178
55
191
120
87
34
251
62
61
255
244
55
117
125
127
212
250
221
177
127
206
177
95
251
212
99
91
247
62
209
55
133
191
243
153
82
127
118
234
75
44
183
190
214
124
249
117
120
205
247
111
214
117
181
111
185
174
24
5
242
29
156
65
16
178
127
191
123
23
160
242
61
241
239
124
55
49
125
122
245
190
209
179
111
206
181
79
250
244
99
115
247
62
208
255
196
190
246
153
90
92
116
235
223
44
151
190
218
124
241
117
120
78
55
47
214
117
133
111
185
174
24
5
240
28
156
65
16
178
119
159
123
87
162
242
37
247
237
92
60
52
253
122
240
190
128
241
109
75
133
79
226
228
227
51
241
46
80
255
196
170
166
147
88
28
97
107
223
44
150
190
222
56
113
117
122
78
58
175
214
113
213
79
184
172
24
1
240
28
156
65
20
178
55
159
122
215
34
251
188
251
255
252
55
49
125
127
213
218
249
241
111
218
180
95
243
212
231
123
245
46
225
183
205
175
227
155
91
92
244
232
255
44
246
190
214
124
241
245
122
94
179
47
242
53
215
110
184
174
24
3
240
29
157
89
16
178
119
255
123
86
164
251
189
241
255
254
55
113
121
126
247
158
245
241
127
218
164
251
250
212
231
123
229
58
229
183
205
171
226
155
91
76
244
233
254
44
180
190
86
120
209
245
218
223
191
47
242
53
243
110
184
174
94
71
242
29
158
77
148
178
55
223
121
94
167
251
61
183
117
252
55
55
185
123
244
94
210
119
125
110
185
116
246
254
195
242
117
38
145
247
156
58
230
217
90
214
244
249
206
44
95
190
223
122
201
125
248
92
27
142
244
53
243
110
185
174
24
7
240
29
156
65
22
243
119
189
122
87
42
248
60
176
125
180
62
109
249
127
245
254
213
245
125
105
180
86
255
220
71
99
245
120
225
255
221
187
243
219
122
247
255
239
223
100
117
190
223
120
249
125
92
92
255
47
242
21
247
111
155
174
24
7
240
29
156
77
24
178
51
249
219
87
32
254
57
2
189
8
42
157
35
124
208
52
214
4
117
60
59
32
246
212
67
96
240
51
194
246
156
168
164
136
66
132
121
234
213
44
65
188
82
58
137
120
152
85
24
6
84
228
161
111
185
44
25
5
240
29
156
65
16
242
59
188
88
7
34
242
67
70
1
8
192
144
7
72
35
39
41
138
128
1
132
19
131
101
36
100
138
37
10
72
68
213
153
45
18
42
1
1
18
132
212
11
0
168
39
2
36
98
40
225
55
24
116
19
16
128
48
36
1
208
166
170
0
42
16
21
72
85
48
50
9
194
12
8
36
59
162
50
48
26
106
65
8
49
109
161
128
88
133
164
64
80
128
240
104
28
9
144
252
70
56
80
240
80
216
160
119
66
136
160
247
150
26
30
80
134
210
76
10
57
20
4
200
13
139
8
22
195
63
132
64
90
38
177
58
240
125
252
62
125
249
126
245
254
245
241
125
57
189
246
255
220
99
123
244
114
229
255
189
191
245
251
127
247
247
239
215
108
149
190
255
120
249
125
120
221
251
47
214
181
247
111
187
172
31
7
248
29
158
93
28
242
59
221
251
159
40
254
63
182
109
43
191
189
171
121
253
126
210
61
253
63
249
69
242
252
195
120
241
114
155
252
212
168
236
147
126
85
125
255
237
236
207
190
255
178
169
127
254
95
90
142
84
227
194
73
184
253
28
13
242
157
159
89
54
242
183
156
250
223
46
245
45
34
101
161
253
184
163
120
252
61
210
119
237
59
201
193
226
205
207
96
233
64
138
252
76
184
8
167
254
77
41
223
125
228
92
186
119
178
173
182
221
84
90
30
64
131
202
81
168
61
28
0
240
157
143
73
4
244
183
156
200
7
36
252
49
0
125
8
8
221
39
116
242
52
198
4
93
53
27
0
255
196
67
96
224
99
194
246
204
184
180
140
106
132
113
232
213
44
65
190
82
58
201
88
60
84
24
39
69
224
229
111
153
44
24
0
240
29
156
73
24
242
59
189
88
7
32
250
6
193
9
152
7
2
92
15
5
194
45
136
1
192
37
47
128
84
0
71
2
160
228
35
68
131
130
1
83
40
16
73
178
52
148
170
2
104
194
176
50
234
52
104
146
20
193
106
17
168
18
5
17
25
180
8
145
162
57
185
24
86
34
243
6
193
137
156
7
66
88
15
4
194
21
140
1
192
37
43
136
84
0
83
2
160
228
35
76
131
130
1
83
40
20
73
178
52
21
170
66
96
194
177
146
170
53
72
144
20
193
110
25
172
26
5
16
25
180
8
145
162
59
185
24
86
34
251
10
1
137
156
39
67
89
47
148
226
23
148
17
132
59
230
136
84
0
83
134
48
228
3
45
128
128
1
83
41
28
105
133
52
17
234
66
98
192
81
144
185
21
8
144
20
225
110
27
172
27
5
248
29
148
8
16
226
59
185
73
22
34
251
45
253
231
116
61
171
253
122
240
189
228
243
238
249
132
77
226
253
167
99
247
47
201
255
111
122
167
182
124
69
96
111
223
47
116
186
87
60
249
245
89
254
186
47
217
113
247
239
185
164
24
69
240
28
156
73
17
242
119
191
216
119
165
251
6
0
8
128
2
156
12
1
134
102
1
16
145
6
180
86
137
80
0
33
129
50
194
73
92
212
133
45
2
168
17
72
7
132
79
138
0
120
41
18
32
72
36
41
151
20
180
43
19
172
24
4
162
17
188
24
16
98
50
185
72
83
104
226
204
41
211
115
209
98
98
206
200
161
192
190
242
194
130
218
235
213
57
71
78
141
230
23
79
219
186
47
211
8
50
42
215
39
85
251
82
125
229
116
80
92
56
63
217
29
237
180
221
172
24
149
241
127
156
203
80
252
49
189
92
85
48
250
2
129
136
146
1
138
68
2
6
224
38
194
144
72
4
6
12
17
160
3
198
37
194
99
65
215
145
38
16
130
1
65
151
2
81
32
48
72
234
104
96
61
36
97
149
20
245
111
145
168
25
5
240
25
152
65
17
50
50
177
16
115
33
202
47
38
105
168
31
180
37
93
132
238
200
52
65
12
185
71
129
124
3
80
224
0
220
24
68
136
0
129
82
16
49
203
97
36
215
186
83
120
33
52
40
64
16
172
86
145
64
73
24
44
24
4
224
29
140
0
144
162
35
188
72
86
40
242
61
181
253
148
55
117
221
127
215
254
254
241
125
12
176
119
251
212
226
59
245
50
244
255
253
191
227
91
88
95
117
235
207
56
253
190
246
120
233
117
112
93
127
47
246
53
245
111
187
174
24
15
240
29
156
77
20
178
119
253
123
95
40
250
214
59
147
183
221
194
10
237
206
33
211
62
227
194
147
26
251
135
59
86
74
133
194
21
206
219
248
45
146
136
34
170
67
45
85
191
90
60
229
86
32
88
48
47
205
28
173
181
157
172
24
129
241
126
156
227
64
248
49
185
92
87
48
122
53
247
237
92
54
149
217
122
242
220
180
241
77
121
149
77
224
244
226
43
208
110
208
247
76
162
165
19
60
92
81
107
215
104
20
190
254
56
251
125
118
94
59
175
208
112
209
111
185
172
24
5
240
24
156
77
52
242
55
159
122
87
38
251
16
0
189
136
8
204
3
101
166
36
87
4
205
117
27
4
255
196
67
96
208
35
194
119
92
152
180
76
96
128
57
234
87
44
65
188
82
42
200
64
48
84
24
174
69
164
229
111
153
172
24
1
240
29
156
73
16
242
59
189
88
7
32
242
61
183
239
84
54
53
221
126
247
222
148
241
111
88
177
79
251
244
226
59
240
62
212
247
108
187
166
19
92
92
117
107
223
40
148
190
254
120
251
117
112
78
59
47
214
116
213
111
185
172
24
5
240
24
156
65
20
242
55
159
123
87
36
250
13
2
77
161
191
241
163
124
188
190
214
53
233
25
169
97
130
124
195
112
224
98
206
124
76
168
8
131
126
67
57
223
253
36
213
186
119
250
41
52
220
84
90
14
80
135
192
97
24
44
24
5
240
29
156
8
16
226
183
156
200
87
38
253
61
181
239
84
55
117
221
127
247
222
188
241
127
92
176
71
251
244
226
59
213
62
244
247
45
175
231
19
94
92
116
107
207
44
181
190
246
120
251
117
112
77
63
47
214
116
245
110
185
190
24
5
242
29
156
73
20
242
119
159
123
31
36
250
21
183
237
92
54
49
221
126
243
158
148
241
77
93
132
75
233
244
130
43
208
46
192
247
76
186
166
19
89
76
125
107
223
40
148
190
126
56
233
117
80
78
59
47
214
48
213
111
185
172
24
5
240
24
156
65
20
242
55
159
122
87
38
250
21
181
237
20
52
180
221
122
179
188
148
241
77
93
148
7
232
228
194
35
208
38
192
247
204
190
164
82
88
28
97
107
223
56
20
190
222
56
233
117
112
78
59
175
212
48
213
111
185
172
24
3
240
24
156
73
20
242
51
157
122
87
32
250
61
181
253
148
55
101
221
127
215
222
156
241
127
12
160
71
251
212
226
59
213
58
240
247
237
191
227
19
88
93
117
107
207
40
180
190
246
120
233
117
112
76
63
47
246
52
245
111
185
174
24
7
240
29
156
65
20
178
55
191
123
87
32
250
67
66
1
24
200
130
14
64
34
35
41
138
128
1
4
19
128
69
44
100
138
165
10
72
68
213
155
47
2
42
1
1
18
149
92
11
0
168
38
2
36
106
40
233
55
24
124
17
64
129
48
32
1
240
38
170
0
108
16
21
76
85
112
50
21
176
237
20
54
49
217
126
179
190
212
245
77
13
148
67
168
212
194
43
196
34
192
255
205
186
180
82
88
77
117
106
223
56
213
190
94
120
233
117
80
92
59
47
242
52
245
111
185
172
24
7
240
29
156
73
20
178
55
189
120
87
34
250
196
171
135
217
32
90
164
246
57
185
110
203
66
181
219
170
137
72
233
47
77
229
102
146
73
95
145
162
105
6
34
66
223
16
113
168
20
186
233
32
244
60
58
55
245
50
119
104
153
168
44
115
209
93
153
76
22
202
19
165
72
83
97
250
196
43
199
217
0
90
164
230
57
249
110
139
210
177
219
170
139
9
225
111
76
229
102
147
89
95
145
160
105
134
34
3
223
18
65
168
17
186
233
40
244
60
56
183
245
18
119
234
153
172
40
113
209
29
157
12
20
232
19
173
72
87
97
250
28
152
253
20
54
249
217
126
151
190
215
213
93
4
120
195
189
212
194
43
196
50
192
251
237
58
180
82
88
79
53
106
223
56
213
188
94
122
232
117
240
92
63
47
246
52
245
111
185
174
24
7
240
29
156
73
20
242
55
189
121
87
32
250
15
38
105
168
29
180
37
92
164
110
194
52
65
15
185
71
194
124
3
96
224
0
216
56
76
136
0
129
82
0
49
203
81
4
215
170
81
120
1
20
40
64
24
12
86
133
100
73
24
44
24
4
224
29
140
8
144
226
35
156
72
86
32
240
1
2
12
132
46
29
20
48
52
84
54
65
12
57
20
4
36
218
69
160
208
98
128
242
104
40
132
80
124
20
145
97
220
120
80
32
83
66
128
232
214
158
24
15
192
34
210
78
153
128
25
5
240
29
155
13
59
211
51
156
80
18
0
249
47
38
101
163
191
189
163
120
252
125
210
117
237
59
201
69
194
252
195
112
249
98
139
124
76
184
8
163
254
81
49
223
125
236
220
186
119
242
169
54
221
84
90
14
64
163
218
81
184
61
24
4
240
157
143
9
52
226
183
156
202
151
36
252
192
11
131
153
0
67
36
239
9
162
106
142
210
164
139
170
203
9
225
71
12
133
78
147
81
95
145
160
64
130
34
2
207
6
69
186
17
104
237
104
112
116
48
39
85
53
55
227
153
172
56
53
209
29
156
72
16
232
3
189
72
87
33
250
6
130
72
136
2
156
14
1
167
102
3
192
145
46
188
70
137
113
32
33
128
118
210
97
93
213
133
47
2
186
17
64
135
132
71
138
0
120
233
10
36
88
36
41
149
84
244
43
17
172
24
1
162
17
188
24
16
98
50
189
72
83
40
250
14
38
105
168
31
176
37
93
132
234
200
48
97
14
169
71
194
124
3
80
224
18
216
56
68
136
0
129
82
8
49
203
65
36
215
186
83
120
33
20
40
64
16
44
86
149
4
73
24
44
24
4
224
29
140
0
144
162
35
156
72
86
32
242
6
1
136
156
39
82
88
15
20
226
5
132
1
192
37
35
136
92
0
67
130
176
196
3
76
130
130
1
81
40
20
73
227
16
149
170
66
104
194
49
146
170
20
72
178
20
225
106
25
168
26
5
17
25
180
8
17
162
59
189
72
22
34
243
4
0
4
132
0
73
0
54
0
64
31
68
16
53
24
32
5
8
64
160
208
32
64
194
88
36
128
64
32
134
137
65
92
48
81
32
27
66
200
8
80
21
24
38
196
2
230
110
17
200
137
1
240
77
24
8
59
67
51
176
0
51
0
200
197
61
147
48
85
98
97
222
144
175
128
255
226
207
134
11
235
101
59
71
110
143
226
23
70
235
250
47
211
8
98
41
223
39
85
251
18
60
109
116
120
108
56
47
223
89
53
238
217
172
24
148
241
63
156
67
16
184
49
191
28
85
177
250
4
7
8
152
0
87
44
87
1
198
9
4
0
4
49
35
9
104
193
194
18
48
80
131
80
52
128
192
0
6
48
65
66
16
147
168
129
72
64
0
48
32
48
164
118
212
39
106
26
168
56
3
147
89
88
16
19
195
19
149
64
242
73
226
14
3
161
148
38
95
26
7
132
102
19
4
25
0
59
230
148
92
64
96
212
49
210
3
29
128
132
76
16
240
21
200
101
52
83
170
218
106
192
64
176
29
20
14
196
6
225
110
153
172
152
5
242
29
157
89
16
98
51
188
73
22
32
248
58
242
109
172
62
253
189
125
253
254
250
185
125
60
125
229
243
252
67
120
244
114
211
252
221
173
229
179
127
215
117
239
253
108
223
190
255
122
169
125
126
95
119
47
212
247
246
111
187
173
156
13
242
29
159
93
52
242
63
188
251
223
40
246
47
38
105
168
31
180
37
93
164
238
216
48
105
12
169
71
130
124
3
80
224
18
220
56
68
136
0
129
82
16
49
203
97
36
215
186
83
120
33
52
56
70
50
44
86
149
64
73
24
44
24
4
224
29
141
0
144
162
43
188
72
86
40
178
214
43
147
183
217
194
10
239
206
161
211
62
227
194
147
26
251
133
59
86
78
141
198
21
206
223
249
45
130
138
34
170
195
37
69
187
90
52
229
86
32
88
48
191
205
28
173
181
221
172
24
129
241
126
156
235
64
252
49
189
92
87
48
250
41
2
109
161
191
241
163
120
252
127
214
53
233
61
201
101
130
124
195
112
248
98
138
124
76
168
8
131
126
67
59
223
125
228
213
186
119
242
169
54
220
84
90
14
84
131
224
97
56
45
24
5
240
29
140
9
16
226
183
188
202
23
38
252
60
243
253
220
55
117
221
126
247
156
252
241
111
90
180
223
251
212
230
59
245
122
228
247
237
171
231
19
127
92
116
233
255
44
246
190
254
120
249
245
122
95
179
47
242
52
213
110
184
190
156
7
240
29
159
93
20
242
55
223
123
95
36
251
60
241
253
220
55
49
221
126
247
156
244
241
127
90
180
223
250
212
198
59
245
122
229
247
237
171
230
19
127
92
116
233
255
108
180
190
254
120
217
245
218
223
187
47
242
54
209
110
185
190
31
7
240
29
159
77
20
242
55
223
123
95
38
251
214
59
147
183
213
66
10
238
206
33
211
62
227
194
147
26
251
197
123
86
78
141
194
21
78
219
248
45
210
136
34
168
215
37
85
187
82
60
229
84
96
88
48
47
205
28
173
181
221
172
24
129
241
126
156
203
64
252
49
189
92
87
48
250
113
22
101
2
223
181
3
56
246
126
16
7
173
45
49
5
246
247
67
32
248
67
154
124
26
176
44
30
186
80
113
111
81
108
158
61
86
48
5
72
84
64
10
142
65
224
192
85
56
44
24
8
162
184
142
73
40
52
51
156
202
135
40
176
49
151
109
68
54
149
157
126
183
220
181
209
93
56
48
69
189
244
98
43
208
114
244
247
109
163
165
88
124
88
85
105
222
124
148
190
214
120
232
125
113
93
59
47
180
36
213
110
153
188
25
15
240
25
156
77
48
242
50
157
123
223
36
250
49
151
109
12
36
149
157
116
183
212
53
193
77
57
20
5
172
228
66
43
208
98
208
243
105
163
132
88
60
24
81
105
215
124
16
184
218
56
168
125
116
30
59
175
176
48
209
110
153
172
25
11
240
25
156
77
48
242
50
157
122
87
36
251
6
128
9
170
23
152
142
9
7
202
1
232
161
6
164
83
9
86
32
17
128
112
194
73
69
213
33
37
18
42
1
73
151
132
223
130
34
72
105
48
96
72
36
41
151
20
117
111
18
172
24
4
166
1
252
56
16
178
50
185
24
87
96
114
53
149
109
132
54
213
157
126
183
222
189
209
93
28
48
71
189
244
98
41
208
50
228
227
109
167
165
88
92
92
85
105
221
60
181
186
214
120
232
117
112
93
59
47
182
52
245
110
153
172
24
7
240
29
156
73
16
242
50
189
123
31
36
250
17
151
237
4
52
149
157
118
183
220
149
193
77
61
20
7
173
228
66
41
208
98
192
227
109
161
164
80
60
28
85
105
215
56
212
184
222
56
168
117
112
94
59
175
180
48
213
110
185
172
24
3
240
25
156
73
16
242
50
189
122
87
36
250
1
144
173
4
54
221
153
118
151
158
150
197
89
24
57
195
141
212
194
41
208
50
228
227
109
49
164
16
24
76
21
105
221
56
213
168
94
120
232
113
112
92
59
47
180
52
245
110
187
172
24
7
240
29
156
65
20
242
50
189
122
87
32
250
6
2
9
42
16
156
14
1
134
10
1
128
145
6
180
87
139
85
0
0
128
50
218
73
76
212
45
45
18
40
17
72
5
132
207
138
32
104
41
2
32
64
36
41
23
84
52
59
18
172
24
4
162
17
188
56
0
34
50
185
72
83
104
242
192
11
131
25
0
73
164
239
9
160
106
138
82
164
203
170
203
8
225
71
14
133
78
147
91
95
17
160
65
130
34
26
219
6
101
186
17
108
237
108
112
116
48
39
93
52
53
224
153
172
56
53
209
29
140
72
16
224
1
189
72
87
33
250
196
43
135
217
0
89
164
238
105
176
106
137
82
181
203
170
139
8
225
111
28
129
110
147
89
127
145
160
105
130
34
27
249
2
97
168
17
250
237
44
244
60
56
55
119
55
117
224
153
168
44
49
209
29
157
76
4
232
3
173
72
87
97
250
196
43
135
89
32
91
164
246
57
184
106
137
66
181
203
170
139
8
233
111
76
129
102
146
73
93
149
160
105
134
34
82
253
16
97
160
21
186
233
32
252
60
56
55
245
182
119
104
153
168
45
115
209
93
25
12
6
232
3
229
72
87
97
250
0
137
130
154
1
138
196
2
7
192
36
194
146
192
38
10
13
19
160
3
198
45
194
67
65
215
145
38
16
170
2
67
151
18
81
32
48
72
234
96
96
61
36
97
181
20
245
111
145
168
25
5
180
9
24
64
19
51
50
177
16
113
129
202
13
6
109
161
159
189
163
120
188
254
214
69
137
57
121
37
128
124
193
96
240
98
202
120
73
168
0
130
124
67
49
223
253
96
213
48
119
122
41
52
220
84
90
14
80
131
96
97
57
44
24
4
240
29
140
8
20
226
39
188
202
215
38
249
6
134
0
8
1
156
6
65
167
6
3
192
145
46
188
68
137
17
0
32
128
114
218
105
93
213
13
37
2
170
17
64
7
132
79
138
0
40
41
10
36
64
36
169
23
84
52
51
18
172
24
4
162
17
188
56
8
98
18
181
72
83
40
98
56
243
253
204
54
21
221
126
247
220
181
241
125
56
181
207
254
244
66
43
212
114
228
247
173
163
228
24
125
92
84
105
254
108
246
190
222
120
137
245
242
95
59
47
176
180
209
110
187
190
157
15
240
29
159
93
48
242
50
221
123
223
38
251
41
6
109
33
159
189
163
120
188
127
222
117
233
61
249
229
130
124
195
112
240
114
154
124
125
172
4
130
124
83
57
207
93
104
221
176
119
122
169
60
221
84
90
142
68
163
246
65
184
60
24
12
240
29
143
9
54
226
55
188
202
159
44
248
35
22
100
131
223
181
3
56
166
127
18
67
141
105
48
5
244
245
67
32
248
67
154
124
26
184
44
14
190
24
113
207
69
108
222
60
82
48
37
76
68
64
10
142
65
96
200
85
56
36
24
8
226
152
142
65
40
116
51
156
202
151
40
240
41
6
101
161
159
253
163
57
188
254
82
69
137
61
89
37
128
124
193
48
240
98
218
120
89
184
12
130
124
82
57
219
253
104
215
176
119
122
169
44
252
84
26
174
84
163
114
97
56
44
24
9
240
29
156
8
62
226
55
188
202
215
40
250
13
130
77
161
157
177
163
120
188
63
214
85
201
61
89
33
128
124
195
96
224
98
138
120
108
168
8
130
124
67
49
223
253
96
213
176
119
122
41
52
220
84
26
14
80
163
98
97
57
44
24
4
240
29
140
8
20
226
55
188
202
215
38
253
60
241
125
204
54
181
217
126
247
156
213
241
125
57
189
79
250
212
66
59
208
114
196
247
237
160
228
24
125
220
84
233
254
108
182
190
222
120
137
117
242
223
59
46
176
180
209
110
187
190
159
7
240
29
157
93
48
242
58
221
123
95
38
251
1
135
13
142
36
149
149
54
167
212
53
192
9
57
20
4
141
228
64
41
16
96
208
227
121
33
133
24
52
152
16
9
212
116
80
138
218
24
136
40
112
26
57
175
148
48
244
110
145
168
153
9
240
9
156
76
48
242
50
156
80
87
36
250
6
130
1
42
144
140
14
73
134
10
0
0
129
6
180
17
203
85
1
0
128
50
90
73
68
213
61
37
18
40
49
0
69
132
223
138
32
40
41
2
36
64
36
41
23
84
52
51
16
172
24
4
162
17
124
56
0
34
18
181
8
87
104
34
6
134
1
8
136
156
6
65
172
74
2
8
129
7
188
5
203
101
1
32
192
35
90
73
68
213
29
37
18
10
49
0
69
132
223
138
32
40
45
2
36
64
32
169
23
84
52
51
16
172
24
0
162
17
60
56
0
34
18
181
72
83
104
98
64
11
131
25
0
73
164
231
9
160
106
141
80
164
203
170
139
8
161
67
12
136
238
147
89
93
21
160
1
134
34
30
248
6
101
186
16
160
237
36
48
116
48
39
79
54
61
224
137
168
124
53
209
31
132
72
128
224
1
181
72
71
33
250
6
132
9
170
21
152
134
9
135
74
0
232
161
6
172
85
203
85
32
0
128
115
210
97
68
213
25
37
18
42
1
8
133
132
223
138
32
104
41
48
32
72
36
41
23
20
116
55
18
188
24
4
160
1
252
56
16
162
50
189
24
87
104
114
0
137
130
150
1
74
212
2
3
192
37
194
146
194
6
10
15
19
160
3
134
45
194
67
65
215
147
38
0
42
2
65
135
18
113
32
48
72
234
32
96
61
164
97
181
20
245
111
209
170
41
85
180
9
56
64
19
51
50
177
16
113
129
74
195
195
0
137
192
130
14
192
2
3
41
138
128
129
6
25
4
69
44
100
10
133
2
72
78
213
59
108
146
46
34
17
82
149
220
11
0
172
38
2
36
106
40
105
55
24
220
145
64
128
48
48
1
242
36
170
201
12
16
1
68
81
17
34
68
106
151
25
32
91
166
245
153
184
106
141
80
181
219
170
139
8
225
107
76
129
102
144
73
77
157
160
105
130
35
90
249
16
97
32
21
170
232
32
254
60
56
55
117
182
119
104
187
136
109
115
209
93
29
76
4
234
3
236
72
70
97
250
1
129
13
136
38
213
149
54
183
150
21
192
25
56
57
3
137
84
66
41
144
114
196
227
105
33
132
0
53
8
20
73
220
44
145
168
90
120
136
48
112
29
56
47
148
52
116
110
27
168
24
5
176
25
156
92
16
226
58
188
81
215
36
250
64
75
135
89
0
89
164
231
9
176
106
137
80
181
203
170
139
8
225
107
28
128
110
144
89
125
149
160
65
130
34
26
248
2
97
184
21
186
237
44
244
52
56
55
127
182
125
224
153
168
109
53
209
31
133
72
132
232
3
237
72
70
33
250
68
74
7
29
0
73
164
229
9
184
106
149
80
181
217
162
139
8
225
106
12
168
236
144
89
77
5
160
1
130
51
30
248
3
97
184
21
162
237
36
183
52
56
54
110
166
126
224
137
137
125
49
209
31
133
72
128
232
3
224
72
70
33
246
68
75
2
25
0
72
164
229
9
160
106
133
16
164
201
162
139
8
161
74
12
136
236
144
73
93
21
32
1
134
34
30
248
39
101
186
16
162
237
36
49
52
48
39
78
182
60
224
137
168
124
53
209
31
132
72
128
224
3
245
72
70
33
242
