posters/Movie Poster 60.jpg
512
782
224
87.6305
-1
0
158
612
0.00593931
31
115.866
-1
0
188
612
0.00723207
31
144.118
-1
0
199
612
0.00489811
31
46.2189
-1
0
110
613
0.0103889
31
65.6006
-1
0
153
613
0.0125433
31
119.302
-1
0
186
613
0.00815664
31
147.113
-1
0
197
613
0.00931929
31
54.4623
-1
0
136
614
0.00667018
31
28.355
-1
0
140
614
0.0126354
31
52.5494
-1
0
150
614
0.0126003
31
86.9872
-1
0
167
614
0.00788298
31
-7.72183
-1
0
143
615
0.0103844
31
164.554
-1
0
191
615
0.00644594
31
-46.7357
-1
0
155
616
0.00464536
31
-60.0413
-1
0
107
617
0.00876871
31
-96.0333
-1
0
118
617
0.0122871
31
-118.009
-1
0
126
617
0.00839521
31
70.6259
-1
0
137
612
0.00575709
31
115.75
-1
0
129
612
0.00407698
31
-107.241
-1
0
130
617
0.00906128
31
-72.2287
-1
0
136
617
0.00616704
31
-53.455
-1
0
140
617
0.014532
31
-92.7263
-1
0
177
617
0.00835487
31
-164.358
-1
0
196
617
0.00958333
31
-173.526
-1
0
200
617
0.0096894
31
-94.2728
-1
0
116
618
0.0122755
31
-72.5651
-1
0
150
618
0.0114128
31
-108.741
-1
0
184
618
0.00867794
31
-58.3245
-1
0
104
619
0.00668588
31
-79.1145
-1
0
110
619
0.00621539
31
-72.77
-1
0
147
619
0.00782824
31
-79.7267
-1
0
152
619
0.00880923
31
-84.6678
-1
0
168
619
0.004009
31
-94.7636
-1
0
174
619
0.00817121
31
-99.758
-1
0
181
619
0.00945903
31
-108.052
-1
0
188
619
0.00706949
31
-132.809
-1
0
194
619
0.00512228
31
-74.7449
-1
0
139
620
0.00809784
31
22.4259
-1
0
107
612
0.00625072
31
-0.603091
-1
0
104
612
0.0108896
31
-19.3443
-1
0
102
612
0.00670651
31
90.3031
-1
0
171
611
0.005235
31
67.6938
-1
0
139
611
0.00787912
31
95.7106
-1
0
113
611
0.00516206
31
-160.253
-1
0
337
313
0.00294272
31
-81.0983
-1
0
277
184
0.003168
31
84.4725
-1
0
164
611
0.0032176
31
99.5703
-1
0
183
611
0.0037708
31
-13.6472
-1
0
254
247
0.00247803
31
-31.7707
-1
0
254
228
0.0025735
31
-26.3857
-1
0
249
221
0.00252634
31
-155.158
-1
0
276
174
0.00210299
31
-75.129
-1
0
192
184
0.00195445
31
-119.932
-1
0
263
250
0.0018323
31
-93.1798
-1
0
116
379
0.00160631
31
143.8
-1
0
293
183
0.00162247
31
-42.6231
-1
0
287
211
0.00162203
31
-88.2643
-1
0
271
181
0.00164948
31
-76.7151
-1
1
159.6
620.4
0.00312319
37.2
-27.2768
-1
1
250.8
230.4
0.00140366
37.2
-82.4054
-1
1
168
619.2
0.00315741
37.2
-74.5214
-1
1
152.4
619.2
0.00704475
37.2
-70.0169
-1
1
150
619.2
0.00610339
37.2
-69.5235
-1
1
192
183.6
0.00146441
37.2
-85.3734
-1
1
195.6
183.6
0.00160988
37.2
-67.6646
-1
1
146.4
619.2
0.00491175
37.2
-91.4564
-1
1
174
619.2
0.00590978
37.2
-37.9987
-1
1
254.4
228
0.0017255
37.2
-75.5153
-1
1
139.2
619.2
0.0102316
37.2
-85.0834
-1
1
276
184.8
0.00157466
37.2
-101.211
-1
1
181.2
619.2
0.00499339
37.2
-174.71
-1
1
199.2
618
0.00674342
37.2
-100.042
-1
1
129.6
618
0.00566548
37.2
-106.75
-1
1
184.8
619.2
0.00470693
37.2
-115.32
-1
1
187.2
619.2
0.00499319
37.2
-162.474
-1
1
190.8
616.8
0.00868709
37.2
-148.219
-1
1
194.4
619.2
0.00422986
37.2
-64.5367
-1
1
136.8
616.8
0.00999986
37.2
0
-1
1
171.6
615.6
0.00344533
37.2
-39.0531
-1
1
254.4
222
0.00142998
37.2
-34.5923
-1
1
154.8
615.6
0.00720499
37.2
-47.6425
-1
1
142.8
615.6
0.00853651
37.2
-29.5724
-1
1
249.6
220.8
0.0021839
37.2
-40.486
-1
1
140.4
615.6
0.011208
37.2
-4.96974
-1
1
136.8
614.4
0.00924461
37.2
80.1342
-1
1
166.8
613.2
0.00556478
37.2
-165.379
-1
1
337.2
313.2
0.00234662
37.2
-166.088
-1
1
340.8
314.4
0.00149614
37.2
149.931
-1
1
199.2
612
0.00256086
37.2
-113.806
-1
1
271.2
181.2
0.00156361
37.2
132.101
-1
1
189.6
612
0.00412678
37.2
118.421
-1
1
186
612
0.00397005
37.2
104.744
-1
1
182.4
612
0.00298291
37.2
92.8341
-1
1
170.4
612
0.00386322
37.2
80.9335
-1
1
164.4
612
0.00332103
37.2
80.6398
-1
1
158.4
612
0.00337358
37.2
66.1757
-1
1
152.4
612
0.00539143
37.2
67.2176
-1
1
136.8
612
0.0039786
37.2
130.855
-1
1
128.4
612
0.0029919
37.2
-25.5451
-1
1
256.8
249.6
0.00287252
37.2
67.1355
-1
1
140.4
610.8
0.00465501
37.2
-17.5535
-1
1
254.4
247.2
0.00183781
37.2
-78.6901
-1
1
291.6
211.2
0.00200202
37.2
-75.7097
-1
1
216
184.8
0.00117698
37.2
-95.0424
-1
1
199.2
184.8
0.00110565
37.2
144.958
-1
1
294
183.6
0.00102007
37.2
114.944
-1
1
144
370.8
0.00102616
37.2
-25.0719
-1
1
255.6
254.4
0.000986494
37.2
-126.384
-1
2
178.56
616.32
0.00280054
44.64
89.4271
-1
2
171.36
610.56
0.00161039
44.64
-102.339
-1
2
293.76
211.68
0.00137358
44.64
-60.9454
-1
2
149.76
619.2
0.00267119
44.64
-72.2842
-1
2
218.88
181.44
0.00130404
44.64
-86.5664
-1
2
171.36
617.76
0.00364879
44.64
-170.44
-1
2
336.96
312.48
0.00129842
44.64
115.263
-1
2
185.76
610.56
0.00222127
44.64
-32.0329
-1
2
249.12
220.32
0.00159532
44.64
-43.7492
-1
2
254.88
221.76
0.00161797
44.64
-42.8253
-1
2
254.88
228.96
0.00119113
44.64
47.2906
-1
2
155.52
613.44
0.00523046
44.64
-32.0054
-1
2
257.76
250.56
0.00195911
44.64
133.128
-1
2
190.08
610.56
0.00181914
44.64
79.2711
-1
2
162.72
610.56
0.00138379
44.64
-168.179
-1
2
195.84
619.2
0.00248034
44.64
102.137
-1
2
181.44
610.56
0.0013888
44.64
-116.565
-1
2
184.32
619.2
0.00267592
44.64
-92.3533
-1
2
198.72
184.32
0.00123414
44.64
-96.4287
-1
2
175.68
619.2
0.0025018
44.64
48.0775
-1
2
151.2
612
0.00300316
44.64
79.0459
-1
2
158.4
612
0.00278431
44.64
-76.7151
-1
2
167.04
619.2
0.00151252
44.64
78.3664
-1
2
167.04
612
0.00239843
44.64
-23.4399
-1
2
254.88
246.24
0.0016605
44.64
148.851
-1
2
198.72
612
0.00173157
44.64
-75.6186
-1
2
159.84
619.2
0.00171613
44.64
-71.7675
-1
2
154.08
619.2
0.00288818
44.64
175.179
-1
2
200.16
617.76
0.00217512
44.64
-140.964
-1
2
187.2
617.76
0.00375277
44.64
93.9183
-1
2
174.24
612
0.00207502
44.64
-175.972
-1
2
191.52
616.32
0.00474765
44.64
-78.2118
-1
2
214.56
190.08
0.000835591
44.64
-69.7751
-1
2
224.64
178.56
0.000955928
44.64
-120.881
-1
2
270.72
180
0.000930695
44.64
-81.0274
-1
2
195.84
182.88
0.00102826
44.64
-81.6341
-1
2
223.2
182.88
0.000849977
44.64
-107.354
-1
2
276.48
184.32
0.00100628
44.64
-65.6744
-1
2
257.76
205.92
0.000756573
44.64
145.852
-1
2
315.36
192.96
0.000735802
44.64
-31.5348
-1
2
256.32
253.44
0.00100362
44.64
81.5616
-1
2
250.56
149.76
0.000873137
44.64
-146.659
-1
2
210.24
220.32
0.000797449
44.64
117.408
-1
2
144
370.08
0.000769229
44.64
-52.0869
-1
2
286.56
211.68
0.000759775
44.64
-29.71
-1
2
250.56
230.4
0.000807753
44.64
-103.51
-1
2
220.32
195.84
0.000813136
44.64
-177.797
-1
2
322.56
204.48
0.000789644
44.64
-79.0772
-1
2
214.56
185.76
0.000850441
44.64
-159.775
-1
2
339.84
318.24
0.000662765
44.64
-141.886
-1
3
210.816
219.456
0.000354
53.568
-39.9306
-1
3
250.56
219.456
0.00202495
53.568
179.1
-1
3
338.688
309.312
0.00045325
53.568
-99.0193
-1
3
295.488
214.272
0.000646974
53.568
-77.6753
-1
3
250.56
172.8
0.000964609
53.568
-73.3792
-1
3
292.032
210.816
0.00169244
53.568
-45.3032
-1
3
254.016
210.816
0.000571959
53.568
-151.209
-1
3
267.84
171.072
0.000365688
53.568
-92.0454
-1
3
292.032
205.632
0.000749927
53.568
177.769
-1
3
321.408
203.904
0.000515531
53.568
-169.634
-1
3
316.224
203.904
0.000375082
53.568
-80.2564
-1
3
260.928
224.64
0.00074733
53.568
-38.6598
-1
3
254.016
229.824
0.000642015
53.568
-126.621
-1
3
276.48
184.896
0.000449964
53.568
147.039
-1
3
314.496
191.808
0.000414813
53.568
-84.2417
-1
3
210.816
186.624
0.000448694
53.568
-89.1987
-1
3
219.456
188.352
0.000697247
53.568
-85.7946
-1
3
214.272
190.08
0.000551086
53.568
-100.899
-1
3
222.912
190.08
0.00049007
53.568
-154.578
-1
3
335.232
326.592
0.000423034
53.568
-79.3508
-1
3
214.272
184.896
0.000631297
53.568
-79.992
-1
3
248.832
184.896
0.000492443
53.568
-96.399
-1
3
222.912
183.168
0.000711996
53.568
-82.4054
-1
3
198.72
183.168
0.000837134
53.568
-77.2929
-1
3
195.264
183.168
0.000896137
53.568
-129.226
-1
3
271.296
179.712
0.000655185
53.568
-18.7413
-1
3
186.624
179.712
0.000457557
53.568
-94.3432
-1
3
255.744
177.984
0.000446827
53.568
-98.1802
-1
3
219.456
195.264
0.000446653
53.568
-5.71059
-1
3
183.168
176.256
0.000569751
53.568
-27.0797
-1
3
254.016
245.376
0.000837781
53.568
-91.8476
-1
3
224.64
177.984
0.000600215
53.568
-89.1987
-1
3
254.016
174.528
0.000727308
53.568
153.741
-1
3
196.992
611.712
0.00112411
53.568
95.1173
-1
3
286.848
338.688
0.000407065
53.568
-31.866
-1
3
255.744
250.56
0.000973744
53.568
91.3322
-1
3
172.8
611.712
0.00100985
53.568
131.082
-1
3
184.896
611.712
0.00141947
53.568
-148.736
-1
3
209.088
224.64
0.000358044
53.568
-86.8698
-1
3
210.816
190.08
0.000332396
53.568
-88.9488
-1
3
198.72
193.536
0.000332917
53.568
-74.2192
-1
3
264.384
247.104
0.000341326
53.568
176.292
-1
3
309.312
198.72
0.000347474
53.568
-178.08
-1
3
278.208
172.8
0.000353285
53.568
148.523
-1
3
293.76
183.168
0.000336238
53.568
-46.4995
-1
4
255.053
228.096
0.000604669
64.2816
-31.7595
-1
4
223.949
483.149
0.000375865
64.2816
-51.3402
-1
4
223.949
487.296
0.000324936
64.2816
-85.4261
-1
4
263.347
230.17
0.000239351
64.2816
-98.3929
-1
4
292.378
205.286
0.000833151
64.2816
-55.9228
-1
4
252.979
209.434
0.000261003
64.2816
-97.2532
-1
4
294.451
209.434
0.000759476
64.2816
-35.5377
-1
4
255.053
244.685
0.000459342
64.2816
-57.1715
-1
4
263.347
244.685
0.000395147
64.2816
-34.3211
-1
4
255.053
250.906
0.000418759
64.2816
-75.9638
-1
4
288.23
213.581
0.00100261
64.2816
-44.3969
-1
4
250.906
217.728
0.00147797
64.2816
-93.5396
-1
4
263.347
219.802
0.000424209
64.2816
-55.8855
-1
4
257.126
221.875
0.001044
64.2816
-139.883
-1
4
211.507
219.802
0.00017954
64.2816
-34.6057
-1
4
255.053
255.053
0.000224513
64.2816
109.604
-1
4
288.23
337.997
0.000181777
64.2816
-145.981
-1
4
209.434
223.949
0.0001808
64.2816
81.545
-1
4
282.01
337.997
0.000176833
64.2816
-46.2018
-1
5
256.297
243.855
0.000471567
77.1379
-69.2059
-1
5
263.762
243.855
0.000322687
77.1379
224
64
200
201
142
93
227
91
248
191
157
187
126
205
27
252
111
174
169
220
61
111
78
170
164
58
107
223
183
34
221
67
62
62
240
35
125
121
87
119
254
244
211
254
249
126
222
158
89
240
205
137
86
149
217
95
135
206
209
252
41
127
93
84
131
189
195
203
207
221
239
63
223
154
189
125
45
203
143
253
118
173
133
253
61
111
78
207
176
114
111
255
159
50
253
19
50
59
242
121
210
121
82
125
252
241
118
190
58
63
221
218
252
201
141
141
22
5
217
255
159
79
17
244
49
31
84
85
6
185
199
206
8
42
237
154
14
8
9
35
57
234
170
139
76
11
129
33
36
213
205
199
128
105
71
215
153
39
146
42
3
81
146
188
213
171
106
56
233
34
98
126
40
169
213
24
244
57
146
174
16
5
193
93
221
162
16
227
51
181
24
211
112
58
202
201
154
93
34
91
216
135
27
178
143
140
80
148
111
250
157
26
248
159
14
185
118
130
241
71
210
208
65
231
158
114
173
154
227
100
191
75
250
105
58
61
229
112
183
247
39
110
255
202
239
223
151
79
112
246
183
203
237
119
55
232
223
194
216
201
158
221
35
91
248
238
29
185
127
159
19
188
251
234
171
144
248
47
14
187
230
186
121
111
146
32
69
195
62
191
251
51
97
121
86
255
254
252
243
253
229
118
190
190
105
250
143
137
255
245
153
95
181
206
209
232
105
123
93
44
131
247
195
219
78
221
255
63
95
154
189
127
45
202
143
249
118
173
133
253
60
127
110
199
176
122
103
255
155
50
253
51
126
51
242
121
210
105
82
125
252
241
118
254
58
63
209
90
244
89
141
157
20
5
201
255
143
143
57
244
49
30
212
214
22
185
199
206
72
42
237
154
14
9
41
99
59
234
170
47
76
15
129
33
44
253
143
102
145
105
85
215
155
55
22
58
35
81
146
236
220
139
106
56
235
34
100
126
40
233
151
90
244
59
211
175
16
5
197
21
239
174
16
230
50
181
88
211
120
58
92
9
159
221
34
95
216
247
31
248
95
149
81
180
123
234
157
218
248
47
30
185
198
146
185
69
146
208
109
227
158
255
245
19
113
96
222
223
218
113
178
61
229
118
62
134
65
106
159
202
239
215
159
95
177
222
199
79
105
123
95
40
195
246
56
169
155
219
34
221
216
167
95
226
95
140
85
180
127
250
157
146
224
170
150
113
71
131
249
69
244
252
33
247
158
234
133
24
195
36
158
202
234
105
48
29
229
100
55
182
181
110
191
202
175
219
182
13
112
222
199
195
90
113
115
249
75
230
124
137
191
221
34
95
216
247
31
252
127
159
81
180
123
238
157
218
248
43
30
185
198
146
249
101
146
80
105
251
30
251
229
16
113
96
246
219
250
121
178
61
231
118
182
150
225
104
159
138
239
255
159
95
176
222
215
235
121
123
127
44
75
246
217
207
79
125
102
123
252
247
57
187
124
223
30
245
111
234
175
220
189
111
78
248
164
58
107
223
179
50
253
67
62
62
240
103
60
121
87
119
254
181
211
255
251
126
222
158
88
240
207
153
118
213
217
255
135
76
209
252
41
95
85
124
3
181
43
205
108
10
7
157
135
9
239
198
31
234
189
62
125
95
221
179
98
157
183
119
83
101
241
117
85
60
46
250
223
32
142
108
195
150
203
9
250
104
44
221
100
169
21
252
53
39
181
138
128
14
182
5
122
247
59
247
222
181
179
249
236
74
35
198
108
170
55
156
15
1
173
199
57
202
173
47
116
79
137
117
108
249
190
118
219
109
85
247
29
55
63
186
95
129
130
236
223
139
234
89
251
43
36
251
108
233
151
88
116
51
86
153
144
8
175
161
238
190
56
166
114
247
251
219
124
58
167
255
109
74
255
56
215
152
187
87
189
250
175
123
230
93
193
247
60
61
116
86
176
116
102
247
89
59
255
59
74
57
158
236
156
202
226
25
187
189
119
159
42
253
209
89
244
5
210
191
16
12
88
161
207
47
56
148
244
31
222
221
190
89
231
205
239
222
247
30
93
138
175
71
57
250
47
235
246
255
227
245
60
119
14
199
180
38
79
199
167
59
211
56
58
57
242
44
94
219
66
117
179
254
114
218
56
125
210
90
213
28
217
172
18
5
104
31
149
79
152
246
49
60
92
84
50
185
220
203
239
253
50
127
240
247
61
212
254
157
95
244
253
234
227
220
255
111
14
248
228
179
111
207
135
144
125
71
62
187
240
103
117
250
86
119
217
244
210
255
248
54
220
134
75
238
141
173
127
149
248
31
135
76
144
244
43
252
89
78
35
249
24
169
191
221
34
127
240
247
93
220
126
149
81
52
219
234
235
216
217
107
116
56
228
147
121
109
4
128
77
195
62
255
253
35
117
240
87
251
201
252
251
125
245
54
110
166
67
238
143
41
255
149
250
31
157
76
196
234
43
232
91
14
35
246
221
201
158
221
34
75
252
246
25
253
127
157
18
244
219
234
171
216
184
111
14
169
230
58
105
79
146
34
85
71
62
63
243
51
117
121
86
255
254
246
147
253
237
118
175
158
73
186
207
137
127
245
217
95
181
206
209
233
105
123
93
44
131
182
195
222
79
105
253
58
239
218
57
31
168
203
206
25
198
185
195
237
61
109
6
205
40
120
103
223
59
51
223
7
34
23
210
231
252
91
98
189
189
183
103
238
42
253
223
90
124
145
200
145
118
48
73
231
167
174
209
220
32
14
84
85
23
185
220
201
222
221
34
127
248
247
29
220
126
157
23
180
249
234
235
220
221
111
52
184
228
187
105
111
166
128
93
199
62
191
248
39
125
251
87
247
217
244
219
253
249
62
110
166
75
254
143
41
127
181
216
31
133
76
208
248
43
236
93
14
35
181
143
223
111
252
254
61
93
218
185
95
173
203
79
249
244
249
225
244
63
109
102
204
160
122
110
223
55
59
255
15
122
61
242
103
188
219
66
117
181
247
87
202
58
127
218
158
220
148
204
181
86
4
72
182
135
77
144
244
33
30
92
92
38
185
167
255
77
202
255
56
95
24
171
87
173
250
175
91
228
125
193
245
60
61
103
244
176
112
102
247
249
59
191
58
74
41
154
100
220
218
66
121
251
247
102
222
42
125
208
27
244
29
192
183
16
4
72
183
207
47
56
180
180
30
220
213
190
25
157
223
95
253
182
125
252
246
57
223
125
219
94
245
238
235
163
220
189
107
46
216
164
186
107
79
163
250
253
71
62
59
240
118
188
251
87
119
248
245
210
255
251
126
250
150
94
180
207
153
118
247
216
191
135
108
145
244
41
94
93
126
3
189
43
156
138
42
55
249
156
15
43
194
141
236
62
14
47
221
205
178
32
217
133
85
91
105
231
213
121
125
87
119
254
97
133
212
251
2
235
204
232
35
33
221
110
41
31
213
119
235
214
250
62
150
166
5
242
52
146
131
174
229
145
217
92
66
2
218
138
42
37
218
156
15
43
130
9
168
162
135
45
155
141
131
32
217
133
85
67
73
97
213
121
109
23
43
170
64
157
156
255
3
107
12
232
35
32
222
32
41
23
221
55
235
210
250
56
19
164
5
254
156
16
195
190
245
17
81
80
66
205
207
239
253
50
127
245
247
61
213
254
157
95
252
255
238
235
220
127
111
126
184
228
179
111
239
133
176
125
71
62
185
240
39
117
250
82
115
217
244
242
255
184
63
220
150
127
238
141
173
95
133
248
31
135
77
144
240
43
188
89
70
34
249
135
219
111
237
254
124
221
210
57
95
189
219
206
249
124
249
225
252
63
111
70
204
164
123
111
223
55
59
255
47
58
61
242
103
124
219
66
119
253
183
215
254
58
127
218
158
252
180
201
181
86
132
200
183
135
109
144
212
32
30
92
93
50
185
220
233
142
221
162
217
248
180
25
187
127
158
146
182
251
234
137
218
125
235
15
152
230
152
105
79
183
250
197
195
62
186
248
16
109
235
87
127
248
240
250
255
249
62
190
182
91
52
159
137
126
247
216
159
149
76
209
241
41
124
125
58
67
183
231
207
203
155
87
30
15
139
175
199
41
234
171
203
246
127
131
117
36
119
14
167
176
102
71
215
191
43
147
58
50
25
210
44
214
155
66
124
227
247
98
90
56
233
215
94
245
60
216
172
16
5
96
29
149
75
16
178
49
61
92
84
48
186
199
201
239
220
119
91
85
206
189
213
175
248
95
253
254
239
225
244
63
111
14
143
164
51
79
207
161
59
243
14
50
57
240
39
118
250
66
119
241
244
242
222
56
63
220
30
245
174
137
165
86
5
248
31
151
77
144
244
33
188
88
86
34
249
134
223
111
237
252
124
220
211
57
95
189
219
206
245
92
185
225
205
63
239
70
204
160
122
111
223
55
59
255
47
50
61
242
103
220
219
74
117
253
183
119
254
58
127
222
30
252
180
201
181
86
4
200
183
135
109
144
212
32
63
92
85
50
185
142
219
78
253
254
124
220
211
61
29
45
203
206
241
124
249
225
220
63
111
70
140
164
123
111
223
55
59
255
15
58
62
242
103
124
219
82
119
249
180
211
254
56
127
218
158
252
180
201
181
86
149
200
151
135
109
144
212
33
62
92
84
2
185
143
223
238
253
183
125
253
211
61
221
47
203
142
249
254
237
161
252
61
107
14
142
180
59
103
223
55
51
253
7
58
55
242
103
126
219
82
119
249
181
211
254
58
127
218
214
92
176
201
157
86
53
216
159
135
108
145
212
33
62
92
92
3
185
205
207
223
125
162
125
252
246
57
255
111
219
94
245
239
234
171
220
189
107
62
200
166
184
107
127
179
242
205
67
62
63
248
115
124
251
87
119
248
244
251
254
185
62
254
151
94
180
137
137
118
245
216
159
135
76
145
244
41
255
93
118
3
185
221
205
159
93
162
121
252
244
25
255
127
222
82
244
239
234
169
216
189
107
14
152
230
152
107
127
179
250
197
71
62
59
248
18
125
235
87
119
248
244
242
254
249
62
254
150
95
180
143
137
118
247
216
159
133
76
145
241
41
253
93
118
3
183
220
233
155
89
162
217
248
181
153
187
127
158
210
150
255
234
141
154
123
203
15
147
102
152
233
79
183
234
197
199
190
186
249
24
109
239
91
119
232
242
250
255
245
62
190
247
63
180
191
137
126
247
216
31
213
88
145
241
41
125
125
122
67
179
205
200
138
153
3
75
241
142
25
164
172
172
18
142
111
235
141
58
240
151
45
145
118
128
193
101
216
224
97
231
222
227
173
24
227
96
187
75
232
121
122
29
118
32
181
119
55
108
253
234
235
31
150
95
112
208
62
161
173
121
187
217
78
202
135
223
99
253
252
60
204
211
41
95
41
203
206
209
84
185
225
205
63
111
70
140
160
122
111
223
55
43
215
14
50
57
242
39
92
219
66
117
253
245
115
126
56
127
219
30
220
148
200
181
84
5
72
183
143
105
144
240
49
31
92
85
34
185
26
221
152
30
39
219
92
7
35
130
157
140
60
132
47
223
157
178
32
153
135
119
83
79
225
85
243
124
19
119
222
96
143
220
171
4
235
76
250
99
32
139
229
105
183
253
183
46
246
218
170
79
166
225
114
246
155
147
254
115
177
249
222
66
51
213
24
90
55
176
92
24
99
139
57
170
172
142
36
95
221
183
52
159
139
118
83
111
225
215
243
125
19
122
196
33
154
156
157
7
235
77
250
99
34
202
111
105
183
93
181
63
214
219
48
7
46
161
254
247
147
179
188
87
53
249
220
2
243
213
74
91
55
176
95
152
119
171
57
234
174
138
36
95
253
247
60
159
11
246
145
111
228
215
243
127
19
57
196
49
146
172
158
215
106
93
178
115
98
202
42
121
151
92
212
31
214
187
16
5
44
161
255
247
145
179
180
31
61
241
254
51
203
203
143
93
238
123
220
182
57
189
126
203
14
245
110
171
237
220
61
239
78
140
172
186
107
223
179
50
221
3
50
63
240
35
124
121
91
119
252
244
211
254
56
63
223
158
220
244
137
137
86
133
217
127
135
201
145
244
33
63
84
84
2
185
209
205
158
221
32
79
248
246
25
253
127
157
18
212
219
170
171
88
184
47
14
169
230
58
105
79
146
34
81
67
30
127
247
51
113
113
22
239
254
246
243
189
233
118
191
158
105
250
205
200
127
245
157
95
180
206
211
233
105
123
93
36
131
254
196
235
79
89
224
90
252
227
121
187
108
202
66
181
223
170
139
201
189
111
14
204
44
152
107
95
31
162
205
7
42
22
240
67
125
73
83
183
255
178
179
126
184
119
63
158
126
176
205
201
118
241
217
255
167
174
215
204
41
111
84
96
83
183
251
215
238
222
118
23
95
179
55
214
53
202
31
249
54
79
148
247
124
255
84
247
240
243
88
99
181
124
125
120
124
41
218
124
150
234
218
120
144
241
118
223
57
63
241
180
209
78
159
175
28
7
242
29
159
93
24
247
51
157
121
222
42
251
252
61
251
253
55
103
124
255
93
235
249
185
115
198
155
222
187
92
248
79
31
189
230
155
207
203
242
173
83
125
62
175
239
55
181
251
150
253
247
119
48
107
247
123
191
29
79
190
222
174
127
247
211
254
52
74
193
187
105
251
31
100
157
246
200
201
139
93
227
91
252
191
157
187
126
207
19
212
111
170
173
220
253
79
78
170
172
154
107
223
183
34
213
67
62
62
248
35
109
113
87
119
238
180
243
254
240
62
223
190
61
240
141
137
86
149
217
95
133
200
209
248
41
125
85
84
3
185
195
207
175
253
239
126
213
155
189
253
46
203
143
253
126
173
229
253
61
255
126
141
60
115
103
255
155
50
253
19
58
119
242
111
114
121
90
119
252
244
211
254
58
191
221
218
253
229
201
137
86
5
217
127
143
77
17
244
49
63
84
84
6
185
225
205
14
155
2
95
223
183
159
199
61
204
27
172
125
174
239
214
116
47
22
130
228
34
121
231
173
40
83
11
18
57
240
36
53
218
82
105
234
248
114
222
56
63
150
30
116
108
153
169
86
5
248
29
132
74
144
240
40
60
93
84
34
186
114
205
143
223
34
95
211
167
223
196
63
156
29
182
91
238
175
214
56
47
6
41
228
39
121
195
132
28
103
171
30
123
180
37
113
218
86
83
202
124
179
93
185
54
188
158
113
110
155
168
127
133
184
31
181
78
209
242
40
121
89
4
34
251
242
13
152
150
1
74
86
7
7
192
15
132
50
174
78
190
239
82
48
103
6
169
229
35
73
215
145
13
19
42
18
105
148
37
113
218
2
64
234
84
48
221
60
99
173
28
245
110
145
160
83
5
176
31
180
203
17
114
49
57
88
21
32
234
187
212
254
127
63
181
221
26
247
255
181
235
191
171
38
95
253
183
118
187
245
119
83
127
241
119
243
127
127
253
229
227
223
236
142
244
251
125
250
121
124
207
111
237
151
113
215
127
189
254
152
15
244
173
252
93
62
183
247
159
187
251
172
203
184
254
183
109
254
125
165
249
252
157
254
239
239
92
127
237
253
255
239
219
116
22
63
212
179
127
125
234
253
214
247
246
207
104
203
52
223
58
233
101
125
29
114
183
221
115
190
109
168
191
137
11
242
191
152
81
54
208
215
165
242
223
44
90
9
222
84
168
129
253
165
120
189
93
110
203
141
61
220
133
207
254
229
32
116
118
152
240
97
125
17
240
188
66
75
153
158
64
219
0
53
136
248
40
109
21
58
183
117
177
118
101
170
153
169
40
242
133
203
29
47
132
22
165
210
219
45
90
195
141
138
31
103
195
88
143
51
193
53
233
58
170
38
255
169
18
56
159
11
155
231
35
99
195
138
31
19
121
28
32
181
173
52
243
123
87
134
244
210
235
108
72
155
30
201
142
85
170
94
133
53
34
181
238
144
119
40
28
25
60
146
201
239
252
118
37
223
227
243
216
190
125
172
123
239
91
227
253
235
245
63
118
237
15
190
120
102
223
121
47
223
95
115
127
247
229
221
251
114
113
237
247
115
92
90
31
217
31
216
213
140
189
90
5
249
190
140
107
16
188
179
191
220
95
52
184
214
201
154
159
211
203
218
204
31
161
143
190
178
206
235
250
235
17
56
87
15
175
231
3
101
206
250
47
83
175
142
54
255
39
37
219
18
127
207
86
19
253
228
106
191
31
45
54
205
174
114
37
185
95
180
226
80
250
185
121
25
36
179
202
220
187
251
253
54
243
248
255
85
251
213
188
99
210
183
91
187
221
248
79
15
189
231
155
173
203
242
191
87
109
54
171
223
23
181
251
214
253
251
117
112
107
243
126
187
157
107
190
94
186
127
247
241
254
180
94
209
191
121
223
93
125
183
247
138
203
110
253
36
124
252
195
61
221
47
203
14
253
126
173
163
220
63
107
6
142
180
114
111
223
55
59
223
7
50
54
242
102
126
218
82
127
249
180
243
254
56
127
222
214
94
188
201
185
86
21
216
23
167
76
145
240
33
46
84
118
3
185
82
201
138
159
3
74
210
135
31
224
61
140
50
182
79
190
111
146
48
207
6
169
229
35
121
207
128
12
83
163
18
123
176
37
49
218
83
67
202
242
178
220
48
106
157
30
97
110
153
168
87
5
248
29
176
202
17
242
41
253
88
84
2
251
137
223
126
253
36
124
252
211
57
223
45
203
78
241
126
175
167
252
61
107
6
232
52
58
111
207
39
186
223
7
58
51
240
102
126
216
82
119
248
181
211
254
58
127
250
214
90
252
201
153
118
85
216
151
167
76
145
208
97
46
84
118
3
185
134
219
110
252
52
124
252
211
61
159
45
203
78
241
252
169
227
220
63
107
6
204
164
114
111
223
55
59
255
7
58
48
242
102
124
218
66
119
249
181
215
254
56
127
218
22
124
188
201
181
86
21
72
151
135
76
144
244
33
46
92
84
3
185
134
219
110
252
52
124
252
211
61
95
173
202
206
241
220
169
227
212
63
107
6
204
160
114
111
223
55
59
255
15
58
48
242
102
252
218
66
125
249
181
247
254
58
127
218
22
124
188
201
181
86
20
72
183
135
13
144
244
49
62
92
84
38
185
189
250
119
77
254
127
183
242
254
21
255
219
95
124
125
237
253
239
111
250
244
118
52
214
219
127
245
250
237
214
247
254
207
120
67
60
222
50
248
109
127
29
115
183
213
243
182
109
168
189
141
75
242
31
155
81
38
211
83
189
242
223
108
222
187
254
102
111
255
125
167
181
121
221
254
253
110
93
76
173
255
238
111
251
245
42
189
246
243
127
117
162
255
87
227
247
237
111
209
52
255
18
237
253
123
93
58
191
221
115
190
231
168
253
207
9
248
175
137
65
54
241
231
183
210
247
44
222
135
219
110
252
52
124
93
210
41
95
169
202
206
217
212
169
227
212
47
109
6
204
160
122
111
223
55
59
255
14
50
57
242
102
220
219
66
125
251
183
247
254
58
127
218
26
244
188
192
181
20
20
72
183
135
13
144
244
48
62
92
84
38
185
153
207
30
253
34
125
252
246
57
223
111
201
94
245
111
170
167
216
189
107
46
248
165
178
105
111
163
178
205
71
62
59
240
114
124
248
87
119
248
240
210
254
185
62
250
151
90
124
137
137
118
247
216
31
135
76
151
241
41
254
85
118
3
185
122
201
139
222
66
79
210
167
95
228
127
156
17
244
127
238
239
82
16
102
6
185
196
35
57
197
132
12
67
195
30
123
178
39
81
250
87
67
206
120
178
253
213
102
84
158
229
110
159
168
223
133
184
29
148
203
81
226
41
249
89
14
34
248
135
223
110
252
180
124
220
211
57
93
45
203
78
209
84
169
225
204
63
111
6
140
164
50
111
223
167
59
215
15
50
57
242
103
124
218
66
117
241
245
83
254
58
63
218
150
220
156
201
181
86
5
72
191
135
73
144
240
33
30
92
86
38
185
220
185
251
221
54
115
252
255
87
250
213
189
115
196
179
218
251
212
248
79
15
189
231
155
239
75
242
237
83
109
190
171
239
55
181
251
214
125
255
117
48
105
247
126
191
157
91
190
223
170
127
247
243
254
180
94
209
187
105
91
93
109
147
246
152
201
31
121
34
121
252
244
25
159
127
204
82
180
127
234
141
216
253
107
46
176
164
154
105
79
167
226
197
199
62
186
240
18
109
105
87
119
232
240
250
254
249
62
246
182
22
124
139
137
118
103
216
31
135
72
151
241
41
252
85
122
67
177
3
194
136
10
21
210
4
14
99
186
136
168
168
151
45
11
201
37
40
153
129
85
75
73
69
213
25
37
23
10
11
64
157
140
255
3
104
28
45
34
36
74
42
45
23
212
52
225
82
248
60
4
167
161
250
190
18
226
142
213
81
209
84
82
217
205
94
221
34
127
248
247
25
220
126
157
82
180
249
234
163
216
221
111
60
168
228
179
105
47
132
144
125
71
62
191
248
33
117
248
87
115
217
244
219
255
185
54
250
166
74
110
141
41
127
149
216
31
135
76
208
242
43
252
89
6
35
185
152
201
27
121
34
89
248
228
89
187
127
140
80
180
127
234
141
152
255
203
12
176
102
152
233
77
183
224
197
199
191
186
248
16
109
105
95
119
232
240
250
94
241
62
246
183
54
60
187
137
118
103
216
31
149
88
151
241
41
124
117
122
66
177
152
200
155
89
34
89
248
229
89
186
127
142
80
180
127
234
157
152
243
203
12
176
103
152
249
69
181
224
197
199
191
178
237
24
97
108
95
115
232
240
186
29
117
60
182
247
55
124
191
203
110
39
218
31
241
88
151
225
41
124
117
90
66
247
42
156
168
138
31
205
132
15
47
194
142
236
49
14
63
253
221
50
96
144
145
83
127
73
113
213
88
39
19
219
159
71
141
204
219
0
170
192
237
34
33
157
102
41
23
84
53
225
214
216
186
12
166
133
112
182
186
2
238
97
147
217
76
70
15
220
138
11
23
193
149
30
51
162
140
172
60
14
47
251
205
54
32
153
129
83
127
33
229
245
89
113
59
111
223
99
157
216
177
36
58
201
232
51
48
157
110
33
23
84
117
104
246
250
106
15
182
129
112
102
190
131
174
121
177
217
110
66
135
223
109
220
183
56
93
90
35
87
173
250
110
249
228
73
227
244
61
125
38
204
160
50
102
255
163
59
255
13
120
41
210
102
156
219
66
117
51
247
87
234
58
127
218
26
244
156
64
181
86
4
72
186
135
13
152
180
49
30
92
84
38
185
32
205
44
10
195
205
135
49
239
70
15
142
189
46
127
237
221
51
98
148
55
83
83
228
241
117
93
60
161
218
222
128
204
76
203
142
138
8
234
40
60
157
52
161
21
120
180
36
183
154
128
10
162
5
80
151
56
7
88
33
179
217
104
66
122
9
139
154
66
79
86
167
95
224
127
148
17
246
123
254
231
83
16
102
14
185
196
35
91
197
128
12
67
227
30
105
163
39
81
250
87
66
206
80
50
253
213
104
85
158
229
110
159
172
155
133
187
29
148
203
81
226
59
249
89
14
50
248
167
247
108
10
213
30
7
26
167
69
173
250
174
123
196
93
131
53
36
53
51
86
177
100
118
247
89
59
191
56
72
17
154
76
148
202
226
24
55
189
102
155
42
241
149
88
212
141
82
191
17
12
89
161
235
167
56
180
116
15
154
209
188
91
167
245
109
10
221
56
85
26
163
71
173
250
175
251
228
93
130
117
36
53
35
214
176
98
102
247
209
59
187
58
74
41
154
196
148
202
66
88
51
191
102
251
42
241
144
91
244
141
64
183
16
12
72
177
239
47
56
180
180
30
156
212
190
25
82
9
138
190
3
74
94
7
23
224
63
132
48
238
79
190
239
18
48
215
14
169
229
35
77
207
163
45
83
35
146
97
147
39
49
250
3
65
234
80
50
220
60
105
149
30
229
110
217
168
90
5
184
29
180
203
145
243
57
185
24
38
48
234
167
245
109
10
221
56
5
26
167
71
173
250
175
219
228
93
131
117
36
53
99
214
176
100
70
247
209
59
187
58
74
9
146
204
148
218
226
24
51
191
102
219
42
241
148
88
244
141
80
183
16
12
72
177
239
39
56
180
244
30
156
213
188
25
34
199
32
10
7
156
7
9
231
70
9
170
189
46
61
31
223
51
98
148
50
119
83
69
208
245
125
45
34
186
206
128
142
108
195
150
201
8
106
104
44
89
36
233
21
120
52
47
240
138
128
10
166
1
120
247
57
115
86
53
179
249
248
66
136
201
142
95
35
89
252
247
29
185
126
205
26
244
109
234
143
216
252
43
14
186
228
59
105
79
135
18
125
67
62
126
250
115
121
113
87
215
250
176
211
255
233
118
190
166
73
250
143
137
119
245
221
15
167
204
209
236
107
111
85
44
131
191
202
195
206
222
102
87
90
23
55
86
53
202
31
249
54
111
132
213
120
173
64
215
240
51
74
195
140
30
121
88
30
97
215
124
146
170
90
88
208
241
214
159
56
15
209
28
241
110
157
172
24
5
242
29
158
95
24
246
51
157
88
86
38
249
66
203
142
154
102
31
158
7
47
214
61
202
27
240
126
171
132
209
40
167
68
85
64
99
75
195
141
28
49
168
28
65
182
52
210
168
90
74
232
224
242
31
56
45
213
22
245
110
153
172
24
5
240
29
157
91
16
243
51
189
88
83
34
251
71
207
8
57
5
152
14
8
9
139
43
138
128
143
76
11
137
37
37
221
142
6
192
65
69
213
155
37
18
10
34
16
210
6
221
171
64
44
239
32
32
124
56
233
23
88
52
179
82
137
48
4
129
93
236
162
16
226
51
181
8
209
112
50
252
187
255
253
54
127
248
255
223
251
215
250
247
208
191
222
189
223
250
91
159
253
230
219
189
91
243
254
69
245
182
234
207
26
183
238
222
125
250
113
120
253
243
127
183
165
183
111
191
170
175
223
242
189
254
93
85
243
127
223
123
59
237
254
199
203
76
232
239
26
15
136
45
87
41
202
143
249
102
137
129
125
61
109
108
213
48
112
71
215
153
50
189
34
50
17
210
81
210
233
64
124
180
168
102
62
56
61
213
90
244
17
148
141
16
4
67
127
207
190
25
220
49
61
84
211
16
56
195
207
239
217
239
62
95
154
189
127
45
202
143
249
118
173
133
253
61
127
78
199
48
112
71
239
155
114
253
16
58
17
242
115
210
105
82
125
180
160
246
190
56
63
216
90
212
145
153
137
20
5
89
255
143
14
25
212
49
60
84
84
18
185
131
207
206
93
238
124
212
151
57
245
44
201
14
249
110
173
165
236
61
251
94
204
60
51
99
79
7
114
253
19
58
119
240
123
114
120
91
119
254
178
215
190
56
191
216
210
93
130
201
129
86
5
217
223
135
12
145
212
33
158
84
84
6
185
203
203
142
93
238
121
220
182
57
185
60
201
14
245
108
171
173
220
61
235
78
200
172
59
107
79
135
50
253
67
62
54
240
115
112
113
83
87
250
177
211
190
250
126
218
150
223
242
201
137
86
149
221
255
135
204
145
212
41
62
84
116
7
185
200
201
142
95
35
89
252
183
29
187
126
205
18
244
109
174
143
152
252
43
14
186
228
59
107
79
135
34
85
195
62
126
250
51
105
113
87
247
250
176
211
255
233
126
190
182
89
250
141
137
118
245
221
15
135
204
209
232
105
111
85
124
131
189
200
201
142
223
35
89
248
231
29
187
46
205
18
252
125
238
139
152
252
43
30
186
228
59
121
79
167
34
85
195
62
62
250
51
109
113
87
247
250
184
211
255
233
126
190
182
73
250
141
137
118
245
221
79
133
206
145
232
105
111
85
108
131
183
216
201
138
221
35
77
216
247
31
252
127
157
18
156
123
238
175
80
248
11
30
187
230
43
121
103
130
0
85
203
30
127
231
51
121
113
22
207
218
188
179
189
229
118
190
150
105
250
143
201
127
245
157
79
181
198
211
201
104
107
85
44
131
247
220
201
158
221
34
89
216
246
27
184
127
157
18
244
251
234
141
216
248
43
14
185
230
139
41
71
130
64
69
203
30
127
243
19
113
97
86
223
218
240
146
189
229
118
190
150
73
250
207
201
127
247
157
95
177
206
211
201
104
123
93
44
131
246
195
222
69
40
221
58
39
216
41
29
168
203
174
121
70
169
193
237
189
53
104
197
40
120
70
255
25
54
191
2
66
21
152
195
216
65
97
148
61
161
103
158
42
181
221
27
124
145
68
149
84
52
205
231
207
175
104
156
132
6
212
213
20
24
104
201
14
219
2
95
209
167
159
198
63
140
17
188
125
238
199
86
49
111
6
50
228
35
121
197
5
12
83
195
30
59
240
6
113
218
82
67
206
250
178
253
124
46
22
158
100
174
159
41
119
5
185
13
133
202
145
226
40
252
81
28
2
241
213
205
158
93
32
75
216
246
27
252
127
157
18
244
203
170
173
80
184
43
14
169
230
139
105
71
146
96
65
75
30
127
247
51
113
113
22
207
250
180
243
61
237
118
190
150
105
234
143
200
127
247
157
95
177
206
211
201
104
107
85
36
131
230
67
205
10
155
3
95
212
135
31
198
45
140
18
188
125
174
207
210
52
111
6
18
229
35
121
199
165
44
83
131
26
51
240
38
113
218
83
67
206
250
50
222
56
46
150
30
116
174
153
169
118
5
184
29
165
202
145
242
41
188
81
84
2
187
252
57
187
180
66
79
124
239
71
106
219
54
83
196
186
250
253
25
115
71
30
157
66
131
223
222
250
204
192
246
190
168
75
23
87
239
142
110
206
84
48
221
245
107
239
29
165
238
223
174
137
219
226
125
92
83
205
186
81
251
31
61
217
230
170
216
58
251
255
119
254
155
156
251
236
239
179
94
125
253
247
183
127
210
245
190
189
126
50
95
115
43
215
215
247
246
234
46
223
247
243
119
237
244
250
94
82
30
213
247
146
95
173
175
30
1
248
31
205
81
146
240
255
191
94
95
170
177
185
254
102
107
221
232
231
188
220
157
254
253
46
95
207
173
235
238
255
219
245
42
175
254
107
127
81
162
255
87
227
255
253
107
253
244
127
147
253
53
123
92
186
191
221
51
127
227
168
253
95
9
252
175
136
65
102
176
167
175
210
215
164
222
239
254
103
45
255
230
179
216
248
125
172
127
239
91
230
253
227
245
63
102
237
143
190
124
102
223
57
63
255
15
115
63
243
229
221
251
114
113
237
247
247
92
122
31
217
91
248
53
140
189
88
5
249
183
140
105
16
180
49
190
220
87
52
185
129
215
4
8
229
56
6
16
47
17
40
203
12
25
108
173
229
250
36
181
72
194
161
32
65
117
73
104
189
6
136
17
248
112
208
32
65
64
160
225
102
158
58
55
148
82
246
68
128
145
84
4
72
239
131
139
51
145
32
52
80
114
4
9
0
205
11
155
2
95
209
167
31
196
47
140
17
188
125
174
207
86
49
111
6
48
228
35
121
197
5
12
83
130
26
59
240
6
113
218
82
67
207
56
178
125
60
38
22
158
116
238
159
41
119
5
185
13
133
202
145
224
40
252
81
76
2
242
26
136
11
139
34
89
146
165
95
184
62
141
81
52
123
226
149
146
208
154
68
144
103
144
249
0
140
192
205
231
159
242
173
24
67
100
127
67
200
240
210
29
71
52
52
182
162
108
191
74
207
15
158
13
217
88
150
195
46
124
115
10
98
213
128
203
142
95
169
217
212
182
61
185
44
201
10
245
92
171
141
216
188
171
78
170
172
51
107
79
135
34
253
3
26
54
240
50
112
96
83
87
250
176
211
190
168
126
156
150
93
226
201
201
86
149
221
79
131
200
147
209
43
62
80
116
3
185
248
45
183
214
2
79
124
103
247
237
9
197
87
228
54
78
255
99
98
231
183
47
115
135
219
127
182
190
66
212
254
228
71
47
39
188
138
44
250
108
120
236
181
235
175
116
55
238
249
160
232
219
226
28
56
84
31
179
83
243
59
117
137
234
135
219
109
216
52
56
77
90
41
87
169
202
206
249
228
169
131
228
44
105
6
196
32
122
79
215
3
59
191
14
50
9
210
70
220
202
66
124
179
179
230
254
58
125
146
18
244
153
192
181
20
20
72
159
135
12
16
244
48
62
92
84
39
185
170
219
110
251
255
59
252
155
188
123
236
235
191
216
124
253
246
255
127
218
247
126
153
127
39
110
99
42
223
87
247
246
235
110
222
255
83
127
253
247
218
255
82
95
208
231
183
223
172
255
28
5
234
189
207
89
19
240
247
159
223
126
174
185
137
223
127
253
38
125
252
247
57
223
109
201
94
49
124
171
175
220
189
107
38
248
164
178
109
31
167
210
125
71
60
57
240
112
248
248
83
119
144
177
211
255
187
62
242
150
82
76
137
153
118
5
88
31
167
76
145
210
41
206
85
94
3
185
194
205
140
154
102
95
18
7
39
64
53
200
30
177
54
47
140
211
56
181
64
213
114
35
90
195
136
30
57
16
30
97
151
36
82
168
74
72
204
224
214
155
56
13
145
28
245
110
149
168
152
13
241
25
152
207
25
246
51
189
88
84
6
251
194
207
142
88
229
30
4
211
45
83
40
202
142
241
78
175
133
217
45
237
78
198
176
115
71
71
137
114
253
6
34
16
242
114
208
104
66
44
244
160
246
62
56
191
220
94
118
192
217
137
20
20
217
95
139
12
25
212
49
52
84
112
0
185
82
65
138
186
67
194
94
7
23
226
61
140
48
198
15
190
229
19
48
214
14
169
199
35
77
199
234
45
83
43
162
33
179
167
21
251
35
101
207
114
50
232
188
105
23
30
229
46
221
172
26
5
185
29
180
235
209
178
41
185
24
102
178
224
90
9
139
186
66
203
90
47
77
226
127
148
17
230
123
250
131
17
16
70
14
181
198
3
95
196
138
13
67
226
62
41
178
39
81
187
3
74
206
80
50
125
213
104
85
30
229
46
223
44
25
133
179
29
52
219
73
226
57
248
25
70
50
240
90
9
139
186
66
75
82
47
29
224
127
148
17
230
123
250
131
17
17
102
14
177
198
3
29
196
136
13
67
234
30
41
178
39
81
250
3
75
207
88
178
253
213
104
85
158
229
110
159
44
155
133
187
29
180
219
81
226
59
248
89
14
50
240
26
136
155
141
34
93
216
167
31
230
31
148
17
20
123
242
157
82
80
162
134
113
198
130
249
69
128
88
1
235
159
123
165
144
209
64
158
195
202
11
178
29
197
32
180
150
229
40
159
202
175
207
182
69
112
210
231
67
56
104
113
184
78
230
72
9
138
219
66
95
194
135
13
196
47
4
17
246
249
238
195
81
25
102
6
53
196
35
123
192
4
12
67
202
30
91
178
6
81
218
19
82
207
154
178
117
212
68
84
158
65
174
159
44
19
21
27
29
133
202
17
104
41
188
73
12
51
240
199
203
70
232
225
26
39
202
45
27
40
202
154
189
110
137
129
61
173
109
76
215
160
112
71
215
25
50
189
2
34
17
210
80
218
41
96
108
180
168
102
62
56
61
213
90
116
144
84
137
16
52
67
125
207
190
25
204
49
52
84
209
16
58
128
201
138
223
33
93
220
167
29
185
46
205
18
214
127
174
139
146
252
11
14
186
228
27
121
71
135
34
69
195
30
126
226
18
105
96
87
215
250
176
211
191
225
118
190
182
61
250
137
201
126
245
157
15
165
192
147
193
106
111
85
108
131
191
3
194
204
10
31
208
4
28
35
2
136
168
40
23
38
73
201
116
32
184
129
83
75
109
100
213
25
33
63
14
11
64
149
204
157
10
74
88
45
34
36
203
106
61
23
212
116
177
82
216
28
4
135
160
242
62
152
128
136
21
81
217
108
82
129
207
142
93
160
92
212
151
57
213
44
201
14
249
76
175
133
232
61
235
78
204
188
51
107
79
3
114
253
7
10
55
240
115
112
96
83
7
242
160
243
190
56
191
216
18
95
226
201
193
86
148
221
79
131
12
147
213
33
62
84
116
3
185
152
200
27
15
34
89
250
165
91
154
127
140
16
20
127
234
157
154
208
139
4
176
103
148
249
69
140
192
69
227
159
242
237
24
97
100
127
67
200
240
250
29
117
52
182
246
38
108
191
203
239
7
158
13
241
88
150
195
47
124
117
90
98
241
185
222
100
107
255
253
231
180
220
61
254
253
47
95
92
237
251
254
239
251
245
42
175
254
107
127
69
166
255
87
227
255
255
111
209
52
119
147
253
189
123
93
250
183
212
179
255
99
170
253
207
9
252
173
138
65
102
240
231
191
218
255
164
220
153
201
30
253
34
121
252
244
25
159
126
205
80
52
109
170
143
152
221
107
44
176
165
146
105
63
163
224
77
71
190
187
248
16
121
104
87
115
200
248
250
222
57
62
246
183
82
124
139
137
118
7
216
31
135
76
151
241
43
252
85
82
66
185
26
136
155
141
34
73
216
166
27
228
31
140
17
4
123
250
157
82
80
162
134
145
198
130
169
69
144
88
33
235
159
123
181
144
241
64
158
195
202
35
50
29
229
32
180
150
229
40
215
202
239
215
150
69
48
218
239
3
24
105
49
105
70
230
136
205
138
223
34
93
248
167
29
253
46
141
18
214
125
238
139
154
252
11
30
184
228
155
121
103
135
2
69
195
30
127
234
18
105
96
87
223
218
184
211
191
225
118
190
182
9
250
141
73
118
245
157
15
167
196
147
193
106
111
85
44
131
183
129
207
110
236
36
124
252
211
57
223
45
201
78
49
92
169
165
204
47
107
6
104
52
50
109
159
39
178
125
7
56
49
240
118
124
216
66
119
184
181
243
254
58
255
250
150
86
206
137
177
118
21
72
23
167
12
145
208
33
142
84
86
3
185
136
201
142
95
35
217
220
167
29
185
46
205
18
246
125
170
143
146
252
43
142
186
228
51
105
71
135
2
85
195
30
126
250
18
97
112
87
223
218
176
211
191
225
118
190
182
9
234
141
201
127
245
157
15
163
204
147
195
106
111
81
108
131
191
66
205
138
219
67
91
212
135
15
226
63
140
16
254
109
174
199
18
49
102
14
177
197
35
123
197
128
12
83
139
26
59
178
6
81
218
82
67
207
250
178
127
28
104
20
158
65
174
223
40
18
5
57
29
133
202
17
224
41
188
88
84
18
241
69
207
8
41
65
154
38
72
9
139
42
138
128
141
77
11
137
109
173
77
8
135
64
64
69
213
25
36
16
2
34
17
194
2
209
169
32
44
45
32
32
54
56
161
23
88
52
177
82
137
48
52
129
253
237
162
16
136
51
165
4
211
80
50
128
203
110
252
52
124
252
211
61
213
45
200
78
113
124
171
161
220
47
107
6
232
52
50
109
159
39
58
253
7
58
48
240
118
126
218
66
119
248
181
215
254
56
127
218
214
118
238
137
177
118
20
72
31
135
12
145
208
33
142
84
86
3
185
132
219
108
252
52
124
124
211
57
23
173
202
78
241
124
171
129
220
47
107
6
236
32
50
111
159
39
58
253
6
58
48
242
102
254
218
66
127
243
181
247
254
56
127
218
22
116
188
137
177
118
20
72
159
135
12
153
212
33
62
84
86
7
185
67
194
8
11
149
144
6
8
73
138
168
170
160
14
109
11
137
37
41
156
9
86
25
68
69
213
25
37
23
10
0
16
202
14
223
139
104
56
37
32
36
106
32
41
23
216
20
177
18
153
48
36
3
161
239
178
0
160
4
21
28
209
120
18
10
136
138
139
11
73
146
132
95
160
30
141
49
28
123
242
221
50
192
144
64
147
127
4
113
101
216
0
131
255
223
115
173
136
195
100
62
195
232
104
50
29
70
32
20
118
36
104
191
74
203
13
150
15
112
82
54
33
174
48
179
201
110
206
129
203
142
93
173
216
212
150
57
189
44
201
14
253
108
171
141
216
61
171
78
202
172
51
107
79
7
50
253
3
26
55
240
114
112
96
83
87
250
176
211
190
170
126
216
150
91
242
201
201
86
149
221
207
131
12
147
213
43
62
84
116
7
185
34
134
168
138
23
220
4
5
37
66
8
172
56
14
46
69
201
48
33
144
145
81
91
105
84
213
25
37
23
26
27
65
133
206
223
138
104
72
109
2
36
225
100
169
23
220
116
176
80
240
24
12
135
129
226
182
152
32
138
21
3
217
124
66
171
223
110
123
255
119
233
155
188
250
168
239
191
74
105
109
246
183
111
210
245
62
157
127
50
127
115
34
223
83
247
246
239
46
223
53
211
116
253
116
122
92
118
158
213
247
147
255
188
255
24
13
246
61
204
65
19
240
247
191
222
255
170
49
234
223
110
250
255
63
109
27
189
123
168
235
175
218
100
125
246
247
111
251
247
254
185
127
71
254
227
59
255
83
255
246
251
238
222
191
211
124
245
247
222
255
122
95
216
119
247
223
172
255
20
12
238
189
207
93
17
244
247
159
223
126
175
57
124
251
255
221
54
127
252
255
223
250
215
186
127
208
255
223
189
222
122
219
151
253
87
159
185
87
247
250
69
255
246
234
207
28
199
238
222
125
250
113
120
125
243
125
183
229
183
111
191
235
175
207
242
29
223
93
23
243
223
255
123
123
237
222
185
254
124
107
254
253
231
244
125
117
254
221
110
125
92
173
255
232
111
251
245
106
189
190
251
127
69
170
253
87
227
247
237
110
193
60
223
146
249
254
255
93
250
183
212
243
183
99
169
253
207
9
252
29
139
65
54
242
231
183
218
243
44
220
171
223
102
123
255
63
233
155
189
251
168
235
191
218
236
253
226
183
45
91
246
126
189
127
83
238
99
35
223
83
127
247
235
238
222
183
243
126
249
245
223
126
122
222
218
119
211
223
172
191
24
5
254
29
205
73
17
242
247
191
222
254
171
57
124
187
187
221
54
119
248
255
215
186
213
188
119
208
191
218
191
220
122
219
23
189
199
159
237
91
246
248
69
247
190
234
207
30
183
238
222
124
250
113
56
105
243
127
191
181
183
110
255
170
175
211
178
61
246
92
197
243
91
223
127
105
207
247
122
45
179
182
66
79
41
71
199
110
3
22
211
230
187
118
250
83
65
102
94
189
82
71
223
202
182
13
2
250
62
136
71
39
71
187
144
110
207
76
192
117
212
202
207
28
165
239
221
44
152
217
227
29
28
211
73
58
83
185
75
29
25
226
250
250
237
234
255
190
7
89
255
123
16
123
175
91
254
221
251
213
189
36
200
85
170
124
78
221
57
55
255
89
57
239
149
229
214
179
118
114
165
117
230
223
90
29
213
148
244
85
156
181
28
4
227
181
159
107
80
244
51
157
90
95
54
249
72
201
138
155
66
79
192
135
9
196
47
132
16
246
249
234
195
80
49
102
6
57
132
35
123
197
0
12
67
138
30
91
178
6
81
218
3
66
207
26
178
117
92
96
20
158
97
174
221
44
19
21
155
29
133
202
17
232
41
188
73
76
19
240
200
170
151
249
232
123
166
247
89
185
106
207
210
244
219
168
255
139
249
134
245
173
79
219
211
127
89
230
205
199
163
214
207
147
67
33
61
138
236
104
125
61
242
183
253
55
183
235
189
204
137
251
247
111
24
217
71
221
151
165
210
115
209
78
197
206
23
201
232
156
174
208
41
255
0
202
192
53
221
9
224
205
29
106
204
133
10
248
79
220
63
238
196
7
57
87
115
165
92
11
80
255
165
38
179
78
8
30
87
142
88
145
137
77
20
37
65
223
143
105
16
220
49
140
92
87
34
177
129
215
4
140
133
8
6
16
43
65
41
139
12
25
76
163
229
234
4
181
9
128
33
32
65
85
137
104
177
6
136
17
152
49
112
160
64
64
130
225
39
154
56
55
148
18
126
4
128
193
84
4
40
202
131
139
59
17
32
52
80
96
4
9
223
89
155
61
215
99
127
254
155
163
221
190
162
206
171
251
171
85
58
71
14
159
198
3
111
222
250
109
211
43
62
58
211
53
181
251
18
111
206
87
48
249
247
106
255
29
173
188
223
174
115
181
217
255
52
227
209
190
57
123
61
5
151
230
82
201
138
187
67
74
82
135
31
224
61
140
48
238
79
190
69
19
17
215
14
169
231
35
93
199
130
13
83
171
18
43
179
39
17
250
3
67
207
242
178
253
180
104
21
30
101
46
219
40
27
5
185
29
176
203
81
242
41
185
24
114
50
233
135
246
215
251
221
34
163
220
114
127
160
251
174
107
134
25
234
229
161
34
228
105
46
122
70
219
51
55
191
8
99
79
215
231
220
179
48
240
127
116
103
110
42
75
209
16
209
67
152
188
24
5
244
52
156
73
28
180
183
143
220
87
39
121
59
212
44
31
175
181
159
57
239
175
177
234
188
41
37
31
252
179
102
211
249
118
83
253
208
63
247
254
83
149
229
178
207
44
14
60
219
41
160
107
122
74
61
175
211
113
147
63
185
202
24
11
240
29
220
81
58
243
247
181
186
243
170
75
170
223
46
251
255
127
252
155
188
251
238
239
191
94
109
237
247
191
127
218
247
62
189
127
51
127
99
42
223
215
247
246
235
46
223
117
211
119
253
244
250
127
82
126
212
247
147
255
173
255
30
13
252
29
205
81
19
240
255
191
222
126
170
185
194
201
136
154
98
26
18
7
35
98
37
138
26
176
62
43
132
17
48
229
6
245
66
35
65
195
152
44
33
160
26
64
151
20
83
170
74
72
226
96
178
27
56
45
145
30
245
110
145
168
24
5
177
29
216
154
17
242
49
61
88
80
66
251
133
218
19
109
248
176
174
208
41
191
0
203
196
81
221
25
230
205
157
106
204
45
10
120
238
222
63
238
212
3
59
87
119
229
92
27
80
255
173
38
199
78
8
30
251
138
216
17
136
93
20
37
109
247
143
105
16
220
17
141
84
71
51
177
90
9
138
187
71
194
94
143
21
234
93
188
176
198
47
122
195
17
49
214
15
189
199
43
79
192
170
13
83
41
62
41
55
167
21
251
35
111
71
118
50
232
180
104
87
28
101
190
95
44
26
133
161
125
244
234
209
170
57
249
29
32
178
226
195
205
138
26
65
94
0
7
35
64
5
200
26
177
38
143
205
51
32
165
4
5
114
35
83
195
152
76
33
128
24
97
149
36
66
168
66
74
204
232
210
31
56
167
145
94
245
238
145
168
24
12
240
93
145
203
17
242
51
189
80
85
2
251
232
61
167
214
6
79
92
183
199
224
159
133
115
196
50
239
255
98
98
215
23
175
119
135
211
111
246
174
64
212
158
228
79
47
99
190
154
44
250
69
120
125
180
235
143
116
55
238
253
160
234
219
242
30
16
84
159
51
83
243
59
53
137
234
250
249
255
254
54
127
125
94
253
255
253
249
127
255
254
255
255
222
127
107
174
252
224
63
239
223
247
187
127
227
118
237
211
231
247
255
231
253
251
247
126
255
255
127
191
31
125
254
204
179
246
215
234
191
182
92
217
182
113
255
253
125
149
190
254
57
187
149
86
111
92
255
79
227
251
54
83
196
123
250
253
223
112
87
30
157
230
131
207
223
251
236
208
254
190
168
74
53
247
255
158
102
238
85
48
93
247
107
239
31
165
188
222
174
203
215
242
255
20
219
193
56
81
123
29
28
221
234
90
9
138
191
71
195
218
143
77
234
83
190
179
198
59
122
130
21
16
214
14
189
199
11
79
194
186
13
82
232
62
43
103
167
85
251
51
111
207
86
128
105
213
104
223
30
225
191
223
44
24
133
179
125
60
235
209
170
57
249
29
92
178
227
123
254
254
111
127
255
223
157
255
255
189
233
189
30
127
255
253
247
122
155
253
115
119
125
245
117
253
127
127
255
247
243
205
236
199
246
251
121
232
125
122
223
119
189
213
247
183
111
189
255
158
15
254
189
218
85
54
247
255
191
251
219
108
218
248
61
179
221
22
103
92
247
215
224
253
141
99
196
51
175
255
68
114
223
30
141
119
135
223
107
246
234
65
148
190
226
239
47
51
255
154
44
250
245
122
120
181
235
191
125
55
238
217
170
234
219
240
62
52
84
157
179
65
251
63
116
141
234
187
212
46
15
175
181
155
184
191
239
245
234
172
41
37
29
252
179
103
211
248
118
151
124
112
57
253
122
217
23
229
179
207
44
138
60
219
41
168
105
122
78
60
143
209
113
154
29
185
142
24
13
248
157
220
81
58
179
247
189
178
211
170
75
59
212
42
47
175
213
218
129
239
175
177
202
188
40
53
63
252
179
98
219
186
119
83
124
244
117
247
126
87
183
247
242
207
188
143
31
219
41
232
123
58
74
113
173
215
245
179
63
187
202
24
15
240
29
220
81
16
243
251
157
243
219
106
179
102
15
177
180
64
78
33
71
175
100
11
5
23
239
250
182
253
43
66
101
214
47
80
67
223
202
166
77
0
186
90
196
7
59
99
190
128
10
219
76
204
20
20
226
237
122
165
239
209
36
152
88
226
93
29
1
41
114
83
177
106
69
9
234
74
9
138
187
67
203
82
143
29
226
31
188
176
230
235
254
131
17
17
86
15
181
199
3
31
192
138
13
67
235
62
41
167
7
85
251
35
111
207
80
178
253
212
104
23
30
101
174
223
44
26
133
179
93
244
234
81
234
57
249
25
40
179
226
60
191
187
223
54
255
220
191
223
250
215
184
113
146
63
223
189
214
106
219
183
55
215
151
217
119
247
252
85
255
247
234
207
28
199
166
223
88
234
113
120
93
247
189
183
245
183
111
190
234
141
203
246
29
218
81
38
243
223
255
123
251
236
222
162
210
69
131
255
188
135
153
255
121
48
123
175
91
246
93
194
213
173
32
200
199
138
124
78
213
25
51
190
89
27
79
151
228
214
178
118
120
173
53
101
94
106
29
213
132
252
81
144
189
24
4
211
183
159
43
16
180
50
31
90
87
52
248
168
222
238
251
255
253
241
155
188
249
238
239
191
222
237
237
243
255
255
219
247
126
189
127
35
111
99
38
255
83
119
246
239
238
215
116
243
211
249
247
219
125
114
126
220
231
247
227
189
255
158
13
254
189
207
89
51
242
247
191
219
126
175
216
169
223
247
127
189
240
233
218
249
249
232
239
166
223
228
189
227
191
165
91
246
46
191
127
67
239
227
167
95
83
99
95
239
166
220
48
245
252
249
239
79
126
250
238
248
19
219
123
168
191
24
77
246
157
220
65
49
242
247
191
218
246
167
29
169
223
238
127
255
245
241
155
188
249
172
239
174
94
237
237
227
191
165
83
246
46
191
127
115
239
227
35
223
83
99
247
239
174
215
52
243
250
249
247
123
127
122
238
212
115
243
107
184
255
24
13
244
157
220
65
51
242
247
191
154
247
175
89
149
255
215
255
185
224
233
252
57
253
104
255
174
107
134
57
227
207
165
35
230
45
238
123
206
239
227
243
123
43
99
127
247
227
124
176
53
252
251
245
71
126
171
226
248
19
217
123
136
190
120
117
244
150
156
77
13
178
183
171
216
87
167
125
195
197
138
26
67
146
94
7
35
227
5
138
146
164
38
10
13
19
48
215
138
181
82
3
80
195
152
46
3
169
0
97
147
20
0
235
66
73
226
122
50
234
40
105
151
28
229
47
17
168
24
5
49
89
244
202
17
243
57
61
24
80
18
235
170
223
238
251
255
253
245
155
188
249
174
235
175
222
109
237
243
245
127
219
247
62
189
127
35
111
227
39
95
87
247
247
235
174
214
54
211
251
249
247
218
127
114
126
220
231
151
235
188
255
156
13
254
189
223
81
51
242
247
191
218
126
175
217
222
251
211
247
54
123
248
223
253
187
67
219
95
210
254
219
255
223
253
107
142
189
228
59
143
223
183
251
95
227
54
254
211
167
127
251
119
252
251
119
113
125
247
127
255
132
125
255
204
173
124
215
226
63
190
93
145
242
115
255
93
125
129
190
189
255
247
247
185
237
249
250
89
253
234
253
167
222
196
253
227
254
173
107
246
44
190
123
127
238
227
183
95
99
127
127
239
227
124
49
245
255
251
255
211
126
251
238
250
19
217
123
137
191
124
245
252
159
157
65
149
242
247
175
218
94
163
189
185
254
110
127
255
253
245
48
253
53
254
253
239
127
124
237
243
252
127
251
253
106
191
255
123
111
5
182
253
215
251
255
255
238
67
126
95
147
249
254
251
255
250
191
220
243
255
227
169
245
207
8
252
157
139
65
54
242
231
191
250
254
166
220
185
254
108
89
254
253
117
112
253
117
254
249
255
125
92
236
241
232
111
243
253
106
187
255
255
111
5
182
237
215
251
231
255
238
67
62
222
179
249
254
255
159
234
183
212
115
255
99
169
229
207
72
252
29
139
65
54
246
227
191
250
246
46
220
126
251
255
223
54
255
220
191
223
250
245
184
125
146
127
223
189
214
106
219
157
119
87
151
145
119
245
254
125
255
247
242
207
60
199
166
223
88
248
113
120
95
247
63
183
245
183
111
190
235
143
79
242
61
219
93
22
243
255
255
123
251
236
222
122
105
125
254
51
239
127
107
93
252
95
181
61
254
252
246
251
215
253
111
191
249
209
55
93
223
179
189
122
243
126
169
130
37
119
187
247
123
249
124
120
221
245
107
239
159
247
110
143
165
251
141
234
29
191
93
88
254
123
249
91
15
57
250
252
255
251
125
50
127
253
231
219
255
125
217
87
212
222
254
191
220
254
107
190
174
244
159
253
223
183
251
71
251
118
254
195
190
109
255
254
189
250
127
122
252
241
255
191
182
181
127
251
171
126
223
232
31
190
68
213
243
123
255
255
117
169
190
145
247
215
127
253
224
169
216
113
253
232
251
174
91
131
57
227
239
165
35
228
109
238
123
66
239
115
179
191
34
99
95
191
226
220
48
53
216
123
229
103
110
170
226
249
17
217
107
152
190
24
101
244
132
156
73
45
178
151
143
152
215
167
95
122
93
250
254
55
239
124
75
125
232
255
181
63
238
236
254
251
149
53
127
175
61
225
55
125
223
243
61
83
247
190
169
82
39
53
251
99
125
249
116
112
253
253
107
207
29
119
110
205
164
122
5
232
29
188
76
153
246
123
255
89
47
177
178
70
77
138
251
195
202
86
135
15
226
45
142
144
230
239
254
193
17
17
198
15
189
199
35
87
192
130
13
67
137
26
51
179
7
85
235
2
79
199
90
178
123
28
104
84
158
65
166
221
44
18
5
57
93
177
235
17
232
41
188
24
96
179
225
185
223
247
247
63
189
253
251
221
253
236
249
183
222
228
255
246
254
189
107
254
44
252
127
255
174
227
159
95
81
125
255
235
231
124
51
247
255
243
247
219
127
251
254
250
7
201
91
141
183
126
253
252
158
159
69
145
242
247
207
219
126
163
189
254
255
251
252
54
126
125
119
223
255
125
217
79
214
222
255
187
204
254
107
150
172
244
31
253
223
183
251
95
251
54
238
195
191
255
255
254
253
250
119
122
252
243
253
191
150
53
127
235
177
254
219
232
183
182
92
213
242
123
255
127
117
249
190
69
79
0
9
193
154
167
72
137
130
170
138
128
12
233
3
139
109
169
76
8
7
16
65
69
213
25
36
20
2
2
16
64
2
217
137
0
44
45
0
32
32
56
161
55
200
52
176
80
153
48
52
1
241
239
162
16
8
8
37
68
193
17
50
59
249
239
126
55
253
241
58
253
149
214
253
239
121
92
236
191
236
127
251
247
110
241
247
249
127
85
182
127
215
199
238
159
110
227
116
255
27
250
61
253
189
251
247
221
243
119
111
187
243
143
203
248
13
219
92
63
247
255
255
243
255
237
222
74
9
138
187
67
75
98
135
9
224
47
142
144
230
235
250
194
17
17
70
15
189
199
3
95
192
130
13
66
138
30
17
178
7
81
186
3
74
199
94
162
53
156
96
84
158
97
166
221
44
17
21
51
29
177
202
17
232
41
184
89
100
51
225
128
201
142
223
32
88
212
182
57
153
44
201
10
245
94
171
133
216
188
171
6
168
237
51
107
7
7
2
253
1
24
118
242
114
112
96
83
87
210
176
211
190
168
118
154
150
83
202
129
73
126
85
93
15
131
140
147
193
40
62
84
112
131
249
193
207
198
168
64
26
36
194
33
95
40
202
14
185
70
9
133
105
173
109
64
196
48
112
71
199
25
114
189
4
40
17
240
80
216
41
32
44
52
168
102
62
56
181
212
26
86
196
82
137
52
48
67
85
207
30
11
220
1
4
84
208
88
57
197
206
19
73
232
144
170
192
41
191
2
203
192
113
201
137
226
205
157
106
204
133
14
216
75
220
63
238
197
3
59
22
243
131
92
91
80
255
173
38
243
94
8
30
83
142
216
145
137
77
20
53
221
223
143
107
16
216
17
141
92
71
34
177
169
222
238
123
255
253
241
153
188
249
174
239
175
94
237
237
243
254
239
91
245
126
191
127
35
111
99
50
255
83
119
247
239
238
215
52
243
211
249
245
123
125
122
254
212
119
247
227
184
255
28
13
254
189
220
73
51
242
247
191
218
255
175
88
168
154
76
115
255
249
241
56
252
61
254
125
191
127
112
229
251
254
255
251
245
122
191
255
34
127
85
182
254
211
247
246
223
110
67
116
87
145
249
124
125
245
122
63
197
101
255
99
169
253
159
8
252
141
138
93
58
246
231
159
250
191
164
222
100
13
245
148
64
206
34
67
47
68
15
5
87
245
248
180
180
43
196
102
214
45
16
227
219
202
132
92
32
178
156
197
130
49
99
186
128
74
218
204
197
53
20
194
232
74
229
111
129
36
233
91
242
93
25
9
57
95
83
165
74
38
43
232
187
214
108
47
239
181
159
185
255
255
249
238
189
108
39
125
247
179
103
210
248
119
147
124
80
124
249
62
218
211
247
179
239
108
207
61
211
105
232
107
126
77
124
175
213
113
254
53
189
142
24
13
242
157
220
113
56
247
247
189
183
219
40
50
187
212
108
43
255
240
159
152
251
223
180
251
174
59
36
93
235
247
63
249
224
87
251
124
101
255
121
63
127
91
99
123
223
236
157
223
115
121
249
53
127
222
58
189
215
81
244
125
184
191
24
5
248
165
220
77
56
182
182
159
218
223
44
251
231
252
111
103
253
248
247
216
249
125
174
255
239
127
198
237
227
229
63
103
108
207
170
124
111
255
57
55
255
11
107
63
247
101
92
251
114
59
253
181
215
222
58
191
217
18
252
177
137
189
26
37
217
191
143
109
56
244
51
190
220
87
54
248
78
9
138
183
67
75
122
207
13
234
195
54
178
198
171
226
130
17
16
86
15
157
195
3
7
202
186
13
82
232
62
1
103
5
85
187
3
110
207
84
128
117
213
104
239
31
227
190
223
46
56
149
195
125
116
234
208
43
57
185
13
56
179
98
59
255
125
253
254
255
223
57
255
95
252
249
255
125
124
253
253
255
254
187
245
125
115
255
253
127
247
254
111
247
255
235
223
120
223
180
255
120
248
125
127
95
255
175
245
113
247
111
190
255
137
75
242
189
222
93
111
247
215
191
243
251
236
222
187
254
125
79
255
253
223
57
255
127
252
251
239
127
108
221
255
247
255
187
245
106
59
254
247
127
119
255
255
95
239
254
223
236
207
181
254
49
249
117
127
222
235
191
213
243
255
127
168
255
156
75
252
189
223
93
62
247
247
191
250
223
172
158
119
13
176
180
0
78
41
71
7
100
75
5
23
237
26
54
253
43
97
97
246
15
208
67
223
234
182
206
0
178
250
205
7
50
99
188
129
46
218
76
76
180
149
235
237
16
167
239
209
32
152
218
224
29
28
1
41
115
83
177
106
53
9
234
104
189
170
222
54
103
124
183
213
224
253
141
99
148
55
175
191
68
115
223
55
175
119
151
217
111
150
168
81
149
190
226
207
46
163
254
219
44
250
117
122
235
183
239
191
117
55
238
121
170
239
219
240
60
48
84
151
179
107
219
123
100
143
234
222
25
146
247
83
99
248
207
5
235
209
54
179
198
163
94
187
23
57
87
15
157
198
27
14
218
250
13
210
232
62
154
71
39
53
187
17
124
71
85
0
105
213
106
239
29
193
191
92
174
24
149
243
122
188
203
192
186
49
155
13
61
147
114
232
189
174
222
54
103
92
183
213
224
125
141
99
132
55
175
191
68
115
223
23
143
119
151
217
111
150
168
81
149
190
226
239
46
163
252
219
44
250
117
122
125
183
239
159
117
55
238
249
170
238
219
240
62
48
84
151
179
107
255
123
116
141
234
78
9
138
187
67
203
114
71
9
226
143
166
176
198
171
234
130
17
17
198
15
189
195
3
71
72
130
13
66
236
190
33
167
7
117
251
3
111
199
84
178
245
84
96
63
159
99
166
221
44
56
53
179
93
240
170
17
235
57
185
9
32
179
195
204
45
179
180
64
78
42
71
13
228
3
7
19
230
186
230
130
25
144
103
30
141
114
3
95
202
140
197
0
168
30
136
7
17
103
171
129
74
197
204
192
53
20
194
233
14
225
110
221
36
168
91
211
93
60
138
16
122
83
185
74
20
59
250
76
9
146
187
65
202
98
71
9
224
15
188
176
230
171
234
130
17
17
70
15
173
195
3
87
72
130
13
2
140
26
1
183
7
117
187
1
78
199
84
162
117
28
64
125
31
107
166
221
44
56
52
51
93
177
170
16
235
57
177
9
96
179
65
222
59
155
247
54
115
220
182
87
191
121
150
95
134
51
122
253
222
120
239
10
157
230
147
138
207
254
248
209
226
254
171
117
53
181
255
95
124
104
85
112
73
247
63
159
12
247
236
223
168
223
215
242
122
180
211
196
241
49
91
93
28
80
254
78
9
138
191
87
99
254
143
5
234
217
190
178
198
163
90
139
17
57
214
11
157
199
11
70
202
250
13
210
44
62
35
127
39
21
251
19
109
71
85
16
104
149
104
255
29
195
190
95
46
24
149
211
120
252
234
208
171
57
187
29
96
179
98
179
13
176
52
0
14
125
103
145
100
95
87
22
237
22
22
239
43
35
227
182
47
243
103
223
234
182
222
66
181
232
109
71
62
96
60
135
46
218
204
89
244
157
235
237
48
167
239
241
160
25
218
224
29
28
1
41
115
115
249
170
55
137
238
220
9
146
183
67
67
42
207
5
234
67
54
147
198
187
94
186
27
96
71
14
157
198
11
95
202
186
13
130
232
62
138
71
21
119
187
17
110
199
68
128
105
213
106
239
29
225
255
221
174
56
149
227
95
28
219
192
58
49
177
13
84
179
98
149
218
83
101
248
184
170
192
40
61
64
75
198
81
212
25
230
207
157
104
204
13
170
120
238
222
63
239
222
3
59
126
215
225
124
27
113
183
173
166
199
78
10
30
233
140
218
17
136
213
84
53
229
230
143
233
64
220
19
141
84
71
51
189
76
9
146
190
65
202
98
71
9
224
15
52
176
230
235
234
130
17
145
70
15
173
195
3
87
72
130
13
2
140
26
1
183
7
117
187
1
74
199
84
162
53
156
98
109
31
107
166
221
36
121
52
147
95
49
138
80
106
57
177
9
100
179
64
60
237
239
220
55
127
209
63
253
212
246
253
127
185
92
238
153
148
114
187
183
127
241
247
121
127
149
182
125
223
86
233
207
122
227
254
222
27
251
125
252
189
247
167
157
51
117
239
187
170
143
203
248
29
219
92
127
247
127
251
251
253
236
222
196
234
19
101
232
152
170
192
24
57
2
75
130
83
204
153
230
207
189
107
204
13
46
88
239
222
63
239
197
3
43
126
247
161
124
19
113
183
173
182
195
94
8
30
233
142
216
145
137
197
92
53
245
231
143
235
212
220
51
140
84
71
51
189
59
219
109
204
55
253
217
56
191
157
254
253
191
61
124
253
189
255
238
187
244
126
208
247
185
255
213
246
125
243
215
251
158
120
235
36
255
27
250
57
255
191
255
111
151
243
245
111
191
187
141
75
250
133
251
84
63
215
254
255
243
255
238
223
204
41
146
181
65
75
42
207
9
227
131
54
178
134
170
226
138
25
145
71
15
157
195
3
71
202
154
5
2
172
62
1
71
21
117
187
1
110
205
84
128
113
20
98
171
31
107
190
93
38
56
53
195
127
52
170
192
43
17
177
13
36
179
98
198
45
163
180
64
78
40
71
1
107
3
70
83
164
178
54
136
9
160
69
156
133
114
131
223
202
190
199
0
180
58
192
7
145
103
171
168
110
200
204
192
52
20
233
235
92
165
111
217
164
40
91
227
93
60
8
28
123
83
177
10
20
88
234
