posters/Movie Poster 79.jpg
512
781
271
-56.4927
-1
0
200
501
0.00322095
31
-69.8637
-1
0
399
647
0.00359027
31
-14.2811
-1
0
108
130
0.00403708
31
-12.2286
-1
0
350
559
0.0041266
31
57.6526
-1
0
109
106
0.0069805
31
160.791
-1
0
383
540
0.00540434
31
4.19767
-1
0
112
128
0.00525155
31
23.0782
-1
0
344
483
0.00520092
31
53.2559
-1
0
106
108
0.0152616
31
112.932
-1
0
196
544
0.00359366
31
-92.075
-1
0
341
643
0.00665148
31
113.6
-1
0
198
545
0.00415146
31
-50.0636
-1
0
360
333
0.00359348
31
-68.1986
-1
0
404
645
0.00486908
31
139.8
-1
0
367
486
0.00384834
31
-165.069
-1
0
382
533
0.00544334
31
-64.7811
-1
0
205
498
0.00416545
31
101.547
-1
0
353
548
0.00349301
31
-160.931
-1
0
126
567
0.00483949
31
8.1301
-1
0
340
537
0.00864555
31
169.066
-1
0
222
564
0.00376239
31
75.7782
-1
0
360
248
0.00349128
31
43.3153
-1
0
344
486
0.00517173
31
-36.8699
-1
0
255
506
0.00383147
31
-34.6689
-1
0
341
552
0.00895481
31
63.4349
-1
0
103
106
0.00640917
31
76.8053
-1
0
360
254
0.00386014
31
-43.2101
-1
0
190
508
0.00405653
31
29.7449
-1
0
285
557
0.00377429
31
-16.7652
-1
0
335
539
0.00463706
31
34.249
-1
0
104
114
0.00379018
31
-136.057
-1
0
386
528
0.00355382
31
-32.5057
-1
0
346
557
0.00920422
31
170.293
-1
0
383
562
0.00755323
31
62.9424
-1
0
98
109
0.00374108
31
-65.0372
-1
0
374
448
0.00366178
31
41.1494
-1
0
342
485
0.00484404
31
59.3003
-1
0
214
638
0.00334834
31
-31.7391
-1
0
338
534
0.00643146
31
113.136
-1
0
367
489
0.00571984
31
-173.79
-1
0
109
609
0.00307704
31
113.962
-1
0
154
442
0.00319837
31
-86.5318
-1
0
339
641
0.00313889
31
131.595
-1
0
147
438
0.00317726
31
-26.5651
-1
0
190
478
0.00308372
31
176.791
-1
0
384
392
0.003136
31
146.821
-1
0
280
505
0.00203281
31
52.0852
-1
0
294
582
0.00239978
31
-164.368
-1
0
112
594
0.0020402
31
-31.6447
-1
0
251
508
0.00265366
31
82.5041
-1
0
130
482
0.00265024
31
49.8531
-1
0
213
641
0.00266751
31
-38.3675
-1
0
360
326
0.00297634
31
128.29
-1
0
238
621
0.00216989
31
123.04
-1
0
360
169
0.00304742
31
-22.225
-1
0
363
325
0.00293375
31
-13.921
-1
0
113
130
0.00201497
31
48.3458
-1
0
370
254
0.00220182
31
6.29395
-1
0
121
128
0.00284093
31
31.2469
-1
0
177
539
0.00219029
31
66.4346
-1
0
246
588
0.00210895
31
58.2986
-1
0
121
106
0.00298597
31
-55.2754
-1
0
361
340
0.00223337
31
101.201
-1
0
150
619
0.0025471
31
76.414
-1
0
304
574
0.00235427
31
-39.1737
-1
0
200
266
0.00262924
31
99.7618
-1
0
122
293
0.00241406
31
-23.6821
-1
0
407
655
0.00274978
31
34.6409
-1
0
129
114
0.00204136
31
-13.2648
-1
0
294
301
0.00213757
31
-168.996
-1
0
280
502
0.0024555
31
94.8991
-1
0
241
598
0.00269099
31
143.411
-1
0
384
544
0.00238625
31
-157.029
-1
0
118
567
0.0025335
31
-60.9454
-1
0
199
503
0.00198831
31
44.1931
-1
0
210
640
0.00235395
31
36.3666
-1
0
108
122
0.00257717
31
-37.9608
-1
0
257
226
0.00277305
31
-35.5817
-1
0
402
652
0.00250247
31
13.6168
-1
0
196
307
0.00195853
31
16.9684
-1
0
352
387
0.00243892
31
-6.85976
-1
0
120
130
0.00233177
31
22.1663
-1
0
112
117
0.00185747
31
177.749
-1
0
384
386
0.00187624
31
104.804
-1
0
325
589
0.00186824
31
-158.769
-1
0
378
530
0.001858
31
171.129
-1
0
380
474
0.00192824
31
-33.0434
-1
0
393
485
0.00187927
31
143.499
-1
0
398
595
0.00182531
31
91.8951
-1
0
393
567
0.00182799
31
68.471
-1
1
214.8
637.2
0.00154817
37.2
-53.3659
-1
1
200.4
266.4
0.00201698
37.2
145.394
-1
1
382.8
561.6
0.00646577
37.2
27.7766
-1
1
342
484.8
0.00165072
37.2
-140.315
-1
1
384
524.4
0.00307629
37.2
-22.0273
-1
1
295.2
300
0.00184748
37.2
-109.867
-1
1
264
524.4
0.00159986
37.2
-17.2415
-1
1
334.8
538.8
0.00490908
37.2
-55.8068
-1
1
361.2
340.8
0.00190933
37.2
7.26695
-1
1
196.8
307.2
0.00157227
37.2
130.452
-1
1
360
169.2
0.00269812
37.2
-137.322
-1
1
386.4
523.2
0.00202831
37.2
-7.59464
-1
1
350.4
559.2
0.00449671
37.2
-66.6379
-1
1
205.2
498
0.00212696
37.2
-73.3008
-1
1
374.4
447.6
0.00320132
37.2
77.1644
-1
1
150
619.2
0.00165013
37.2
-4.46085
-1
1
357.6
562.8
0.00196938
37.2
141.953
-1
1
368.4
486
0.0019614
37.2
-158.199
-1
1
378
530.4
0.00191721
37.2
-97.4146
-1
1
342
643.2
0.00407371
37.2
92.1476
-1
1
241.2
598.8
0.00195436
37.2
110.684
-1
1
153.6
441.6
0.00233409
37.2
-179.219
-1
1
384
392.4
0.00280195
37.2
175.95
-1
1
380.4
474
0.00158374
37.2
-162.264
-1
1
127.2
567.6
0.00347239
37.2
143.7
-1
1
346.8
229.2
0.00162642
37.2
-134.193
-1
1
386.4
528
0.00276806
37.2
141.373
-1
1
384
550.8
0.00210683
37.2
106.155
-1
1
122.4
292.8
0.00159573
37.2
76.0271
-1
1
360
254.4
0.00278653
37.2
151.84
-1
1
384
540
0.00376634
37.2
-61.9093
-1
1
199.2
501.6
0.00176423
37.2
131.212
-1
1
147.6
438
0.002533
37.2
78.6079
-1
1
246
588
0.00178267
37.2
-47.8271
-1
1
361.2
325.2
0.00289096
37.2
-22.7094
-1
1
340.8
552
0.00789824
37.2
130.503
-1
1
237.6
620.4
0.00156783
37.2
60.8759
-1
1
351.6
548.4
0.0044088
37.2
-51.0915
-1
1
361.2
332.4
0.0026142
37.2
140.426
-1
1
346.8
226.8
0.00273672
37.2
73.4956
-1
1
360
247.2
0.00259238
37.2
-166.759
-1
1
286.8
408
0.00167399
37.2
168.246
-1
1
222
564
0.00217406
37.2
148.732
-1
1
216
589.2
0.00155033
37.2
-168.323
-1
1
381.6
532.8
0.00465573
37.2
-67.8835
-1
1
198
196.8
0.00168714
37.2
-20.7972
-1
1
346.8
556.8
0.00763362
37.2
45.7364
-1
1
294
582
0.00174293
37.2
-5.0957
-1
1
339.6
537.6
0.0096486
37.2
-86.0548
-1
1
362.4
199.2
0.00300505
37.2
17.1027
-1
1
284.4
556.8
0.00140239
37.2
-39.9869
-1
1
262.8
259.2
0.00146687
37.2
-79.5484
-1
1
171.6
198
0.00141183
37.2
178.264
-1
1
384
386.4
0.00148405
37.2
-56.3099
-1
1
252
507.6
0.00153449
37.2
57.6002
-1
1
213.6
640.8
0.00143827
37.2
98.2267
-1
1
325.2
589.2
0.00122346
37.2
154.863
-1
1
146.4
328.8
0.00131409
37.2
-174.729
-1
1
384
400.8
0.00123052
37.2
-23.5713
-1
1
296.4
297.6
0.00134154
37.2
-18.9704
-1
1
318
430.8
0.0012334
37.2
-179.69
-1
1
156
390
0.00135041
37.2
-23.8059
-1
1
223.2
314.4
0.00130695
37.2
-35.9868
-1
1
258
225.6
0.00127761
37.2
-25.5964
-1
1
189.6
477.6
0.00138395
37.2
66.5713
-1
1
256.8
454.8
0.00137395
37.2
12.6136
-1
1
121.2
128.4
0.00128425
37.2
52.0013
-1
1
284.4
560.4
0.00124096
37.2
-31.7472
-1
1
272.4
265.2
0.00132214
37.2
-67.8197
-1
1
321.6
355.2
0.00136891
37.2
-97.1843
-1
1
259.2
526.8
0.0013913
37.2
-26.7118
-1
1
286.8
280.8
0.00125513
37.2
9.66867
-1
1
127.2
129.6
0.00120523
37.2
38.7966
-1
1
176.4
530.4
0.00122274
37.2
-40.4426
-1
1
186
504
0.00120847
37.2
94.3323
-1
2
243.36
597.6
0.00151136
44.64
-56.1187
-1
2
360
339.84
0.00129524
44.64
-23.0646
-1
2
336.96
535.68
0.00663507
44.64
115.401
-1
2
154.08
440.64
0.00174863
44.64
-4.52882
-1
2
348.48
557.28
0.00715344
44.64
134.045
-1
2
146.88
437.76
0.00190065
44.64
-68.9625
-1
2
286.56
407.52
0.00128516
44.64
-52.346
-1
2
360
332.64
0.0015479
44.64
169.156
-1
2
221.76
563.04
0.00151742
44.64
-82.1936
-1
2
362.88
198.72
0.00358671
44.64
136.597
-1
2
347.04
227.52
0.00282712
44.64
-21.9672
-1
2
341.28
537.12
0.00380833
44.64
44.1491
-1
2
295.2
581.76
0.00131352
44.64
150.45
-1
2
145.44
328.32
0.00130385
44.64
-52.0284
-1
2
360
325.44
0.00268027
44.64
47.0454
-1
2
151.2
619.2
0.001435
44.64
-38.1572
-1
2
263.52
259.2
0.00157732
44.64
-0.234817
-1
2
357.12
561.6
0.00301705
44.64
87.5974
-1
2
321.12
568.8
0.00204776
44.64
78.0481
-1
2
246.24
587.52
0.0019506
44.64
7.05519
-1
2
351.36
555.84
0.00459441
44.64
34.5347
-1
2
351.36
547.2
0.00366001
44.64
-22.7882
-1
2
335.52
538.56
0.00460482
44.64
125.38
-1
2
236.16
619.2
0.0013299
44.64
73.6413
-1
2
360
254.88
0.00193326
44.64
73.9184
-1
2
360
246.24
0.00198673
44.64
128.733
-1
2
360
169.92
0.00223948
44.64
-68.3214
-1
2
204.48
498.24
0.00155947
44.64
-8.20722
-1
2
341.28
551.52
0.00842596
44.64
-99.7004
-1
2
264.96
524.16
0.00119112
44.64
-61.0908
-1
2
200.16
267.84
0.00109909
44.64
0
-1
2
195.84
306.72
0.00101663
44.64
-17.6501
-1
2
152.64
623.52
0.00117092
44.64
37.1169
-1
2
288
557.28
0.00123596
44.64
-9.12617
-1
2
295.2
593.28
0.00122654
44.64
-24.8293
-1
2
295.2
299.52
0.00114123
44.64
-66.958
-1
2
198.72
195.84
0.0012208
44.64
147.777
-1
2
216
588.96
0.00111895
44.64
0.842524
-1
2
316.8
407.52
0.00107472
44.64
10.0189
-1
2
352.8
385.92
0.00109413
44.64
-63.5849
-1
2
198.72
501.12
0.0010766
44.64
-75.9638
-1
2
205.92
502.56
0.00101935
44.64
47.3912
-1
2
288
577.44
0.00117707
44.64
117.313
-1
2
203.04
413.28
0.00117834
44.64
-9.20506
-1
2
295.2
597.6
0.00106129
44.64
-55.1433
-1
2
237.6
220.32
0.000918124
44.64
155.389
-1
2
146.88
308.16
0.000979343
44.64
-84.7214
-1
2
145.44
221.76
0.000950674
44.64
-35.1939
-1
2
188.64
515.52
0.000940505
44.64
-174.86
-1
2
155.52
388.8
0.000888697
44.64
165.057
-1
2
218.88
558.72
0.000965347
44.64
128.118
-1
2
234.72
614.88
0.000898562
44.64
-18.1038
-1
2
185.76
257.76
0.000923197
44.64
13.0919
-1
2
285.12
555.84
0.00098664
44.64
13.7816
-1
2
334.08
406.08
0.000933015
44.64
18.0605
-1
2
308.16
594.72
0.000862527
44.64
45.9602
-1
2
285.12
560.16
0.000878483
44.64
15.7579
-1
3
309.312
596.16
0.00118491
53.568
-2.50314
-1
3
340.416
551.232
0.00697562
53.568
81.3782
-1
3
319.68
570.24
0.00170876
53.568
-27.9147
-1
3
335.232
539.136
0.00344133
53.568
167.674
-1
3
221.184
563.328
0.00125487
53.568
-29.0166
-1
3
340.416
537.408
0.00272387
53.568
106.858
-1
3
241.92
599.616
0.00147462
53.568
-34.4427
-1
3
264.384
255.744
0.00204206
53.568
80.9421
-1
3
247.104
589.248
0.00150555
53.568
91.206
-1
3
216
419.904
0.000782528
53.568
-3.24406
-1
3
295.488
597.888
0.000773611
53.568
71.7406
-1
3
309.312
571.968
0.000979375
53.568
-65.3016
-1
3
198.72
196.992
0.00088005
53.568
44.2748
-1
3
286.848
577.152
0.00102131
53.568
16.9275
-1
3
286.848
585.792
0.000766735
53.568
-31.5618
-1
3
184.896
257.472
0.000853161
53.568
3.96465
-1
3
316.224
407.808
0.00082436
53.568
-74.0546
-1
3
285.12
407.808
0.000928182
53.568
-82.6736
-1
3
240.192
504.576
0.000942276
53.568
-69.5162
-1
3
203.904
499.392
0.000837723
53.568
-34.7738
-1
3
262.656
260.928
0.000881128
53.568
-20.1858
-1
3
217.728
279.936
0.000708287
53.568
121.185
-1
3
195.264
525.312
0.000868233
53.568
40.2364
-1
3
286.848
558.144
0.000771746
53.568
85.054
-1
3
326.592
589.248
0.00102765
53.568
-52.8927
-1
3
235.008
217.728
0.000795548
53.568
68.1018
-1
3
254.016
454.464
0.000952794
53.568
8.03571
-1
3
331.776
406.08
0.00075413
53.568
166.159
-1
3
217.728
559.872
0.00100272
53.568
-62.5766
-1
3
190.08
274.752
0.00075025
53.568
-25.3777
-1
3
236.736
271.296
0.000798861
53.568
114.305
-1
3
202.176
414.72
0.000695399
53.568
-73.8949
-1
4
240.538
505.958
0.00109659
64.2816
36.0604
-1
4
286.157
578.534
0.000878175
64.2816
164.846
-1
4
219.802
564.019
0.000865134
64.2816
-30.9638
-1
4
217.728
282.01
0.000588659
64.2816
86.5526
-1
4
215.654
418.867
0.000610664
64.2816
-72.741
-1
4
265.421
545.357
0.000632193
64.2816
-32.5658
-1
4
257.126
259.2
0.000614333
64.2816
108.736
-1
4
203.213
414.72
0.000653349
64.2816
-38.991
-1
4
215.654
300.672
0.000681733
64.2816
69.0812
-1
4
308.966
572.314
0.000719909
64.2816
68.3945
-1
4
255.053
454.118
0.000771233
64.2816
93.7861
-1
4
221.875
454.118
0.000704199
64.2816
-34.7559
-1
4
263.347
261.274
0.000736693
64.2816
-71.301
-1
5
241.367
505.129
0.000964214
77.1379
-69.8637
-1
5
248.832
510.106
0.000551538
77.1379
67.3406
-1
5
253.809
452.874
0.000579174
77.1379
-72.3777
-1
5
246.344
495.176
0.00070964
77.1379
271
64
111
180
239
153
126
183
219
21
183
246
5
200
221
56
53
79
148
253
114
179
240
119
82
243
144
98
172
126
121
217
93
227
199
56
151
174
218
120
248
121
114
31
110
47
213
116
209
111
157
172
152
15
242
93
156
93
56
246
115
189
251
219
110
251
85
37
147
23
88
67
224
246
0
164
64
23
0
198
131
98
106
69
17
70
194
173
206
131
10
8
178
12
80
8
50
111
119
39
53
187
16
124
77
86
48
64
24
14
77
12
1
239
25
44
88
21
240
26
156
65
16
104
43
153
72
7
33
242
45
4
100
32
221
165
167
120
176
124
206
37
168
125
137
5
235
124
131
96
240
34
154
240
64
124
0
130
248
69
105
71
221
96
81
48
53
160
41
44
125
20
26
166
68
97
254
67
56
116
25
12
240
28
136
1
62
162
167
164
138
135
36
72
5
38
69
168
216
184
38
80
32
86
32
2
192
49
132
1
201
109
169
96
200
68
10
112
76
213
25
229
188
12
33
1
84
64
212
138
64
248
37
2
36
2
58
181
85
136
116
145
16
181
16
32
65
253
143
8
16
204
1
133
72
87
100
242
31
49
136
52
23
96
92
78
19
128
159
181
112
134
171
243
233
84
3
211
7
42
229
7
109
206
240
9
82
46
62
104
150
44
53
186
10
122
201
84
17
216
60
106
142
20
37
110
153
164
90
5
240
28
52
73
16
178
59
249
25
7
34
234
210
137
154
31
195
66
218
166
10
161
63
204
18
192
75
186
109
19
56
199
14
137
231
1
11
203
186
110
195
34
146
58
245
39
97
219
18
71
206
246
146
92
181
74
155
30
137
180
221
136
95
149
209
95
148
227
209
248
33
120
28
116
18
233
44
38
100
32
221
228
166
93
165
120
194
37
105
93
155
5
203
44
195
210
241
35
31
246
84
40
4
129
248
148
41
198
77
42
71
186
241
50
9
116
108
20
18
134
68
97
135
75
56
44
152
9
240
28
152
65
54
162
71
181
10
71
44
72
157
157
158
197
247
241
218
180
58
217
167
203
158
80
99
249
108
211
60
159
79
61
231
240
163
75
251
122
213
79
150
55
255
49
61
217
82
117
234
245
243
93
123
30
233
142
219
60
157
223
94
5
248
239
152
75
19
211
56
31
85
61
36
251
30
33
130
52
19
65
152
103
1
128
215
52
80
6
163
226
171
16
1
195
3
40
231
3
77
138
128
9
82
46
62
104
5
36
117
186
18
106
201
84
80
81
21
42
198
20
161
110
153
172
91
5
242
28
52
72
16
50
51
249
9
23
32
234
184
139
174
201
38
95
209
183
29
222
86
207
31
188
123
174
157
218
248
171
244
87
246
243
57
119
148
114
109
211
86
235
199
88
227
96
223
94
248
56
240
29
243
62
159
182
119
239
191
168
175
155
244
13
152
92
55
211
115
253
243
217
76
254
109
132
238
11
239
119
211
183
52
124
84
173
28
63
39
108
205
187
219
176
241
83
95
188
114
104
220
214
237
213
251
231
205
104
3
100
255
83
109
120
88
157
90
174
213
241
231
105
189
108
143
13
244
29
216
73
62
246
191
157
218
147
42
222
184
139
174
193
34
95
209
183
29
221
94
199
31
189
91
174
157
219
248
171
244
85
230
243
59
119
148
118
109
211
22
235
199
120
99
96
223
94
248
56
112
61
243
182
159
166
117
239
187
168
175
155
244
13
152
92
119
211
114
253
83
217
76
254
189
245
125
124
61
189
125
120
180
127
237
250
205
123
148
95
162
252
39
107
247
106
144
126
124
191
167
251
127
57
117
233
210
116
156
254
194
121
177
253
122
202
185
143
242
49
213
95
137
167
18
7
104
28
159
77
24
242
123
159
120
214
43
185
92
41
147
149
88
71
40
246
64
238
91
22
80
196
155
98
227
85
33
70
14
141
204
139
15
200
190
12
192
10
50
95
99
39
117
187
16
254
69
86
48
64
149
46
79
12
33
237
153
44
56
149
242
30
156
65
192
104
57
249
76
6
33
246
88
11
142
215
98
215
219
182
28
253
87
149
27
255
89
174
61
219
124
175
158
173
230
187
59
127
191
54
76
211
54
191
122
51
37
113
95
127
254
124
209
124
177
62
143
174
73
254
143
137
223
129
253
126
156
222
209
254
59
221
73
37
0
182
210
203
8
213
236
152
94
128
11
59
49
202
130
193
68
26
173
199
60
175
142
172
162
72
111
215
187
111
150
43
35
62
82
181
60
75
106
125
234
163
97
234
169
125
187
12
252
51
195
129
20
231
13
227
174
170
193
91
48
95
84
117
17
182
251
28
238
149
127
183
211
181
191
253
150
71
159
88
59
85
244
247
123
179
244
55
218
127
89
106
252
110
120
93
255
231
207
45
87
188
218
120
233
125
248
93
118
174
213
116
145
111
189
172
152
13
242
61
156
65
48
242
115
189
251
223
44
250
220
113
26
29
35
81
216
174
19
170
253
188
112
132
35
250
13
26
16
219
11
176
101
138
161
7
242
200
65
111
182
50
120
16
189
235
26
101
202
113
50
232
245
120
182
21
3
124
27
170
126
71
152
25
116
64
147
163
45
91
61
50
227
163
99
6
132
150
109
134
27
27
166
96
23
3
137
249
0
7
100
215
32
114
212
39
210
99
88
154
176
78
16
16
1
107
199
44
81
56
211
8
224
96
240
92
56
143
209
16
241
79
153
168
24
9
240
29
156
73
17
242
51
189
80
87
0
251
235
212
74
43
23
176
95
152
177
175
172
170
170
138
38
95
194
245
53
89
168
211
126
60
100
129
169
47
83
57
121
51
241
140
148
235
114
121
33
243
114
202
126
9
210
82
80
21
25
172
26
5
120
185
253
96
16
178
59
156
221
210
126
185
71
5
128
16
65
2
6
3
0
98
1
2
130
225
6
2
8
41
32
197
130
165
82
67
82
210
152
4
0
8
0
65
135
22
65
170
0
8
103
72
96
32
60
161
213
24
229
111
17
172
24
4
241
88
24
2
25
50
19
177
8
83
32
106
197
239
215
93
48
83
105
246
32
189
40
159
66
253
198
235
130
124
133
103
78
173
228
178
79
170
134
2
209
10
58
27
242
6
84
250
16
118
193
244
210
126
24
22
248
18
225
238
153
44
124
21
209
31
148
72
144
248
33
188
92
86
35
249
5
215
130
93
255
241
222
20
58
223
41
201
130
78
164
233
41
254
60
139
199
41
102
219
33
127
163
126
85
47
181
55
255
113
124
147
82
117
250
181
115
110
43
111
255
148
221
63
136
215
94
103
228
228
158
67
147
211
50
143
84
127
163
179
250
51
187
247
54
211
216
175
214
187
241
184
119
194
179
122
118
214
26
91
142
185
231
31
173
131
226
31
87
249
53
250
103
172
188
255
254
125
226
215
194
75
229
88
178
140
129
63
223
174
63
199
114
48
244
123
192
242
249
219
125
28
243
247
197
106
4
0
200
90
38
66
40
58
42
71
210
245
236
169
129
41
173
228
197
133
8
208
67
76
9
134
192
6
43
81
240
16
85
169
80
114
237
160
210
52
24
47
84
86
246
225
153
45
24
4
209
93
143
9
22
192
3
180
72
82
96
184
7
173
138
60
23
66
216
78
145
128
149
180
114
132
135
234
171
16
3
215
7
43
229
7
101
138
128
9
83
44
42
96
181
44
37
218
2
42
201
116
27
248
28
106
222
85
35
110
25
46
90
5
240
28
52
64
16
162
57
185
24
7
34
235
205
105
255
221
114
119
121
254
177
255
109
159
95
232
243
235
162
212
93
111
30
249
228
186
47
170
162
25
217
73
62
57
114
39
52
251
82
119
209
244
210
235
92
30
250
142
193
222
141
45
118
21
73
30
149
76
144
252
41
158
93
22
35
177
13
171
157
216
32
155
180
126
1
242
39
144
16
50
173
194
138
84
160
43
134
113
194
211
9
145
129
52
32
104
21
75
151
16
209
162
16
216
226
113
176
63
237
37
181
148
213
107
155
168
41
7
178
29
253
76
0
226
27
237
89
83
101
219
3
3
0
2
149
128
6
8
66
1
129
98
160
75
0
1
2
35
4
144
193
34
1
68
64
144
64
1
18
40
9
0
30
44
128
146
32
8
3
128
65
64
8
129
128
64
128
7
0
54
0
0
32
128
72
33
34
35
22
144
32
19
164
72
197
198
78
9
253
50
159
222
176
191
40
200
10
137
164
171
129
100
61
41
200
195
44
57
70
197
173
39
213
9
33
83
241
4
156
235
82
53
37
177
82
74
42
29
210
82
208
216
24
189
30
5
73
185
199
8
144
242
35
156
92
214
34
185
60
41
237
164
32
76
49
101
252
196
119
53
93
51
155
230
186
8
67
97
53
96
214
54
93
137
132
153
106
156
51
232
133
36
103
186
215
58
201
92
252
84
49
135
224
3
243
110
155
172
153
9
240
29
157
92
8
242
115
248
74
22
40
251
194
200
139
219
34
218
216
130
26
187
6
206
146
150
111
187
9
83
188
11
134
53
110
75
41
215
147
39
71
107
23
118
151
146
249
97
115
207
238
50
240
188
224
120
183
22
113
251
223
200
58
85
157
69
189
234
23
218
186
111
81
57
83
255
132
202
6
193
232
26
166
209
40
91
42
75
194
113
200
169
192
201
173
109
69
4
8
208
67
14
9
230
132
6
33
19
242
18
84
168
80
122
165
160
214
22
24
151
80
130
82
193
153
45
24
32
209
93
139
9
22
216
19
164
72
82
96
185
195
213
202
123
119
50
93
154
51
171
173
202
174
201
38
27
205
247
60
255
10
215
36
43
102
215
251
123
211
41
228
49
210
183
156
203
66
109
54
115
114
234
56
121
159
92
213
156
85
155
22
21
73
250
228
239
153
180
57
31
93
241
146
179
142
41
202
116
51
11
88
71
73
128
215
180
114
210
234
202
136
16
1
223
7
184
229
19
45
138
130
1
67
108
60
72
182
36
116
218
74
122
193
148
146
255
157
78
202
22
195
110
157
164
91
5
82
31
181
8
16
227
57
253
73
30
34
251
67
4
130
24
3
67
6
135
5
160
168
132
48
140
43
166
77
58
99
212
177
131
95
7
80
109
220
68
1
150
130
66
237
41
99
164
17
0
109
72
40
17
52
171
77
121
39
236
57
232
216
13
179
88
80
192
178
160
15
176
8
66
0
66
5
247
130
93
252
224
218
148
58
155
33
201
194
67
5
137
45
239
44
155
199
41
102
219
224
91
163
110
21
45
161
55
255
49
124
147
90
117
234
183
115
110
42
79
251
16
217
31
136
222
92
103
228
232
156
67
151
211
18
135
84
119
161
179
142
234
14
107
233
248
254
129
120
155
236
235
254
119
76
184
13
139
175
219
229
100
3
220
225
95
241
246
237
39
163
242
223
216
73
36
127
25
248
32
122
28
56
61
245
245
183
123
185
207
8
71
244
69
218
201
23
211
151
181
48
115
224
74
77
0
206
201
255
243
219
126
52
62
86
21
29
108
57
225
136
92
89
108
192
83
140
57
46
184
42
20
253
75
61
127
117
97
157
251
86
119
29
53
145
229
94
30
67
132
192
218
29
61
94
5
137
188
142
12
152
230
43
158
77
15
34
177
209
171
143
85
96
87
211
166
218
181
126
223
95
241
91
170
117
195
122
47
214
141
230
215
251
99
157
230
109
139
82
126
247
59
97
116
94
27
254
252
250
61
161
182
157
170
17
239
187
169
143
203
241
95
153
199
101
246
18
121
120
84
64
254
131
208
16
35
205
200
130
136
10
1
162
75
162
73
66
17
238
135
37
209
72
132
171
104
102
223
121
43
210
2
163
55
18
164
88
88
115
105
109
194
97
84
56
25
193
17
252
53
137
141
16
4
248
135
140
105
16
48
48
61
20
23
32
58
135
202
75
207
160
216
212
196
43
177
45
204
146
183
239
250
227
144
28
107
14
136
238
56
109
207
136
43
199
43
27
63
177
165
117
218
66
243
235
246
147
222
40
126
158
158
108
48
201
45
118
37
88
23
183
106
144
240
40
60
92
68
50
249
125
140
238
9
238
119
147
181
188
254
84
157
92
60
59
236
221
185
219
178
241
211
223
188
186
104
188
214
237
213
255
231
237
40
7
100
223
115
237
120
88
29
94
190
213
245
227
105
191
236
159
13
244
29
152
81
118
246
255
189
218
219
106
254
132
202
88
199
184
88
222
196
27
209
47
216
2
87
206
208
171
212
60
43
134
40
172
120
109
215
51
43
151
43
27
127
245
166
124
218
66
243
171
182
115
254
40
119
182
142
220
16
129
165
118
37
28
7
167
106
144
112
32
45
92
21
33
186
251
216
239
255
255
191
219
184
126
253
84
219
191
121
126
93
190
215
252
59
236
125
202
122
45
251
179
55
255
115
119
255
215
229
85
112
247
249
248
119
242
95
235
127
209
20
249
107
157
172
25
5
244
189
157
73
112
246
183
191
218
95
38
255
195
204
206
155
201
74
199
142
56
239
12
202
138
237
70
143
203
117
61
39
204
197
234
105
99
215
25
38
211
11
2
71
215
39
85
123
82
125
237
54
114
254
40
175
221
24
117
241
217
172
24
4
213
125
156
138
24
252
51
61
92
85
18
251
21
46
215
69
232
220
162
240
122
221
74
93
204
117
217
160
111
203
233
46
221
77
15
241
203
125
29
246
172
70
195
23
117
99
121
49
117
147
253
44
229
20
10
150
109
162
122
241
168
85
109
251
181
231
139
239
102
92
6
164
194
69
21
252
56
205
238
219
38
223
217
247
125
222
92
156
29
60
127
238
155
212
112
43
212
113
215
247
57
101
182
52
127
219
62
235
231
68
215
186
214
123
249
120
114
125
245
46
151
182
245
110
159
172
159
13
178
29
156
92
16
226
123
253
91
223
42
243
178
6
2
163
203
196
130
129
78
225
18
71
177
68
81
52
237
147
37
210
204
36
143
72
94
223
49
42
130
146
19
126
7
164
73
24
122
96
232
66
97
84
32
171
197
4
188
53
153
140
24
1
244
21
156
97
16
114
50
189
80
23
32
250
90
17
155
127
55
3
217
142
215
170
245
176
51
194
35
90
246
215
58
91
142
191
198
15
174
130
226
15
82
105
124
110
39
173
180
255
122
125
226
215
146
75
229
72
186
28
129
95
223
174
26
199
50
48
181
99
209
178
185
219
125
28
179
245
5
134
49
33
217
168
167
72
168
5
138
74
192
77
142
1
75
109
131
64
228
35
26
72
100
252
29
103
180
14
67
7
135
211
89
11
32
168
109
14
37
52
40
161
101
88
189
51
144
212
40
56
241
229
24
35
40
14
146
165
128
199
53
74
138
202
78
111
239
248
222
129
57
187
188
235
190
119
108
185
237
139
61
155
197
118
43
124
227
95
113
246
239
119
167
246
159
248
75
100
127
25
248
176
123
31
122
61
213
119
255
123
185
207
12
7
252
5
218
233
22
211
183
181
48
123
226
75
191
245
125
254
63
181
253
91
246
111
245
248
175
75
180
93
242
244
70
115
243
126
177
127
60
186
231
27
95
57
117
251
226
110
158
222
194
125
115
247
90
234
219
206
242
17
209
95
9
191
18
13
104
152
158
85
152
178
115
159
254
214
171
185
34
6
101
130
202
207
5
15
230
68
2
5
61
127
57
197
251
50
67
176
208
42
25
103
82
252
20
13
170
216
89
196
5
111
67
150
200
2
31
76
45
85
4
138
77
224
172
198
160
36
200
8
178
10
9
11
40
100
66
181
202
13
40
80
130
132
0
131
129
136
128
129
47
65
34
74
128
8
102
21
4
16
4
145
8
130
186
96
68
145
25
34
146
42
11
1
148
160
122
64
32
65
10
128
193
16
44
9
0
20
120
144
65
0
80
36
21
2
161
170
16
0
32
52
4
85
16
73
59
241
232
254
23
166
89
26
214
78
181
248
175
202
180
95
114
247
54
83
167
62
209
111
36
162
226
31
83
121
116
233
199
174
158
158
226
124
83
247
90
234
247
73
146
81
177
79
209
182
24
65
104
16
252
81
24
178
123
187
185
252
175
187
45
6
100
33
217
165
167
120
176
124
206
53
172
125
137
69
227
60
131
96
241
34
154
240
80
60
0
134
248
69
105
71
221
98
85
184
21
176
41
60
125
20
26
134
68
97
222
67
56
100
25
12
240
28
136
65
58
162
167
172
138
135
36
92
124
47
247
217
32
255
161
247
157
252
66
21
85
253
219
230
251
220
203
110
244
109
214
179
93
120
182
212
108
214
58
219
71
2
117
170
212
122
217
124
180
52
185
182
103
166
97
238
155
45
189
153
242
29
158
76
0
226
123
253
74
71
41
242
45
38
100
32
221
228
167
93
180
124
202
53
105
95
153
101
235
108
195
98
241
35
27
246
84
108
4
133
248
22
43
199
79
42
87
186
209
48
105
124
125
84
26
166
68
97
167
79
184
44
152
8
240
28
152
65
50
178
119
181
74
71
44
88
135
204
12
9
224
152
158
128
42
131
45
202
154
49
108
9
4
41
60
255
140
117
82
96
97
86
153
126
36
42
3
18
215
80
73
10
90
73
232
42
114
30
40
45
149
92
244
55
153
138
24
7
241
77
217
234
16
211
50
189
80
83
98
251
5
15
100
128
193
13
35
89
45
68
34
3
145
57
232
133
194
125
133
100
92
196
24
112
83
184
25
0
184
2
24
1
80
66
83
170
0
82
5
12
181
149
24
135
64
198
104
196
128
37
48
60
3
95
143
8
56
76
33
172
72
6
32
185
31
249
216
60
23
72
88
78
83
128
157
188
112
6
175
251
235
148
2
211
7
42
229
7
229
207
226
73
83
46
190
40
150
44
53
158
74
122
201
117
18
222
61
106
150
21
165
110
153
166
90
5
240
29
52
73
16
178
59
185
25
71
34
235
29
247
125
252
48
189
125
120
176
94
255
178
205
127
220
66
163
220
38
107
230
108
128
243
77
255
167
249
124
42
117
249
210
20
212
186
194
120
240
125
118
222
185
47
244
130
245
79
155
175
16
7
232
29
159
73
16
242
51
159
120
214
33
186
163
213
9
170
247
48
95
8
167
75
41
234
171
74
36
93
1
119
60
85
2
116
176
104
102
215
59
43
151
58
34
25
146
132
158
203
98
125
47
179
34
234
42
121
151
28
244
21
82
191
16
4
77
161
230
178
144
176
48
30
28
221
252
177
147
221
154
214
39
215
217
14
23
213
61
205
31
216
54
191
253
246
52
63
134
47
230
99
105
215
241
126
117
58
86
107
151
52
112
154
210
88
234
253
83
29
57
47
153
20
245
110
153
168
27
5
240
29
156
65
49
242
50
189
89
85
38
251
189
213
110
77
183
49
213
248
180
148
252
187
109
125
167
77
225
188
35
122
112
234
132
54
36
189
113
57
253
93
102
57
248
108
53
254
86
113
17
125
59
203
58
62
92
241
216
76
41
191
87
5
88
154
198
69
56
224
45
30
221
206
166
145
129
15
134
81
200
220
194
229
24
189
6
71
146
117
91
160
192
81
133
35
204
45
174
114
107
10
4
2
212
3
27
86
247
34
80
48
82
115
207
180
209
52
24
6
192
6
201
99
153
44
24
5
209
29
157
73
17
112
51
189
72
23
34
248
215
211
81
159
252
128
14
8
34
35
41
218
142
227
132
27
230
199
36
103
138
165
130
107
206
199
227
127
146
40
1
41
242
164
20
155
64
124
35
215
38
74
40
73
144
28
213
31
208
172
16
5
96
24
149
107
0
242
48
29
92
84
48
185
62
45
125
164
50
220
59
109
253
68
215
244
93
59
220
246
250
152
67
97
245
98
208
119
221
186
164
157
106
190
121
233
134
36
71
190
214
122
201
124
248
220
49
143
208
19
241
110
155
172
153
9
240
29
157
89
56
242
115
185
90
87
40
251
58
17
255
222
54
119
221
118
198
198
85
144
93
252
185
94
255
212
98
107
54
62
196
55
29
171
166
25
83
248
116
249
242
36
53
186
210
120
193
125
50
91
181
46
214
20
193
110
155
172
26
5
114
29
148
81
16
242
59
253
89
86
34
251
149
22
117
85
248
165
227
240
56
125
66
71
206
121
192
37
230
237
141
34
252
108
138
248
74
42
130
242
252
71
113
95
123
243
112
48
20
251
248
231
213
52
203
150
232
162
203
83
136
85
57
53
244
190
143
77
47
30
243
143
194
6
37
189
33
14
48
3
217
204
163
92
140
69
130
101
161
94
232
165
235
116
7
64
116
42
190
100
86
188
24
9
146
10
75
5
4
39
83
154
0
18
77
14
129
20
16
130
77
64
172
132
136
52
80
44
242
22
132
1
48
48
32
173
8
7
36
88
80
9
146
22
65
74
80
230
90
128
15
21
50
198
139
186
111
2
48
6
14
141
231
3
75
223
242
8
131
10
130
40
82
39
117
251
2
71
207
84
48
244
180
98
47
28
45
238
209
164
122
213
176
30
20
195
209
56
41
57
28
37
129
226
242
206
175
215
239
31
95
187
190
127
48
203
159
249
54
14
244
247
125
115
220
239
210
127
90
255
183
62
218
145
115
111
215
44
86
57
82
124
240
104
112
94
56
47
213
52
245
111
153
172
24
5
240
29
156
73
17
246
51
189
88
87
0
250
47
214
236
136
126
151
151
21
55
244
45
200
221
61
53
77
212
253
96
179
240
117
82
243
208
96
140
126
61
93
221
99
199
120
211
170
218
88
248
121
118
31
106
175
213
116
245
111
153
172
136
13
242
93
152
93
56
215
115
157
218
211
110
251
135
222
10
107
239
248
150
136
26
187
188
235
162
86
111
185
109
171
45
147
205
39
27
92
227
95
121
231
215
119
163
118
143
184
203
36
123
25
232
112
106
30
34
121
213
85
191
115
249
222
24
5
244
133
216
225
22
211
183
181
50
115
244
74
29
179
93
104
54
113
245
118
208
150
221
180
93
54
185
66
219
220
67
106
225
112
69
150
172
45
164
153
103
76
117
249
244
12
149
190
90
112
9
125
58
75
57
44
84
164
215
110
155
173
15
7
242
29
150
89
52
226
59
157
121
219
102
242
116
7
245
150
80
7
3
103
6
68
83
21
29
111
144
84
250
213
65
100
208
37
192
115
28
218
168
13
82
152
49
105
87
36
84
186
82
120
129
84
80
84
24
143
193
20
229
79
153
172
24
5
240
29
156
73
16
242
51
189
88
87
32
250
211
17
147
151
220
2
10
132
2
43
33
74
130
194
134
59
102
199
36
71
74
165
34
10
206
130
170
111
147
40
176
41
115
36
92
187
2
100
131
215
194
74
16
72
210
30
129
31
152
172
16
5
96
24
20
99
144
178
49
56
92
84
50
161
199
35
131
57
64
66
138
204
200
163
169
190
192
194
139
186
129
9
34
71
15
161
102
130
213
195
135
233
131
174
2
18
167
148
69
170
56
56
235
236
34
56
48
224
180
90
177
44
89
174
40
67
209
93
116
98
4
232
17
48
60
86
113
104
196
169
147
31
232
200
222
192
74
131
35
202
210
194
203
24
239
131
56
71
79
173
67
192
199
87
187
111
130
14
130
50
215
37
69
155
18
57
239
118
112
92
56
47
245
92
189
55
153
172
24
39
240
29
156
235
16
250
48
61
92
85
48
250
45
6
116
33
217
165
167
120
180
124
206
117
172
127
137
69
235
124
131
96
241
42
154
116
68
252
0
135
248
64
105
207
223
98
85
186
53
178
41
124
125
84
26
166
69
97
255
67
168
36
25
12
240
28
140
65
40
178
183
173
138
71
36
88
61
236
109
40
50
189
241
100
248
148
214
176
93
51
221
192
202
168
3
96
245
112
68
246
189
169
132
153
107
213
113
235
213
108
69
254
95
59
185
124
250
223
56
15
208
243
211
111
187
172
11
15
248
29
29
77
60
242
59
189
88
151
106
251
193
206
138
155
200
90
134
198
56
251
40
202
130
151
206
171
203
69
61
47
204
133
110
121
75
215
25
39
147
11
18
71
215
39
85
251
82
252
237
54
114
124
40
63
221
28
117
225
217
172
24
21
209
95
156
202
16
248
33
61
92
85
16
250
251
29
255
151
38
199
89
55
247
229
85
220
63
238
54
94
255
247
112
103
190
255
247
39
187
234
182
30
123
249
222
239
199
109
55
223
194
109
218
95
16
201
237
234
171
28
237
47
157
164
219
141
248
26
148
71
121
182
121
251
251
157
10
254
211
220
8
222
254
200
94
1
27
107
57
219
138
68
68
152
173
87
60
169
142
45
162
105
109
215
187
119
23
43
63
45
87
241
252
81
102
237
250
179
99
238
239
105
191
28
253
51
199
209
82
166
141
227
191
174
209
23
50
123
85
125
16
182
65
9
146
17
0
10
4
162
10
162
34
2
192
128
75
2
77
11
33
135
13
133
67
131
193
85
157
108
0
4
128
66
75
2
96
160
24
12
167
72
48
20
48
39
7
112
23
237
153
232
40
85
48
93
25
194
7
97
19
49
8
97
64
98
7
32
129
42
200
192
0
4
64
2
130
36
96
6
11
33
9
40
1
144
193
1
75
193
198
0
72
133
2
44
131
64
29
136
193
130
41
0
9
0
40
16
20
1
84
81
167
104
48
110
8
6
180
1
88
1
22
3
142
160
0
195
100
64
123
221
247
223
54
237
221
61
255
229
117
219
191
233
62
222
191
247
114
123
190
127
211
239
217
255
247
62
123
243
247
239
199
111
103
62
159
109
250
127
124
127
255
235
191
112
253
63
189
138
185
207
246
157
60
85
105
183
115
251
187
255
173
254
20
58
145
222
48
139
158
124
75
240
123
145
196
18
137
82
166
199
160
11
132
45
194
211
201
201
225
125
16
40
149
111
215
53
117
186
84
120
234
101
97
93
171
39
167
134
245
111
154
162
41
135
178
29
189
73
64
115
19
249
89
71
36
254
12
235
95
105
160
248
190
112
121
155
239
250
238
119
204
168
153
137
239
219
229
116
67
215
225
95
245
246
109
134
163
178
222
88
207
134
93
56
248
48
126
28
57
53
245
247
183
111
187
239
136
67
240
13
90
89
22
211
151
165
120
243
225
74
157
210
117
172
55
121
61
252
164
92
217
181
125
28
239
225
239
252
195
104
112
208
164
176
12
189
240
216
253
70
126
185
216
116
213
250
84
114
129
117
30
95
95
30
244
165
228
76
138
55
95
5
242
158
150
77
168
178
41
220
93
206
38
241
219
217
154
219
55
115
92
150
51
186
37
136
62
208
39
219
239
214
60
111
14
253
229
59
39
131
243
122
83
105
180
115
243
6
180
251
82
117
114
243
114
235
236
125
186
156
81
254
221
169
126
213
104
58
183
206
145
244
41
95
93
120
147
179
151
251
87
77
52
144
222
240
26
145
189
251
206
17
77
57
37
131
60
155
135
44
70
209
229
95
241
126
5
47
135
54
254
113
125
222
90
57
234
119
115
30
41
62
189
148
216
47
137
255
69
71
184
86
152
75
22
211
58
29
112
101
38
219
74
200
139
203
42
217
220
132
57
187
46
200
147
146
127
235
9
85
184
43
140
85
78
73
33
213
27
38
31
107
23
82
149
210
219
97
114
223
238
50
242
189
102
117
55
150
117
177
215
217
62
117
159
229
239
190
151
76
174
111
69
89
81
182
58
49
125
254
54
253
89
101
222
198
87
148
157
254
189
214
250
212
65
107
190
112
194
55
29
186
164
29
82
248
116
169
194
36
87
186
210
122
193
124
240
93
53
46
212
20
229
110
155
172
152
5
242
29
157
89
16
242
59
189
89
86
42
250
33
142
236
64
45
95
215
118
190
148
190
69
79
125
88
165
129
245
122
171
244
103
216
247
121
103
5
22
124
31
67
111
255
104
193
8
214
58
250
184
245
181
42
167
212
226
245
107
187
188
137
9
240
29
155
69
57
86
58
188
226
151
44
220
133
230
79
9
248
176
163
216
160
63
40
202
128
59
167
41
194
229
173
104
192
69
30
120
70
129
45
35
149
8
33
83
245
4
220
171
80
180
37
182
246
78
40
29
80
210
80
209
24
173
28
4
65
29
143
9
144
224
35
156
92
214
34
177
29
123
125
244
50
189
125
122
5
254
123
178
221
127
220
66
179
221
100
107
183
124
192
243
205
254
163
249
108
232
117
233
210
20
84
170
215
120
241
125
116
94
185
47
246
134
213
111
155
173
25
7
242
29
159
77
0
242
51
253
89
214
33
250
135
233
131
29
0
64
140
202
202
131
169
206
194
196
199
186
129
0
38
71
14
142
102
199
199
199
135
41
131
174
2
16
166
60
69
174
24
46
202
236
74
126
48
232
252
114
149
110
249
174
8
67
208
29
28
65
16
242
17
48
60
84
98
105
135
196
0
3
129
200
130
128
42
1
34
72
0
3
96
145
76
34
4
145
1
0
60
64
96
149
89
105
147
42
129
16
52
176
90
0
32
0
11
128
161
18
40
9
0
86
88
20
0
80
80
4
20
2
225
42
146
17
164
36
4
81
32
9
74
202
139
203
42
217
200
135
57
186
10
140
145
150
127
235
9
81
184
10
140
85
78
9
33
213
27
36
7
235
23
82
149
146
219
33
112
223
238
34
162
63
102
117
55
150
117
243
215
201
62
117
151
197
255
190
151
202
170
45
69
89
83
183
5
34
85
0
216
184
38
80
32
54
0
18
204
113
134
1
203
237
161
96
201
68
10
248
78
213
25
249
188
12
33
65
87
66
212
138
0
240
53
6
36
2
56
55
101
128
244
145
16
181
24
52
0
152
142
9
8
76
17
133
72
87
101
114
235
156
238
1
239
223
211
181
63
245
22
79
158
120
50
237
253
247
120
179
252
119
251
113
123
115
189
126
252
95
215
103
207
44
211
124
210
121
236
122
112
29
106
175
213
112
245
111
157
172
24
13
240
29
152
67
48
246
115
189
218
159
44
250
67
4
130
15
9
194
4
7
4
160
136
37
48
142
43
46
105
50
163
144
201
135
223
5
82
77
220
4
18
198
131
70
141
169
99
52
49
128
105
108
40
21
68
162
77
117
39
233
121
106
88
29
182
24
88
64
58
163
175
177
42
97
0
66
206
215
11
253
118
54
125
219
181
251
41
202
3
192
244
95
129
220
61
111
10
130
180
58
110
159
175
107
215
41
52
58
112
180
158
203
98
117
33
247
82
234
58
92
250
158
192
156
72
189
86
21
73
242
167
104
144
240
33
30
92
86
50
177
5
36
85
32
216
232
39
80
40
69
138
87
192
69
200
33
235
109
133
96
201
4
10
96
78
220
25
97
176
14
43
13
86
66
93
154
0
226
109
22
37
20
24
163
101
16
252
177
128
52
16
52
192
158
12
41
8
8
1
161
72
71
37
160
248
139
238
211
98
215
222
167
30
223
95
220
31
182
123
238
29
211
124
175
30
121
230
51
57
87
187
54
77
219
22
187
100
115
61
225
214
119
222
176
208
253
225
62
159
142
89
182
159
137
255
141
185
77
151
222
209
94
106
93
87
61
25
254
131
216
137
234
252
248
94
0
59
11
57
202
138
69
68
153
141
71
60
41
142
117
234
105
109
215
59
127
23
43
11
41
151
210
152
65
106
237
254
163
99
238
235
105
183
28
253
51
210
209
18
230
77
225
247
174
217
158
176
111
84
89
87
190
109
134
230
3
203
215
162
181
48
121
214
103
190
127
35
100
232
185
155
178
241
71
219
253
114
104
24
54
236
85
155
103
159
233
1
48
119
208
125
62
93
21
74
134
69
229
251
227
189
108
9
13
247
124
152
203
126
254
183
157
202
31
44
220
161
5
48
4
201
204
37
72
174
69
15
71
130
77
224
181
239
116
5
68
118
42
184
96
86
254
16
8
146
10
66
5
4
39
115
154
0
2
77
206
1
144
24
131
76
74
172
132
129
36
80
60
112
30
132
1
48
56
32
173
64
7
37
248
198
200
25
249
200
216
90
200
11
99
45
220
144
102
204
184
195
144
20
67
142
160
174
8
109
198
163
43
195
43
59
63
176
134
85
219
66
243
203
246
146
254
8
88
208
30
236
48
201
45
86
37
72
23
165
107
144
240
41
60
92
86
51
185
193
204
138
11
201
74
134
142
56
235
40
203
130
173
102
137
203
37
61
103
76
133
126
105
67
223
25
38
209
3
34
19
213
39
89
121
19
109
237
32
114
126
56
175
221
24
125
241
217
136
24
20
209
127
140
202
16
252
33
61
84
85
18
251
64
8
146
17
200
128
6
132
10
170
2
0
208
132
11
130
109
11
35
134
138
133
78
137
203
85
191
236
0
132
160
22
65
59
65
45
24
36
38
74
32
0
32
43
15
104
15
149
185
200
88
97
52
89
1
195
135
97
1
49
4
33
64
34
3
12
130
150
109
142
24
3
38
96
23
66
138
249
2
5
108
219
32
226
196
39
210
99
90
146
176
110
16
16
1
99
199
52
81
32
83
72
232
98
240
28
56
143
209
16
241
79
153
172
24
5
244
29
156
73
17
242
51
189
88
87
0
251
67
132
128
10
201
130
14
0
2
34
33
10
128
75
6
25
100
103
32
4
202
5
2
65
70
209
185
45
146
40
1
65
151
164
20
155
0
40
39
66
32
74
40
9
149
88
149
13
80
172
16
4
32
16
28
227
16
50
48
53
24
85
48
107
2
200
139
203
44
216
216
134
24
186
38
140
128
146
109
171
9
85
184
11
140
21
78
73
33
213
27
39
23
107
23
86
149
146
249
97
119
207
238
35
162
188
106
121
55
150
117
243
215
217
62
117
141
229
255
170
151
138
174
111
69
121
87
183
83
89
154
94
1
66
92
134
3
162
41
138
2
196
15
155
239
2
48
6
14
173
197
3
67
215
243
104
147
42
130
114
210
39
117
251
2
108
226
98
48
106
168
107
63
28
53
238
209
168
114
213
144
27
52
195
145
160
41
123
28
101
145
162
128
138
130
193
232
220
128
131
56
181
6
79
130
113
91
169
0
65
13
35
196
4
174
113
75
154
20
2
148
3
19
86
183
34
80
48
82
90
237
160
209
52
8
22
200
6
216
225
137
13
24
5
213
31
137
73
17
240
51
188
64
87
2
249
205
109
255
221
114
87
123
246
49
254
45
158
87
240
243
234
162
213
156
111
30
253
228
187
47
170
166
31
217
73
62
123
242
23
52
251
82
247
215
244
210
238
217
30
250
142
193
254
157
45
126
213
121
95
149
79
208
254
57
159
93
20
35
177
210
73
138
31
67
66
88
174
26
161
29
142
50
196
7
186
109
19
48
215
14
143
231
3
11
203
250
72
211
35
130
56
240
55
33
251
2
71
206
210
146
248
149
106
155
30
169
188
221
10
83
149
153
90
52
195
209
177
41
121
28
36
146
235
103
134
238
137
238
215
147
21
59
247
5
206
222
121
54
77
204
243
104
163
216
117
82
225
208
98
156
126
41
93
215
99
199
56
211
170
218
88
232
120
116
31
104
175
213
84
245
111
153
172
8
15
240
93
152
75
56
247
115
189
90
211
106
251
134
203
24
203
169
152
222
196
27
19
47
216
18
118
204
216
235
144
60
43
134
40
172
122
109
215
35
43
151
41
17
127
182
166
92
218
66
243
163
150
179
254
40
125
150
142
85
18
193
173
86
4
44
5
167
107
144
80
40
45
92
21
49
184
1
71
16
2
193
12
39
72
32
68
2
3
128
105
236
5
238
116
133
100
72
128
16
32
66
156
25
8
144
0
40
1
80
7
82
186
1
98
5
68
165
82
24
135
73
64
108
132
128
5
80
52
34
30
135
9
16
104
1
164
72
71
33
48
63
245
125
244
63
181
253
121
180
255
213
242
239
123
176
87
178
253
70
107
243
126
144
127
60
186
230
219
94
121
117
255
99
124
158
254
210
125
241
247
90
202
219
206
242
129
193
95
153
191
16
15
104
28
158
77
16
242
123
159
251
151
43
191
197
42
17
1
200
152
38
64
40
59
42
2
192
131
202
161
194
73
133
96
205
133
10
216
79
68
9
231
128
12
33
66
113
2
84
171
16
186
165
166
198
20
24
7
80
2
100
209
152
44
24
52
193
93
143
9
20
200
3
164
76
82
96
184
50
7
228
150
203
142
5
7
230
68
18
69
63
111
48
20
254
119
65
36
210
47
153
103
90
250
52
13
186
152
88
77
7
111
67
182
192
2
95
76
69
81
4
138
77
96
237
199
128
36
217
8
182
10
140
203
40
116
98
49
74
5
40
248
42
17
8
171
23
225
138
141
70
138
25
36
49
6
59
117
93
86
64
210
193
51
87
6
132
129
224
73
19
250
183
242
37
44
151
166
251
64
72
65
32
73
86
104
84
213
163
110
30
190
152
7
178
0
112
81
146
35
15
145
57
75
108
66
61
247
125
252
54
181
125
122
181
255
249
250
207
127
180
95
178
252
6
107
179
126
208
123
92
190
167
219
125
57
125
251
211
116
156
190
210
124
241
255
94
202
185
239
242
17
197
79
153
175
24
7
104
28
158
77
24
242
115
159
120
214
43
187
67
4
128
2
200
130
6
2
2
38
33
2
128
195
4
17
100
99
32
4
202
5
2
65
70
213
185
45
146
40
1
65
23
36
20
155
0
40
39
66
32
66
40
9
213
24
212
15
16
164
16
4
32
24
28
131
16
50
16
53
24
85
48
106
197
237
215
93
64
70
233
246
0
164
41
157
66
225
151
170
162
77
165
103
78
173
228
179
75
138
166
14
193
10
50
91
243
7
117
187
16
246
211
244
210
126
152
6
248
26
193
238
153
172
120
21
241
31
148
73
16
250
51
189
88
86
35
249
196
43
131
17
192
202
2
162
8
129
3
6
210
245
74
170
8
9
4
199
14
141
102
129
83
18
156
132
0
130
2
16
154
27
97
128
9
10
206
8
136
48
144
194
169
120
43
162
83
10
161
243
17
73
96
170
71
73
0
113
32
113
211
75
197
5
130
16
64
2
4
7
0
98
1
130
130
133
6
11
9
1
33
69
10
133
66
67
66
210
152
36
0
8
2
1
135
6
81
170
0
12
103
64
32
32
60
161
149
24
53
239
81
168
24
16
209
89
92
2
25
32
17
49
8
81
64
106
195
137
130
95
101
194
216
174
26
185
23
221
162
216
11
138
43
213
56
15
142
15
230
115
107
219
179
46
87
43
34
47
215
39
117
251
82
125
234
116
241
124
185
111
159
28
249
239
217
172
94
133
241
31
156
74
17
242
51
189
88
69
0
251
194
195
10
119
228
144
222
128
11
155
57
202
130
84
68
24
5
195
60
159
14
45
162
88
109
215
187
110
135
35
130
48
146
181
24
73
106
109
238
163
99
234
161
125
151
140
156
55
67
137
20
103
13
225
182
234
209
91
48
31
84
113
80
186
38
38
97
161
223
220
135
137
238
102
186
54
249
14
249
245
241
244
67
240
217
34
154
116
28
220
189
43
146
158
115
251
225
44
87
186
90
114
169
126
96
84
16
140
84
86
180
69
153
172
24
9
240
29
156
81
16
242
51
188
90
87
40
248
197
42
85
64
248
152
38
112
40
59
34
10
196
113
206
1
194
201
173
104
201
197
10
248
78
17
25
230
172
12
33
1
209
66
84
171
64
176
37
38
228
22
56
23
81
130
214
145
144
229
28
52
65
93
143
9
6
204
3
132
72
83
96
121
40
143
238
203
34
223
208
39
125
214
31
132
25
60
59
238
155
208
96
42
148
117
215
115
121
101
132
52
111
218
30
235
199
68
83
154
210
90
235
56
48
125
116
39
21
148
245
110
159
172
153
13
178
29
156
92
16
226
122
189
91
95
40
250
197
212
204
11
221
176
3
216
177
63
32
170
140
11
167
105
194
245
25
96
232
215
90
120
100
160
44
3
219
9
57
99
245
4
156
235
82
249
5
243
210
202
10
28
82
210
64
145
24
60
24
36
65
185
207
73
24
180
57
156
220
214
38
241
130
0
0
1
192
64
4
133
8
0
43
6
0
5
75
160
1
8
1
196
10
128
46
0
66
196
24
0
128
2
10
16
48
150
81
72
0
2
14
130
2
48
0
16
4
30
44
128
81
8
80
32
21
67
32
170
145
64
32
52
4
64
18
232
131
7
0
2
157
0
3
8
162
1
129
98
168
75
0
1
0
37
4
16
64
34
128
100
64
146
1
3
146
40
1
9
26
44
144
154
0
8
1
133
69
194
24
137
192
64
128
77
0
55
16
0
64
0
206
1
40
50
48
20
0
22
36
25
96
35
228
130
66
159
3
50
102
68
22
52
61
59
144
68
114
163
67
228
241
39
81
247
24
56
140
12
96
156
208
225
222
44
67
190
90
24
137
92
244
21
16
135
193
96
227
79
153
172
137
9
240
29
152
81
48
114
51
189
72
23
36
218
95
48
97
160
223
35
15
120
194
42
210
54
233
12
131
81
240
213
3
80
233
129
202
220
204
248
248
143
210
12
113
235
93
44
85
190
90
120
33
86
112
64
20
14
197
5
164
77
152
172
24
5
226
28
156
65
0
50
51
184
88
23
32
242
193
206
130
137
201
74
162
198
40
249
40
207
130
181
78
169
203
69
189
103
76
133
110
57
67
223
25
38
149
3
34
87
213
39
81
121
16
228
237
34
115
124
40
55
221
24
125
177
217
140
92
52
209
95
140
138
144
252
33
45
84
85
16
250
122
17
171
247
54
231
219
61
221
175
83
156
243
128
49
115
190
213
82
75
142
59
230
31
45
138
166
143
82
115
63
238
71
45
191
155
218
127
200
87
152
73
245
74
163
28
169
63
159
168
90
135
242
188
180
80
208
178
59
251
121
31
34
247
143
235
78
107
239
249
254
128
121
155
236
235
254
119
108
169
133
171
47
219
229
118
3
214
227
95
81
246
237
102
167
178
222
120
73
164
123
25
248
48
127
30
56
61
213
247
183
111
185
239
12
71
248
5
218
73
22
211
151
181
48
123
226
74
250
29
254
247
38
199
89
39
55
229
85
214
159
238
50
94
191
215
112
231
158
253
243
35
63
219
182
127
122
251
254
173
87
117
55
219
194
109
250
95
16
201
253
107
175
28
253
63
221
162
155
143
248
24
180
255
89
119
121
249
121
29
24
250
195
216
0
30
239
106
26
154
138
33
185
235
162
200
70
187
36
35
52
215
204
175
33
6
66
95
249
110
211
34
163
118
251
61
64
53
91
0
224
229
250
94
57
11
209
123
183
77
169
166
24
7
244
127
217
195
18
179
183
181
56
86
178
73
195
204
138
43
205
242
134
154
60
251
32
203
162
136
38
13
201
117
61
151
200
135
127
105
67
87
25
38
211
18
34
19
207
39
218
49
115
109
109
32
96
94
58
169
215
89
55
241
88
216
24
5
213
237
204
226
18
176
167
181
20
209
16
106
62
49
125
254
54
253
121
113
222
230
87
148
221
254
249
118
242
212
67
107
190
114
194
55
29
186
166
29
82
218
116
169
210
36
87
186
210
122
193
125
240
93
181
46
212
22
229
110
155
172
153
5
242
29
156
89
16
242
59
189
89
86
32
250
56
207
117
232
32
255
163
119
61
220
102
213
29
57
253
236
255
252
233
109
244
120
244
243
57
185
37
212
125
210
112
233
212
66
123
136
213
242
221
40
245
149
186
167
119
130
118
238
139
49
255
24
234
29
135
92
169
206
107
237
83
207
41
243
199
47
131
18
64
202
130
11
74
129
7
102
178
119
64
2
104
3
4
23
134
37
96
195
193
210
216
78
0
10
2
0
158
39
64
146
24
10
207
196
192
20
40
34
129
76
181
111
145
174
8
71
241
73
88
203
16
114
18
61
8
21
224
90
19
217
10
44
20
104
248
246
209
142
223
148
96
4
75
186
239
76
3
195
37
162
229
22
237
136
166
137
83
36
170
184
100
44
173
254
30
46
128
117
154
206
147
40
86
51
2
108
187
56
122
131
104
31
53
64
144
163
41
248
60
6
34
163
118
55
247
148
126
135
26
103
38
126
83
17
159
227
144
86
250
213
57
102
204
37
194
115
78
218
168
15
82
8
48
105
215
37
84
187
82
120
229
116
112
92
56
15
209
28
229
79
153
172
24
5
240
29
156
73
16
242
51
189
88
87
32
250
251
218
206
223
255
253
219
176
63
253
86
207
190
121
126
223
188
215
60
187
236
125
203
122
105
254
179
54
127
115
247
127
215
229
209
112
119
251
250
115
244
95
235
127
213
20
253
123
159
217
25
5
246
189
159
77
115
247
183
255
219
127
38
255
93
59
215
85
249
251
243
254
184
145
198
119
174
255
139
233
234
221
217
46
231
111
202
243
107
106
88
86
252
73
90
111
159
99
113
250
86
219
223
116
213
181
154
22
77
175
233
231
157
52
137
189
241
127
155
207
120
254
63
175
88
7
167
218
32
7
37
244
172
228
165
85
244
124
10
69
205
125
49
37
247
228
195
98
244
42
26
247
94
174
38
130
94
150
121
207
71
46
71
184
240
50
73
108
93
84
18
174
196
96
229
79
184
44
24
9
240
28
156
73
20
242
115
157
74
71
40
248
3
1
128
2
5
128
0
2
66
0
17
64
32
1
0
1
12
34
0
145
130
38
65
71
64
18
68
12
2
0
128
64
30
44
0
148
11
8
2
8
32
32
48
137
128
112
145
79
16
162
8
0
48
0
88
0
35
35
18
177
32
113
196
74
97
17
160
22
85
227
7
118
198
132
133
37
32
206
177
71
123
245
67
214
241
35
209
151
0
104
236
12
80
28
224
96
207
44
7
190
82
56
65
116
120
88
48
174
213
112
165
110
153
172
24
1
240
28
156
65
16
242
51
189
88
87
32
250
13
38
117
168
8
173
37
112
48
124
202
5
77
117
217
160
195
104
195
96
240
96
24
242
88
44
0
144
104
196
33
193
221
64
83
160
53
162
137
104
252
20
26
135
68
163
230
75
184
44
137
8
242
29
25
25
46
226
23
180
74
198
108
96
36
142
229
192
46
95
135
55
165
84
126
213
31
61
92
228
145
245
78
169
244
115
248
247
89
103
12
22
60
216
81
203
135
104
66
172
222
26
249
172
94
29
33
167
213
98
245
107
186
172
141
9
242
29
155
28
40
214
82
252
250
215
44
254
120
19
246
159
119
167
31
125
38
240
249
185
61
255
179
86
251
215
73
102
88
161
198
51
12
203
232
61
83
24
52
169
242
37
85
186
82
120
193
116
114
94
56
46
213
20
193
78
153
172
24
5
240
29
156
73
16
242
51
189
88
86
34
250
41
23
117
244
188
164
165
113
244
124
194
85
193
93
144
5
226
236
195
98
244
46
154
247
94
186
166
130
94
20
121
207
71
38
87
184
212
58
201
124
93
84
26
142
196
97
239
79
184
36
24
9
240
28
158
65
52
242
115
157
74
71
40
250
6
65
0
33
128
128
10
0
8
131
3
206
128
5
64
35
0
9
4
197
10
36
66
64
69
212
153
108
0
38
3
16
2
20
203
139
8
8
232
2
32
40
48
169
183
88
180
61
18
136
48
35
129
65
120
178
1
11
16
161
0
83
112
42
1
133
152
26
1
154
123
70
17
230
5
136
144
43
143
10
10
19
160
35
134
117
194
99
73
131
130
52
43
41
21
75
151
148
81
32
53
200
250
120
112
191
173
97
183
20
245
107
19
168
57
53
180
25
252
12
25
235
59
233
25
211
97
235
161
5
48
4
201
140
37
65
38
69
11
71
130
109
224
53
103
116
5
100
82
46
176
98
86
254
1
8
146
10
66
5
2
39
114
154
0
34
75
206
5
80
24
163
236
72
236
6
129
4
80
60
96
26
132
1
57
120
112
45
64
7
33
248
29
119
125
244
50
181
125
123
17
254
249
242
221
113
148
66
162
221
101
107
244
116
192
243
221
190
163
255
104
100
53
251
211
20
84
170
215
120
241
245
116
94
185
47
246
21
215
111
155
174
25
7
240
29
157
77
0
242
51
253
89
87
96
250
141
238
207
9
216
217
163
196
56
63
4
206
156
63
175
233
202
252
153
40
72
209
78
112
102
160
24
3
253
73
59
35
245
64
149
234
82
243
13
60
214
222
24
20
81
214
96
241
153
45
30
36
209
29
142
77
16
236
43
140
92
215
34
249
198
200
24
63
201
200
122
200
10
35
171
252
162
70
204
184
235
0
20
66
143
168
172
8
103
159
163
43
211
43
43
62
240
132
92
219
2
247
235
246
146
222
8
72
242
30
232
18
201
173
82
37
104
21
133
105
144
242
41
188
28
86
51
177
5
38
85
0
216
160
39
80
96
52
0
19
204
115
132
1
235
197
161
96
201
228
10
248
206
221
17
185
172
8
33
77
83
70
84
186
0
176
53
70
37
66
56
183
101
128
220
129
0
165
0
52
32
26
142
13
12
108
19
133
72
71
33
114
22
202
24
234
169
152
220
72
27
26
47
248
16
118
205
152
227
150
60
10
134
40
136
123
109
197
35
43
87
41
1
127
183
166
60
219
98
245
163
182
35
254
168
125
22
142
92
19
193
165
86
4
44
1
167
107
144
98
40
12
92
5
49
180
133
6
4
37
137
164
161
144
48
125
0
71
128
75
128
37
96
42
133
0
240
42
186
120
112
42
0
66
252
1
33
87
109
226
24
48
53
128
41
174
213
0
10
134
64
1
202
81
40
85
88
44
212
138
136
1
58
16
167
132
134
7
36
13
61
247
125
252
54
181
125
121
181
255
241
250
207
121
148
95
176
221
7
107
191
108
208
123
92
186
163
255
124
61
125
251
211
52
148
186
210
120
241
245
94
74
185
175
242
17
209
111
155
175
24
7
112
28
158
77
16
242
115
223
90
215
42
187
193
5
131
18
0
66
4
135
2
163
1
130
130
131
130
11
11
1
32
71
10
133
66
195
66
215
147
40
0
8
2
0
199
6
81
171
0
12
111
64
32
32
60
161
23
88
53
165
80
168
56
16
145
89
124
138
25
40
17
49
12
81
65
106
134
3
0
32
200
8
38
129
0
3
11
70
128
71
64
33
64
8
5
68
10
128
40
0
70
132
8
73
128
2
10
16
48
134
80
74
1
2
5
130
130
48
24
80
64
14
6
128
65
9
16
32
29
67
33
170
17
72
0
36
68
18
18
40
195
7
128
18
200
130
14
2
34
35
33
74
130
195
6
25
102
99
32
68
202
133
10
75
70
211
187
47
146
8
0
65
215
167
20
155
0
36
39
66
32
74
40
73
209
24
213
151
80
164
16
4
101
88
28
235
16
58
17
21
88
85
16
232
141
160
207
1
218
113
161
212
56
63
4
79
210
62
163
97
202
252
153
96
72
209
110
120
38
136
24
3
253
73
59
39
213
66
157
250
82
243
13
52
208
197
94
22
81
196
104
209
29
60
30
52
211
159
142
73
144
248
43
140
77
31
34
249
42
139
174
138
2
223
128
7
47
196
31
132
25
54
125
238
153
16
96
106
150
117
208
99
89
213
145
12
32
218
30
203
135
36
83
138
210
74
235
40
48
29
116
37
21
148
117
111
157
168
137
13
178
29
152
88
48
226
122
189
89
95
40
250
195
205
138
30
109
74
222
158
146
186
189
203
42
201
79
169
5
35
62
151
196
135
165
7
99
71
205
38
211
43
130
114
251
57
128
245
126
4
236
241
122
222
59
41
213
122
149
79
185
174
26
5
249
125
217
195
82
179
63
184
56
80
22
201
61
119
125
245
63
181
251
121
180
255
213
251
207
121
176
87
178
253
95
107
254
126
210
123
188
186
230
255
126
125
117
255
83
116
158
190
210
121
241
247
88
202
251
142
242
133
193
127
153
175
24
15
248
156
158
77
16
246
115
159
251
151
42
187
72
8
138
221
42
87
248
231
25
254
86
133
16
144
123
234
164
216
89
202
158
185
238
154
57
8
166
128
65
197
63
127
97
34
113
121
87
247
192
242
146
125
213
30
90
134
3
232
157
104
126
133
218
31
149
64
147
224
41
252
93
46
2
245
100
35
228
130
64
143
3
71
166
68
6
20
29
59
176
68
122
241
67
228
209
7
209
119
26
104
140
13
98
156
16
224
215
44
71
186
82
56
137
92
116
84
16
143
193
96
229
111
153
172
152
9
240
29
156
89
24
242
51
189
88
87
32
250
133
36
85
33
216
192
165
192
32
69
138
119
196
111
128
33
227
109
133
96
225
44
8
232
78
252
17
163
168
14
107
87
86
70
93
154
16
160
105
30
69
64
24
162
100
16
252
177
8
36
16
52
208
26
12
9
56
24
17
161
140
7
33
168
194
1
136
182
7
130
28
11
6
3
41
192
162
130
36
27
13
19
36
213
130
39
98
67
68
215
243
111
18
40
132
64
135
52
150
170
2
108
106
65
96
200
52
105
183
92
181
111
81
170
24
5
224
24
124
9
25
179
51
177
24
81
144
106
193
7
16
22
193
8
38
72
34
64
2
3
0
225
196
1
238
38
133
100
72
168
16
32
66
156
185
8
144
0
8
1
80
39
112
184
0
64
5
68
37
66
24
135
104
0
236
68
0
5
80
52
96
26
135
9
16
120
1
52
72
70
33
56
5
38
85
42
216
164
39
88
96
76
40
51
204
111
133
1
235
101
161
96
224
96
24
104
70
253
49
49
186
10
99
77
86
70
93
186
32
176
57
12
37
64
58
163
101
16
252
85
8
180
24
36
162
16
12
9
40
172
19
129
136
199
33
50
42
22
48
171
159
164
135
9
134
74
128
32
49
74
33
85
127
182
35
80
208
50
29
77
20
149
113
45
18
90
225
144
76
12
223
158
176
96
41
64
40
64
54
137
85
213
148
86
24
188
16
12
34
16
204
113
144
34
71
149
26
207
40
50
133
230
223
9
216
144
163
196
56
63
0
206
192
51
167
41
194
237
137
104
72
197
78
120
70
128
24
3
237
8
59
3
245
66
84
234
80
243
13
188
214
94
24
22
80
210
64
209
25
45
28
52
209
29
143
73
16
232
35
140
92
87
34
249
243
5
244
22
201
206
81
15
182
69
6
69
47
239
144
20
126
247
20
37
214
47
179
103
122
250
52
31
186
153
72
109
7
103
34
150
130
3
95
220
81
208
8
195
201
72
237
207
129
36
219
8
244
10
156
203
56
118
114
57
74
5
33
250
221
107
223
221
112
87
251
246
59
255
101
156
86
241
179
234
162
221
188
111
142
253
230
187
79
202
166
95
73
9
62
123
243
23
52
251
82
255
211
246
210
110
217
94
251
142
193
126
157
173
126
247
121
93
149
79
209
254
57
223
93
20
35
249
213
201
215
221
96
66
250
230
2
165
45
156
66
225
147
170
162
201
188
103
14
173
230
163
79
202
162
78
65
10
50
123
243
23
117
187
16
254
223
246
210
62
153
70
249
26
193
110
153
172
120
213
241
95
148
75
81
250
49
185
88
84
35
249
7
196
16
10
129
200
130
0
34
0
33
108
0
3
228
49
108
34
4
148
1
32
33
64
100
149
73
73
147
42
129
16
144
164
88
138
32
0
13
134
131
2
8
1
0
88
60
4
0
20
80
36
40
2
96
163
144
0
32
36
16
67
50
9
227
156
174
69
239
221
211
149
59
245
7
207
158
121
46
157
237
243
56
183
252
71
82
113
115
119
189
126
252
95
215
39
199
121
83
124
218
121
236
122
112
29
104
175
213
120
253
39
157
204
24
13
240
93
152
67
50
247
114
189
210
215
40
250
5
34
85
0
216
184
38
80
104
58
34
18
192
67
201
1
194
69
129
96
201
132
10
216
206
144
57
161
128
8
33
74
83
6
220
186
16
186
37
70
164
86
24
135
100
130
80
209
152
44
56
48
32
29
15
9
4
104
19
164
76
70
97
48
101
142
236
200
108
159
215
50
188
116
62
192
137
57
92
172
129
125
123
173
244
103
216
115
121
101
13
54
124
145
81
203
135
104
195
32
214
26
253
184
242
191
42
167
213
226
245
107
187
172
137
8
241
93
155
22
48
198
123
188
194
151
44
218
25
18
85
128
54
121
33
124
166
20
86
21
93
61
252
225
239
220
197
40
112
80
164
176
9
61
1
80
61
66
95
73
216
64
209
184
68
114
137
69
245
149
95
23
68
166
228
108
130
53
215
4
242
29
135
13
40
50
35
232
73
206
36
248
133
233
131
28
0
64
137
214
130
134
137
206
67
5
22
171
137
100
70
71
6
170
100
134
77
167
182
72
129
46
34
16
228
60
111
142
24
46
202
173
74
104
48
170
182
114
165
108
184
168
112
3
208
27
20
64
144
147
16
49
60
85
34
171
39
6
164
0
200
198
135
5
166
68
6
68
217
61
17
4
25
33
194
160
209
99
90
229
112
116
28
36
44
158
65
64
135
216
3
4
168
136
111
10
45
17
36
161
5
224
181
99
49
244
137
8
183
64
88
146
46
79
90
129
162
139
124
74
3
5
0
2
5
128
0
8
130
1
17
98
160
11
0
3
0
35
4
209
130
38
1
70
64
146
193
10
18
40
1
64
26
44
128
130
11
8
2
138
64
0
56
137
128
81
176
79
0
162
16
0
100
8
72
0
56
50
150
177
40
147
164
74
133
206
69
68
232
221
131
112
57
85
30
71
142
125
76
36
233
253
141
41
244
100
136
240
105
126
17
50
188
2
91
93
150
96
81
152
86
90
249
44
85
29
58
183
197
0
244
111
137
181
9
12
240
5
138
13
40
214
50
173
208
223
36
218
126
33
109
223
50
157
91
105
30
231
87
156
157
254
189
102
242
213
65
103
158
241
194
50
29
170
160
61
82
216
117
169
211
36
87
186
210
123
193
124
240
93
53
47
212
22
229
111
155
172
152
5
242
29
156
89
16
242
59
189
89
86
32
250
38
246
104
169
223
156
135
73
174
127
186
62
233
78
249
117
240
245
71
112
217
34
152
124
84
220
45
47
210
158
113
251
225
44
87
186
82
114
169
118
240
84
16
142
84
82
244
69
153
44
24
1
240
29
141
81
16
242
51
188
90
87
40
248
195
201
138
95
39
202
216
174
27
185
23
221
146
158
78
170
41
213
56
31
142
143
230
35
105
223
179
46
83
43
18
46
215
37
117
251
82
127
234
116
241
252
169
63
159
28
125
239
217
160
94
133
249
31
188
74
16
242
59
125
88
85
0
250
45
205
236
220
51
191
115
119
60
84
199
252
31
56
252
239
226
253
93
109
55
115
240
115
61
170
128
29
125
220
116
169
214
100
118
154
194
123
145
252
146
223
28
6
208
158
225
78
157
37
150
12
122
29
151
13
56
246
123
188
91
30
46
249
199
233
11
31
192
64
222
200
203
131
41
250
242
194
199
186
235
1
54
71
15
173
39
4
207
215
191
41
131
42
2
56
210
47
101
219
74
61
239
116
50
88
48
123
159
92
189
52
201
172
16
5
216
31
36
99
16
240
49
61
92
85
48
186
231
142
175
1
238
220
154
5
59
119
5
206
222
113
54
13
140
227
56
163
220
117
82
241
210
83
156
126
44
187
151
98
135
120
67
40
218
25
232
106
116
28
40
173
209
88
245
47
153
140
8
15
244
93
152
75
52
215
114
189
114
211
104
250
195
140
206
5
239
216
210
0
59
53
5
207
142
121
38
13
236
241
58
179
205
71
219
113
103
115
157
126
252
15
219
39
151
125
65
56
82
25
248
122
117
29
40
47
213
120
255
39
153
204
24
5
240
93
152
79
58
247
50
189
208
115
36
234
2
137
138
138
3
203
132
7
7
192
31
132
16
54
45
170
205
18
32
194
134
49
198
99
73
213
16
12
17
138
26
72
149
36
81
138
82
74
235
32
48
29
52
35
21
148
117
110
153
168
153
5
178
13
144
72
16
226
58
185
81
71
34
218
90
201
138
186
7
91
92
47
27
162
95
156
16
134
79
250
13
86
48
77
6
145
230
3
45
213
185
109
83
107
22
104
149
20
213
234
38
79
232
113
48
221
245
105
23
30
117
110
223
168
63
133
184
29
244
88
208
162
43
249
25
81
80
246
133
138
68
193
188
249
131
112
56
21
86
71
142
125
88
161
224
221
237
43
196
100
136
240
105
126
17
50
252
66
19
95
159
96
81
144
86
90
249
52
213
21
58
55
193
134
244
107
152
189
137
5
240
5
155
77
48
86
50
173
64
31
36
218
7
38
96
32
217
130
2
67
32
96
130
97
192
99
128
5
98
193
1
96
193
37
25
115
70
154
32
15
18
12
33
64
87
38
84
186
80
56
33
84
100
84
24
143
193
80
241
79
153
172
24
0
240
28
156
73
16
242
51
189
88
87
32
248
67
192
8
42
5
114
26
18
33
170
41
138
128
8
37
43
0
105
32
149
128
85
81
67
68
85
153
36
19
38
3
65
146
24
147
33
59
8
104
33
34
42
62
41
151
88
54
107
16
170
24
7
145
121
120
146
18
163
51
181
48
211
126
99
33
20
125
134
60
205
19
93
230
100
15
4
13
31
188
101
227
244
64
96
208
64
208
97
92
164
140
31
50
27
81
105
197
36
215
186
130
122
137
87
20
209
8
167
228
0
228
109
144
164
24
12
160
25
158
9
56
50
59
188
90
22
44
248
80
0
153
222
0
195
118
110
17
184
86
21
17
150
155
130
11
18
128
10
132
57
206
11
9
192
128
4
66
233
29
78
23
130
49
48
53
202
202
82
48
181
197
96
39
132
101
107
27
40
239
245
180
9
188
136
69
106
43
233
73
7
33
246
194
9
131
87
97
202
210
141
202
129
7
228
50
115
66
146
10
3
60
23
14
169
102
2
65
211
217
39
2
42
2
18
159
53
64
178
59
10
238
228
192
60
56
97
177
92
177
110
153
174
8
71
245
77
120
202
17
123
54
61
40
117
177
90
196
137
131
24
0
66
0
198
32
163
33
138
130
131
134
11
9
1
32
7
14
133
66
131
65
87
153
34
1
10
2
0
215
18
81
170
0
12
111
96
96
56
56
33
151
92
53
237
17
168
56
16
209
89
28
10
24
184
17
53
28
81
65
234
227
13
244
86
201
14
83
11
182
69
7
71
175
251
38
21
102
247
20
37
214
47
178
103
114
170
164
31
250
25
72
109
135
111
34
214
194
19
219
220
209
212
8
134
201
90
233
79
129
36
90
8
248
10
159
203
56
118
114
61
218
21
34
249
186
69
41
152
7
77
25
43
135
70
57
150
25
204
54
118
149
116
70
112
18
178
144
38
28
164
165
9
147
250
94
137
128
44
7
154
130
96
202
200
34
201
149
105
148
22
164
108
19
164
145
12
2
25
180
17
40
50
112
120
31
220
42
248
135
6
64
34
221
0
3
8
160
1
129
98
168
91
4
17
0
36
4
80
64
34
160
96
68
146
129
11
178
40
1
73
18
188
144
138
64
16
1
135
68
130
24
137
192
64
224
77
0
55
16
0
72
0
206
1
56
18
48
28
8
150
36
25
119
53
238
31
21
132
81
124
134
133
213
184
171
139
151
78
106
117
114
119
59
39
195
103
28
162
148
45
114
28
64
41
143
44
165
158
130
9
67
93
48
203
189
163
145
56
161
46
19
172
153
137
48
24
16
67
120
178
57
249
56
149
44
203
165
207
109
76
62
191
209
122
189
213
182
219
207
121
124
205
176
245
110
43
244
102
144
247
121
255
21
54
124
219
87
251
222
108
66
190
210
24
249
189
255
31
58
183
209
114
244
111
185
189
137
9
248
29
159
93
56
246
114
189
250
223
44
219
3
5
0
2
5
128
4
10
130
0
17
96
32
11
4
3
76
34
36
145
130
38
65
71
64
146
65
12
18
8
0
64
142
44
0
130
11
8
34
8
96
0
48
137
128
113
52
79
16
162
0
0
52
0
120
0
48
50
22
177
0
211
164
74
165
207
109
92
62
157
85
122
189
85
60
219
207
121
220
237
129
253
111
41
244
102
176
243
121
255
133
54
125
27
81
105
150
104
64
186
210
24
249
252
246
159
56
167
213
114
245
111
153
173
137
13
248
29
159
13
56
246
115
189
218
215
44
219
17
50
81
35
152
160
36
112
64
40
66
19
192
67
129
1
234
196
129
96
200
36
8
216
206
152
49
169
130
8
33
28
82
6
92
186
16
176
33
68
37
66
24
135
100
128
216
85
8
36
16
48
32
26
13
73
4
32
19
129
76
71
33
48
198
209
136
186
7
2
92
15
7
35
9
232
34
134
38
27
77
19
36
213
10
165
114
3
68
215
243
111
19
40
160
96
195
52
150
171
2
108
98
113
96
202
52
105
151
92
181
110
81
170
24
4
224
24
124
11
24
179
51
185
24
81
176
234
133
238
215
73
200
80
162
196
104
53
4
206
194
117
167
169
194
232
137
104
72
193
46
240
70
136
24
131
173
12
27
19
181
66
84
170
80
242
13
188
198
22
24
22
80
146
64
193
153
45
12
52
209
31
143
73
20
248
1
140
88
87
98
249
193
1
147
17
0
66
4
198
2
163
41
138
130
128
3
11
13
3
32
7
10
133
102
130
64
215
155
106
1
8
2
2
199
22
81
43
16
12
110
98
96
40
32
161
183
88
53
180
25
136
56
49
145
88
52
194
17
56
17
49
28
81
65
106
141
42
223
1
200
89
160
196
56
61
6
71
210
52
226
193
202
248
141
97
72
129
46
240
102
152
24
131
236
79
59
71
85
66
84
250
16
243
13
148
209
21
88
22
65
6
104
193
153
45
126
52
209
31
143
73
20
120
35
140
72
31
35
249
163
69
48
20
201
140
5
67
38
69
11
71
130
109
68
53
100
33
4
101
134
46
176
99
86
222
128
79
146
58
8
5
130
53
112
154
128
10
202
206
69
152
8
227
168
88
236
15
193
36
80
8
96
18
132
43
25
18
112
61
16
85
51
232
102
33
231
144
218
198
3
79
230
100
147
54
255
231
178
70
250
161
99
100
217
135
83
39
94
200
188
45
2
156
50
232
199
44
71
190
90
56
225
92
112
92
48
175
213
120
229
111
153
172
152
1
240
29
156
73
16
242
51
189
88
87
32
250
193
7
16
22
193
10
12
66
34
64
43
3
0
225
4
2
102
34
4
68
74
168
0
2
66
158
161
8
128
8
0
5
82
37
112
186
0
96
2
204
5
66
24
139
232
24
236
76
0
164
80
4
96
26
135
9
1
112
17
52
12
70
32
40
83
209
200
90
117
146
94
58
18
19
53
216
162
147
132
10
2
213
60
45
130
85
192
99
108
211
171
47
87
41
0
105
214
4
148
171
70
125
35
241
114
202
169
45
147
28
213
79
19
173
25
133
105
57
222
75
80
242
50
223
88
209
102
251
133
202
76
193
168
157
131
112
56
21
6
67
222
121
216
128
192
249
45
43
196
100
136
242
105
118
21
118
108
15
19
91
150
112
81
138
82
90
249
60
245
29
56
55
209
130
244
107
137
189
129
5
248
13
139
77
56
214
50
173
80
95
36
250
67
205
136
58
7
74
84
7
51
226
29
136
26
134
46
155
77
51
48
213
134
181
82
3
69
215
241
109
67
58
130
97
135
44
17
170
43
72
234
112
112
158
60
105
151
28
117
110
209
168
26
4
224
29
120
65
24
178
59
185
24
81
48
234
46
98
105
161
223
156
135
73
172
127
170
118
249
109
249
117
210
245
71
114
205
98
152
124
86
220
41
47
210
159
49
251
227
174
87
186
82
114
237
126
112
84
16
140
85
86
244
71
153
44
24
0
240
29
141
89
16
242
51
188
88
87
40
184
0
129
144
138
1
74
4
15
7
128
14
132
48
38
173
38
203
18
33
64
134
38
192
99
65
213
16
12
18
138
10
72
159
6
65
154
0
72
203
64
32
21
52
33
21
20
53
110
145
168
185
4
178
13
216
72
0
98
50
177
24
71
32
74
5
15
0
0
0
204
132
65
169
64
15
70
144
55
200
36
137
9
5
96
196
38
16
99
89
212
21
101
32
138
11
64
134
16
65
138
0
10
233
12
36
21
56
163
69
84
244
111
145
172
129
12
176
13
136
9
40
66
18
165
72
87
32
74
46
69
109
156
22
69
29
7
167
198
41
128
29
46
53
119
145
116
64
96
18
240
244
34
28
165
165
89
17
184
84
249
96
20
151
138
130
96
0
217
54
75
52
169
182
20
196
108
17
172
144
13
34
24
148
85
184
50
113
156
91
214
40
176
77
205
252
216
51
159
116
87
46
68
133
168
28
186
238
207
234
248
17
109
31
113
114
51
53
42
128
93
113
76
20
33
220
68
118
154
66
123
145
116
150
159
60
7
241
158
101
14
149
36
54
12
98
29
151
13
24
246
57
189
89
94
35
251
133
134
84
3
137
224
160
176
48
125
6
103
132
123
128
33
96
170
133
160
225
32
47
248
96
56
0
194
252
3
163
87
125
224
24
48
53
145
41
188
213
4
10
150
192
1
250
81
9
85
92
36
220
130
138
9
62
80
166
132
194
23
32
13
234
10
239
211
234
151
219
161
60
255
126
91
159
241
91
236
0
209
121
46
220
213
206
120
27
215
157
54
236
211
55
155
247
101
87
113
222
125
252
56
244
125
233
63
213
142
217
113
159
141
153
129
213
29
157
223
64
230
51
189
78
23
40
254
199
140
174
13
238
220
222
133
59
117
7
203
158
121
110
141
173
249
56
182
220
103
82
96
115
119
157
126
236
63
147
39
215
121
65
73
218
25
236
122
113
28
40
191
213
88
253
53
153
204
24
13
241
93
152
235
48
215
50
61
80
87
48
250
102
33
229
144
90
135
3
79
230
100
131
52
253
233
178
71
250
181
99
116
209
7
83
231
22
232
188
13
34
156
80
224
199
44
71
190
90
56
193
92
116
84
16
143
193
120
229
111
153
172
152
9
240
29
156
89
24
114
51
189
88
87
40
250
62
117
125
156
54
71
25
127
166
198
157
148
93
44
180
119
253
244
70
109
18
112
244
35
156
181
160
89
51
62
84
121
144
84
183
138
130
120
17
213
22
137
61
32
182
20
228
110
19
172
243
15
58
24
52
93
184
50
59
216
89
158
110
251
4
42
147
10
64
66
132
135
66
128
10
36
112
6
155
160
95
2
195
148
65
145
71
132
211
65
92
192
128
204
130
192
141
8
67
164
61
2
77
72
40
21
20
160
5
117
39
236
186
110
201
91
150
13
80
211
6
65
134
33
34
97
104
74
3
5
0
50
1
128
4
10
162
2
1
34
160
11
4
23
66
35
36
209
130
38
209
103
68
144
193
13
18
40
1
64
2
12
128
142
1
8
33
72
32
194
56
129
16
80
52
79
16
160
16
0
32
24
104
0
56
50
51
177
8
211
32
75
250
17
234
159
39
71
92
167
23
227
117
154
159
162
55
94
189
215
112
255
26
213
198
35
61
215
251
125
83
251
182
169
195
52
53
251
194
109
250
115
48
201
245
105
151
28
245
62
223
170
27
133
234
24
180
223
216
183
121
249
93
29
24
242
6
34
224
0
217
130
0
67
98
33
130
115
226
65
128
17
226
197
35
64
193
39
11
87
70
154
36
15
18
12
33
70
87
38
84
186
80
56
33
84
64
84
24
143
193
80
177
79
152
172
24
0
240
28
156
73
16
242
51
181
88
87
32
248
240
185
215
215
115
75
209
254
254
129
135
255
255
243
254
250
250
149
122
47
6
141
227
231
175
218
208
63
110
139
22
44
159
103
103
222
66
91
219
116
213
253
169
119
169
62
249
175
197
166
235
215
240
31
157
79
120
254
48
47
89
13
167
219
117
17
252
156
19
197
81
124
134
196
213
186
189
171
150
94
250
116
98
101
43
231
194
34
12
177
144
57
51
136
82
41
150
36
53
154
2
121
83
92
52
139
189
35
21
24
101
46
19
164
185
136
48
24
148
69
104
178
57
217
25
199
38
219
196
201
147
25
0
64
12
198
11
163
41
142
2
133
7
171
13
0
32
7
14
133
102
128
65
215
155
106
129
10
2
2
213
22
97
43
16
172
110
98
96
40
32
33
183
92
53
180
25
136
56
49
209
91
52
202
145
184
1
49
28
85
65
234
33
198
77
10
32
93
17
52
114
84
14
197
76
61
76
160
111
160
133
169
112
64
53
180
121
41
4
16
109
2
65
97
220
100
64
176
90
18
137
252
215
158
24
150
208
162
228
108
153
37
79
12
248
29
139
77
62
242
43
156
90
214
34
249
48
51
125
24
53
22
23
127
198
2
189
176
109
17
148
22
210
196
66
84
144
114
208
167
156
128
196
13
50
156
1
104
136
12
131
174
194
56
1
81
50
202
49
165
84
240
164
78
19
174
137
8
32
25
214
25
32
226
59
156
120
210
108
217
90
217
154
154
7
219
84
38
27
162
63
156
16
132
111
250
207
86
48
66
142
177
198
3
13
197
176
44
83
107
22
104
149
4
209
234
2
67
234
115
50
221
229
41
23
158
117
46
151
168
59
133
178
29
244
90
145
162
41
249
89
64
102
230
200
10
206
195
235
213
150
161
28
251
118
90
155
48
123
196
11
145
125
171
204
213
143
120
59
87
25
54
252
195
55
155
119
68
93
97
87
123
237
50
240
117
105
60
213
142
210
49
159
205
157
165
215
29
221
250
66
100
49
61
76
27
40
254
0
0
16
138
1
202
36
75
7
0
10
36
48
6
137
54
203
18
129
0
128
6
192
67
65
212
144
13
18
138
10
64
132
4
65
170
0
72
73
64
32
21
52
33
21
20
36
111
145
172
57
4
178
29
248
8
0
98
51
177
8
71
32
74
192
129
147
27
0
64
140
198
2
163
41
138
2
128
131
43
15
2
160
7
10
161
102
2
64
199
147
106
129
10
2
2
229
22
113
40
16
132
106
98
98
40
32
97
183
88
53
188
88
136
120
49
149
90
52
194
145
184
1
49
28
81
65
106
44
53
109
128
22
39
6
115
102
70
27
20
93
4
185
71
128
84
64
100
144
112
144
163
8
4
132
28
48
24
29
72
80
4
213
170
138
96
1
81
52
65
29
15
84
52
228
78
18
172
17
12
34
25
20
25
8
34
19
184
72
86
108
240
83
209
222
218
55
147
86
50
50
178
53
154
142
155
36
91
70
215
56
45
138
85
195
99
40
147
185
109
55
9
144
41
151
4
148
234
66
89
39
113
50
219
40
61
145
156
81
207
147
173
27
5
56
57
223
79
16
242
58
31
89
209
38
251
68
14
128
8
8
200
34
101
9
32
2
4
16
177
203
162
202
8
129
0
204
1
78
129
89
1
8
4
0
128
11
66
149
2
65
32
17
130
45
8
164
52
8
131
85
146
32
225
19
72
41
48
149
93
9
8
6
104
3
160
72
66
97
67
106
33
161
144
202
135
2
77
198
98
131
38
241
228
178
86
250
49
67
84
201
181
83
7
22
192
184
13
130
156
21
32
71
36
71
186
10
104
193
92
32
81
20
11
197
92
165
79
153
172
24
5
242
29
28
65
24
50
51
185
24
87
32
234
90
152
152
154
3
91
14
14
15
162
9
140
48
132
47
250
79
214
32
4
142
145
198
11
9
197
248
44
19
74
22
105
213
4
213
43
2
100
234
98
48
221
100
41
23
156
101
44
151
168
26
4
162
25
244
83
144
162
41
57
93
73
66
242
32
71
36
138
0
30
4
51
4
66
83
16
1
35
89
132
136
64
65
224
81
32
145
130
89
20
5
0
0
158
41
216
72
44
69
138
204
50
129
0
180
84
17
143
84
182
164
78
146
45
145
8
32
29
133
25
0
98
3
176
74
83
104
160
71
205
136
26
7
74
92
6
19
66
5
136
0
134
46
27
205
19
48
213
15
181
67
3
69
213
179
109
83
40
130
33
150
52
149
170
10
72
226
112
50
218
60
105
151
28
117
110
209
168
26
4
160
29
116
2
24
179
59
185
24
113
98
227
244
169
215
150
18
75
81
238
255
129
151
255
255
167
222
250
251
21
118
39
7
207
226
103
239
223
212
59
171
171
86
44
151
103
101
222
2
91
219
252
213
221
173
99
169
30
125
172
197
166
235
215
208
31
52
79
120
116
48
121
57
21
163
218
218
217
223
223
247
217
223
188
223
163
253
250
191
142
127
218
255
151
124
31
14
215
230
36
47
247
251
59
211
235
86
187
221
45
245
255
86
125
239
119
114
223
229
63
159
28
125
180
223
142
159
165
250
191
244
255
208
244
57
121
93
93
176
254
226
33
224
144
203
134
3
77
230
97
131
38
241
236
178
87
250
49
99
84
89
167
83
36
22
200
188
45
130
156
50
160
199
44
71
190
18
56
225
92
96
92
52
171
213
116
165
109
153
172
152
1
242
29
156
65
24
242
51
189
24
87
32
250
140
138
14
193
235
217
134
161
60
251
62
74
154
50
123
228
9
145
253
171
205
85
143
120
43
85
25
34
156
207
23
18
119
192
223
64
86
217
237
50
240
53
104
61
85
134
88
177
159
205
28
37
223
141
201
122
18
64
50
45
69
25
32
254
12
138
142
201
235
213
132
129
60
251
6
78
145
54
123
196
9
153
233
170
217
84
158
120
51
84
25
34
220
207
51
147
253
192
223
96
83
251
109
50
112
53
96
60
85
132
82
177
27
77
156
37
159
13
204
120
18
192
170
13
70
27
40
242
247
237
223
151
16
72
81
238
251
197
63
255
63
175
206
250
251
2
52
39
15
205
230
38
253
247
241
59
43
138
66
41
150
103
101
254
6
75
219
252
87
221
173
35
159
26
125
172
209
164
107
149
184
27
52
79
120
52
48
121
29
85
32
202
136
202
78
203
191
253
136
177
61
223
114
218
159
59
123
236
136
213
109
171
221
84
175
120
107
53
25
50
189
223
55
159
245
192
221
64
86
253
249
50
247
125
107
63
211
134
88
177
158
221
29
165
223
135
143
124
66
196
48
76
197
219
40
191
