posters/Movie Poster 61.jpg
512
770
235
-160.84
-1
0
166
581
0.0100718
31
-88.7382
-1
0
259
573
0.0119931
31
42.5342
-1
0
226
539
0.0189243
31
-83.9793
-1
0
280
572
0.0118878
31
-99.6282
-1
0
265
573
0.0110994
31
75.5792
-1
0
247
520
0.018655
31
77.3196
-1
0
242
520
0.0172523
31
-103.109
-1
0
295
573
0.0123624
31
59.7639
-1
0
229
521
0.0119524
31
149.334
-1
0
330
542
0.0169239
31
-68.9989
-1
0
242
573
0.0174513
31
-46.9863
-1
0
230
573
0.0107898
31
-29.9285
-1
0
192
573
0.0124707
31
-128.441
-1
0
322
572
0.0169085
31
-8.31232
-1
0
189
529
0.0126108
31
126.027
-1
0
300
519
0.0157481
31
145.321
-1
0
315
528
0.016334
31
-52.6147
-1
0
206
573
0.0114534
31
60.8462
-1
0
247
514
0.0139059
31
88.1066
-1
0
259
520
0.0169053
31
92.7639
-1
0
259
513
0.0174947
31
148.25
-1
0
330
537
0.0203581
31
-173.032
-1
0
316
562
0.0201078
31
-60.476
-1
0
224
573
0.0106008
31
11.6848
-1
0
182
520
0.0112198
31
-41.4087
-1
0
227
551
0.0152524
31
69.3123
-1
0
223
520
0.0153285
31
-78.8915
-1
0
247
573
0.0170472
31
9.95461
-1
0
208
529
0.0151116
31
139.635
-1
0
317
541
0.0149423
31
-94.0472
-1
0
274
573
0.0114837
31
82.9567
-1
0
264
520
0.0130411
31
110.763
-1
0
280
520
0.0103568
31
-143.945
-1
0
326
573
0.0110139
31
122.412
-1
0
295
520
0.0105226
31
139.96
-1
0
319
537
0.0221899
31
98.6525
-1
0
259
510
0.0137861
31
-160.866
-1
0
330
573
0.0132946
31
123.155
-1
0
298
520
0.0182835
31
-42.5923
-1
0
211
573
0.0115023
31
25.56
-1
0
246
509
0.00973636
31
-13.5166
-1
0
183
528
0.00967951
31
117.553
-1
0
334
576
0.00580441
31
113.891
-1
0
279
517
0.00631532
31
50.5161
-1
0
157
372
0.00696446
31
133.264
-1
0
260
506
0.00610087
31
108.97
-1
0
285
517
0.0068322
31
32.1826
-1
0
146
352
0.00734218
31
134.644
-1
0
296
517
0.00695763
31
114.305
-1
0
262
508
0.00914292
31
-109.338
-1
0
207
220
0.00716085
31
176.634
-1
0
317
551
0.00854434
31
-131.055
-1
0
322
576
0.00791954
31
119.526
-1
1
298.8
520.8
0.0156906
37.2
150.317
-1
1
316.8
542.4
0.0198256
37.2
137.545
-1
1
315.6
529.2
0.0127782
37.2
152.344
-1
1
319.2
536.4
0.0185415
37.2
83.4734
-1
1
259.2
520.8
0.0130175
37.2
139.451
-1
1
330
536.4
0.0180062
37.2
29.3779
-1
1
226.8
538.8
0.0130989
37.2
65.3972
-1
1
229.2
520.8
0.0130076
37.2
77.7047
-1
1
247.2
520.8
0.014037
37.2
144.068
-1
1
330
542.4
0.0178749
37.2
-157.751
-1
1
330
572.4
0.012432
37.2
-153.838
-1
1
315.6
561.6
0.0135646
37.2
-140.152
-1
1
321.6
572.4
0.012233
37.2
-42.1203
-1
1
211.2
572.4
0.013824
37.2
-48.2195
-1
1
230.4
572.4
0.0108596
37.2
-90.5431
-1
1
273.6
572.4
0.0110612
37.2
53.36
-1
1
223.2
520.8
0.00953557
37.2
-43.5143
-1
1
223.2
572.4
0.0104825
37.2
84.4278
-1
1
258
514.8
0.0103443
37.2
-42.0824
-1
1
205.2
572.4
0.0105621
37.2
-99.8299
-1
1
295.2
572.4
0.0103702
37.2
22.4384
-1
1
207.6
529.2
0.0100777
37.2
-35.2022
-1
1
226.8
552
0.0100977
37.2
109.654
-1
1
285.6
517.2
0.0043949
37.2
164.055
-1
1
316.8
552
0.00671563
37.2
38.4899
-1
1
146.4
352.8
0.00494252
37.2
90.7252
-1
1
265.2
520.8
0.00557714
37.2
111.209
-1
1
280.8
520.8
0.00941496
37.2
70.5773
-1
1
247.2
513.6
0.00713484
37.2
-53.1301
-1
1
241.2
573.6
0.00857173
37.2
-90
-1
1
280.8
572.4
0.00899342
37.2
-74.6618
-1
1
248.4
573.6
0.00773985
37.2
71.264
-1
1
157.2
372
0.00554736
37.2
125.867
-1
1
296.4
517.2
0.00482241
37.2
143.393
-1
1
334.8
576
0.00511342
37.2
-26.227
-1
1
192
572.4
0.00849126
37.2
14.3289
-1
1
182.4
519.6
0.00756713
37.2
-4.67636
-1
1
183.6
528
0.0093888
37.2
-151.731
-1
1
326.4
573.6
0.00754523
37.2
-98.7261
-1
1
265.2
572.4
0.00920281
37.2
-1.89165
-1
1
189.6
529.2
0.00887862
37.2
-157.989
-1
1
164.4
580.8
0.00729866
37.2
65.1795
-1
1
241.2
520.8
0.00876261
37.2
114.88
-1
1
285.6
522
0.00718374
37.2
129.116
-1
1
313.2
512.4
0.00275534
37.2
101.034
-1
1
277.2
517.2
0.00304162
37.2
55.0743
-1
1
246
510
0.00281136
37.2
-65.7974
-1
1
291.6
218.4
0.00280282
37.2
-101.997
-1
1
300
188.4
0.00341457
37.2
-101.672
-1
1
206.4
222
0.00424854
37.2
90.9496
-1
2
155.52
372.96
0.00480923
44.64
-155.469
-1
2
164.16
580.32
0.00338809
44.64
178.152
-1
2
334.08
576
0.00612936
44.64
-97.4874
-1
2
266.4
573.12
0.00476782
44.64
-83.5584
-1
2
257.76
573.12
0.00489048
44.64
-73.54
-1
2
249.12
573.12
0.00750351
44.64
-54.3684
-1
2
240.48
573.12
0.00813822
44.64
-4.73224
-1
2
178.56
525.6
0.00241037
44.64
-151.631
-1
2
329.76
571.68
0.0134089
44.64
-142.093
-1
2
322.56
571.68
0.00740875
44.64
-97.5747
-1
2
295.2
571.68
0.0123171
44.64
-96.4015
-1
2
280.8
571.68
0.0106994
44.64
-84.8315
-1
2
273.6
571.68
0.0125379
44.64
-45.3581
-1
2
230.4
571.68
0.0126406
44.64
-38.0978
-1
2
223.2
571.68
0.0110055
44.64
77.7639
-1
2
257.76
521.28
0.0051089
44.64
-41.3785
-1
2
211.68
571.68
0.014403
44.64
-100.25
-1
2
205.92
221.76
0.00381394
44.64
-38.2843
-1
2
204.48
571.68
0.0107197
44.64
90.9316
-1
2
264.96
519.84
0.00592331
44.64
-28.1444
-1
2
192.96
571.68
0.00730148
44.64
-152.712
-1
2
315.36
561.6
0.00837293
44.64
167.225
-1
2
316.8
552.96
0.0042525
44.64
113.741
-1
2
286.56
516.96
0.00251332
44.64
120.182
-1
2
295.2
516.96
0.0033225
44.64
-115.866
-1
2
299.52
185.76
0.00248319
44.64
43.7608
-1
2
146.88
351.36
0.00462162
44.64
67.983
-1
2
246.24
512.64
0.00355805
44.64
-25.0894
-1
2
227.52
551.52
0.00511956
44.64
122.994
-1
2
300.96
516.96
0.00333828
44.64
17.9234
-1
2
182.88
519.84
0.006702
44.64
-153.435
-1
2
326.88
577.44
0.00339267
44.64
141.812
-1
2
329.76
542.88
0.0171158
44.64
53.2267
-1
2
223.2
521.28
0.00983784
44.64
58.8991
-1
2
226.08
521.28
0.0118657
44.64
63.1038
-1
2
230.4
521.28
0.00908962
44.64
67.2991
-1
2
240.48
521.28
0.00679065
44.64
75.1545
-1
2
247.68
521.28
0.0121192
44.64
108.726
-1
2
280.8
521.28
0.007127
44.64
116.165
-1
2
295.2
521.28
0.00741134
44.64
151.595
-1
2
315.36
538.56
0.019638
44.64
117.704
-1
2
299.52
521.28
0.00997161
44.64
2.9494
-1
2
182.88
527.04
0.00741849
44.64
24.7082
-1
2
226.08
538.56
0.00708283
44.64
134.835
-1
2
329.76
535.68
0.017803
44.64
1.9017
-1
2
188.64
529.92
0.00784221
44.64
21.6773
-1
2
208.8
529.92
0.0064098
44.64
134.4
-1
2
315.36
529.92
0.00891754
44.64
146.557
-1
2
319.68
535.68
0.0184993
44.64
-100.561
-1
2
298.08
577.44
0.00228462
44.64
-77.2864
-1
3
288.576
214.272
0.00219508
53.568
100.694
-1
3
276.48
521.856
0.00363899
53.568
-154.737
-1
3
333.504
575.424
0.00585546
53.568
55.1309
-1
3
226.368
521.856
0.00846366
53.568
-153.435
-1
3
328.32
571.968
0.0145489
53.568
-143.633
-1
3
321.408
571.968
0.00460845
53.568
-100.217
-1
3
293.76
571.968
0.013355
53.568
-96.2371
-1
3
279.936
571.968
0.0130627
53.568
-87.1055
-1
3
271.296
571.968
0.00869382
53.568
-88.354
-1
3
266.112
571.968
0.00377683
53.568
-66.5139
-1
3
248.832
571.968
0.00435589
53.568
-36.9643
-1
3
229.824
571.968
0.0138935
53.568
-30.6372
-1
3
221.184
571.968
0.00858052
53.568
-33.8401
-1
3
212.544
571.968
0.00913818
53.568
-31.2146
-1
3
203.904
571.968
0.0102558
53.568
-24.1191
-1
3
191.808
571.968
0.00420767
53.568
-146.109
-1
3
314.496
561.6
0.00594783
53.568
162.582
-1
3
316.224
552.96
0.00253998
53.568
-18.1573
-1
3
226.368
552.96
0.00293676
53.568
143.354
-1
3
330.048
544.32
0.00866106
53.568
148.1
-1
3
314.496
537.408
0.0139221
53.568
24.9628
-1
3
226.368
537.408
0.00301181
53.568
139.691
-1
3
317.952
533.952
0.0121113
53.568
132.138
-1
3
314.496
530.496
0.00701301
53.568
23.4348
-1
3
207.36
530.496
0.00337569
53.568
6.02212
-1
3
188.352
530.496
0.00650174
53.568
85.6982
-1
3
260.928
516.672
0.00545196
53.568
5.68165
-1
3
183.168
527.04
0.00711116
53.568
133.564
-1
3
328.32
535.68
0.015658
53.568
117.1
-1
3
298.944
521.856
0.0061621
53.568
103.641
-1
3
279.936
521.856
0.00515712
53.568
57.6041
-1
3
229.824
521.856
0.00758318
53.568
43.734
-1
3
221.184
521.856
0.00599329
53.568
59.3335
-1
3
238.464
520.128
0.00318221
53.568
18.215
-1
3
183.168
520.128
0.00545443
53.568
124.391
-1
3
314.496
513.216
0.00274206
53.568
78.4763
-1
3
257.472
511.488
0.00251471
53.568
67.9037
-1
3
247.104
521.856
0.0072064
53.568
112.8
-1
3
286.848
521.856
0.00345796
53.568
-44.8031
-1
3
238.464
571.968
0.00419147
53.568
153.039
-1
3
317.952
542.592
0.00725561
53.568
130.83
-1
3
328.32
532.224
0.00992054
53.568
-82.2348
-1
3
255.744
571.968
0.00306061
53.568
-103.761
-1
3
297.216
573.696
0.0132016
53.568
-33.5347
-1
3
203.904
568.512
0.00929204
53.568
116.94
-1
3
293.76
516.672
0.00234818
53.568
116.367
-1
3
293.76
521.856
0.00567942
53.568
-98.7064
-1
3
205.632
221.184
0.00311042
53.568
-110.934
-1
3
298.944
188.352
0.00199491
53.568
89.3069
-1
3
266.112
520.128
0.00204929
53.568
115.212
-1
3
331.776
525.312
0.00204365
53.568
125.653
-1
4
308.966
514.253
0.00131778
64.2816
27.4076
-1
4
207.36
530.842
0.00218923
64.2816
27.8973
-1
4
226.022
537.062
0.00134103
64.2816
46.3897
-1
4
221.875
522.547
0.00262581
64.2816
-11.3653
-1
4
226.022
551.578
0.00147835
64.2816
-96.8837
-1
4
209.434
215.654
0.00206888
64.2816
-80.3704
-1
4
288.23
221.875
0.00140621
64.2816
-98.917
-1
4
205.286
221.875
0.0029748
64.2816
118.626
-1
4
298.598
520.474
0.00273155
64.2816
88.4151
-1
4
261.274
516.326
0.0030575
64.2816
95.6637
-1
4
275.789
520.474
0.00239268
64.2816
52.4587
-1
4
226.022
520.474
0.00413691
64.2816
55.9855
-1
4
230.17
520.474
0.00406252
64.2816
57.3808
-1
4
238.464
520.474
0.00175879
64.2816
70.4841
-1
4
248.832
520.474
0.00264368
64.2816
100.385
-1
4
279.936
520.474
0.00352024
64.2816
110.638
-1
4
286.157
522.547
0.00322189
64.2816
-82.6533
-1
4
288.23
213.581
0.00203797
64.2816
-97.386
-1
4
215.654
215.654
0.00150582
64.2816
116.517
-1
4
298.598
470.707
0.000720818
64.2816
88.3431
-1
4
261.274
508.032
0.000797247
64.2816
-97.9239
-1
4
205.286
213.581
0.000738886
64.2816
-97.3846
-1
4
248.832
217.728
0.00077144
64.2816
77.9052
-1
4
255.053
510.106
0.00115058
64.2816
71.3233
-1
4
246.758
510.106
0.000710408
64.2816
84.6151
-1
5
261.274
515.082
0.00230043
77.1379
79.8994
-1
5
256.297
510.106
0.00192649
77.1379
92.9415
-1
5
271.227
520.059
0.00183379
77.1379
78.2317
-1
5
251.32
520.059
0.00233593
77.1379
69.22
-1
5
243.855
515.082
0.00127407
77.1379
85.0882
-1
5
261.274
507.617
0.000618229
77.1379
235
64
1
3
8
40
0
144
36
6
33
2
0
4
0
5
41
3
8
40
129
192
128
112
64
67
64
0
128
128
0
32
9
65
23
16
211
32
33
8
0
0
36
32
56
97
52
208
103
107
18
40
40
4
38
1
120
16
27
3
27
133
0
243
73
66
71
44
130
59
216
234
162
132
8
160
2
61
128
195
203
171
72
43
161
210
237
37
95
195
211
10
208
231
64
138
163
198
175
186
71
166
57
154
233
126
232
28
16
128
209
115
163
107
185
238
8
67
244
29
89
193
54
179
151
181
152
115
226
75
254
253
251
254
54
127
217
175
223
248
223
253
127
150
255
254
251
151
122
223
183
191
119
159
189
207
246
159
71
255
246
238
207
45
39
255
254
127
233
117
251
221
245
254
255
247
183
110
253
175
207
207
248
31
190
81
212
243
255
255
123
47
250
222
70
227
146
91
241
146
6
3
66
178
33
186
162
210
135
27
96
139
41
214
203
173
83
211
146
83
243
237
1
136
128
2
203
30
70
166
89
24
99
116
106
42
48
237
213
121
151
79
25
238
8
67
244
88
216
193
18
243
19
149
120
115
227
75
7
230
128
56
217
130
162
2
0
42
32
250
130
66
132
25
64
43
33
210
229
37
27
75
194
91
209
231
129
44
161
70
143
186
70
166
57
152
233
110
106
62
32
201
209
81
179
75
184
238
8
67
244
93
88
65
6
211
151
181
152
243
224
73
127
61
219
118
217
234
122
78
90
33
207
119
246
230
234
250
115
171
179
211
239
45
67
215
167
202
226
239
66
47
231
103
159
167
69
190
59
59
249
124
216
220
157
99
237
83
167
111
185
174
8
71
240
29
24
65
62
243
247
187
56
55
161
202
127
251
211
127
250
250
120
78
74
48
241
184
246
210
239
218
122
131
43
214
239
45
67
151
135
203
226
239
67
44
228
226
159
46
69
190
121
122
251
117
234
95
177
77
253
95
179
111
217
174
8
71
242
29
89
65
4
243
215
183
56
119
243
91
199
41
136
54
17
202
80
6
26
1
143
117
34
198
138
242
41
43
32
215
199
47
99
67
135
74
194
207
66
174
130
96
135
58
101
182
43
26
235
220
200
180
176
225
233
83
183
111
209
166
137
75
240
29
56
1
50
51
119
179
40
51
181
202
126
57
251
118
127
43
125
106
214
32
223
119
127
206
136
116
243
151
82
83
231
47
193
87
191
254
230
159
66
255
230
236
15
45
37
254
254
58
219
93
89
221
213
106
237
37
167
111
233
166
139
203
248
30
28
65
112
179
255
251
184
39
161
222
19
148
24
6
159
225
218
52
18
4
157
101
172
14
3
49
125
243
16
208
225
35
195
68
160
108
248
78
80
31
199
99
221
44
145
254
91
9
200
117
89
216
31
42
213
113
167
111
153
254
27
5
248
28
152
65
50
179
63
185
56
147
38
202
92
42
144
56
56
186
34
97
72
186
226
51
192
19
217
130
114
139
227
202
237
37
75
223
201
89
245
231
64
132
161
198
223
144
71
166
53
186
233
100
236
20
49
167
117
231
183
107
186
236
169
67
244
29
89
89
6
243
151
181
120
115
97
78
92
50
247
176
24
225
44
118
64
190
202
53
69
165
145
66
251
200
195
106
233
41
78
155
140
124
182
205
72
132
241
206
89
2
125
191
20
188
97
84
124
64
146
46
103
165
103
247
186
108
120
112
226
28
28
77
134
242
3
209
72
7
97
182
0
6
144
130
8
78
132
103
2
228
14
5
16
55
155
164
111
2
129
32
208
1
206
3
89
68
0
64
32
138
3
79
133
2
65
48
16
130
105
76
101
21
0
166
68
0
101
239
153
44
201
8
182
13
152
73
32
98
2
161
72
71
32
90
15
249
138
56
21
234
112
14
0
2
237
236
98
206
134
59
97
43
35
211
167
47
67
83
199
207
226
237
83
38
226
96
151
190
213
142
43
8
233
117
106
186
52
105
213
81
183
239
216
190
8
70
240
21
120
65
49
147
19
179
56
243
231
75
131
206
68
6
237
152
150
0
58
125
46
203
142
125
68
141
237
235
37
177
196
100
186
112
97
95
145
114
253
3
131
103
151
112
80
48
115
72
248
232
117
158
42
175
213
18
244
107
153
196
24
5
244
13
155
73
58
214
55
189
80
87
36
250
124
58
255
223
62
189
187
125
254
254
114
185
253
51
155
246
242
215
235
106
220
113
198
253
141
169
167
191
126
201
117
239
119
68
213
191
84
248
241
117
246
92
251
31
242
134
209
127
154
173
60
5
242
157
159
93
68
246
59
221
91
86
32
247
59
213
124
159
159
133
223
13
182
237
60
233
189
111
53
93
255
246
113
242
240
122
211
119
48
255
225
127
123
217
245
231
215
108
23
182
211
89
121
124
119
203
124
175
213
80
213
111
157
172
26
13
250
24
156
77
56
246
123
157
219
223
42
251
21
42
215
193
56
153
160
244
58
188
98
17
68
49
217
128
234
204
233
42
196
97
78
251
201
41
5
230
44
12
17
95
253
66
85
176
84
186
169
116
245
20
42
22
69
162
81
99
184
173
45
33
176
29
159
77
6
82
3
141
72
71
37
254
61
52
245
54
92
170
125
90
242
41
198
113
230
71
132
81
114
167
167
81
231
45
9
223
230
250
226
223
106
13
225
230
95
175
20
190
43
184
113
87
89
196
154
195
233
97
183
79
184
246
8
66
224
60
94
65
62
178
151
187
184
55
229
78
222
251
211
251
248
178
234
201
234
187
224
251
231
210
167
91
118
139
171
67
239
173
79
223
135
219
243
239
195
164
225
242
247
134
198
191
121
184
241
116
234
94
50
77
241
85
147
95
184
174
24
67
240
29
221
89
22
242
151
183
88
115
227
123
126
51
243
115
216
178
170
72
194
186
192
51
245
194
131
82
118
143
163
82
239
61
67
223
134
154
246
237
66
228
229
234
31
142
197
190
61
184
113
117
108
72
183
73
241
117
147
79
186
174
8
67
242
28
92
81
6
178
215
147
56
119
241
87
27
212
152
14
191
225
218
20
18
1
21
236
172
14
38
121
100
243
16
209
225
35
227
69
160
42
224
79
83
63
199
97
223
44
149
246
91
75
200
245
82
223
31
10
208
113
163
111
153
190
26
5
248
13
216
65
50
179
63
188
56
211
38
203
62
61
117
246
234
237
127
41
236
69
127
119
189
127
248
244
55
191
100
97
246
126
144
119
189
255
229
255
110
242
119
237
6
252
71
158
207
90
248
95
109
213
245
227
229
3
253
47
143
166
129
75
238
5
159
93
104
119
115
249
235
159
169
222
92
42
245
241
56
189
42
113
88
190
226
19
196
177
219
194
114
201
235
106
253
165
75
219
137
40
166
230
76
196
177
206
127
0
69
173
93
186
161
100
252
84
115
31
98
167
3
91
186
237
60
99
226
29
159
89
6
251
23
245
74
82
97
246
5
134
12
8
41
144
6
0
48
58
8
2
128
53
37
1
13
40
128
144
192
112
80
210
64
85
145
96
40
4
129
64
159
16
211
32
121
8
168
32
100
60
58
165
245
209
247
107
56
234
8
7
244
9
216
24
23
195
23
149
64
243
104
74
173
254
109
125
61
252
255
248
189
255
232
251
239
61
204
207
235
189
255
123
253
98
184
126
117
255
243
183
125
95
99
255
219
232
236
255
246
189
249
255
126
206
122
191
215
243
246
123
169
255
30
9
232
189
223
69
188
246
247
159
254
215
170
183
127
245
251
126
55
163
89
46
214
160
213
253
127
202
166
94
186
183
114
215
183
47
243
55
182
170
230
31
83
249
244
236
143
45
38
254
238
57
211
253
219
235
245
75
249
117
161
110
253
166
219
207
248
28
188
65
112
179
255
251
187
127
167
219
68
34
146
123
57
178
166
33
64
186
232
179
224
83
139
2
83
139
225
210
253
37
91
223
209
79
225
231
64
132
161
198
207
152
71
166
125
152
233
124
104
28
50
167
245
241
151
107
186
238
136
67
244
29
216
81
6
243
151
181
250
115
233
78
56
30
119
246
63
237
189
123
221
253
250
119
255
60
88
230
247
221
103
123
244
62
208
255
157
255
229
190
126
211
119
255
107
109
103
188
215
122
249
253
253
93
247
175
206
167
255
111
175
167
153
137
242
31
159
85
104
246
119
249
251
15
40
254
178
210
116
207
253
148
151
177
254
93
116
219
173
123
84
28
118
199
125
249
208
106
139
124
248
255
125
126
255
153
225
255
215
109
28
246
87
57
61
252
119
222
185
159
209
160
220
85
139
165
157
1
248
14
143
77
64
246
51
221
90
87
32
255
198
41
130
19
217
202
2
7
8
33
2
119
130
195
194
162
0
43
5
147
207
47
115
195
147
10
210
199
0
142
131
66
207
58
70
166
25
26
235
252
200
60
16
202
209
115
163
111
185
238
8
67
244
29
88
193
22
243
151
177
56
115
226
75
95
57
219
112
216
234
114
78
120
57
198
125
230
211
238
249
254
171
187
67
237
45
107
223
135
202
226
239
74
71
227
230
151
163
85
190
127
179
253
116
216
220
26
71
217
83
167
231
185
236
8
68
240
29
157
73
22
250
183
191
88
55
177
219
125
182
253
120
120
183
47
125
242
250
224
186
237
115
167
95
250
173
235
122
249
103
91
255
148
123
247
255
76
157
225
226
223
14
143
191
216
184
117
124
124
74
58
191
215
225
247
127
185
173
28
67
224
28
222
93
22
246
215
157
250
211
232
114
11
241
0
122
21
160
108
2
96
3
249
232
174
75
4
27
109
43
37
211
163
108
65
87
196
223
227
255
83
38
225
225
150
254
156
142
75
40
120
99
46
106
184
105
215
81
183
47
88
250
16
66
96
0
120
69
25
179
19
151
48
243
231
11
124
50
253
215
190
181
191
125
214
254
216
53
229
22
145
67
251
197
203
106
249
49
198
221
140
236
166
159
94
217
117
234
71
12
159
191
222
250
193
117
88
76
211
174
247
164
133
127
186
44
28
67
240
188
156
81
132
242
27
223
122
23
106
246
186
30
124
199
255
157
146
41
222
89
86
83
189
123
90
212
118
215
89
251
212
35
219
116
185
154
125
111
94
217
241
238
71
108
94
182
215
123
233
84
241
84
49
159
193
134
249
111
155
173
157
9
240
13
159
89
80
114
115
189
90
31
40
254
126
49
241
127
57
162
123
109
214
170
209
49
245
194
147
82
246
143
195
82
235
63
195
223
140
138
230
205
66
236
229
234
79
142
7
190
189
56
113
117
40
72
183
72
225
245
131
79
186
174
137
67
242
28
92
81
68
178
223
219
58
39
225
87
3
211
0
126
53
176
46
8
228
59
113
234
168
75
4
19
6
175
37
219
227
46
129
126
0
159
243
175
86
32
225
192
210
174
158
180
105
24
48
97
108
106
178
233
215
81
151
95
56
247
16
64
100
132
254
49
3
179
151
151
56
243
161
59
124
178
253
223
188
181
187
125
254
254
112
185
205
51
155
86
242
213
203
106
253
117
194
253
141
168
166
191
126
201
117
235
247
68
221
191
212
249
241
117
254
78
251
63
247
164
209
127
154
173
28
35
240
157
158
93
68
246
59
223
90
86
104
247
85
50
87
145
24
225
37
118
48
188
202
21
77
181
153
99
235
204
193
42
200
104
204
187
136
124
160
214
120
79
49
127
121
66
117
184
20
242
125
116
116
68
26
38
68
128
101
227
136
44
124
52
240
28
140
77
140
118
3
157
72
6
37
246
189
50
117
101
253
176
167
120
248
57
234
115
236
95
192
81
242
237
143
96
233
106
9
252
196
126
109
255
254
13
225
254
123
199
220
191
117
176
53
215
77
68
90
151
224
227
222
83
168
119
8
96
240
188
207
73
38
254
151
134
250
150
165
28
3
6
0
6
205
136
134
0
42
113
10
67
136
117
64
17
101
43
4
144
192
36
10
104
66
84
81
98
144
34
131
71
151
176
81
32
113
8
232
34
101
20
8
171
197
0
244
75
144
204
24
5
244
5
152
73
19
83
182
181
0
83
32
74
89
34
213
49
216
227
35
124
200
165
210
21
192
165
139
194
107
77
155
100
170
137
206
157
13
232
12
174
64
1
49
79
81
135
117
59
5
243
37
94
189
80
201
38
79
169
74
177
14
68
117
180
117
254
4
234
200
108
137
232
200
6
49
246
125
55
245
121
60
181
175
124
226
254
192
178
229
75
163
87
250
173
235
91
249
117
83
223
148
123
243
255
74
92
225
227
79
14
142
191
216
56
49
125
124
74
58
175
247
225
151
95
184
174
24
71
98
28
220
81
4
242
215
151
250
211
233
114
219
222
247
109
253
248
251
248
248
191
250
255
239
93
203
249
235
221
191
107
236
77
174
120
111
255
123
183
255
67
99
255
119
231
253
121
118
255
253
183
223
94
235
126
207
139
217
177
204
221
94
181
205
247
143
239
220
188
191
207
212
79
54
183
126
49
249
246
119
163
94
111
214
162
221
48
127
230
144
82
251
146
82
215
175
187
231
15
156
207
230
221
67
253
244
236
99
63
36
255
142
117
83
215
26
203
213
106
238
61
143
30
159
166
211
199
104
24
52
89
216
179
121
219
57
38
179
164
125
60
253
17
218
173
163
121
250
254
194
51
245
42
249
199
242
253
195
98
253
119
91
221
157
40
236
239
72
220
245
235
79
12
199
190
156
186
161
124
252
85
118
134
209
115
131
79
190
172
136
15
242
29
29
81
44
178
87
185
187
215
104
255
65
14
130
151
200
202
162
164
8
249
10
5
128
245
11
160
109
11
137
162
204
13
206
201
75
72
24
102
128
2
3
71
87
35
81
49
21
194
237
68
113
20
8
166
77
0
239
227
153
76
88
5
245
93
152
203
2
106
51
181
72
7
32
238
120
49
255
223
62
245
255
125
214
254
89
53
125
206
177
87
251
214
211
106
250
57
199
191
140
238
230
157
91
217
125
239
103
36
191
191
214
117
81
117
88
72
215
46
231
164
197
126
159
172
94
135
242
184
156
89
208
178
123
219
91
6
43
246
126
49
243
125
119
162
123
127
214
168
209
49
101
194
155
82
246
135
83
86
239
43
199
159
140
138
230
221
66
188
229
238
111
47
37
191
158
56
211
117
184
74
149
202
227
181
131
79
187
174
217
195
112
28
28
81
72
179
127
219
56
102
163
247
124
42
247
135
219
193
130
237
206
161
218
53
245
118
155
228
251
144
67
82
221
131
207
180
223
201
252
43
194
142
51
254
109
45
69
190
82
50
233
94
248
84
16
14
69
38
169
101
153
172
217
1
240
31
156
73
0
242
35
188
88
70
32
248
63
215
118
213
191
229
155
57
166
221
185
255
159
122
49
117
117
247
102
187
242
127
210
127
156
255
231
127
62
250
215
255
231
124
191
158
222
120
250
125
101
73
231
239
245
16
253
127
156
190
152
11
242
184
156
85
40
183
114
159
251
223
44
122
7
247
224
120
21
160
108
74
32
2
233
250
238
79
132
29
105
41
39
211
163
110
81
115
196
223
243
253
83
52
224
193
134
254
140
142
137
60
121
127
46
42
184
233
215
81
183
111
88
182
16
66
96
20
120
5
41
147
211
151
56
243
237
74
60
187
255
223
254
189
243
253
254
253
86
255
253
119
223
252
242
215
203
106
244
125
194
246
189
234
180
191
254
217
119
235
215
100
87
190
222
123
249
117
244
93
219
62
213
134
241
111
155
172
137
11
242
29
159
93
76
246
51
189
90
95
38
255
178
210
126
207
191
181
222
177
118
245
93
251
175
127
20
92
253
215
124
251
211
110
137
126
248
126
241
123
255
159
243
255
223
236
22
222
222
121
249
119
87
74
233
191
213
176
215
79
139
237
157
9
252
28
158
93
24
247
243
157
218
87
38
254
187
214
124
239
191
149
223
9
54
253
28
251
189
127
166
93
255
183
25
251
241
127
219
126
48
254
241
127
127
89
245
111
215
108
22
246
211
121
121
126
119
203
124
191
213
148
253
111
157
172
24
13
246
24
158
77
24
246
115
157
219
95
42
251
186
158
126
215
191
157
222
145
62
243
55
122
189
90
121
85
124
211
124
251
215
54
147
126
177
95
243
127
86
255
247
246
207
44
23
222
219
121
233
119
240
221
97
63
213
132
211
111
157
239
158
13
252
29
159
89
16
243
251
157
123
27
40
250
252
251
243
127
248
59
248
222
218
187
225
251
246
210
238
219
250
143
171
91
239
173
99
223
199
203
247
255
207
109
231
230
223
174
70
191
255
190
249
117
250
94
243
127
249
119
179
111
185
174
8
71
240
29
221
73
22
243
215
191
122
119
227
91
155
240
92
38
223
225
218
24
114
33
149
126
190
78
36
113
116
183
21
209
225
54
129
108
162
62
248
91
242
111
231
119
223
44
149
254
91
89
233
247
88
217
94
10
209
85
230
109
153
254
26
5
252
28
216
65
56
179
191
189
184
155
38
201
251
188
235
125
63
127
253
255
221
255
255
249
127
220
123
222
249
220
123
219
247
63
247
31
189
255
247
191
95
247
247
254
207
172
197
254
254
123
249
127
248
93
247
253
215
231
151
111
191
174
159
207
250
29
253
81
116
242
255
255
251
159
236
222
254
57
235
118
55
35
93
187
212
168
223
55
255
206
178
118
179
149
115
211
191
191
195
127
189
238
246
155
82
253
119
238
79
45
37
254
255
59
249
85
88
221
247
106
207
117
175
111
189
166
155
207
248
30
188
65
112
179
255
251
187
15
164
222
255
61
251
119
254
226
121
206
248
185
215
63
254
227
139
90
250
163
179
210
239
173
67
159
134
235
246
191
234
109
231
238
159
175
69
254
255
57
249
125
248
92
255
75
249
113
187
111
249
174
9
71
240
31
28
65
62
243
247
187
184
55
225
222
187
52
92
6
223
225
219
48
82
37
221
118
190
78
32
117
117
179
23
208
225
54
139
108
162
126
249
123
242
31
247
103
223
172
149
254
91
89
233
95
88
217
77
43
213
113
182
109
153
238
25
5
252
28
216
65
58
179
179
185
184
147
36
206
62
211
80
118
61
176
108
24
20
59
248
241
174
79
132
23
127
175
167
219
231
110
193
127
132
223
227
247
94
52
225
230
91
170
158
180
245
184
113
101
108
106
179
233
247
81
183
95
58
247
24
65
228
20
254
85
7
179
247
215
186
243
161
46
58
29
124
246
39
189
125
11
61
209
95
242
191
126
120
214
189
155
53
251
183
126
209
119
61
222
243
255
126
243
245
233
135
254
99
222
231
91
248
89
120
253
253
105
247
7
247
111
159
170
187
79
250
21
251
93
57
243
123
251
123
187
169
218
31
241
216
124
21
226
124
66
112
10
217
252
110
207
132
123
225
168
35
211
167
46
65
87
196
94
227
221
83
38
224
225
158
62
189
174
43
60
121
117
106
234
190
105
214
81
183
111
216
246
24
70
224
20
120
69
27
179
55
179
56
243
227
67
21
50
215
197
56
209
165
118
114
188
78
21
77
55
153
96
251
198
193
42
193
104
206
187
136
124
164
222
44
75
211
127
125
64
117
186
20
242
121
118
85
84
75
38
109
160
237
111
152
44
109
53
244
28
156
77
12
126
3
141
216
7
37
254
92
50
247
213
56
243
174
118
82
190
202
53
69
165
145
66
251
205
235
42
249
41
79
159
136
125
254
222
72
205
241
254
95
1
125
191
20
188
105
116
124
68
235
46
103
164
71
127
186
236
60
243
226
28
156
77
198
254
151
197
222
7
97
182
230
56
210
55
89
162
234
194
88
171
194
183
226
195
131
91
122
171
179
211
239
175
95
223
135
90
242
175
66
173
227
246
203
175
70
183
59
188
229
126
200
92
48
200
217
121
131
235
249
238
24
67
244
29
88
193
22
251
151
181
184
115
241
75
191
249
237
252
55
111
89
122
212
236
213
255
255
200
182
126
176
253
115
115
183
127
194
127
173
170
230
159
123
127
119
239
207
172
181
254
254
123
249
255
218
223
247
107
211
53
161
111
191
182
153
207
250
61
188
85
120
178
255
251
187
223
174
255
92
58
247
213
56
191
170
118
122
190
194
49
69
177
217
194
254
204
235
42
221
105
206
187
141
57
230
254
108
77
241
238
95
65
117
191
20
250
177
117
244
84
235
7
103
164
209
111
186
236
124
115
242
29
159
77
206
126
19
239
88
7
97
246
254
51
243
118
254
162
121
122
210
57
241
115
231
194
146
89
242
175
227
83
239
175
67
223
134
251
247
255
202
252
231
238
207
46
71
190
253
60
249
117
104
76
179
111
237
113
183
111
184
174
136
67
242
28
28
81
6
179
215
191
186
119
225
90
21
58
87
199
56
217
165
116
122
180
6
21
77
55
217
128
239
198
201
42
196
104
206
243
201
57
36
94
44
9
81
127
245
64
117
178
84
210
185
126
245
20
40
54
100
130
217
111
153
173
109
49
180
29
159
77
44
126
2
141
216
7
33
254
231
173
250
52
89
234
122
70
88
163
199
252
98
194
206
250
10
41
51
215
167
45
115
7
151
203
242
175
67
175
226
226
135
143
69
191
186
190
239
126
216
252
181
225
249
91
179
239
217
238
42
211
241
125
120
65
118
187
247
187
56
243
241
203
58
30
108
244
63
191
253
51
189
255
255
211
159
124
120
198
181
253
111
251
244
118
208
127
61
126
183
254
124
215
117
255
67
124
70
188
215
122
248
125
124
221
119
175
215
39
247
111
189
173
152
13
250
29
159
93
16
242
115
189
251
159
40
190
252
254
127
89
253
255
255
249
189
255
204
255
239
61
244
79
251
253
255
43
252
103
250
253
245
255
255
246
125
87
115
254
219
235
142
125
246
189
253
247
94
222
106
191
215
241
124
115
185
189
30
9
248
189
142
93
28
254
247
159
254
215
46
191
125
63
247
85
62
189
251
249
250
255
210
115
253
106
187
86
242
245
227
99
255
127
82
223
157
186
246
255
72
220
245
239
79
46
71
190
222
58
249
125
252
93
247
142
241
112
145
111
186
172
24
79
242
29
29
81
44
242
83
191
250
215
105
255
191
246
124
231
254
252
223
33
126
117
93
254
143
127
84
124
245
243
108
251
247
110
153
126
252
254
245
127
254
191
247
255
151
252
85
30
219
120
248
127
85
92
233
191
213
0
247
111
153
239
153
11
252
29
158
77
56
247
243
157
250
87
40
254
193
14
150
7
200
202
162
165
26
185
14
71
130
247
203
160
111
139
153
162
205
13
207
217
75
74
24
102
128
3
139
118
127
163
81
49
85
147
237
70
209
20
8
166
77
14
235
241
153
76
24
37
245
79
152
203
86
120
179
181
72
7
32
238
253
185
255
125
252
235
249
254
250
187
198
255
238
227
206
251
250
175
243
83
239
237
99
223
199
106
242
255
203
79
227
230
223
46
213
255
30
191
249
117
218
92
187
110
241
115
243
127
185
174
8
67
240
29
92
73
30
179
247
191
184
119
227
251
253
191
247
93
252
181
253
253
250
255
225
187
239
227
183
95
251
229
235
98
255
239
83
255
158
251
247
255
235
92
247
234
223
110
199
191
216
60
249
117
124
78
187
191
245
113
245
127
184
172
24
75
240
157
156
93
28
246
83
159
254
215
233
251
127
53
245
118
252
166
125
122
240
60
253
51
239
207
130
81
243
231
227
114
255
47
67
223
206
238
247
191
250
125
229
238
95
46
132
190
255
56
241
125
120
204
187
235
237
113
183
79
184
166
9
75
240
60
28
65
62
179
215
155
186
167
165
220
92
58
243
177
88
235
170
117
90
186
234
53
116
2
219
242
255
203
235
74
245
49
79
159
141
73
238
239
64
205
245
230
79
131
111
191
20
186
237
118
248
84
247
39
103
231
55
127
190
236
40
115
242
29
29
81
198
251
151
225
123
99
97
230
246
239
242
63
89
162
170
195
64
163
225
250
226
194
135
90
122
171
43
215
239
173
91
223
215
91
251
175
3
172
226
198
207
175
70
191
25
188
229
126
106
94
48
233
249
121
147
239
248
238
8
83
240
29
88
193
6
251
215
181
56
115
243
75
124
62
240
114
248
187
38
117
88
56
234
55
228
214
139
114
115
139
235
138
253
165
91
223
147
108
232
231
74
205
227
230
79
130
71
182
253
184
237
124
104
84
242
167
101
227
183
111
186
238
169
123
246
29
90
81
70
251
215
181
250
98
233
70
187
222
126
101
253
248
247
248
188
253
254
251
175
93
78
189
237
253
191
59
252
79
190
124
103
255
121
119
255
83
99
255
223
233
252
117
247
191
253
191
223
222
106
191
217
227
254
241
172
215
94
45
253
231
143
229
126
156
183
143
214
223
180
158
56
179
253
223
190
245
255
125
214
222
92
117
253
118
179
84
251
215
219
106
214
121
199
255
188
238
166
159
126
217
125
239
71
102
31
190
222
123
219
117
81
77
211
46
197
132
229
127
159
172
157
73
242
28
158
89
20
242
123
159
91
15
43
246
119
52
112
37
220
228
251
69
154
125
86
125
140
79
129
244
126
207
155
96
233
11
190
61
190
200
110
239
222
29
225
255
101
227
60
119
119
183
45
246
217
196
74
138
73
3
202
145
233
84
94
32
236
246
140
233
214
252
171
156
222
7
50
180
16
6
144
134
9
202
164
7
2
96
14
5
16
118
139
176
111
130
128
2
196
41
206
67
89
204
16
78
32
138
139
70
133
36
65
48
17
130
232
76
97
21
0
162
101
4
165
111
153
44
201
9
180
13
152
73
32
114
50
161
64
7
33
74
5
6
12
0
40
144
36
0
32
58
40
2
128
53
33
3
1
41
160
128
193
100
80
211
64
84
145
228
40
4
1
64
159
16
195
32
57
136
32
40
100
60
58
165
245
97
183
107
56
234
8
3
244
25
88
24
55
195
151
149
32
243
104
74
3
6
0
0
9
136
132
0
32
57
42
67
128
21
0
1
5
43
160
145
192
36
90
65
65
85
17
98
0
6
129
70
159
176
81
32
121
136
232
32
100
20
42
161
213
81
247
107
144
202
8
5
244
13
216
9
22
83
150
181
0
83
36
74
31
243
84
124
61
176
124
82
112
58
216
249
236
77
132
27
253
170
167
219
227
110
201
127
196
127
227
255
95
37
225
229
223
234
188
190
127
56
113
117
110
234
187
233
215
81
247
111
56
246
24
64
224
20
250
77
31
179
247
151
184
243
163
39
199
46
210
117
217
170
162
194
72
57
194
119
226
67
202
209
98
41
167
211
229
47
91
95
199
90
242
167
194
45
227
198
143
171
70
183
61
186
237
126
201
124
34
195
201
83
179
107
248
238
8
67
244
21
89
65
38
251
151
181
186
115
177
78
3
206
4
12
45
216
148
16
57
121
12
201
140
61
108
141
173
170
165
177
196
96
122
113
65
95
145
114
121
7
131
71
159
112
81
32
115
72
232
96
118
30
42
175
213
80
247
107
153
232
24
5
244
13
152
77
26
211
55
181
82
83
38
202
5
3
8
56
1
146
34
70
32
34
0
4
0
5
33
3
8
40
129
192
192
113
88
67
64
0
128
132
0
4
33
64
23
146
211
32
49
136
0
0
36
32
56
97
117
81
103
107
26
104
40
4
183
73
120
24
15
3
23
165
0
243
105
66
254
251
243
127
63
234
121
254
216
185
213
255
231
210
134
122
250
135
163
83
239
175
227
223
207
203
246
191
83
111
231
238
223
173
101
190
255
56
249
117
219
94
179
111
249
117
191
111
185
166
9
199
240
31
156
65
4
243
247
187
56
119
167
95
188
187
255
93
190
189
249
249
222
191
210
251
231
194
251
219
250
229
235
107
255
63
82
223
159
187
247
239
70
223
247
254
79
46
207
191
222
63
251
125
248
92
243
175
243
114
145
127
185
172
24
67
240
29
157
81
20
242
83
191
254
215
105
247
18
153
24
247
191
200
218
12
30
185
86
117
180
94
201
240
127
215
1
83
196
41
195
115
45
222
224
79
82
43
241
111
151
36
117
186
118
123
201
116
209
220
24
110
197
22
237
111
153
164
24
5
240
29
157
73
16
242
59
189
88
7
34
250
125
55
247
125
252
181
109
126
226
63
216
59
239
223
134
91
251
237
235
114
255
237
83
223
198
127
247
255
248
92
229
239
223
14
212
190
220
184
113
125
124
78
251
175
245
113
247
79
186
174
8
71
242
28
222
65
36
242
215
159
250
247
237
126
61
54
245
118
252
174
125
122
240
61
210
113
239
79
144
85
242
237
199
113
245
110
17
255
206
186
230
151
122
125
229
239
95
237
156
190
255
188
241
253
93
204
219
143
233
97
183
79
168
182
24
67
224
188
31
65
46
182
215
159
250
151
165
190
230
85
202
158
87
2
90
11
6
227
177
186
178
194
166
95
234
213
52
87
15
173
225
35
70
219
243
47
83
40
48
105
194
36
20
187
66
124
227
246
50
74
52
107
211
28
193
47
153
172
16
5
112
29
148
73
16
242
49
189
88
86
34
251
124
59
255
253
246
183
123
255
228
255
241
184
223
226
179
94
242
221
123
111
63
255
118
159
158
235
238
253
73
220
116
186
99
47
134
191
218
60
213
245
190
74
181
142
251
253
131
158
190
172
156
211
99
252
21
93
204
254
83
223
127
214
123
177
122
40
242
135
251
205
154
237
206
43
155
54
181
102
251
244
242
147
67
82
221
163
143
124
158
200
252
47
194
155
183
254
101
44
71
190
82
114
233
94
216
84
84
14
197
102
129
93
153
172
24
5
240
29
157
73
16
114
51
188
88
23
32
248
173
222
126
109
253
252
247
248
188
253
236
235
175
121
196
173
253
253
255
59
244
111
190
124
103
255
115
246
253
87
99
255
223
251
218
100
247
185
249
189
223
158
122
183
241
115
255
115
184
223
158
41
252
229
223
101
63
214
247
143
242
223
175
223
69
2
128
48
9
162
34
70
0
42
194
4
64
5
137
2
8
9
129
192
225
33
74
219
64
8
128
132
0
4
33
194
31
146
193
32
53
136
100
0
44
32
24
33
101
1
39
107
58
106
40
82
231
93
120
8
7
139
151
161
8
99
225
66
191
246
124
247
189
176
251
216
188
251
224
123
173
91
192
85
114
191
199
83
245
110
155
126
164
170
227
243
222
113
229
255
255
240
222
52
247
184
249
247
255
78
251
223
240
83
211
91
184
255
24
1
244
133
221
89
22
179
247
143
190
247
173
29
255
58
243
119
217
162
235
202
216
185
194
127
227
195
130
89
250
169
187
83
237
47
91
223
215
218
251
167
202
239
227
230
143
171
71
183
61
188
237
124
104
92
178
233
249
113
179
235
248
238
8
83
241
61
92
97
102
186
215
183
186
119
241
78
125
62
243
123
216
234
35
250
218
185
194
191
231
211
139
90
250
163
251
18
253
173
91
223
215
122
250
167
202
207
227
230
207
139
71
183
189
186
237
124
232
92
242
166
253
113
163
239
184
238
137
123
244
61
88
81
102
250
215
183
186
247
249
78
124
62
247
19
216
191
166
249
218
186
202
55
229
198
139
114
243
131
251
2
253
165
91
223
147
124
255
239
74
207
227
238
79
135
69
183
188
184
237
124
120
84
227
167
101
225
183
247
190
238
169
251
246
61
92
81
70
254
215
161
186
115
233
70
124
58
247
87
250
255
170
247
218
186
218
53
245
198
219
242
251
131
251
138
253
61
79
223
155
104
254
239
72
207
247
254
111
45
111
191
220
190
237
118
248
84
227
46
239
231
155
127
191
236
24
195
246
29
29
81
198
251
151
245
251
103
96
246
7
38
0
0
9
136
134
0
34
48
10
99
128
23
0
1
1
43
128
144
193
36
74
193
192
84
65
102
0
12
129
70
31
152
193
32
57
136
40
2
100
20
42
161
197
65
183
75
48
254
8
2
244
65
88
1
38
19
150
165
128
115
100
74
61
51
244
112
61
176
108
122
52
186
232
177
238
207
132
87
243
187
227
219
247
126
217
127
132
126
227
255
90
85
225
231
95
202
191
174
245
188
121
117
108
76
251
237
246
225
119
111
186
254
56
65
226
28
254
93
14
179
215
215
187
243
233
38
31
249
254
120
21
162
124
82
113
186
200
185
238
205
132
91
240
169
163
219
231
110
65
255
197
126
227
223
89
71
224
225
223
58
189
174
63
60
249
117
122
238
186
107
215
113
55
111
184
254
56
71
224
29
120
69
30
179
255
247
185
243
231
67
255
253
251
125
89
106
123
206
216
163
199
254
227
194
206
250
251
169
59
87
175
173
123
95
151
219
250
175
67
175
226
238
143
143
71
191
187
190
237
126
202
92
245
225
251
91
183
239
253
238
40
211
241
125
124
211
116
190
247
187
184
247
251
79
255
254
243
125
89
162
235
203
216
187
224
251
226
194
198
218
250
169
191
87
239
175
127
95
215
219
251
175
67
173
227
246
143
143
70
191
189
188
237
126
234
126
176
233
251
89
147
235
249
238
40
211
241
61
125
65
70
250
215
183
186
119
241
79
252
250
243
127
89
170
234
203
216
187
192
251
231
195
134
91
122
131
251
87
237
173
91
223
135
218
250
175
67
173
227
230
207
143
102
183
61
188
237
118
234
94
242
227
251
121
147
239
253
238
40
211
244
61
125
193
86
254
215
183
186
119
243
95
124
50
247
213
124
247
186
244
114
190
210
53
205
247
155
82
255
199
219
42
221
109
79
191
136
120
254
255
108
79
247
254
95
101
125
191
92
252
249
119
125
68
235
46
239
164
203
127
190
236
92
195
246
188
156
77
206
254
147
223
218
7
97
246
124
50
215
215
126
247
255
116
82
252
82
53
77
215
155
82
255
199
201
42
221
41
207
155
136
122
246
222
92
77
245
239
95
37
245
191
92
250
249
119
117
68
203
46
239
164
201
111
158
252
77
199
246
188
156
77
198
126
19
219
216
7
37
246
253
189
247
119
254
171
251
253
216
185
247
251
230
210
206
219
250
133
255
95
255
175
115
223
229
123
247
191
74
125
231
238
207
45
100
255
223
63
249
245
249
92
179
255
251
115
191
127
189
174
24
71
240
63
157
65
86
251
247
191
126
119
161
250
21
50
215
215
248
211
179
244
122
188
86
21
221
119
155
80
127
199
200
42
197
105
207
251
136
120
180
222
44
75
211
127
87
101
117
182
84
218
249
118
85
85
203
38
237
132
233
111
153
236
205
71
180
28
156
77
108
118
19
205
216
7
37
254
122
24
234
135
255
223
155
141
222
123
155
119
189
110
251
244
242
151
91
82
221
39
159
125
31
202
236
47
210
219
55
254
103
173
71
191
82
115
233
214
208
84
64
14
193
70
129
95
157
172
24
5
240
29
157
73
16
114
51
188
88
23
32
248
17
50
215
199
232
196
163
100
122
180
86
85
156
119
155
144
127
194
136
42
196
41
206
243
201
218
180
94
46
137
209
111
151
229
113
50
84
210
251
126
85
20
137
38
237
128
217
111
153
172
77
5
180
12
156
77
36
118
18
141
88
7
33
254
252
251
247
125
255
235
251
254
250
185
209
255
239
195
198
249
250
165
127
87
255
175
99
223
199
122
246
255
219
111
231
238
223
45
71
191
222
58
249
245
218
94
187
47
249
121
187
111
188
174
24
67
240
61
220
73
84
191
215
191
56
119
167
91
16
12
144
22
9
200
130
5
10
96
6
5
48
118
137
176
111
130
128
2
196
41
203
67
217
200
192
78
2
136
129
102
135
164
97
48
49
194
234
78
225
20
0
162
229
4
173
111
153
228
73
5
180
13
152
73
1
114
178
161
24
7
33
78
126
253
248
244
51
255
126
75
29
251
223
241
183
206
252
222
255
155
183
219
183
127
241
127
181
223
243
255
90
247
245
230
135
154
231
190
247
249
248
117
120
253
247
105
247
21
183
111
255
238
186
79
250
21
249
93
19
243
255
255
187
187
185
206
255
254
124
118
254
190
95
1
126
125
93
251
158
127
244
93
253
251
62
243
245
110
153
126
253
222
247
255
254
127
247
231
147
248
86
54
255
248
249
127
92
223
235
237
245
81
247
111
185
231
24
79
252
29
159
77
62
247
247
191
250
247
56
254
125
191
247
87
250
183
251
253
222
253
211
115
255
122
155
84
254
247
235
102
247
63
214
255
158
250
246
255
206
216
247
255
199
45
79
191
222
56
249
125
253
93
241
142
241
96
145
111
191
172
153
75
242
29
156
81
100
246
83
191
250
223
41
255
56
51
247
255
250
183
255
125
222
252
87
23
253
118
187
84
254
215
91
106
246
61
211
255
190
218
246
223
110
249
247
238
199
103
87
190
214
122
251
119
125
93
209
126
229
132
245
111
157
172
153
75
242
29
158
89
64
246
123
159
123
15
41
246
252
63
255
117
114
55
123
247
244
255
241
187
223
249
179
110
242
237
251
111
127
255
118
183
159
106
246
255
73
212
246
186
235
47
38
255
222
61
213
253
218
110
179
190
251
121
131
254
191
172
190
219
240
125
156
85
212
254
115
223
127
246
235
251
197
46
146
3
200
200
162
161
90
185
14
79
130
119
203
160
111
131
157
131
205
5
15
216
227
94
56
102
132
15
139
118
127
163
77
49
117
155
237
118
209
84
8
182
205
6
251
177
153
76
8
53
245
79
152
235
86
88
150
165
72
23
48
238
255
53
245
118
255
167
127
120
212
61
248
115
239
79
150
85
243
229
227
115
245
47
195
255
142
239
247
183
122
125
101
239
79
109
172
191
255
56
249
125
125
76
179
239
205
113
191
111
186
182
153
203
224
188
156
65
108
182
247
219
250
215
164
254
120
254
127
221
252
255
255
121
255
255
204
219
239
125
253
93
255
255
255
43
252
111
218
255
249
255
247
246
125
211
119
254
223
203
223
53
247
185
253
117
126
94
234
191
247
241
253
123
188
189
184
41
252
189
158
93
124
190
247
175
250
215
47
255
122
187
255
255
250
255
251
237
222
253
87
95
253
118
251
244
246
215
89
106
214
61
195
127
191
202
246
95
126
251
247
238
215
39
87
254
214
123
249
118
209
93
209
94
229
134
249
111
159
173
157
13
242
29
159
89
80
242
123
189
91
15
35
254
5
38
132
16
8
146
38
66
33
186
10
2
192
55
129
3
1
41
160
130
193
101
82
195
64
84
149
228
40
4
1
66
159
16
195
32
57
136
104
40
108
52
56
165
117
97
183
107
56
234
40
67
180
25
88
8
38
67
151
133
40
243
105
74
125
247
124
124
61
178
124
114
116
186
240
187
236
203
133
95
242
233
231
219
253
110
217
255
197
59
227
247
89
85
225
247
251
170
214
190
255
188
241
245
254
78
187
239
242
241
211
111
186
239
24
67
224
29
219
93
30
179
247
215
186
242
235
39
255
52
92
55
223
169
95
16
122
37
215
118
188
110
160
85
244
179
23
208
235
55
155
124
166
126
249
255
242
127
247
231
91
172
5
254
75
121
233
95
120
217
76
43
197
121
190
47
157
230
16
5
252
28
216
65
56
179
187
189
184
155
36
206
255
253
239
252
55
127
123
126
189
255
245
255
255
200
182
127
144
253
115
123
190
255
210
127
45
171
246
183
123
119
119
235
199
188
181
254
254
121
249
125
250
255
255
105
211
53
241
111
191
190
155
141
242
189
252
84
120
182
127
251
187
223
174
255
255
189
233
252
55
111
123
126
213
255
213
255
255
200
182
127
186
253
115
91
190
255
210
127
61
235
246
183
91
113
119
235
207
172
183
255
254
121
249
125
122
253
247
105
211
53
181
111
191
174
155
141
226
61
252
84
120
178
255
251
187
159
174
255
126
49
235
116
55
103
127
127
213
190
223
183
255
206
178
86
187
221
115
95
255
191
194
127
45
254
246
191
90
253
119
238
79
45
167
255
255
125
249
117
120
237
247
107
199
117
183
111
191
174
155
207
248
60
188
81
112
178
255
251
187
159
172
254
254
185
227
119
127
235
251
254
221
185
215
255
239
202
134
250
186
213
127
223
239
175
227
95
205
235
246
191
90
127
103
238
207
173
101
255
255
57
249
245
217
92
243
111
251
113
191
111
189
166
25
195
240
63
188
65
84
179
247
251
187
87
180
255
255
189
243
119
126
235
255
254
217
189
249
255
255
206
134
122
243
213
59
223
239
175
227
223
141
239
246
191
74
125
247
238
223
45
100
191
255
60
249
253
90
92
255
111
255
117
191
111
189
174
25
199
242
63
28
65
68
183
247
251
187
119
176
254
253
255
247
125
252
247
251
251
254
255
209
255
239
123
223
125
250
231
251
111
247
111
215
255
223
254
247
255
255
94
247
255
231
111
77
191
222
60
249
125
255
94
187
190
253
121
249
127
188
188
24
75
240
61
156
73
100
254
83
191
250
215
43
255
120
59
247
247
254
191
255
249
254
124
87
119
253
119
187
84
255
215
123
106
246
125
210
255
191
254
246
255
238
251
247
239
87
103
87
191
222
248
249
87
125
93
249
127
229
164
253
111
157
172
137
75
242
29
158
93
76
246
115
159
250
15
41
254
58
214
126
223
255
247
222
177
126
245
29
254
189
127
53
93
253
247
124
250
215
127
155
126
176
127
243
127
127
255
247
247
223
236
23
222
218
121
251
119
114
223
233
127
213
148
247
111
157
239
152
13
252
29
158
93
16
247
251
159
251
127
174
254
248
187
255
247
250
191
251
233
254
253
87
95
255
119
251
212
246
215
123
107
246
125
195
254
191
218
246
191
238
251
247
239
215
103
87
190
214
251
249
118
245
93
249
126
245
134
245
111
159
172
153
75
242
29
157
93
72
246
115
191
90
95
33
254
5
6
0
0
9
152
134
0
34
48
10
99
128
23
0
1
9
43
160
145
193
36
74
195
64
87
81
102
0
12
129
70
159
144
65
32
57
136
232
32
100
20
42
161
213
65
183
107
176
238
8
4
244
77
88
9
6
83
150
181
0
115
100
74
251
188
239
125
63
255
255
255
221
255
223
249
127
204
126
222
249
253
115
251
254
123
254
63
61
255
247
191
91
215
119
239
207
174
197
255
223
123
249
127
248
253
247
111
215
119
183
107
191
174
155
205
250
189
221
81
112
178
255
251
251
159
172
254
219
48
92
39
223
163
82
24
118
33
215
119
188
127
32
81
118
183
23
208
233
119
139
124
166
94
249
255
250
111
231
231
155
172
23
254
91
121
233
87
88
217
94
11
197
85
246
111
157
238
24
5
252
28
216
73
56
183
191
189
152
23
164
202
7
198
12
8
9
152
134
0
58
57
12
207
140
119
36
1
205
171
129
177
197
101
90
115
65
86
17
102
40
7
131
71
159
176
81
32
115
136
232
96
116
28
42
167
213
80
247
107
153
236
8
5
244
13
216
73
22
211
183
181
80
115
36
74
44
142
108
244
47
191
255
51
189
255
118
193
159
120
120
199
157
253
127
235
244
118
248
123
57
127
183
118
124
215
117
255
207
120
222
40
215
120
248
121
248
253
255
175
215
37
247
107
191
173
152
13
250
29
159
93
17
246
115
191
251
159
40
254
59
212
118
255
255
167
223
137
54
249
221
251
188
126
165
93
255
183
33
242
247
63
155
126
150
222
243
127
250
123
247
127
199
175
21
190
211
120
249
118
113
75
124
111
213
21
255
111
157
172
24
13
246
28
156
73
24
242
243
157
218
95
168
254
186
220
122
255
255
185
222
153
126
241
151
250
190
90
108
221
124
179
52
211
215
62
153
126
181
95
243
123
214
127
247
246
207
172
86
254
219
123
233
119
240
223
100
111
213
85
247
111
157
239
24
5
254
29
221
73
16
243
251
191
217
127
160
223
255
189
251
52
93
226
123
79
224
163
193
254
231
195
134
123
250
173
59
87
167
111
123
95
135
219
250
191
99
63
227
238
135
143
167
191
168
188
253
119
76
72
182
225
251
89
183
239
252
174
168
219
241
52
124
117
124
190
215
187
184
247
255
79
206
25
202
223
255
195
219
223
158
235
185
186
179
202
179
127
226
213
57
71
143
175
230
59
15
203
162
47
83
9
54
122
243
39
20
251
82
125
231
246
82
74
48
110
219
28
193
63
157
172
26
5
240
61
156
75
144
242
49
191
92
86
50
251
253
255
247
127
254
247
255
248
254
189
253
255
239
255
219
124
251
231
127
111
255
47
215
255
255
255
255
191
255
63
247
254
255
109
69
191
222
57
249
127
125
92
187
190
253
121
189
111
189
191
137
203
240
191
156
65
116
254
115
191
250
87
53
254
125
55
246
116
63
179
127
122
116
250
232
179
238
207
160
87
242
191
235
219
245
127
89
255
133
126
227
223
88
85
229
231
91
42
246
191
245
188
241
117
124
76
251
239
247
225
199
111
188
239
56
71
226
61
222
85
22
183
247
151
187
242
169
22
255
157
239
252
55
255
123
126
181
255
212
253
255
200
182
79
153
253
251
127
254
127
242
63
61
255
183
183
91
119
119
235
199
42
151
255
247
125
249
125
120
237
247
109
215
53
247
111
191
190
154
141
233
189
252
84
121
182
127
251
251
159
173
254
125
115
246
124
61
179
126
122
116
186
232
179
236
207
133
95
243
175
251
219
245
111
217
255
133
126
243
255
88
85
229
231
91
139
191
191
245
188
241
117
124
78
251
239
247
241
247
111
184
254
56
83
224
60
222
85
30
191
247
215
187
243
173
6
125
249
254
124
61
179
125
122
113
186
192
185
238
207
165
91
251
237
251
219
247
111
89
255
197
127
243
255
89
69
229
231
219
59
191
191
255
188
241
117
124
206
251
111
255
241
183
111
188
254
56
215
224
61
222
69
30
191
255
215
187
243
227
39
255
253
251
125
89
226
123
206
216
171
192
255
231
194
134
123
251
173
187
87
239
175
123
95
151
219
250
175
67
239
226
238
143
143
231
191
191
189
253
127
106
92
247
233
251
89
55
255
255
174
56
243
241
125
124
113
84
190
215
251
187
247
251
95
255
189
243
127
217
234
255
206
216
187
194
251
231
194
203
218
251
173
187
87
239
175
127
223
215
223
251
175
67
173
227
238
143
143
102
191
189
189
253
124
104
94
178
233
255
121
159
247
253
238
40
243
241
61
125
225
86
254
215
191
186
247
241
94
252
250
243
127
217
226
235
206
216
187
224
251
231
195
198
251
251
167
255
87
253
175
127
223
215
255
251
175
75
239
227
254
207
143
103
191
189
189
253
124
104
92
242
227
251
121
191
247
252
238
168
243
241
189
124
243
118
190
215
191
186
247
241
95
253
186
243
119
249
234
227
202
216
185
226
251
231
211
203
219
250
167
255
87
253
47
127
223
215
255
251
175
74
207
227
254
207
175
103
191
189
191
253
124
232
92
242
231
249
123
155
247
252
238
136
251
241
189
93
225
102
254
215
191
186
119
241
94
124
62
247
87
248
255
170
249
218
187
210
127
247
227
217
80
251
135
251
26
253
13
75
221
219
127
255
255
14
223
231
254
79
45
77
191
220
188
237
118
124
92
227
175
239
237
191
119
190
239
8
227
246
189
28
91
70
254
215
245
250
87
104
54
120
58
247
215
254
247
255
244
250
252
95
53
237
247
153
83
255
199
218
42
253
109
207
255
171
126
246
255
126
79
247
255
119
229
189
183
222
255
251
119
117
76
203
46
239
164
201
127
190
253
205
195
244
188
156
77
78
183
219
223
251
7
37
246
120
58
215
215
254
231
251
52
90
252
87
21
221
119
153
208
127
215
216
42
237
41
207
255
169
250
246
223
110
107
247
239
87
229
117
55
127
243
251
119
117
93
203
46
237
132
233
111
141
229
95
199
244
60
158
77
68
119
59
223
216
15
33
246
89
58
215
215
250
215
219
180
122
188
86
85
157
119
153
240
126
199
216
42
197
105
207
251
169
106
228
223
110
203
213
127
247
229
117
54
95
219
251
127
213
93
203
6
237
132
201
111
153
236
77
199
244
28
156
205
78
118
59
221
216
7
33
254
16
50
215
215
232
194
214
164
90
240
87
85
188
119
153
208
127
131
136
34
197
41
207
251
249
222
240
95
110
171
209
127
151
229
101
54
119
210
251
126
85
93
201
102
237
132
221
111
137
236
77
71
244
12
152
201
68
115
51
189
88
7
33
254
18
0
144
54
201
202
146
5
74
32
15
117
176
102
138
176
119
131
128
146
197
41
203
67
210
202
224
79
2
169
131
102
7
165
65
54
53
194
234
94
193
84
129
66
229
6
191
111
153
230
73
5
244
4
24
193
2
115
183
177
24
39
161
76
252
185
254
244
63
235
122
127
21
187
193
253
246
206
166
95
255
155
255
219
191
127
227
127
197
127
242
255
89
231
255
230
223
155
247
191
181
252
249
119
88
221
247
111
255
125
183
111
254
238
56
215
226
125
248
93
94
191
247
243
187
251
187
78
255
252
124
255
254
190
127
1
126
127
125
251
254
123
252
93
240
255
63
243
237
111
27
127
255
222
247
255
255
127
245
231
151
249
94
247
255
251
249
255
254
222
235
237
241
83
255
91
189
231
24
79
236
181
159
237
94
247
247
191
250
119
186
255
121
222
245
223
254
253
251
120
255
255
104
201
173
89
253
253
255
247
251
43
252
111
218
255
201
255
247
254
125
83
247
239
223
227
223
53
245
249
250
119
127
94
235
191
247
240
253
127
188
221
28
105
246
189
158
93
63
190
247
175
250
223
47
255
255
52
124
119
255
161
123
8
250
45
245
123
254
106
164
117
240
187
55
243
239
127
27
126
182
126
247
255
250
127
247
230
219
173
6
255
251
185
249
255
88
221
108
75
209
125
191
63
189
238
24
7
252
157
220
97
58
183
247
191
186
183
176
204
127
252
126
255
255
191
222
25
126
121
213
251
190
90
237
93
252
183
63
210
255
63
155
127
182
222
243
127
94
127
247
247
207
175
87
191
251
121
249
119
121
95
239
111
213
93
255
127
141
239
24
13
254
189
156
105
18
247
247
191
251
127
184
222
127
157
239
253
255
255
121
127
157
255
223
189
223
204
127
238
189
253
115
243
254
127
218
127
63
255
246
246
89
215
119
239
207
186
215
61
223
127
248
127
120
253
247
239
213
55
183
123
191
190
155
205
242
189
156
81
105
178
255
251
251
255
174
254
255
220
112
127
255
171
94
9
62
113
213
251
190
94
236
93
255
183
61
210
239
63
155
127
151
223
243
127
211
127
247
231
207
175
87
191
211
121
249
119
121
223
236
111
213
93
255
63
141
230
24
5
246
189
157
105
16
247
247
191
152
127
176
94
251
212
112
255
255
163
255
137
127
113
221
251
190
126
164
92
255
151
61
210
239
47
155
126
246
222
243
127
210
123
247
255
143
167
21
191
211
249
249
119
121
93
253
111
213
29
255
63
141
238
24
13
252
60
156
105
80
246
243
191
216
87
176
222
173
159
236
208
62
253
253
117
61
255
78
201
159
124
116
207
153
253
253
235
244
119
250
251
57
127
183
118
124
215
125
227
207
82
150
32
211
121
248
249
88
189
126
175
211
100
247
107
189
237
30
13
250
29
158
93
19
243
115
159
219
187
40
250
5
166
76
88
41
216
134
0
50
57
44
233
136
119
132
1
201
171
160
147
197
97
74
195
193
87
193
102
40
15
129
70
159
144
65
32
121
152
235
96
116
28
42
39
213
80
247
107
185
238
8
71
244
77
88
73
22
211
150
181
24
115
224
74
252
187
247
255
126
239
251
254
220
189
215
255
239
223
158
207
251
197
123
255
247
47
231
255
205
123
254
191
123
223
231
238
223
45
103
191
222
58
253
117
125
92
179
175
221
121
191
111
188
190
153
203
240
191
156
85
100
182
119
255
250
87
166
254
5
166
16
16
8
152
134
0
34
48
10
99
128
87
128
1
9
43
128
146
197
37
74
195
192
86
209
230
40
12
129
70
159
146
65
36
57
136
235
32
100
60
42
161
245
112
183
107
176
238
8
67
244
73
88
73
38
83
150
165
40
115
229
74
255
240
92
119
255
171
123
24
254
33
245
123
190
122
164
85
246
191
63
211
239
127
139
126
166
254
243
255
250
119
231
231
155
175
22
255
91
121
253
119
120
221
126
79
209
125
255
23
157
230
24
5
252
188
220
105
56
182
183
191
184
31
180
222
250
58
247
247
250
255
251
233
254
253
87
127
255
115
251
212
254
215
123
98
254
125
131
127
191
223
255
255
238
251
247
255
215
229
87
191
215
251
249
119
253
93
249
127
237
143
253
127
159
173
153
139
242
61
157
93
72
254
115
189
90
31
49
254
253
255
247
127
254
247
251
248
222
189
253
255
239
255
219
124
242
231
127
102
255
47
147
255
255
254
255
191
254
255
247
254
199
109
69
191
222
61
249
127
125
92
251
191
253
121
189
127
189
175
153
203
240
63
156
65
100
254
115
191
250
87
49
254
255
153
239
245
55
247
255
126
149
255
212
253
255
204
182
95
153
253
123
127
254
127
242
127
45
255
246
183
91
245
119
235
207
47
183
255
246
125
249
125
120
237
247
109
215
53
183
111
191
190
155
141
243
189
252
84
112
182
255
251
251
159
189
254
127
221
237
252
63
255
123
126
189
255
244
217
223
232
54
79
152
253
123
107
254
127
242
123
45
251
183
182
121
87
119
235
215
122
151
233
247
125
248
121
122
255
255
111
211
53
247
123
191
188
26
13
234
189
156
84
121
182
123
251
251
223
175
255
255
185
239
117
127
239
255
254
221
189
254
251
239
200
146
94
187
221
255
95
246
47
226
127
109
235
246
183
90
117
119
238
207
47
172
255
254
61
249
245
89
252
247
239
219
49
191
127
191
190
155
195
241
189
156
85
124
182
247
251
187
151
181
254
5
38
21
16
8
144
166
64
32
176
10
33
192
119
129
2
9
43
161
3
193
101
74
195
208
86
149
230
40
12
129
66
159
18
65
36
61
136
107
104
108
52
40
165
245
97
183
107
56
236
41
67
246
9
88
72
38
67
151
133
40
243
225
74
91
153
216
246
255
170
126
8
30
33
215
127
188
78
236
208
255
151
49
82
231
47
131
127
175
222
243
111
82
35
245
239
151
165
85
191
99
123
233
119
113
221
253
107
213
29
255
111
157
166
24
5
248
21
157
73
16
242
187
187
88
23
176
254
253
191
231
245
126
167
255
253
220
253
214
243
239
91
147
69
251
245
123
247
245
47
211
255
157
123
254
191
122
221
119
239
207
45
247
191
222
56
249
125
125
93
243
175
205
49
191
111
188
190
153
203
242
191
156
81
100
182
119
251
250
215
172
254
255
249
239
117
127
235
255
254
221
189
253
249
239
206
134
250
187
221
127
95
247
47
231
223
237
255
247
183
91
127
119
238
207
47
45
255
254
61
249
253
121
252
247
111
223
113
191
127
189
190
91
199
241
191
156
65
244
182
247
251
255
87
176
254
248
255
247
255
254
191
255
249
222
253
113
251
255
250
222
92
254
215
127
111
255
47
147
255
223
255
255
255
222
251
247
255
199
173
71
191
222
189
249
127
125
94
243
255
253
56
189
63
189
173
153
203
242
189
158
65
96
254
115
191
250
87
57
254
124
58
247
215
254
255
251
244
218
190
82
53
253
214
219
242
255
199
250
170
253
45
79
223
139
126
254
255
78
207
247
254
95
173
125
183
222
254
249
119
249
92
195
46
239
166
175
127
190
236
76
195
246
189
157
75
198
255
159
255
251
15
96
246
254
240
124
255
255
179
222
0
126
59
221
251
190
126
244
93
253
251
127
243
239
127
155
127
166
95
243
255
127
255
247
247
211
239
23
255
251
249
249
119
122
223
239
111
213
85
255
127
189
239
24
71
252
189
156
121
18
247
255
159
251
123
178
255
255
244
124
119
255
162
123
24
254
33
245
123
174
91
164
93
246
191
63
211
239
47
155
126
230
254
251
255
242
55
231
231
159
175
22
191
91
57
253
119
120
202
122
79
209
89
255
31
157
230
24
5
252
188
220
97
56
182
183
159
184
87
180
91
252
190
247
119
216
234
227
249
218
185
194
255
231
199
203
216
251
167
255
87
253
45
91
221
215
126
123
175
74
223
227
254
207
143
79
191
188
191
253
126
217
92
242
166
253
121
191
247
188
238
136
251
240
189
92
211
102
254
215
171
186
215
249
94
255
253
251
124
93
226
123
95
208
171
197
251
231
194
134
91
251
173
187
87
175
175
123
223
135
219
250
239
83
61
226
238
143
143
167
191
186
188
253
119
122
206
247
233
251
121
55
239
252
174
40
219
241
252
124
81
124
190
215
251
187
247
255
95
49
166
87
215
232
198
182
165
90
245
86
85
188
119
137
144
127
131
136
34
197
41
207
123
217
222
240
127
46
171
195
127
151
229
97
54
117
210
251
126
85
92
137
166
237
128
253
111
137
236
73
7
244
12
152
201
68
242
50
173
88
71
33
254
122
191
247
247
250
191
251
233
222
253
87
127
255
114
217
92
254
215
123
106
254
63
147
127
159
222
247
255
238
251
247
254
199
229
71
191
215
248
249
127
253
93
241
255
237
140
253
111
159
173
153
203
242
29
158
89
64
254
115
157
122
95
57
254
250
58
247
247
250
255
251
233
254
125
87
127
255
247
248
92
254
215
127
107
254
125
147
127
191
222
255
255
238
251
247
255
215
229
87
191
215
249
249
127
125
93
249
255
237
140
253
63
159
173
153
203
242
61
158
93
72
254
115
191
250
31
57
254
250
26
234
231
255
223
155
137
222
251
146
127
191
74
121
245
242
215
63
210
204
39
159
125
55
218
238
47
214
219
55
254
103
173
79
191
82
115
237
246
208
92
64
14
193
78
153
95
157
172
24
5
240
29
157
73
16
242
51
189
88
23
32
248
252
59
255
245
114
119
251
247
253
255
211
191
223
248
179
238
250
253
123
111
63
255
246
191
159
107
190
255
105
212
118
186
227
47
102
255
222
127
245
252
222
93
241
190
251
239
203
255
191
173
188
219
243
127
156
93
212
254
115
223
255
214
107
251
252
251
247
127
126
243
251
254
223
189
213
255
239
219
150
251
251
197
127
255
247
47
231
255
239
127
255
191
127
95
231
254
223
45
103
191
222
56
253
245
91
94
179
63
217
121
191
111
188
190
137
195
240
189
156
73
116
255
119
255
250
87
166
255
251
212
112
127
253
162
119
88
182
121
228
251
172
91
132
93
246
255
31
82
233
47
155
126
230
254
251
239
223
21
225
231
223
175
148
191
115
185
101
247
91
206
26
207
209
89
255
87
136
182
24
4
232
188
158
97
48
182
183
159
216
87
182
217
90
152
218
255
255
171
254
40
94
57
215
255
191
206
236
88
254
215
56
210
207
63
195
127
175
222
250
127
82
105
245
239
215
165
85
191
119
127
233
119
112
221
221
111
253
29
255
63
221
174
25
133
242
61
157
105
80
243
187
187
89
31
178
254
109
159
254
217
126
247
253
119
61
255
12
205
158
254
191
79
221
255
249
171
245
125
82
251
243
127
182
246
125
87
255
227
207
82
215
160
211
253
248
121
120
125
122
175
245
244
247
111
189
236
28
79
244
29
158
93
23
247
123
159
219
251
107
250
124
221
254
253
255
255
249
119
189
255
222
221
223
204
127
237
189
253
251
227
246
127
214
127
127
127
183
246
125
215
247
239
207
122
223
45
247
127
248
125
120
253
247
239
255
55
247
127
191
190
154
201
242
253
156
85
127
183
127
191
251
255
175
254
253
157
255
249
126
247
251
126
181
255
244
217
223
232
54
111
221
253
251
111
246
127
250
123
47
251
183
246
125
87
119
235
215
82
159
105
247
253
253
121
120
253
255
109
215
53
247
111
191
188
26
77
242
253
156
93
125
190
123
191
219
223
237
255
121
222
244
223
254
253
251
116
191
253
122
219
141
123
255
253
255
247
248
43
252
111
219
127
249
127
247
126
125
83
247
239
215
243
255
53
247
249
250
127
125
93
235
255
253
160
253
123
188
245
156
105
246
191
158
69
119
247
247
159
250
239
173
254
234
222
234
231
255
191
219
137
254
251
54
123
191
122
240
93
242
215
63
123
196
47
187
125
63
222
63
47
222
91
55
254
231
175
94
191
114
127
237
246
211
94
72
30
217
78
217
211
157
173
24
5
252
53
157
107
16
246
179
189
90
95
50
253
199
1
202
93
249
194
91
206
134
175
33
186
131
202
135
107
234
213
56
103
142
175
230
59
78
203
182
47
83
9
50
111
247
39
20
187
82
125
103
246
114
106
56
110
219
28
193
63
153
172
24
5
241
24
156
67
16
242
51
157
88
86
34
251
234
158
234
227
255
255
219
137
254
255
58
127
187
94
121
253
242
247
61
211
204
39
159
125
55
222
47
47
214
91
51
126
231
175
95
191
114
127
237
246
209
92
64
14
209
78
185
115
157
172
24
5
244
61
157
65
16
242
51
189
90
95
48
248
250
186
247
247
255
255
251
233
222
249
215
127
191
242
249
124
254
215
125
107
255
125
131
125
191
222
251
191
254
243
247
255
215
229
87
191
215
253
249
119
253
93
241
127
253
141
255
63
223
175
153
135
246
189
156
249
64
254
243
189
251
95
48
254
254
187
231
247
118
247
223
255
221
253
221
255
239
159
147
79
251
213
127
255
189
47
247
255
205
255
255
191
127
223
118
255
207
109
247
191
222
61
253
117
125
93
243
191
223
57
255
111
190
190
153
203
241
189
156
85
100
182
119
223
251
215
44
254
251
250
247
255
254
247
251
248
253
189
253
255
255
255
148
126
251
229
127
111
253
15
231
253
255
255
191
191
111
223
119
255
215
109
103
191
222
61
253
127
125
92
251
191
223
121
253
127
173
173
205
203
241
190
156
69
100
254
115
223
250
87
48
254
253
157
239
249
127
247
251
127
181
255
244
217
223
200
54
79
221
253
251
111
246
127
254
123
63
251
183
246
125
87
119
235
199
74
159
237
247
125
253
121
120
253
255
109
215
53
247
239
191
188
26
205
249
253
156
85
121
182
127
255
219
159
173
254
255
157
239
249
127
247
255
255
181
255
252
249
223
200
182
79
217
253
251
127
246
127
254
127
61
255
183
247
93
87
119
235
207
107
159
237
246
125
253
125
120
253
247
111
215
53
119
239
191
188
154
141
249
253
220
85
121
190
127
255
251
159
189
254
253
153
239
253
127
247
251
126
157
255
252
253
255
200
150
110
251
253
251
127
246
127
250
127
63
255
247
183
127
215
119
239
207
107
191
255
246
125
253
125
120
253
247
239
223
49
245
107
191
188
155
201
241
253
156
85
121
190
255
251
251
223
189
254
253
249
239
125
119
247
251
254
221
191
252
253
239
200
150
239
251
253
127
127
246
127
230
255
239
255
247
191
91
95
118
239
207
47
245
255
222
61
253
253
122
125
247
175
223
57
53
239
191
190
155
201
241
189
156
85
116
190
247
251
251
215
173
254
251
254
247
127
254
255
255
248
221
189
253
251
255
255
220
222
251
229
127
111
253
47
231
253
255
255
191
191
111
251
119
255
215
237
101
191
222
61
253
127
125
92
251
191
223
121
189
63
173
173
221
203
241
191
156
69
100
254
115
253
250
215
48
254
250
254
247
255
254
255
255
233
223
253
127
251
255
255
221
222
251
215
127
111
255
47
255
253
255
255
255
191
111
251
119
255
199
237
101
191
223
253
253
127
125
92
241
239
253
57
253
63
175
173
153
203
240
189
156
237
64
254
115
251
250
87
56
254
220
25
219
221
251
211
219
254
158
175
21
190
147
206
179
126
235
213
56
111
142
175
230
59
15
202
186
47
83
11
54
63
243
39
53
251
82
125
239
118
82
108
248
110
223
28
201
63
157
172
26
5
241
61
156
75
208
250
59
191
92
86
51
251
251
222
234
115
255
183
223
137
254
255
56
251
191
250
244
93
226
245
61
115
220
47
187
127
126
222
63
47
214
89
113
127
231
175
92
187
82
125
237
246
211
94
104
159
217
30
217
211
157
173
24
5
244
61
157
75
16
246
115
189
218
87
50
253
90
17
136
182
7
202
92
15
7
34
125
176
58
198
4
82
253
19
32
209
135
39
193
99
77
223
225
13
82
34
180
104
215
36
85
186
67
104
232
117
112
216
53
41
213
21
247
111
153
166
24
5
224
29
156
73
16
179
51
185
24
87
32
234
127
191
239
247
119
183
223
255
221
253
215
247
255
158
179
79
250
245
123
127
245
127
211
247
29
250
252
191
126
221
118
239
207
109
247
191
222
120
253
125
124
93
247
174
223
45
213
111
190
190
153
141
243
189
156
85
96
182
115
219
251
223
44
254
250
218
238
231
255
191
219
153
254
123
86
127
191
123
248
253
242
215
63
123
196
47
187
125
111
222
63
47
222
91
51
254
247
239
94
255
114
127
253
246
211
92
74
94
217
14
217
211
221
189
28
5
252
181
159
107
80
246
179
191
88
95
50
189
206
171
195
223
255
219
143
219
174
121
3
251
147
222
190
77
235
213
57
103
206
47
202
123
79
223
187
47
146
10
51
110
215
39
87
187
82
124
237
118
112
92
48
47
221
28
245
239
157
172
24
5
243
29
156
75
16
242
51
189
88
87
32
250
252
191
231
245
119
247
255
255
253
253
212
251
239
249
146
78
251
245
123
127
245
127
246
255
29
251
255
183
126
221
119
239
207
111
246
191
222
120
253
125
125
125
243
175
223
57
245
111
190
188
153
137
243
189
156
85
104
182
119
251
251
223
172
254
252
189
239
245
119
247
255
255
245
255
244
243
255
249
178
79
251
253
123
127
244
127
254
255
61
251
255
183
124
221
119
239
207
111
182
191
214
125
253
125
124
125
247
175
223
57
117
111
191
188
153
137
241
61
156
93
120
246
119
223
251
159
172
254
254
254
239
245
127
247
251
255
253
253
220
255
239
255
214
238
251
253
127
127
255
127
254
255
127
255
191
191
127
219
119
255
207
111
247
191
222
125
253
127
124
125
243
191
223
57
125
251
190
188
153
137
241
253
156
85
96
254
243
255
251
215
188
254
252
191
239
241
127
247
247
255
189
253
252
249
255
251
179
79
251
253
123
127
255
127
254
127
63
255
191
191
125
219
119
255
207
111
247
191
214
125
253
127
124
125
247
175
223
61
117
239
191
188
153
137
243
253
156
93
120
254
115
255
251
223
188
254
254
250
239
247
254
247
251
254
253
253
252
255
255
255
210
238
251
245
127
127
255
207
239
255
255
255
191
191
127
219
119
255
247
239
103
255
223
61
253
255
122
93
243
191
223
57
125
179
191
173
157
203
241
191
156
85
116
254
243
223
251
215
56
254
253
253
239
241
127
247
251
254
157
255
254
251
239
218
211
239
251
253
127
127
255
127
254
255
127
255
255
191
125
223
118
255
239
47
247
255
214
61
253
255
122
125
243
255
223
59
53
255
191
188
159
217
249
253
220
85
112
254
247
255
251
151
189
254
252
221
239
241
127
247
243
255
189
255
244
253
255
249
182
239
249
253
255
127
254
127
254
127
63
255
255
55
125
215
118
255
207
107
151
191
214
253
253
127
124
125
247
175
223
57
117
235
191
188
155
153
241
253
156
93
120
254
247
255
251
223
173
254
254
190
239
245
127
247
251
127
253
253
214
253
255
254
178
78
251
253
127
127
255
127
254
127
63
255
191
191
126
219
119
239
207
111
247
191
222
125
253
127
124
93
247
175
223
45
117
235
191
172
157
141
243
189
156
93
112
246
115
223
251
223
60
254
