posters/Movie Poster 81.jpg
512
811
60
-40.6955
-1
0
370
265
0.000129587
31
-128.373
-1
0
217
588
0.000170563
31
-54.2933
-1
0
200
228
7.15251e-05
31
-153.435
-1
0
228
590
8.85052e-05
31
-84.0685
-1
0
190
283
8.37834e-05
31
-90.924
-1
0
160
226
6.42931e-05
31
153.435
-1
0
317
603
7.96483e-05
31
-163.436
-1
0
236
593
0.000161773
31
-103.671
-1
0
114
180
0.000157927
31
-177.626
-1
0
110
294
0.000126866
31
-179.486
-1
0
108
293
9.81921e-05
31
-34.992
-1
0
328
276
6.703e-05
31
-166.945
-1
0
242
596
0.000179388
31
-56.7287
-1
0
377
493
7.30364e-05
31
-40.1355
-1
0
370
263
0.000109527
31
-55.5278
-1
0
200
232
9.08789e-05
31
-83.6598
-1
0
189
280
5.08737e-05
31
172.235
-1
0
351
288
4.83285e-05
31
-71.565
-1
0
183
212
4.28074e-05
31
-85.5328
-1
0
167
231
4.72023e-05
31
-83.1572
-1
0
303
262
4.40346e-05
31
-113.552
-1
0
127
197
5.18283e-05
31
55.3048
-1
0
403
707
4.61436e-05
31
-99.0903
-1
0
277
303
4.77318e-05
31
-35.0594
-1
0
136
308
4.51385e-05
31
-49.9138
-1
0
358
497
4.33245e-05
31
-158.663
-1
0
157
295
4.75502e-05
31
-176.947
-1
0
107
368
4.26409e-05
31
111.267
-1
0
195
711
4.31417e-05
31
-108.838
-1
0
262
225
4.96239e-05
31
-109.722
-1
0
266
208
4.12976e-05
31
-117.35
-1
0
269
258
4.10155e-05
31
-95.0796
-1
0
305
297
4.08226e-05
31
-159.952
-1
1
228
589.2
0.000108931
37.2
-163.325
-1
1
235.2
592.8
9.7717e-05
37.2
-168.346
-1
1
242.4
596.4
8.1345e-05
37.2
-40.272
-1
1
369.6
262.8
6.35277e-05
37.2
-36.5111
-1
1
370.8
265.2
6.91443e-05
37.2
-56.5467
-1
1
380.4
492
4.36869e-05
37.2
-136.909
-1
1
218.4
589.2
4.973e-05
37.2
-61.8584
-1
1
200.4
231.6
3.91489e-05
37.2
-168.461
-1
2
236.16
591.84
8.35382e-05
44.64
-162.193
-1
2
227.52
588.96
0.000145781
44.64
-72.8973
-1
3
311.04
393.984
2.7204e-05
53.568
-65.8978
-1
3
281.664
383.616
4.07759e-05
53.568
-173.372
-1
3
231.552
585.792
8.47518e-05
53.568
-174.973
-1
3
241.92
594.432
3.15467e-05
53.568
-170.606
-1
3
235.008
590.976
7.16293e-05
53.568
-165.197
-1
3
226.368
587.52
0.000203303
53.568
-161.231
-1
3
221.184
585.792
5.34741e-05
53.568
-171.225
-1
4
232.243
590.976
0.000129534
64.2816
-169.184
-1
4
228.096
588.902
0.000169336
64.2816
-167.808
-1
4
223.949
586.829
0.000203083
64.2816
-61.5044
-1
4
282.01
383.616
4.05715e-05
64.2816
-166.454
-1
4
219.802
584.755
0.000128613
64.2816
-178.76
-1
4
242.611
595.123
1.48997e-05
64.2816
-63.6075
-1
4
273.715
389.837
1.05744e-05
64.2816
-159.426
-1
4
217.728
588.902
7.0016e-06
64.2816
-38.7742
-1
4
284.083
360.806
4.28639e-06
64.2816
-68.9625
-1
5
266.25
395.643
1.78019e-06
77.1379
60
64
6
38
16
2
137
8
2
9
2
2
139
36
32
6
136
49
102
2
1
208
65
32
17
0
196
128
224
73
130
12
137
64
8
4
85
138
0
34
1
64
4
64
20
137
68
86
164
76
16
36
16
0
34
24
64
1
0
34
3
176
8
66
96
0
58
185
255
222
54
119
93
63
215
198
213
176
127
254
61
94
189
214
96
251
151
125
193
119
157
215
243
125
83
248
244
233
215
60
151
190
218
124
250
113
112
255
245
109
183
20
245
110
155
170
153
199
242
29
252
93
17
243
123
255
121
251
233
250
63
53
125
150
55
133
93
89
230
68
133
48
125
110
180
87
242
246
2
98
195
34
209
119
204
138
228
25
82
28
245
105
214
36
20
190
66
120
193
84
112
218
28
15
212
20
229
78
153
172
24
5
112
29
156
73
16
242
51
189
88
87
32
250
58
151
120
254
55
189
93
11
231
198
25
160
189
78
61
87
253
246
98
251
151
118
81
119
213
151
231
121
18
184
245
224
199
60
199
190
218
120
250
113
104
92
53
237
246
116
181
111
154
174
152
11
242
29
252
89
17
243
115
191
123
243
232
250
54
50
81
162
157
168
1
72
230
64
130
117
173
63
160
85
242
214
1
112
193
34
129
116
196
152
96
9
178
8
97
105
20
36
87
190
96
112
9
84
101
80
24
9
68
5
244
77
152
36
24
0
242
20
156
73
0
242
51
188
88
71
36
120
52
36
109
128
18
5
1
127
230
70
146
52
125
42
177
70
242
212
67
96
81
128
208
164
92
168
164
9
82
152
49
105
64
36
87
186
66
122
1
84
144
64
28
142
64
20
192
76
153
44
24
4
112
29
156
73
24
114
51
188
88
22
40
249
12
168
239
189
58
253
245
126
157
252
222
253
209
60
191
78
139
92
227
107
244
117
202
251
109
255
149
183
120
199
63
207
223
16
85
184
119
248
233
61
120
61
127
39
245
53
247
107
187
172
185
13
242
29
156
88
54
242
55
253
219
95
36
254
51
23
56
190
55
148
29
9
231
206
25
160
173
79
53
23
253
230
0
210
147
114
81
103
212
148
231
121
18
184
229
97
199
60
215
190
219
56
232
105
36
72
49
233
246
80
181
111
154
174
24
11
242
25
220
81
16
243
83
149
122
211
104
114
52
113
125
138
22
13
21
123
199
64
189
48
125
34
180
86
242
212
70
116
17
112
145
230
220
132
229
9
34
156
220
40
200
44
22
158
202
120
1
212
50
203
21
15
144
52
228
76
147
164
129
12
42
24
23
89
24
114
48
56
88
86
106
249
4
33
128
176
0
0
32
71
0
64
0
4
80
32
161
2
66
8
1
64
193
32
81
131
80
8
128
128
0
132
40
64
68
4
67
170
1
104
1
76
32
0
20
130
68
21
131
78
25
44
8
0
114
24
24
9
0
226
19
176
8
66
96
96
4
35
128
176
0
0
32
71
0
64
0
4
80
32
129
2
66
8
1
64
193
32
81
131
80
8
128
128
0
132
32
192
69
4
67
186
17
104
1
76
32
0
16
130
68
21
131
78
25
44
8
0
114
28
24
1
0
226
19
180
8
70
32
96
147
249
218
22
55
64
92
158
66
129
189
250
46
131
134
91
255
214
36
213
3
140
229
39
230
215
241
121
147
42
198
41
156
36
52
222
74
84
235
117
112
202
57
59
157
20
245
236
209
166
91
149
240
26
180
73
152
179
48
27
28
85
36
218
51
23
120
190
55
180
29
9
231
198
145
32
173
15
33
23
244
246
0
208
177
114
81
102
212
148
225
121
18
56
229
97
70
60
215
174
203
56
160
73
36
72
49
169
246
193
149
79
154
174
24
11
50
25
220
81
16
51
19
149
58
211
104
114
59
182
124
34
63
184
157
24
247
126
214
113
173
127
172
85
255
246
3
240
229
98
209
119
196
188
225
63
126
122
225
235
159
108
215
190
243
120
233
125
124
92
58
173
212
81
245
111
184
190
24
13
240
29
220
73
56
242
55
189
218
215
44
90
7
22
16
2
137
0
6
9
2
2
139
36
32
7
129
49
70
2
1
208
65
32
17
0
196
128
224
73
146
12
137
64
40
4
213
138
0
32
1
192
4
64
16
136
68
80
164
76
16
36
16
0
34
24
64
1
0
34
3
176
8
66
96
0
55
181
125
158
54
133
25
88
230
70
149
176
125
107
180
87
246
246
2
98
195
96
209
119
204
170
228
89
114
28
241
105
214
36
85
190
66
120
193
124
50
90
56
15
208
20
229
78
153
172
24
5
112
29
156
73
24
242
51
189
88
87
34
251
55
54
81
162
159
168
1
8
230
64
130
119
173
59
160
85
242
182
1
80
193
34
145
116
196
152
96
9
146
24
97
105
148
36
87
190
96
112
9
84
101
80
24
9
68
21
244
77
152
36
24
4
242
20
156
73
16
242
51
188
88
71
32
120
131
206
6
33
237
248
135
152
61
125
44
203
138
61
102
173
141
125
189
185
232
71
186
120
99
127
25
54
253
83
35
87
221
241
218
97
115
197
60
163
119
190
106
191
221
83
126
209
40
209
92
36
221
231
143
172
59
212
166
140
198
95
20
188
55
52
117
170
21
12
1
72
230
68
179
48
109
43
221
85
242
212
3
96
65
34
129
116
76
136
165
9
210
12
113
105
208
36
85
186
66
114
129
84
176
86
24
143
80
18
224
76
153
172
16
4
112
29
157
73
16
242
51
188
88
86
32
249
52
34
117
130
16
5
5
127
230
68
130
48
125
59
145
70
242
212
67
96
81
66
144
180
92
168
164
9
114
136
49
105
80
36
70
186
66
48
1
92
52
80
24
143
68
32
196
76
153
44
24
0
112
28
157
73
24
114
51
188
88
22
32
248
60
51
117
182
53
36
57
94
230
4
129
52
101
75
176
87
242
246
67
96
99
34
145
54
132
168
228
25
82
172
244
169
112
36
22
190
128
48
1
213
156
194
16
134
224
225
192
78
136
38
208
1
96
24
150
65
56
50
59
156
120
6
38
241
60
177
109
128
22
61
21
120
246
78
222
114
109
47
148
69
243
212
71
100
113
66
128
244
108
188
37
25
122
28
112
169
220
108
158
190
70
120
9
117
124
212
59
175
212
48
244
76
154
180
153
0
232
29
158
93
56
178
59
184
88
151
36
250
47
38
101
160
30
165
3
120
228
70
210
52
121
43
177
69
226
244
3
96
241
34
144
118
76
168
164
9
82
28
49
105
84
36
85
186
82
120
1
84
112
64
24
14
80
20
192
79
153
44
24
4
240
29
156
73
16
242
51
188
88
86
32
248
61
54
117
160
62
61
161
122
244
252
214
53
125
61
249
231
242
252
195
104
241
66
209
247
221
168
164
145
126
84
121
235
125
108
87
190
87
122
137
124
220
85
26
142
64
163
226
109
184
44
24
13
242
29
159
77
60
242
55
188
90
151
36
250
210
201
154
223
34
69
220
167
3
192
29
142
18
230
55
186
61
146
112
135
14
189
231
131
249
87
247
120
1
170
150
32
134
52
33
68
139
73
234
104
48
185
165
97
189
28
181
46
215
138
171
199
180
9
48
219
17
115
120
121
49
121
193
234
59
246
124
46
63
189
157
24
247
94
245
240
237
59
36
85
244
246
71
249
241
114
145
118
228
188
225
219
126
124
229
225
223
108
214
190
255
56
185
125
124
95
59
173
212
241
246
79
186
191
152
15
240
29
223
93
58
179
183
157
250
219
108
91
140
235
111
41
176
125
161
249
188
158
194
119
209
52
249
224
139
92
199
106
117
86
4
244
61
60
21
161
204
198
50
154
124
72
79
170
85
58
201
52
253
84
50
62
86
231
50
244
185
61
60
33
218
29
140
88
22
192
39
173
78
95
96
178
36
37
117
128
16
5
33
127
196
68
195
48
97
11
144
70
226
84
67
96
81
34
128
182
92
168
164
9
82
140
48
9
72
36
84
186
0
48
1
84
16
80
16
142
64
48
192
76
153
44
24
0
112
28
148
73
16
242
51
184
72
86
32
248
108
38
101
176
18
39
35
127
228
102
210
52
89
40
177
70
226
221
67
96
241
33
192
183
92
168
164
141
82
132
49
233
215
36
85
186
82
120
129
116
120
84
24
15
212
53
227
79
153
172
24
5
240
29
156
73
16
242
51
189
88
86
32
250
63
182
229
170
31
189
165
125
244
126
210
53
253
47
185
85
250
252
67
112
241
2
219
125
93
168
224
139
90
89
113
239
213
44
87
186
87
122
169
124
124
92
58
175
212
21
246
111
153
172
24
5
240
29
156
73
16
242
51
188
90
87
32
250
61
54
125
163
63
245
169
253
245
254
210
181
125
59
187
231
250
244
195
105
241
82
223
60
77
169
164
155
122
89
125
255
253
36
87
186
87
122
169
116
252
93
122
46
212
167
194
109
153
172
24
5
242
29
156
77
24
242
51
188
219
87
32
254
47
54
109
168
30
189
37
125
240
126
218
53
109
55
185
71
194
220
195
96
241
112
217
252
92
168
164
129
90
84
57
235
85
44
213
186
127
122
161
116
124
84
26
174
84
165
230
77
187
44
24
4
240
29
157
73
20
242
51
188
90
86
104
240
60
51
117
184
158
109
33
125
244
92
214
53
125
126
251
245
251
252
67
96
117
42
149
54
220
184
52
137
250
222
123
169
84
38
87
190
83
114
201
92
189
85
28
14
68
167
231
78
153
36
220
4
242
29
157
73
16
242
43
189
88
7
32
240
51
183
104
254
55
156
29
9
231
206
145
224
173
79
52
87
253
246
34
211
247
118
81
119
213
183
227
121
18
184
229
225
199
60
215
190
218
56
234
125
100
92
49
237
212
80
245
111
152
174
24
11
240
29
220
81
16
243
115
189
122
211
104
122
51
55
104
62
55
180
29
9
231
206
145
32
173
79
33
23
180
230
0
210
243
114
81
119
212
150
227
121
18
56
229
97
71
60
215
174
219
56
232
121
100
72
49
233
214
81
181
111
154
174
24
11
240
29
220
81
16
243
83
181
122
211
104
114
55
55
104
62
55
180
29
9
231
74
147
48
172
11
41
87
180
246
2
208
241
114
81
118
212
148
225
121
18
60
229
225
70
60
215
174
219
56
160
81
44
72
49
169
212
209
151
79
154
174
24
3
114
29
220
81
16
243
51
181
120
211
104
114
7
54
16
2
157
128
4
8
66
2
131
32
96
6
129
17
98
38
1
208
193
32
1
68
196
128
224
73
146
12
137
64
104
36
212
158
8
32
1
196
0
64
16
136
64
80
128
76
16
36
16
0
34
24
76
65
0
50
19
176
8
70
32
0
7
54
16
2
29
128
0
8
66
2
131
36
96
2
128
17
102
2
0
208
193
32
1
68
196
128
224
73
2
12
137
64
40
36
84
158
8
32
1
196
0
64
20
136
64
64
128
76
16
36
16
0
34
24
76
65
0
50
19
176
8
6
32
64
59
182
124
46
63
185
189
24
247
124
214
113
173
63
172
85
255
246
3
112
241
102
211
119
197
252
225
127
126
90
225
235
223
108
215
190
243
120
233
125
124
92
58
175
213
81
247
111
184
174
24
5
240
29
220
73
56
242
55
189
218
215
36
218
58
185
254
222
55
213
93
31
247
198
149
176
61
254
61
95
189
214
98
251
151
126
209
119
157
215
243
125
83
248
244
233
215
60
215
174
218
120
250
113
48
95
181
109
183
20
245
110
155
174
152
71
242
29
252
93
17
243
123
255
121
251
233
250
55
49
117
158
54
141
25
106
230
4
149
48
125
107
148
84
242
214
2
96
195
34
193
103
204
170
228
25
82
136
245
105
214
36
85
190
66
120
193
124
48
90
25
15
208
20
229
78
153
172
24
5
112
29
156
73
16
242
51
189
88
87
34
251
55
55
104
54
55
180
29
25
231
78
147
48
172
79
32
85
176
246
2
208
241
114
209
118
84
180
225
57
18
60
229
97
78
60
215
190
218
56
232
93
100
72
57
173
212
81
245
111
154
174
24
3
240
29
220
81
16
243
51
181
120
211
40
122
55
183
104
222
55
148
29
9
231
198
145
240
173
79
36
87
189
246
34
211
151
118
209
103
213
183
227
121
18
56
229
97
198
60
215
190
218
56
234
125
100
92
57
173
212
80
245
111
152
174
24
11
240
29
220
81
16
243
115
189
122
211
40
122
12
42
99
161
17
117
161
239
141
158
202
53
81
14
217
230
203
84
131
96
65
2
204
52
77
140
12
1
82
14
59
218
116
4
85
186
80
114
13
52
240
84
16
46
70
134
0
224
25
44
28
4
209
29
140
8
144
224
35
188
72
70
32
240
163
230
109
10
21
124
5
94
229
196
188
248
107
63
196
239
203
100
39
113
113
66
241
52
69
253
13
33
123
26
2
73
220
44
85
186
82
56
169
252
118
92
56
175
212
114
116
108
153
172
24
0
240
29
140
76
56
242
35
188
88
215
36
250
39
23
108
6
55
152
29
8
167
70
155
114
172
47
36
85
128
246
2
177
193
114
209
102
68
180
225
57
58
62
197
33
214
44
215
190
218
56
233
125
100
92
56
173
212
80
245
111
144
174
24
5
240
29
220
89
24
243
51
189
120
211
40
122
39
55
104
6
55
144
29
24
166
66
147
50
172
11
160
85
128
244
2
144
193
114
209
102
68
180
225
57
18
60
197
1
78
60
215
190
202
56
129
85
36
72
57
173
212
64
244
79
144
174
24
7
48
25
220
81
16
51
50
181
120
211
40
122
39
55
104
6
55
144
29
24
167
70
145
50
172
15
160
85
128
246
2
144
193
114
209
102
68
180
225
57
18
60
197
33
206
60
215
190
202
56
235
93
100
72
57
173
148
80
245
111
144
174
24
5
176
25
220
81
16
115
50
181
120
211
40
122
39
183
108
30
55
148
29
25
231
198
145
240
172
111
36
87
153
246
34
179
151
118
209
103
85
183
225
57
18
60
197
33
198
60
215
190
218
56
235
125
100
88
57
173
148
80
245
111
144
174
24
15
176
25
220
81
16
243
50
189
120
211
40
122
39
183
108
222
55
156
29
25
231
198
177
240
173
123
36
87
185
246
34
187
151
118
209
103
85
183
243
57
18
60
213
97
198
60
215
190
218
120
235
125
112
92
57
173
148
80
245
111
145
174
24
15
176
25
220
81
16
243
114
189
122
211
40
250
39
183
104
6
55
144
31
24
167
70
177
242
168
11
164
87
128
245
2
213
19
114
209
102
68
180
225
57
18
60
69
1
206
44
214
154
202
56
131
85
36
90
56
173
148
80
245
110
144
174
16
5
48
25
220
81
16
115
50
189
120
211
40
122
39
183
104
30
55
148
31
25
167
70
177
242
172
27
164
87
128
245
2
149
147
114
209
102
68
182
225
61
18
60
69
1
206
44
215
154
202
56
203
85
36
88
56
173
148
80
245
111
144
174
16
5
48
25
220
81
16
115
50
189
120
211
40
122
39
247
108
30
55
148
31
25
167
198
177
240
172
27
164
87
128
245
34
181
147
114
209
102
84
247
225
61
18
60
69
33
198
44
215
154
202
120
235
125
52
90
56
173
149
80
245
111
144
174
24
13
176
25
220
81
16
243
50
189
120
211
40
250
35
196
45
10
5
92
5
30
231
198
188
128
41
61
76
175
207
116
35
49
16
66
249
36
85
229
9
8
51
26
2
9
216
44
81
186
82
40
9
104
118
86
56
175
20
82
116
228
145
44
24
0
176
29
140
73
56
240
35
188
88
214
32
250
39
247
108
30
55
156
31
25
167
198
185
240
173
59
164
87
137
245
34
183
151
114
209
103
85
247
225
61
18
62
85
33
198
44
215
154
202
120
235
125
52
90
56
173
149
80
245
111
145
174
24
13
176
25
220
81
48
243
50
189
120
211
40
250
39
55
108
0
55
144
31
24
166
66
161
114
168
11
160
69
128
244
6
212
17
114
17
102
68
180
225
57
18
60
69
1
222
60
214
138
202
56
129
85
36
72
56
173
148
80
244
78
144
174
16
5
50
25
220
81
16
115
50
189
120
211
40
122
35
6
37
130
7
92
5
31
231
70
56
64
41
61
20
7
207
116
33
49
16
66
241
100
88
245
29
40
50
26
0
9
212
44
211
184
66
40
41
72
100
80
56
175
20
80
116
236
144
168
24
8
178
25
140
73
0
112
34
60
80
213
40
122
38
247
108
222
55
157
93
25
231
198
181
176
189
122
180
87
152
245
98
191
151
118
209
103
85
151
227
61
18
60
84
33
198
44
215
158
202
120
235
117
48
91
57
173
151
84
245
110
145
174
24
15
48
25
220
89
16
243
114
189
121
211
40
250
58
80
125
138
7
85
25
15
247
198
149
132
61
172
53
86
254
214
66
249
16
210
245
36
189
128
236
8
83
216
220
169
224
44
150
254
202
106
1
208
146
203
52
44
146
20
64
108
147
40
146
5
58
25
180
93
152
242
41
188
89
158
42
243
35
6
5
130
7
28
5
11
230
68
42
64
41
57
48
7
79
118
32
33
0
66
217
100
72
149
9
8
50
24
16
9
212
36
82
176
64
72
1
64
100
80
40
175
20
20
116
196
16
40
24
4
50
9
140
11
16
112
34
60
64
85
32
250
