posters/Movie Poster 80.jpg
512
384
226
-3.72664
-1
0
208
207
0.00486705
31
-172.84
-1
0
136
148
0.00819538
31
141.961
-1
0
144
266
0.00633772
31
-84.1304
-1
0
147
147
0.00639832
31
-40.9244
-1
0
234
155
0.00548727
31
-42.8317
-1
0
322
245
0.012315
31
-73.8013
-1
0
245
149
0.00765654
31
-102.644
-1
0
176
156
0.00731573
31
-37.1728
-1
0
239
158
0.00675066
31
-140.285
-1
0
134
161
0.00557341
31
-164.096
-1
0
197
162
0.00517506
31
117.879
-1
0
370
137
0.00533121
31
6.86999
-1
0
234
137
0.00770596
31
28.1366
-1
0
342
259
0.00526987
31
-0.674037
-1
0
248
135
0.0112661
31
-68.5926
-1
0
249
142
0.0142315
31
0.703844
-1
0
335
177
0.00678517
31
174.857
-1
0
136
251
0.00739026
31
12.5043
-1
0
243
132
0.00660912
31
-68.6631
-1
0
270
131
0.00619506
31
-2.82918
-1
0
337
183
0.00576778
31
87.1376
-1
0
243
185
0.00901597
31
95.1685
-1
0
239
186
0.00672164
31
97.5674
-1
0
237
187
0.00678814
31
21.9564
-1
0
221
194
0.010883
31
-28.355
-1
0
401
198
0.00515725
31
18.2962
-1
0
218
199
0.00500763
31
137.764
-1
0
136
255
0.00527258
31
157.585
-1
0
158
255
0.00625222
31
54.658
-1
0
385
114
0.00545092
31
27.6396
-1
0
202
244
0.00526
31
71.8299
-1
0
404
215
0.0073042
31
-94.3644
-1
0
308
217
0.00923195
31
-120.048
-1
0
174
218
0.0155342
31
-40.1522
-1
0
321
243
0.0127577
31
-46.6451
-1
0
315
223
0.00682625
31
-23.9625
-1
0
332
228
0.00573503
31
19.4308
-1
0
210
239
0.015469
31
146.207
-1
0
159
259
0.00542642
31
-151.46
-1
0
136
241
0.0118411
31
28.4127
-1
0
206
242
0.00613597
31
100.723
-1
0
373
135
0.00776924
31
-167.196
-1
0
132
250
0.0120848
31
28.0267
-1
0
206
240
0.00762105
31
118.538
-1
0
369
135
0.00881176
31
-34.0104
-1
0
321
238
0.00625178
31
-152.676
-1
0
117
255
0.00778023
31
76.3388
-1
0
313
255
0.00643961
31
33.0514
-1
0
207
256
0.00927801
31
46.1691
-1
0
205
257
0.0124895
31
156.672
-1
0
129
258
0.00871905
31
-141.18
-1
0
99
261
0.00534292
31
90.1308
-1
0
282
268
0.00520833
31
50.142
-1
0
326
280
0.00842072
31
162.924
-1
0
119
263
0.00617408
31
19.102
-1
0
243
135
0.00924843
31
33.6901
-1
0
274
169
0.00662337
31
-20.9735
-1
0
251
136
0.0136346
31
22.1481
-1
0
219
191
0.00639503
31
-1.36393
-1
0
278
191
0.00918653
31
132.534
-1
0
118
266
0.00765901
31
73.8774
-1
0
376
134
0.00636724
31
-153.435
-1
0
154
225
0.00780501
31
-21.2894
-1
0
319
223
0.00556639
31
-58.6198
-1
0
247
142
0.00979528
31
-55.722
-1
0
241
152
0.00682218
31
-29.2796
-1
0
213
221
0.00668024
31
4.05355
-1
0
278
189
0.00591891
31
45.2741
-1
0
333
277
0.00535144
31
-28.791
-1
0
320
220
0.00674498
31
-139.528
-1
0
152
219
0.0062509
31
-79.4265
-1
0
251
143
0.00968233
31
-12.4396
-1
0
252
153
0.0058227
31
-32.1063
-1
0
153
196
0.00527633
31
-10.4915
-1
0
404
199
0.00348648
31
46.2219
-1
0
331
280
0.00433233
31
-67.604
-1
0
243
147
0.00355599
31
-32.1148
-1
0
159
184
0.00484178
31
-41.3861
-1
0
413
192
0.00355434
31
-82.8347
-1
0
152
155
0.00485927
31
11.9908
-1
0
212
245
0.00470671
31
84.6442
-1
0
377
140
0.00428551
31
22.8215
-1
0
341
255
0.00357457
31
-23.9625
-1
0
281
194
0.00455167
31
-138.27
-1
0
181
178
0.00404357
31
148.173
-1
0
152
263
0.00413416
31
167.847
-1
0
201
173
0.0037073
31
-56.2627
-1
0
326
240
0.00390573
31
-3.99091
-1
0
283
190
0.00406053
31
48.1507
-1
0
389
115
0.00359184
31
-8.92753
-1
0
336
187
0.00473163
31
-118.54
-1
0
238
98
0.00438168
31
113.749
-1
0
292
283
0.00443292
31
-6.95296
-1
0
226
201
0.00392699
31
3.99091
-1
0
240
140
0.00390022
31
99.223
-1
0
228
182
0.00451789
31
114.775
-1
0
296
252
0.00378943
31
-162.683
-1
0
202
181
0.00424534
31
-4.32619
-1
0
338
178
0.00408517
31
-162.099
-1
1
196.8
162
0.00338822
37.2
-58.2405
-1
1
247.2
141.6
0.00439607
37.2
-31.0313
-1
1
212.4
219.6
0.00508804
37.2
63.0939
-1
1
313.2
255.6
0.00405482
37.2
-7.12502
-1
1
337.2
183.6
0.00833791
37.2
-36.3955
-1
1
319.2
222
0.00445623
37.2
54.3665
-1
1
200.4
255.6
0.00370234
37.2
157.059
-1
1
158.4
255.6
0.00403561
37.2
-123.662
-1
1
174
218.4
0.0110173
37.2
-139.8
-1
1
152.4
218.4
0.00557854
37.2
115.139
-1
1
244.8
189.6
0.00376005
37.2
-156.915
-1
1
202.8
183.6
0.00348521
37.2
-82.3532
-1
1
252
142.8
0.00414493
37.2
-88.9701
-1
1
308.4
217.2
0.00525809
37.2
87.6141
-1
1
242.4
184.8
0.00644142
37.2
-48.6772
-1
1
315.6
223.2
0.00650098
37.2
-73.0228
-1
1
270
130.8
0.00367353
37.2
162.577
-1
1
129.6
256.8
0.00359886
37.2
98.3751
-1
1
235.2
186
0.00653579
37.2
96.8583
-1
1
240
186
0.00419192
37.2
30.9638
-1
1
220.8
193.2
0.00399894
37.2
-132.925
-1
1
180
177.6
0.00357767
37.2
-16.5624
-1
1
337.2
186
0.00564658
37.2
-15.4317
-1
1
234
139.2
0.00554169
37.2
41.6163
-1
1
199.2
253.2
0.00386994
37.2
-176.486
-1
1
129.6
253.2
0.00611402
37.2
-37.0731
-1
1
321.6
244.8
0.00897019
37.2
56.5566
-1
1
202.8
256.8
0.00556316
37.2
-159.912
-1
1
136.8
147.6
0.00392139
37.2
-109.714
-1
1
146.4
147.6
0.00344571
37.2
51.9776
-1
1
205.2
256.8
0.00839912
37.2
113.893
-1
1
369.6
136.8
0.00484664
37.2
-13.2213
-1
1
234
136.8
0.00567317
37.2
0
-1
1
334.8
176.4
0.00418991
37.2
-172.338
-1
1
132
250.8
0.00833479
37.2
-19.5367
-1
1
247.2
135.6
0.00479244
37.2
20.709
-1
1
211.2
244.8
0.00489315
37.2
15.3763
-1
1
216
199.2
0.00364861
37.2
-12.1549
-1
1
208.8
206.4
0.00486915
37.2
-179.251
-1
1
135.6
250.8
0.00555489
37.2
-37.1524
-1
1
238.8
157.2
0.00615308
37.2
-14.8135
-1
1
278.4
190.8
0.00426997
37.2
-108.748
-1
1
175.2
156
0.00416774
37.2
-113.975
-1
1
190.8
205.2
0.00508764
37.2
20.7256
-1
1
208.8
238.8
0.00808929
37.2
-45.6987
-1
1
234
154.8
0.00575879
37.2
25.2981
-1
1
207.6
241.2
0.00479765
37.2
105.539
-1
1
226.8
181.2
0.00379897
37.2
69.8109
-1
1
375.6
134.4
0.00372712
37.2
-160.677
-1
1
134.4
241.2
0.0046886
37.2
-56.6848
-1
1
282
138
0.00234537
37.2
-141.542
-1
1
134.4
160.8
0.00264252
37.2
-50.9061
-1
1
252
153.6
0.0028176
37.2
22.9091
-1
1
340.8
255.6
0.0029978
37.2
-103.55
-1
1
195.6
206.4
0.00251521
37.2
-68.6542
-1
1
153.6
195.6
0.00301851
37.2
175.941
-1
1
201.6
172.8
0.00238692
37.2
-166.899
-1
1
202.8
181.2
0.00314322
37.2
-151.729
-1
1
189.6
181.2
0.00255264
37.2
154.828
-1
1
148.8
259.2
0.00240399
37.2
-10.3048
-1
1
243.6
132
0.00256767
37.2
149.08
-1
1
159.6
258
0.00337009
37.2
148.827
-1
1
151.2
262.8
0.00319321
37.2
117.224
-1
1
242.4
192
0.00259178
37.2
-157.221
-1
1
199.2
182.4
0.00256996
37.2
-151.98
-1
1
154.8
225.6
0.0033489
37.2
12.374
-1
1
218.4
198
0.00324691
37.2
-9.32954
-1
1
337.2
226.8
0.00275319
37.2
150.479
-1
1
147.6
261.6
0.00302968
37.2
-6.89399
-1
1
338.4
177.6
0.00227948
37.2
-156.953
-1
1
138
235.2
0.00229483
37.2
-67.0273
-1
1
153.6
187.2
0.00231907
37.2
101.683
-1
2
234.72
185.76
0.00428029
44.64
-123.513
-1
2
174.24
217.44
0.00951499
44.64
-82.5308
-1
2
308.16
217.44
0.00466398
44.64
108.942
-1
2
226.08
180
0.00361834
44.64
-32.8687
-1
2
208.8
205.92
0.00408493
44.64
10.7537
-1
2
331.2
178.56
0.00206058
44.64
-8.1301
-1
2
338.4
178.56
0.00211036
44.64
101.864
-1
2
230.4
178.56
0.00277952
44.64
-148.789
-1
2
155.52
224.64
0.00207928
44.64
-118.301
-1
2
145.44
148.32
0.00190665
44.64
-2.77022
-1
2
224.64
203.04
0.00195785
44.64
129.289
-1
2
243.36
192.96
0.00210655
44.64
-130.752
-1
2
180
175.68
0.00391162
44.64
-136.909
-1
2
152.64
217.44
0.00407966
44.64
-28.1468
-1
2
276.48
154.08
0.00200672
44.64
-54.9364
-1
2
233.28
154.08
0.00422818
44.64
-161.03
-1
2
198.72
181.44
0.00197539
44.64
29.8865
-1
2
216
191.52
0.00187014
44.64
-66.8014
-1
2
252
155.52
0.0018665
44.64
-162.912
-1
2
203.04
182.88
0.00311127
44.64
-114.995
-1
2
175.68
156.96
0.00176811
44.64
-30.8505
-1
2
213.12
218.88
0.00454794
44.64
-174.349
-1
2
201.6
172.8
0.00199585
44.64
-34.6449
-1
2
319.68
223.2
0.00327344
44.64
-54.4126
-1
2
315.36
223.2
0.00411481
44.64
-159.974
-1
2
197.28
161.28
0.00178024
44.64
-29.4354
-1
2
216
221.76
0.00316749
44.64
-6.53214
-1
2
329.76
221.76
0.00270054
44.64
-128.541
-1
2
174.24
195.84
0.00187325
44.64
-9.36651
-1
2
336.96
182.88
0.00686416
44.64
18.1038
-1
2
208.8
239.04
0.00451063
44.64
-140.553
-1
2
149.76
216
0.00239617
44.64
-102.054
-1
2
151.2
154.08
0.00172529
44.64
-167.962
-1
3
200.448
171.072
0.00220172
53.568
-36.2898
-1
3
331.776
188.352
0.00201919
53.568
-124.156
-1
3
186.624
207.36
0.00217993
53.568
-65.1707
-1
3
207.36
203.904
0.00355357
53.568
-47.4896
-1
3
338.688
202.176
0.00301571
53.568
-131.618
-1
3
179.712
174.528
0.00296177
53.568
2.03934
-1
3
333.504
174.528
0.00240489
53.568
132.274
-1
3
241.92
191.808
0.00204899
53.568
102.841
-1
3
229.824
177.984
0.00260449
53.568
-4.7778
-1
3
336.96
177.984
0.00199036
53.568
112.152
-1
3
224.64
179.712
0.00261978
53.568
84.0531
-1
3
243.648
181.44
0.00448394
53.568
-158.237
-1
3
202.176
184.896
0.00227778
53.568
-22.6199
-1
3
335.232
184.896
0.00405196
53.568
104.096
-1
3
235.008
184.896
0.00389803
53.568
-126.896
-1
3
190.08
203.904
0.00122688
53.568
105.255
-1
3
214.272
190.08
0.00139901
53.568
73.7676
-1
3
219.456
191.808
0.00153857
53.568
-134.256
-1
3
176.256
193.536
0.00125693
53.568
-1.68468
-1
3
224.64
202.176
0.0013529
53.568
-152.977
-1
3
191.808
179.712
0.00122219
53.568
-34.3803
-1
3
212.544
196.992
0.00119699
53.568
226
64
163
196
136
11
207
192
159
12
54
107
41
234
170
78
38
61
13
51
32
147
192
55
91
111
114
199
115
47
19
57
195
99
143
172
155
0
242
8
106
42
98
74
108
233
149
80
181
123
81
218
24
13
180
0
248
227
59
179
246
53
146
241
154
74
77
47
198
112
88
251
226
118
56
188
194
53
210
247
201
226
136
41
251
102
245
109
74
243
75
122
134
215
104
70
34
195
223
19
69
163
21
186
253
60
252
52
186
38
101
227
247
235
185
236
40
87
241
93
24
72
126
207
23
165
72
243
225
234
46
35
229
136
18
197
5
79
229
70
3
16
89
44
185
70
203
84
99
96
130
112
208
35
28
149
21
9
50
136
21
73
21
4
87
154
0
112
33
30
36
65
60
33
68
132
117
14
17
172
144
12
50
24
148
24
8
98
43
157
73
15
40
242
247
117
113
246
255
160
95
72
134
111
145
122
165
74
132
85
118
247
4
82
206
170
160
110
142
154
226
91
210
57
229
127
35
180
28
223
162
241
226
215
2
202
197
72
224
24
137
31
193
166
16
7
108
146
148
97
144
50
241
59
188
22
179
181
6
5
16
130
0
72
0
3
2
64
15
68
16
6
204
176
11
2
4
4
2
32
32
66
80
149
17
9
2
170
10
0
132
20
65
138
0
66
74
10
1
48
0
97
36
28
52
44
65
32
96
20
16
1
32
162
16
66
0
33
0
81
33
202
0
2
0
0
0
72
0
65
0
0
10
4
0
4
89
160
137
8
1
192
64
0
28
128
80
20
4
0
128
134
11
80
96
0
67
136
0
2
9
0
36
48
16
166
68
102
36
96
0
40
0
0
147
25
0
8
0
64
3
180
64
66
32
104
0
67
84
200
32
221
2
96
46
68
47
4
156
61
89
160
69
208
68
108
22
112
128
226
25
52
5
88
36
142
18
25
146
84
81
138
64
90
218
8
180
149
24
39
4
142
244
46
131
165
129
12
58
13
131
31
40
70
24
36
64
139
100
216
190
241
108
223
54
189
222
49
95
215
245
250
255
90
116
94
176
211
118
251
183
118
195
247
185
54
247
127
87
255
245
169
207
60
150
254
222
121
250
245
90
223
245
109
179
52
183
111
159
174
155
79
250
29
220
85
16
243
123
251
123
251
234
251
5
139
19
130
0
74
128
134
42
132
39
68
16
51
201
160
14
2
4
39
6
0
36
66
121
129
0
72
37
138
2
17
180
84
65
130
0
66
138
136
131
52
8
2
32
10
80
108
145
40
103
21
20
1
129
202
17
64
0
36
64
85
1
249
92
186
247
216
112
255
167
118
138
190
74
188
85
150
221
202
251
221
251
110
133
5
206
187
205
253
172
237
85
14
49
235
215
7
85
187
80
250
237
118
48
92
56
39
87
190
117
239
157
172
60
21
240
125
159
73
80
254
43
189
88
71
35
242
131
214
8
163
255
184
158
24
60
123
44
75
170
95
100
61
97
215
37
241
200
6
138
120
66
223
185
35
210
3
35
119
211
36
84
176
115
121
233
244
114
92
58
47
213
20
244
109
153
173
24
5
240
29
156
73
16
242
51
188
88
87
32
248
211
221
146
86
37
138
93
10
155
161
61
203
166
203
68
27
102
151
60
31
134
47
224
107
101
215
243
63
19
43
0
127
147
167
48
81
98
13
254
247
99
250
169
107
187
24
125
175
193
130
48
149
125
34
189
238
81
254
178
127
80
85
145
187
67
197
136
26
1
10
4
6
34
2
45
136
18
166
38
27
13
34
32
149
2
129
97
3
64
69
145
72
1
32
128
0
144
16
0
32
35
72
2
104
34
170
44
105
149
92
53
110
81
202
16
4
5
65
112
138
27
67
32
53
16
112
82
75
131
198
0
2
201
0
6
8
32
35
40
234
168
43
36
1
194
53
5
81
72
134
16
96
68
132
137
11
146
8
9
1
208
36
20
186
66
120
1
244
66
74
24
9
208
84
196
77
17
44
16
4
96
24
140
9
16
240
51
156
88
86
34
185
114
1
138
154
2
71
28
135
6
230
25
132
17
132
59
62
93
18
96
134
10
145
198
3
24
193
182
12
3
248
22
40
101
44
3
33
218
68
66
72
32
73
165
104
23
28
37
110
87
136
218
129
182
8
52
210
129
98
40
121
81
68
26
226
5
199
69
72
32
156
5
112
163
68
39
66
204
121
92
1
192
229
96
44
22
100
16
227
88
52
5
60
44
8
80
9
150
68
208
138
64
24
147
8
164
27
56
135
20
226
244
14
146
165
129
8
50
9
139
29
40
66
18
133
80
209
108
88
212
43
159
213
32
82
216
167
74
179
87
146
214
243
147
26
125
139
108
235
143
165
102
147
201
87
247
254
64
174
179
122
211
28
69
174
94
56
234
114
112
28
177
47
179
44
147
111
155
172
9
195
240
29
24
89
68
243
19
249
120
115
96
254
99
54
97
134
212
6
15
121
198
70
51
50
169
11
144
69
114
117
70
36
88
130
144
100
28
176
173
9
146
152
80
25
64
36
86
186
128
48
1
92
164
66
16
139
192
0
192
76
0
164
16
8
34
24
141
17
40
50
49
56
74
198
40
177
66
1
138
154
3
66
88
135
22
226
53
128
18
128
35
26
13
18
48
151
10
145
230
3
8
129
178
76
19
225
148
96
165
48
16
97
115
69
2
96
50
171
36
104
147
28
65
110
87
136
26
5
21
72
244
202
145
99
40
25
21
48
18
227
29
159
230
205
183
245
149
254
61
212
215
31
220
252
171
205
169
253
104
46
116
93
198
243
43
125
144
48
124
94
86
43
223
112
81
186
214
120
248
125
117
29
123
54
253
132
245
111
157
175
29
13
242
29
158
77
48
246
59
157
91
79
36
218
216
57
159
91
34
83
220
167
218
179
29
154
95
180
51
218
125
131
122
251
159
245
103
151
153
87
247
254
65
207
246
242
219
28
7
238
90
121
232
114
120
93
117
63
183
116
183
111
191
174
138
71
248
29
88
89
20
243
59
189
121
51
104
250
195
205
76
83
221
168
71
24
45
37
45
202
170
251
68
13
128
117
61
243
142
111
171
121
99
255
19
54
123
11
1
7
211
231
48
91
66
25
119
182
119
250
40
239
217
24
125
147
1
133
16
4
77
188
143
174
25
244
177
191
216
87
164
251
131
200
206
91
223
184
213
24
61
35
45
202
170
221
100
13
129
117
61
251
142
111
235
121
103
215
19
39
119
11
3
71
151
230
152
90
66
93
127
178
114
250
40
109
221
24
125
179
89
157
16
4
221
165
142
40
17
246
178
191
208
85
132
250
131
200
206
219
159
248
212
26
61
163
44
202
170
253
100
45
131
117
61
251
142
79
235
121
103
215
19
39
119
11
3
103
151
230
152
90
66
125
255
178
114
254
104
109
157
30
125
179
89
221
18
4
221
181
174
46
17
246
178
191
80
85
22
251
209
221
206
78
238
95
211
50
59
85
30
207
158
125
78
168
173
171
252
191
244
77
163
243
251
119
217
118
237
83
206
103
159
121
81
100
223
75
250
121
211
157
43
183
221
50
255
111
181
195
143
15
252
79
154
207
127
215
62
61
242
177
6
218
28
50
81
169
184
113
160
253
132
24
66
55
65
18
187
209
122
212
131
64
65
130
140
20
12
152
60
9
151
8
51
222
112
36
85
186
80
114
1
84
161
64
16
30
64
132
128
76
8
45
84
5
18
26
134
73
128
96
9
28
76
70
34
49
147
216
142
79
239
251
210
182
59
153
28
207
142
85
110
169
45
211
60
191
196
85
231
243
235
102
216
118
253
67
159
115
255
120
209
96
127
91
250
241
211
159
235
62
145
150
243
111
191
219
15
135
252
237
218
203
119
215
62
63
80
121
70
223
165
38
229
0
24
100
161
118
160
68
202
85
77
125
146
37
194
108
195
96
112
98
252
182
94
168
4
144
248
12
105
205
117
102
4
154
0
50
17
156
93
32
24
134
64
96
65
192
24
36
88
8
80
26
132
13
56
96
35
140
200
134
38
248
2
0
1
130
1
64
0
79
6
66
33
64
17
2
146
16
74
84
32
96
2
0
164
32
76
129
9
9
146
8
16
73
20
36
28
154
0
96
1
22
32
64
56
9
0
28
240
12
17
172
16
4
32
16
148
9
144
98
32
60
72
85
32
241
66
1
144
158
0
6
12
6
2
70
1
0
16
230
55
18
111
82
0
100
10
161
64
3
10
129
162
12
2
168
16
1
80
36
21
186
0
68
2
64
32
74
28
9
55
28
197
14
17
172
16
5
32
24
20
203
153
98
49
49
88
68
0
226
67
196
128
10
201
206
6
4
32
102
40
12
16
173
45
45
69
113
1
100
200
131
154
33
66
192
12
12
145
0
25
1
241
36
81
57
1
66
5
106
34
90
8
10
84
90
228
128
17
12
16
4
21
25
132
131
16
224
33
180
88
68
2
225
210
193
154
157
67
67
92
175
6
194
153
138
19
196
7
30
29
35
96
215
26
181
118
131
210
103
242
108
129
184
198
33
202
20
131
171
138
108
66
105
50
10
181
169
183
24
165
46
19
170
24
67
48
88
84
83
25
179
113
57
60
240
202
75
64
10
131
129
200
219
134
228
72
166
82
22
209
20
91
128
139
1
65
64
204
21
202
192
89
212
156
36
0
130
19
75
71
4
65
170
20
106
237
8
48
20
48
38
69
132
181
105
155
172
137
1
179
29
28
81
0
98
19
185
72
87
96
242
129
195
0
26
1
0
4
0
34
7
33
202
128
73
38
3
138
101
32
99
2
36
66
98
64
215
145
40
16
8
3
1
214
6
80
170
0
104
107
96
100
106
56
41
213
80
245
111
16
172
24
5
240
24
156
9
17
178
51
189
88
87
32
250
0
2
0
136
0
72
0
65
0
0
10
4
0
4
121
163
137
8
1
64
0
128
28
128
64
20
16
0
128
134
11
80
64
4
67
136
0
2
73
0
32
48
16
38
68
212
36
96
16
40
16
0
147
25
128
8
0
96
1
180
64
66
32
96
3
64
10
154
7
16
93
142
20
174
57
128
17
136
49
106
128
84
0
107
136
144
228
43
12
129
162
11
83
9
49
123
113
36
28
251
82
117
1
242
146
202
8
12
146
22
64
88
27
44
94
5
104
24
149
72
144
242
43
156
92
22
34
177
42
7
101
162
7
31
5
11
165
70
17
2
29
40
52
87
144
116
65
112
112
242
144
102
28
160
132
17
58
248
93
201
0
44
6
186
226
104
1
72
132
195
20
137
80
84
228
76
16
36
144
12
34
24
175
20
56
98
115
156
75
222
42
241
74
0
138
139
203
199
138
133
28
234
18
4
145
140
59
70
72
85
17
36
200
151
206
41
10
192
188
4
82
65
56
58
101
36
29
113
82
111
5
82
48
64
68
8
23
28
64
177
29
8
26
5
151
25
156
234
144
96
43
188
77
4
18
178
2
0
1
130
0
0
0
79
0
66
35
0
17
0
145
0
74
84
1
96
2
0
132
33
76
129
33
9
18
8
48
73
80
36
92
154
0
96
1
22
32
64
56
9
66
20
80
12
17
44
16
4
32
24
132
9
144
98
33
188
72
86
32
176
50
20
41
130
23
197
19
13
198
198
23
52
49
14
49
86
126
54
66
81
144
50
211
69
52
128
228
13
18
184
85
105
5
44
7
158
194
106
9
92
16
193
20
136
128
84
160
110
145
44
152
13
50
25
180
81
16
50
58
184
27
159
40
250
67
196
138
11
203
198
2
5
13
102
0
140
144
140
63
15
204
113
17
100
200
131
158
41
90
128
172
12
147
1
57
3
225
36
17
59
3
103
5
106
178
74
12
8
85
28
192
144
25
12
18
4
37
25
132
131
144
224
41
188
92
68
18
225
211
213
145
87
229
130
95
8
130
165
57
203
131
201
4
27
38
71
60
39
142
45
226
107
108
215
163
47
19
41
0
45
146
167
60
91
34
45
242
247
67
234
169
235
171
24
253
63
65
128
112
165
45
178
188
235
81
58
48
91
84
84
17
187
50
18
17
6
85
130
15
8
198
2
25
50
161
15
148
21
115
199
2
84
0
2
129
100
12
212
253
13
18
56
65
40
68
44
159
158
0
56
9
85
32
192
48
169
133
88
180
12
16
164
16
0
32
16
158
67
0
50
50
152
56
87
32
50
67
196
138
11
201
198
14
5
4
106
0
140
144
140
47
15
77
83
17
196
200
131
222
41
74
192
168
12
147
1
57
3
225
36
21
57
3
103
5
98
50
74
4
8
87
28
0
144
25
8
26
4
37
25
148
227
144
224
43
188
92
68
18
161
211
221
155
86
37
138
93
10
154
161
61
203
166
203
68
26
103
215
60
47
134
47
224
107
111
215
243
63
19
43
0
127
147
167
48
81
98
13
254
247
115
254
169
105
187
24
125
175
193
128
48
149
253
34
188
238
81
254
50
123
80
85
145
190
2
74
8
136
2
89
4
65
40
2
43
132
16
20
125
163
137
80
1
64
4
144
0
0
69
213
1
0
1
138
19
16
208
4
83
138
64
98
201
2
34
52
48
45
20
150
116
40
1
45
16
4
155
29
135
8
16
96
41
188
72
70
32
176
82
209
24
46
215
200
30
8
75
1
141
174
180
6
108
241
247
151
16
212
8
49
3
68
229
212
232
45
211
42
143
32
148
44
87
222
106
67
201
117
34
223
20
41
213
94
164
44
145
174
18
5
184
21
116
107
16
178
56
60
24
87
50
201
3
2
0
130
5
0
4
8
34
0
41
0
32
11
4
1
4
34
4
144
0
160
128
32
64
128
129
8
146
40
1
65
16
36
144
138
0
64
0
192
6
2
28
9
0
16
196
76
16
38
16
4
2
8
64
9
8
34
0
16
0
82
36
73
161
6
100
129
201
132
35
204
164
101
2
71
139
41
18
5
98
116
5
96
248
130
186
40
94
168
28
2
186
16
57
79
81
101
52
26
0
224
5
142
69
64
8
138
72
8
72
145
9
4
80
32
65
26
132
9
24
116
33
28
204
6
32
248
163
4
100
35
205
132
3
136
164
101
0
67
143
41
2
5
98
117
5
97
232
130
186
104
78
168
8
10
186
17
33
79
117
228
20
26
66
32
37
142
69
66
8
138
192
16
200
17
8
4
16
0
84
154
140
41
24
48
49
156
204
22
32
249
197
102
99
16
24
18
129
218
194
180
160
51
99
219
129
67
226
228
7
66
65
134
44
23
70
136
36
11
146
8
0
90
112
38
20
186
82
50
5
212
210
66
24
158
72
66
0
204
9
45
20
5
120
26
141
65
16
112
35
156
72
86
34
185
250
80
24
143
239
129
30
129
67
67
57
42
188
6
39
80
127
147
20
212
11
176
131
40
160
213
251
105
147
106
255
48
80
165
28
223
75
101
130
86
34
203
77
41
151
28
204
28
133
134
82
5
46
2
180
235
144
115
56
24
29
10
50
160
1
11
21
4
0
200
161
118
8
148
2
5
0
21
201
130
171
76
129
41
196
32
196
211
73
185
0
0
4
2
1
73
212
0
113
184
20
90
137
44
241
20
56
38
36
130
112
110
153
40
125
5
176
29
157
64
0
66
35
237
64
71
32
250
5
34
17
9
200
192
162
68
64
34
10
4
64
5
137
160
195
68
129
64
192
0
14
128
76
128
12
5
130
8
1
74
117
4
85
186
16
50
9
68
160
84
24
6
68
146
128
68
152
44
24
0
176
29
141
73
0
98
3
180
72
70
32
112
197
121
91
18
21
35
89
250
210
142
164
49
98
202
193
75
98
212
53
71
65
140
172
27
46
139
35
9
211
9
48
121
112
38
188
251
82
117
5
244
210
194
26
14
74
22
64
214
137
61
86
4
104
58
133
65
144
176
43
158
92
20
34
177
66
1
138
154
3
67
92
135
23
226
61
128
16
132
55
62
13
18
48
151
10
145
230
3
24
193
170
72
17
225
22
32
225
48
17
97
3
69
66
96
50
171
100
104
150
28
69
108
87
136
26
5
13
88
244
154
145
35
41
24
21
48
18
227
35
5
243
210
0
134
77
3
230
70
41
64
191
235
148
30
66
35
36
39
134
110
145
103
94
215
39
45
2
184
80
9
66
70
14
155
0
44
119
74
36
98
168
233
31
88
117
159
81
164
16
80
32
0
36
39
25
114
114
57
88
245
25
178
98
5
163
154
2
199
5
7
135
230
25
132
17
174
59
6
95
18
96
38
146
51
214
7
88
193
148
12
3
152
26
72
133
46
67
186
128
72
74
72
32
73
36
168
23
92
37
110
19
168
152
9
178
24
52
210
9
98
106
57
91
197
8
226
129
205
204
14
232
207
215
50
59
85
30
207
142
125
78
168
45
171
188
181
244
109
51
227
243
119
221
118
173
83
199
101
159
121
65
100
223
11
250
41
117
157
43
167
189
112
247
111
177
194
137
79
244
77
26
207
63
215
54
53
242
241
4
202
156
233
238
221
38
185
248
115
29
211
247
250
222
240
124
202
144
153
126
251
151
124
192
243
189
54
131
254
100
247
180
186
250
88
244
202
218
127
250
243
218
191
245
125
179
55
211
47
159
235
161
199
250
93
251
92
17
211
123
255
121
251
203
255
12
35
199
241
48
115
224
254
16
152
222
53
65
84
139
226
131
92
195
106
193
41
204
147
44
136
0
129
84
13
57
223
125
6
53
186
20
242
73
148
145
100
155
6
100
135
67
106
27
44
127
149
209
28
148
8
128
98
43
200
72
6
35
244
211
117
19
93
244
130
91
224
66
101
49
153
194
193
132
26
166
197
28
103
14
169
166
2
206
139
163
125
147
40
0
61
242
53
52
219
66
117
194
215
147
202
137
202
171
24
201
30
129
164
82
199
40
58
149
75
209
122
48
27
92
68
51
185
49
4
81
134
16
68
1
110
134
196
50
85
1
9
144
166
107
212
5
97
0
10
236
32
77
137
36
9
18
10
18
109
84
36
117
154
66
112
9
212
209
80
56
175
8
16
120
236
129
36
88
0
240
26
132
73
16
112
34
188
88
6
32
250
131
213
8
186
23
48
93
10
23
74
57
136
41
136
36
95
128
84
4
81
0
146
160
42
100
133
163
9
83
40
60
41
112
164
156
235
98
100
0
241
34
202
60
73
146
20
196
92
83
168
18
4
104
16
228
40
144
178
57
156
29
86
34
177
37
199
117
136
32
156
5
96
167
68
37
128
141
123
220
4
194
230
64
36
22
96
144
227
88
180
5
124
36
152
80
9
150
68
64
138
192
24
147
8
164
155
40
133
20
152
244
14
146
165
129
8
50
9
131
31
40
66
82
37
80
197
108
219
5
205
20
136
0
204
0
1
43
68
7
68
16
55
92
160
109
66
4
36
6
40
128
99
121
148
5
76
36
138
26
41
144
118
97
138
2
66
203
28
177
149
8
163
4
142
116
46
129
33
227
12
56
1
131
10
56
66
40
41
64
5
32
250
130
203
139
223
232
216
208
142
10
177
47
206
146
242
206
168
139
213
56
43
142
45
234
99
111
195
19
39
23
43
18
14
151
167
81
154
82
219
235
182
243
124
168
117
157
30
253
163
209
172
24
53
245
5
189
106
17
242
50
45
88
85
49
251
156
233
239
213
34
153
216
115
25
211
247
254
222
240
108
234
128
153
126
255
151
124
192
243
173
54
131
254
100
231
188
186
250
82
240
202
202
127
250
243
210
191
253
127
179
63
243
47
159
171
161
215
250
93
251
92
81
211
123
255
121
185
203
223
5
130
9
137
216
208
162
68
40
70
4
12
192
20
171
33
203
84
1
96
192
1
14
80
76
128
24
1
147
10
19
3
213
4
85
186
80
114
9
116
48
84
24
6
84
148
244
100
153
44
24
4
176
29
156
73
16
224
35
188
88
87
34
248
42
208
8
170
23
32
93
15
22
74
57
128
57
10
36
119
0
84
20
81
0
144
164
42
44
128
162
9
83
121
61
105
96
164
156
251
98
101
1
241
18
202
86
72
146
20
192
92
83
60
18
4
40
16
244
0
144
178
41
154
29
30
34
177
179
212
65
6
53
76
17
126
150
84
62
213
33
25
196
182
235
212
5
105
0
138
228
54
109
141
165
9
83
11
19
109
240
36
52
250
66
114
129
244
211
222
56
63
200
18
108
108
137
165
94
4
248
30
151
73
144
242
43
188
88
6
34
249
5
195
69
64
164
156
7
112
34
20
43
66
204
113
92
1
128
229
110
44
86
100
16
243
72
52
5
124
44
12
0
1
218
84
210
138
72
24
146
0
165
18
56
151
84
226
244
78
128
181
129
8
50
9
139
13
40
70
18
133
64
211
100
88
65
19
14
218
39
23
69
62
166
180
37
128
1
216
49
7
6
244
72
46
26
186
228
35
8
160
132
8
49
72
84
89
248
6
144
184
66
64
2
193
146
43
10
22
16
166
65
78
16
41
86
5
50
56
151
2
177
34
43
30
73
196
7
249
210
193
136
150
35
2
94
2
7
130
61
194
18
134
36
26
53
19
52
151
6
189
225
67
137
215
243
93
3
168
148
32
130
61
32
143
138
76
194
193
2
171
165
105
179
28
181
46
87
162
49
199
40
64
112
214
89
51
112
123
49
113
211
203
20
115
17
143
159
33
136
184
198
0
17
55
33
66
153
113
114
214
0
64
65
34
133
68
8
152
96
9
150
10
49
24
112
36
221
154
81
112
9
5
33
64
18
30
68
132
136
76
8
53
84
5
50
130
132
73
128
32
8
4
76
79
38
49
5
34
1
137
216
216
162
68
40
6
2
4
208
20
235
225
194
84
1
96
192
1
14
80
78
128
8
1
146
8
25
11
245
4
85
186
16
114
141
84
176
84
24
6
84
134
224
69
153
44
24
4
176
29
141
73
16
224
35
188
72
71
34
240
5
79
84
136
0
156
7
97
43
68
47
0
156
61
220
164
197
82
4
36
22
96
144
98
89
53
5
120
36
138
24
25
146
84
65
138
0
74
218
8
164
145
56
165
52
138
244
46
131
165
129
12
58
9
131
15
40
66
24
32
64
193
44
248
210
81
154
214
102
3
94
135
3
192
53
210
22
194
38
90
52
147
60
159
2
189
229
3
170
195
234
93
3
168
212
40
178
53
48
223
202
76
210
213
18
203
165
105
187
28
193
110
197
162
115
215
56
98
52
203
209
127
48
91
61
60
147
235
4
114
85
136
24
121
32
220
32
56
170
53
65
23
233
225
235
204
129
96
65
128
44
144
64
141
9
129
145
10
43
86
248
4
215
186
16
242
9
244
166
84
26
22
68
198
100
224
136
45
86
4
154
31
134
73
144
224
9
44
76
70
38
48
178
241
121
254
255
132
95
73
198
103
41
122
181
74
180
85
118
215
4
98
142
186
144
110
140
150
231
123
146
185
245
109
194
182
30
158
194
121
242
215
34
202
197
73
240
28
221
31
129
167
16
71
106
24
151
105
17
243
113
31
124
118
163
177
96
14
162
131
202
199
131
197
172
239
10
6
145
172
187
102
195
85
105
36
152
151
222
41
26
192
28
36
16
152
18
27
97
7
71
187
16
236
37
14
36
96
100
174
15
12
72
177
29
12
24
52
147
88
140
154
0
104
35
60
76
4
24
242
211
85
17
87
254
2
95
200
202
101
29
91
135
196
198
88
166
213
28
38
14
172
160
42
46
214
179
59
147
43
22
61
114
165
60
219
2
101
210
215
19
202
141
90
171
28
205
30
197
133
82
167
40
178
148
107
209
62
56
27
92
4
51
177
131
192
0
10
205
2
2
8
34
2
160
98
160
3
36
1
194
21
5
20
64
134
0
96
64
128
137
1
146
8
1
64
248
36
20
186
66
120
1
244
210
74
24
15
208
84
192
77
17
44
24
4
112
24
204
9
16
240
51
188
24
86
34
121
186
221
110
255
39
189
216
177
189
223
245
202
191
120
116
126
180
187
126
251
63
126
211
247
177
62
231
250
124
247
246
178
238
120
202
228
223
123
248
249
218
223
245
253
242
119
147
63
191
139
152
79
248
141
219
93
51
243
119
255
115
251
234
251
187
214
108
228
255
189
219
56
182
95
245
122
239
121
116
85
244
253
71
241
240
114
177
124
172
186
225
219
254
117
253
233
222
124
158
222
222
113
144
253
222
206
91
159
208
49
210
93
155
191
24
15
104
157
223
93
56
247
119
158
254
223
46
185
34
196
73
138
16
196
21
79
134
70
29
156
17
47
157
222
203
84
1
96
130
0
196
33
108
149
0
9
83
9
16
105
148
36
21
154
66
112
1
86
50
202
24
40
22
20
68
12
17
44
18
4
40
17
164
8
144
226
40
188
88
87
34
243
131
134
196
34
221
168
135
8
44
117
38
67
174
123
6
21
226
117
37
48
192
7
170
104
102
217
25
39
190
9
1
71
149
231
80
16
114
192
45
166
69
84
10
11
73
16
252
193
0
52
88
4
244
6
140
41
56
52
162
188
192
87
36
216
1
14
4
0
9
77
36
97
41
100
42
4
16
61
73
164
131
56
133
96
84
130
152
32
89
116
13
0
160
130
27
81
224
0
65
40
0
66
137
8
36
52
24
166
68
162
100
224
9
45
16
12
147
29
137
8
0
96
3
180
64
70
32
120
190
251
238
213
54
189
220
115
61
215
245
218
223
249
116
78
148
217
126
251
191
124
194
243
189
50
183
254
108
245
244
185
218
120
182
206
206
121
242
251
222
191
253
127
179
39
211
47
159
171
129
207
122
93
251
92
121
215
115
223
123
187
239
255
64
1
146
154
0
6
12
7
2
230
1
128
16
130
179
18
78
82
0
102
10
181
70
3
8
128
166
13
2
8
16
1
82
6
20
187
0
108
3
64
32
66
52
8
55
28
65
14
17
172
48
5
34
24
180
75
144
98
49
29
88
84
33
227
250
56
186
27
38
87
92
135
215
162
133
174
115
150
51
223
253
179
98
211
157
183
119
135
145
119
245
238
65
223
215
226
207
12
195
174
218
8
232
120
120
93
116
45
149
116
183
111
191
238
136
79
242
29
88
81
54
243
115
181
59
243
104
202
60
43
255
152
34
85
160
247
197
198
71
148
85
176
187
230
218
200
67
107
17
208
116
147
157
40
164
200
65
156
58
234
101
4
71
170
218
114
129
220
154
85
16
158
82
166
65
108
155
44
238
11
114
29
149
92
144
242
9
252
89
22
106
241
42
197
237
154
39
213
85
111
231
198
61
152
57
184
53
78
155
244
98
107
18
114
212
39
29
161
133
40
115
152
84
169
194
44
39
186
194
120
193
124
50
91
52
175
150
244
117
110
155
172
154
9
50
25
148
84
48
242
123
221
91
214
42
251
186
218
230
199
255
221
209
179
223
221
94
223
191
126
91
252
255
215
252
187
212
63
191
119
123
247
21
50
191
219
223
255
135
239
123
116
254
219
255
53
213
253
227
246
141
166
253
227
230
213
207
217
190
167
139
223
103
116
254
111
211
45
141
222
66
5
136
154
3
79
84
7
55
66
61
132
24
172
54
190
13
18
48
164
2
209
244
35
88
193
128
76
1
240
158
33
128
54
19
96
3
64
66
104
50
187
44
105
20
28
101
238
87
8
26
4
38
73
176
154
153
99
40
56
17
112
26
235
65
204
138
9
201
194
192
206
28
226
12
140
2
204
79
173
139
21
49
66
198
7
206
107
103
213
25
38
83
11
2
87
215
134
81
75
18
229
111
50
50
124
40
33
93
28
117
227
89
172
26
21
149
93
132
138
16
232
42
189
88
85
18
250
0
1
128
136
1
0
4
7
2
64
0
0
0
0
1
1
12
8
0
132
64
0
68
3
66
0
0
64
0
128
8
0
132
16
19
136
0
0
2
0
32
2
16
128
20
20
1
206
17
40
8
0
48
8
80
8
17
2
10
144
0
65
2
65
42
2
8
42
143
149
142
1
166
58
0
34
185
2
59
85
20
51
66
144
209
114
83
68
80
16
252
32
130
240
133
194
141
40
195
164
251
8
160
96
104
93
86
137
212
117
150
77
184
238
152
9
182
29
216
81
22
243
151
180
58
211
104
66
212
250
223
93
34
83
220
166
91
179
117
218
222
179
87
154
253
203
124
235
143
229
103
155
201
87
245
254
101
143
247
122
211
60
69
238
94
56
248
114
112
92
185
63
247
52
247
111
155
173
13
199
240
29
156
77
84
243
19
221
120
83
96
254
131
198
76
35
255
184
142
24
56
59
40
203
170
127
100
41
65
245
37
177
192
68
137
120
66
223
185
34
222
3
35
115
215
32
92
176
115
120
169
244
114
94
58
47
213
17
244
77
153
173
24
5
240
29
156
73
18
242
55
188
88
87
32
248
39
7
85
138
0
140
5
3
39
68
33
2
157
59
156
22
196
99
32
100
2
68
144
99
88
144
133
93
34
184
80
9
146
84
64
138
128
72
19
72
36
147
56
129
20
24
244
14
19
164
129
8
34
25
19
31
40
98
16
49
88
197
40
234
130
201
139
223
129
200
216
12
11
1
47
206
130
65
78
168
11
85
48
39
14
45
226
99
111
199
19
47
23
43
2
8
151
183
121
90
2
79
234
178
163
252
168
105
189
30
253
179
209
128
24
181
129
5
181
170
17
82
48
45
80
85
19
251
3
2
0
2
5
0
4
4
34
0
33
0
0
3
4
1
68
70
0
128
64
0
160
32
64
128
128
8
144
8
1
1
48
36
144
138
0
0
1
192
6
2
24
9
64
16
192
76
16
36
80
0
32
24
128
9
152
50
34
20
8
82
38
105
250
248
187
91
34
87
220
135
223
178
61
172
127
182
59
250
253
178
98
219
157
179
119
151
145
87
245
234
67
255
215
242
239
44
71
254
218
88
232
122
120
93
116
61
149
116
183
111
189
238
142
79
242
29
216
81
22
243
51
189
121
91
104
250
10
192
8
170
23
49
156
159
52
202
56
128
25
8
33
71
128
84
1
96
192
16
196
56
44
128
162
1
83
1
57
91
116
36
156
235
82
116
1
176
18
202
24
12
82
150
64
88
25
44
30
5
8
24
149
8
144
226
43
156
76
22
34
177
131
6
4
162
201
128
2
0
32
111
32
66
136
105
0
1
0
109
5
96
200
68
10
120
66
152
9
34
184
0
33
71
83
228
16
40
65
160
32
130
68
66
8
137
192
0
216
17
8
68
16
0
68
24
140
41
24
112
51
148
64
86
32
185
2
1
0
130
1
64
4
78
4
2
33
0
0
2
131
1
11
84
0
68
0
128
164
32
76
129
136
9
147
8
0
8
84
4
85
154
0
96
1
68
32
64
24
9
84
20
196
76
17
44
16
4
0
24
148
9
144
98
33
188
72
86
32
240
129
67
16
18
0
0
12
0
34
2
41
194
128
97
4
3
13
98
36
35
2
160
64
98
64
151
145
104
16
10
1
65
210
20
80
170
0
8
98
96
100
10
56
33
180
16
245
111
17
168
16
1
112
24
156
73
17
114
49
53
88
87
32
250
19
84
0
142
55
77
29
62
150
100
63
149
13
30
92
246
111
214
4
97
128
2
228
32
45
141
160
9
83
9
17
109
240
36
52
250
66
114
129
244
211
222
25
46
140
22
196
76
129
164
94
5
120
30
151
73
144
242
43
188
88
6
34
248
163
204
170
43
205
150
133
11
189
127
40
202
170
41
36
13
129
37
53
145
192
71
123
109
118
215
25
38
31
19
3
71
135
238
138
1
122
45
111
170
98
238
42
233
145
80
116
243
113
216
24
8
197
1
236
162
27
212
166
61
146
209
26
251
14
130
8
11
47
145
130
25
164
154
128
38
177
18
59
69
16
58
194
144
209
114
83
212
16
16
212
0
16
220
133
194
143
24
195
164
249
24
169
96
104
29
86
12
84
245
146
77
58
238
136
9
178
29
216
81
22
227
151
180
58
219
108
74
1
99
69
4
32
28
4
80
98
4
39
66
204
113
84
1
162
225
100
100
18
100
16
226
88
52
133
56
164
140
0
1
146
100
66
154
72
24
131
204
164
26
56
135
192
224
244
14
128
165
129
10
48
25
139
9
40
114
16
148
72
87
36
216
0
10
131
129
136
89
130
228
12
228
82
6
145
20
91
128
139
81
65
66
204
145
206
64
9
212
24
32
128
130
19
91
69
4
81
40
16
202
232
10
48
21
4
38
69
132
36
33
155
8
25
5
147
29
156
64
0
96
57
185
64
7
32
246
193
205
142
91
141
152
85
24
61
167
44
202
138
233
68
15
0
117
61
43
142
111
234
105
99
215
19
38
121
3
1
23
211
195
184
65
67
141
126
178
114
190
40
111
155
88
125
179
81
137
48
52
77
233
173
174
25
156
50
63
208
85
19
187
3
192
10
9
6
17
156
132
16
190
40
128
16
0
35
35
0
84
1
106
128
176
204
56
44
128
162
0
81
1
57
123
117
36
28
232
82
117
1
176
146
74
24
12
82
150
64
88
25
40
30
5
24
24
149
72
144
226
43
156
76
22
34
177
13
143
230
213
51
217
213
254
43
212
151
212
222
253
235
202
233
212
96
111
22
124
198
243
105
127
145
56
60
78
22
57
222
102
113
154
82
88
219
92
53
61
184
39
141
164
117
238
153
172
9
13
178
29
152
76
56
118
50
253
89
13
36
218
165
227
99
26
84
22
129
250
196
148
48
178
67
219
149
13
66
68
39
102
64
134
164
55
78
137
5
1
147
8
0
89
240
38
20
186
82
48
5
244
242
66
24
158
88
16
80
204
9
45
20
0
88
24
141
73
16
240
35
156
88
86
34
185
1
204
138
75
201
216
196
26
57
171
44
200
130
205
108
173
137
117
61
43
142
71
202
105
99
215
27
38
85
3
3
71
215
194
217
65
82
205
239
50
115
190
104
45
31
30
125
179
81
152
58
52
157
229
140
170
17
200
170
175
80
85
3
251
131
204
142
75
205
144
197
26
57
191
44
202
138
235
36
41
1
117
61
43
142
71
234
105
99
215
19
38
93
11
3
71
215
198
152
65
66
141
127
178
114
234
40
109
159
88
125
179
81
216
26
52
205
225
142
174
25
196
162
15
208
85
2
187
193
205
142
14
96
95
210
162
59
21
63
206
158
61
78
168
141
35
188
165
116
69
115
224
251
119
157
118
173
19
202
33
223
89
65
96
223
11
250
168
214
157
41
167
181
122
247
109
179
202
9
79
221
77
88
142
127
223
50
53
242
241
74
202
191
213
109
196
55
63
95
56
182
95
245
218
205
121
52
85
148
253
86
241
240
118
144
246
172
178
229
90
124
117
245
233
222
124
158
238
202
121
144
241
222
203
27
13
208
112
212
79
155
191
24
15
104
29
223
93
56
183
51
158
250
219
110
185
170
236
170
27
47
87
148
135
215
165
173
232
115
158
51
255
255
178
98
211
245
151
119
135
145
119
245
42
67
223
215
242
173
44
67
190
218
24
233
122
120
93
100
173
213
116
183
111
185
238
138
15
242
29
88
81
50
243
243
189
187
211
104
202
3
197
136
26
1
2
68
6
2
2
41
136
48
130
36
27
77
18
32
148
2
49
65
3
64
129
226
77
19
40
128
32
148
150
16
2
34
64
2
66
34
170
44
105
22
28
53
14
81
130
18
4
36
0
112
162
153
3
40
49
16
112
146
67
129
2
0
129
200
128
2
128
40
37
2
67
128
97
2
1
68
73
5
96
200
128
10
104
74
136
8
2
144
0
33
71
113
164
80
56
65
194
5
130
196
0
8
14
64
0
200
145
1
4
16
36
69
26
141
41
16
112
33
20
68
22
32
249
163
82
65
130
213
0
15
24
198
14
57
50
161
11
148
21
107
230
36
68
72
130
128
36
78
213
189
41
146
8
96
41
80
44
30
187
66
52
1
84
32
74
16
139
214
16
148
92
0
164
16
0
32
24
142
65
144
50
49
28
92
87
32
176
4
2
0
128
128
72
0
65
0
0
10
4
0
5
89
161
1
8
1
64
64
128
8
128
64
20
4
0
128
130
11
16
96
34
67
168
0
2
9
0
0
48
16
130
68
70
36
224
0
4
16
0
145
25
0
8
0
64
1
180
64
70
32
32
131
6
4
35
205
164
3
0
32
111
32
67
138
105
0
5
0
108
5
97
200
66
184
104
70
154
9
34
186
1
33
87
81
224
24
48
49
160
33
130
68
66
8
137
192
16
216
81
8
76
24
0
68
24
140
41
24
176
51
156
192
87
32
185
108
43
247
113
88
255
224
246
216
188
198
55
210
247
219
234
202
201
251
111
253
141
79
215
223
106
158
167
104
135
50
206
95
7
101
187
21
190
253
124
252
116
184
38
109
171
99
227
191
108
169
241
241
29
25
72
70
236
19
229
72
55
97
254
254
48
117
247
254
165
91
244
198
45
81
59
253
234
179
82
242
215
90
98
203
171
167
60
142
202
238
127
210
45
245
255
115
165
52
255
210
117
177
215
19
74
201
30
235
12
201
29
141
164
94
7
96
186
148
107
208
247
57
156
124
6
50
181
131
4
0
35
205
164
163
128
36
111
32
67
138
105
0
5
64
124
5
97
232
2
186
104
70
154
9
34
146
1
33
87
113
164
24
48
49
160
33
138
197
64
8
138
192
16
216
17
8
4
24
0
68
18
140
41
24
176
35
156
196
86
32
185
211
221
139
95
37
154
95
10
155
131
61
202
170
139
68
26
4
87
60
31
142
47
224
99
105
215
187
63
83
43
0
57
146
183
184
81
98
77
246
243
114
234
169
105
155
24
117
63
87
154
51
133
45
225
253
174
81
190
56
123
81
85
147
191
3
197
136
26
1
2
92
6
2
2
37
136
48
130
36
27
77
18
32
149
2
49
97
3
64
129
226
77
19
40
128
32
148
150
16
0
34
68
2
64
34
170
44
105
22
92
21
14
81
130
18
4
36
64
112
162
153
3
40
49
16
112
146
67
210
41
155
215
34
82
216
167
90
163
119
218
87
178
91
250
127
130
96
203
143
181
103
135
217
87
245
251
67
175
150
250
247
28
69
174
94
24
234
112
112
92
177
45
181
52
177
111
155
174
137
195
240
29
88
89
20
243
19
249
120
83
96
250
50
16
65
130
21
132
15
25
198
70
57
50
161
14
148
87
115
215
4
68
8
2
144
100
12
213
189
45
18
24
97
41
64
36
158
155
66
56
1
84
32
66
48
171
135
24
180
28
16
164
16
0
32
24
140
65
0
50
49
152
92
87
32
178
34
1
130
154
3
198
12
7
7
194
17
132
17
174
51
30
93
18
32
134
2
23
214
3
24
193
178
76
3
184
20
9
134
22
3
130
128
76
74
72
32
73
36
232
23
28
37
174
83
136
152
9
54
0
52
210
137
98
104
49
17
65
26
226
74
6
130
131
203
197
130
133
44
255
10
7
145
172
59
228
75
81
137
36
72
147
158
40
26
197
24
36
146
194
51
23
101
163
95
49
48
230
45
0
97
69
76
42
79
140
72
177
13
8
88
36
151
90
140
170
144
104
34
60
69
13
16
176
130
201
142
75
103
91
210
146
58
145
60
207
186
118
110
169
13
147
60
159
68
85
99
243
99
87
89
118
237
99
134
34
159
120
195
96
127
75
238
161
210
159
42
61
145
246
245
109
245
219
143
7
189
101
218
219
55
215
190
61
112
121
214
219
163
197
138
11
207
192
197
136
38
65
173
234
170
79
38
29
13
51
52
151
194
15
187
97
118
215
83
47
147
58
66
19
143
238
154
16
98
77
110
42
99
106
44
233
157
88
253
179
81
218
16
13
149
128
248
163
57
147
244
55
144
249
158
75
99
22
97
130
23
6
15
73
134
70
17
18
177
10
176
87
114
245
68
100
24
130
144
100
28
176
169
9
146
152
113
41
64
36
22
186
194
120
1
92
32
66
16
143
64
0
192
76
17
164
16
8
34
24
143
81
16
114
49
156
78
150
40
176
6
169
16
2
0
202
0
7
74
0
39
68
18
51
204
176
15
2
4
5
7
0
37
3
219
131
0
77
35
170
128
0
148
20
65
138
0
66
202
138
130
152
8
65
176
30
224
46
209
36
103
22
48
1
49
171
16
83
0
32
80
80
115
201
158
233
44
212
38
157
88
49
31
131
183
202
218
48
124
234
148
153
118
219
151
118
113
211
185
54
133
122
96
255
158
176
202
28
194
206
202
91
250
241
210
191
245
45
178
118
183
111
159
235
129
79
250
29
219
92
51
243
115
255
121
251
238
203
190
241
108
222
55
157
91
57
255
243
181
250
255
122
116
94
176
151
118
251
159
118
209
118
181
214
247
127
115
255
247
232
203
60
134
254
218
121
250
245
90
223
245
45
211
117
181
111
159
175
154
15
250
29
222
93
16
243
123
189
121
155
234
251
16
11
147
221
32
213
168
231
3
208
3
148
80
148
217
130
239
208
128
107
134
44
196
147
201
24
166
72
4
138
20
26
246
22
113
154
16
122
202
68
176
124
177
38
46
132
65
110
153
168
61
87
178
29
148
72
1
98
19
237
89
71
33
242
66
4
138
139
203
194
130
133
28
235
2
15
144
140
43
39
76
81
17
4
200
133
206
41
2
192
24
36
146
1
51
19
101
163
25
49
51
103
5
0
160
68
4
8
7
28
72
177
93
8
24
4
149
73
140
234
144
104
43
60
68
4
16
224
6
33
16
2
0
200
4
3
2
0
11
4
0
6
196
50
75
2
4
4
3
32
1
3
68
212
129
77
2
42
128
0
0
20
81
138
0
0
75
66
32
144
4
97
36
28
36
46
65
32
96
0
32
0
32
162
24
35
0
32
8
1
112
10
67
4
130
139
201
192
130
133
12
235
2
13
144
140
43
5
76
81
1
4
200
129
158
40
66
128
24
36
146
0
59
23
101
161
89
49
49
103
5
32
128
68
0
8
69
28
72
145
25
8
88
36
149
72
140
162
144
96
43
60
68
68
18
161
197
204
130
9
201
74
160
206
40
168
8
141
2
205
239
169
11
61
177
2
196
135
238
41
67
221
24
38
145
3
2
86
213
131
89
1
16
134
109
34
35
60
40
34
93
90
125
225
89
12
122
52
149
79
132
138
144
200
160
45
68
69
19
242
211
201
155
223
224
6
88
166
66
133
53
154
214
225
22
26
36
195
60
103
14
173
230
131
174
130
166
124
131
40
20
57
242
53
60
219
74
101
210
214
147
234
137
90
171
28
201
30
195
128
83
199
40
26
21
235
193
114
56
89
92
4
19
177
50
20
40
130
23
141
3
9
134
70
19
54
177
14
176
119
114
119
0
68
24
50
210
100
28
128
172
13
18
154
83
41
4
44
215
154
2
104
9
84
32
209
52
169
4
28
36
45
145
172
16
12
162
25
156
81
16
50
50
184
24
151
40
250
220
251
223
217
50
19
216
247
51
154
164
154
94
176
171
203
226
212
105
47
4
213
196
179
137
3
179
72
93
76
54
58
254
6
245
250
82
124
211
116
242
95
56
62
18
150
81
236
159
173
62
5
242
29
157
77
16
240
59
93
93
92
34
243
124
62
246
249
216
255
166
247
78
252
202
61
212
182
219
222
251
209
235
110
221
5
207
189
207
93
188
173
82
12
243
239
215
7
85
191
80
254
237
118
52
84
56
38
93
142
127
247
157
172
60
181
242
29
157
73
64
250
35
189
88
71
33
246
20
11
149
130
32
223
0
39
2
68
7
20
21
54
153
224
116
210
64
44
2
1
194
227
185
0
4
76
36
136
152
41
148
20
81
138
64
82
139
84
145
145
8
6
32
142
97
14
145
36
165
12
48
9
147
75
48
66
42
12
72
13
38
249
131
66
1
2
201
0
3
8
160
2
32
66
160
3
38
1
66
100
5
64
64
130
8
96
70
128
8
1
146
8
1
64
240
4
84
186
0
32
1
224
66
66
24
8
80
80
128
69
16
44
24
4
80
25
140
9
16
240
51
188
72
86
34
121
16
11
147
213
0
65
168
231
3
128
83
21
80
132
155
162
239
194
0
75
6
12
196
131
201
8
166
72
0
128
26
24
118
54
113
186
20
110
202
68
145
116
177
38
46
132
1
238
153
40
125
213
178
28
20
72
129
98
11
249
73
5
1
242
242
209
136
246
7
2
92
11
199
98
53
240
63
202
52
94
116
18
52
215
130
62
225
7
182
130
227
15
83
185
212
104
130
46
134
222
202
77
82
211
18
235
181
105
154
28
133
14
83
162
146
195
104
24
116
81
25
179
121
219
57
48
138
171
131
132
68
34
205
160
135
8
48
89
168
67
170
105
2
5
96
37
37
176
224
4
186
104
70
143
25
35
186
0
3
71
149
224
88
48
115
0
45
172
69
84
10
139
192
17
252
193
24
180
24
4
244
6
140
41
56
176
182
188
128
87
36
88
34
134
32
3
143
144
134
9
164
90
128
99
160
26
35
5
192
51
3
144
209
18
27
68
80
16
88
35
146
216
129
66
141
40
195
164
249
8
41
32
104
21
18
137
84
113
150
77
56
238
152
9
246
13
216
81
50
178
151
180
58
211
44
72
138
218
76
131
255
57
154
176
60
95
58
75
156
56
120
225
212
251
69
177
245
116
17
240
65
54
169
50
220
86
247
243
254
40
222
160
91
122
169
241
214
95
90
30
208
118
210
77
152
173
24
5
242
29
217
89
22
243
55
180
88
219
32
249
2
1
193
138
3
76
1
79
132
68
23
20
17
46
187
228
130
84
1
100
64
128
192
34
76
128
128
1
146
8
24
9
52
36
85
154
66
114
1
20
128
80
28
8
68
150
224
76
17
36
88
4
16
25
149
8
16
98
41
188
72
6
34
241
66
129
138
154
3
195
216
7
6
194
17
128
16
130
39
30
77
18
32
150
2
49
199
3
16
129
242
76
19
232
148
32
133
54
19
0
34
76
66
64
32
107
36
104
23
28
1
46
87
136
26
5
54
0
240
242
145
99
40
49
17
105
146
227
2
1
0
130
1
0
12
78
0
2
33
0
0
0
129
2
11
84
1
68
0
128
132
32
76
129
129
9
18
8
48
8
80
4
20
154
0
96
1
4
32
64
24
9
86
20
196
12
17
44
16
4
0
24
132
8
144
98
33
188
76
86
32
176
2
1
73
138
17
4
5
78
132
70
17
16
17
14
157
70
139
84
1
100
0
0
192
35
76
128
0
9
19
8
16
9
148
36
21
154
66
112
1
20
32
194
24
9
84
148
100
76
17
36
18
4
32
24
148
8
144
98
43
156
72
70
34
241
163
204
170
43
207
158
197
10
185
127
44
202
170
57
102
13
137
53
61
177
196
87
123
109
119
215
25
38
255
83
3
71
135
234
154
65
122
13
47
186
115
254
106
233
153
80
116
241
113
216
26
12
221
1
239
162
51
212
166
61
210
217
26
251
14
130
8
11
175
145
130
145
36
154
160
34
184
18
59
97
16
187
67
144
209
114
19
212
0
20
221
32
152
222
135
210
239
8
195
164
123
24
169
96
108
29
54
13
212
245
178
109
184
174
152
1
242
29
216
89
22
243
23
180
58
211
104
74
19
6
16
134
1
76
1
5
6
68
55
81
1
59
16
182
111
214
4
33
128
2
228
32
77
137
40
73
18
8
17
109
84
36
116
154
66
112
9
212
209
80
56
143
136
0
124
108
129
164
92
4
112
26
148
73
16
114
34
188
88
7
32
250
130
201
142
74
239
91
208
18
59
17
30
207
190
119
110
169
13
147
60
189
68
85
161
99
99
87
89
118
253
99
158
32
158
121
209
96
127
75
254
177
211
157
107
53
157
22
245
237
247
219
143
135
189
101
218
207
119
215
190
61
81
57
214
203
34
5
33
162
3
4
1
9
164
70
1
2
185
170
49
70
24
52
65
80
24
146
144
36
20
144
144
9
2
184
48
137
0
44
6
186
128
104
1
72
36
64
20
137
64
84
128
12
17
44
144
8
2
24
84
16
8
34
49
185
8
215
40
98
10
3
193
138
19
69
1
79
132
68
3
20
17
46
187
68
138
84
1
100
64
16
192
34
12
128
0
1
18
8
24
9
20
36
85
154
64
114
1
20
32
65
28
8
68
132
228
76
17
36
88
4
2
24
148
8
16
98
43
188
72
6
32
240
210
248
223
223
34
81
216
167
123
179
61
218
94
178
115
250
253
130
126
251
141
245
103
151
233
87
245
251
99
175
151
114
247
60
71
254
90
89
232
242
114
93
49
61
149
118
183
111
155
174
143
67
240
29
152
89
20
243
51
189
120
83
96
250
35
20
120
130
23
133
3
12
166
196
7
4
177
14
177
87
234
118
0
37
144
51
210
100
28
176
40
13
18
24
89
41
5
36
23
154
2
106
9
92
16
209
28
136
1
16
96
44
145
44
24
12
48
25
156
65
56
50
58
184
24
151
42
250
122
17
138
182
7
131
88
43
70
162
85
148
59
194
52
90
116
146
48
211
134
62
193
7
142
130
226
13
82
185
212
104
2
174
36
158
202
108
194
215
146
203
245
72
154
28
129
46
215
162
19
199
42
24
52
81
145
51
121
251
57
52
130
167
1
204
142
9
137
216
196
142
57
187
44
201
130
173
111
137
9
124
177
40
196
6
206
105
99
213
25
34
29
3
2
71
213
194
121
65
50
197
111
34
115
190
42
39
31
208
124
177
81
152
126
52
141
197
141
174
145
200
170
45
68
69
3
178
129
65
16
22
0
0
12
2
34
130
41
194
0
1
4
19
47
66
36
35
2
32
64
66
72
151
177
104
2
42
1
81
210
20
80
186
0
8
234
96
96
72
56
33
180
16
245
111
17
168
48
1
240
24
156
73
17
115
50
181
88
87
32
234
0
10
2
129
136
73
162
228
12
228
82
6
144
4
91
160
9
89
1
64
196
129
206
64
9
212
24
0
128
130
19
91
85
0
81
40
16
74
204
2
176
21
20
38
69
132
100
97
155
8
25
5
147
29
156
64
0
96
59
185
64
7
32
246
133
206
130
9
201
72
160
206
40
185
10
207
2
133
207
169
11
108
169
0
196
133
110
9
67
205
24
2
149
3
3
86
245
131
89
33
48
134
109
34
195
52
8
54
93
210
60
241
88
72
124
52
149
71
132
170
144
200
160
44
68
69
3
112
131
213
8
31
151
128
221
8
35
67
5
202
170
79
36
29
9
119
52
23
10
46
160
99
102
215
19
57
19
42
6
49
146
119
184
219
2
77
90
51
35
234
44
105
159
28
252
54
64
147
18
36
9
162
228
174
153
18
56
15
20
125
151
171
62
41
139
159
34
81
216
175
222
138
95
180
113
134
123
250
29
146
96
155
13
176
199
135
153
213
247
233
67
250
150
186
231
28
71
230
222
88
234
112
48
93
181
44
183
148
145
110
155
170
139
195
178
29
124
81
4
243
27
121
121
81
104
242
154
233
139
223
38
81
216
135
223
147
61
248
127
50
123
250
253
146
98
219
5
178
103
150
181
71
245
235
71
255
150
242
245
44
71
254
90
121
233
116
122
93
49
61
212
118
181
108
153
174
142
3
240
29
216
89
16
243
51
189
121
83
96
250
5
206
130
9
201
192
164
206
40
185
8
205
130
133
143
169
9
108
161
0
192
7
110
73
66
213
25
34
149
2
2
70
213
131
121
1
48
132
111
34
33
36
40
163
29
208
60
177
80
80
124
52
149
66
132
162
145
72
162
37
68
69
1
114
19
20
16
134
33
204
22
5
38
68
45
65
4
59
4
149
111
214
0
33
128
0
228
32
40
129
168
73
19
8
17
109
244
36
52
154
66
80
129
212
19
218
8
15
128
22
196
76
129
164
94
5
48
24
149
73
16
114
34
188
88
6
32
249
254
50
247
247
254
165
155
245
222
253
83
63
255
194
147
208
242
215
90
230
201
137
167
156
142
136
254
255
210
253
245
191
117
45
60
255
222
119
161
215
209
72
81
30
201
142
201
29
141
164
94
135
112
190
149
105
208
246
49
156
92
6
32
181
170
203
142
198
39
91
208
15
63
81
62
205
63
190
124
236
29
146
124
189
4
94
177
103
51
215
25
50
63
251
30
32
156
237
115
80
98
83
254
176
211
189
100
117
157
142
116
232
197
147
199
156
159
7
227
190
51
85
172
61
83
61
150
218
163
206
138
43
207
124
132
143
61
91
36
202
170
25
38
141
137
109
45
149
64
87
126
112
114
213
25
34
191
80
2
2
133
232
218
96
123
0
45
32
98
30
42
185
85
81
54
192
120
216
28
8
213
229
203
186
54
192
166
52
86
209
94
91
175
245
109
136
54
55
31
16
182
87
181
202
207
57
52
77
144
245
70
241
241
118
16
246
44
50
165
30
124
92
117
225
214
124
150
170
202
120
177
241
86
203
62
13
209
112
244
79
154
189
24
15
104
61
222
93
56
183
51
159
251
219
110
251
19
20
24
134
39
206
95
12
22
100
61
5
29
14
52
183
103
214
16
96
192
34
164
34
44
136
160
77
83
41
85
105
240
36
20
250
66
115
128
212
146
218
24
14
192
22
196
78
145
164
94
5
120
24
149
73
144
114
59
188
88
6
34
249
84
5
147
23
32
70
26
165
134
202
19
20
1
198
19
182
61
198
64
6
26
171
230
130
152
193
182
72
129
184
18
40
100
61
109
191
154
36
194
69
48
72
33
174
167
44
161
62
145
172
94
3
160
26
20
67
128
114
32
57
124
4
32
242
70
97
17
22
0
10
12
11
66
2
9
32
32
134
132
18
103
2
4
212
3
128
1
3
196
212
225
73
2
42
128
0
0
20
5
154
8
4
3
68
32
192
20
105
38
28
164
14
65
38
112
2
40
16
100
43
152
35
24
48
8
0
112
32
6
134
32
1
223
145
130
153
164
18
170
98
168
18
33
37
192
177
71
144
209
50
17
84
80
20
93
34
148
222
3
82
173
40
195
164
88
24
41
32
108
21
50
141
212
101
182
77
184
172
136
9
242
29
216
89
18
242
22
180
42
83
108
88
193
204
140
10
64
90
18
34
123
1
47
206
154
181
78
170
13
35
52
149
4
69
67
193
241
119
153
118
41
162
130
0
158
88
65
64
11
10
238
40
118
188
41
161
181
122
246
105
179
202
169
75
149
73
88
158
127
95
148
49
48
241
88
74
20
35
16
130
0
28
0
67
66
64
7
4
80
54
216
18
118
130
0
236
3
4
65
67
157
16
4
73
34
142
152
32
128
4
99
154
0
90
11
92
128
145
16
4
0
140
32
46
129
37
161
8
48
25
162
27
16
99
24
52
72
1
98
202
38
6
32
0
159
144
130
25
164
18
130
98
160
26
43
5
192
49
67
144
209
50
18
68
80
16
93
33
144
92
3
66
141
8
195
164
248
24
41
32
108
21
18
133
84
101
180
77
56
190
136
9
242
29
216
81
54
2
150
180
42
211
108
72
254
209
108
216
55
157
95
25
191
227
181
250
255
56
116
95
144
181
118
251
159
247
211
118
53
214
241
63
115
255
119
232
203
44
134
238
202
121
233
243
90
223
117
45
209
125
245
47
159
174
144
13
250
29
222
93
16
243
115
189
121
219
42
219
130
201
138
223
129
200
216
12
11
131
45
206
130
193
78
168
9
85
52
15
14
45
226
97
111
215
19
43
23
42
2
8
150
183
121
203
2
77
238
34
35
250
168
105
159
30
125
178
81
128
114
180
137
67
180
170
145
72
48
105
84
85
19
187
135
134
0
33
205
160
135
8
32
73
170
99
168
75
34
37
192
41
37
144
225
6
26
96
70
252
25
35
186
2
3
67
159
32
80
176
49
0
41
172
101
20
26
139
192
81
246
65
24
172
24
4
240
5
200
65
58
144
183
180
136
215
36
72
2
192
8
168
7
48
140
20
48
218
0
128
0
4
33
1
0
92
1
96
192
16
196
56
96
128
0
0
85
0
57
83
117
4
156
170
83
116
1
176
18
106
24
12
82
148
64
88
25
44
30
5
1
24
149
8
144
226
43
156
76
86
34
177
2
0
10
137
10
145
130
132
16
186
4
4
16
0
41
33
0
88
1
98
192
16
204
56
40
128
8
0
81
1
57
83
117
32
25
40
82
98
1
160
146
70
24
12
82
150
64
72
25
40
30
5
24
29
141
72
144
194
43
156
64
6
34
241
135
198
76
10
253
184
134
24
56
27
40
235
138
127
100
9
193
237
37
177
193
68
8
120
66
95
57
38
220
10
35
83
223
32
92
176
115
120
169
244
118
94
58
47
213
81
244
77
153
173
24
5
240
29
157
73
18
242
55
188
88
87
32
248
130
201
138
207
33
200
220
143
15
129
47
200
146
48
78
168
137
84
60
47
6
13
230
97
111
215
19
39
23
43
18
8
150
247
121
91
66
79
238
178
163
190
168
121
159
30
125
178
209
128
118
181
153
71
181
170
145
72
32
109
85
93
19
251
42
20
8
170
23
33
8
31
4
106
129
32
49
138
35
71
64
116
1
208
136
146
208
0
4
128
160
9
18
88
61
65
65
4
150
170
2
104
1
81
32
67
84
8
82
85
0
76
24
44
24
4
34
24
244
16
144
34
43
152
9
146
42
97
45
215
109
204
38
31
95
113
55
86
45
204
29
61
124
239
148
244
68
105
148
112
144
242
121
182
165
90
125
250
93
105
210
116
214
170
194
122
216
249
214
223
57
47
176
150
228
111
145
173
144
15
250
29
159
93
56
246
51
188
91
222
42
249
170
232
170
27
38
85
156
135
238
162
189
236
123
54
123
254
253
178
98
211
21
178
119
150
149
71
245
43
67
254
215
242
165
44
71
190
218
24
233
124
122
93
116
45
212
118
181
108
185
174
136
11
242
29
208
81
16
243
49
189
123
91
104
218
194
6
2
131
201
192
130
133
8
251
2
7
144
4
43
161
77
17
137
4
72
129
142
8
66
208
24
36
144
2
3
23
101
161
89
33
49
194
12
0
225
68
0
26
5
140
72
177
24
8
88
36
151
74
140
170
146
72
34
52
68
69
16
48
18
16
88
142
39
133
27
44
22
100
21
21
29
46
25
118
246
214
0
96
192
34
196
32
44
136
168
77
83
41
93
105
245
36
53
186
66
115
129
212
146
203
29
14
192
150
192
76
145
36
91
5
56
24
149
73
16
114
59
184
88
6
34
241
250
117
113
247
254
165
95
137
214
255
113
251
255
194
182
86
246
215
28
243
207
169
163
30
140
138
230
255
210
121
245
191
99
189
28
255
218
125
162
247
210
74
213
78
242
28
201
31
141
174
24
71
98
154
157
105
208
243
115
159
124
86
50
189
135
134
0
0
221
128
135
24
32
17
170
99
162
89
64
5
192
41
37
144
225
6
24
96
66
117
73
38
176
14
1
83
159
32
208
160
112
0
41
172
100
20
58
135
209
81
244
77
152
172
24
5
240
29
200
65
50
146
54
180
24
211
36
72
35
196
236
10
149
196
5
28
164
69
164
232
172
41
36
13
203
36
35
113
248
66
83
101
84
245
85
49
59
26
64
1
140
108
131
190
130
8
41
124
126
202
56
169
213
113
244
36
49
164
24
8
224
24
220
5
56
178
55
189
186
215
44
75
16
11
17
154
0
88
8
34
75
130
59
132
16
38
89
178
71
130
0
9
134
48
193
194
201
21
161
8
2
170
147
88
210
4
65
138
8
74
202
64
160
92
49
33
182
22
52
110
147
168
33
7
178
29
61
72
0
115
18
241
89
83
96
234
210
81
10
220
38
83
88
134
2
194
57
138
18
128
54
122
4
214
60
111
10
184
164
34
12
131
179
120
147
42
54
57
240
52
180
203
66
100
66
209
50
234
189
93
186
28
192
60
71
169
118
135
10
26
182
74
145
241
57
94
93
84
0
177
3
146
9
41
181
248
37
92
184
17
12
141
129
29
141
161
139
204
1
104
200
2
202
113
108
221
24
33
119
2
35
8
149
36
209
186
66
49
41
53
49
156
58
39
85
144
124
32
24
148
28
36
240
157
158
40
16
162
43
156
88
71
38
250
171
214
108
136
54
183
31
16
54
87
53
202
207
57
52
77
128
245
70
229
241
116
17
240
72
50
173
62
120
92
85
97
214
76
150
170
202
120
161
241
86
203
62
13
209
112
244
79
146
188
24
13
226
25
158
93
56
182
51
156
88
211
110
251
18
169
139
139
34
81
152
175
222
138
187
252
113
4
123
250
29
130
98
147
4
16
103
198
189
213
241
41
3
250
150
186
228
60
79
142
94
104
234
112
112
93
53
41
150
22
181
108
155
174
136
3
178
29
124
81
20
243
18
121
57
89
96
250
131
206
138
10
205
120
132
151
57
90
40
203
8
27
47
141
137
104
161
148
80
195
62
96
66
85
25
32
189
18
2
0
141
72
211
96
113
0
45
32
102
62
58
181
85
240
54
192
112
28
12
8
149
199
202
136
54
128
6
36
6
209
78
75
129
206
130
9
137
72
164
198
40
9
8
205
2
5
143
169
11
104
161
0
64
1
110
73
67
221
25
34
149
2
2
71
213
131
121
0
48
132
109
34
33
52
40
179
45
208
60
176
64
80
124
48
149
194
132
162
147
200
160
37
68
69
3
98
34
233
139
139
38
81
156
135
222
146
189
236
121
22
123
250
153
144
98
155
5
16
119
198
181
197
245
41
7
254
150
178
228
44
71
174
218
120
232
112
114
93
52
45
150
118
181
108
155
174
138
3
178
29
220
89
16
243
50
189
121
91
104
250
133
142
130
9
201
72
160
196
8
25
10
79
2
21
203
169
11
72
129
0
68
129
46
72
67
204
24
2
149
2
11
22
245
131
121
96
48
134
77
32
195
52
10
54
76
146
44
240
72
80
124
52
149
71
141
34
146
72
36
36
68
69
3
120
129
204
10
9
129
128
164
192
41
131
44
202
130
169
68
11
1
40
165
105
10
6
58
105
97
215
17
34
17
3
2
23
210
210
56
64
1
141
46
170
115
170
40
161
190
88
92
177
65
137
48
52
93
194
164
174
25
200
32
45
4
85
3
171
38
2
32
0
207
145
130
25
166
16
162
98
161
24
41
37
64
33
67
144
209
114
16
196
80
52
93
36
160
158
3
80
142
8
195
174
88
24
41
40
108
21
16
133
85
113
180
77
184
172
136
9
178
25
216
81
34
66
22
180
42
211
108
88
35
196
168
10
7
204
133
13
230
196
173
232
57
14
47
173
137
48
34
209
241
34
87
68
85
229
21
41
3
158
67
0
141
44
71
158
218
40
233
60
122
92
52
169
212
112
181
108
185
174
152
9
240
29
88
81
48
178
114
189
58
215
40
74
129
206
130
9
137
200
164
198
41
137
40
201
2
45
111
137
9
104
161
32
192
2
110
105
99
213
25
34
149
3
2
7
213
194
121
64
48
165
45
34
103
54
40
51
31
80
124
176
65
80
126
52
133
199
165
42
153
200
32
37
68
69
3
162
16
43
17
138
32
88
136
35
67
130
27
132
17
22
89
162
31
130
64
11
132
48
65
194
217
20
133
8
0
138
147
88
194
4
65
138
24
74
202
64
160
92
49
36
182
150
52
110
155
168
161
3
178
29
56
88
0
99
18
241
88
83
96
226
132
14
135
193
168
93
160
231
56
217
78
69
18
53
203
160
11
92
141
41
68
136
174
56
43
137
24
2
173
67
27
95
117
195
121
96
52
215
93
128
213
53
74
22
40
134
104
240
73
17
127
180
215
70
134
12
199
76
32
76
68
12
1
252
4
10
3
137
0
220
164
229
9
208
106
137
208
53
91
130
141
72
225
41
156
0
78
136
89
85
29
224
5
134
19
22
69
16
121
0
20
203
236
2
165
52
161
183
47
134
126
176
131
201
229
242
149
79
33
44
199
73
8
97
65
97
65
230
34
230
109
202
38
159
31
49
119
86
63
194
221
53
124
70
148
211
76
233
212
112
16
242
217
36
172
30
108
152
29
105
210
84
214
170
202
122
144
248
214
223
25
13
208
150
228
79
147
173
16
15
120
29
159
93
24
246
51
188
88
210
106
249
130
200
142
138
7
91
80
15
63
65
63
204
62
190
110
236
13
18
60
189
6
86
249
97
51
215
25
50
63
251
30
32
156
238
99
80
98
67
254
162
211
189
108
113
157
94
116
160
197
3
199
156
159
3
227
190
57
68
172
60
1
25
150
218
132
194
76
0
239
155
130
17
174
19
162
98
156
51
108
33
192
161
71
176
209
86
17
244
81
52
13
38
172
158
129
82
254
40
70
174
90
26
169
224
214
30
24
15
208
118
208
77
185
173
152
1
242
29
201
89
18
242
19
180
88
83
104
89
131
221
8
222
55
9
93
10
14
67
45
202
50
138
100
255
5
118
52
93
14
190
160
35
37
215
163
41
19
42
20
57
130
54
188
219
66
77
194
147
35
235
180
121
158
30
60
190
69
147
114
148
11
163
231
162
145
34
56
127
21
92
145
178
