posters/Movie Poster 115.jpg
512
769
256
-144.075
-1
0
211
479
0.00270854
31
-29.1135
-1
0
242
177
0.0031374
31
80.2283
-1
0
291
298
0.00500502
31
160.56
-1
0
186
102
0.00318403
31
45.7279
-1
0
347
302
0.00291511
31
173.101
-1
0
194
408
0.00361322
31
-165.396
-1
0
207
171
0.00211912
31
109.944
-1
0
166
336
0.00214258
31
-123.024
-1
0
200
296
0.0029149
31
60.9303
-1
0
123
312
0.00488297
31
-16.2081
-1
0
281
469
0.00303587
31
-20.3616
-1
0
277
468
0.00281877
31
71.4089
-1
0
294
295
0.00577866
31
-142.46
-1
0
206
299
0.0047822
31
152.313
-1
0
207
404
0.00774385
31
-73.9471
-1
0
162
294
0.00376866
31
-82.515
-1
0
227
146
0.00682724
31
178.17
-1
0
202
322
0.00447317
31
-64.2393
-1
0
231
143
0.00799067
31
-135.329
-1
0
209
483
0.0030562
31
-62.128
-1
0
160
387
0.00258778
31
-22.6646
-1
0
274
462
0.00495553
31
-70.5983
-1
0
153
293
0.003697
31
97.125
-1
0
312
284
0.00464953
31
-161.216
-1
0
208
455
0.00483649
31
178.33
-1
0
199
320
0.00361638
31
-40.3894
-1
0
250
114
0.0031451
31
136.517
-1
0
197
114
0.00210233
31
-29.8009
-1
0
215
111
0.0110944
31
-94.2024
-1
0
349
256
0.0025069
31
35.9605
-1
0
290
289
0.00368013
31
-8.44319
-1
0
224
108
0.00947065
31
120.677
-1
0
192
308
0.00396148
31
52.1672
-1
0
293
292
0.0093448
31
-178.742
-1
0
203
308
0.00599674
31
93.1134
-1
0
113
106
0.0087036
31
-99.3624
-1
0
343
258
0.00397963
31
109.267
-1
0
110
105
0.00812825
31
-30.0686
-1
0
238
99
0.00240905
31
176.719
-1
0
212
443
0.00326126
31
64.7595
-1
0
234
104
0.00627689
31
134.525
-1
0
175
104
0.00572517
31
-101.648
-1
0
220
139
0.00228482
31
136.826
-1
0
171
104
0.00675594
31
72.9841
-1
0
142
104
0.00734174
31
88.5971
-1
0
138
104
0.00670772
31
78.8384
-1
0
377
103
0.00589145
31
106.771
-1
0
373
103
0.00703449
31
-91.927
-1
0
353
258
0.00353069
31
38.7742
-1
0
243
103
0.0061326
31
48.7605
-1
0
336
279
0.00215323
31
5.80673
-1
0
253
224
0.00215605
31
-121.404
-1
0
165
404
0.00212663
31
-5.32102
-1
0
256
102
0.00635266
31
-12.2648
-1
0
213
101
0.00434585
31
-72.6121
-1
0
160
292
0.00323716
31
-15.4993
-1
0
219
100
0.00249449
31
13.0791
-1
0
202
99
0.0034755
31
-48.1341
-1
0
155
377
0.00438231
31
-163.112
-1
0
212
455
0.00399511
31
-28.7766
-1
0
256
98
0.00874301
31
32.8923
-1
0
363
278
0.00229038
31
100.476
-1
0
170
340
0.00441995
31
-59.104
-1
0
301
527
0.00384568
31
-117.08
-1
0
166
402
0.00340758
31
101.628
-1
0
138
309
0.0036286
31
32.3807
-1
0
151
309
0.00377711
31
175.439
-1
0
209
437
0.00261682
31
42.85
-1
0
159
309
0.00272327
31
112.567
-1
0
170
309
0.00445722
31
-55.6161
-1
0
300
522
0.00641362
31
-94.9697
-1
0
347
260
0.00384905
31
84.2894
-1
0
186
310
0.00235881
31
-48.8647
-1
0
298
520
0.00525992
31
4.57392
-1
0
301
290
0.00572171
31
-117.106
-1
0
221
145
0.00509604
31
-52.1738
-1
0
140
291
0.00572204
31
102.011
-1
0
168
335
0.00262333
31
153.582
-1
0
191
394
0.00307082
31
-6.72042
-1
0
289
471
0.00302608
31
146.091
-1
0
192
109
0.00254747
31
-10.2568
-1
0
219
109
0.0106871
31
64.0663
-1
0
353
280
0.0028534
31
175.796
-1
0
210
442
0.0067225
31
26.4894
-1
0
359
272
0.00333699
31
-6.58194
-1
0
298
287
0.00353155
31
48.4917
-1
0
345
304
0.00272065
31
-163.528
-1
0
211
172
0.00590879
31
-107.418
-1
0
241
119
0.00305489
31
111.49
-1
0
205
124
0.00259572
31
100.934
-1
0
196
104
0.00436805
31
-54.9593
-1
0
141
293
0.00274032
31
-137.806
-1
0
207
296
0.00484716
31
112.187
-1
0
208
125
0.00634541
31
-19.6067
-1
0
281
458
0.00214259
31
-70.8645
-1
0
154
291
0.00263768
31
179.655
-1
0
204
313
0.00234819
31
-27.3324
-1
0
216
108
0.010268
31
49.0467
-1
0
356
281
0.0027985
31
87.1376
-1
0
197
107
0.00299786
31
53.7014
-1
0
325
314
0.00204631
31
-6.34916
-1
0
284
474
0.00196558
31
171.523
-1
0
193
322
0.00200057
31
-24.2879
-1
0
276
459
0.00199065
31
-13.5704
-1
0
290
466
0.00201836
31
-142.773
-1
0
208
290
0.00187448
31
-59.2478
-1
1
301.2
526.8
0.00317413
37.2
120.793
-1
1
170.4
309.6
0.00319511
37.2
179.777
-1
1
211.2
442.8
0.00372815
37.2
-80.4583
-1
1
226.8
145.2
0.00639429
37.2
-110.142
-1
1
222
145.2
0.00371995
37.2
100.499
-1
1
136.8
309.6
0.00424877
37.2
-66.5487
-1
1
230.4
144
0.00706638
37.2
-56.9293
-1
1
300
522
0.0045391
37.2
-175.262
-1
1
202.8
308.4
0.00592507
37.2
179.882
-1
1
201.6
322.8
0.00421838
37.2
164.113
-1
1
192
308.4
0.00342942
37.2
41.1859
-1
1
312
284.4
0.00359324
37.2
-163.874
-1
1
211.2
171.6
0.00411642
37.2
-22.5625
-1
1
297.6
286.8
0.00322655
37.2
-44.1931
-1
1
154.8
378
0.00349646
37.2
-50.0071
-1
1
297.6
519.6
0.00361583
37.2
128.723
-1
1
207.6
124.8
0.00359817
37.2
10.6197
-1
1
290.4
289.2
0.00446352
37.2
0.674037
-1
1
302.4
289.2
0.00481447
37.2
178.332
-1
1
199.2
319.2
0.00413026
37.2
-143.012
-1
1
206.4
298.8
0.00362614
37.2
64.6223
-1
1
291.6
297.6
0.00568076
37.2
155.669
-1
1
207.6
404.4
0.00672769
37.2
43.2466
-1
1
294
295.2
0.0047113
37.2
-161.565
-1
1
207.6
456
0.00368319
37.2
24.7174
-1
1
294
291.6
0.0061182
37.2
59.7681
-1
1
123.6
312
0.00421314
37.2
-165.213
-1
1
211.2
453.6
0.00413304
37.2
-144.019
-1
1
211.2
480
0.00233514
37.2
107.049
-1
1
138
313.2
0.00231604
37.2
-67.9727
-1
1
159.6
386.4
0.00215498
37.2
-73.9952
-1
1
162
294
0.00226069
37.2
169.895
-1
1
194.4
408
0.00221999
37.2
-93.6572
-1
1
346.8
259.2
0.00254805
37.2
157.691
-1
1
190.8
394.8
0.00238111
37.2
-138.688
-1
1
208.8
482.4
0.00231525
37.2
34.6308
-1
1
159.6
309.6
0.00261319
37.2
-89.7454
-1
1
354
258
0.00224838
37.2
-93.3062
-1
1
349.2
256.8
0.00295102
37.2
-30.0386
-1
1
242.4
176.4
0.00267943
37.2
-111.441
-1
1
165.6
402
0.00249669
37.2
-12.5382
-1
1
289.2
471.6
0.00257066
37.2
124.052
-1
1
166.8
336
0.00273848
37.2
-24.5196
-1
1
274.8
463.2
0.00296679
37.2
123.77
-1
1
205.2
123.6
0.00174609
37.2
-14.6447
-1
1
284.4
474
0.00187768
37.2
-147.912
-1
1
213.6
480
0.00176198
37.2
179.499
-1
1
204
313.2
0.00178081
37.2
-27.1724
-1
1
276
459.6
0.00196197
37.2
-165.815
-1
1
207.6
171.6
0.00174753
37.2
-71.6959
-1
1
159.6
291.6
0.00185277
37.2
-107.751
-1
1
322.8
519.6
0.00181011
37.2
-117.3
-1
1
162
408
0.00154017
37.2
-24.0648
-1
1
280.8
458.4
0.00162153
37.2
50.7847
-1
1
325.2
314.4
0.0017317
37.2
35.7485
-1
1
366
279.6
0.00159708
37.2
-97.1388
-1
1
343.2
258
0.00152444
37.2
-165.438
-1
2
211.68
453.6
0.00285737
44.64
-158.562
-1
2
207.36
455.04
0.00273603
44.64
-29.9587
-1
2
276.48
459.36
0.00212259
44.64
114.809
-1
2
168.48
338.4
0.00463039
44.64
-170.69
-1
2
192.96
308.16
0.00281017
44.64
-26.0922
-1
2
276.48
462.24
0.00293466
44.64
-15.4002
-1
2
295.2
288
0.00202525
44.64
131.798
-1
2
165.6
335.52
0.00220598
44.64
161.977
-1
2
208.8
406.08
0.00685365
44.64
-179.87
-1
2
201.6
322.56
0.0032001
44.64
-140.397
-1
2
207.36
289.44
0.00237045
44.64
174.751
-1
2
200.16
318.24
0.00450313
44.64
-176.283
-1
2
210.24
443.52
0.00305603
44.64
-33.6901
-1
2
312.48
283.68
0.00257627
44.64
-63.1419
-1
2
158.4
385.92
0.00190875
44.64
180
-1
2
207.36
434.88
0.00191934
44.64
-169.349
-1
2
194.4
430.56
0.00235276
44.64
177.762
-1
2
194.4
408.96
0.00199463
44.64
1.09469
-1
2
302.4
290.88
0.00332618
44.64
160.641
-1
2
169.92
309.6
0.00293442
44.64
-47.9357
-1
2
155.52
378.72
0.00272201
44.64
7.72183
-1
2
159.84
309.6
0.00280866
44.64
-30.7572
-1
2
243.36
177.12
0.00204372
44.64
-170.858
-1
2
203.04
308.16
0.00424087
44.64
-58.8514
-1
2
300.96
521.28
0.00305337
44.64
-162.335
-1
2
211.68
169.92
0.00313319
44.64
-60.4436
-1
2
300.96
525.6
0.00311423
44.64
-5.06942
-1
2
290.88
289.44
0.00584736
44.64
-67.5155
-1
2
230.4
144
0.0059739
44.64
-86.1246
-1
2
226.08
144
0.00528534
44.64
17.4119
-1
2
295.2
292.32
0.00423496
44.64
-141.937
-1
2
205.92
298.08
0.00234602
44.64
-63.9046
-1
2
288
273.6
0.00326824
44.64
-104.792
-1
2
165.6
401.76
0.00215369
44.64
-111.409
-1
2
221.76
145.44
0.00300221
44.64
29.7449
-1
2
293.76
295.2
0.00350758
44.64
-16.1004
-1
2
289.44
472.32
0.00177154
44.64
-18.7093
-1
2
280.8
479.52
0.00177116
44.64
162.154
-1
2
191.52
396
0.00157866
44.64
155.526
-1
2
201.6
401.76
0.00172844
44.64
-166.208
-1
2
207.36
171.36
0.00158313
44.64
21.5078
-1
2
358.56
272.16
0.00163276
44.64
-140.1
-1
2
208.8
482.4
0.00162197
44.64
49.9697
-1
2
336.96
279.36
0.00162446
44.64
36.1309
-1
2
365.76
279.36
0.00160284
44.64
-92.6484
-1
2
349.92
256.32
0.00156241
44.64
-89.4299
-1
2
354.24
257.76
0.00154139
44.64
-148.5
-1
3
207.36
456.192
0.00315291
53.568
-64.0529
-1
3
302.4
523.584
0.00339401
53.568
-160.184
-1
3
210.816
452.736
0.00294804
53.568
-19.5024
-1
3
286.848
466.56
0.00244457
53.568
-4.4556
-1
3
302.4
290.304
0.00373696
53.568
-18.8315
-1
3
293.76
288.576
0.00246283
53.568
-24.444
-1
3
290.304
288.576
0.00248781
53.568
-163.191
-1
3
202.176
309.312
0.00470554
53.568
-39.5226
-1
3
311.04
285.12
0.00245383
53.568
178.766
-1
3
200.448
317.952
0.0035879
53.568
-166.891
-1
3
209.088
444.096
0.00290173
53.568
-60.6514
-1
3
288.576
274.752
0.00347998
53.568
165.295
-1
3
207.36
404.352
0.00435034
53.568
-177.302
-1
3
202.176
323.136
0.00216283
53.568
-57.195
-1
3
298.944
521.856
0.00316961
53.568
-134.128
-1
3
207.36
480.384
0.00150717
53.568
-152.68
-1
3
193.536
307.584
0.00187242
53.568
115.949
-1
3
174.528
347.328
0.00199199
53.568
-170.595
-1
3
203.904
438.912
0.00203065
53.568
-21.4902
-1
3
281.664
478.656
0.00200115
53.568
-137.291
-1
3
205.632
297.216
0.00183589
53.568
163.974
-1
3
200.448
402.624
0.00212095
53.568
-26.5651
-1
3
274.752
463.104
0.00197151
53.568
36.1932
-1
3
336.96
279.936
0.00166837
53.568
-166.766
-1
3
207.36
171.072
0.00183053
53.568
-32.4289
-1
3
243.648
176.256
0.00179391
53.568
177.814
-1
3
193.536
409.536
0.00177106
53.568
-171.983
-1
3
207.36
433.728
0.00126841
53.568
173.786
-1
3
190.08
395.712
0.00131232
53.568
-21.5677
-1
3
278.208
468.288
0.00123606
53.568
-63.8915
-1
4
302.746
522.547
0.00287157
64.2816
-18.6819
-1
4
290.304
290.304
0.00116358
64.2816
-17.1896
-1
4
304.819
290.304
0.00334435
64.2816
173.29
-1
4
207.36
404.352
0.00418672
64.2816
-134.727
-1
4
205.286
296.525
0.001394
64.2816
-23.1336
-1
4
282.01
479.002
0.00188073
64.2816
-128.326
-1
4
207.36
479.002
0.00174748
64.2816
-130.068
-1
4
211.507
474.854
0.00139569
64.2816
-162.91
-1
4
207.36
433.382
0.00149099
64.2816
-22.6767
-1
4
290.304
468.634
0.00204284
64.2816
-22.7276
-1
4
286.157
466.56
0.00202218
64.2816
-27.8304
-1
4
275.789
462.413
0.00153534
64.2816
-60.367
-1
4
288.23
273.715
0.00312765
64.2816
-151.907
-1
4
211.507
452.045
0.00229534
64.2816
-32.8332
-1
4
269.568
449.971
0.00124328
64.2816
-32.5249
-1
5
268.739
447.898
0.00119554
77.1379
256
64
3
198
109
217
190
156
143
17
41
254
41
138
136
121
125
5
129
117
32
106
198
116
16
122
77
215
151
55
22
58
49
83
215
20
223
170
210
120
232
35
36
126
40
173
215
148
245
123
24
173
24
5
243
29
158
24
16
226
51
189
88
211
104
178
3
0
128
130
1
128
4
4
6
64
5
4
16
44
32
16
109
18
0
144
192
0
194
97
80
128
128
72
0
128
1
65
149
36
81
32
2
72
0
72
0
16
12
43
132
20
229
78
17
0
24
4
180
8
152
73
17
114
50
176
0
87
0
234
17
87
16
94
1
136
12
3
67
72
33
1
32
67
4
16
111
2
160
146
198
40
1
67
192
31
227
72
2
32
128
65
138
54
113
176
33
8
82
97
37
106
185
227
44
16
245
78
0
162
80
70
32
8
26
1
7
35
86
163
16
101
129
2
69
1
138
56
1
66
32
6
0
170
8
132
16
164
39
42
9
8
1
194
192
149
70
3
66
0
128
0
65
4
42
64
247
16
1
168
19
104
64
96
18
40
28
40
84
84
167
110
25
44
24
5
176
25
92
8
16
226
59
181
24
82
98
227
227
212
41
11
204
198
135
144
206
167
44
206
163
13
22
47
103
231
103
193
216
167
123
204
88
119
189
46
19
27
67
103
199
44
71
190
90
40
237
254
114
92
32
175
213
120
181
101
153
172
24
1
240
29
156
67
48
242
51
189
216
215
32
250
235
212
111
171
223
245
159
216
252
127
184
202
175
109
54
125
255
245
119
112
248
87
190
124
118
253
61
62
251
83
119
255
197
108
159
125
210
101
125
123
126
206
126
175
213
113
252
181
156
156
26
13
234
189
140
85
184
180
115
189
222
223
46
185
8
1
8
216
34
151
124
71
36
198
5
132
16
116
61
7
128
220
1
98
134
48
192
51
76
138
130
12
80
0
49
105
246
52
21
170
66
122
192
80
178
122
24
14
212
148
193
78
153
172
24
5
112
29
149
73
16
226
59
157
88
86
34
243
194
18
130
52
77
162
46
27
144
187
192
67
194
193
2
19
228
9
163
211
192
47
90
95
70
10
246
230
80
4
161
198
79
187
110
53
125
172
32
228
73
68
50
139
203
97
147
91
56
226
24
1
228
92
28
73
23
179
151
149
38
119
128
106
7
148
136
26
31
128
29
8
166
162
133
234
169
10
36
87
8
53
32
145
192
119
210
99
68
146
209
39
18
56
5
67
135
188
151
170
50
72
235
115
96
26
38
105
149
80
181
107
16
174
24
5
176
17
252
81
56
178
182
189
24
211
172
74
20
43
145
132
8
200
128
71
10
0
11
85
64
86
201
176
107
2
128
0
134
40
200
67
207
212
16
77
2
42
3
76
7
167
113
154
0
194
235
6
33
52
128
99
45
4
189
235
193
36
97
116
180
1
16
3
0
66
2
33
64
5
33
254
59
21
109
182
223
175
91
120
246
70
213
84
253
105
52
85
230
213
7
100
198
42
129
119
14
154
166
29
210
24
113
41
210
44
20
186
66
112
193
244
208
218
24
15
208
20
225
78
153
164
24
5
224
29
156
73
24
242
51
189
88
86
34
249
50
17
69
150
223
141
27
57
230
70
19
22
173
109
16
21
230
212
5
116
64
34
129
118
76
154
164
8
210
24
49
41
82
44
84
186
74
114
193
212
80
80
24
14
192
20
229
78
153
164
24
5
224
29
156
73
16
242
51
189
88
22
32
248
1
199
16
94
33
144
68
3
98
80
33
129
32
83
5
19
102
130
132
146
67
40
1
67
192
18
227
72
2
40
128
16
186
22
16
176
49
72
18
96
38
42
184
199
176
148
209
78
0
163
0
71
52
8
202
73
7
115
22
151
16
96
163
9
7
134
8
160
189
176
14
64
32
67
33
66
136
73
4
1
128
237
4
224
130
100
16
123
68
146
163
47
22
44
33
65
87
180
158
138
66
56
32
3
36
74
56
141
208
80
244
27
16
188
16
0
96
16
158
9
16
210
50
157
88
87
32
178
64
14
130
131
200
223
134
161
10
120
10
71
144
116
91
160
79
19
161
32
196
5
138
192
91
85
29
38
128
130
19
66
215
36
65
48
81
66
237
104
112
84
40
47
85
20
244
225
153
140
24
4
244
13
156
201
16
112
51
181
64
87
32
250
4
131
152
92
40
144
252
2
50
186
41
195
128
113
5
2
36
139
160
131
196
44
66
211
193
87
183
226
0
6
131
98
223
16
65
32
81
136
234
96
112
28
56
39
245
116
183
111
153
236
8
67
244
29
152
73
23
243
19
181
120
115
97
250
131
0
1
7
153
128
5
12
2
1
1
88
162
7
130
17
107
68
4
1
10
8
170
104
78
149
57
43
146
8
1
13
20
167
60
154
0
101
39
150
1
192
8
11
8
24
124
144
64
36
80
36
0
130
164
43
144
48
32
40
76
5
32
186
201
206
142
137
64
87
166
182
60
254
46
137
24
185
123
175
205
216
121
230
92
131
164
176
75
125
157
32
209
6
50
115
248
32
81
248
83
114
165
112
242
94
56
62
85
182
82
236
153
173
30
5
248
29
141
73
16
240
43
188
88
86
34
249
131
196
0
14
201
72
130
12
58
1
44
205
34
11
6
185
103
22
20
17
192
0
171
96
102
129
40
43
147
43
3
111
149
165
48
82
34
67
47
246
195
222
8
11
152
22
252
133
193
36
90
4
188
2
164
235
16
112
32
60
16
85
50
249
3
198
77
219
63
188
159
24
173
254
33
202
137
89
109
79
128
245
32
43
134
116
80
122
69
151
147
51
23
58
53
91
215
68
223
138
82
120
250
51
118
126
42
45
151
212
245
123
24
189
24
5
224
29
223
28
16
226
50
159
88
215
104
179
124
191
254
221
50
183
253
119
245
245
197
249
255
251
179
79
251
241
251
111
191
127
83
247
155
107
246
191
124
221
244
231
207
111
38
191
214
60
255
125
124
127
243
231
191
121
87
239
253
174
169
219
243
60
152
94
127
255
115
223
251
245
173
218
32
23
5
150
30
37
15
57
230
110
17
3
41
72
49
7
230
214
65
98
80
162
145
54
72
168
164
8
210
24
49
105
114
36
84
186
82
112
1
84
112
66
24
14
196
4
193
79
153
172
24
5
112
28
156
73
16
242
51
156
88
86
32
248
4
131
4
80
40
152
134
32
56
184
42
67
128
117
9
0
4
139
128
163
197
36
66
210
65
22
129
98
12
6
129
66
223
18
81
32
81
24
234
96
116
60
40
39
244
20
247
107
153
236
8
1
244
29
152
73
23
211
23
181
88
115
97
122
16
97
17
24
0
64
12
35
66
130
41
132
64
196
77
162
5
10
64
134
6
160
5
131
217
69
231
200
1
134
130
16
234
18
65
4
9
0
202
72
34
40
177
225
54
114
167
110
147
202
33
83
48
9
64
81
135
67
0
113
48
112
195
32
138
206
108
237
255
253
222
209
61
251
189
202
138
88
108
237
137
221
61
251
204
116
146
120
109
223
153
54
221
119
55
115
215
112
221
105
82
121
232
51
114
126
122
63
213
150
244
123
153
189
28
5
217
189
159
73
16
242
51
191
88
95
38
187
73
202
206
137
70
119
166
246
61
254
108
137
28
189
127
239
237
220
121
108
88
209
140
48
75
125
61
32
249
66
50
123
240
37
85
249
83
118
37
112
50
94
56
62
85
150
70
196
157
45
94
5
216
31
133
73
144
228
43
156
92
70
34
241
209
48
213
2
221
42
39
122
242
5
236
115
238
191
134
25
102
231
181
100
104
197
131
244
194
252
121
188
250
0
224
41
220
101
16
254
5
24
21
244
117
214
26
7
205
49
252
197
144
164
9
20
96
62
15
77
60
188
55
184
24
87
36
216
3
6
0
2
141
128
128
8
0
42
128
68
160
76
33
1
0
32
0
146
192
34
91
75
64
16
0
6
2
0
1
70
15
168
67
32
56
8
40
10
96
0
0
136
68
81
145
75
56
110
24
1
180
0
88
65
54
2
150
149
128
211
96
74
145
199
28
4
32
95
24
51
50
85
53
193
30
49
68
40
108
138
36
173
80
64
32
243
248
51
225
218
45
6
212
49
216
112
16
32
219
64
152
232
214
158
57
135
240
20
242
108
129
137
15
7
248
73
154
205
31
215
18
148
80
115
66
233
5
207
154
88
32
216
44
66
32
187
40
202
194
229
36
11
205
201
165
99
206
36
66
211
65
95
179
238
64
6
35
66
215
18
81
40
17
104
232
96
112
60
56
47
245
20
247
111
153
168
24
5
240
29
156
73
17
242
51
181
88
83
33
250
147
240
17
38
148
0
10
8
66
2
33
114
96
3
132
49
102
70
4
0
3
160
33
68
196
128
224
73
131
40
129
0
16
132
220
158
40
0
3
199
131
74
0
73
178
24
160
28
64
54
64
34
36
130
116
99
128
51
16
32
28
80
114
33
17
219
12
220
38
157
93
112
62
22
63
136
29
120
124
139
181
252
126
109
14
242
160
50
41
55
165
120
117
165
84
41
210
48
82
72
194
121
178
233
178
159
57
63
180
182
244
14
129
129
150
7
104
93
151
29
49
211
57
188
113
214
0
185
4
42
213
65
40
217
160
116
169
180
202
21
64
53
219
160
139
8
195
42
213
105
78
210
201
40
20
194
44
134
11
78
95
82
97
40
20
154
249
14
189
52
136
182
36
162
119
99
186
104
173
114
151
93
27
12
39
72
134
229
192
99
101
94
19
245
16
14
17
0
136
0
66
0
33
226
32
67
133
49
102
130
4
146
3
32
1
66
196
128
224
73
130
40
137
112
182
132
84
146
40
10
131
229
131
90
8
64
176
22
192
79
128
238
0
71
52
0
121
107
6
51
20
32
24
112
227
73
200
10
6
129
201
75
162
176
12
28
74
7
16
76
91
160
229
89
13
100
72
131
172
48
74
76
44
4
208
2
58
19
112
37
81
185
83
98
141
196
209
84
24
30
68
6
234
196
137
44
88
5
209
31
140
73
16
112
35
188
76
6
32
248
218
59
223
245
126
123
252
246
90
191
87
86
79
213
27
154
125
207
56
111
206
253
230
147
175
219
182
254
124
97
182
234
215
54
209
232
95
127
250
113
240
221
187
127
245
132
245
111
159
172
15
199
240
61
159
73
85
246
59
255
88
23
69
254
197
7
8
80
8
18
38
64
32
187
34
66
130
241
32
3
196
137
165
99
204
164
64
82
65
94
179
102
64
4
33
66
211
18
80
40
81
104
224
96
112
28
56
47
209
84
247
111
153
172
24
5
240
29
156
73
19
242
51
181
88
83
32
250
90
25
155
253
118
115
126
246
144
182
85
158
215
212
63
90
63
223
56
111
14
253
198
19
143
219
182
252
83
97
54
170
215
21
149
235
87
125
242
113
112
255
247
109
255
156
229
110
223
168
59
215
243
253
188
219
81
190
59
251
89
87
87
255
120
17
187
129
194
71
211
238
214
132
215
22
245
12
59
112
118
151
83
68
112
149
195
196
190
160
252
200
194
212
214
169
109
44
3
252
30
107
76
88
152
209
21
10
69
44
161
108
159
44
139
137
176
29
28
81
120
48
57
184
0
143
106
248
194
138
134
133
232
200
154
129
56
185
2
79
138
101
75
161
173
201
33
226
204
5
142
120
75
92
185
102
208
3
35
118
215
49
81
56
83
34
232
96
241
28
24
174
213
22
254
121
153
140
24
1
240
93
156
73
16
242
51
189
80
87
0
250
226
217
138
186
7
74
76
15
71
74
57
140
51
134
54
251
85
87
52
149
6
149
225
3
7
199
235
45
19
250
22
224
130
174
155
225
106
76
110
225
34
233
228
105
158
30
53
238
86
170
146
128
143
33
100
178
209
176
32
122
21
120
216
34
161
14
166
20
9
206
164
103
52
253
14
197
2
253
18
166
43
72
165
35
212
47
250
115
89
95
148
6
24
146
3
71
199
32
97
48
144
138
232
236
81
60
56
167
237
16
245
107
153
164
88
9
240
29
156
72
17
242
115
189
74
87
32
250
199
69
75
147
209
0
139
200
170
195
33
186
161
138
225
99
66
85
52
103
10
132
132
32
12
148
59
41
146
10
18
27
112
7
60
219
0
125
7
150
34
98
40
24
18
28
72
148
65
45
48
53
25
186
164
106
144
40
40
28
76
20
48
177
129
205
206
93
32
207
253
246
188
253
36
201
30
249
214
142
43
252
181
107
244
47
230
51
121
255
149
54
121
3
51
127
215
33
112
248
82
121
248
252
243
254
56
167
249
48
253
107
153
172
94
5
248
31
157
76
49
242
51
189
88
87
35
251
17
218
222
75
253
248
243
248
190
185
254
223
174
93
73
169
102
215
173
59
228
111
206
123
43
254
97
118
124
67
99
127
255
226
209
48
119
219
249
245
247
92
235
54
213
131
241
107
186
189
29
5
244
173
159
77
35
246
183
175
208
87
166
223
25
208
158
251
63
179
255
190
20
187
212
239
174
92
39
73
110
223
177
27
228
63
206
123
32
218
242
102
93
65
53
127
255
34
145
48
119
249
232
113
114
95
251
46
213
21
209
111
186
190
24
5
244
189
220
73
19
178
191
159
88
95
166
223
219
186
215
229
252
242
250
244
120
191
82
93
206
85
155
177
111
205
153
107
204
105
238
249
175
203
190
247
254
5
51
127
119
225
253
57
126
247
253
245
213
92
155
30
203
134
217
123
154
189
93
135
240
191
159
77
196
246
51
223
92
87
52
254
219
216
131
255
63
160
254
252
24
187
121
223
130
196
7
123
38
221
53
107
206
173
238
123
45
202
178
63
83
97
55
127
119
165
188
121
119
255
232
247
211
238
235
110
235
22
217
123
138
180
91
133
236
190
157
73
193
178
187
251
92
71
38
183
4
3
146
24
0
208
44
71
0
162
33
128
192
193
137
2
13
9
161
66
206
37
66
211
65
95
179
236
0
6
161
66
215
18
81
40
17
168
232
96
32
60
56
39
245
20
247
111
153
168
56
65
240
29
28
73
1
243
19
181
88
115
97
106
19
209
139
254
55
160
221
30
82
138
29
184
40
70
7
91
11
86
16
155
130
57
199
15
44
199
162
25
83
41
53
107
247
166
188
211
106
109
82
55
50
234
175
104
182
148
197
122
82
186
90
199
44
160
52
108
153
163
58
91
29
101
183
167
3
128
0
2
1
72
4
6
2
0
41
192
32
6
4
51
77
2
36
145
129
32
97
66
64
85
193
104
2
42
129
64
132
188
65
0
41
8
42
194
32
24
36
33
148
80
182
110
16
226
0
4
164
0
112
131
18
19
150
48
16
113
96
74
3
197
8
148
34
85
28
2
34
70
41
192
18
100
36
35
133
234
36
227
70
32
112
131
64
7
161
104
1
6
176
97
242
48
80
40
90
104
232
224
114
30
56
47
212
22
247
110
153
136
24
5
240
29
152
73
17
211
51
181
80
114
0
232
156
58
85
245
252
248
254
240
90
57
95
119
205
87
216
176
247
207
206
234
205
44
131
220
237
94
247
255
204
39
167
254
87
120
93
190
95
187
248
85
89
92
147
63
229
167
255
127
170
255
141
227
240
157
154
73
70
211
19
231
120
55
101
254
154
251
27
203
246
113
156
210
126
155
169
206
231
4
241
121
127
215
108
47
65
148
5
88
167
215
251
107
150
110
182
50
114
36
223
223
90
124
233
117
112
76
114
61
215
132
244
125
140
189
20
5
234
183
140
91
144
240
48
31
93
93
96
178
12
5
32
148
34
205
28
3
38
66
43
4
16
228
112
167
5
88
68
165
22
56
48
35
17
71
163
72
0
242
20
1
66
48
83
136
128
102
194
192
16
33
52
47
166
6
229
46
21
128
16
13
34
89
148
8
145
67
112
53
65
56
9
160
5
203
28
92
40
153
252
16
58
186
45
203
128
81
108
41
164
203
160
163
196
44
66
219
193
87
163
98
68
7
177
98
223
16
81
32
83
216
234
96
114
62
56
47
244
116
247
111
153
236
24
71
244
29
152
73
23
243
51
181
88
115
97
251
128
7
164
148
36
204
29
23
39
71
41
64
15
173
20
39
181
238
68
37
26
34
240
35
88
231
166
92
17
176
24
1
96
48
82
168
194
36
130
193
86
138
17
175
166
18
229
78
144
128
84
1
96
88
150
25
145
83
114
156
80
84
10
184
4
3
2
88
0
0
36
194
0
130
40
2
0
193
129
3
3
72
160
6
2
172
72
131
72
21
23
32
0
14
0
16
82
18
109
138
0
172
71
0
32
32
40
97
38
216
21
162
16
40
48
112
1
88
36
10
129
8
0
7
68
96
65
162
252
175
255
213
104
223
251
227
221
245
87
223
223
247
219
206
251
193
127
111
191
109
219
255
219
127
183
191
108
159
118
255
199
39
103
191
222
255
255
126
252
124
225
231
255
56
253
187
223
236
169
251
241
125
156
223
69
254
115
255
219
117
185
254
3
206
10
233
236
244
158
209
40
255
41
202
128
80
109
41
137
125
41
235
204
37
82
88
69
215
147
38
85
38
51
83
215
48
223
40
82
120
232
33
112
124
58
61
213
212
245
123
152
141
24
5
209
29
156
72
16
194
51
189
80
87
32
250
218
250
95
237
246
123
186
240
94
155
251
221
111
148
249
249
127
214
127
111
13
128
165
60
175
223
107
235
215
7
178
186
240
37
255
223
82
119
237
245
243
92
50
62
222
142
250
180
141
189
86
5
248
191
135
73
144
240
33
188
92
86
32
176
210
128
130
139
201
130
130
133
10
97
53
202
146
51
6
24
100
147
56
148
200
5
203
97
74
193
248
110
130
169
131
111
151
165
81
48
82
72
172
98
96
30
40
9
145
28
253
37
145
140
25
5
180
9
152
235
80
242
50
60
80
85
48
251
136
18
146
101
237
160
168
92
176
185
192
67
226
65
2
17
228
205
171
155
192
47
74
95
198
10
118
230
92
69
161
198
95
171
56
53
117
172
108
100
201
68
106
14
203
101
155
211
56
216
24
5
244
188
156
73
23
210
151
151
210
119
128
127
29
1
154
186
3
193
244
46
17
184
86
181
48
22
137
66
239
26
161
19
197
53
198
195
73
89
208
196
64
192
149
107
159
0
65
176
55
72
233
124
112
29
181
35
85
21
55
111
187
172
137
5
240
29
88
65
54
242
63
249
25
23
32
202
156
251
93
245
252
248
250
112
90
187
95
95
205
87
216
240
244
207
206
235
199
108
131
222
237
94
247
255
76
39
183
254
215
248
221
190
127
187
248
117
217
92
187
126
245
167
255
127
186
255
9
195
248
157
158
73
70
211
19
239
120
55
101
254
2
133
136
10
73
2
4
7
34
2
32
128
32
67
6
25
77
2
32
144
192
35
83
67
66
85
241
108
3
0
128
64
157
8
3
32
41
0
32
96
32
10
56
169
85
81
183
78
17
202
24
0
36
8
88
137
19
227
150
149
16
115
192
66
86
0
17
134
217
194
14
72
2
33
17
52
129
70
128
16
107
7
0
68
138
41
138
8
78
212
58
45
146
42
1
12
0
165
61
155
0
160
7
70
33
64
0
73
13
28
172
16
64
4
80
32
37
242
36
163
192
42
0
49
12
69
48
36
201
206
142
109
238
241
186
177
56
185
86
79
158
53
107
168
236
221
25
234
204
133
142
120
107
92
188
126
220
67
51
126
247
49
81
121
83
123
232
96
209
92
88
30
213
134
218
125
153
141
28
5
240
31
156
73
16
242
51
189
80
87
2
250
70
80
0
14
221
200
14
12
10
33
9
40
160
70
140
17
107
23
0
16
139
41
138
8
68
213
123
45
147
42
1
4
1
165
93
27
32
192
47
70
33
192
4
105
5
28
188
19
64
214
80
36
39
226
36
163
128
42
160
49
12
69
176
32
4
66
16
56
8
66
44
99
1
170
232
133
64
132
73
162
13
8
162
130
197
32
77
139
193
85
167
196
1
166
163
82
105
144
65
36
61
168
232
96
106
44
33
161
118
115
182
107
58
202
40
83
164
93
88
16
135
203
151
224
32
114
193
38
28
137
154
24
35
217
244
39
17
184
94
149
16
54
41
202
237
154
161
203
197
53
198
211
89
95
208
228
64
198
183
106
223
0
65
160
87
88
233
120
120
29
61
39
213
53
183
111
187
172
25
5
240
29
152
73
22
242
55
253
89
83
32
218
68
3
144
16
0
146
32
66
0
170
2
2
192
225
1
2
76
9
161
67
204
36
64
211
64
18
147
228
0
4
33
66
211
18
65
40
17
40
96
96
96
52
56
39
245
84
167
111
153
168
56
1
240
29
152
73
19
242
19
181
72
115
97
106
128
138
16
69
233
216
162
20
56
145
142
77
192
21
72
161
13
139
140
153
197
33
111
208
225
95
89
230
36
6
131
22
157
216
73
4
121
131
232
160
201
20
42
183
229
99
190
99
184
219
13
99
244
197
91
233
23
91
150
165
32
115
196
74
24
137
158
88
34
219
240
103
17
184
86
133
16
180
47
234
237
154
227
203
197
55
199
211
73
95
181
228
65
198
182
98
223
32
65
180
87
120
233
116
120
29
48
39
213
53
183
111
185
172
25
5
240
29
152
73
22
242
51
189
89
87
32
250
22
32
16
162
144
64
14
65
66
66
41
48
64
6
129
18
235
64
5
68
11
128
129
0
76
213
57
41
146
14
162
16
64
36
29
155
0
100
5
70
32
64
20
169
6
28
44
148
0
36
80
32
0
18
36
33
128
32
1
48
12
70
32
32
197
35
195
144
80
18
3
206
0
135
1
146
66
129
134
11
2
69
28
109
10
133
224
32
78
128
152
9
144
8
16
9
112
7
52
251
0
126
7
212
146
98
24
22
58
28
64
132
17
36
48
52
1
90
135
10
144
104
33
28
76
84
35
249
5
39
1
24
8
144
36
68
32
184
10
1
64
119
137
3
9
72
128
34
196
32
64
195
73
22
132
128
0
0
1
66
151
18
65
160
49
8
234
32
100
60
56
39
116
80
245
107
25
172
8
71
176
29
24
8
23
195
19
181
72
115
97
234
2
18
130
53
205
162
168
18
148
187
194
67
130
200
0
17
244
235
227
147
224
47
90
95
70
10
230
198
16
21
161
198
79
187
106
53
125
172
32
224
201
68
2
138
203
97
155
91
56
192
24
1
228
28
157
65
7
50
151
149
162
55
0
110
208
26
151
215
248
238
163
249
152
121
106
95
131
213
219
161
227
213
173
98
204
141
174
120
79
206
57
38
214
3
51
127
115
39
117
187
84
246
237
244
209
84
26
22
201
6
233
245
136
37
92
53
240
63
141
73
16
248
35
188
92
70
32
252
251
209
255
246
255
183
219
74
246
71
213
122
255
120
52
92
246
245
55
119
230
63
163
119
46
202
226
63
210
56
116
169
215
44
20
158
66
121
217
253
82
219
29
79
209
28
241
79
157
172
24
5
240
29
156
73
16
242
51
189
88
87
34
249
3
4
136
50
9
128
0
14
16
42
130
4
32
64
1
2
0
40
129
144
192
32
74
67
64
128
128
4
0
0
1
66
15
128
1
32
59
8
32
72
96
32
12
8
80
81
163
75
25
238
24
5
180
25
88
0
30
34
183
177
8
19
96
74
129
199
44
220
34
221
93
112
42
71
45
200
30
120
116
175
13
248
100
45
54
112
48
162
25
55
183
122
33
118
86
33
194
16
80
40
194
104
250
233
114
191
61
175
178
18
244
110
145
137
54
15
234
93
150
4
49
211
115
189
83
243
73
187
66
0
136
159
35
192
90
4
18
162
5
132
16
164
35
18
12
26
16
146
136
49
71
11
0
0
160
76
65
33
149
98
245
176
17
32
83
73
128
98
16
138
12
8
178
20
195
111
25
202
26
5
180
24
248
201
19
243
59
157
16
50
2
227
201
138
134
165
239
249
186
176
56
189
94
79
158
125
107
160
237
217
61
226
204
5
142
120
107
92
185
118
220
3
51
127
215
49
81
57
83
99
232
96
241
92
24
62
213
22
254
117
153
140
24
5
240
31
156
73
16
242
51
189
80
87
0
250
83
16
128
34
205
138
2
8
2
33
19
6
160
2
0
17
100
3
0
148
200
5
203
65
70
208
232
111
18
40
129
68
5
165
81
18
33
8
46
66
32
192
4
73
1
28
164
5
80
70
24
4
36
0
120
163
0
50
178
48
0
17
48
74
70
99
0
185
17
0
46
193
64
202
233
50
96
130
129
18
67
0
33
196
9
128
133
8
68
157
187
41
146
12
32
16
96
4
28
187
0
116
5
68
32
66
48
57
70
157
2
148
72
45
112
0
2
26
36
96
128
32
1
16
12
66
48
32
225
212
9
11
204
198
7
16
218
167
44
206
160
12
38
47
111
231
115
193
216
167
91
204
64
117
189
46
83
27
67
99
207
44
71
190
90
40
237
126
114
92
32
175
213
112
181
101
153
172
24
1
240
29
156
65
16
178
51
189
216
215
32
250
4
3
8
24
0
18
44
70
0
130
33
128
0
192
37
3
128
88
1
99
6
32
64
19
77
131
134
8
81
4
48
64
242
22
80
170
64
104
192
64
50
58
56
45
208
20
193
78
25
172
16
5
112
29
149
72
17
226
51
189
88
86
32
251
5
234
103
77
184
248
164
240
40
17
234
127
192
53
201
161
131
204
239
104
69
8
14
208
111
109
5
161
172
14
35
30
252
83
125
154
80
178
233
150
63
52
58
183
108
162
126
177
136
245
101
48
209
215
130
8
4
200
0
164
64
71
37
124
131
214
0
3
205
136
134
24
170
1
42
75
160
77
68
49
101
39
37
144
200
34
27
76
96
213
89
34
150
3
3
6
141
172
89
16
96
129
41
162
97
84
42
171
196
80
188
17
128
212
16
32
228
133
136
33
16
16
182
164
144
87
36
8
3
2
0
2
205
144
6
0
34
59
2
67
128
85
0
1
100
131
5
144
200
34
139
104
0
128
40
14
150
0
1
4
81
164
24
16
65
128
0
130
5
192
8
14
64
128
204
17
0
69
16
36
36
128
143
41
0
66
178
148
64
6
32
48
4
35
1
16
8
144
164
65
32
176
2
5
192
117
9
2
0
8
128
162
197
32
66
195
65
18
132
128
0
4
1
66
151
18
65
32
57
136
234
32
100
52
56
167
116
64
183
107
56
236
8
67
180
29
24
8
7
67
19
181
72
115
97
106
7
134
8
32
29
144
14
65
32
98
1
66
128
65
36
1
128
101
32
96
130
100
82
107
68
150
161
47
18
40
33
65
215
148
221
138
64
104
104
3
36
72
40
169
213
84
245
75
16
172
24
4
96
17
222
9
16
178
51
149
88
83
32
122
131
214
0
3
205
136
134
24
170
1
40
75
160
13
68
17
101
103
37
144
200
34
27
76
64
213
73
42
150
18
1
6
133
236
218
20
104
128
45
162
101
82
42
169
212
80
188
17
32
213
16
32
228
128
202
33
16
16
150
164
144
87
36
8
122
19
117
246
255
53
47
89
230
126
241
19
237
72
177
87
246
213
67
102
120
170
145
54
12
138
227
9
210
28
113
185
114
36
22
186
82
112
1
116
112
74
24
15
192
4
193
78
152
172
24
5
98
28
157
73
16
242
51
157
88
86
32
177
5
135
12
84
40
152
220
16
58
251
46
195
140
113
76
1
132
203
160
163
196
108
66
242
65
22
131
114
108
5
129
99
223
18
81
32
83
88
250
96
116
60
42
39
244
22
247
107
153
236
24
5
244
29
153
73
23
211
51
181
88
115
33
250
65
14
6
137
200
71
166
182
4
92
10
7
16
172
91
164
237
88
65
228
88
131
140
176
74
109
28
0
209
2
50
19
112
33
81
184
83
98
13
100
48
84
24
62
69
182
230
228
153
44
92
5
209
31
140
73
144
224
33
180
76
70
32
240
153
197
60
132
34
95
24
55
50
85
45
197
30
49
116
164
125
250
100
165
80
80
52
179
184
55
161
88
105
214
214
49
216
112
17
32
219
64
216
232
86
157
61
143
240
20
246
108
129
129
78
15
250
72
154
77
63
215
115
148
82
90
8
233
82
0
136
147
235
147
22
37
6
224
23
4
144
52
43
18
108
147
16
146
200
49
195
32
8
80
248
108
2
161
149
99
23
180
17
32
83
72
162
66
48
17
69
40
133
140
197
47
151
200
25
5
182
9
152
203
17
115
58
153
64
19
32
238
65
2
0
2
201
128
38
8
32
25
2
67
128
49
0
1
102
135
13
100
200
0
138
120
66
136
40
46
150
0
33
4
80
37
88
17
65
128
5
134
197
66
8
15
64
136
200
17
0
5
16
32
101
226
143
171
64
124
50
132
64
6
48
57
1
16
144
6
201
131
2
28
130
32
2
5
128
68
43
33
102
87
1
64
192
39
66
67
66
8
224
76
144
0
17
66
95
36
81
184
16
98
201
68
112
84
20
14
196
116
165
79
152
172
24
5
242
29
156
65
16
50
51
188
24
71
32
104
123
209
233
254
119
183
95
74
230
70
181
202
255
104
52
93
246
245
35
118
194
63
195
119
14
138
167
61
82
60
116
41
214
44
22
186
74
120
225
116
114
74
56
15
209
20
213
79
153
172
24
5
112
28
156
73
16
242
51
157
88
87
32
251
105
95
111
219
86
55
37
243
181
254
104
145
29
188
249
207
219
252
249
110
120
210
156
179
27
253
61
144
253
210
124
251
240
102
151
249
87
116
21
124
62
71
126
62
87
166
68
196
141
45
30
4
250
29
143
93
152
228
43
156
95
206
42
178
120
19
85
146
62
53
11
120
230
126
16
19
61
121
49
71
230
212
65
98
216
160
129
54
72
168
164
8
210
8
49
121
114
36
84
186
82
112
1
116
244
74
24
14
208
132
193
79
152
172
24
5
114
28
157
73
16
242
51
156
88
86
32
249
123
49
125
246
255
239
91
106
246
69
215
119
255
108
244
116
242
213
23
102
230
47
129
119
46
254
231
31
210
30
118
169
214
39
21
190
66
115
217
220
80
220
157
15
193
28
245
79
153
164
24
5
232
29
156
73
24
242
51
185
88
23
32
248
7
134
8
40
141
152
14
64
32
103
33
202
136
105
36
1
136
109
32
224
198
100
82
99
68
215
145
46
16
38
33
65
151
52
209
138
66
104
232
98
100
28
56
169
213
80
245
107
152
172
24
5
240
29
156
9
24
242
51
189
88
83
32
250
25
9
154
154
3
201
244
46
83
184
94
181
48
22
139
194
239
18
161
18
197
53
199
195
73
125
208
4
64
194
151
107
159
0
65
176
55
72
233
120
112
29
183
39
85
21
55
111
187
172
137
5
240
29
88
65
54
242
63
249
25
3
36
202
4
42
17
88
32
122
174
115
1
186
234
133
64
4
201
162
129
9
195
138
197
36
72
219
201
76
135
196
0
134
161
214
107
16
233
32
28
170
232
33
40
52
163
166
54
227
39
107
186
235
41
115
177
93
89
16
71
203
151
224
96
98
225
38
128
202
6
5
233
200
154
129
56
185
14
79
138
53
107
161
141
73
37
226
204
5
14
120
67
93
153
102
220
7
35
86
215
48
81
32
83
107
232
32
241
28
56
46
213
22
254
121
153
200
24
5
245
93
156
73
19
210
51
189
80
87
0
250
131
128
0
2
221
128
5
8
2
3
9
74
162
15
132
17
107
70
4
0
10
0
170
104
110
149
57
43
146
40
1
13
20
167
60
155
2
101
39
150
1
194
8
73
10
24
124
144
65
52
80
36
12
130
164
171
144
48
32
28
76
5
48
176
197
99
67
153
208
2
3
200
2
130
33
26
128
131
131
2
2
69
12
100
10
128
132
32
76
128
153
9
147
8
18
25
112
5
52
219
0
116
7
214
162
98
24
16
34
156
72
148
1
45
112
52
9
26
164
42
128
104
32
28
76
68
51
177
67
128
128
58
73
66
4
6
34
40
40
137
32
199
7
27
77
35
33
144
192
135
75
3
66
85
209
100
131
32
129
68
159
170
3
32
41
0
100
96
32
10
40
233
85
81
183
203
113
194
24
0
164
8
120
129
19
163
151
149
16
99
144
66
131
192
0
6
205
200
130
8
18
1
44
77
162
11
4
57
102
86
20
17
192
2
169
96
102
133
9
43
147
43
3
45
180
165
24
210
34
65
47
182
67
218
8
73
144
30
252
4
193
52
82
4
172
2
164
171
16
48
32
60
16
85
50
249
25
137
154
26
3
219
244
38
19
184
94
149
48
52
11
234
239
154
161
139
197
55
195
215
89
93
208
100
64
198
151
106
207
0
65
180
119
88
233
120
120
29
53
39
213
53
55
111
187
172
9
5
240
29
216
65
22
242
63
249
89
83
32
218
193
14
4
129
200
75
130
177
8
121
26
71
146
84
74
160
228
217
13
228
72
128
173
48
74
8
168
2
208
6
59
23
112
37
80
185
83
98
133
196
210
84
24
30
192
6
202
68
137
13
88
5
209
31
141
73
18
112
35
180
76
22
34
184
65
206
6
137
201
91
134
183
56
248
44
137
24
177
111
170
205
216
41
230
76
129
141
48
75
93
153
32
209
6
50
83
240
36
81
248
83
114
165
96
178
94
56
62
85
150
66
196
153
173
94
5
208
31
141
73
18
224
43
188
88
70
2
241
209
14
215
213
200
79
33
246
152
124
66
21
71
253
219
160
234
204
205
38
92
140
172
177
74
56
28
0
252
2
58
95
112
99
116
176
20
246
21
196
213
84
154
150
72
162
72
196
137
37
127
176
209
30
143
73
204
108
35
168
78
6
3
188
3
208
16
10
29
0
6
12
66
2
169
32
32
14
164
81
111
50
0
144
129
50
1
4
132
149
97
73
19
40
193
96
136
140
157
150
32
0
3
67
34
202
4
65
20
81
180
76
80
246
16
4
38
0
96
35
184
35
142
0
56
193
182
1
0
3
128
24
0
130
44
70
32
162
1
128
64
128
41
3
4
72
1
99
134
32
64
3
69
128
130
12
0
4
49
64
243
20
81
170
0
104
192
66
48
58
56
46
214
20
193
110
25
168
24
5
112
29
149
72
17
226
51
189
72
86
34
243
196
35
3
185
17
18
36
239
64
170
232
48
96
128
131
34
66
0
3
68
9
128
109
144
68
129
137
129
131
140
32
24
104
6
84
186
16
52
5
196
162
66
48
28
82
135
0
196
26
44
84
0
16
24
197
72
128
224
1
20
12
82
96
49
252
235
255
215
98
223
248
231
223
245
87
255
223
246
219
254
251
147
126
111
159
157
231
255
191
223
183
255
111
251
182
254
199
39
103
255
222
255
255
126
240
125
245
126
255
28
253
191
223
172
169
251
243
127
156
223
69
254
115
251
91
125
153
254
24
137
138
26
3
219
212
39
17
184
92
133
16
180
47
202
237
154
227
155
197
55
195
215
73
95
148
100
65
198
150
98
223
40
65
180
95
88
233
112
120
29
52
47
213
52
55
111
187
172
25
5
240
29
152
73
22
243
55
189
89
83
32
234
3
130
0
2
141
152
134
16
172
5
42
66
128
93
64
1
1
101
4
144
192
34
26
76
64
212
5
34
182
58
1
70
7
248
219
0
104
136
40
3
101
20
34
161
196
96
180
67
48
212
136
8
180
129
74
49
38
3
150
164
162
211
108
76
18
48
17
34
208
0
14
76
194
10
129
36
96
4
129
17
126
134
7
84
8
128
37
12
132
152
232
201
131
40
160
56
112
44
12
159
8
52
1
86
8
66
16
8
66
77
128
20
1
37
86
0
40
18
100
105
144
48
1
28
28
6
114
49
82
114
17
170
209
32
46
73
66
74
233
50
96
4
129
19
227
68
1
68
9
128
1
8
196
221
107
169
146
12
32
24
96
36
28
155
0
116
5
68
32
66
16
169
70
141
4
148
0
37
80
0
34
26
36
97
128
32
1
144
12
70
48
32
72
74
6
137
202
87
6
182
60
252
10
15
24
189
123
174
237
216
9
228
72
128
141
48
74
93
28
0
217
70
58
83
240
37
81
184
83
114
5
100
54
86
24
62
93
134
66
196
137
45
92
4
210
31
141
73
144
224
43
188
92
70
2
240
3
134
8
224
172
144
14
65
32
67
33
66
128
65
36
1
128
109
4
96
130
100
18
120
68
150
35
46
20
36
33
1
87
20
158
10
64
120
40
3
36
106
56
141
209
76
244
27
16
157
16
4
96
16
158
9
17
210
50
133
64
83
32
186
19
247
16
94
37
128
12
3
66
0
49
177
32
83
5
18
38
130
32
146
131
40
1
67
192
19
195
25
2
40
128
80
146
52
112
178
105
8
34
101
39
106
169
193
180
144
145
78
0
167
1
67
52
0
56
73
7
115
22
211
56
96
165
75
64
14
128
131
201
202
134
5
10
121
10
3
144
116
75
128
109
3
161
128
204
5
139
65
90
85
25
38
128
130
3
70
197
32
65
48
81
64
236
104
96
20
0
167
69
20
181
193
153
204
24
4
180
13
152
203
19
112
50
181
64
87
0
248
18
241
17
6
36
8
154
9
66
0
37
98
32
66
68
49
38
134
4
144
2
32
1
66
228
130
224
9
2
40
129
96
182
164
88
146
42
74
130
197
131
90
9
72
176
22
144
78
128
182
0
7
48
0
121
105
16
51
18
32
16
86
102
73
139
206
108
205
239
189
158
80
57
127
173
202
202
125
108
173
129
253
44
105
196
116
18
120
101
223
153
54
253
71
55
83
215
112
219
40
82
123
248
33
118
190
122
63
213
150
244
121
152
157
28
5
217
221
159
8
17
198
51
189
80
95
38
187
18
48
17
34
156
200
10
72
66
2
131
100
96
4
0
49
102
6
4
80
2
0
33
4
228
144
104
73
130
42
139
32
16
164
157
158
10
34
9
215
129
192
4
8
192
28
160
28
128
54
82
6
40
16
100
97
144
50
0
56
28
22
98
33
22
40
145
134
8
202
4
79
10
0
27
85
0
70
200
144
43
0
0
0
134
44
200
75
79
214
16
15
2
42
3
76
7
183
121
26
32
138
235
6
33
176
129
99
45
12
189
43
193
164
97
210
164
2
52
42
1
66
16
105
0
5
49
238
129
206
8
77
236
248
190
209
40
251
43
206
192
21
109
169
137
237
44
106
196
36
18
120
69
93
153
38
212
6
51
83
215
48
217
40
82
120
232
33
112
60
58
63
245
198
244
121
152
137
24
5
209
93
158
8
17
194
51
189
64
87
32
250
7
198
9
200
44
156
142
1
41
254
42
202
136
81
125
1
128
109
33
106
196
116
24
122
77
215
23
34
20
2
49
83
215
16
221
40
80
120
233
34
100
124
56
173
215
132
245
107
24
173
24
5
211
29
158
8
16
194
19
189
72
211
104
178
67
196
128
58
77
66
6
7
32
42
40
138
0
196
39
59
77
43
33
208
200
133
91
3
66
69
248
100
131
32
163
64
151
186
3
32
59
0
108
96
34
10
60
105
85
85
183
239
89
202
24
4
180
72
88
201
19
163
159
181
16
99
146
66
252
191
255
253
50
247
253
255
255
245
197
251
255
251
182
94
191
187
250
111
191
127
211
247
189
127
247
255
111
253
246
238
207
125
103
190
215
189
250
125
124
125
249
231
191
121
255
111
253
170
169
251
240
61
184
92
125
255
119
255
251
253
173
222
4
139
146
220
40
144
188
2
18
184
45
195
130
113
9
26
52
139
224
139
197
45
67
211
193
87
225
110
0
166
129
98
223
16
67
36
113
8
234
96
112
28
49
39
245
80
183
111
153
234
8
67
244
29
152
73
23
211
23
181
120
115
33
202
235
212
102
171
207
229
175
153
188
127
40
203
143
109
55
45
231
253
125
98
248
199
158
120
114
255
63
54
251
83
115
255
247
101
91
113
211
101
124
232
127
78
122
191
213
80
252
213
136
156
24
13
240
190
140
77
57
180
115
188
214
215
10
184
64
2
144
88
40
144
44
66
0
186
3
2
192
193
9
2
108
139
161
66
206
164
72
219
193
95
179
238
0
6
161
66
211
18
65
40
17
168
224
98
96
28
56
39
245
80
183
111
153
232
56
67
240
29
152
73
19
243
19
181
88
115
97
106
209
154
151
199
232
232
163
248
56
125
110
79
135
245
74
168
231
215
189
35
204
141
174
120
107
206
57
38
252
3
51
127
247
39
113
113
87
243
237
244
211
84
26
22
201
6
252
241
137
5
92
37
244
190
143
73
80
252
51
188
92
6
32
252
7
198
76
200
62
156
143
16
41
255
32
202
136
121
124
13
128
117
37
107
196
116
24
122
77
151
7
35
22
10
49
83
215
4
223
138
82
120
233
34
102
126
40
45
214
212
245
123
24
173
24
5
195
29
159
8
16
226
51
157
88
211
104
179
87
210
16
15
221
128
14
8
2
35
169
56
160
70
132
17
107
7
40
20
138
137
138
8
70
213
123
45
147
40
1
12
16
165
60
155
32
228
39
71
35
66
0
105
47
28
188
149
64
150
80
52
39
226
166
163
192
40
128
2
28
69
176
52
64
3
146
92
8
192
44
103
0
170
107
5
192
197
9
34
111
138
161
66
206
45
66
155
201
95
179
236
0
134
163
66
87
18
65
40
17
168
232
96
32
28
48
167
117
148
183
111
152
232
40
67
240
29
24
73
7
243
19
181
88
99
65
98
64
67
146
88
40
208
44
66
0
186
41
138
192
229
13
10
109
139
161
67
206
44
64
219
193
95
179
238
0
6
163
66
211
18
81
40
17
168
232
98
96
28
56
39
245
20
247
111
153
232
56
71
240
29
156
73
19
243
19
181
88
115
97
234
3
0
0
130
9
128
4
4
2
64
1
4
16
36
32
16
76
2
0
144
192
0
66
64
80
144
144
72
2
128
129
65
21
36
81
32
1
72
8
72
32
0
12
9
4
20
228
77
17
8
24
4
180
8
24
73
17
114
50
176
0
83
0
106
30
251
77
245
62
251
250
112
88
155
223
255
207
119
220
240
176
205
126
235
199
125
193
223
173
94
183
255
110
239
183
254
215
252
221
190
126
123
248
117
253
253
251
127
247
167
247
111
187
255
137
195
248
181
155
93
70
247
19
251
121
59
101
254
250
217
239
246
119
175
89
122
246
71
213
218
191
232
52
94
246
213
52
119
230
63
224
119
47
218
163
63
82
122
116
169
214
37
20
187
66
124
249
245
82
223
189
111
217
28
245
111
157
172
24
5
248
29
156
73
16
242
51
191
89
87
34
251
196
18
166
213
125
50
170
255
148
187
192
99
195
193
18
1
152
77
235
147
209
175
238
219
70
123
250
230
152
68
163
198
95
57
222
37
116
188
104
101
76
36
50
175
235
97
147
123
56
254
24
1
243
248
220
89
7
147
151
151
46
115
164
110
96
23
5
150
254
7
15
59
230
124
18
3
41
75
49
5
230
215
65
98
208
174
128
246
74
170
166
12
210
24
49
105
115
36
84
186
82
112
1
212
80
64
24
14
192
36
193
79
153
172
24
5
112
28
156
73
16
242
51
157
88
86
32
248
3
134
0
2
205
136
134
1
42
1
42
75
128
93
68
5
5
101
4
144
192
38
27
76
100
212
5
34
150
50
1
70
135
232
218
0
104
136
168
2
101
20
2
169
196
80
188
1
48
212
8
8
244
129
202
33
50
18
150
164
128
83
36
72
123
213
205
214
119
167
89
26
246
71
53
218
191
234
52
95
230
247
37
103
198
47
192
119
78
218
167
63
82
24
116
41
214
36
20
186
66
120
241
244
82
202
56
47
209
20
245
111
153
172
24
5
240
29
156
73
16
242
51
189
88
87
34
251
7
6
1
9
136
156
142
0
41
190
42
2
128
69
89
1
129
109
33
34
196
100
8
122
73
213
149
32
16
2
49
83
87
16
209
40
80
40
232
32
100
52
56
173
85
128
245
107
24
136
24
5
209
29
156
8
17
194
19
181
64
211
96
242
193
14
2
129
201
67
134
166
8
120
10
7
16
244
75
160
229
24
1
196
72
129
141
48
74
76
24
0
128
6
58
83
120
33
81
176
81
98
13
236
80
84
24
30
76
6
230
196
137
44
88
5
208
31
136
73
18
224
35
180
76
70
34
232
96
19
69
214
254
7
11
59
230
124
50
19
45
251
49
69
226
215
65
98
212
174
128
246
74
170
164
14
210
8
49
107
243
36
84
186
82
112
129
244
208
94
24
14
192
36
193
79
153
172
24
5
240
28
157
73
16
242
51
157
88
86
32
249
0
1
136
152
0
146
56
71
32
226
1
132
16
160
41
3
128
88
1
98
130
32
64
51
76
136
130
12
80
4
49
64
247
20
85
170
66
106
192
66
176
106
24
14
210
20
193
111
25
168
24
5
112
29
148
72
17
226
59
189
88
86
34
243
4
203
158
92
40
154
252
2
59
184
45
203
134
113
77
27
164
139
160
171
197
45
66
243
193
87
225
126
108
36
129
98
215
16
81
32
113
88
234
97
114
30
57
39
245
22
247
111
153
234
24
7
244
29
153
73
23
211
55
181
88
115
33
250
5
178
65
33
188
248
162
80
56
185
130
127
192
85
137
33
233
237
161
3
229
37
74
217
69
94
49
167
92
15
35
71
223
160
221
58
116
184
233
54
113
92
42
47
213
17
247
107
152
252
24
1
244
29
156
73
22
210
151
181
216
87
36
254
156
59
85
245
252
184
254
112
120
61
219
115
204
119
216
80
179
205
206
235
231
108
131
254
237
126
183
191
110
47
247
255
87
245
93
190
127
186
248
119
125
124
187
127
229
131
255
127
138
247
137
195
240
157
155
77
78
247
19
243
248
55
101
254
121
23
117
214
255
55
15
59
230
126
113
19
173
251
177
69
242
215
69
98
220
174
129
55
74
170
167
14
210
24
113
123
115
36
84
186
82
112
225
244
84
78
24
14
192
4
193
79
153
172
24
5
240
28
156
73
16
242
51
157
88
86
32
249
81
18
145
22
200
138
10
16
130
44
3
7
132
70
130
49
102
199
0
0
200
39
194
73
200
200
236
78
16
8
193
110
87
37
85
182
16
10
233
70
80
84
8
14
197
112
165
79
152
164
24
5
244
28
156
65
16
50
51
189
88
71
32
248
210
200
130
139
201
130
130
129
26
249
20
207
190
119
71
24
108
147
60
151
204
5
139
104
106
214
121
47
151
43
131
55
151
165
89
113
119
73
238
98
67
94
8
56
221
28
248
181
221
204
24
5
245
71
156
235
82
252
182
61
80
85
18
255
193
2
144
80
40
16
44
66
32
187
41
130
130
241
2
3
68
139
165
67
204
164
72
219
65
95
179
234
64
4
161
70
211
16
64
40
81
168
224
98
112
28
56
39
245
84
183
107
153
232
24
5
244
29
156
73
19
243
19
181
88
114
97
250
133
206
4
73
232
248
174
209
40
187
43
202
128
21
108
161
137
77
173
105
196
36
2
216
65
85
153
38
148
6
35
82
215
16
209
40
80
168
232
32
112
60
56
55
245
198
246
105
152
137
24
37
209
93
159
8
17
194
51
165
64
83
0
250
133
206
76
73
172
189
191
80
57
127
42
202
136
61
108
137
129
125
173
105
196
100
18
120
101
215
145
54
125
7
51
67
215
80
217
40
80
248
248
33
118
62
58
63
245
214
244
123
152
153
24
5
209
221
159
12
17
198
51
173
80
87
36
250
112
3
215
214
234
7
219
50
182
124
22
83
31
251
145
68
226
215
65
34
196
47
128
115
74
170
166
14
210
8
49
111
247
36
84
186
82
112
225
244
208
92
24
14
192
4
193
79
153
172
24
5
240
29
157
73
16
242
51
189
88
86
32
249
132
154
134
197
252
243
130
246
52
189
128
203
206
81
18
9
61
237
255
187
245
15
110
251
98
123
29
246
252
69
163
214
223
123
218
33
126
188
252
33
125
60
34
191
217
96
219
235
184
220
140
65
245
252
152
91
55
215
150
151
210
115
4
254
193
22
100
133
237
46
2
241
44
125
114
71
142
249
80
37
228
221
29
228
120
132
168
56
74
40
169
26
248
23
57
63
112
101
84
123
66
119
5
198
215
192
24
158
200
10
202
149
137
5
80
4
73
62
143
73
24
244
49
156
76
22
32
185
112
19
198
214
110
7
95
51
182
124
18
3
159
251
49
68
230
215
64
34
212
47
128
115
74
170
166
14
208
8
49
107
115
36
84
186
82
120
225
244
80
92
24
14
193
4
193
79
153
172
24
5
240
28
156
73
16
242
51
157
88
22
32
248
64
35
19
19
80
3
38
252
192
170
234
50
96
130
139
98
98
132
3
68
72
128
13
148
140
137
172
137
130
8
32
24
120
38
69
191
16
48
5
196
40
64
16
30
70
239
0
196
8
44
84
4
18
26
133
65
128
96
1
20
76
70
32
48
196
18
167
209
252
115
170
254
180
187
128
67
195
208
179
11
25
109
234
11
216
245
126
155
2
115
159
230
152
68
39
210
79
16
215
33
84
188
236
33
124
44
98
63
247
101
145
123
62
254
152
115
211
249
220
82
7
155
151
151
238
211
205
122
66
10
128
3
201
136
134
1
10
57
10
3
144
116
75
128
77
3
32
144
204
5
11
64
82
85
25
102
128
130
131
70
199
32
65
32
113
64
236
104
96
20
0
15
69
20
191
65
145
200
24
4
181
77
153
203
19
83
18
53
64
83
0
104
65
206
134
139
201
91
134
183
40
248
42
15
24
181
107
168
109
152
41
164
76
129
140
176
67
77
152
0
129
2
50
83
249
33
81
48
83
66
165
96
242
30
24
30
93
150
192
196
153
13
92
5
145
31
141
201
18
224
35
180
88
70
2
241
3
134
8
136
136
152
14
64
40
67
33
202
192
65
36
1
137
105
32
97
134
101
82
65
68
215
145
46
16
6
33
1
215
20
211
10
0
104
232
34
36
56
56
169
213
80
245
43
24
136
24
5
224
29
156
8
17
130
19
181
80
83
96
234
65
14
134
139
201
75
132
166
40
120
10
5
16
244
107
168
237
144
137
166
76
129
140
49
74
76
24
4
145
2
26
87
249
35
81
48
81
66
5
100
241
20
24
30
77
134
72
196
137
44
92
4
145
31
137
201
18
224
35
180
72
70
2
248
128
202
14
5
232
216
186
144
56
187
14
79
136
53
105
161
141
73
141
227
204
32
14
248
97
93
153
102
220
7
35
86
215
48
81
32
83
107
232
32
240
28
56
62
213
86
246
121
153
201
24
5
213
93
153
72
19
211
51
189
64
83
0
250
76
39
162
240
80
19
34
199
0
250
130
52
80
194
163
99
130
24
137
70
73
177
60
146
6
8
138
129
192
12
56
82
96
6
22
171
16
118
5
212
146
98
16
30
64
135
3
200
25
44
94
20
83
24
133
8
144
104
41
156
76
6
35
177
252
253
254
223
51
207
249
231
255
245
197
251
255
187
191
222
255
147
250
111
191
223
247
119
253
127
253
127
107
255
214
238
207
125
103
254
214
253
250
125
124
93
245
167
191
124
125
111
253
170
187
187
242
29
184
95
120
255
115
253
251
125
9
222
137
202
14
193
238
217
218
176
56
187
22
79
154
117
104
168
141
217
29
171
204
69
174
248
107
94
153
118
253
71
51
119
245
112
89
96
83
67
232
160
208
28
88
30
209
6
242
113
153
201
30
5
221
77
155
73
19
211
51
189
80
83
2
251
139
222
108
229
255
189
223
120
188
127
254
75
159
125
124
229
133
253
127
249
244
118
184
120
47
255
25
118
252
87
119
255
215
120
218
105
214
115
248
179
127
157
123
63
213
135
244
89
142
157
158
13
219
253
159
29
113
214
51
190
211
159
12
188
171
214
102
173
239
229
143
145
60
127
40
207
142
109
116
45
229
253
45
226
248
103
154
120
90
127
63
118
253
83
123
215
247
97
91
49
211
100
252
234
119
76
90
175
213
82
254
113
136
221
24
13
244
253
140
73
27
214
115
188
214
215
10
184
114
50
17
34
209
34
46
73
66
10
232
48
96
4
129
17
103
134
1
68
8
128
1
12
196
220
107
137
130
8
32
24
64
37
28
155
0
52
5
68
32
66
16
9
70
141
12
20
0
37
80
0
34
26
4
97
128
32
1
144
12
70
48
48
85
43
213
212
80
235
103
126
216
60
202
21
65
133
218
162
235
76
219
108
172
137
238
155
205
232
14
132
72
4
56
205
113
3
117
187
4
182
21
212
157
244
155
38
110
170
109
242
8
32
111
242
193
254
7
12
196
44
11
234
76
6
33
244
248
249
255
223
50
95
248
231
223
249
255
255
255
182
251
254
255
147
126
111
151
29
247
255
191
223
247
255
111
255
246
254
199
101
111
255
222
255
251
126
241
93
245
127
191
62
125
239
223
171
191
223
250
31
188
95
84
255
115
253
127
93
25
254
210
83
147
253
216
2
12
194
66
34
121
154
194
192
135
26
230
197
40
70
10
141
142
8
206
201
187
105
147
44
32
30
114
167
60
219
0
164
39
70
34
106
129
91
79
156
137
148
72
132
80
241
1
250
37
227
193
168
1
19
92
100
19
181
2
0
0
130
9
128
2
5
2
2
0
4
128
6
1
16
76
2
0
144
192
32
67
64
64
16
160
72
2
32
129
64
21
36
17
32
35
72
8
64
32
0
12
9
4
20
228
79
17
8
24
4
180
8
88
201
19
51
50
176
0
83
32
106
193
14
4
5
232
10
2
145
40
57
34
71
130
209
104
161
100
201
13
228
72
132
32
240
74
8
136
6
208
2
59
18
112
33
80
57
83
98
132
192
210
84
24
30
192
14
202
85
137
13
16
5
217
95
141
73
16
112
51
188
76
22
34
185
24
137
154
30
35
219
180
102
83
184
94
181
48
22
169
194
239
146
225
131
197
53
195
215
217
125
208
36
64
198
151
106
207
0
65
176
87
88
232
120
112
29
53
39
245
53
183
111
187
174
137
5
242
29
216
65
22
243
63
185
89
83
32
218
64
2
131
24
0
130
40
71
0
162
1
132
64
133
9
3
4
72
1
98
138
37
74
155
77
8
134
140
0
4
33
66
119
20
81
42
0
170
64
66
32
40
24
46
86
20
3
107
25
40
56
5
112
29
28
72
17
226
19
181
72
86
2
227
25
9
152
158
3
201
244
46
83
176
222
181
48
22
41
194
239
18
225
146
197
53
195
195
201
125
208
4
64
194
215
107
143
32
65
176
55
72
232
124
112
29
55
39
117
53
183
111
187
174
137
5
242
29
88
65
54
243
63
249
25
71
36
202
81
49
17
3
208
34
39
216
194
2
168
50
97
134
131
19
102
198
3
68
72
130
5
132
132
136
236
137
194
8
32
56
104
44
4
255
8
48
5
84
56
64
16
26
68
237
0
20
9
44
82
4
40
26
4
65
144
32
9
28
12
6
32
176
131
192
0
14
205
192
130
8
18
1
44
79
162
11
4
57
102
22
4
16
64
2
169
96
102
132
41
11
147
43
3
45
148
165
28
210
34
65
15
182
67
202
8
73
152
16
252
133
65
52
82
4
172
2
164
171
16
48
32
60
16
85
50
185
3
192
0
42
153
128
5
8
2
3
9
88
160
15
132
17
75
84
4
96
10
0
168
40
110
149
59
41
147
41
1
29
16
167
60
219
2
117
7
22
1
226
8
73
14
24
76
144
65
37
82
36
13
130
166
170
144
32
40
12
76
5
50
176
18
48
25
34
223
192
26
8
194
2
155
36
96
4
0
49
102
134
6
84
2
0
1
12
166
148
232
77
194
42
169
40
80
172
29
159
74
34
1
214
0
192
20
8
64
77
164
28
129
38
82
4
40
16
68
105
144
50
40
152
12
6
50
48
3
198
8
160
172
176
14
80
32
67
33
74
192
65
36
1
128
109
36
96
130
100
18
120
68
214
19
46
20
36
33
1
87
20
218
10
64
104
40
3
36
106
56
173
215
88
244
27
16
152
16
4
96
145
158
8
17
194
18
149
64
83
96
178
5
162
196
8
29
176
164
122
0
146
168
176
192
21
129
1
137
108
163
0
193
102
74
195
64
117
17
36
20
14
1
66
223
2
221
138
16
184
105
37
52
32
42
39
85
241
53
107
26
188
56
0
176
25
220
0
0
130
150
135
8
211
100
82
30
249
207
246
54
187
216
50
217
159
215
254
255
51
220
74
144
197
126
251
167
124
193
255
173
126
183
183
110
239
247
234
215
124
253
254
126
123
248
53
252
253
251
109
247
167
247
111
191
255
137
195
248
61
191
92
78
247
59
251
249
187
100
254
197
99
67
153
144
0
10
196
0
162
33
26
0
131
131
34
2
68
0
102
10
128
132
32
76
129
155
9
147
8
18
25
112
6
21
219
0
116
7
214
162
98
24
88
50
156
72
148
65
44
116
52
1
26
164
42
128
104
41
24
76
68
51
177
18
208
17
38
223
136
26
8
194
3
145
100
96
64
68
49
118
6
6
208
130
32
33
68
228
128
224
75
146
42
137
104
48
172
156
158
10
34
138
195
131
200
5
72
192
94
160
12
128
54
16
6
40
16
116
99
16
50
48
56
48
86
50
9
250
217
255
214
119
47
89
58
183
207
117
218
191
234
52
95
246
215
116
103
6
63
224
119
15
218
179
63
83
122
118
41
210
37
52
187
210
124
251
245
82
222
189
47
219
28
245
111
157
172
24
5
224
29
156
73
24
242
51
191
89
87
34
251
65
5
142
86
33
135
93
27
166
198
33
194
131
235
52
15
230
247
36
103
198
47
208
115
74
222
167
46
80
8
48
105
210
36
84
186
82
120
227
116
112
74
56
47
209
84
245
111
153
172
24
5
240
29
156
73
16
242
51
189
88
87
32
250
193
202
134
199
237
236
243
176
60
253
110
79
142
125
82
173
231
215
189
43
204
141
174
120
107
126
57
54
252
3
51
127
247
103
120
113
87
211
252
228
213
84
10
62
201
2
253
241
137
133
92
37
253
174
142
201
17
252
51
189
84
23
0
252
193
142
134
199
201
136
134
128
46
121
42
75
138
125
74
164
103
211
173
34
204
13
139
120
75
95
25
38
188
2
3
87
215
35
81
48
81
194
236
96
101
84
40
55
205
6
252
193
137
197
24
36
245
15
137
203
19
112
50
53
80
69
0
248
64
0
136
24
0
146
40
71
32
162
1
132
192
132
35
3
132
73
1
99
138
37
66
27
77
8
162
78
64
4
49
66
119
20
81
42
0
106
224
66
144
104
56
46
210
20
195
107
25
168
24
5
112
29
156
72
17
226
51
189
72
86
34
243
199
16
128
34
221
130
6
8
2
35
17
114
162
66
6
17
104
7
52
148
203
5
139
73
6
210
123
111
146
41
131
36
23
167
156
147
35
77
47
86
97
192
12
73
137
28
189
149
80
246
16
4
37
226
108
163
80
56
180
19
12
17
176
74
7
198
12
200
44
152
134
0
41
95
40
202
136
49
108
9
128
125
37
41
196
116
24
120
69
151
1
34
20
10
49
83
215
66
220
10
80
120
41
34
102
62
40
61
86
148
116
99
24
173
24
4
193
29
207
8
16
194
50
157
64
211
96
187
67
48
24
42
205
130
6
4
66
34
9
168
160
7
4
19
101
35
0
144
201
35
75
4
192
68
232
77
3
40
193
96
133
140
129
38
41
8
34
98
34
202
4
233
21
89
167
79
48
238
8
2
36
0
120
227
26
51
150
176
56
114
242
64
210
216
130
171
207
194
130
128
26
59
16
239
186
70
79
152
109
147
60
150
205
5
175
104
98
215
121
111
151
43
131
54
151
165
93
81
115
69
237
102
97
94
8
24
221
28
248
181
205
204
24
5
245
231
136
235
82
244
182
53
20
81
18
43
80
202
146
124
40
216
44
98
0
186
104
137
192
197
13
10
109
138
161
203
206
44
75
155
201
95
183
238
1
6
163
70
211
50
97
32
89
168
232
98
104
92
56
47
247
20
183
111
153
232
56
67
244
29
28
73
7
243
19
181
88
115
65
226
80
10
147
124
40
192
44
103
64
184
107
133
64
197
9
34
109
138
161
203
142
44
79
155
201
95
183
238
0
134
163
70
83
50
97
52
29
172
232
98
40
28
177
47
239
180
183
111
152
232
40
83
244
29
24
73
7
243
19
241
88
99
65
102
5
198
76
72
40
184
167
80
41
191
40
202
136
61
236
1
129
109
165
105
228
100
72
120
69
245
17
54
60
2
33
67
215
82
217
40
16
248
249
32
100
62
58
37
119
144
116
99
24
153
56
36
209
93
143
12
25
206
51
173
64
211
101
250
24
137
145
138
3
201
132
46
87
128
222
181
49
20
41
194
255
18
224
18
196
53
195
195
65
117
208
4
0
194
23
75
143
32
65
176
21
72
232
104
112
29
53
39
213
21
181
111
155
174
137
5
242
29
88
81
38
242
55
185
25
95
36
74
5
202
12
73
168
248
166
80
41
59
42
202
128
53
76
161
129
73
173
105
196
96
10
248
65
87
21
38
60
6
35
82
215
80
217
40
81
186
232
32
116
60
56
53
245
194
246
99
24
201
56
37
209
93
155
8
19
202
19
165
64
83
97
250
248
29
222
214
55
7
93
51
55
255
21
211
159
202
54
95
230
215
52
111
206
175
224
115
11
222
183
62
82
73
52
107
211
37
52
187
82
124
243
245
80
206
189
47
219
20
229
111
153
172
24
5
240
28
156
73
16
242
51
191
89
86
32
250
80
51
17
50
208
2
46
73
194
10
40
50
97
198
129
16
102
199
9
68
74
168
129
28
206
204
111
13
130
8
32
24
112
39
28
191
64
52
5
68
36
66
16
14
78
140
8
148
8
37
80
4
34
26
133
73
128
120
1
156
76
6
32
48
81
51
19
19
80
3
167
254
194
170
42
17
97
194
139
99
98
196
195
6
72
171
13
134
138
168
46
8
146
8
48
26
104
39
69
191
16
52
5
196
184
64
18
14
76
230
0
196
168
44
88
5
50
26
5
65
128
32
3
24
76
6
32
48
97
49
147
18
80
99
163
254
194
142
34
21
97
202
139
227
98
100
131
6
64
171
205
134
10
169
46
1
146
8
112
88
96
39
69
191
20
54
5
84
184
68
22
14
72
226
1
196
56
44
88
4
178
26
4
65
132
32
11
56
76
6
32
241
193
78
4
1
232
26
10
145
40
59
34
66
130
113
96
1
4
201
13
228
204
132
40
216
66
26
137
6
192
2
33
86
114
49
80
41
83
98
132
194
208
84
24
30
192
14
194
17
137
13
16
5
89
95
143
9
17
240
49
180
68
86
0
185
68
39
131
81
88
67
162
255
16
250
130
53
80
194
171
227
130
8
137
6
85
169
108
147
2
8
2
133
128
12
40
82
109
3
85
187
16
246
7
148
210
100
16
22
104
166
1
202
25
44
126
85
145
26
133
72
148
104
7
140
76
6
35
113
192
10
134
7
201
75
134
167
8
56
10
7
18
245
75
160
101
27
137
164
76
133
174
176
74
72
152
2
128
0
11
86
121
33
81
48
81
66
133
196
209
20
24
22
76
134
202
193
137
4
92
5
213
95
137
203
18
96
35
52
72
6
2
248
133
202
12
65
232
248
182
208
57
59
46
206
128
85
76
161
129
73
141
105
196
96
10
216
97
86
25
230
204
7
35
82
215
16
209
32
81
170
232
160
240
60
58
55
245
194
246
105
153
201
28
37
213
93
155
8
23
203
51
165
64
83
64
250
5
162
197
8
16
240
165
126
160
148
138
48
64
29
137
1
139
108
163
42
192
34
74
211
64
117
21
36
52
14
1
75
223
66
213
138
16
184
105
4
53
48
58
39
85
224
53
227
24
188
41
0
176
25
156
0
32
2
2
133
72
199
101
90
192
10
2
3
201
136
134
129
8
57
42
67
144
116
75
160
5
11
165
146
204
5
11
72
83
92
25
102
128
130
131
86
95
49
65
32
113
2
236
40
97
20
0
47
197
70
190
65
153
200
24
5
213
79
153
203
19
81
150
181
64
115
0
72
192
14
134
11
200
74
134
167
40
56
42
15
16
245
75
168
69
11
9
164
76
133
14
144
67
76
152
2
129
0
11
86
249
33
81
48
81
66
132
224
210
22
24
30
93
150
194
193
153
76
92
5
213
95
153
201
18
224
35
52
88
70
2
248
25
141
137
30
3
203
148
46
211
128
223
133
48
20
41
130
237
18
98
146
212
55
195
199
217
125
208
12
64
194
151
106
207
44
65
180
31
72
232
120
120
29
53
39
213
53
181
111
187
174
137
15
240
29
88
65
54
243
63
185
56
87
32
202
5
198
68
136
17
152
132
80
33
214
40
202
136
59
236
3
128
109
161
41
128
100
72
97
69
149
17
33
60
8
1
65
215
66
220
138
0
248
45
32
100
54
40
37
22
144
116
227
16
189
56
4
147
25
239
12
24
192
2
133
72
211
100
122
195
86
76
164
236
190
59
80
32
111
33
74
142
105
100
5
132
125
29
97
232
228
56
120
78
186
185
62
248
1
49
85
82
117
152
89
66
105
52
131
212
194
26
159
193
8
216
17
8
149
16
4
73
254
143
9
24
180
49
156
68
22
32
185
133
202
239
69
236
223
215
246
186
149
62
207
206
125
94
168
173
233
254
175
244
79
110
241
123
119
29
118
237
159
67
103
159
121
99
76
94
153
254
58
117
157
42
183
157
122
253
225
177
217
143
155
241
239
154
207
127
222
50
45
242
213
4
222
137
206
12
65
236
253
254
80
57
127
46
74
142
117
108
161
133
249
189
233
196
116
42
248
107
127
25
118
252
71
59
83
215
80
216
96
83
235
248
161
214
188
122
63
213
6
246
113
153
217
28
5
221
221
155
12
19
215
51
173
64
27
4
248
193
13
142
214
33
6
93
3
54
239
37
195
138
235
52
15
164
215
36
103
198
175
192
99
75
219
183
62
80
8
48
105
211
52
84
186
82
124
226
244
112
94
56
47
211
20
245
111
153
172
24
5
240
29
156
73
16
242
51
189
88
87
32
251
3
134
1
32
140
176
46
80
32
3
1
202
192
1
4
1
8
109
33
97
128
100
74
121
68
213
17
166
20
4
33
1
215
212
217
8
64
168
40
2
36
40
56
173
215
16
116
51
16
152
24
32
225
145
158
40
17
130
19
133
64
83
96
122
193
142
6
199
233
192
134
129
56
121
42
75
138
117
66
37
101
139
173
163
204
13
175
120
66
95
25
38
188
2
131
87
255
97
80
48
81
192
236
160
117
20
40
191
205
6
254
209
137
201
24
5
213
79
136
203
19
212
50
181
64
87
0
248
66
1
130
214
105
6
220
2
54
252
7
67
154
251
16
22
230
211
32
35
196
47
192
115
74
138
166
14
82
8
49
107
247
36
84
178
82
120
227
244
80
92
56
14
193
20
193
79
153
172
24
5
240
29
156
73
16
242
51
189
88
86
32
250
67
144
152
42
221
130
14
8
66
35
129
42
160
14
6
17
102
35
16
148
201
7
75
76
198
192
232
77
146
40
193
32
149
173
156
151
34
8
7
99
0
202
14
73
21
88
164
21
80
118
24
4
36
160
120
227
26
59
182
16
56
209
182
65
64
2
130
17
8
146
42
69
0
170
3
132
192
132
35
3
140
73
1
99
138
37
74
155
73
10
162
198
64
5
49
70
87
16
81
41
17
238
224
66
144
104
56
46
243
28
67
123
25
200
56
5
245
93
156
72
17
226
19
181
72
82
0
242
2
0
0
2
9
128
2
1
2
2
1
4
0
70
1
17
108
2
0
144
193
32
1
66
64
20
224
77
2
42
129
96
151
36
17
160
43
8
74
64
32
0
12
9
20
20
165
111
17
236
24
5
180
0
88
201
18
51
50
177
16
115
32
74
137
206
36
141
238
253
142
145
61
125
40
207
142
125
116
45
165
251
173
160
252
70
186
120
90
126
61
118
253
83
59
87
215
113
90
49
243
98
252
168
87
30
26
191
213
18
254
81
136
217
24
13
245
239
142
201
27
215
51
181
214
87
2
184
129
202
12
73
232
249
186
144
56
59
46
206
138
113
108
169
132
233
157
171
196
101
10
248
97
86
25
246
253
7
51
83
247
80
217
96
83
203
232
160
214
60
58
23
241
134
246
113
153
201
28
37
221
77
155
8
23
215
51
173
80
83
66
249
129
206
6
71
237
184
222
176
60
125
38
203
142
121
76
141
228
255
189
169
236
79
170
120
107
127
59
54
253
3
51
119
215
97
88
113
87
239
188
160
215
222
42
31
217
2
222
81
137
209
28
5
205
239
143
205
27
212
51
189
212
87
0
185
194
21
138
214
38
7
92
3
54
255
1
195
154
202
52
31
228
215
36
39
198
175
192
115
74
218
166
14
82
8
48
99
211
36
20
186
82
120
227
244
80
78
56
47
209
20
193
111
153
172
24
5
240
28
156
73
16
242
51
157
88
86
32
251
8
10
128
142
3
203
132
46
7
128
31
133
49
28
41
194
141
18
96
146
196
55
194
195
65
117
208
4
0
194
23
75
143
36
65
176
21
72
232
104
96
29
53
39
213
52
181
111
153
174
137
5
242
29
216
65
32
242
23
177
25
95
36
74
113
21
19
19
208
7
131
246
198
140
34
21
1
202
155
119
98
246
131
38
72
171
140
6
10
168
46
13
146
8
112
59
96
39
69
191
16
54
7
220
176
68
20
14
72
226
1
198
169
44
88
4
48
26
141
67
144
32
43
56
76
6
32
176
80
51
19
83
216
2
38
251
194
56
98
19
225
195
145
2
98
199
203
6
74
172
140
151
202
136
166
13
146
8
32
24
114
39
84
191
84
52
7
196
134
66
144
30
72
166
9
214
8
37
80
144
32
26
141
75
192
120
3
156
76
68
33
49
128
10
2
3
201
128
134
129
40
185
42
71
146
117
107
32
5
11
165
146
204
5
11
216
82
92
25
98
132
130
131
86
127
48
67
32
121
138
236
40
101
20
8
46
197
71
190
97
153
200
24
5
213
77
152
201
23
81
151
181
0
115
0
72
1
130
1
40
136
176
38
80
32
15
32
202
192
1
4
1
9
109
33
97
136
100
74
121
68
213
17
166
20
6
33
1
87
144
217
8
1
168
104
2
36
32
56
169
87
16
118
51
24
152
56
32
225
144
190
40
17
130
19
133
64
83
96
114
195
205
154
214
33
22
92
7
55
239
37
202
18
235
38
31
172
215
52
103
198
173
224
35
73
211
179
127
83
40
52
99
215
52
20
186
82
124
226
244
112
94
56
111
243
20
245
111
153
172
24
5
240
29
156
73
17
242
51
189
88
87
32
251
5
6
68
136
17
152
36
80
33
82
42
0
128
59
137
1
203
108
161
40
192
68
72
97
64
213
17
33
60
8
1
1
86
66
213
170
0
216
45
0
36
52
56
165
21
128
116
227
16
44
56
52
145
25
142
12
8
64
2
133
72
83
36
114
5
6
68
128
17
152
164
64
33
82
10
0
128
63
137
1
203
108
161
32
192
68
72
97
69
213
17
33
60
10
1
1
84
66
213
170
16
184
45
4
36
52
56
165
5
128
116
227
16
44
56
48
145
25
142
8
0
72
2
165
72
71
33
114
5
202
12
73
168
248
162
80
56
63
42
202
192
49
77
169
128
105
173
104
196
100
10
248
65
85
25
242
109
7
35
83
215
80
217
32
81
186
248
32
246
62
58
53
245
210
246
97
152
217
44
39
213
77
155
12
23
207
19
165
64
115
71
251
250
217
222
214
55
23
93
183
23
255
53
219
31
234
182
94
191
215
60
111
142
191
226
51
9
223
183
127
83
105
54
107
211
52
52
251
210
125
242
245
82
207
189
111
251
20
245
111
157
172
26
5
248
29
156
73
17
242
51
191
89
87
35
251
218
93
222
214
55
23
92
183
55
255
61
219
159
234
54
94
239
215
60
111
206
191
226
51
75
223
183
126
83
105
52
107
211
52
52
251
82
124
242
245
82
78
185
111
251
20
213
111
153
172
24
5
240
29
156
73
17
242
51
159
89
86
32
250
82
9
154
214
41
2
216
10
54
248
39
195
150
251
2
30
102
147
32
35
198
47
192
115
75
202
162
79
82
41
17
111
247
36
84
186
82
120
226
244
208
92
56
110
209
20
209
111
153
172
24
5
240
29
157
73
16
242
51
189
88
87
32
250
5
163
215
72
24
208
165
126
160
148
14
80
64
125
137
1
139
108
163
106
224
100
78
243
76
245
21
164
44
10
1
75
151
66
65
138
16
152
105
12
45
48
56
39
101
224
117
235
24
188
41
52
176
25
156
0
32
66
2
141
72
199
101
250
5
138
68
64
8
216
166
80
41
159
42
66
192
53
200
161
137
73
173
41
196
96
72
248
73
85
29
166
44
6
35
67
215
82
217
40
16
186
237
32
100
52
56
181
117
130
118
99
24
201
40
48
209
93
139
12
6
200
19
165
64
83
97
122
2
13
146
150
105
202
208
15
22
96
7
69
178
126
34
52
230
147
32
19
196
47
194
99
82
202
224
79
18
170
131
103
151
36
81
178
82
90
235
124
81
92
8
46
193
20
245
111
153
172
24
5
240
29
156
73
16
242
51
189
88
87
32
250
2
141
146
150
41
202
208
15
22
193
7
101
178
126
34
52
230
147
32
19
198
47
195
99
87
202
224
15
82
170
3
103
151
36
81
186
114
90
234
124
81
92
56
99
197
20
245
111
153
174
24
5
240
29
156
73
16
242
51
189
88
87
32
218
