posters/Movie Poster 98.jpg
512
714
242
-88.2376
-1
0
121
563
0.0120838
31
99.0903
-1
0
117
552
0.0189447
31
-137.49
-1
0
132
526
0.0155791
31
101.572
-1
0
133
518
0.0265414
31
92.5385
-1
0
128
518
0.0204722
31
88.3634
-1
0
107
518
0.0190812
31
-142.734
-1
0
143
524
0.0223183
31
136.697
-1
0
161
517
0.0147511
31
-176.615
-1
0
387
204
0.0151217
31
8.36589
-1
0
145
558
0.0164078
31
106.327
-1
0
123
535
0.0139367
31
124.061
-1
0
142
521
0.0290563
31
127.648
-1
0
113
552
0.0222121
31
104.744
-1
0
101
536
0.0125819
31
74.4025
-1
0
345
110
0.0124321
31
-92.3008
-1
0
105
561
0.0157824
31
-91.828
-1
0
124
561
0.0317452
31
-111.228
-1
0
134
561
0.0267419
31
95.9061
-1
0
102
552
0.0220676
31
86.8493
-1
0
106
522
0.0200285
31
-156.949
-1
0
136
524
0.0198098
31
97.9638
-1
0
143
517
0.016112
31
110.136
-1
0
135
521
0.0218557
31
98.9048
-1
0
135
517
0.0171862
31
92.8886
-1
0
123
517
0.0179786
31
-91.8882
-1
0
146
563
0.0205252
31
60.9454
-1
0
118
539
0.0205796
31
90.2459
-1
0
264
302
0.0188546
31
85.8961
-1
0
116
517
0.0207933
31
73.0725
-1
0
119
543
0.0194368
31
-130.724
-1
0
392
205
0.0144793
31
147.465
-1
0
109
543
0.013736
31
-86.8575
-1
0
123
564
0.0197684
31
71.0754
-1
0
121
540
0.0202409
31
-90.2348
-1
0
126
564
0.0168418
31
-100.748
-1
0
132
564
0.0200391
31
94.6224
-1
0
98
517
0.0160888
31
78.9388
-1
0
109
521
0.0314353
31
106.06
-1
0
99
524
0.0154277
31
-91.0464
-1
0
148
564
0.0124589
31
-172.875
-1
0
163
524
0.0136546
31
-98.8646
-1
0
152
564
0.0130306
31
-167.957
-1
0
160
524
0.0174685
31
-153.905
-1
0
389
206
0.0205963
31
90.9094
-1
0
108
524
0.0210391
31
-135.971
-1
0
106
555
0.0330438
31
83.0888
-1
0
115
524
0.0185899
31
-137.437
-1
0
150
524
0.015334
31
85.9504
-1
0
116
521
0.0306422
31
112.96
-1
0
155
516
0.0126277
31
170.789
-1
0
124
555
0.0265761
31
166.781
-1
0
130
542
0.0187187
31
64.2307
-1
0
117
524
0.0200055
31
-150.859
-1
0
156
525
0.0103615
31
62.202
-1
0
174
110
0.00936362
31
87.5559
-1
0
145
552
0.0102066
31
66.7698
-1
0
218
591
0.0099606
31
-107.008
-1
0
126
207
0.00989843
31
77.4712
-1
0
121
523
0.00949466
31
-125.857
-1
0
124
218
0.0108416
31
82.9716
-1
0
381
110
0.0112068
31
75.6135
-1
0
250
111
0.0095673
31
-142.533
-1
0
120
218
0.0104954
31
122.949
-1
0
107
536
0.00974852
31
76.8889
-1
0
379
111
0.00942109
31
132.434
-1
0
392
111
0.0120349
31
96.317
-1
0
261
112
0.00937209
31
63.79
-1
0
138
109
0.0104231
31
126.573
-1
0
109
537
0.00947104
31
-98.3326
-1
0
136
564
0.0113874
31
-12.45
-1
0
103
120
0.0109518
31
155.344
-1
0
129
537
0.0120389
31
-88.2525
-1
0
102
563
0.0113273
31
-88.3865
-1
0
99
122
0.0103461
31
-74.6992
-1
0
101
122
0.011719
31
-6.87303
-1
0
234
464
0.00962984
31
-38.4537
-1
0
211
203
0.0103639
31
106.473
-1
0
153
553
0.010474
31
143.31
-1
0
124
551
0.011933
31
-65.9871
-1
0
186
466
0.0107079
31
62.5024
-1
0
185
432
0.00993948
31
107.65
-1
0
266
303
0.00945437
31
115.419
-1
0
339
193
0.0090299
31
-121.624
-1
0
159
564
0.00930388
31
101.288
-1
0
366
194
0.00932437
31
-105.09
-1
0
410
209
0.00914199
31
134.142
-1
0
166
194
0.00922336
31
105.178
-1
0
149
517
0.00922035
31
-109.889
-1
0
405
211
0.00908711
31
75.4397
-1
0
153
194
0.00903162
31
135.354
-1
0
163
552
0.00874004
31
89.6643
-1
0
408
194
0.00894665
31
86.8202
-1
0
397
552
0.00887766
31
122.992
-1
0
159
553
0.00899625
31
95.0951
-1
0
282
111
0.00878442
31
121.523
-1
0
362
110
0.0089462
31
151.975
-1
1
126
552
0.0136899
37.2
-130.601
-1
1
154.8
561.6
0.0114422
37.2
-84.6107
-1
1
150
560.4
0.00702541
37.2
-79.4519
-1
1
380.4
228
0.00847293
37.2
-162.78
-1
1
297.6
546
0.00927877
37.2
-59.2112
-1
1
186
465.6
0.0126076
37.2
103.076
-1
1
152.4
553.2
0.00774345
37.2
-81.4692
-1
1
268.8
213.6
0.0073993
37.2
-118.942
-1
1
123.6
217.2
0.00783789
37.2
110.739
-1
1
135.6
520.8
0.0153787
37.2
114.386
-1
1
121.2
540
0.0125797
37.2
94.2142
-1
1
264
298.8
0.00690537
37.2
-147.848
-1
1
123.6
555.6
0.0174484
37.2
-66.8014
-1
1
277.2
214.8
0.00730264
37.2
140.648
-1
1
123.6
550.8
0.00939232
37.2
7.41149
-1
1
174
446.4
0.00853191
37.2
59.8968
-1
1
184.8
432
0.00791233
37.2
62.2972
-1
1
292.8
192
0.00691704
37.2
-96.3842
-1
1
123.6
560.4
0.0242724
37.2
-114.905
-1
1
134.4
560.4
0.0185373
37.2
-57.7669
-1
1
184.8
469.2
0.00706973
37.2
114.722
-1
1
339.6
193.2
0.00722373
37.2
96.8428
-1
1
364.8
193.2
0.00951387
37.2
-98.2971
-1
1
135.6
562.8
0.0110317
37.2
-179.029
-1
1
142.8
524.4
0.00746522
37.2
-176.698
-1
1
390
205.2
0.011618
37.2
-91.606
-1
1
122.4
564
0.0147784
37.2
155.706
-1
1
387.6
204
0.0124206
37.2
1.84761
-1
1
212.4
204
0.00904035
37.2
-93.117
-1
1
126
564
0.0124659
37.2
-104.449
-1
1
133.2
564
0.0105945
37.2
-90.3951
-1
1
141.6
564
0.00762136
37.2
82.711
-1
1
153.6
194.4
0.00814716
37.2
-85.0303
-1
1
145.2
564
0.00897056
37.2
-93.1579
-1
1
148.8
564
0.00722117
37.2
133.078
-1
1
270
301.2
0.00775823
37.2
131.385
-1
1
165.6
194.4
0.00839496
37.2
93.8337
-1
1
264
302.4
0.0163408
37.2
-96.3402
-1
1
152.4
564
0.00787111
37.2
116.301
-1
1
266.4
303.6
0.0087354
37.2
-0.98776
-1
1
261.6
573.6
0.0107913
37.2
71.3148
-1
1
326.4
194.4
0.00818235
37.2
113.691
-1
1
141.6
520.8
0.0155809
37.2
101.781
-1
1
134.4
517.2
0.00842664
37.2
103.874
-1
1
142.8
517.2
0.00797734
37.2
76.002
-1
1
354
193.2
0.00639011
37.2
-147.707
-1
1
163.2
562.8
0.00622991
37.2
152.146
-1
1
163.2
519.6
0.00638143
37.2
95.0921
-1
1
123.6
517.2
0.00667956
37.2
-170.538
-1
1
258
202.8
0.00616925
37.2
163.187
-1
1
303.6
123.6
0.00617635
37.2
67.0323
-1
1
218.4
590.4
0.00634367
37.2
114.916
-1
1
154.8
516
0.00622058
37.2
95.1685
-1
1
127.2
517.2
0.00584199
37.2
-64.9037
-1
2
214.56
207.36
0.00581289
44.64
-5.71059
-1
2
234.72
465.12
0.00671645
44.64
144.699
-1
2
270.72
303.84
0.0065474
44.64
93.5579
-1
2
365.76
192.96
0.00616099
44.64
-175.778
-1
2
298.08
544.32
0.0064453
44.64
59.4141
-1
2
185.76
432
0.00858375
44.64
110.556
-1
2
152.64
554.4
0.00707329
44.64
-68.5232
-1
2
276.48
214.56
0.00678179
44.64
84.9462
-1
2
262.08
299.52
0.00609909
44.64
23.9366
-1
2
250.56
325.44
0.00631731
44.64
89.8096
-1
2
154.08
194.4
0.00743465
44.64
131.634
-1
2
165.6
194.4
0.00696939
44.64
85.6955
-1
2
326.88
194.4
0.00700826
44.64
134.012
-1
2
269.28
300.96
0.00832582
44.64
111.363
-1
2
339.84
194.4
0.00690606
44.64
109.309
-1
2
264.96
303.84
0.0100942
44.64
5.16224
-1
2
174.24
446.4
0.0078359
44.64
-130.006
-1
2
155.52
563.04
0.00647305
44.64
-175.236
-1
2
259.2
203.04
0.00708886
44.64
146.634
-1
2
293.76
538.56
0.00542577
44.64
-97.1527
-1
2
267.84
214.56
0.00467197
44.64
155.376
-1
2
289.44
444.96
0.00428521
44.64
109.093
-1
2
144
552.96
0.00474309
44.64
152.928
-1
2
162.72
521.28
0.00472688
44.64
-54.7436
-1
2
185.76
469.44
0.0053984
44.64
83.7387
-1
2
354.24
192.96
0.0053424
44.64
-53.5836
-1
2
184.32
463.68
0.00555237
44.64
53.2858
-1
2
211.68
203.04
0.00485615
44.64
-18.1628
-1
2
180
452.16
0.00488972
44.64
179.174
-1
2
273.6
381.6
0.00485278
44.64
-89.6129
-1
2
302.4
226.08
0.00451085
44.64
-70.3337
-1
2
296.64
226.08
0.00434272
44.64
117.653
-1
2
309.6
192.96
0.005153
44.64
60.1689
-1
2
292.32
192.96
0.00528019
44.64
-79.6952
-1
2
272.16
214.56
0.00385329
44.64
48.1681
-1
2
190.08
440.64
0.00390992
44.64
29.3159
-1
2
181.44
440.64
0.00384376
44.64
-104.172
-1
2
148.32
564.48
0.00376735
44.64
28.8108
-1
3
179.712
440.64
0.00346914
53.568
131.468
-1
3
267.84
300.672
0.00907768
53.568
110.739
-1
3
264.384
304.128
0.0109575
53.568
85.4712
-1
3
260.928
298.944
0.00507394
53.568
144.507
-1
3
269.568
304.128
0.00684291
53.568
164.344
-1
3
293.76
438.912
0.00447095
53.568
48.2112
-1
3
190.08
440.64
0.00388582
53.568
104.731
-1
3
338.688
193.536
0.00538142
53.568
96.9654
-1
3
326.592
193.536
0.00535955
53.568
116.372
-1
3
309.312
193.536
0.00420755
53.568
63.0798
-1
3
292.032
193.536
0.00554129
53.568
173.029
-1
3
273.024
380.16
0.00645535
53.568
22.777
-1
3
186.624
444.096
0.00494182
53.568
56.8623
-1
3
184.896
432
0.00761462
53.568
164.412
-1
3
278.208
376.704
0.00365615
53.568
-69.6769
-1
3
297.216
224.64
0.00454315
53.568
60.9454
-1
3
212.544
203.904
0.00394779
53.568
-133.152
-1
3
257.472
203.904
0.00713884
53.568
157.62
-1
3
293.76
539.136
0.00800277
53.568
7.67896
-1
3
174.528
445.824
0.00738525
53.568
-103.919
-1
3
267.84
214.272
0.00521368
53.568
-45.8425
-1
3
184.896
468.288
0.00402795
53.568
-10.9111
-1
3
233.28
464.832
0.00862188
53.568
-52.125
-1
3
186.624
463.104
0.00536268
53.568
-16.631
-1
3
238.464
459.648
0.00347815
53.568
-68.1986
-1
3
274.752
212.544
0.00733911
53.568
23.0566
-1
3
250.56
324.864
0.00533761
53.568
-15.1924
-1
3
181.44
452.736
0.00385122
53.568
161.996
-1
3
288.576
444.096
0.0032275
53.568
-121.661
-1
3
264.384
209.088
0.00270995
53.568
171.87
-1
4
259.2
203.213
0.00803143
64.2816
53.8204
-1
4
211.507
203.213
0.0028641
64.2816
-87.546
-1
4
300.672
215.654
0.0023111
64.2816
-105.37
-1
4
267.494
213.581
0.0039868
64.2816
177.056
-1
4
292.378
454.118
0.00298335
64.2816
-21.4253
-1
4
238.464
460.339
0.00471186
64.2816
171.979
-1
4
273.715
379.469
0.00734692
64.2816
23.9989
-1
4
252.979
325.555
0.00294607
64.2816
-15.0013
-1
4
232.243
466.56
0.00564267
64.2816
163.54
-1
4
269.568
302.746
0.00774179
64.2816
-87.3699
-1
4
300.672
223.949
0.00404711
64.2816
162.239
-1
4
288.23
443.75
0.00281153
64.2816
120.677
-1
4
263.347
304.819
0.00866551
64.2816
148.173
-1
4
265.421
298.598
0.00736194
64.2816
163.862
-1
4
277.862
375.322
0.00594892
64.2816
163.74
-1
4
294.451
437.53
0.00507125
64.2816
-67.238
-1
4
275.789
211.507
0.00537835
64.2816
-167.471
-1
5
263.762
298.598
0.00477354
77.1379
-175.314
-1
5
268.739
301.087
0.00474803
77.1379
15.9454
-1
5
253.809
320.993
0.00306263
77.1379
12.583
-1
5
253.809
325.97
0.0029789
77.1379
116.565
-1
5
261.274
308.552
0.00264289
77.1379
35.0223
-1
5
241.367
430.479
0.00235827
77.1379
6.98106
-1
5
246.344
318.505
0.00224736
77.1379
242
64
203
205
175
253
110
247
255
246
57
255
253
201
218
248
119
171
173
221
63
111
238
173
230
59
111
223
191
182
85
71
54
255
243
39
53
121
82
125
252
247
122
126
120
63
223
29
255
123
141
137
94
5
249
63
156
72
145
246
51
159
93
87
2
187
253
251
247
127
248
120
253
250
217
189
248
251
231
255
206
248
251
174
255
79
127
140
175
157
255
255
115
251
207
143
234
191
250
103
108
255
255
183
255
252
219
126
187
255
251
51
31
180
233
151
103
243
216
191
143
101
231
252
197
111
254
116
147
189
218
249
218
255
119
115
126
190
87
250
253
188
62
134
47
250
191
215
56
223
15
221
231
59
175
223
251
253
83
103
254
187
217
181
189
255
207
125
254
119
50
235
247
125
191
157
103
190
223
235
119
215
233
254
246
254
209
255
237
91
125
40
211
182
187
222
93
239
255
255
223
25
255
127
60
201
175
127
124
253
247
247
29
249
196
98
185
125
239
223
239
127
127
91
249
127
211
237
222
255
123
115
249
245
211
222
90
63
213
150
252
95
137
189
30
5
232
189
143
73
16
246
51
159
88
87
38
185
250
254
127
207
255
255
223
121
255
127
30
253
191
126
252
253
255
215
29
43
197
34
173
125
239
223
111
111
223
91
253
127
241
101
92
255
82
115
237
244
211
222
90
62
209
150
252
95
141
173
30
5
248
29
143
73
144
246
59
189
88
95
34
185
105
252
110
223
255
191
251
121
252
255
222
253
191
127
253
237
226
213
31
110
205
43
165
127
111
222
174
31
95
75
61
127
243
37
84
251
82
115
225
245
210
222
26
30
209
150
193
95
141
173
30
5
248
29
159
73
16
246
59
189
88
22
34
185
122
105
154
187
99
91
94
175
95
226
221
188
51
166
127
250
159
147
120
223
15
213
231
11
191
213
250
173
67
255
190
187
160
133
55
251
255
111
206
122
50
221
245
104
63
159
103
188
223
170
247
215
187
125
116
254
209
239
105
121
29
168
218
166
3
207
8
92
39
158
31
9
175
86
59
202
136
89
108
189
133
231
36
177
196
118
16
98
65
215
181
124
17
50
7
65
210
56
211
40
218
8
234
97
98
30
41
173
181
82
244
111
147
139
24
3
176
29
223
91
17
243
50
189
112
211
72
250
62
248
186
249
54
119
252
183
223
190
252
188
119
150
63
255
253
218
123
219
181
87
95
159
189
77
247
239
87
247
247
242
229
152
207
101
255
125
232
115
122
93
247
61
215
245
55
127
255
250
158
207
246
189
248
81
150
243
255
255
255
251
106
246
26
232
8
43
39
217
28
132
255
187
223
174
252
38
127
250
157
186
98
217
173
210
75
220
245
85
253
251
111
247
255
226
157
248
235
100
239
9
232
106
44
157
101
57
151
245
54
49
247
202
175
11
166
5
122
252
190
199
157
113
183
251
88
70
250
59
243
119
221
170
39
120
207
53
222
127
231
223
218
216
242
135
251
86
253
175
139
213
223
254
252
175
234
154
235
174
143
47
103
191
125
26
237
124
205
84
147
231
205
107
175
199
172
38
137
234
240
191
29
243
100
254
215
187
186
71
180
94
251
213
124
94
127
191
95
24
247
125
181
203
175
121
100
95
246
247
28
185
252
115
241
118
229
235
225
126
127
113
221
105
219
108
146
60
202
121
176
249
214
223
122
143
209
82
245
79
148
183
24
13
104
189
159
77
57
182
119
159
219
214
46
249
255
250
127
111
252
250
255
240
251
31
254
251
239
123
220
249
251
239
255
253
109
79
43
252
239
255
127
255
255
111
226
191
214
237
220
215
127
181
253
181
255
222
251
125
217
235
254
181
238
215
135
243
201
231
143
255
118
221
148
47
246
223
116
189
242
250
211
47
253
170
187
238
223
185
213
251
239
147
222
216
250
135
63
93
237
135
231
93
239
217
253
191
215
169
234
174
213
173
108
255
127
191
173
119
219
94
51
191
251
59
154
61
237
166
89
179
241
183
189
235
64
254
181
248
252
87
50
255
65
14
130
33
200
202
166
231
9
184
74
5
144
244
203
160
235
9
169
66
204
13
207
81
91
93
25
38
0
134
35
86
199
35
97
48
81
178
237
108
97
20
48
39
77
132
63
227
153
236
88
5
241
31
152
65
2
224
3
181
72
71
32
122
248
207
239
221
226
223
94
119
61
253
222
205
223
244
126
238
239
213
191
47
204
253
230
59
111
223
191
54
127
71
62
47
215
103
113
121
86
127
254
116
242
255
249
63
223
158
253
127
157
129
94
5
249
63
159
79
209
254
59
189
89
95
3
251
201
205
238
253
103
255
255
247
61
253
221
141
95
252
125
206
175
221
63
111
174
187
230
59
111
223
183
182
95
71
62
255
211
39
117
121
82
119
252
119
251
255
249
62
223
159
223
122
141
137
94
133
249
63
151
76
209
254
59
255
93
79
3
183
88
9
175
213
98
223
251
255
29
252
95
149
95
244
123
238
175
221
249
111
222
185
230
187
123
111
146
20
109
195
62
255
127
51
49
121
86
119
222
124
209
253
221
62
239
174
237
106
159
136
127
149
249
95
149
76
209
238
123
249
65
15
3
246
252
250
243
239
252
124
189
251
221
187
249
251
231
151
223
250
187
196
255
95
61
140
167
157
239
255
255
187
207
255
102
190
232
237
111
255
253
181
233
247
123
94
243
191
255
187
190
176
238
223
246
243
221
183
167
244
196
253
197
110
255
77
211
54
121
62
239
247
255
191
251
122
253
127
214
123
191
251
176
76
162
213
191
111
253
127
195
127
46
170
174
23
126
73
61
239
87
101
28
251
214
255
181
245
208
223
219
30
233
142
201
91
159
173
31
133
105
61
159
77
80
254
59
223
219
31
34
253
122
105
171
250
38
87
92
175
215
234
89
184
115
198
63
222
159
146
122
223
15
253
199
31
223
215
247
189
67
249
190
234
67
158
167
239
255
124
242
113
40
107
245
121
63
157
37
254
255
170
190
211
163
61
116
222
197
235
121
251
127
249
219
182
179
222
95
207
255
252
223
25
255
253
60
201
175
123
124
189
247
215
61
187
196
34
173
125
235
223
109
126
127
27
241
127
240
109
92
180
122
115
169
245
243
94
42
63
208
150
220
79
137
189
94
5
248
29
143
73
16
246
51
188
88
86
38
185
251
214
125
254
255
191
95
24
255
127
212
201
175
121
100
221
254
247
29
249
252
115
177
125
238
250
233
126
127
81
253
109
211
109
148
253
74
115
177
245
214
223
90
31
209
149
236
95
141
181
30
4
104
189
159
77
24
246
59
159
218
95
38
185
179
222
95
207
255
254
223
25
255
255
60
201
175
95
124
253
247
247
61
187
196
34
189
125
239
223
237
127
95
27
249
127
242
109
94
183
122
115
233
245
243
222
58
63
213
150
220
95
137
189
22
5
248
29
143
73
16
242
51
188
88
87
34
185
115
254
127
207
255
255
219
153
255
255
62
253
173
95
125
253
255
247
61
186
197
42
189
127
239
223
239
111
223
91
249
127
243
45
95
255
90
115
237
244
243
94
26
30
213
150
208
95
137
173
30
5
248
29
143
73
144
242
59
189
88
87
34
185
202
205
175
253
103
255
125
255
189
255
253
200
91
189
116
175
137
93
63
111
46
223
230
59
111
207
143
182
93
39
62
187
240
49
52
105
211
125
240
177
90
254
185
63
255
31
215
58
157
137
86
133
217
125
151
12
209
246
57
255
93
86
2
187
221
59
243
117
254
171
249
122
217
57
210
115
243
194
234
201
234
221
191
75
239
45
234
223
175
250
119
167
94
79
126
238
95
163
124
191
60
255
253
151
217
245
247
119
235
39
191
243
236
246
105
246
227
247
31
33
70
158
215
235
237
47
181
126
8
204
140
204
43
217
208
49
59
217
22
205
158
117
108
168
141
155
228
187
212
124
106
251
113
118
19
118
109
227
159
103
159
242
89
0
255
203
250
35
211
189
235
103
245
54
247
107
185
218
137
79
244
5
155
77
55
211
246
175
243
123
135
223
121
238
126
223
251
223
223
249
255
255
252
253
63
126
253
236
227
213
127
106
213
43
173
127
127
255
167
47
95
207
57
127
251
39
93
187
82
119
237
252
211
94
88
62
213
182
209
95
137
173
30
5
248
29
159
73
144
242
51
189
88
87
34
185
253
187
247
117
248
107
97
254
249
57
214
251
255
243
134
218
251
221
255
107
239
205
235
255
207
255
215
247
239
79
246
238
159
227
100
254
116
253
255
119
93
189
235
119
233
37
255
227
236
247
237
254
242
254
154
109
110
252
215
203
251
125
181
94
220
249
251
253
55
115
252
254
93
250
253
188
119
214
255
251
187
220
251
79
47
185
230
154
173
207
243
249
87
111
246
187
237
23
189
239
215
245
249
117
58
111
247
124
255
159
55
62
222
191
255
247
250
255
244
116
212
187
237
203
125
110
247
183
255
254
251
111
254
244
251
144
219
191
208
255
230
90
231
125
246
239
191
155
237
63
63
93
238
250
127
239
223
127
255
183
231
249
221
247
255
191
237
247
219
78
195
220
251
249
155
55
252
223
28
231
244
231
156
227
86
159
246
143
254
251
255
191
203
201
175
253
110
251
255
214
57
191
253
201
90
236
127
171
173
221
63
239
238
173
230
59
79
223
183
182
81
7
54
255
243
39
117
121
90
117
252
246
122
126
56
63
223
31
255
123
157
136
94
5
249
63
148
72
145
246
51
191
92
87
2
251
221
59
247
116
249
170
96
122
249
57
214
115
238
243
206
218
234
205
191
107
239
143
235
255
207
219
119
183
254
77
234
238
95
235
100
255
52
191
255
117
221
244
251
119
233
101
127
243
236
246
105
246
225
254
159
45
78
188
215
235
174
37
181
94
203
205
175
253
110
239
254
247
57
255
253
201
90
228
127
170
173
221
63
111
238
173
230
59
111
223
179
182
81
7
54
255
243
55
124
121
83
103
252
246
250
126
56
63
223
31
223
122
157
136
94
5
217
95
149
72
145
246
51
189
92
87
2
187
200
13
143
245
98
239
254
247
25
249
95
141
83
244
123
170
173
217
121
111
190
169
230
187
123
111
150
134
65
195
62
254
255
55
113
121
83
103
232
244
89
124
249
46
239
63
239
106
157
136
94
133
249
95
149
72
209
250
59
189
89
6
3
250
107
204
238
175
127
191
159
26
253
253
189
249
187
191
228
207
171
245
60
125
201
7
181
61
111
221
169
55
87
57
61
127
209
37
52
187
82
127
161
245
82
222
56
47
223
30
220
89
137
173
30
5
249
29
159
73
16
242
59
188
88
87
34
187
120
43
103
215
251
191
251
123
253
253
214
119
191
251
217
196
162
213
223
106
221
47
137
127
111
186
166
23
126
73
61
255
123
103
124
187
86
255
213
244
209
127
219
30
233
166
201
91
141
45
29
133
249
29
159
77
80
254
59
223
72
15
35
189
123
20
254
167
255
231
91
126
247
239
213
190
191
175
182
95
250
213
58
117
185
215
195
61
46
232
248
31
122
121
127
239
85
237
189
255
194
125
169
87
80
201
95
14
219
29
232
61
221
182
26
133
232
184
156
109
216
182
59
156
221
31
54
247
202
205
175
253
39
255
253
255
189
255
253
200
91
188
125
175
137
221
63
111
46
159
228
59
111
223
159
182
85
55
54
187
240
49
112
105
211
125
248
241
122
254
57
63
255
159
215
58
157
137
86
133
217
125
149
76
145
246
57
253
93
86
2
187
67
197
138
90
7
82
92
14
33
170
57
128
42
205
38
11
141
116
32
155
134
255
81
43
69
215
147
36
19
50
34
65
211
14
179
41
74
108
114
96
48
234
172
105
23
84
117
234
83
168
56
68
129
25
254
30
153
162
123
95
29
241
201
162
201
205
143
253
35
255
253
175
157
255
127
136
27
188
127
174
141
24
125
111
62
151
230
179
121
255
155
180
65
211
54
187
248
48
97
105
83
111
232
248
250
190
185
63
223
191
247
122
159
137
30
133
217
93
149
76
209
226
59
253
85
86
2
187
67
205
138
90
7
91
93
14
3
234
25
136
26
172
38
14
141
20
32
159
134
223
192
43
79
215
179
44
19
112
62
73
211
14
181
41
74
108
114
104
34
234
236
105
31
28
117
238
87
168
58
212
163
25
246
30
153
226
123
91
29
241
219
242
222
249
255
253
54
123
248
247
93
186
253
189
95
150
191
251
189
222
251
255
37
209
231
155
173
79
243
251
93
231
246
234
253
16
191
231
255
125
248
117
122
223
247
125
247
151
247
108
255
255
239
215
250
253
250
93
214
255
63
223
127
251
255
247
251
54
255
247
255
183
251
126
246
127
246
115
191
251
178
85
242
213
187
110
249
127
203
127
46
170
174
63
254
121
125
239
119
229
156
251
246
253
181
215
213
197
223
31
233
140
217
95
159
188
25
133
226
188
159
77
88
254
123
159
219
159
60
253
124
43
255
213
226
255
243
247
253
221
214
87
223
240
251
236
254
221
251
47
244
125
210
247
251
122
158
244
108
214
94
170
207
67
67
181
254
127
255
124
252
53
247
182
233
166
241
239
191
173
173
251
243
125
159
95
103
254
95
239
123
189
77
254
249
63
247
247
254
183
251
123
247
125
210
119
255
251
176
84
242
213
223
110
245
125
155
127
62
186
174
31
254
93
125
255
119
103
60
187
246
255
253
221
213
69
223
30
201
132
201
223
140
53
29
157
242
190
158
77
72
126
115
159
219
15
33
189
90
201
138
191
71
75
90
142
93
162
221
188
59
164
127
250
157
17
56
223
14
149
231
3
39
197
250
45
67
243
62
169
176
45
55
251
107
111
206
120
50
253
245
120
31
159
101
188
223
138
246
151
155
127
116
254
217
237
41
121
29
72
210
194
120
251
254
255
255
191
251
122
255
127
214
125
191
122
253
221
242
213
223
106
245
127
139
127
111
186
166
31
126
77
125
255
247
103
92
187
86
255
213
245
215
223
219
30
217
134
201
95
141
61
30
5
250
61
159
77
80
246
59
159
89
31
35
189
147
222
20
206
239
216
134
16
63
85
62
201
174
61
108
189
245
247
44
185
196
98
177
112
193
215
233
126
63
26
211
49
210
108
82
52
90
90
232
224
247
94
42
47
148
86
244
111
129
141
28
5
248
29
143
75
16
246
50
188
80
87
36
248
181
213
116
79
255
173
215
120
191
85
222
127
172
127
204
69
251
183
222
190
245
111
147
244
113
126
89
118
252
95
207
45
159
107
57
212
246
155
255
61
125
157
235
183
237
225
253
103
165
215
137
45
248
166
154
239
126
223
254
47
178
175
173
222
86
250
211
255
125
242
222
253
91
187
248
249
228
86
137
217
255
135
184
27
197
45
207
219
229
223
227
255
95
109
165
126
255
177
253
53
126
253
250
117
99
94
235
110
191
149
217
127
154
254
124
231
244
181
252
107
198
251
150
207
88
103
183
87
124
62
119
213
250
183
231
249
253
253
210
115
223
122
249
68
242
221
207
106
253
124
152
255
222
186
55
151
252
217
125
223
123
103
94
187
212
254
181
94
221
117
218
30
73
164
201
211
140
45
157
253
251
63
143
93
68
126
83
143
203
15
41
188
106
201
138
186
7
91
92
15
149
226
157
140
59
172
62
254
137
16
48
221
10
215
231
39
23
213
155
45
83
242
62
232
133
12
163
235
234
108
234
120
50
233
117
105
31
28
53
238
87
170
126
148
131
25
244
158
217
226
41
249
25
217
218
226
64
15
144
190
73
202
38
103
8
64
74
21
32
215
139
128
235
1
161
70
197
45
203
67
79
221
16
5
2
14
2
76
151
39
113
186
20
66
237
100
37
116
56
163
77
20
125
239
152
164
89
20
242
30
152
73
0
234
3
177
72
71
33
106
149
47
215
117
160
72
228
231
89
153
238
119
98
247
203
168
235
136
173
15
69
140
39
211
235
95
19
163
204
14
34
62
126
35
125
242
117
183
237
180
113
116
185
182
236
7
127
244
201
173
111
247
216
31
137
73
198
216
5
109
76
37
129
218
159
220
205
206
255
233
85
28
191
85
157
255
175
255
238
253
235
246
60
120
108
207
170
112
103
252
120
59
255
107
94
45
149
229
53
218
66
115
249
119
83
223
74
63
221
150
252
181
197
181
95
4
232
183
159
109
56
244
184
61
216
13
38
218
158
250
95
253
190
249
253
252
221
187
253
253
255
150
255
251
187
220
127
107
47
216
239
188
173
223
183
187
255
111
55
190
241
245
253
219
95
247
249
183
59
255
251
127
255
159
126
48
207
255
119
247
201
183
167
124
212
253
169
239
253
111
247
182
120
126
119
215
254
191
251
249
255
125
214
115
255
122
249
196
242
213
255
106
253
125
137
255
63
186
63
63
254
223
125
255
83
103
92
251
86
255
181
116
213
213
223
30
73
134
216
215
141
53
29
133
250
191
143
77
80
254
123
159
223
15
32
181
220
58
223
245
120
123
250
254
216
185
215
119
247
247
218
234
187
205
255
111
237
141
230
159
175
95
191
183
108
199
54
238
95
49
117
251
95
255
253
87
217
116
243
55
235
47
255
251
255
239
239
243
209
255
158
76
70
255
183
251
109
23
177
254
137
142
134
37
200
233
162
244
24
57
74
71
208
117
75
160
239
137
193
96
244
13
138
248
123
124
28
162
236
199
59
206
221
225
73
48
117
242
237
46
221
20
90
54
77
39
254
225
169
84
89
4
246
15
152
73
6
208
135
165
194
79
32
254
208
9
146
151
200
206
38
227
24
49
94
87
146
244
218
162
239
137
33
103
204
141
203
83
91
94
156
14
192
134
58
110
87
39
97
186
87
122
237
84
80
84
16
38
205
6
175
231
153
36
25
5
240
31
156
73
16
114
51
185
72
23
32
250
220
250
215
117
120
122
254
246
89
185
254
251
70
181
222
234
187
201
255
111
229
205
239
159
239
111
255
247
109
71
163
238
223
209
117
253
125
189
253
245
127
124
251
55
255
35
127
235
191
239
111
243
209
127
155
76
70
255
151
235
252
119
245
254
242
250
211
47
253
162
158
249
207
187
241
251
239
131
135
89
254
199
58
215
201
135
203
93
198
221
255
255
211
45
227
190
223
173
221
191
126
189
173
119
107
78
35
171
255
121
158
53
250
254
24
163
244
190
220
235
68
191
151
185
60
87
48
55
137
142
134
37
200
233
160
244
56
57
78
71
146
117
75
160
235
137
201
34
244
13
142
248
123
126
28
162
236
199
59
222
95
227
105
48
117
242
237
46
221
20
74
54
77
39
255
225
169
84
89
37
213
15
136
73
6
208
167
173
194
15
32
254
5
232
237
137
16
249
167
124
57
196
238
188
193
53
223
233
139
77
227
98
213
33
194
241
77
125
153
165
113
14
51
11
223
0
85
170
18
120
233
116
112
28
56
39
213
52
245
111
153
172
25
5
240
29
156
73
16
226
51
189
88
87
36
250
75
214
142
89
239
179
158
144
58
255
41
138
158
249
39
31
228
215
57
238
200
133
135
121
78
93
187
110
215
5
177
51
243
37
85
187
82
125
165
118
114
78
56
63
213
156
209
29
153
173
24
5
240
29
156
73
16
242
51
157
92
86
34
243
65
143
146
62
65
74
166
79
11
208
10
135
176
220
207
188
239
145
161
70
196
47
195
115
71
223
17
45
18
10
2
79
151
39
113
186
48
88
237
100
101
92
56
39
77
20
117
239
152
164
25
21
242
29
156
73
0
250
51
165
88
71
33
90
242
250
215
47
253
162
159
248
207
187
249
251
239
199
135
89
255
199
126
215
233
135
203
125
198
223
255
255
223
47
227
254
223
237
220
191
126
189
237
119
111
74
35
191
255
121
159
53
250
254
24
163
244
190
220
235
68
191
151
147
188
87
178
63
200
201
175
253
99
255
250
255
29
249
255
205
83
244
95
174
141
152
125
111
190
169
230
187
123
111
130
166
65
135
62
191
251
51
113
121
87
119
232
248
218
254
185
62
251
63
203
122
157
136
94
133
217
95
149
72
209
242
59
253
89
22
3
251
185
238
125
65
232
253
167
120
253
85
254
219
239
125
220
172
151
237
239
41
244
102
57
244
249
127
21
182
109
215
67
223
222
72
195
52
220
153
248
169
127
29
251
183
245
99
254
99
170
221
141
106
248
157
139
29
46
214
214
173
242
223
108
222
94
48
147
247
250
198
222
165
219
175
91
85
213
70
153
242
255
195
82
131
207
41
199
207
237
207
230
239
66
239
253
254
103
189
109
191
254
189
234
119
105
76
229
106
231
20
157
127
191
238
25
195
244
21
60
97
196
243
19
251
121
55
113
246
192
201
167
213
238
207
94
119
187
61
190
203
223
245
126
169
239
213
62
39
204
45
226
123
111
223
191
38
223
71
50
46
215
39
116
121
82
127
254
244
113
220
56
47
221
30
253
127
157
132
88
5
225
63
159
75
17
246
51
189
88
85
0
250
153
222
254
77
253
249
245
248
57
157
254
251
238
125
206
169
239
245
191
47
124
206
175
252
111
127
89
50
253
71
66
63
220
67
249
113
118
247
253
181
127
191
235
55
253
163
126
240
239
211
111
180
217
231
139
174
255
220
174
111
215
253
151
158
145
222
126
77
253
249
247
248
185
61
254
251
238
125
206
169
235
245
191
57
252
206
175
252
103
127
89
50
253
79
67
63
221
227
249
117
118
183
253
183
255
159
234
55
221
163
124
177
173
215
79
188
221
231
203
175
246
220
174
111
214
221
151
156
227
220
234
63
221
106
95
155
253
107
168
235
174
207
102
159
235
183
53
213
125
143
187
60
70
255
251
47
219
19
226
39
203
45
150
247
243
53
229
245
122
206
58
171
223
89
254
213
233
166
90
5
232
190
220
193
152
180
247
191
158
86
186
9
177
255
125
78
248
127
247
240
251
21
46
203
239
127
220
189
247
231
255
45
117
202
49
244
243
127
125
250
237
155
194
181
152
109
66
212
219
19
253
253
127
159
58
183
253
114
252
108
161
181
199
122
248
175
139
205
62
252
84
44
242
223
108
216
133
235
87
73
240
89
164
210
123
153
174
203
206
117
238
169
235
225
175
47
69
204
36
240
231
95
25
226
173
14
18
49
254
99
123
216
80
119
253
180
119
30
58
55
221
214
124
228
137
181
68
116
216
31
139
77
22
220
0
45
84
85
5
184
190
251
119
231
254
249
254
249
127
89
254
127
239
119
248
241
247
215
252
63
77
125
3
248
175
222
123
255
254
127
255
191
30
225
223
213
254
123
255
117
117
221
251
127
237
135
254
55
172
151
141
231
250
231
143
255
70
223
214
47
87
63
245
158
105
142
239
233
238
191
163
253
189
255
70
207
157
57
123
141
194
253
217
106
252
71
222
248
121
232
12
166
124
81
57
239
255
224
83
48
119
251
173
58
222
94
90
158
81
247
83
65
185
76
24
13
245
29
157
73
22
246
183
188
218
87
42
253
242
221
247
158
34
79
29
235
231
197
61
218
255
245
54
126
255
215
102
103
86
175
241
231
223
223
245
126
35
154
214
104
215
44
71
190
218
120
235
124
112
93
57
175
213
52
245
111
153
172
153
13
240
29
156
73
16
242
51
189
88
87
32
250
9
205
142
204
42
255
240
51
57
220
102
205
26
120
124
172
141
121
225
171
244
125
88
243
121
127
5
182
109
215
31
199
159
82
89
32
247
202
250
40
251
189
255
103
245
55
247
107
185
216
137
79
246
5
153
12
63
195
246
175
211
251
207
223
70
192
136
185
204
210
14
65
1
42
41
136
192
68
21
9
137
77
32
192
138
37
74
73
76
213
191
46
17
38
51
66
199
148
223
11
0
236
108
35
32
106
32
41
87
28
181
59
16
204
16
1
161
249
20
34
144
138
51
181
92
83
112
162
72
201
142
216
38
95
220
183
29
254
61
140
26
252
127
174
141
90
112
175
214
121
228
163
121
103
151
116
89
211
22
99
223
50
211
96
95
64
250
40
114
61
229
47
151
54
245
106
159
136
158
69
149
77
152
218
147
195
123
191
81
249
75
234
206
194
138
121
239
242
158
197
41
187
41
138
128
128
47
11
137
221
57
206
136
135
94
24
68
221
191
46
209
5
51
82
247
37
95
107
82
125
237
114
50
74
48
61
215
220
147
49
157
172
24
5
209
125
156
203
144
234
57
157
92
87
48
243
222
249
211
253
244
106
248
254
89
169
255
251
98
194
206
250
171
197
60
95
15
141
231
155
239
207
243
171
195
47
38
62
243
183
124
251
94
119
251
247
243
254
177
123
251
31
255
190
205
166
119
247
201
191
53
104
196
187
177
123
28
116
145
191
2
128
129
8
8
200
6
5
3
34
41
140
144
4
13
50
141
1
32
0
134
33
74
75
93
213
145
108
0
162
3
66
135
144
65
8
32
136
234
42
32
56
36
97
53
28
181
43
19
200
8
3
183
81
56
34
9
2
18
177
16
83
112
98
179
222
92
207
239
152
151
24
127
93
60
201
174
125
108
189
247
247
60
185
196
98
177
117
227
255
105
126
255
27
209
119
240
109
82
52
90
83
184
245
247
222
42
63
212
194
252
79
137
181
28
5
248
29
143
77
16
246
50
156
80
87
38
185
221
121
211
117
244
98
125
254
73
169
249
255
226
198
134
251
171
69
55
71
47
173
231
159
207
207
243
171
211
47
34
47
91
39
53
251
22
181
251
247
91
104
179
123
239
25
191
190
200
166
122
247
193
190
52
97
193
185
177
251
28
116
181
174
193
15
16
70
201
202
130
0
10
17
14
71
130
87
72
160
111
131
29
134
68
45
139
67
67
94
24
14
132
10
138
4
22
39
113
176
80
10
207
68
209
20
8
166
205
10
189
231
129
4
25
0
241
79
136
195
83
120
50
53
64
5
48
218
193
207
21
11
192
206
135
216
235
69
43
206
129
55
220
169
239
231
60
36
4
5
18
192
203
245
29
44
164
10
2
25
214
69
91
155
0
8
239
40
37
28
56
167
149
88
252
36
128
156
0
32
177
101
12
203
96
92
16
37
80
85
116
122
196
234
207
93
248
219
254
245
56
187
238
219
202
241
203
168
225
205
191
39
204
141
46
184
79
79
191
230
205
15
51
62
251
33
84
251
86
55
237
244
242
94
56
62
217
54
217
241
153
173
94
37
249
95
157
75
212
252
51
188
92
86
32
185
220
232
239
125
250
249
252
253
217
187
253
255
219
247
223
234
171
220
127
107
79
142
174
188
111
223
191
179
197
143
58
190
249
37
108
251
86
247
233
246
219
254
249
62
223
191
218
177
201
141
86
181
217
159
151
105
208
240
41
125
92
86
34
191
133
239
95
73
240
90
135
208
107
21
175
234
206
119
206
169
227
225
62
100
69
196
0
240
231
117
29
57
173
14
2
49
222
68
93
218
64
57
237
60
55
28
56
183
213
250
244
164
129
189
0
52
216
31
139
75
48
220
16
45
92
85
100
248
194
222
142
217
238
183
158
145
58
251
41
138
142
241
55
27
229
215
61
239
204
133
199
120
75
95
191
110
213
5
179
50
243
36
84
251
82
125
225
116
114
94
56
63
215
148
211
93
153
173
28
5
240
29
157
73
16
242
51
157
92
86
32
251
78
208
9
184
156
232
46
89
9
43
233
202
192
4
134
27
139
77
33
65
232
33
66
88
68
223
187
175
83
38
35
194
215
132
221
171
49
108
233
119
104
76
62
41
247
21
247
127
152
172
24
5
224
29
28
73
152
178
51
185
28
87
32
162
187
251
125
205
247
185
221
120
123
81
159
251
255
116
236
217
247
215
126
60
79
124
131
241
175
246
113
121
254
111
222
57
158
101
253
222
206
123
251
117
117
221
239
55
173
134
252
55
134
151
129
239
186
167
139
111
124
87
62
111
81
13
164
158
72
201
142
218
34
95
212
183
31
252
62
141
24
180
127
174
133
83
248
175
212
21
214
163
121
100
132
68
41
211
30
99
239
48
67
96
255
74
234
40
114
189
103
38
149
182
229
107
183
200
139
13
151
77
153
218
55
195
126
125
83
120
14
234
201
206
142
249
39
255
125
214
61
255
109
136
27
189
127
175
133
252
57
111
46
215
238
57
111
197
143
118
125
65
62
59
241
210
184
105
83
255
180
163
178
190
120
61
30
158
69
176
95
137
62
181
73
253
183
44
209
204
41
222
85
212
26
177
246
249
251
255
254
246
223
221
222
235
221
190
231
198
159
125
251
199
58
86
79
175
199
95
238
223
255
47
211
59
230
58
231
45
157
223
218
53
233
119
50
74
177
252
213
28
181
63
219
174
26
131
240
189
156
99
208
178
57
191
124
87
50
242
94
251
93
222
118
187
95
124
255
122
125
152
93
182
252
218
247
215
24
108
142
249
194
58
173
197
235
125
127
105
253
41
240
101
252
255
70
119
179
247
178
223
255
63
151
158
205
30
151
165
87
133
42
189
151
79
208
246
59
222
93
78
50
181
41
142
206
171
234
189
162
177
61
255
70
79
156
57
123
133
192
249
201
226
252
117
219
248
121
56
28
166
252
81
59
215
255
224
83
32
119
219
237
42
252
29
90
158
81
167
219
113
185
76
24
45
244
157
153
73
22
228
183
189
210
211
42
255
129
235
215
92
32
90
196
242
107
17
174
203
78
245
206
169
231
192
175
47
70
140
36
179
239
95
21
104
173
14
10
48
250
103
97
218
72
54
251
244
247
158
56
55
156
118
124
236
193
165
103
212
216
31
131
77
21
240
0
44
92
84
7
153
150
242
147
111
221
96
172
223
67
153
248
255
98
198
131
121
235
198
39
83
67
140
173
30
206
223
115
171
151
46
170
126
101
167
61
223
124
52
109
247
67
72
146
122
206
21
189
244
200
53
92
149
240
178
164
97
192
176
1
11
92
69
50
52
220
122
255
245
246
251
251
252
217
185
254
255
255
183
219
234
187
221
255
111
109
221
230
188
175
127
191
183
237
199
54
190
249
33
117
255
95
127
253
245
248
221
251
63
239
175
127
244
175
175
239
247
217
255
159
76
212
252
63
255
125
22
32
254
243
215
221
206
255
187
95
28
247
93
52
203
175
121
38
93
246
247
56
189
200
87
243
117
226
226
232
126
255
89
220
41
215
109
150
245
74
121
176
245
215
207
26
31
209
148
253
79
149
181
30
4
104
184
159
79
56
246
58
158
88
95
38
249
242
248
247
167
233
192
153
232
255
153
210
127
255
161
210
184
255
131
254
53
105
135
167
245
255
221
253
251
235
190
234
190
216
109
111
255
254
55
169
124
221
92
57
158
233
113
248
180
233
134
216
179
248
158
28
111
206
244
55
56
62
69
48
59
0
202
136
92
40
217
208
33
25
185
6
205
146
112
108
168
141
11
224
139
212
60
74
203
113
87
19
118
45
227
135
70
143
210
107
32
189
138
250
43
241
61
227
103
181
118
183
107
179
218
169
79
244
69
120
152
55
195
214
231
179
123
205
78
48
141
183
223
162
205
209
183
255
221
6
207
223
245
123
174
190
227
250
47
222
109
83
231
251
98
150
54
44
210
222
174
143
107
99
52
254
11
218
104
213
61
231
230
189
114
249
111
189
136
169
251
178
13
24
223
63
119
86
111
243
109
207
219
146
249
91
103
255
10
216
138
90
153
247
127
238
67
200
248
246
135
61
87
71
140
165
94
239
154
115
107
198
43
162
126
50
229
124
223
126
119
233
244
211
220
153
90
200
23
216
221
201
191
82
133
248
23
141
105
80
240
48
56
92
20
176
189
190
251
119
199
254
185
159
249
127
89
255
123
255
86
252
217
255
215
124
61
93
92
163
240
175
223
121
127
190
126
214
189
222
101
222
223
222
119
189
245
117
221
119
63
237
142
252
21
196
151
133
191
250
231
143
255
68
95
52
47
87
29
52
154
44
237
239
140
22
237
241
127
221
220
220
253
123
62
253
236
139
84
227
35
245
35
231
247
125
127
21
167
125
223
59
235
223
40
117
186
126
122
233
60
123
93
62
47
213
52
117
111
185
172
155
13
240
29
156
72
54
242
55
189
90
95
38
250
242
217
155
158
35
79
93
175
199
196
61
218
63
238
54
254
255
215
96
103
6
135
227
39
223
215
245
107
19
186
214
105
215
36
87
190
66
120
235
124
114
94
53
47
149
28
245
110
153
172
24
5
240
29
156
73
16
242
49
189
88
85
32
250
67
143
130
54
65
202
38
6
9
1
10
199
130
199
14
40
111
3
161
135
199
45
203
67
67
95
25
38
2
2
130
68
135
35
113
49
53
8
239
36
97
52
184
227
77
24
63
231
208
224
9
208
245
101
56
130
99
154
22
163
16
101
149
74
200
205
143
221
226
223
222
243
29
253
127
143
155
244
127
174
133
221
248
47
94
189
198
179
107
111
155
52
89
67
62
59
250
51
113
121
86
111
246
113
242
63
253
62
255
190
201
122
141
137
94
149
217
127
157
206
81
238
59
255
85
76
3
243
88
9
143
221
98
223
218
183
29
248
95
151
153
244
123
234
141
153
248
46
94
253
198
179
59
98
158
20
104
195
30
58
255
49
97
97
87
79
218
120
240
189
253
62
175
174
193
107
159
136
155
135
155
93
157
206
81
110
59
249
65
12
3
246
9
142
134
171
200
189
162
177
61
255
66
79
152
57
123
165
192
249
193
226
252
101
219
248
89
40
28
166
252
193
59
215
255
160
83
32
117
218
173
40
252
20
90
142
85
183
211
97
185
76
24
5
246
29
153
73
22
240
183
180
210
83
32
253
70
226
130
249
252
178
174
65
8
171
9
138
192
69
151
11
137
205
57
106
139
37
74
89
76
213
191
111
16
47
51
70
87
145
223
11
80
252
109
99
32
106
32
45
119
156
247
51
24
204
24
33
229
249
156
235
144
202
19
149
92
83
112
182
204
238
130
121
232
242
174
193
8
187
168
138
194
192
171
41
137
137
57
198
205
133
94
89
70
95
187
231
197
7
35
86
231
177
79
43
81
189
237
118
106
126
48
62
213
221
155
177
153
204
24
37
209
125
156
225
16
216
49
181
92
83
48
243
200
201
142
221
99
223
250
183
29
251
95
205
27
244
127
174
141
89
125
111
158
159
230
187
123
107
158
86
81
195
62
126
251
49
113
97
87
111
252
176
210
190
249
62
251
62
201
123
157
137
94
149
221
95
157
202
209
222
59
253
85
86
2
255
106
193
171
218
38
87
93
15
199
234
185
136
121
196
55
94
157
21
98
155
150
255
215
15
93
215
183
52
3
248
52
202
71
158
175
45
250
108
242
107
32
106
229
233
183
124
53
123
119
170
184
203
163
25
124
86
153
163
122
123
63
249
217
178
58
254
186
233
62
255
252
183
223
250
220
173
125
20
127
255
253
250
123
219
245
87
95
223
181
125
247
238
95
247
247
246
205
168
207
101
255
125
232
113
122
93
119
61
215
245
55
111
191
251
158
79
246
61
250
85
151
243
255
223
243
251
206
246
193
205
143
93
230
211
222
182
57
189
29
143
154
244
111
170
141
93
124
47
94
173
230
179
75
127
159
38
81
67
54
31
251
49
113
121
82
111
238
96
82
62
56
62
159
62
201
122
157
137
94
5
217
95
157
202
209
230
51
189
84
84
2
251
43
220
250
235
191
245
247
141
253
255
204
237
189
62
109
253
223
179
251
155
253
119
95
125
181
125
121
167
95
215
247
247
207
204
207
53
255
249
237
122
122
93
102
173
87
241
55
115
191
218
154
13
246
133
252
117
54
242
255
189
179
219
234
86
184
223
117
212
162
157
93
97
175
69
123
218
223
125
92
252
245
243
110
239
182
126
144
247
223
127
247
126
44
190
214
173
130
125
98
158
204
88
250
207
109
29
245
247
189
42
253
47
134
131
129
203
242
29
155
95
105
215
80
243
243
253
13
254
193
205
143
93
226
207
222
183
25
249
31
205
154
244
111
170
141
93
124
47
94
141
230
187
75
127
158
54
81
3
62
30
251
49
113
105
82
103
238
224
210
62
57
62
223
62
205
122
157
136
94
5
217
95
157
202
209
246
51
189
84
84
2
250
200
201
142
221
99
219
218
183
29
185
95
141
18
244
95
170
141
25
120
15
94
175
230
147
123
79
150
102
65
195
62
62
255
51
97
97
87
79
202
48
210
189
177
62
255
62
173
122
157
136
95
149
221
95
157
202
209
202
59
253
81
21
3
250
200
200
142
249
97
255
252
183
61
251
109
200
18
177
127
174
133
221
61
111
174
135
238
57
107
207
143
230
85
1
50
250
241
51
112
105
83
111
228
162
250
62
56
63
219
31
83
178
157
137
126
149
221
93
149
204
145
222
41
188
85
86
2
187
213
13
144
86
201
202
66
2
26
1
14
71
130
247
72
176
109
131
60
149
79
13
170
65
67
94
89
110
160
10
130
36
154
35
97
179
67
27
239
84
209
148
8
167
205
10
189
167
129
132
65
48
253
111
138
203
115
92
50
53
72
53
20
202
200
202
142
249
33
254
124
215
189
187
44
136
11
177
127
175
141
220
61
111
142
199
238
57
79
207
143
102
89
3
50
58
241
18
178
105
83
237
244
226
114
190
56
63
222
222
85
176
217
137
118
53
217
253
167
76
145
236
41
156
85
86
2
179
200
204
142
217
33
127
124
247
61
255
109
136
18
189
127
175
141
89
125
111
30
215
238
185
73
111
143
102
81
3
58
51
249
16
240
105
83
239
228
226
114
190
56
63
159
190
71
176
159
137
54
181
221
93
149
204
145
204
41
252
85
82
2
179
72
141
142
184
0
111
160
247
25
212
110
133
82
180
31
170
137
73
225
103
116
5
70
147
91
107
20
164
105
198
18
195
159
18
97
32
21
74
236
40
248
61
62
39
125
55
119
234
185
136
169
157
209
93
24
8
63
202
7
225
67
115
69
202
70
192
16
57
200
200
14
65
11
42
9
142
144
68
13
58
141
11
32
64
142
37
74
73
204
213
187
111
2
162
163
70
135
146
73
9
32
168
238
98
32
40
36
105
55
28
181
51
82
200
56
98
167
81
124
163
9
139
146
177
16
115
113
102
0
200
140
220
42
217
208
33
57
185
6
205
154
113
108
168
141
27
228
171
212
124
74
235
113
119
19
118
109
227
159
70
159
210
75
32
255
202
250
43
247
189
239
103
181
118
247
107
179
218
169
79
244
69
217
156
63
211
246
231
243
123
207
207
200
204
142
217
35
95
252
183
29
255
44
136
18
188
127
174
141
24
121
111
28
215
238
185
89
101
143
102
65
195
50
19
249
16
97
97
83
111
228
170
242
62
120
63
23
190
86
176
159
137
62
181
221
93
149
206
145
200
41
252
85
80
2
179
9
205
142
248
2
111
240
119
57
244
102
205
18
240
127
170
141
89
225
107
244
125
86
243
123
123
149
182
105
199
62
195
159
18
97
32
55
202
248
40
250
61
254
39
253
55
119
235
187
200
169
223
215
93
25
12
63
195
119
235
83
123
207
203
236
234
231
169
250
159
166
233
77
243
251
250
219
178
255
234
145
25
123
109
157
213
90
216
95
205
153
183
165
254
63
159
173
213
87
139
216
254
173
174
166
31
101
53
247
159
126
177
222
239
165
187
211
255
255
190
68
204
145
228
95
90
120
92
197
9
130
87
201
202
102
162
24
33
78
87
130
215
202
160
105
11
185
199
207
173
202
211
75
94
152
102
192
3
130
38
31
35
97
241
23
139
239
84
81
180
152
39
205
11
175
227
137
100
73
240
245
127
152
203
83
124
51
185
72
37
145
202
243
215
220
206
247
191
95
28
127
93
52
203
174
121
38
93
246
247
60
189
84
111
243
117
226
162
232
126
255
89
220
33
223
109
146
244
74
121
146
245
215
223
26
31
209
146
253
79
149
181
30
4
96
184
159
79
56
246
50
158
90
223
38
249
242
223
93
207
255
158
223
25
255
93
60
203
175
127
124
189
247
215
60
189
204
103
179
117
235
198
237
126
255
27
217
41
246
109
214
245
122
115
233
245
211
222
26
63
213
150
253
79
145
189
28
5
248
189
159
75
16
246
50
156
88
87
38
249
179
223
92
207
255
152
214
25
127
89
60
203
174
123
108
189
246
215
60
191
196
109
163
117
235
199
233
126
191
25
216
41
246
109
80
244
90
91
251
245
215
222
42
63
144
150
253
79
145
181
28
5
248
173
159
207
16
246
50
28
88
84
38
249
204
8
130
55
200
234
230
166
24
161
78
71
146
198
139
160
105
9
185
199
207
141
238
219
75
78
154
166
192
3
43
70
95
35
81
113
19
199
237
86
81
52
144
38
205
13
175
179
157
76
25
181
213
127
152
195
83
120
51
185
72
55
17
238
2
204
138
142
43
218
156
7
47
224
45
140
16
62
45
174
141
50
32
146
134
117
87
67
81
85
129
52
33
187
15
67
135
144
67
0
170
72
234
43
34
61
37
225
181
84
245
107
83
202
137
15
181
65
112
146
59
67
58
53
48
241
76
202
1
199
8
220
33
152
92
9
39
66
41
136
128
73
36
15
141
118
32
15
134
126
80
99
65
215
131
124
17
32
4
1
214
18
211
32
128
8
242
97
38
42
169
237
183
80
245
110
18
138
56
67
32
73
254
154
17
83
114
183
112
241
201
122
227
254
207
207
255
158
155
153
255
127
22
255
175
123
124
237
226
247
60
188
205
7
147
125
107
216
173
55
223
27
57
63
245
45
86
243
122
115
169
245
210
222
26
158
209
214
216
93
153
173
28
5
248
29
159
75
16
246
59
188
88
87
34
249
106
140
170
185
11
223
228
135
29
254
238
173
113
140
123
238
217
56
251
218
253
147
127
159
51
109
72
166
65
215
255
247
237
170
71
101
255
231
237
122
122
125
116
172
86
247
55
227
189
104
222
13
247
93
208
80
182
225
239
180
155
234
202
68
42
217
238
219
55
253
221
28
255
223
157
252
191
94
125
239
155
247
122
219
183
119
215
127
49
119
247
63
95
251
246
179
207
78
207
199
219
127
250
57
122
255
247
109
183
247
183
63
191
187
158
79
254
165
252
116
51
179
254
255
251
251
239
211
151
220
77
175
191
104
85
156
191
101
157
255
175
63
230
221
233
246
20
113
104
194
170
96
102
252
240
59
251
43
95
45
149
228
20
218
98
115
169
127
83
223
78
59
220
16
252
21
129
180
82
4
248
151
151
109
56
176
56
60
220
31
38
218
147
223
20
206
231
154
22
0
47
85
63
202
142
121
108
189
245
243
44
181
70
103
243
96
193
71
233
126
53
24
193
33
150
124
82
158
74
88
234
224
246
30
56
175
148
90
245
15
145
140
24
5
240
13
155
75
17
247
50
52
80
83
32
249
242
254
79
207
255
158
223
25
255
95
52
251
175
123
124
221
246
215
60
188
205
7
147
117
235
212
237
63
223
25
217
59
215
45
86
247
122
115
169
245
242
222
26
31
209
150
216
93
153
173
30
5
248
61
159
75
16
246
59
188
88
87
34
249
191
250
125
78
126
123
87
122
251
21
254
253
127
127
236
248
243
246
62
57
229
122
169
118
175
239
109
27
255
91
223
125
176
237
244
222
110
83
251
253
223
223
235
55
220
178
244
108
167
181
199
140
248
183
135
79
124
244
174
126
249
222
38
221
235
220
238
127
253
242
255
157
189
249
236
235
174
223
166
61
235
253
63
223
249
143
191
61
102
239
251
175
223
21
234
183
235
47
158
255
243
53
101
245
91
78
58
191
217
89
223
149
201
191
94
5
249
190
220
225
144
188
247
159
158
86
182
153
76
13
167
185
64
111
34
231
25
228
238
141
82
164
91
170
137
9
251
103
124
133
78
147
95
105
28
164
97
134
58
195
205
19
97
41
21
238
237
40
248
53
52
39
93
63
39
224
157
8
169
188
209
125
25
128
127
204
3
241
72
86
81
234
196
238
130
89
232
210
170
193
8
187
162
171
194
208
203
169
201
137
191
198
205
133
15
217
71
95
187
230
197
7
163
22
235
19
69
43
80
181
237
118
248
124
48
191
221
255
187
177
157
205
24
49
209
127
152
195
86
249
147
181
92
115
112
250
122
251
243
223
118
159
30
119
207
254
19
153
125
146
253
222
254
215
90
46
204
21
199
61
207
192
238
13
23
248
220
168
245
37
118
191
86
126
135
117
178
95
197
30
159
142
201
94
151
173
221
133
34
61
159
91
192
246
58
252
89
76
50
247
242
221
219
158
35
79
93
175
199
230
61
154
63
174
182
254
255
214
32
103
14
135
231
39
223
215
245
123
19
186
214
105
215
36
85
254
194
120
235
124
114
90
61
47
181
28
245
110
145
172
24
5
240
29
148
73
16
242
49
61
88
85
34
250
145
251
87
78
32
72
5
226
235
4
47
218
110
183
206
186
231
198
36
105
6
140
33
166
203
159
213
88
167
10
202
56
176
100
96
222
74
22
147
244
183
158
56
55
156
50
244
204
193
165
71
148
88
31
131
77
56
240
32
60
92
68
6
153
158
249
91
231
127
106
216
138
218
153
247
251
111
66
192
249
246
215
62
87
69
140
165
94
239
155
107
107
215
107
246
126
178
173
124
223
126
119
233
245
211
222
243
88
218
31
216
109
205
191
87
133
248
183
173
105
208
176
52
122
92
30
182
189
2
202
8
94
41
216
220
1
59
57
47
205
144
117
108
168
13
11
164
155
198
124
74
75
113
87
147
118
45
227
135
70
159
218
235
0
255
136
250
43
97
189
235
97
181
84
181
107
179
210
169
79
180
69
122
158
55
67
214
103
179
249
205
78
243
222
87
207
255
212
155
152
239
85
61
202
175
123
102
125
246
247
60
63
88
199
179
100
234
247
121
127
191
26
211
63
246
109
92
223
90
121
255
247
119
94
40
191
145
24
252
53
132
157
16
37
248
163
142
239
88
244
48
29
84
93
52
185
199
13
144
86
201
202
82
0
42
33
7
110
134
231
70
184
237
163
60
213
79
141
43
65
195
95
251
110
128
15
130
36
155
55
65
223
75
7
239
94
208
148
40
235
201
88
191
183
193
196
16
112
237
111
10
235
83
125
49
53
24
49
145
202
70
128
144
185
200
200
46
65
11
43
8
14
128
70
141
49
77
11
129
2
207
37
74
73
196
212
58
111
2
39
163
70
7
147
221
1
33
168
110
66
32
96
100
105
55
28
63
51
210
200
56
96
167
225
124
163
75
11
146
163
16
115
241
102
197
12
134
53
200
202
242
166
24
161
78
79
130
231
74
170
169
9
61
199
239
141
110
217
67
94
154
230
192
7
170
38
95
51
65
107
19
143
237
222
216
52
24
46
201
43
175
179
221
76
24
245
213
127
25
203
83
253
49
181
76
51
17
234
76
141
135
184
0
111
160
247
25
212
110
133
82
180
91
170
137
9
225
103
116
133
78
147
91
105
28
228
105
198
58
194
207
19
97
32
21
202
236
40
248
53
54
39
93
55
55
226
185
136
169
220
209
93
24
136
111
200
7
225
3
115
69
202
196
226
194
233
248
178
174
193
40
187
41
202
194
199
147
9
201
201
57
106
203
133
74
88
78
95
59
239
212
5
35
86
87
151
159
11
81
189
109
54
36
74
40
61
87
140
223
145
24
205
24
49
197
248
158
235
208
220
145
149
92
83
112
182
13
205
142
88
0
207
240
55
57
220
6
205
18
240
127
138
141
40
225
171
212
125
90
195
123
115
21
230
105
199
30
67
159
82
97
32
53
202
250
40
241
61
238
103
189
116
119
235
251
200
169
223
215
77
121
156
63
195
86
227
131
249
205
203
44
237
237
136
50
255
241
127
253
212
222
253
121
62
252
236
139
84
227
107
245
34
245
247
125
255
21
167
111
223
27
235
223
100
103
186
86
122
233
60
123
253
56
39
213
54
117
110
185
172
139
13
240
29
156
72
52
242
59
173
90
95
38
250
64
201
138
139
3
91
214
135
31
194
44
140
16
180
127
170
133
19
176
135
4
85
71
67
113
69
8
68
33
202
158
67
183
18
211
32
50
74
206
32
50
61
100
32
53
30
117
234
215
200
171
29
151
73
120
154
51
75
58
36
17
249
95
202
41
140
174
41
203
239
166
199
61
254
202
173
112
108
107
236
221
56
227
210
245
19
95
157
115
109
120
230
73
215
255
215
237
138
75
37
191
230
237
42
123
93
118
174
85
247
55
227
189
110
222
13
247
93
88
81
190
193
207
165
179
235
202
70
109
45
239
81
210
239
225
126
249
149
198
117
127
251
251
236
234
125
227
102
125
127
118
183
219
42
4
149
104
220
122
169
255
110
69
190
94
50
221
252
220
117
156
134
73
99
227
230
185
44
137
221
240
29
29
69
60
246
99
189
234
151
105
249
220
243
83
127
52
98
254
252
209
187
248
253
99
6
193
251
235
196
191
79
9
168
165
30
236
223
251
171
215
15
35
254
112
37
61
255
84
181
109
245
123
72
179
62
239
141
62
124
136
181
118
177
232
190
132
73
192
248
33
207
92
71
33
182
124
47
101
241
216
191
163
121
205
94
210
55
209
127
217
228
210
205
203
102
247
111
144
215
95
170
6
133
72
158
57
219
102
14
71
186
213
58
221
220
220
116
144
134
64
163
163
79
187
44
153
73
240
29
141
81
100
242
83
185
74
214
105
248
144
251
215
78
48
89
20
251
251
17
191
219
110
177
206
184
247
198
46
105
4
134
165
181
235
31
245
88
239
14
130
56
248
108
96
222
74
54
137
244
211
222
57
55
152
166
252
204
193
165
71
148
88
31
135
77
16
240
32
124
124
84
6
185
3
199
152
223
33
144
222
12
39
194
41
200
128
105
37
31
133
103
32
39
134
127
82
99
64
195
131
124
17
32
4
1
150
22
210
8
128
8
242
97
38
42
169
225
183
88
213
14
18
138
48
67
50
65
245
250
25
83
82
183
112
241
217
123
9
142
134
161
200
189
162
177
57
253
70
79
152
125
123
132
192
121
193
226
252
101
154
248
91
56
28
162
236
199
59
215
223
128
81
32
117
219
237
40
252
20
90
150
85
167
219
81
185
76
24
37
213
157
153
73
22
192
183
181
194
83
32
254
205
8
138
53
200
226
242
230
24
169
78
79
194
196
195
168
137
9
189
199
237
141
46
153
67
78
154
166
192
7
43
214
127
51
69
121
19
167
237
214
88
52
16
46
205
63
175
177
157
76
24
53
213
127
24
195
87
252
179
189
76
55
17
232
9
206
78
233
234
253
162
177
61
125
70
79
152
121
123
164
200
249
201
226
252
117
154
248
123
56
29
162
236
215
59
215
223
224
83
32
119
219
237
40
252
29
90
22
85
167
250
113
185
77
137
45
213
141
137
105
54
192
183
189
210
91
46
255
238
141
254
246
99
95
209
135
63
197
15
222
31
254
254
254
155
147
120
111
22
253
242
115
59
214
146
31
111
251
30
235
135
215
115
195
227
223
222
62
208
189
237
112
191
30
101
239
223
168
187
221
223
103
185
222
121
255
120
111
91
61
155
218
12
204
109
169
42
253
243
121
189
220
222
85
221
60
249
228
137
221
211
96
244
114
136
241
125
124
21
150
124
199
63
255
223
80
89
40
86
251
233
56
249
157
126
38
213
55
246
107
187
188
153
13
248
29
157
89
62
210
63
173
83
31
44
254
255
253
238
119
223
103
219
158
255
229
189
255
191
238
226
255
251
183
63
215
63
143
247
55
119
255
251
63
243
59
118
63
203
47
53
255
218
117
253
255
88
93
124
251
217
89
253
173
205
174
90
141
217
127
148
195
120
188
113
63
190
213
188
218
251
255
255
255
255
127
241
251
255
213
215
254
255
254
254
220
255
247
127
127
54
223
183
118
191
255
113
187
255
219
118
191
215
103
87
222
210
123
253
126
125
93
252
63
221
29
253
165
141
189
151
141
250
191
150
77
120
244
113
191
221
223
44
250
251
253
255
255
255
79
223
139
255
207
181
250
191
234
254
220
255
183
62
119
118
127
177
127
191
255
255
127
223
251
246
59
198
109
77
223
218
125
249
124
113
221
125
105
221
28
245
63
205
174
18
13
248
23
156
107
24
246
121
189
127
223
56
186
68
226
147
121
248
242
174
196
73
171
41
138
192
199
159
11
203
201
185
74
139
165
79
216
204
85
191
239
133
15
163
86
215
135
221
11
16
189
109
98
32
104
32
125
119
156
63
49
26
204
56
115
149
253
188
234
192
233
145
135
92
115
113
182
215
13
146
54
73
74
102
6
25
33
94
87
130
199
142
184
239
11
185
135
199
13
203
67
79
95
91
103
82
6
130
68
135
163
113
49
53
140
239
36
97
180
184
227
205
25
63
227
209
224
105
208
245
103
56
162
67
157
183
227
0
37
149
78
210
57
19
39
93
98
216
219
219
155
250
119
103
198
194
241
247
199
31
87
69
140
173
94
239
206
106
75
214
47
170
126
112
167
61
255
126
55
205
213
83
68
147
122
202
7
172
252
201
61
94
129
232
182
172
105
208
48
37
250
92
22
50
188
122
189
255
158
50
95
81
239
223
228
87
148
127
190
255
254
255
214
114
107
150
215
247
167
253
163
244
89
99
219
222
107
231
44
37
254
218
123
219
124
210
221
253
46
157
54
97
110
159
172
155
141
250
29
148
93
56
242
123
249
91
28
42
251
44
233
237
218
50
223
113
127
253
212
94
252
127
62
252
238
235
212
113
107
181
112
229
183
121
255
148
157
111
219
30
233
223
36
103
250
91
91
249
124
242
223
60
39
213
54
117
110
153
172
143
13
248
29
159
76
48
242
59
189
89
95
34
251
193
205
142
153
96
223
246
183
25
223
44
140
18
180
127
170
133
25
248
175
28
149
230
145
121
101
140
100
65
195
30
51
236
17
65
97
83
79
204
168
242
63
56
54
55
190
71
240
159
200
62
181
157
109
153
202
211
205
43
124
85
112
82
227
44
233
237
154
18
223
81
111
253
228
95
188
57
190
252
238
203
84
97
105
149
115
225
183
89
253
149
45
99
155
27
233
213
36
71
186
66
90
233
124
242
221
60
39
213
54
117
110
153
172
155
12
240
29
148
76
56
242
59
189
89
87
34
250
76
9
134
57
0
111
160
247
25
164
78
133
82
180
91
170
137
8
225
103
116
133
78
147
91
105
28
228
105
198
58
194
205
19
97
32
21
142
236
40
248
53
52
39
125
55
55
226
185
72
233
248
209
93
25
136
111
200
7
225
3
99
69
202
1
141
142
88
0
203
224
55
57
184
6
205
18
241
111
138
141
8
225
171
212
125
78
195
123
115
20
230
41
197
26
66
159
82
97
32
53
202
250
40
244
61
238
103
61
118
119
235
251
200
169
223
215
77
121
156
63
203
86
227
3
249
205
202
3
206
136
94
41
216
220
1
27
177
7
204
144
84
108
137
13
42
160
155
134
124
90
75
113
87
19
118
45
227
135
70
143
210
235
0
173
136
250
43
97
189
227
225
183
84
183
107
243
210
169
111
181
69
122
182
55
67
214
231
163
249
205
78
204
14
167
185
64
111
34
231
9
228
78
135
82
180
219
170
137
9
251
102
124
133
78
145
91
105
28
164
193
134
58
130
237
19
97
41
21
230
237
40
184
53
48
38
93
63
39
224
29
8
233
188
209
127
9
136
71
204
1
177
72
66
81
234
124
43
247
213
210
143
35
107
205
92
210
55
253
246
249
230
242
213
75
102
223
61
210
247
223
200
166
141
66
222
60
137
98
39
119
187
212
122
221
92
149
85
212
14
77
142
233
239
141
36
153
141
242
29
157
89
64
242
83
185
75
14
32
240
122
173
239
155
22
79
209
175
255
228
31
188
63
190
255
238
251
212
114
99
151
243
247
39
125
163
164
13
115
219
94
107
229
44
101
254
218
123
235
126
178
221
124
46
148
54
97
110
159
172
155
13
242
29
148
77
56
242
123
249
89
30
42
251
196
234
210
113
248
146
174
193
104
187
168
123
194
213
131
9
195
201
191
75
207
141
11
216
70
94
63
167
132
15
163
86
119
131
92
43
80
189
109
38
100
96
104
254
255
204
159
145
92
205
24
113
197
254
142
235
70
220
145
5
92
115
113
54
197
168
146
113
200
234
234
192
88
171
194
111
194
231
194
168
234
9
191
199
239
141
47
217
199
94
191
231
192
7
163
182
95
131
77
123
25
191
237
246
216
124
56
190
251
123
187
177
217
204
24
243
213
255
28
235
86
253
145
181
220
115
209
174
196
226
210
105
248
240
174
196
73
187
104
218
194
71
147
25
203
201
187
106
201
133
79
216
206
93
63
231
135
15
163
214
87
131
221
11
113
189
109
38
109
72
104
61
119
156
63
177
88
221
60
115
213
247
156
235
198
221
129
133
220
115
113
54
215
13
154
117
73
106
118
198
25
161
222
183
162
198
202
186
169
9
185
215
143
175
203
3
111
95
219
231
82
39
130
102
135
179
113
113
55
141
239
86
121
180
177
99
237
25
63
227
221
226
107
245
213
119
56
162
115
157
189
243
8
33
149
206
239
253
239
53
87
103
253
254
249
229
253
255
127
238
226
239
171
117
63
119
63
143
247
54
111
255
187
59
251
127
118
63
243
39
53
251
210
117
253
255
115
125
255
123
221
25
253
172
205
172
90
157
217
190
148
71
248
188
113
59
157
213
52
250
108
44
237
154
50
223
81
111
253
244
87
180
125
190
252
230
219
212
83
105
181
115
243
183
121
253
148
29
107
219
31
233
213
108
103
186
202
90
249
124
248
221
124
39
213
54
101
110
159
172
143
12
242
29
150
28
56
246
43
253
91
159
40
250
226
205
139
154
7
86
85
15
199
230
61
152
59
174
54
238
139
84
32
243
134
151
231
39
93
199
149
43
83
154
18
105
197
44
85
186
74
120
235
126
114
90
52
41
149
20
245
110
155
172
26
5
240
29
148
72
16
242
49
189
88
85
34
250
207
253
239
244
117
106
121
222
113
253
237
251
110
251
134
107
171
245
63
111
111
205
227
51
111
255
155
51
251
15
42
109
215
103
52
251
82
125
253
245
119
252
186
127
219
25
253
236
201
164
94
149
217
62
158
12
88
188
49
159
92
85
53
251
251
221
126
255
255
79
223
139
255
207
189
254
63
110
118
252
255
183
62
247
118
255
181
126
247
255
243
127
223
251
247
255
198
237
79
223
250
117
251
254
115
223
253
121
223
31
245
127
205
175
18
13
234
23
148
65
152
246
113
189
255
223
186
186
238
205
250
255
67
79
248
135
63
225
15
238
158
238
255
254
187
51
56
239
31
253
247
35
55
95
178
127
99
255
158
55
167
247
55
219
147
207
223
126
146
189
252
112
191
30
111
190
221
234
250
253
223
119
176
238
219
253
121
127
31
57
155
235
92
250
127
249
250
191
238
253
249
250
234
61
93
118
251
233
211
220
219
106
253
241
14
154
143
76
38
213
237
205
61
222
255
66
223
171
93
246
149
245
254
127
223
30
116
167
195
83
190
61
142
247
243
253
143
93
198
204
79
174
95
78
107
181
124
47
247
211
242
159
225
235
205
212
86
51
243
250
219
204
242
149
123
110
119
15
210
215
223
170
60
141
198
152
120
169
230
47
70
190
214
62
133
92
216
87
144
158
73
170
1
198
159
45
157
152
112
29
159
81
96
240
115
253
90
87
40
249
8
204
45
136
0
255
179
127
157
212
206
205
81
60
124
172
143
92
227
105
244
35
240
243
125
253
21
164
109
198
27
233
205
64
99
168
22
106
232
56
121
157
48
39
213
52
117
110
185
168
171
12
240
29
156
8
52
210
59
173
82
95
38
250
120
251
115
255
48
243
255
254
221
152
250
253
97
86
217
234
251
204
255
111
167
42
165
159
237
223
39
141
87
7
51
254
114
39
125
255
87
183
237
117
123
124
179
62
111
167
63
126
139
189
119
209
248
62
134
73
192
250
43
207
92
7
35
182
1
142
6
201
232
157
162
241
57
253
6
79
144
113
121
160
192
233
201
162
220
101
26
248
89
56
28
166
236
199
59
87
223
194
81
32
117
218
237
40
245
52
74
134
85
166
251
99
185
77
8
37
245
13
137
73
22
194
151
165
194
83
96
254
237
222
238
125
253
50
247
222
189
249
236
251
174
221
134
45
227
189
191
95
249
143
255
61
102
239
219
183
255
21
106
247
255
111
180
251
243
53
117
245
91
110
58
190
217
121
219
209
41
191
94
29
217
254
222
205
112
252
247
159
222
86
182
217
9
206
100
201
232
221
162
241
57
125
70
79
152
113
121
164
194
249
237
170
252
100
27
248
123
124
29
166
236
199
27
87
223
226
81
48
117
219
237
40
245
53
74
151
85
166
250
115
185
221
137
45
245
141
139
73
54
196
182
165
194
95
36
255
249
221
238
125
255
115
243
254
189
253
252
255
190
248
235
239
227
189
191
127
125
223
255
55
103
235
89
183
255
87
126
255
255
103
53
251
119
247
253
253
219
255
250
54
217
175
91
225
237
191
95
189
217
255
157
197
112
252
239
223
219
142
183
221
222
251
91
119
255
122
219
154
223
153
247
249
103
82
196
249
246
215
62
95
199
46
165
95
231
139
235
111
215
43
229
126
178
173
252
223
126
119
233
247
219
222
243
95
216
15
152
79
205
183
86
133
248
183
191
97
208
242
183
190
124
30
182
189
227
223
71
75
239
220
135
136
235
85
61
202
175
123
102
189
231
247
60
189
14
199
179
116
107
215
57
63
191
26
82
57
146
109
88
219
74
89
255
246
103
94
40
63
157
26
252
181
197
157
20
37
217
167
135
239
80
252
48
60
84
85
52
185
12
204
109
168
106
255
179
121
189
92
198
205
221
60
125
228
136
221
211
96
244
118
152
241
125
124
29
182
124
199
63
251
223
64
217
168
86
122
233
48
249
157
126
39
213
183
246
107
191
189
153
13
250
29
159
89
62
210
63
173
83
95
46
250
124
47
247
245
240
143
39
107
205
253
210
115
223
243
218
198
242
197
75
111
255
45
210
247
223
234
166
143
74
156
120
141
103
39
102
187
220
126
213
220
205
116
144
142
201
46
201
199
153
36
153
201
242
29
157
89
64
254
83
189
74
86
41
248
92
251
119
121
122
251
174
253
217
186
250
189
113
86
217
232
211
204
235
74
245
56
140
158
141
77
167
165
69
78
55
218
249
2
221
191
93
246
237
117
58
125
243
62
118
167
151
126
190
189
109
247
242
189
143
89
196
234
15
238
93
78
99
180
45
156
244
47
217
233
163
253
185
121
202
109
164
79
235
229
235
57
195
82
245
43
31
252
115
124
88
166
252
71
235
198
207
195
73
52
181
131
253
47
125
53
94
166
109
241
191
115
188
86
104
61
247
231
88
225
47
143
207
163
162
239
175
70
206
205
218
253
99
75
254
199
59
225
141
190
54
230
239
254
171
27
184
223
15
189
247
35
119
215
242
125
83
111
158
51
135
147
53
235
178
207
254
117
112
189
253
112
191
29
111
190
221
234
122
247
219
119
112
238
219
191
253
123
29
57
147
202
122
253
255
254
255
239
125
111
255
125
253
189
127
238
252
254
255
214
127
127
254
59
181
63
255
239
231
63
127
219
252
255
98
111
47
255
214
119
249
254
91
207
253
111
206
159
237
254
205
165
86
141
234
30
151
77
216
246
107
251
223
14
170
180
120
123
127
247
118
255
255
252
221
157
254
117
117
92
217
226
251
220
223
111
255
42
165
191
173
239
38
141
95
199
126
190
122
39
125
255
87
119
221
245
91
116
211
62
238
167
79
118
175
61
127
245
248
191
143
73
192
250
43
235
93
14
35
180
122
25
187
255
255
191
91
111
223
254
215
30
247
220
251
222
246
213
59
110
206
63
195
119
15
202
174
13
82
201
124
171
87
39
85
187
82
127
197
84
176
223
212
14
77
142
201
151
157
44
24
133
114
61
157
75
80
242
59
189
89
14
50
243
249
221
238
125
255
127
243
254
189
245
254
255
190
249
235
239
235
253
187
127
252
223
238
55
111
235
88
182
255
87
126
255
191
99
49
249
119
243
253
188
219
189
250
54
89
175
91
227
237
61
95
189
217
255
153
204
120
252
239
255
219
142
151
221
239
237
239
61
87
103
253
254
249
237
253
255
111
175
230
239
171
117
63
119
63
207
231
61
111
255
155
51
251
31
118
63
241
101
53
251
82
117
253
255
114
124
60
59
223
27
125
176
205
172
94
149
217
191
148
78
248
188
33
123
221
84
50
186
227
223
78
75
239
222
215
136
111
85
61
202
174
123
100
189
231
247
60
189
14
199
179
100
99
215
121
63
183
58
82
57
146
111
88
219
74
81
255
250
231
222
40
125
153
26
252
181
197
149
20
36
93
227
135
239
80
252
48
60
84
93
16
185
237
222
238
125
253
114
247
254
189
253
236
251
174
253
199
173
227
253
191
127
252
207
254
127
103
239
25
183
253
23
42
255
255
103
52
251
87
181
253
244
95
126
58
182
221
251
91
225
173
189
94
157
217
255
156
205
120
252
175
159
222
86
182
221
204
14
167
169
200
87
162
229
9
245
202
15
80
180
219
160
139
73
219
110
124
129
46
144
95
109
28
164
197
134
58
154
96
3
65
235
16
247
13
12
184
52
16
54
109
174
10
176
13
13
118
53
209
127
133
10
192
204
1
164
76
70
17
240
251
221
255
255
255
239
93
126
255
127
253
253
63
236
124
252
255
247
127
119
254
127
165
63
255
255
227
63
91
219
254
255
242
111
61
255
214
117
253
252
115
220
253
111
223
31
253
254
141
164
94
133
232
31
148
77
216
246
123
191
223
30
32
184
252
47
247
245
242
143
43
111
205
253
210
115
243
242
210
198
242
213
111
111
255
173
242
247
95
234
166
175
66
220
56
143
71
39
102
187
212
126
245
220
221
116
177
142
201
14
201
215
141
164
217
217
243
31
157
73
64
254
83
189
74
86
41
250
12
15
134
24
0
79
160
247
25
184
78
133
82
180
91
170
137
8
225
11
212
13
110
147
91
109
20
132
105
198
26
194
205
18
97
32
53
142
236
40
248
53
182
39
63
183
55
226
123
72
239
252
215
77
24
140
39
201
15
225
67
97
69
202
204
10
135
241
64
127
162
247
9
188
74
7
82
180
219
170
139
9
249
110
124
129
110
144
91
109
28
132
193
134
58
150
121
19
97
105
21
230
205
8
184
52
16
54
109
175
10
224
29
9
111
177
209
127
129
136
199
204
9
228
76
6
81
242
207
233
239
253
117
98
121
254
181
189
252
255
111
191
134
235
171
125
63
111
45
205
230
51
111
255
155
179
251
15
50
175
209
103
53
251
82
125
253
245
118
252
58
63
223
25
125
232
89
164
94
149
217
62
148
76
216
252
33
63
92
85
54
250
120
43
231
215
210
143
35
107
205
237
210
23
255
224
250
230
242
213
107
103
222
173
195
119
95
202
166
13
82
220
60
141
71
39
119
187
84
126
213
84
212
117
213
14
201
14
233
239
157
36
153
133
242
29
157
73
64
246
115
185
73
6
32
250
254
249
219
254
255
187
91
58
223
49
247
249
239
218
252
251
246
215
126
223
175
63
161
63
175
139
227
127
87
121
245
255
251
175
244
223
74
127
243
247
219
223
243
95
219
159
153
31
205
183
87
133
104
189
151
67
208
246
187
255
249
94
182
189
133
194
85
225
248
188
163
216
168
93
42
95
193
121
216
161
226
237
141
104
200
0
138
120
110
156
13
35
190
11
57
31
116
199
92
27
96
243
45
150
135
84
10
22
72
138
88
145
8
21
84
52
73
230
135
41
144
76
32
12
196
15
49
181
196
74
117
161
216
252
163
217
168
121
170
79
193
117
217
161
194
205
143
96
76
128
174
120
78
156
13
34
156
6
59
30
112
195
93
91
16
247
13
134
135
84
24
22
72
142
72
145
136
21
84
52
73
255
135
41
128
76
33
44
68
6
33
176
243
221
10
159
199
74
87
139
111
65
61
202
190
239
102
189
231
183
60
181
14
143
177
36
103
215
251
47
147
59
218
57
176
175
84
219
106
87
207
246
195
218
40
121
153
30
252
148
197
133
86
4
77
99
167
235
208
252
32
60
92
84
18
185
227
217
74
223
231
90
87
138
111
69
61
202
191
255
102
189
231
247
60
181
14
143
161
36
103
215
57
47
183
59
90
57
176
239
84
219
74
87
223
246
211
218
40
121
153
30
252
148
197
133
86
4
73
99
167
235
208
252
32
60
92
84
18
185
4
141
134
24
0
79
160
247
25
248
14
133
18
165
11
170
137
8
225
131
213
77
126
131
83
101
20
196
41
198
10
66
205
18
97
32
53
142
254
40
116
53
174
167
63
118
55
226
123
72
235
254
151
77
88
140
47
9
206
225
3
97
205
78
254
248
77
207
254
189
223
249
219
123
127
251
255
22
254
248
163
213
60
41
205
85
139
124
237
214
59
63
223
107
63
127
215
229
220
91
126
255
253
183
211
223
239
61
151
142
252
49
151
253
30
167
237
181
159
111
84
254
186
111
221
29
114
183
227
205
10
158
199
74
87
138
111
65
61
202
42
203
70
191
239
151
60
149
14
143
161
36
71
215
187
47
147
58
2
57
144
47
84
219
66
69
231
246
66
218
40
121
153
30
252
148
197
133
82
4
9
115
165
235
209
252
32
60
92
84
18
185
