posters/Movie Poster 114.jpg
512
761
238
104.415
-1
0
314
190
0.00751986
31
-81.2538
-1
0
240
544
0.00895482
31
-103.299
-1
0
282
544
0.0109491
31
-149.835
-1
0
250
545
0.00832824
31
-154.134
-1
0
313
545
0.0264885
31
-156.14
-1
0
293
546
0.0133149
31
-31.4641
-1
0
159
547
0.00770307
31
-146.949
-1
0
290
547
0.0273455
31
-148.761
-1
0
380
547
0.012866
31
-55.0453
-1
0
182
548
0.00986978
31
-103.183
-1
0
189
548
0.00881813
31
-133.294
-1
0
248
548
0.0143923
31
171.557
-1
0
316
543
0.0101856
31
-164.604
-1
0
337
548
0.0251923
31
-93.0941
-1
0
310
549
0.0129034
31
-36.1507
-1
0
131
550
0.00792852
31
-71.0754
-1
0
139
550
0.00776214
31
-128.211
-1
0
250
550
0.00764624
31
-134.187
-1
0
292
550
0.014237
31
-151.543
-1
0
335
550
0.0161912
31
-134.582
-1
0
381
550
0.0126776
31
167.8
-1
0
385
543
0.0297472
31
160.201
-1
0
381
543
0.0266164
31
-160.691
-1
0
290
544
0.0161189
31
138.552
-1
0
313
539
0.00967586
31
147.155
-1
0
356
539
0.00835406
31
159.609
-1
0
365
539
0.0142385
31
176.017
-1
0
363
542
0.0243033
31
178.958
-1
0
358
542
0.0205614
31
36.7142
-1
0
135
540
0.00841159
31
128.157
-1
0
380
540
0.0117109
31
145.886
-1
0
383
540
0.0248676
31
-168.999
-1
0
400
258
0.0123305
31
179.413
-1
0
400
254
0.0140908
31
-139.399
-1
0
284
542
0.0167036
31
-83.6598
-1
0
242
542
0.0122317
31
99.5259
-1
0
313
192
0.00823145
31
82.958
-1
0
139
192
0.00390477
31
-152.447
-1
0
189
542
0.00516972
31
-6.08853
-1
0
182
542
0.00562237
31
16.3139
-1
0
164
542
0.00538956
31
3.0587
-1
0
159
542
0.00679922
31
-61.004
-1
0
164
547
0.00580383
31
172.134
-1
0
292
540
0.00670411
31
174.193
-1
0
250
540
0.00391194
31
51.4993
-1
0
167
540
0.00309773
31
-39.4588
-1
0
156
549
0.00512195
31
-20.556
-1
0
139
544
0.00411945
31
12.9645
-1
0
156
540
0.00351102
31
11.4555
-1
0
127
540
0.00317467
31
-142.925
-1
0
378
298
0.0033218
31
155.695
-1
0
282
539
0.00636657
31
122.471
-1
0
240
539
0.00519998
31
125.538
-1
0
191
539
0.00453824
31
23.2946
-1
0
180
539
0.00443951
31
-145.305
-1
0
361
549
0.00538921
31
170.831
-1
0
399
251
0.00553012
31
-144.643
-1
0
379
296
0.00728341
31
-62.9044
-1
0
180
550
0.00704435
31
-101.868
-1
0
191
550
0.00721763
31
-2.21323
-1
0
131
544
0.00463599
31
-164.77
-1
0
343
551
0.00330851
31
-146.989
-1
0
320
550
0.00449751
31
-92.0096
-1
0
307
550
0.00436684
31
-96.6869
-1
0
282
550
0.005895
31
-82.875
-1
0
239
550
0.0030347
31
85.6153
-1
0
140
190
0.00293985
31
-173.541
-1
1
282
538.8
0.00482462
37.2
-172.204
-1
1
338.4
547.2
0.00968016
37.2
-55.0882
-1
1
182.4
547.2
0.00723998
37.2
-28.0153
-1
1
134.4
547.2
0.00825735
37.2
-128.418
-1
1
310.8
549.6
0.00500119
37.2
-162.269
-1
1
318
546
0.00678704
37.2
-140.464
-1
1
309.6
546
0.00706477
37.2
-166.897
-1
1
314.4
544.8
0.0143013
37.2
-135.939
-1
1
284.4
544.8
0.00928391
37.2
-110.821
-1
1
242.4
544.8
0.00696498
37.2
-176.108
-1
1
316.8
543.6
0.00527053
37.2
175.208
-1
1
363.6
542.4
0.0178413
37.2
3.7314
-1
1
139.2
542.4
0.00496967
37.2
1.10703
-1
1
130.8
542.4
0.00521946
37.2
-5.00064
-1
1
164.4
541.2
0.00610844
37.2
-173.224
-1
1
384
547.2
0.0072588
37.2
-170.166
-1
1
310.8
543.6
0.00543323
37.2
176.842
-1
1
357.6
542.4
0.0121875
37.2
-111.644
-1
1
240
543.6
0.00675179
37.2
165.107
-1
1
380.4
543.6
0.0134826
37.2
-143.213
-1
1
250.8
546
0.00515937
37.2
-31.8836
-1
1
159.6
547.2
0.00594801
37.2
-46.4502
-1
1
164.4
547.2
0.00746751
37.2
-83.7844
-1
1
188.4
547.2
0.00568098
37.2
-130.285
-1
1
247.2
547.2
0.00733286
37.2
-164.662
-1
1
336
550.8
0.0080269
37.2
-134.341
-1
1
290.4
550.8
0.00803272
37.2
-90
-1
1
190.8
549.6
0.00534518
37.2
-64.4227
-1
1
180
549.6
0.00501037
37.2
-47.5138
-1
1
139.2
549.6
0.00489788
37.2
-26.5651
-1
1
130.8
549.6
0.00506268
37.2
-144.897
-1
1
289.2
547.2
0.0110128
37.2
179.363
-1
1
380.4
546
0.00688778
37.2
-153.435
-1
1
292.8
546
0.00917211
37.2
-130.872
-1
1
282
543.6
0.00804021
37.2
163.095
-1
1
385.2
542.4
0.0223867
37.2
151.736
-1
1
380.4
540
0.00900676
37.2
13.9432
-1
1
134.4
540
0.00532796
37.2
160.305
-1
1
366
538.8
0.00931574
37.2
161.565
-1
1
356.4
538.8
0.00969774
37.2
163.443
-1
1
313.2
538.8
0.00570563
37.2
-149.888
-1
1
379.2
295.2
0.00597671
37.2
-139.399
-1
1
240
538.8
0.00415586
37.2
-0.931557
-1
1
159.6
541.2
0.00451721
37.2
-28.7798
-1
1
182.4
543.6
0.00415234
37.2
-147.848
-1
1
316.8
549.6
0.00468307
37.2
-158.654
-1
1
380.4
550.8
0.00385374
37.2
-122.078
-1
1
248.4
550.8
0.00454566
37.2
-32.6536
-1
1
156
548.4
0.00423309
37.2
109.832
-1
1
314.4
189.6
0.00307917
37.2
3.78611
-1
1
156
540
0.00365007
37.2
8.01709
-1
1
166.8
540
0.00312427
37.2
7.90716
-1
1
180
538.8
0.00333807
37.2
-111.337
-1
1
282
549.6
0.0032197
37.2
-160.463
-1
1
361.2
549.6
0.00323284
37.2
-65.556
-1
1
188.4
542.4
0.00352525
37.2
-18.4349
-1
1
190.8
538.8
0.00349926
37.2
-166.122
-1
1
285.6
541.2
0.0036686
37.2
-153.585
-1
1
320.4
549.6
0.00270598
37.2
-142.224
-1
1
243.6
541.2
0.00277214
37.2
177.38
-1
1
291.6
538.8
0.00307628
37.2
-124.663
-1
1
307.2
549.6
0.00293666
37.2
-147.804
-1
1
375.6
292.8
0.00258922
37.2
-40.8554
-1
2
187.2
541.44
0.00251992
44.64
100.601
-1
2
318.24
198.72
0.00209258
44.64
-5.06362
-1
2
180
538.56
0.00247359
44.64
-21.4205
-1
2
156.96
544.32
0.00621557
44.64
-19.9164
-1
2
159.84
544.32
0.00655554
44.64
-33.6901
-1
2
190.08
538.56
0.00196822
44.64
78.6354
-1
2
149.76
197.28
0.00203988
44.64
-168.007
-1
2
335.52
550.08
0.00321045
44.64
-139.545
-1
2
290.88
550.08
0.00420955
44.64
-125.096
-1
2
282.24
550.08
0.00138809
44.64
-124.743
-1
2
249.12
550.08
0.00294346
44.64
-131.186
-1
2
240.48
538.56
0.00264822
44.64
-77.3196
-1
2
190.08
550.08
0.00208563
44.64
-169.875
-1
2
361.44
548.64
0.00208826
44.64
-160.253
-1
2
319.68
548.64
0.00212408
44.64
-147.763
-1
2
308.16
548.64
0.00241278
44.64
-153.705
-1
2
249.12
538.56
0.0014777
44.64
-60.3685
-1
2
180
548.64
0.00349884
44.64
-144.92
-1
2
288
547.2
0.00263681
44.64
-126.091
-1
2
246.24
547.2
0.0037549
44.64
-27.0506
-1
2
159.84
547.2
0.00469174
44.64
-29.5604
-1
2
155.52
547.2
0.00349804
44.64
-177.845
-1
2
338.4
545.76
0.00478397
44.64
-69.8424
-1
2
187.2
545.76
0.00194218
44.64
-50.5004
-1
2
182.88
545.76
0.00421726
44.64
-164.962
-1
2
313.92
544.32
0.00793717
44.64
-146.575
-1
2
285.12
544.32
0.0072267
44.64
166.135
-1
2
364.32
541.44
0.0185403
44.64
170.947
-1
2
357.12
541.44
0.0124358
44.64
-152.916
-1
2
282.24
541.44
0.00564776
44.64
-130.764
-1
2
243.36
541.44
0.00433912
44.64
-161.175
-1
2
282.24
538.56
0.00325268
44.64
114.653
-1
2
313.92
190.08
0.00164792
44.64
-23.7204
-1
2
182.88
541.44
0.00577312
44.64
-4.76364
-1
2
167.04
540
0.00202739
44.64
-4.91179
-1
2
161.28
540
0.00281473
44.64
-3.47992
-1
2
155.52
540
0.00221723
44.64
-174.134
-1
2
316.8
542.88
0.00376388
44.64
75.6474
-1
2
156.96
194.4
0.00146806
44.64
162.443
-1
2
365.76
538.56
0.00692155
44.64
167.438
-1
2
357.12
538.56
0.00766583
44.64
174.732
-1
2
313.92
538.56
0.0033511
44.64
-173.112
-1
2
290.88
538.56
0.00195072
44.64
105.27
-1
2
318.24
191.52
0.00129689
44.64
-104.34
-1
2
240.48
550.08
0.000965025
44.64
76.07
-1
2
162.72
201.6
0.000969937
44.64
105.54
-1
2
324
201.6
0.00122237
44.64
105.458
-1
2
313.92
198.72
0.000855844
44.64
-169.854
-1
2
342.72
550.08
0.000895343
44.64
102.405
-1
3
314.496
203.904
0.00111467
53.568
-172.804
-1
3
340.416
549.504
0.00112342
53.568
-170.623
-1
3
335.232
549.504
0.00162435
53.568
-144.423
-1
3
290.304
549.504
0.00169865
53.568
-137.442
-1
3
281.664
549.504
0.000891646
53.568
-125.538
-1
3
248.832
549.504
0.0010274
53.568
-110.854
-1
3
240.192
549.504
0.000683042
53.568
-70.56
-1
3
190.08
549.504
0.000736455
53.568
-57.6282
-1
3
179.712
549.504
0.0014522
53.568
-164.191
-1
3
317.952
547.776
0.00120475
53.568
-158.199
-1
3
307.584
547.776
0.00121975
53.568
-179.728
-1
3
338.688
544.32
0.0012946
53.568
-152.259
-1
3
286.848
544.32
0.00201941
53.568
-131.952
-1
3
245.376
544.32
0.00192895
53.568
-58.5704
-1
3
186.624
544.32
0.0019321
53.568
-45
-1
3
183.168
544.32
0.00275784
53.568
116.323
-1
3
312.768
190.08
0.00101308
53.568
-11.9151
-1
3
209.088
286.848
0.000467583
53.568
110.84
-1
3
317.952
191.808
0.000981449
53.568
118.797
-1
3
335.232
191.808
0.000632391
53.568
118.622
-1
3
336.96
195.264
0.000715278
53.568
-177.19
-1
3
312.768
539.136
0.00191325
53.568
121.129
-1
3
297.216
196.992
0.000644596
53.568
-38.7742
-1
3
198.72
293.76
0.000546353
53.568
-165.426
-1
3
290.304
539.136
0.00101187
53.568
-157.595
-1
3
281.664
539.136
0.00163646
53.568
106.398
-1
3
312.768
198.72
0.00114061
53.568
105.063
-1
3
316.224
198.72
0.00201656
53.568
106.809
-1
3
323.136
198.72
0.0015271
53.568
128.857
-1
3
292.032
200.448
0.000645533
53.568
106.901
-1
3
305.856
200.448
0.000652904
53.568
-146.014
-1
3
248.832
539.136
0.000666536
53.568
-126.724
-1
3
240.192
539.136
0.00134675
53.568
106.155
-1
3
319.68
203.904
0.00123018
53.568
112.048
-1
3
326.592
203.904
0.000731439
53.568
-39.3518
-1
3
190.08
539.136
0.000628714
53.568
-18.0042
-1
3
179.712
539.136
0.00126702
53.568
133.831
-1
3
274.752
210.816
0.000586383
53.568
105.317
-1
3
300.672
202.176
0.00026449
53.568
-150.588
-1
4
290.304
549.504
0.000851282
64.2816
-144.211
-1
4
282.01
549.504
0.000520354
64.2816
-127.768
-1
4
248.832
549.504
0.000488638
64.2816
-163.593
-1
4
308.966
547.43
0.000665716
64.2816
-132.019
-1
4
248.832
545.357
0.000646795
64.2816
-161.131
-1
4
290.304
539.136
0.000566296
64.2816
-153.435
-1
4
282.01
539.136
0.000659684
64.2816
-125.863
-1
4
240.538
539.136
0.000519146
64.2816
129.726
-1
4
277.862
209.434
0.000816145
64.2816
62.5358
-1
4
221.875
263.347
0.00025687
64.2816
-116.952
-1
4
240.538
549.504
0.000403808
64.2816
106.406
-1
4
302.746
203.213
0.000393563
64.2816
100.993
-1
4
304.819
209.434
0.000233325
64.2816
-137.021
-1
4
248.832
539.136
0.000321331
64.2816
178.363
-1
4
294.451
288.23
0.000228662
64.2816
-9.28355
-1
4
207.36
288.23
0.000429143
64.2816
59.4973
-1
4
217.728
255.053
0.000335363
64.2816
62.7649
-1
4
221.875
255.053
0.000399151
64.2816
103.085
-1
4
290.304
255.053
0.000287191
64.2816
20.9125
-1
4
215.654
277.862
0.000290823
64.2816
238
64
20
34
16
0
0
64
36
102
64
0
202
52
96
7
137
162
107
10
131
192
193
0
77
135
192
8
100
201
0
140
160
64
124
4
69
174
17
2
9
68
44
20
16
34
68
101
38
236
184
44
9
0
240
29
64
73
6
112
3
176
8
66
96
64
186
249
251
254
55
117
221
223
247
254
253
184
127
222
183
255
255
214
114
123
55
254
245
63
191
135
227
123
87
253
254
251
227
44
159
254
218
125
243
247
58
203
247
125
214
151
213
110
223
191
158
141
234
29
246
93
144
242
121
223
127
222
170
179
58
221
254
254
55
125
93
63
247
198
253
152
61
236
61
255
255
246
96
123
62
254
213
55
189
175
227
121
83
241
252
169
194
38
55
254
194
125
210
125
50
203
245
111
254
149
229
110
157
170
214
77
106
29
180
85
145
242
121
255
127
238
171
179
61
250
125
140
56
255
183
116
249
252
238
253
93
55
221
232
251
205
235
40
245
65
78
252
249
125
61
247
109
207
123
239
221
64
69
190
94
250
233
124
127
93
122
55
245
166
244
109
185
173
141
15
240
29
159
77
54
246
31
172
218
87
96
254
62
189
253
142
54
157
93
63
223
84
23
188
125
62
255
220
254
246
66
32
213
50
211
231
253
160
228
89
99
249
221
233
133
44
71
190
218
122
137
125
242
223
85
175
244
118
181
110
179
174
139
15
178
29
157
81
48
242
122
189
123
223
46
251
52
250
125
142
56
221
148
99
219
52
127
253
125
55
221
248
255
194
98
40
197
64
1
213
221
85
245
251
47
142
219
250
213
44
71
190
94
56
233
124
116
92
33
39
212
182
180
109
187
173
137
3
240
29
158
89
4
242
18
189
120
87
96
254
46
255
109
124
55
185
253
89
253
217
255
251
237
127
236
95
171
157
39
123
245
126
210
119
69
223
243
179
126
126
47
234
159
108
213
190
247
120
249
117
124
95
59
239
245
85
247
111
184
191
24
13
240
29
223
77
24
242
247
191
58
87
172
90
53
254
125
78
56
93
157
107
251
252
127
253
125
55
221
248
255
198
166
41
213
112
129
247
221
213
245
251
111
202
223
122
213
68
69
190
94
120
233
124
118
93
57
39
244
150
244
111
155
173
13
7
240
29
158
73
4
242
19
189
88
87
96
254
62
241
219
222
55
87
89
14
231
198
21
176
61
234
191
222
250
246
0
255
7
122
197
39
253
131
230
89
115
248
220
105
150
62
183
158
202
120
211
125
178
235
253
104
182
148
193
110
215
174
182
71
50
25
244
93
152
243
120
255
121
253
235
243
191
252
105
125
191
253
253
88
253
255
253
251
237
94
236
253
251
252
39
251
245
114
179
126
229
255
247
187
95
119
127
255
199
172
223
254
251
121
233
117
122
223
127
125
214
87
247
127
184
191
26
7
232
181
159
65
16
178
247
191
255
223
46
186
184
250
119
239
250
253
167
249
253
253
248
255
253
117
223
236
251
221
255
106
252
192
174
252
239
253
61
179
255
195
123
255
253
229
93
123
87
243
253
118
127
94
122
62
93
183
254
241
169
237
94
37
252
159
140
77
156
244
163
189
222
71
34
190
61
254
127
141
56
255
183
253
249
252
236
253
85
55
223
238
251
220
235
107
244
1
246
244
217
253
189
230
109
219
123
255
237
0
85
190
212
248
233
124
122
92
58
183
245
182
244
109
185
173
28
13
240
29
156
73
20
242
51
189
90
87
42
250
60
250
117
10
190
253
167
121
255
20
222
255
253
63
252
244
243
212
71
96
245
66
137
244
253
124
109
185
127
222
251
168
220
108
69
158
86
58
153
124
127
221
26
39
84
247
254
101
169
53
137
12
250
29
143
77
56
246
59
172
90
79
38
216
55
245
249
142
54
140
217
45
199
68
21
248
125
122
156
92
254
246
66
97
151
32
211
103
253
179
244
121
3
184
221
105
199
44
86
158
202
120
235
125
176
222
49
143
144
16
245
110
145
172
153
11
112
29
157
65
48
242
50
189
120
215
42
251
250
221
154
222
39
71
92
135
55
206
61
136
31
232
55
95
189
214
48
255
14
255
229
35
239
199
247
120
83
48
252
57
242
62
188
255
202
109
242
241
50
234
189
105
190
28
213
62
221
170
18
199
104
25
180
77
153
179
121
123
125
116
131
179
45
238
109
233
56
253
167
121
189
254
234
255
217
125
253
229
203
252
227
106
245
98
152
250
93
253
21
163
124
198
59
219
223
32
87
186
87
122
233
60
124
92
58
47
85
167
246
107
185
173
24
5
240
29
159
73
20
226
51
189
90
87
32
250
140
174
103
225
248
253
163
241
189
125
238
87
207
117
216
229
227
221
207
104
244
68
168
248
107
126
29
178
252
71
59
223
253
96
81
48
117
242
253
180
221
21
90
54
196
167
254
97
168
125
141
45
244
31
143
73
54
212
183
172
194
31
36
252
56
254
247
142
56
253
161
127
255
252
106
157
117
53
223
254
255
214
227
107
244
33
199
183
217
253
245
234
79
194
243
235
213
36
85
190
84
120
233
124
124
92
58
39
213
182
245
111
185
172
28
5
240
29
156
73
20
242
51
189
90
87
32
250
48
251
17
158
48
76
153
111
75
236
123
157
117
70
221
250
255
198
160
34
196
40
197
199
201
215
243
121
3
170
215
123
215
36
117
190
20
120
234
117
96
92
177
39
181
22
245
111
155
172
25
195
176
29
28
73
4
242
19
249
88
71
33
254
50
245
249
222
54
213
217
15
231
198
21
248
61
114
180
94
254
214
32
51
151
56
211
103
253
147
246
89
3
184
221
105
135
44
23
158
202
120
251
117
50
219
181
233
176
20
241
110
145
174
152
15
176
25
156
89
16
243
122
189
123
95
42
251
54
253
219
222
55
82
92
15
231
194
53
184
63
226
167
223
255
150
32
159
7
255
245
39
197
131
227
89
19
56
156
40
182
62
182
222
202
92
211
245
50
234
189
105
178
92
209
110
209
174
54
71
48
25
244
79
145
243
120
127
121
116
163
251
63
247
125
170
55
189
33
121
231
70
221
188
125
62
253
119
246
254
67
240
117
114
145
246
221
188
229
201
115
158
253
169
218
44
215
190
75
122
201
124
190
95
28
47
212
119
230
110
155
172
153
13
242
29
221
89
48
242
51
188
88
215
110
251
62
54
117
162
55
189
35
121
231
84
215
112
253
59
252
85
246
254
71
240
241
114
145
244
221
184
229
217
122
156
253
169
200
108
86
190
203
122
129
124
220
95
24
143
208
101
246
76
153
173
153
12
114
29
159
89
56
242
51
188
90
215
44
251
61
254
125
8
58
221
149
99
251
52
46
253
92
55
253
248
255
226
99
168
213
80
25
245
253
125
109
251
111
223
223
118
213
108
69
190
90
58
233
124
127
93
104
55
212
246
244
109
185
173
12
15
240
29
155
77
60
242
19
188
122
95
98
250
172
234
101
225
252
253
167
249
253
93
206
127
233
23
217
229
195
221
207
104
245
68
136
244
111
252
13
135
252
79
59
159
252
97
221
186
117
251
205
180
221
85
90
54
68
167
254
225
168
61
141
44
219
191
143
9
38
204
55
172
74
15
38
188
61
246
117
162
191
189
167
121
245
85
214
115
253
59
228
68
242
245
199
112
241
66
145
116
124
184
89
153
126
88
121
169
220
100
84
186
215
122
25
124
221
215
26
135
193
129
244
69
137
37
153
12
240
29
143
77
56
246
55
156
90
223
44
219
63
180
116
42
151
233
7
88
239
4
254
117
236
31
236
245
243
244
3
208
229
34
129
116
69
253
225
41
114
30
233
33
220
44
213
190
82
58
169
117
120
93
58
47
212
115
182
108
152
188
24
4
240
29
157
65
48
178
51
188
24
215
36
88
62
247
124
14
55
153
20
25
239
0
191
184
125
62
236
213
247
182
66
208
213
114
81
247
213
52
229
89
115
156
221
32
222
44
71
158
202
122
137
116
186
95
60
47
212
247
180
110
153
174
152
13
242
29
223
73
16
242
51
188
120
95
46
91
62
183
125
142
55
149
29
25
231
64
149
240
125
59
180
85
254
246
66
240
209
114
81
119
212
176
228
89
126
220
221
160
222
108
70
158
202
120
145
117
60
91
28
15
208
244
244
78
153
174
152
13
114
29
158
93
56
242
115
157
123
95
46
219
126
249
251
222
55
87
93
143
247
198
189
184
63
142
191
255
255
246
114
255
7
243
247
39
245
199
243
125
83
249
254
169
231
44
183
255
218
125
243
117
50
219
245
105
151
92
245
110
223
174
158
7
186
29
244
95
144
243
123
255
121
220
170
243
173
238
101
162
217
61
161
120
253
93
230
119
253
59
248
229
226
252
199
96
245
66
185
244
127
188
13
147
254
206
59
221
252
100
86
186
119
114
169
188
221
85
26
151
192
99
242
65
169
37
153
12
248
29
143
9
62
240
55
172
74
23
36
248
63
254
117
162
159
61
35
121
239
84
222
119
253
63
252
245
246
254
71
240
245
66
145
244
221
188
109
201
250
158
251
233
220
108
87
190
91
122
137
252
222
85
24
143
212
119
246
109
153
44
153
12
242
29
143
73
56
242
51
188
88
87
38
248
7
5
128
152
3
66
4
7
39
66
9
0
16
110
39
23
237
58
33
192
192
39
210
99
84
205
176
73
80
136
48
97
215
36
87
186
82
104
105
124
112
72
56
43
213
84
245
110
153
172
24
5
240
29
156
73
16
242
51
189
88
87
32
250
7
5
196
144
9
76
4
7
37
68
14
5
24
111
28
4
233
88
1
224
192
34
192
99
88
92
180
8
80
136
57
97
215
36
85
186
82
104
233
124
112
84
56
47
212
20
245
111
153
164
24
4
240
29
156
73
24
242
51
189
88
87
32
250
61
54
125
222
54
61
29
119
247
126
13
53
125
62
191
87
247
246
194
40
241
240
81
182
220
164
228
217
106
248
253
233
195
68
151
190
222
120
145
125
116
221
127
191
244
228
229
111
187
173
140
15
242
29
158
93
60
242
123
157
251
158
108
250
58
253
255
254
55
125
221
255
247
254
253
184
127
202
255
255
255
246
98
122
55
254
245
63
255
163
247
89
91
253
254
251
227
108
159
254
218
119
243
119
186
207
247
124
214
247
193
110
223
191
158
141
106
29
245
93
152
178
121
255
255
222
174
179
4
34
16
0
0
64
32
70
64
0
138
37
64
39
137
162
107
10
129
192
193
0
77
131
192
9
64
201
0
12
161
64
125
0
69
186
17
2
9
68
104
20
24
34
68
119
38
236
153
44
40
0
240
29
8
73
6
112
7
176
8
82
96
72
4
33
81
32
16
64
164
197
192
130
137
116
80
6
163
98
235
8
3
65
1
32
100
132
196
141
164
137
0
14
34
16
244
4
69
158
24
56
9
84
8
64
52
42
212
116
38
108
153
172
8
7
240
28
20
73
16
178
19
176
24
87
96
106
253
174
247
233
250
255
167
245
249
253
206
255
223
61
251
236
203
253
251
43
253
85
126
249
255
109
28
182
237
215
123
223
253
193
109
113
244
255
253
62
253
21
106
182
93
163
126
241
191
125
239
189
215
255
139
206
110
204
207
236
203
207
126
254
126
249
255
126
55
123
93
62
255
158
253
248
127
254
254
250
187
183
114
255
55
127
225
247
237
127
247
189
107
254
254
168
222
124
231
254
223
125
251
125
122
255
255
109
183
119
183
110
191
174
139
199
250
29
125
93
62
247
127
251
57
251
237
218
126
253
255
254
54
127
217
23
247
222
149
184
127
242
191
223
251
247
122
255
55
117
87
151
253
243
246
253
75
252
254
168
199
44
199
191
218
124
251
125
186
223
245
109
151
252
181
110
255
174
138
207
242
61
125
93
20
247
123
255
123
249
234
243
63
253
255
126
54
255
221
95
243
158
253
184
126
230
173
91
251
245
35
255
55
119
81
215
229
255
247
189
75
124
252
160
222
44
199
190
218
124
249
117
122
223
253
109
215
117
183
110
191
174
8
71
242
29
124
93
20
243
123
191
121
251
234
250
191
254
117
229
190
189
189
121
253
125
254
123
255
125
252
245
243
253
207
121
244
116
186
120
237
254
113
243
254
87
127
239
215
224
220
186
255
251
249
245
223
221
123
63
212
7
254
89
168
181
28
5
234
159
159
77
28
246
183
191
218
95
36
252
60
250
116
1
153
249
166
121
249
17
238
125
244
55
200
224
251
144
231
80
245
2
139
244
229
125
93
167
124
79
139
246
221
108
69
190
86
179
233
116
249
85
58
39
69
231
62
101
169
245
141
44
240
29
139
73
54
242
167
172
88
95
36
90
44
170
103
161
248
249
166
241
121
185
206
127
248
55
203
224
203
137
235
40
245
5
139
252
123
125
25
167
236
207
59
222
221
225
69
176
119
251
237
60
253
21
122
55
69
167
126
225
185
125
141
44
213
29
139
8
54
192
167
172
202
31
36
222
254
249
255
223
55
87
217
190
223
231
189
188
127
218
191
254
255
215
122
191
31
255
231
39
173
227
242
125
83
251
222
59
255
61
183
255
218
125
250
117
50
219
229
124
191
156
241
62
223
174
255
215
186
59
244
223
208
255
120
127
125
252
251
243
15
248
105
188
191
232
255
88
157
123
254
251
225
76
236
245
163
253
167
83
229
38
194
114
69
255
241
163
90
103
103
235
223
32
213
186
119
120
233
117
120
92
59
43
245
19
247
111
152
190
24
5
240
189
221
65
48
178
183
191
26
215
164
90
45
53
109
176
55
189
113
121
245
94
214
53
253
127
188
71
210
253
67
96
245
118
208
119
93
186
164
149
122
220
125
233
207
108
199
190
211
122
217
125
220
221
94
143
208
113
231
111
185
172
152
13
242
29
159
85
56
182
123
191
251
159
44
250
62
249
255
254
54
118
221
118
215
158
253
248
111
231
150
90
251
199
114
255
39
117
65
215
237
215
247
189
67
188
244
168
214
44
135
190
218
60
251
117
122
222
177
109
151
116
181
110
251
174
136
195
240
29
124
93
20
243
27
255
121
243
106
250
63
245
237
186
55
119
93
94
247
198
253
248
111
171
180
95
251
244
99
121
179
118
241
119
197
255
245
57
83
62
118
233
214
44
151
190
202
120
233
117
122
202
56
173
215
81
245
110
155
172
24
5
240
29
220
93
16
242
51
189
88
215
40
250
63
245
105
190
55
55
93
11
230
70
181
184
125
106
52
95
244
246
38
247
99
114
209
119
196
131
227
89
83
56
244
105
210
44
150
190
202
120
193
245
114
202
57
13
208
20
213
78
153
174
24
5
112
29
156
73
16
242
51
189
88
214
42
249
45
238
101
225
249
189
163
121
253
93
238
127
237
59
204
228
194
253
223
104
245
64
154
244
125
124
9
183
124
95
121
159
253
97
85
186
245
251
189
188
223
149
90
151
64
163
126
65
173
53
141
44
217
189
139
12
118
204
239
140
202
143
46
221
205
202
103
229
232
253
243
240
185
253
238
79
223
121
219
168
137
221
255
47
252
77
174
248
111
255
29
182
236
71
63
159
183
243
121
97
117
243
252
173
253
61
235
119
237
171
254
177
237
217
239
255
221
231
139
174
103
204
246
175
198
63
21
156
219
223
138
127
239
250
218
136
63
187
255
203
174
89
110
189
149
187
188
159
238
127
59
122
231
215
115
246
255
119
239
247
159
251
219
69
255
143
254
171
239
63
235
249
255
91
255
179
238
219
144
255
223
231
251
247
127
157
244
39
183
249
223
15
246
249
255
222
54
91
93
254
215
134
253
184
111
247
158
250
255
199
122
127
23
253
229
135
239
247
247
125
67
190
198
168
222
61
167
255
206
61
251
125
50
218
177
237
191
56
181
110
215
174
175
211
184
57
116
95
192
255
121
123
121
245
251
254
51
245
219
222
54
20
93
15
195
198
53
184
63
227
135
90
254
198
32
59
6
108
229
7
205
131
227
121
3
56
212
105
182
52
52
190
202
88
242
117
34
74
185
105
178
20
209
110
211
174
57
199
48
25
180
77
0
243
114
123
121
84
227
251
13
4
196
130
9
205
32
101
52
116
70
85
28
127
156
228
235
216
129
96
196
34
194
115
89
28
148
2
120
138
19
105
215
36
81
186
83
90
233
124
112
21
24
39
212
20
245
111
153
164
25
4
240
29
156
73
16
242
51
189
88
87
32
250
63
245
109
190
55
54
29
11
231
70
185
184
125
107
52
95
244
246
38
247
99
118
209
119
196
131
225
89
83
56
244
105
210
44
150
190
202
120
193
245
114
74
56
45
208
20
213
78
153
172
24
5
112
29
156
73
16
242
51
189
88
214
42
249
187
254
109
109
191
252
253
216
253
255
253
251
239
89
124
253
255
252
47
251
229
102
187
124
237
255
247
187
223
55
247
255
215
236
223
254
251
57
249
119
123
222
122
191
215
211
247
127
184
189
28
5
248
181
159
73
16
242
51
159
254
215
36
186
184
186
119
231
250
253
175
253
253
253
250
127
253
117
251
228
251
221
235
106
252
137
142
252
255
253
61
187
254
195
59
255
125
229
93
123
87
243
237
118
253
84
122
63
205
167
254
113
137
173
92
37
240
31
157
73
148
244
179
189
222
71
32
246
63
255
237
250
55
253
125
126
245
214
253
184
125
62
253
255
251
244
99
121
181
118
209
119
93
253
229
189
123
94
126
233
214
108
215
190
194
120
249
125
62
223
60
47
214
183
245
110
155
172
24
5
242
29
158
93
56
242
59
189
89
223
42
250
50
49
81
150
54
132
29
47
195
68
59
112
125
102
144
80
255
198
32
97
131
32
193
71
220
215
245
121
2
184
213
104
151
44
85
158
202
120
235
85
32
88
185
43
164
20
245
110
147
172
25
7
176
24
156
73
0
114
50
249
120
87
32
250
50
177
253
222
54
197
93
47
199
68
125
240
61
126
148
118
255
214
96
35
151
42
225
103
220
215
245
121
51
186
215
105
151
44
21
158
206
88
251
125
112
217
181
111
180
20
245
110
147
174
153
11
176
24
156
89
40
242
114
249
120
87
32
254
210
217
154
223
39
22
220
135
23
203
61
136
14
200
23
31
189
214
60
255
14
175
228
51
239
199
243
120
83
49
244
57
242
62
188
255
218
125
242
241
50
234
177
125
186
28
209
62
217
171
22
199
104
24
180
73
145
243
121
95
125
116
131
179
59
221
222
126
39
113
93
30
55
198
189
136
62
232
36
223
253
246
48
255
46
254
245
55
229
255
243
120
83
115
246
33
210
62
53
254
194
125
242
117
50
203
253
111
222
84
245
110
157
170
18
69
104
29
148
77
145
243
121
191
125
126
161
178
187
223
255
253
55
117
221
222
247
255
189
248
127
216
55
255
255
244
38
123
182
254
246
63
231
255
243
123
87
127
118
251
247
44
151
254
218
125
249
247
122
75
121
125
214
213
245
110
153
175
30
5
248
29
214
93
144
242
121
159
125
223
170
251
4
33
81
32
16
64
164
78
192
130
137
52
64
6
163
67
235
0
3
65
1
32
68
134
196
156
180
137
2
12
32
0
84
4
69
158
8
56
9
84
40
64
52
34
196
116
4
108
24
172
0
7
112
24
20
65
16
178
17
176
24
87
96
106
61
182
117
2
159
189
167
125
255
85
254
121
253
59
188
212
242
246
195
96
241
66
251
244
252
40
108
127
126
221
217
239
221
108
70
190
214
178
57
252
223
215
90
135
64
226
252
69
185
52
141
8
240
29
159
77
56
246
35
140
218
223
46
221
54
241
121
142
54
140
29
41
199
70
21
240
125
42
156
84
254
214
2
240
129
34
193
103
221
145
245
89
67
184
221
41
132
44
69
158
202
120
137
125
48
218
53
41
212
20
244
110
147
172
25
7
112
29
156
73
16
242
51
185
120
87
32
251
63
255
109
124
63
125
253
90
253
126
253
251
237
92
236
253
177
252
39
251
245
126
144
127
101
255
243
179
127
119
127
251
223
120
223
190
255
120
249
117
122
223
123
63
212
247
247
111
184
191
28
15
248
157
222
65
52
178
127
191
251
223
174
250
45
231
101
232
60
189
37
121
189
92
202
181
205
125
252
69
195
252
195
104
245
102
208
247
93
252
132
145
124
86
57
201
223
96
215
186
85
122
249
124
124
92
58
175
84
177
247
111
184
173
24
12
240
29
158
77
60
242
51
189
90
215
46
250
58
209
154
222
39
69
217
175
87
198
61
152
61
234
55
126
255
150
96
179
6
186
197
39
249
131
226
89
83
249
220
107
167
60
53
246
222
88
210
125
114
75
245
104
182
20
193
110
155
174
155
71
178
25
188
89
17
243
123
251
121
124
163
251
50
248
125
142
54
205
29
44
239
4
63
244
125
63
252
244
255
214
66
112
213
114
193
102
253
229
229
89
35
186
221
233
149
44
71
158
202
122
233
125
50
221
53
43
212
54
245
111
147
166
137
11
176
29
157
89
56
242
50
184
120
87
34
250
58
181
249
222
54
85
217
47
215
228
21
180
61
122
179
118
254
214
64
51
151
122
215
38
216
130
230
89
115
249
221
234
167
44
7
190
222
88
218
125
50
89
245
72
176
20
225
110
155
174
155
15
178
24
156
89
24
243
123
217
123
94
42
251
63
180
125
14
62
141
29
45
239
68
151
112
125
63
252
212
254
246
66
112
241
82
211
100
253
176
236
89
98
184
221
105
133
108
70
158
202
122
137
125
181
223
29
143
212
118
244
77
145
164
137
15
114
29
157
89
56
242
58
184
122
223
42
251
58
247
125
222
50
29
93
45
247
126
125
185
125
126
191
94
247
214
64
42
212
112
209
182
217
161
228
89
107
248
221
105
215
100
85
182
222
120
240
125
118
223
125
47
244
148
245
111
155
174
153
15
242
29
158
93
60
242
123
189
123
222
106
251
56
214
125
255
62
245
253
253
247
254
221
157
125
124
63
247
255
246
67
107
252
122
215
190
221
175
230
218
127
209
253
255
239
36
55
190
210
123
249
125
126
95
126
62
214
181
197
111
153
173
30
13
242
29
156
93
144
242
123
159
219
222
42
243
62
248
125
142
190
141
21
120
239
4
223
116
253
63
252
212
251
246
66
112
241
66
129
244
253
252
236
89
122
154
221
232
212
108
71
158
202
58
137
124
61
221
29
47
212
118
244
109
145
164
153
8
240
29
159
89
56
242
51
188
120
95
34
250
55
243
125
14
55
152
29
72
231
6
145
176
125
63
172
87
254
182
66
208
161
98
81
118
197
180
228
89
82
188
233
40
220
44
70
158
74
58
129
124
56
90
56
47
212
112
180
78
153
174
16
1
112
29
221
81
48
242
51
188
120
215
34
251
62
181
255
186
55
183
57
127
229
198
209
180
125
170
189
95
250
244
99
118
51
119
209
119
93
184
246
157
82
220
124
169
198
44
215
190
210
120
201
125
184
75
116
141
215
245
241
110
159
172
152
13
242
29
220
81
48
242
123
189
123
223
42
243
63
245
253
184
55
255
61
126
245
206
253
184
125
174
189
95
251
244
99
116
49
118
209
119
77
253
229
189
123
92
124
169
214
44
215
190
82
120
201
116
62
95
60
47
215
181
245
110
153
172
24
5
242
29
156
93
24
242
59
189
89
215
42
242
62
253
255
254
55
183
249
91
245
222
213
248
127
186
180
95
250
245
99
255
55
127
81
247
245
251
247
189
91
252
252
168
206
44
167
190
218
124
217
125
120
223
181
109
215
117
183
110
191
174
152
79
242
29
252
93
16
242
115
255
123
223
234
251
63
229
121
156
35
29
93
75
231
70
149
176
125
40
189
94
254
176
2
240
3
114
209
39
221
144
228
89
67
188
252
41
210
60
7
158
202
122
129
124
178
219
61
41
182
84
229
110
147
174
16
7
32
29
245
89
24
243
59
189
121
215
106
243
63
180
125
14
62
141
17
109
231
68
151
116
253
58
188
84
254
246
66
112
241
82
211
100
252
184
252
89
122
216
221
233
133
108
71
158
202
122
137
92
157
221
93
143
209
116
240
77
177
164
137
13
242
29
157
89
56
242
50
184
251
223
46
251
62
55
124
14
55
149
25
9
231
66
149
52
125
58
180
85
254
246
66
240
145
114
209
116
212
152
228
89
114
188
253
168
212
44
7
158
202
120
129
84
60
91
28
15
208
116
228
78
153
172
152
13
114
29
156
89
24
242
51
156
121
95
42
251
56
214
125
255
62
253
249
253
255
254
221
157
125
60
253
255
255
246
67
107
252
114
215
190
253
168
230
218
127
211
255
255
239
36
215
254
214
123
249
127
250
95
119
62
214
183
193
111
157
173
158
13
250
29
159
93
176
242
123
189
219
222
42
247
62
55
117
162
55
61
37
121
231
70
211
48
125
58
244
87
246
254
71
240
113
114
145
244
220
184
229
201
82
156
249
169
200
44
86
190
203
120
129
92
252
85
48
143
208
101
246
76
153
172
144
8
98
29
159
89
16
242
51
188
88
87
40
250
60
186
117
143
56
221
167
253
251
252
110
253
253
55
217
240
255
198
203
40
213
65
78
244
217
253
253
255
111
203
251
254
221
100
69
182
92
250
233
124
117
93
122
39
245
166
244
109
185
173
141
15
240
29
157
73
20
242
23
188
90
87
96
254
45
247
109
124
55
185
253
122
181
222
252
251
237
93
236
79
171
252
231
123
245
126
208
119
101
255
243
179
126
86
109
233
222
108
213
186
247
120
249
117
124
127
59
47
244
113
247
111
184
190
24
13
240
29
223
77
56
178
119
191
122
215
172
218
189
255
109
244
63
189
253
120
189
127
254
115
239
121
228
69
177
252
231
123
245
116
144
242
109
191
241
179
124
87
127
235
223
112
212
186
247
120
249
245
124
221
123
47
244
3
247
111
186
191
25
13
248
29
223
93
62
246
119
191
218
223
44
218
187
222
117
231
191
253
189
248
253
125
254
95
253
125
249
245
247
252
199
106
252
122
142
124
109
255
117
179
254
83
127
255
247
224
93
116
119
243
249
247
255
93
123
63
212
135
254
113
168
253
28
5
254
159
159
77
22
242
183
190
222
95
36
188
56
182
117
143
56
253
191
125
251
252
126
153
125
55
223
246
255
214
195
41
244
32
215
252
217
125
253
250
109
219
255
239
205
36
85
180
214
250
169
124
112
92
59
175
244
182
244
109
185
172
29
13
240
29
157
73
20
242
51
188
90
87
32
254
50
245
121
142
54
220
25
9
199
70
21
252
61
34
148
86
254
214
0
113
131
32
209
103
252
144
244
89
83
186
221
41
134
44
21
158
202
120
201
117
48
218
57
169
144
20
245
110
147
174
16
7
240
25
148
73
16
242
58
185
120
87
42
251
50
243
81
222
48
72
29
47
71
224
121
153
37
103
221
250
255
198
32
34
198
40
193
6
201
215
243
121
3
170
215
105
151
36
85
182
254
88
234
117
98
94
177
107
180
20
245
111
147
174
25
3
176
29
156
73
0
243
51
249
120
87
32
254
184
218
119
231
191
253
189
249
253
253
254
95
253
125
249
229
255
220
199
98
252
98
142
252
105
253
241
178
254
83
127
255
255
224
93
112
119
243
249
119
253
92
123
62
196
167
254
113
169
237
28
5
252
159
157
73
30
242
183
189
222
87
32
188
191
254
109
109
190
253
253
112
189
127
252
219
207
125
124
253
249
252
103
251
245
102
184
126
109
255
183
179
255
119
119
255
215
232
223
252
255
121
249
117
127
222
123
191
212
241
247
123
184
189
28
5
232
157
158
77
22
242
55
159
254
215
38
190
141
46
101
228
188
189
165
112
189
125
238
115
205
121
248
197
130
252
207
105
245
100
136
248
77
62
21
178
252
71
121
207
223
96
84
184
85
250
249
188
253
20
122
55
192
163
246
75
184
189
28
5
240
29
159
13
62
246
55
173
202
215
36
252
45
175
101
232
48
253
165
121
189
220
202
181
221
61
253
231
203
252
195
104
245
100
208
243
77
252
133
177
124
70
59
201
215
96
85
186
85
122
249
116
124
92
58
39
84
167
247
111
185
172
24
5
240
29
159
77
20
242
51
189
90
87
32
250
50
242
89
142
58
93
29
45
211
118
125
180
117
54
221
240
255
198
64
32
197
48
193
198
217
213
229
121
3
170
223
106
197
36
85
190
222
120
233
117
114
93
49
47
244
150
245
111
155
172
137
3
176
29
156
89
4
242
51
249
120
87
96
254
62
37
125
158
35
29
25
73
231
70
145
48
125
42
180
86
254
146
66
240
19
114
209
102
220
144
228
89
34
252
252
169
194
60
71
190
202
120
129
92
164
75
61
9
240
20
228
78
147
174
144
15
98
29
220
89
24
243
51
185
121
215
104
251
50
242
117
142
58
220
157
33
207
52
63
244
125
55
221
240
255
198
66
32
193
32
193
196
221
213
229
123
35
186
223
234
213
44
71
190
222
56
233
124
112
92
33
175
244
54
180
109
187
172
137
3
176
29
28
89
4
242
18
184
120
87
96
254
56
245
125
222
54
29
93
61
247
254
93
145
61
126
191
86
247
246
64
34
244
240
209
182
217
162
230
89
123
248
253
233
199
36
215
182
222
120
210
125
118
223
255
47
244
20
229
111
155
174
153
15
242
29
156
93
56
243
123
249
123
222
42
251
63
246
125
170
23
61
37
121
229
70
209
180
125
63
252
87
246
254
67
240
113
114
145
244
221
188
229
201
82
150
249
233
216
44
215
190
75
122
129
124
60
94
24
175
212
117
230
108
155
172
24
4
242
29
222
89
16
242
51
188
88
215
106
250
61
54
117
130
63
61
33
121
231
84
210
114
253
59
252
69
246
254
71
240
241
66
145
244
216
56
237
216
124
158
249
233
216
108
86
190
75
122
129
92
252
84
24
143
208
101
246
77
153
165
24
12
242
29
143
73
24
242
51
188
88
87
32
250
62
245
255
186
55
119
93
95
247
198
253
184
125
174
181
95
251
244
115
127
51
87
209
55
253
237
230
29
83
252
252
169
198
44
151
190
202
124
193
117
58
203
117
45
215
21
245
110
159
172
26
13
242
29
212
93
24
242
123
189
91
223
42
243
63
52
117
34
23
169
39
88
231
4
255
48
237
31
236
117
247
246
3
112
241
34
145
116
196
252
237
73
114
30
233
41
220
44
213
190
66
56
137
124
120
92
24
175
212
115
180
76
152
172
24
12
240
29
157
65
56
178
51
188
24
215
36
216
63
54
124
34
183
181
19
121
231
84
213
114
253
59
164
85
242
244
71
240
241
66
145
116
84
184
252
25
122
28
249
169
220
108
20
190
194
120
1
124
92
217
24
143
208
117
244
77
153
164
25
12
240
28
158
77
56
242
51
156
90
87
44
219
60
186
117
160
254
189
163
121
253
85
214
119
237
63
252
197
250
213
207
104
245
66
137
244
237
188
124
157
254
94
121
173
220
108
85
158
86
122
141
116
221
213
26
23
65
167
126
69
168
53
137
12
248
157
143
77
56
244
51
172
90
15
38
218
63
245
125
190
55
39
93
90
231
70
177
176
109
107
180
95
242
246
3
115
231
38
209
119
196
138
227
93
83
60
244
233
210
44
22
190
74
120
193
245
114
74
56
15
208
84
197
79
153
172
24
5
112
29
156
73
16
242
51
189
88
86
34
251
61
54
117
129
254
245
163
253
255
252
214
55
253
63
187
245
250
247
203
40
241
83
223
252
217
56
252
251
252
223
255
255
237
108
215
190
214
250
169
125
252
93
94
158
213
224
240
109
188
173
157
13
242
29
158
85
62
246
119
156
219
223
44
254
63
255
255
122
54
55
253
94
241
158
221
184
127
190
189
91
251
245
99
127
55
119
81
247
197
255
247
189
83
124
124
168
214
44
199
190
218
60
217
125
122
95
61
109
215
245
183
110
191
174
24
71
242
29
252
93
16
242
123
255
121
223
106
250
63
249
236
124
55
123
253
90
245
158
253
248
127
94
236
255
155
252
99
223
119
118
209
119
101
255
247
189
127
126
126
169
222
124
199
190
251
120
249
125
122
255
183
109
247
115
183
110
191
190
154
7
250
29
223
85
56
179
127
191
187
251
238
219
50
241
121
158
54
76
93
47
199
196
61
184
61
110
156
94
255
214
96
51
151
48
193
103
221
199
229
89
35
184
221
105
135
44
87
158
202
88
235
125
50
91
181
233
180
20
245
110
147
174
153
11
176
25
148
89
8
243
114
249
120
87
42
250
62
245
217
158
55
17
88
15
199
194
21
180
61
130
164
95
254
214
0
211
7
114
193
39
173
146
226
89
83
56
156
40
146
60
149
158
202
120
195
117
50
203
61
105
178
20
229
110
147
174
18
7
42
25
244
89
16
243
57
189
121
95
106
243
56
214
117
159
62
237
189
117
255
252
120
157
61
61
223
246
255
214
193
43
244
32
199
182
217
125
245
122
91
82
251
239
213
36
117
180
86
120
233
116
118
92
58
47
212
180
245
111
153
172
24
5
240
29
156
73
20
242
51
189
90
71
34
250
45
255
109
124
55
249
253
120
189
156
238
251
237
93
236
79
139
252
167
123
229
102
192
119
69
255
209
179
126
70
111
233
222
36
213
186
119
120
249
125
124
124
58
47
213
113
247
111
184
190
24
5
240
157
220
69
48
178
55
191
218
215
164
218
20
34
17
34
8
64
32
103
66
32
194
53
96
6
139
48
123
138
195
192
193
0
69
150
204
9
228
201
2
140
161
192
61
44
69
190
25
48
1
68
40
80
16
2
68
101
162
76
185
44
201
0
240
28
16
73
6
114
3
176
8
6
96
72
62
251
255
250
54
54
253
127
231
134
217
184
111
183
157
95
251
197
99
127
55
119
81
247
221
223
247
189
67
188
244
168
198
44
199
190
218
60
217
117
122
94
49
173
215
117
181
110
187
172
152
75
240
29
188
93
16
242
115
255
123
215
106
251
126
249
255
254
54
119
93
95
231
198
213
184
127
190
183
95
251
247
122
255
55
119
81
183
189
247
247
189
115
254
254
168
198
44
167
159
202
124
219
117
56
219
245
109
151
124
53
110
223
174
154
207
242
61
244
93
16
246
123
255
123
223
234
251
126
249
255
222
54
127
93
63
199
134
253
184
127
182
150
222
251
215
122
255
63
255
247
151
253
247
247
189
99
190
214
168
206
44
167
223
202
61
251
117
58
219
181
237
159
124
181
46
223
174
131
203
240
61
116
95
112
247
121
251
121
241
238
251
59
213
220
222
39
89
93
62
55
238
61
136
60
238
47
95
255
214
32
251
6
186
193
55
201
175
243
88
83
113
252
105
210
54
53
254
211
120
242
117
50
207
189
111
182
148
245
110
153
170
26
69
232
29
156
77
145
243
123
255
121
118
163
243
54
241
217
158
54
148
89
15
199
194
21
184
61
34
180
90
254
214
0
243
135
112
193
103
221
147
230
89
3
184
212
40
150
60
149
158
202
120
195
117
50
202
181
105
178
20
245
110
147
174
16
7
32
25
244
89
16
243
59
249
121
215
106
251
59
254
109
228
191
61
253
123
253
124
254
115
253
121
252
213
242
252
71
114
244
126
153
127
127
190
231
155
254
119
125
255
223
236
222
190
255
114
249
245
255
223
223
223
208
231
247
79
168
183
152
13
234
149
159
93
56
182
247
191
251
223
172
189
126
61
239
254
55
63
125
63
213
198
213
180
127
254
189
94
186
191
115
223
55
127
209
247
181
106
230
157
114
252
252
168
206
44
135
254
219
124
209
125
56
253
245
109
247
125
167
110
191
174
155
207
250
29
252
85
56
243
127
251
59
187
236
218
61
182
117
6
190
157
135
117
251
116
190
113
253
63
252
212
247
246
67
32
241
66
91
244
253
168
108
223
110
221
217
111
213
108
70
190
218
114
169
252
253
93
72
175
212
98
244
77
185
164
137
12
242
29
159
77
60
246
51
188
218
223
44
248
50
241
121
158
54
221
29
15
199
68
61
240
61
126
180
118
255
214
96
113
135
114
193
103
220
199
229
121
35
186
221
233
135
44
71
158
202
88
235
125
50
217
53
41
180
20
245
110
147
174
153
11
178
25
148
89
24
243
50
185
121
95
40
250
61
54
117
131
250
253
163
253
255
252
198
119
253
63
187
245
255
247
203
40
241
81
94
252
217
104
252
223
108
219
255
239
237
100
87
182
222
250
169
124
252
85
90
182
213
162
240
109
185
172
141
13
242
29
156
93
60
246
119
188
218
223
44
254
61
250
117
3
153
233
167
120
255
21
254
125
253
63
204
240
251
180
199
96
245
2
139
244
237
125
109
175
126
15
203
254
221
108
69
158
86
50
173
124
253
85
56
39
68
99
60
101
169
53
137
12
240
29
139
73
48
240
39
172
216
95
36
216
58
209
154
222
39
69
217
175
87
194
21
156
61
234
63
254
254
146
0
155
6
186
229
39
185
131
226
89
83
249
222
107
231
60
53
246
222
91
218
125
242
223
245
104
178
22
193
110
155
170
27
71
186
25
188
89
17
243
123
251
121
126
163
251
127
245
253
254
55
39
89
91
247
70
149
176
125
202
180
95
246
246
3
119
247
62
209
55
220
138
226
93
83
56
252
233
194
44
22
190
202
120
193
245
82
202
28
15
208
20
193
78
153
172
24
5
112
29
156
73
16
242
51
189
88
86
34
251
63
245
237
252
55
63
125
90
245
222
221
243
125
124
180
95
176
252
99
251
119
126
208
119
117
190
231
145
123
116
124
233
206
124
151
190
255
120
217
125
126
255
255
237
212
113
247
110
184
190
152
15
250
29
222
85
56
178
127
191
251
223
174
219
29
34
209
40
24
184
32
70
112
56
194
53
116
55
137
82
234
138
131
96
193
32
73
159
196
8
228
205
74
12
161
102
213
36
69
190
113
178
33
116
232
84
24
6
84
197
163
79
185
108
8
4
240
29
152
73
22
242
3
180
88
71
34
243
126
253
255
252
54
127
125
127
229
198
253
184
127
186
191
95
251
245
123
127
55
247
209
183
221
239
231
189
115
252
244
168
202
44
167
191
202
124
209
125
58
219
181
237
215
125
55
110
159
174
147
203
114
61
244
85
120
246
121
255
123
214
238
251
45
253
253
120
55
63
253
122
245
158
236
241
111
59
180
79
251
252
99
127
117
118
208
247
85
255
247
185
123
94
124
233
206
44
199
190
211
56
249
125
124
94
58
175
215
113
183
110
185
172
24
13
240
29
156
69
56
242
119
191
123
215
40
250
45
255
255
120
55
59
253
122
245
158
237
240
127
187
236
79
251
252
99
127
53
118
208
119
69
255
247
189
122
94
124
233
222
44
199
190
83
56
249
125
124
94
58
47
215
113
55
110
185
174
24
5
240
29
221
69
56
242
55
189
121
215
32
250
63
61
236
252
55
63
125
123
245
222
213
178
127
254
182
95
176
189
99
255
119
126
209
119
117
186
246
153
122
244
252
233
206
108
135
254
223
120
209
125
124
255
247
239
214
117
183
110
191
174
152
15
242
29
222
85
56
243
127
191
59
191
172
218
29
241
121
56
18
57
47
88
192
6
235
176
80
70
236
211
227
212
3
96
7
48
0
22
205
140
166
137
83
12
49
104
210
4
213
190
66
114
129
116
186
222
24
13
84
22
165
78
153
172
16
4
96
29
151
65
144
242
51
188
88
86
98
177
50
241
121
174
54
220
29
9
199
70
21
180
125
38
148
86
255
214
0
240
129
48
193
102
220
148
241
89
82
186
253
105
132
44
21
158
202
120
137
85
32
200
53
169
212
20
244
110
147
174
16
3
96
29
148
89
16
242
51
185
120
87
42
250
50
179
81
158
54
88
28
45
71
98
121
180
61
70
159
114
255
214
0
50
197
48
193
70
201
135
225
89
3
170
223
105
151
36
85
182
254
88
234
117
96
93
181
41
244
20
245
111
147
174
153
3
178
29
156
89
0
243
51
249
120
87
32
254
59
209
92
222
55
17
93
44
87
248
61
185
61
126
39
94
255
214
0
187
198
56
197
38
201
131
226
89
123
121
221
107
247
52
21
182
255
88
242
117
114
95
253
111
180
20
213
111
155
174
25
7
242
29
156
73
17
243
123
251
121
118
162
251
56
146
85
143
58
205
159
53
223
252
94
157
61
63
223
246
255
214
192
35
212
34
199
254
217
125
245
122
123
203
255
239
213
36
117
180
215
122
233
117
112
93
107
47
244
54
245
111
153
172
25
5
244
29
156
73
0
242
51
185
90
71
32
254
57
54
125
143
190
253
187
253
255
125
86
29
253
63
249
245
254
246
195
32
248
114
159
252
217
184
252
250
254
219
255
255
205
108
215
182
222
242
169
127
252
93
75
158
244
226
240
77
185
173
156
11
246
29
159
93
60
242
115
188
250
223
44
252
191
222
100
229
191
253
253
248
189
253
222
95
205
125
121
229
241
220
199
251
244
106
136
122
109
190
167
178
124
87
127
255
247
232
221
48
119
250
249
247
221
92
91
62
212
135
247
107
168
253
28
5
252
29
159
77
22
242
183
191
218
95
36
190
54
241
121
190
54
148
25
13
199
6
17
176
125
2
180
82
250
214
66
241
3
114
193
39
204
144
228
89
83
184
252
168
214
44
135
158
202
120
129
117
34
202
53
41
214
84
165
110
147
174
16
3
96
25
180
89
16
242
59
189
120
215
106
243
58
240
121
142
55
141
29
13
199
70
29
176
61
46
180
84
255
214
64
240
145
50
209
102
220
213
229
89
19
184
221
233
133
44
87
158
202
120
169
127
32
219
53
41
212
20
244
111
147
166
152
11
34
25
158
89
24
242
51
185
121
95
42
250
58
177
121
158
55
197
89
45
215
198
21
180
61
46
181
118
254
214
64
242
131
50
193
102
188
144
228
89
83
251
223
105
135
44
7
158
202
88
203
125
16
217
85
40
180
20
229
111
147
174
153
15
178
25
156
89
24
243
58
185
121
95
42
251
61
186
117
131
254
253
163
240
250
61
86
127
253
55
219
240
255
199
203
32
245
65
143
252
249
124
124
255
238
223
219
255
253
108
69
182
94
243
173
124
253
85
74
22
85
162
248
69
185
45
141
13
240
29
143
77
62
244
39
188
218
95
36
252
45
254
109
252
63
61
253
122
181
126
252
251
77
125
252
109
177
252
231
251
245
110
152
255
109
127
183
179
125
87
127
255
223
120
223
184
255
120
249
117
127
222
123
191
212
241
247
107
184
189
28
5
232
29
158
77
30
242
247
159
250
215
46
190
50
240
89
142
62
156
31
45
199
96
125
184
61
54
156
80
247
198
64
32
193
32
193
70
221
133
228
89
3
184
221
104
133
36
85
190
222
88
169
117
114
94
49
41
244
20
245
79
147
174
153
3
240
29
157
89
0
243
51
248
120
87
34
254
56
182
117
143
58
253
187
117
223
252
94
157
189
63
221
244
255
214
192
40
212
32
207
252
217
125
244
122
127
219
255
239
221
36
85
180
215
250
233
117
113
92
107
175
244
182
245
111
185
172
29
15
244
29
156
73
4
242
51
189
218
71
34
254
45
255
253
120
55
59
253
122
245
158
238
241
111
31
236
79
203
252
227
123
245
118
192
247
69
255
247
145
120
70
124
233
222
76
213
190
87
56
249
125
124
94
58
47
214
113
247
110
184
188
24
5
240
29
221
69
56
178
55
191
123
215
36
250
45
247
125
120
53
61
245
122
245
222
236
241
109
125
164
79
235
252
231
107
245
102
208
247
77
255
181
177
120
86
120
233
222
96
213
186
215
56
249
125
124
92
58
175
212
113
247
111
184
188
24
13
240
29
156
69
60
178
55
191
218
215
44
250
62
176
125
174
54
140
27
9
231
6
149
52
125
43
188
84
254
214
66
112
129
82
193
116
220
152
252
89
114
186
253
168
212
44
71
158
202
120
137
92
180
216
29
9
208
84
244
108
153
172
144
1
240
29
156
89
24
242
51
188
120
87
34
251
63
222
108
228
63
189
253
120
189
126
250
115
205
125
124
197
241
252
199
250
244
122
152
126
109
190
167
147
124
87
125
255
223
232
220
52
255
250
249
245
127
223
251
63
212
167
247
75
168
253
28
5
234
157
159
77
54
242
247
159
218
223
44
188
47
255
109
252
63
61
253
122
181
94
252
251
109
125
236
205
177
252
231
251
245
126
208
119
101
191
227
147
125
119
125
233
223
120
223
190
255
120
249
125
126
255
123
47
212
243
247
111
184
191
24
13
248
29
223
93
62
178
127
191
251
223
174
219
50
176
125
142
62
141
27
13
231
68
23
116
125
46
188
84
254
246
66
240
209
114
211
100
220
176
228
89
34
184
221
233
133
44
71
158
202
122
137
95
144
221
21
139
208
20
228
77
145
174
153
11
112
29
157
89
56
242
51
184
120
215
42
251
58
54
125
134
62
29
31
45
247
116
61
113
125
55
182
84
246
214
64
32
209
112
209
246
220
128
228
91
42
248
221
105
149
108
69
190
222
88
169
125
116
93
93
175
244
20
244
77
155
174
137
15
242
29
158
73
24
243
51
188
122
87
40
248
63
116
117
42
23
173
7
88
231
70
145
50
253
47
164
85
246
246
3
240
241
2
145
116
212
188
237
73
82
28
249
41
200
44
68
190
74
56
129
124
120
218
24
143
212
113
164
77
153
164
24
12
224
29
156
65
48
242
51
188
88
215
42
251
63
52
124
38
23
173
27
73
231
70
149
48
253
43
180
85
246
246
67
240
241
66
145
116
212
184
236
89
114
156
249
169
212
44
6
190
194
56
129
92
60
200
24
143
208
112
228
76
153
172
24
5
96
29
156
73
24
242
51
188
88
215
40
251
58
182
117
134
190
157
159
37
247
116
53
113
125
59
180
84
246
246
66
32
209
114
83
244
220
168
236
91
110
249
221
111
197
108
70
190
222
112
169
252
116
95
93
143
208
116
244
77
185
172
137
15
242
29
158
73
60
242
51
188
122
95
40
248
57
54
125
135
186
253
187
125
255
252
86
21
253
63
185
244
254
246
195
40
248
112
223
252
217
184
236
250
110
219
255
239
205
100
87
182
223
242
169
127
252
93
75
142
244
164
240
109
185
173
156
15
246
29
158
93
60
242
51
156
218
223
40
254
55
182
117
6
190
157
151
125
243
116
148
113
253
59
180
84
246
230
67
32
241
66
27
244
252
168
108
219
110
217
217
111
213
108
70
190
218
48
169
252
93
223
24
143
208
112
244
77
185
164
137
12
240
28
158
77
60
246
51
156
250
215
44
249
30
50
81
54
24
2
32
103
194
48
210
53
117
86
153
112
118
130
67
192
193
32
5
150
140
8
228
201
66
140
161
238
117
44
69
190
93
50
129
84
40
84
16
14
68
165
131
78
185
44
201
3
240
28
28
73
4
114
19
176
88
6
32
112
63
253
239
252
55
63
125
127
245
214
253
176
127
254
180
95
155
188
99
255
55
118
209
119
117
255
231
157
123
252
124
233
206
44
135
190
219
120
209
125
122
255
183
237
215
113
183
110
191
174
152
15
242
29
220
85
56
242
127
255
59
223
238
219
126
191
255
248
55
127
125
127
229
198
245
176
127
186
188
95
251
245
123
127
55
119
209
55
157
255
247
189
115
254
116
168
198
44
231
190
202
124
217
125
56
217
117
45
215
125
55
110
159
174
152
13
242
29
246
93
16
246
115
255
123
223
104
250
126
249
255
120
55
63
125
94
229
134
245
184
127
186
189
95
251
245
115
127
55
119
209
119
197
255
247
189
83
220
124
168
214
44
231
190
202
124
217
117
56
219
52
47
215
125
55
110
189
172
152
5
242
29
188
93
16
242
59
191
121
223
40
251
126
251
255
248
55
55
125
127
229
134
217
184
127
190
189
95
251
245
99
127
55
119
209
247
221
255
247
189
83
156
116
168
206
44
199
190
218
60
217
125
58
90
48
175
215
117
53
110
185
172
152
9
242
29
156
93
16
242
115
189
121
215
42
251
63
176
125
134
190
141
31
40
239
68
215
116
253
63
252
212
250
246
66
112
241
66
145
116
221
188
236
93
114
184
221
233
149
108
71
158
202
122
137
92
156
221
29
143
212
48
244
77
153
164
153
9
112
29
159
89
56
242
51
188
120
215
40
250
5
245
121
56
20
48
47
92
224
14
233
184
69
15
132
83
227
236
3
96
97
32
0
54
204
172
166
137
83
12
113
105
240
4
148
186
66
48
1
244
58
74
24
47
86
80
196
78
153
172
16
4
96
29
149
65
144
178
51
156
88
86
34
177
63
52
117
34
23
172
7
88
230
68
159
50
237
47
236
85
246
246
3
240
241
2
145
116
212
188
237
73
114
30
233
41
200
44
85
190
74
56
129
92
124
220
24
175
212
113
228
77
153
164
24
12
240
29
156
65
56
178
51
188
88
215
44
250
63
54
124
34
55
189
19
88
231
68
213
48
237
59
164
85
246
246
3
240
241
66
145
116
212
184
237
89
122
28
249
41
212
44
84
190
66
120
129
92
124
88
24
143
208
113
244
77
153
172
24
13
240
29
156
73
56
242
51
188
88
87
32
251
63
182
117
162
255
189
3
120
239
84
214
117
253
59
252
212
250
244
71
112
241
66
137
116
253
184
124
157
126
156
249
169
220
108
84
158
74
114
137
92
221
213
24
15
65
163
244
69
153
37
153
12
240
29
143
77
56
246
51
188
216
159
36
251
63
186
117
2
222
221
131
124
254
21
254
117
253
63
220
240
243
182
67
112
241
66
139
244
253
236
108
127
110
159
217
238
221
108
69
158
90
50
169
252
221
85
24
15
196
98
252
101
185
164
137
8
240
29
159
73
56
242
51
188
88
87
32
216
20
34
81
34
24
0
36
102
194
48
202
53
100
55
153
16
251
138
131
64
193
0
73
151
204
8
228
201
2
140
161
230
21
44
69
190
125
48
33
84
40
84
16
6
68
229
166
79
185
36
201
0
240
28
24
73
6
242
7
148
88
70
32
88
57
223
124
223
63
253
221
52
63
254
125
137
29
124
125
255
253
246
64
107
246
58
246
58
201
47
231
122
89
83
253
255
247
54
117
62
211
122
250
119
242
95
251
47
246
182
245
111
153
172
30
5
240
29
157
77
17
242
123
191
217
119
35
255
63
53
121
48
23
49
123
88
240
14
209
48
109
74
161
83
226
212
3
96
97
48
128
54
76
136
162
137
82
12
121
105
80
36
156
186
66
112
1
85
144
194
28
14
82
133
192
78
25
44
18
5
104
28
156
73
144
178
59
156
88
22
34
177
29
36
213
40
24
160
32
70
112
58
192
53
124
39
169
82
234
168
131
96
225
96
75
187
196
8
224
223
106
77
241
103
213
132
69
190
49
248
33
124
124
84
24
6
84
85
227
79
153
108
24
4
240
29
28
77
30
242
19
189
88
87
96
242
20
54
209
42
24
224
32
71
66
56
192
53
100
55
139
82
234
138
131
64
193
32
79
151
196
8
228
201
66
12
169
102
213
36
69
190
81
178
1
116
168
84
24
134
68
213
131
79
153
44
8
0
240
28
152
73
22
242
3
148
88
70
34
113
54
241
121
174
54
148
29
9
199
70
145
176
125
38
180
86
255
214
66
241
129
48
193
102
220
149
245
89
18
184
245
169
132
44
87
158
202
120
137
85
32
74
53
41
212
20
244
110
155
174
144
3
96
25
148
89
16
242
51
185
120
87
40
250
61
54
245
38
24
224
34
69
112
56
194
53
124
55
137
80
234
138
131
96
225
33
75
255
204
8
228
207
106
13
233
102
85
164
69
190
117
186
41
116
108
84
24
14
68
133
227
111
185
108
24
5
240
28
156
73
30
242
23
181
88
71
32
246
62
48
121
174
55
148
31
9
199
66
145
48
125
10
180
87
254
214
66
240
129
50
209
100
220
145
229
89
82
184
245
232
192
44
151
158
202
120
129
85
32
200
53
41
212
20
180
108
155
174
16
1
96
29
156
89
16
242
51
188
120
87
40
250
54
48
121
174
55
156
31
9
199
66
185
176
125
14
180
86
255
214
2
240
129
50
193
100
204
149
225
89
82
186
245
233
196
44
151
158
202
120
169
85
32
200
53
41
212
20
244
109
155
174
16
3
224
29
156
89
16
242
51
188
120
87
32
250
50
176
89
142
63
152
31
45
199
66
63
240
61
22
156
80
255
214
64
144
193
48
193
102
205
133
225
89
18
184
221
233
151
44
87
190
254
88
169
117
96
93
53
41
244
20
245
111
147
174
153
3
178
29
156
89
0
243
50
185
120
87
32
250
58
176
89
158
63
145
222
44
87
240
53
184
61
114
181
80
254
214
0
178
197
112
195
102
236
131
224
91
115
249
221
107
151
44
21
182
254
88
226
117
114
95
109
41
244
20
209
79
155
174
153
7
242
25
156
89
16
243
59
185
121
95
34
255
58
146
84
223
175
221
158
53
95
252
95
29
189
126
89
244
255
210
64
162
213
34
199
126
217
111
228
122
122
251
223
111
215
172
85
54
214
218
232
119
112
93
233
47
244
54
245
111
155
238
153
7
244
29
156
73
2
243
179
185
250
87
32
254
59
214
124
223
46
253
219
53
63
252
125
157
157
124
125
246
253
214
64
235
254
58
207
122
233
47
231
122
127
115
253
239
247
180
85
52
215
251
250
119
242
95
239
47
244
150
247
111
153
238
28
7
246
29
157
73
17
243
251
191
251
127
34
255
29
222
108
244
63
189
253
112
189
254
254
213
77
125
124
229
161
252
199
251
245
106
136
251
109
62
167
210
124
87
125
255
223
250
221
48
247
250
249
245
221
124
251
63
212
167
247
107
184
253
28
5
252
29
159
77
23
242
247
159
218
127
165
190
45
254
108
252
62
61
253
114
181
254
248
241
77
125
252
237
129
252
231
107
245
126
216
251
109
63
167
178
125
87
117
255
223
122
223
184
247
248
249
53
126
126
122
191
212
227
247
107
184
253
28
5
240
29
159
93
54
242
119
159
218
215
44
254
58
176
121
174
63
141
31
9
231
70
149
52
189
46
180
84
255
214
66
240
209
50
209
100
220
148
228
89
82
184
221
233
133
44
23
158
202
120
137
87
32
203
21
41
212
20
244
77
145
174
152
15
98
25
156
89
24
242
51
184
120
87
42
250
58
48
121
134
63
197
27
13
199
70
21
116
189
46
180
116
255
214
64
240
209
50
211
100
220
148
228
89
18
250
223
232
133
44
7
158
202
120
201
95
32
201
85
41
212
20
244
111
147
174
152
15
178
17
156
89
24
51
50
185
121
95
40
250
62
52
125
166
55
141
31
9
231
70
149
52
253
47
180
84
254
246
67
112
241
82
145
116
220
156
237
89
82
186
253
168
196
44
71
190
202
120
137
92
56
216
20
137
212
84
244
77
153
172
24
9
224
29
156
89
24
242
51
188
88
87
40
250
50
178
113
134
190
156
159
13
231
68
31
112
61
55
156
84
255
214
64
176
193
34
195
100
220
128
228
91
34
184
221
234
149
44
70
158
218
112
169
119
100
93
1
137
212
20
244
77
153
174
153
11
240
29
157
89
16
243
50
188
120
87
32
248
56
182
125
143
250
221
155
53
223
125
95
125
189
127
219
244
255
214
192
32
221
97
139
252
217
236
236
127
254
219
223
111
213
228
85
54
214
211
233
127
244
93
75
142
244
166
244
77
155
236
153
15
244
29
157
73
4
242
179
188
250
87
32
252
45
247
108
244
63
61
253
122
181
126
254
241
109
125
228
69
160
252
199
251
245
126
152
255
101
62
163
147
124
87
125
239
223
122
222
184
255
120
249
253
93
255
251
175
212
99
247
107
184
191
24
77
250
29
159
77
62
246
247
159
251
255
173
254
45
255
237
252
55
63
125
122
181
222
252
241
111
125
180
79
129
252
231
123
245
126
208
247
117
62
131
145
125
84
124
233
222
106
214
186
247
120
249
125
126
255
58
175
212
113
247
111
184
190
24
13
240
29
223
85
62
178
119
191
251
215
174
251
62
50
241
54
58
34
40
111
194
56
210
53
117
86
153
80
246
130
67
210
225
42
197
151
158
136
228
203
66
172
241
238
103
44
69
190
127
50
129
84
200
84
17
14
192
39
131
79
185
44
73
3
242
28
157
65
4
242
19
188
120
6
32
252
188
190
254
119
191
249
250
181
121
185
223
255
254
118
235
241
253
139
255
219
253
125
127
222
241
127
243
255
108
247
239
246
207
152
199
38
255
155
249
119
248
29
243
231
245
119
183
107
187
238
137
79
244
141
88
217
54
243
215
183
187
251
237
78
30
50
209
54
24
160
32
111
194
56
210
53
101
119
153
80
254
138
195
64
193
32
73
159
204
136
228
201
66
140
225
238
85
44
69
190
125
50
161
84
236
84
16
14
68
229
163
79
185
36
73
3
240
28
28
73
4
242
19
180
88
70
32
116
20
50
145
54
24
160
44
111
192
42
210
53
97
71
145
18
251
142
195
64
193
32
73
159
204
136
228
203
66
140
161
238
93
44
69
190
61
176
33
84
104
68
17
10
68
53
135
79
186
172
24
3
240
28
28
73
4
178
151
177
56
71
96
102
20
50
145
54
24
160
44
126
192
58
208
49
97
71
129
18
250
142
131
64
193
32
73
159
204
136
228
203
66
12
161
238
93
36
69
190
61
176
33
116
104
68
19
10
68
53
135
79
184
172
24
3
240
28
28
73
4
178
151
145
24
71
96
118
63
54
117
166
255
189
19
104
230
68
215
116
253
59
188
84
250
246
67
112
241
66
147
116
220
184
236
31
250
154
253
233
213
108
71
158
74
114
137
92
220
221
24
15
209
16
244
77
153
164
153
12
240
29
158
73
56
242
51
188
88
215
32
248
94
49
213
118
62
34
120
102
82
40
211
53
108
227
144
82
246
198
3
242
195
168
193
151
206
138
230
223
66
44
249
238
115
44
20
190
95
50
129
213
216
74
153
14
200
5
195
79
153
36
88
7
112
28
157
73
16
243
51
153
120
6
34
249
191
176
88
102
255
234
254
8
241
59
220
119
236
79
164
81
251
175
191
211
229
47
27
94
228
223
251
247
94
127
231
230
23
233
143
55
255
185
249
119
105
204
99
105
229
65
191
123
252
246
8
67
228
164
122
225
118
183
215
151
186
187
244
78
54
182
117
134
254
141
151
45
238
85
159
117
253
63
220
244
247
182
66
112
209
34
147
116
252
172
236
127
230
153
217
238
133
108
71
158
202
50
169
254
217
93
16
143
212
114
180
77
153
164
153
9
240
29
159
73
48
242
50
188
122
87
40
248
51
180
125
134
254
133
159
13
247
117
21
113
253
59
180
84
254
246
66
176
209
98
147
116
252
168
236
95
238
185
221
111
133
108
70
158
218
48
169
126
85
95
9
143
208
112
212
77
153
172
137
11
240
29
156
73
56
242
50
188
250
87
40
249
20
50
209
62
24
224
32
101
210
56
194
53
100
119
139
80
250
138
131
96
193
33
75
159
204
136
228
207
74
140
169
238
213
164
69
190
125
178
33
116
232
84
24
14
68
229
163
79
185
36
88
1
240
28
156
73
6
242
19
181
88
70
34
244
28
50
213
46
24
224
32
68
226
56
194
53
100
119
137
80
250
138
131
96
193
33
75
159
204
136
228
207
74
140
161
230
213
164
69
190
125
178
33
116
236
84
24
14
68
245
163
79
185
100
8
1
240
28
28
73
6
242
19
181
88
71
34
246
28
50
213
44
24
160
32
68
240
56
194
53
108
39
137
80
250
138
131
96
193
32
75
191
204
136
228
207
106
141
161
230
213
164
69
190
61
178
161
116
108
84
24
14
68
245
227
79
185
108
8
1
240
28
28
73
14
242
151
181
88
71
32
246
94
49
213
246
62
34
120
54
82
40
209
49
110
195
128
82
246
198
7
243
235
172
225
55
142
138
226
223
82
44
245
237
115
44
52
190
91
120
81
213
216
74
153
78
200
21
195
79
153
166
24
71
96
28
156
73
16
243
51
155
88
22
34
249
28
50
213
54
24
34
32
102
82
56
210
53
100
119
131
80
250
130
131
98
193
41
207
159
204
136
228
203
74
12
233
238
117
36
69
190
125
178
1
84
204
68
24
14
64
133
195
79
153
36
88
1
240
28
156
73
6
242
19
156
88
6
34
244
57
178
125
135
250
221
147
120
254
61
86
127
253
63
219
244
246
215
219
32
249
99
139
252
248
248
124
127
238
219
219
239
213
237
69
182
94
243
173
126
253
93
75
22
213
166
252
69
187
172
137
13
244
29
159
73
108
246
51
188
218
95
32
252
57
182
125
207
254
189
187
57
255
125
87
93
253
126
249
244
246
247
194
34
252
114
155
252
217
188
228
254
254
219
253
255
207
236
87
54
223
243
233
127
252
93
75
142
244
166
248
79
187
237
153
15
246
29
159
89
52
242
243
189
250
223
40
252
29
54
213
40
24
224
34
68
112
56
194
53
124
39
169
80
234
138
131
96
225
97
75
255
204
136
228
223
106
77
241
102
85
164
69
190
117
248
105
124
124
84
88
14
69
213
227
111
185
108
24
5
240
28
156
73
30
242
151
189
88
71
32
246
61
54
245
40
24
224
40
76
112
58
194
53
116
39
169
82
234
138
131
96
225
33
79
159
212
136
224
207
74
77
241
102
85
164
69
190
61
240
233
124
124
84
88
14
84
21
227
111
153
172
24
5
240
29
28
73
30
242
151
189
88
71
32
242
111
61
239
244
55
63
125
122
181
222
212
179
127
248
180
79
144
253
99
127
119
126
208
119
85
186
230
149
122
212
124
233
202
46
134
190
255
120
209
125
124
255
191
239
215
113
231
110
189
174
152
13
242
29
222
85
56
178
119
191
251
223
172
218
127
253
239
248
55
63
125
127
245
198
253
176
127
186
190
79
219
253
123
127
55
247
208
55
85
255
247
157
115
220
124
233
202
46
135
190
194
124
209
125
58
219
181
175
215
121
55
110
159
174
152
9
242
29
222
85
48
246
123
255
123
214
174
251
126
57
219
246
54
107
88
38
86
170
91
52
119
198
144
250
247
214
52
195
143
188
225
31
143
138
226
207
82
235
244
236
66
36
52
255
79
126
195
215
208
200
213
106
234
22
165
110
143
166
83
199
104
28
148
65
192
243
59
251
125
22
32
182
28
50
213
54
24
34
32
102
82
56
210
53
108
103
131
82
242
194
131
98
225
41
207
159
204
136
228
203
74
13
233
238
117
36
117
190
95
178
1
84
221
68
25
14
192
5
195
79
153
36
89
5
240
28
156
73
4
242
19
152
88
6
32
252
58
176
89
174
191
153
159
13
199
98
93
120
189
14
180
84
255
214
64
208
193
50
131
100
204
133
232
127
18
248
221
234
133
172
86
158
234
112
169
119
96
95
69
41
212
20
244
79
155
174
153
3
242
21
156
89
0
243
50
184
120
95
32
252
58
176
89
174
191
145
155
13
87
96
21
252
189
58
180
84
254
150
0
144
193
48
195
100
204
128
224
127
19
249
221
107
149
172
85
190
250
80
169
119
96
95
69
9
244
20
245
79
155
174
153
7
242
17
156
89
16
243
50
185
120
95
34
255
58
176
92
143
255
205
158
33
95
121
95
125
189
126
89
244
247
147
64
178
197
35
195
124
249
222
224
127
126
251
221
111
151
188
85
54
255
219
232
119
113
93
73
47
245
22
253
111
155
238
153
15
244
29
152
73
2
243
179
185
250
87
32
254
58
48
121
166
191
197
31
9
199
70
153
116
189
14
180
84
255
214
2
240
193
50
147
100
220
212
232
93
82
186
253
233
5
44
23
158
202
112
169
85
32
201
21
41
212
20
244
77
153
174
152
5
226
29
156
89
24
178
51
184
120
95
40
250
58
178
93
135
254
157
155
33
95
125
95
127
189
118
217
244
246
211
64
176
221
33
139
124
249
204
232
127
238
251
221
239
215
172
85
54
254
211
232
127
241
93
73
14
245
134
253
79
155
238
153
15
244
29
157
73
0
243
179
189
250
87
32
252
50
180
121
166
254
156
159
9
238
69
151
120
253
63
252
84
246
215
66
240
209
3
147
116
252
216
236
127
246
185
221
238
133
44
70
158
218
50
169
126
249
94
17
143
213
86
180
77
153
172
152
9
240
29
157
89
16
242
51
188
122
87
40
248
50
180
125
135
254
148
155
9
246
117
21
124
189
59
176
84
246
215
66
240
209
99
147
116
252
128
236
127
254
185
221
238
133
236
71
190
218
112
169
127
116
93
73
143
209
20
240
77
153
174
153
11
240
29
156
89
24
242
51
188
122
87
40
249
59
182
125
207
254
189
155
49
255
125
87
95
189
127
89
116
246
215
72
162
253
114
155
252
248
252
229
127
254
251
253
255
199
252
85
54
255
251
248
127
245
93
75
142
245
166
253
95
187
239
153
15
246
29
157
89
38
243
243
189
250
223
40
252
122
49
251
246
62
103
93
63
214
234
221
181
127
198
144
114
255
214
22
211
175
189
229
31
141
202
230
223
82
125
245
238
99
44
52
255
223
125
225
247
88
204
245
110
242
21
167
127
159
174
26
199
232
29
156
65
208
179
59
251
125
22
34
182
253
255
255
252
121
122
119
254
253
249
236
191
111
255
206
255
251
221
187
107
239
239
239
63
207
255
243
191
123
79
235
239
219
199
117
255
53
253
253
118
126
222
250
119
253
145
119
239
253
172
126
245
240
63
158
77
92
252
255
191
218
87
183
254
58
214
92
255
191
253
222
49
95
253
95
221
188
126
125
244
247
210
64
178
247
58
203
126
249
62
230
126
126
243
253
239
215
188
85
52
255
219
250
119
243
93
235
110
244
22
247
111
153
238
25
7
246
29
157
73
19
243
243
191
250
127
34
254
126
50
213
54
120
226
186
108
210
184
210
53
125
119
131
114
250
130
131
98
225
41
207
191
204
136
228
223
74
205
241
238
119
173
101
190
127
178
233
84
217
84
25
14
200
37
203
111
185
164
89
5
240
28
156
73
4
242
55
185
88
6
32
252
61
54
245
39
248
227
170
109
208
184
210
53
252
119
139
112
250
139
131
98
225
41
207
255
204
200
236
143
74
77
243
238
87
165
101
190
117
250
233
118
125
84
91
14
197
5
235
111
185
236
89
5
242
28
156
73
6
242
151
189
218
7
32
254
58
178
125
135
254
157
155
57
254
125
87
127
189
127
217
244
246
215
88
176
253
99
139
252
249
248
236
127
238
251
221
239
215
236
69
182
222
211
169
127
245
93
73
14
245
166
252
77
187
238
153
15
244
29
159
73
100
247
179
188
250
95
32
252
63
253
255
253
190
189
253
121
253
255
253
251
239
127
220
125
242
237
255
123
247
127
211
255
255
234
230
255
127
253
253
239
239
238
174
255
255
191
249
253
223
207
251
254
251
243
219
127
190
191
139
203
232
189
95
85
124
183
255
219
255
255
239
183
252
184
254
119
255
251
250
52
89
187
222
253
238
86
232
251
251
171
255
219
253
125
111
223
225
127
243
247
110
119
239
246
207
187
199
55
255
187
249
119
120
93
243
111
245
115
183
123
191
254
137
75
244
189
88
213
118
191
215
247
187
243
237
78
253
250
247
252
121
122
103
122
253
184
234
187
231
251
206
255
251
221
191
107
231
175
201
127
207
223
243
175
127
79
99
239
219
167
117
191
117
252
253
118
124
92
250
119
221
145
119
239
252
165
57
208
240
63
158
73
68
254
247
191
218
87
181
94
253
250
247
248
93
122
103
250
253
249
236
187
239
251
206
95
251
221
191
123
239
239
201
127
199
255
243
175
251
79
227
239
219
167
85
191
117
252
253
118
124
92
250
247
221
17
119
239
252
172
25
208
240
61
158
77
108
252
247
191
218
87
181
94
125
190
247
229
253
245
187
252
252
255
202
127
239
95
155
125
251
255
251
106
253
77
223
125
239
238
250
255
254
79
255
255
119
225
221
183
247
255
253
119
93
76
91
190
239
129
219
115
188
252
28
181
244
189
156
109
246
254
183
143
222
207
36
246
92
250
255
117
122
255
254
247
249
191
238
253
222
244
249
250
255
217
255
107
245
125
111
223
237
127
255
255
109
231
255
254
215
211
109
175
253
254
253
119
125
29
251
119
255
167
247
111
191
239
173
247
242
125
187
93
70
223
215
239
251
123
241
254
