posters/Movie Poster 69.jpg
512
789
214
-0.954841
-1
0
357
361
0.00275546
31
-68.5777
-1
0
324
374
0.0028715
31
159.624
-1
0
170
437
0.00296009
31
-12.9178
-1
0
343
208
0.00348976
31
-116.565
-1
0
393
371
0.00719295
31
-126.353
-1
0
390
371
0.00828544
31
-76.4035
-1
0
338
371
0.00524429
31
-132.936
-1
0
205
371
0.00421173
31
-135.914
-1
0
201
371
0.00425904
31
12.4649
-1
0
343
206
0.0037946
31
-142.747
-1
0
179
371
0.00416148
31
-150.232
-1
0
176
371
0.00339539
31
-74.8459
-1
0
319
369
0.0131471
31
-66.8014
-1
0
325
367
0.0034958
31
-69.0071
-1
0
320
367
0.00797435
31
-63.4349
-1
0
326
365
0.00534881
31
-168.851
-1
0
380
355
0.0053954
31
-88.0694
-1
0
366
371
0.00372971
31
65.7508
-1
0
360
355
0.0040231
31
59.5742
-1
0
325
354
0.00551983
31
178.815
-1
0
197
354
0.0045855
31
177.51
-1
0
195
354
0.00477236
31
90.6437
-1
0
331
352
0.00383235
31
115.677
-1
0
263
349
0.00396559
31
-13.1204
-1
0
237
336
0.00429603
31
111.318
-1
0
326
255
0.00459665
31
111.606
-1
0
327
253
0.00792078
31
100.305
-1
0
322
253
0.00750295
31
-37.7299
-1
0
115
219
0.00424201
31
-89.7894
-1
0
364
372
0.00395056
31
104.621
-1
0
325
250
0.00483285
31
-143.44
-1
0
383
369
0.00360511
31
12.019
-1
0
117
212
0.00412409
31
42.4739
-1
0
131
234
0.00374716
31
-91.5183
-1
0
164
222
0.00288997
31
13.8655
-1
0
115
212
0.00506734
31
-64.692
-1
0
243
371
0.00334776
31
-142.271
-1
0
382
371
0.00250107
31
-112.329
-1
0
163
250
0.00258553
31
121.345
-1
0
352
206
0.00265066
31
-97.7652
-1
0
308
371
0.00254723
31
-128.463
-1
0
187
371
0.00274705
31
-82.742
-1
0
410
366
0.00268947
31
113.009
-1
0
264
352
0.00249623
31
113.385
-1
1
326.4
253.2
0.00784624
37.2
-92.153
-1
1
360
364.8
0.00608783
37.2
-82.9167
-1
1
320.4
367.2
0.00648794
37.2
119.014
-1
1
322.8
253.2
0.00731041
37.2
19.0935
-1
1
343.2
207.6
0.00479855
37.2
-81.4842
-1
1
320.4
369.6
0.0114094
37.2
-156.721
-1
1
178.8
370.8
0.00497278
37.2
-144.253
-1
1
201.6
370.8
0.00492365
37.2
-73.831
-1
1
338.4
370.8
0.00467795
37.2
-136.069
-1
1
390
370.8
0.00707803
37.2
-178.182
-1
1
380.4
355.2
0.00480128
37.2
-74.4601
-1
1
321.6
372
0.0058627
37.2
-124.695
-1
1
163.2
247.2
0.0046129
37.2
-73.6105
-1
1
355.2
364.8
0.00355182
37.2
95.1364
-1
1
264
349.2
0.00278515
37.2
73.2288
-1
1
330
352.8
0.00321547
37.2
-72.77
-1
1
325.2
366
0.00403091
37.2
76.1713
-1
1
345.6
204
0.00405335
37.2
110.283
-1
1
351.6
206.4
0.00306522
37.2
173.211
-1
1
194.4
355.2
0.00418842
37.2
-72.8341
-1
1
324
374.4
0.00288103
37.2
-138.774
-1
1
205.2
370.8
0.00377056
37.2
-63.5317
-1
1
241.2
370.8
0.00446412
37.2
-4.61065
-1
1
236.4
336
0.002805
37.2
-87.2994
-1
1
364.8
370.8
0.00384347
37.2
-89.6659
-1
1
164.4
222
0.00327697
37.2
25.0772
-1
1
130.8
234
0.00387959
37.2
-143.029
-1
1
381.6
370.8
0.002772
37.2
-110.186
-1
1
163.2
249.6
0.0032127
37.2
169.963
-1
1
382.8
352.8
0.00347438
37.2
53.7074
-1
1
325.2
354
0.0030598
37.2
155.225
-1
1
318
356.4
0.00234654
37.2
147.804
-1
1
300
218.4
0.00261345
37.2
75.6564
-1
1
177.6
330
0.0024029
37.2
-94.8237
-1
1
312
370.8
0.00218859
37.2
78.7631
-1
1
352.8
351.6
0.00243842
37.2
104.808
-1
1
349.2
204
0.00247056
37.2
-139.154
-1
1
146.4
244.8
0.00239976
37.2
-113.764
-1
1
358.8
224.4
0.00207378
37.2
84.3207
-1
1
354
349.2
0.00256485
37.2
169.16
-1
1
342
249.6
0.0024334
37.2
-100.208
-1
1
297.6
370.8
0.00250166
37.2
-64.9701
-1
1
243.6
370.8
0.00251483
37.2
-142.573
-1
1
187.2
370.8
0.00237341
37.2
66.6747
-1
1
360
355.2
0.00254055
37.2
120.208
-1
1
390
340.8
0.00177284
37.2
-140.693
-1
1
190.8
370.8
0.00186646
37.2
-104.438
-1
1
294
370.8
0.00196858
37.2
-119.407
-1
1
378
224.4
0.00197976
37.2
161.491
-1
1
168
436.8
0.00187148
37.2
-35.6705
-1
1
128.4
246
0.00197608
37.2
132.207
-1
1
330
188.4
0.00177511
37.2
-128.956
-1
2
358.56
224.64
0.00195366
44.64
102.907
-1
2
344.16
205.92
0.00504626
44.64
102.858
-1
2
351.36
205.92
0.0030297
44.64
169.126
-1
2
195.84
355.68
0.00624745
44.64
-1.37483
-1
2
236.16
336.96
0.00265145
44.64
-73.6861
-1
2
324
374.4
0.0031259
44.64
106.631
-1
2
348.48
204.48
0.00392764
44.64
-92.5368
-1
2
364.32
370.08
0.00476537
44.64
57.9946
-1
2
325.44
354.24
0.00206838
44.64
135.674
-1
2
318.24
354.24
0.00243524
44.64
42.2737
-1
2
347.04
211.68
0.00201225
44.64
-73.9741
-1
2
355.68
364.32
0.00389895
44.64
-93.3019
-1
2
360
364.32
0.00443837
44.64
-73.0339
-1
2
338.4
370.08
0.00505977
44.64
-94.6669
-1
2
311.04
370.08
0.00309726
44.64
-82.1763
-1
2
325.44
365.76
0.00356008
44.64
92.2755
-1
2
352.8
351.36
0.00275494
44.64
-128.346
-1
2
145.44
244.8
0.00229071
44.64
-146.31
-1
2
165.6
246.24
0.00371681
44.64
158.097
-1
2
300.96
218.88
0.00228014
44.64
-82.0492
-1
2
321.12
368.64
0.00808739
44.64
-103.086
-1
2
295.2
370.08
0.00274768
44.64
-167.262
-1
2
178.56
370.08
0.00420938
44.64
-154.699
-1
2
187.2
370.08
0.0023034
44.64
92.8156
-1
2
263.52
349.92
0.00219591
44.64
118.195
-1
2
325.44
250.56
0.00806875
44.64
-151.449
-1
2
190.08
370.08
0.00276435
44.64
87.8789
-1
2
355.68
348.48
0.00366732
44.64
-147.234
-1
2
204.48
370.08
0.00477215
44.64
142.612
-1
2
188.64
349.92
0.00287213
44.64
-64.3319
-1
2
241.92
370.08
0.00364422
44.64
150.199
-1
2
342.72
249.12
0.00220475
44.64
-149.534
-1
2
164.16
249.12
0.00338542
44.64
-155.854
-1
2
253.44
349.92
0.00122093
44.64
160.56
-1
2
168.48
436.32
0.00165626
44.64
-78.1976
-1
2
254.88
370.08
0.00144556
44.64
-92.7554
-1
2
355.68
371.52
0.00164134
44.64
166.675
-1
2
178.56
207.36
0.00159714
44.64
74.396
-1
2
175.68
329.76
0.00159583
44.64
79.9309
-1
2
360
355.68
0.00159418
44.64
64.6538
-1
2
351.36
213.12
0.00183684
44.64
135.764
-1
2
191.52
345.6
0.00125192
44.64
131.309
-1
2
331.2
188.64
0.00158216
44.64
-159.121
-1
2
364.32
218.88
0.00153062
44.64
-63.6767
-1
2
332.64
364.32
0.00154538
44.64
-69.0687
-1
2
241.92
374.4
0.00152061
44.64
92.8222
-1
2
144
339.84
0.00157833
44.64
97.7652
-1
2
338.4
328.32
0.00118719
44.64
107.162
-1
2
341.28
328.32
0.00146153
44.64
157.751
-1
2
200.16
348.48
0.00145434
44.64
130.4
-1
2
315.36
200.16
0.00116548
44.64
60.8558
-1
2
217.44
192.96
0.00115567
44.64
-97.2532
-1
2
277.92
364.32
0.00113203
44.64
132.25
-1
3
190.08
345.6
0.00155982
53.568
-72.5528
-1
3
330.048
362.88
0.00480735
53.568
142.481
-1
3
311.04
352.512
0.00177043
53.568
-146.31
-1
3
177.984
209.088
0.00168145
53.568
158.199
-1
3
300.672
219.456
0.00158815
53.568
122.709
-1
3
324.864
252.288
0.00583244
53.568
-0.596809
-1
3
236.736
336.96
0.00157501
53.568
158.412
-1
3
200.448
349.056
0.00250531
53.568
131.285
-1
3
305.856
349.056
0.00179361
53.568
93.2155
-1
3
323.136
349.056
0.0035188
53.568
-74.9315
-1
3
321.408
374.976
0.00290315
53.568
-73.258
-1
3
324.864
371.52
0.0047465
53.568
145.164
-1
3
188.352
350.784
0.00423226
53.568
-153.435
-1
3
254.016
350.784
0.00161149
53.568
84.4278
-1
3
330.048
350.784
0.00303144
53.568
87.5104
-1
3
324.864
354.24
0.0036707
53.568
-74.1288
-1
3
338.688
369.792
0.00346916
53.568
-102.011
-1
3
309.312
369.792
0.00265368
53.568
-107.199
-1
3
295.488
369.792
0.0020826
53.568
168.376
-1
3
195.264
355.968
0.00461678
53.568
151.504
-1
3
317.952
355.968
0.00601152
53.568
-65.5809
-1
3
240.192
369.792
0.00278474
53.568
-85.452
-1
3
324.864
364.608
0.00460721
53.568
-152.117
-1
3
203.904
369.792
0.0037286
53.568
-161.33
-1
3
186.624
369.792
0.00257191
53.568
-176.279
-1
3
177.984
369.792
0.00280324
53.568
-82.2348
-1
3
321.408
368.064
0.00704758
53.568
-72.613
-1
3
330.048
366.336
0.00451184
53.568
127.596
-1
3
330.048
188.352
0.00118518
53.568
79.2157
-1
3
176.256
330.048
0.00135378
53.568
-67.6199
-1
3
240.192
374.976
0.00119259
53.568
171.347
-1
3
203.904
352.512
0.00149572
53.568
137.121
-1
3
262.656
349.056
0.00136891
53.568
21.8014
-1
3
217.728
209.088
0.00119416
53.568
97.42
-1
3
311.04
494.208
0.00105707
53.568
125.942
-1
3
314.496
198.72
0.00100915
53.568
109.511
-1
3
338.688
328.32
0.00104278
53.568
62.6223
-1
3
216
193.536
0.000999277
53.568
109.855
-1
3
279.936
349.056
0.00101049
53.568
6.76617
-1
3
229.824
330.048
0.000981473
53.568
-101.359
-1
3
283.392
369.792
0.00110236
53.568
-82.5041
-1
3
254.016
369.792
0.000993942
53.568
-91.1017
-1
3
269.568
369.792
0.00100625
53.568
114.56
-1
3
309.312
200.448
0.000937288
53.568
-68.1986
-1
4
240.538
367.027
0.00178197
64.2816
163.61
-1
4
203.213
352.512
0.00270472
64.2816
-161.39
-1
4
203.213
369.101
0.00198852
64.2816
12.6086
-1
4
236.39
335.923
0.00186666
64.2816
-107.526
-1
4
308.966
369.101
0.00155187
64.2816
134.275
-1
4
306.893
348.365
0.00203642
64.2816
-167.276
-1
4
255.053
350.438
0.00190572
64.2816
156.801
-1
4
261.274
350.438
0.00125793
64.2816
-98.7812
-1
4
269.568
364.954
0.00117728
64.2816
134.615
-1
4
294.451
348.365
0.000958475
64.2816
108.947
-1
4
279.936
348.365
0.00123785
64.2816
27.0069
-1
4
217.728
209.434
0.00131015
64.2816
-112.548
-1
4
296.525
369.101
0.0011717
64.2816
-70.3462
-1
4
240.538
373.248
0.000971944
64.2816
146.642
-1
4
300.672
217.728
0.00101488
64.2816
17.9125
-1
4
230.17
329.702
0.00109992
64.2816
-94.5323
-1
4
271.642
369.101
0.00116576
64.2816
-102.633
-1
4
284.083
369.101
0.000998588
64.2816
-109.933
-1
5
268.739
365.783
0.000836691
77.1379
157.249
-1
5
258.785
350.853
0.00186384
77.1379
75.9249
-1
5
248.832
497.664
0.000818996
77.1379
214
64
56
250
254
251
63
255
244
63
253
242
222
252
255
246
127
254
159
155
250
187
245
87
223
247
179
119
213
182
111
247
215
226
143
216
195
100
255
219
248
121
254
191
231
117
245
247
247
235
255
251
175
223
254
165
251
221
119
255
255
239
243
249
207
222
64
35
3
145
200
150
142
225
72
203
11
2
209
68
19
0
129
69
40
70
74
37
6
200
78
212
187
44
128
142
51
26
102
7
93
139
88
108
111
2
32
96
48
46
71
140
149
55
26
140
16
103
147
89
28
75
65
106
17
149
76
87
112
178
11
48
68
182
31
32
60
94
112
120
196
113
44
75
164
81
226
212
5
97
225
32
225
115
4
138
160
11
90
12
49
107
215
36
84
186
83
120
225
244
80
92
26
15
208
21
247
79
153
172
24
5
240
29
156
73
16
242
51
189
88
87
32
248
195
206
130
47
201
232
174
128
41
187
168
203
162
5
68
41
133
41
173
219
236
15
123
89
65
95
91
166
21
38
163
86
223
179
120
1
49
140
236
162
111
62
42
233
223
89
62
179
104
218
56
49
197
231
232
162
23
153
151
167
148
115
145
10
210
25
146
87
81
2
214
143
19
185
28
179
34
198
131
26
111
215
184
7
206
173
239
43
74
203
242
47
82
9
0
110
119
39
52
243
118
92
103
116
113
68
168
106
143
28
93
239
217
164
90
149
244
58
156
203
80
122
51
187
88
5
177
250
212
185
211
215
89
66
208
222
26
185
4
255
162
210
134
251
106
199
184
7
198
173
238
67
111
139
242
47
83
9
2
110
183
39
116
243
54
223
239
245
211
94
170
70
185
22
249
239
217
164
121
149
240
62
156
203
80
186
51
63
88
85
55
251
208
251
207
215
238
219
222
244
106
183
59
202
222
245
122
169
167
193
126
239
78
229
103
220
203
79
191
190
199
7
182
50
247
45
93
219
90
117
252
243
114
92
57
63
213
174
255
61
157
141
28
71
241
189
159
75
81
255
49
157
124
115
64
248
68
3
145
152
64
66
6
71
3
64
1
128
0
150
143
10
203
65
32
68
2
5
194
3
76
209
152
13
1
8
0
9
150
6
81
138
0
72
71
68
32
50
48
33
21
28
117
238
16
172
57
20
49
89
148
10
0
106
0
49
72
69
33
122
68
201
137
152
64
90
2
70
3
64
5
140
2
146
166
43
202
85
32
101
6
133
192
3
77
194
136
13
17
8
26
9
150
6
81
138
0
88
79
112
162
58
56
33
17
28
101
238
17
44
56
20
49
25
148
10
16
234
49
61
88
84
35
251
4
202
131
41
76
250
166
83
41
187
170
203
194
21
108
9
141
105
175
217
228
69
90
217
69
93
25
230
44
6
35
214
159
211
251
1
57
172
236
35
109
52
58
161
87
81
118
241
120
219
40
114
215
229
106
172
7
141
151
167
128
115
212
74
210
9
139
214
115
67
92
239
198
130
57
178
51
194
147
90
187
85
56
71
14
189
228
3
15
199
179
45
19
168
22
56
114
39
52
219
66
124
199
212
48
106
181
107
159
28
149
174
223
172
18
133
113
24
180
75
208
114
49
121
93
84
49
250
214
233
139
222
114
66
88
207
199
130
49
184
83
194
151
250
171
213
56
79
14
173
228
3
79
195
178
13
3
168
54
56
242
39
117
155
66
124
195
244
50
106
177
110
155
28
129
174
221
172
82
213
113
25
180
74
208
242
49
127
93
84
51
251
195
211
207
217
252
146
219
208
42
191
33
202
206
241
38
9
234
245
61
111
74
237
38
120
78
219
187
62
223
8
50
59
210
103
28
219
82
117
117
246
118
74
56
31
211
156
217
149
29
141
20
37
97
250
150
111
144
252
49
29
92
87
50
187
194
195
35
237
254
198
139
193
35
79
41
78
211
68
49
121
233
213
60
102
74
61
4
72
78
215
59
47
151
42
63
31
114
167
31
155
82
117
111
6
33
104
100
121
215
28
252
53
76
157
16
5
203
242
132
107
144
252
48
31
92
95
48
176
203
211
79
249
254
179
223
208
34
95
41
202
142
125
166
89
235
245
61
111
74
253
166
120
46
215
59
63
255
43
54
59
210
231
156
219
66
117
127
247
86
106
120
125
215
156
220
21
76
157
20
37
75
242
134
111
144
252
49
31
92
95
50
179
234
221
35
165
222
238
219
201
15
79
3
78
147
72
124
253
171
117
60
70
78
61
56
72
127
215
59
47
151
59
63
63
66
167
223
219
242
119
239
55
225
124
68
89
217
30
252
49
204
157
16
37
203
247
140
227
144
184
112
63
92
93
56
179
60
250
255
93
62
253
217
246
223
191
253
221
95
212
255
251
253
220
122
235
183
63
111
159
237
111
247
254
69
223
247
254
231
186
239
111
222
191
250
119
250
95
227
127
191
246
183
127
191
249
239
211
240
189
151
85
215
211
251
255
251
249
111
255
218
217
155
249
238
251
222
160
91
187
93
142
223
212
127
250
253
223
125
223
78
149
134
217
175
223
251
238
197
231
246
186
211
53
209
109
94
125
236
113
112
221
241
61
215
156
247
61
159
137
31
199
248
253
156
251
85
242
57
253
93
83
80
190
253
239
255
253
250
253
255
245
121
255
104
217
223
244
255
238
171
221
253
111
255
253
254
185
127
255
179
183
221
87
62
191
231
195
125
251
215
245
253
247
115
126
251
255
255
158
255
179
205
173
126
255
217
255
150
108
212
252
99
239
223
127
59
190
125
47
247
253
48
103
125
247
17
252
104
145
71
181
147
238
171
92
249
111
62
233
230
187
93
127
147
180
121
70
62
207
81
19
53
57
149
252
124
101
116
104
251
247
175
140
127
250
94
160
127
255
195
254
182
12
205
238
67
203
79
102
5
246
41
143
238
220
34
127
245
119
53
220
78
133
30
253
61
78
141
248
225
239
246
124
208
243
121
126
146
212
124
214
254
193
222
82
115
160
215
90
218
40
116
61
190
167
253
180
247
110
153
168
169
93
242
29
154
12
63
199
123
183
83
235
141
250
41
143
174
220
34
127
245
119
61
220
78
197
31
252
125
206
157
248
225
239
246
124
208
243
25
126
146
212
124
214
252
193
206
114
115
160
215
90
218
41
244
61
183
167
253
183
247
110
157
168
169
221
242
29
155
84
55
211
119
247
83
251
141
250
205
216
206
125
255
115
241
222
189
189
172
251
159
248
239
235
235
253
63
111
47
223
238
61
39
255
191
55
253
79
118
127
249
239
119
251
82
245
253
254
255
127
126
63
223
255
89
177
205
173
86
181
219
255
133
78
248
252
169
63
221
220
18
187
212
250
211
109
252
178
238
242
25
187
248
219
194
193
199
25
233
205
189
47
207
141
238
89
239
223
59
231
221
37
162
94
119
243
124
89
116
253
255
183
103
110
235
127
255
28
91
177
204
221
124
247
197
246
189
235
199
221
144
71
84
117
17
183
251
221
124
254
239
110
127
165
63
117
253
207
47
125
94
188
253
255
125
247
126
235
177
54
255
255
243
122
251
183
255
173
210
109
49
253
199
99
248
253
91
222
185
255
221
27
255
110
137
135
95
9
232
31
158
77
121
247
121
191
222
119
34
250
13
6
0
1
153
241
163
120
129
130
138
36
144
14
169
101
203
60
131
64
240
18
28
208
64
52
13
160
16
2
43
18
72
0
197
170
17
168
41
8
40
20
20
38
84
229
54
97
24
44
24
36
242
29
204
0
0
32
3
164
8
211
104
82
5
6
0
8
153
224
163
124
129
6
130
36
128
10
137
1
202
44
131
64
241
2
26
196
64
48
12
128
16
2
41
1
76
0
197
170
17
160
9
8
40
0
24
134
84
113
34
96
56
44
56
36
178
29
76
0
32
160
3
160
136
195
96
66
5
34
5
128
152
232
34
120
1
42
194
4
192
5
137
1
138
76
193
64
200
64
10
192
64
60
9
160
144
2
41
73
93
0
209
168
17
160
45
0
36
20
26
3
68
1
118
65
26
60
8
32
211
157
76
8
12
32
7
160
8
83
100
64
1
134
16
143
201
140
134
1
47
100
3
8
144
127
109
4
239
51
0
32
134
47
154
97
81
212
1
46
36
136
9
71
151
231
99
26
0
200
235
14
37
48
40
167
5
136
253
3
129
196
144
40
52
1
155
43
49
66
178
165
192
71
33
90
218
217
155
241
238
251
222
160
90
187
255
206
222
212
75
186
253
207
61
223
78
149
230
217
239
223
251
238
197
39
246
186
215
53
81
109
95
125
236
112
112
92
177
61
213
141
247
61
159
137
31
199
248
125
156
203
85
242
57
253
92
23
80
254
5
36
5
0
152
225
39
124
1
14
202
4
64
13
137
1
203
108
129
64
224
0
10
192
64
60
8
128
16
0
41
65
93
0
209
168
17
160
13
0
60
0
30
39
68
33
38
64
26
60
40
36
145
156
76
0
44
32
7
160
8
131
100
98
156
59
211
212
122
219
245
127
31
249
94
119
151
214
250
208
235
213
184
43
197
61
234
115
47
223
146
55
62
107
22
111
23
195
117
178
116
251
251
85
81
181
239
119
173
132
253
239
214
180
61
181
242
181
191
75
64
126
50
235
73
29
53
254
8
132
138
154
15
119
220
183
21
250
4
133
16
142
63
79
141
126
225
146
208
21
94
155
98
97
144
68
89
81
63
227
205
16
147
32
127
76
104
97
112
15
118
46
85
149
215
107
31
232
26
5
182
13
220
208
23
162
63
157
83
219
74
226
195
209
136
58
149
232
92
12
129
35
185
170
162
128
6
27
141
84
55
213
10
134
227
12
68
215
251
41
83
35
34
32
144
172
157
95
98
45
104
99
42
202
56
105
215
93
52
52
80
146
18
4
72
177
246
40
145
178
185
191
52
83
148
35
195
12
130
51
205
194
134
140
41
169
42
75
162
199
2
43
137
9
33
215
204
135
74
73
67
223
153
38
130
2
35
70
215
173
69
49
57
44
237
102
96
92
56
171
221
89
189
177
152
140
24
1
245
125
28
235
16
186
151
181
24
87
48
106
9
132
138
154
15
115
220
23
53
250
4
137
16
142
47
15
141
122
225
146
240
85
94
139
66
97
144
68
89
81
61
99
205
16
147
32
119
72
104
97
114
15
118
44
85
149
215
107
27
232
26
5
180
9
220
208
23
163
63
189
19
211
74
227
128
139
143
213
238
223
218
240
255
151
7
206
223
112
123
233
158
213
98
35
198
117
66
227
105
147
149
62
52
139
23
106
215
20
211
154
82
122
234
115
240
93
41
7
177
54
241
111
153
172
152
7
240
29
157
91
16
242
50
189
88
85
100
251
157
59
221
214
127
251
85
126
31
121
94
115
143
222
202
208
235
215
188
43
197
125
234
115
111
215
19
55
62
107
22
109
23
227
245
178
118
217
251
85
117
245
235
119
173
4
253
239
214
180
57
180
246
181
159
15
64
62
54
235
73
29
53
254
3
128
8
9
137
192
134
4
1
162
40
140
0
4
41
33
129
40
0
144
192
51
78
0
64
68
8
4
1
38
9
66
173
152
193
32
57
2
72
34
34
56
4
40
84
86
166
107
26
74
8
5
183
65
80
0
19
131
142
176
0
194
98
64
61
254
123
235
253
116
189
253
221
222
252
253
101
30
223
253
251
222
187
106
116
2
172
60
239
205
105
233
223
91
123
255
228
196
221
254
247
243
233
245
123
94
19
190
116
151
212
124
170
189
95
37
248
183
132
65
148
240
47
172
94
78
46
181
193
15
146
183
192
70
164
231
1
225
74
7
146
196
3
10
239
137
33
70
78
141
206
19
90
223
186
40
192
2
50
31
71
39
117
187
17
100
109
68
112
84
56
190
77
28
93
228
153
172
88
21
240
30
156
73
1
248
33
189
92
71
1
250
226
205
138
155
67
70
90
143
7
195
17
158
179
138
54
126
202
17
48
87
14
151
231
35
95
195
186
45
19
184
18
41
194
39
4
219
2
108
71
222
18
106
52
105
155
28
33
174
85
172
16
5
49
25
180
194
80
178
49
57
28
84
50
235
250
221
222
215
239
87
219
135
127
239
55
206
191
232
114
254
254
215
60
111
14
253
231
123
191
155
243
127
215
123
246
63
247
167
124
95
210
127
250
246
210
95
237
94
219
30
217
63
221
141
22
133
250
31
149
239
209
246
113
61
93
93
18
187
221
250
215
109
252
242
250
210
57
191
224
219
206
209
199
185
234
205
189
47
206
141
174
121
239
223
59
247
221
103
50
63
247
243
124
89
118
253
255
183
247
110
235
126
251
158
91
177
204
217
126
247
221
230
173
238
215
220
176
79
213
125
147
183
5
38
53
0
152
224
163
120
128
6
194
52
64
15
137
33
203
108
131
64
241
34
12
208
64
60
4
128
0
14
105
17
72
4
69
170
17
48
9
12
56
16
24
134
68
225
38
68
24
44
24
36
240
29
12
65
32
32
3
160
136
135
32
96
219
219
255
221
230
123
223
186
123
253
253
203
255
245
110
186
245
215
125
255
126
221
166
177
235
111
251
254
253
87
254
63
250
103
49
125
94
117
254
241
115
223
249
63
223
143
253
180
207
137
95
199
248
255
159
207
209
252
57
95
85
28
144
188
202
219
207
253
238
115
254
210
120
159
121
202
222
228
119
249
229
221
61
110
78
157
38
187
174
223
187
254
199
70
54
59
242
39
92
219
90
117
252
244
115
78
56
62
223
158
221
148
205
141
86
149
251
127
132
203
209
252
49
157
92
94
18
177
5
38
17
0
152
224
163
120
128
6
202
52
64
14
137
97
203
108
131
64
225
34
140
208
72
60
4
129
80
14
105
25
76
6
69
170
17
50
9
92
56
20
24
6
68
225
38
68
152
44
24
4
240
29
140
65
32
96
11
172
72
135
32
240
4
170
135
33
204
250
166
220
41
57
202
67
192
21
75
129
137
45
171
208
228
1
30
216
71
93
25
166
172
6
43
214
29
209
219
33
61
160
236
33
109
52
58
183
77
225
62
225
56
219
236
114
215
231
73
168
39
140
135
165
130
67
84
78
202
203
135
253
234
83
218
194
104
187
57
206
222
225
115
168
229
201
61
230
78
141
38
154
142
223
187
174
197
6
50
58
242
39
93
251
90
117
252
228
82
78
24
30
219
158
217
148
205
141
20
71
209
127
148
203
209
252
49
157
92
86
18
177
222
9
171
220
3
71
88
239
135
194
125
144
19
194
147
238
171
21
112
79
14
191
228
3
31
195
183
13
83
168
54
40
226
39
37
251
2
124
195
84
50
107
181
107
191
28
1
238
223
172
115
213
113
24
180
66
193
242
121
123
93
84
129
251
68
105
145
152
64
10
4
67
3
64
1
130
2
195
142
10
138
65
32
68
6
133
64
3
75
211
153
13
1
8
0
9
146
6
85
138
0
72
71
84
32
186
56
35
61
28
101
238
81
164
32
16
33
89
20
10
16
234
17
57
88
85
33
251
200
203
223
85
232
219
250
208
168
159
43
202
223
241
118
169
165
205
126
111
14
239
98
248
239
95
191
254
197
167
54
178
215
125
78
223
74
61
254
247
123
124
56
63
251
110
253
61
157
141
20
99
193
255
158
203
209
255
49
29
124
87
17
186
212
185
219
223
48
218
216
254
90
185
22
253
163
210
142
250
106
215
184
15
199
45
230
67
239
130
178
47
23
43
18
110
151
167
117
243
118
223
235
117
209
220
171
70
187
22
249
239
211
172
59
245
176
61
188
203
80
122
58
111
88
21
55
255
60
255
254
93
50
253
248
247
223
222
221
252
222
244
255
238
249
184
123
251
183
63
87
223
249
127
247
252
69
223
246
242
207
62
111
222
222
63
251
126
186
95
241
191
247
247
183
111
191
239
175
207
248
29
155
85
54
243
123
255
251
251
235
247
194
75
131
245
236
18
142
193
72
203
121
74
202
229
19
8
129
201
45
230
78
173
6
216
78
223
187
172
128
36
50
26
114
53
92
139
88
124
228
194
36
106
57
127
215
12
221
29
24
141
16
71
67
127
156
235
193
252
17
149
92
87
80
176
67
2
0
1
205
130
130
0
8
2
10
6
128
68
41
33
128
41
1
150
196
37
10
65
66
64
8
4
128
0
9
66
47
138
211
0
56
10
78
2
160
52
4
0
68
94
161
195
16
72
8
4
151
65
72
162
3
0
150
176
0
98
84
64
255
223
254
93
255
183
223
216
187
127
189
202
206
253
102
125
165
253
62
255
62
255
178
120
102
255
251
126
253
119
254
63
247
253
156
79
194
125
254
243
119
202
235
127
255
28
253
61
205
159
22
39
73
255
158
239
217
223
112
31
247
253
154
184
220
250
147
237
232
240
248
242
89
187
240
223
198
145
223
186
253
203
253
207
13
141
239
217
235
95
123
238
197
7
162
190
255
243
124
93
95
191
236
246
219
94
227
62
187
191
26
177
207
217
119
243
221
231
173
238
199
221
161
79
85
125
19
191
205
201
246
253
51
101
245
246
61
245
238
185
95
185
251
238
171
220
249
107
63
249
238
59
13
111
147
178
121
71
54
255
249
115
117
250
21
253
249
247
247
63
255
119
254
151
91
178
141
169
127
245
219
159
181
76
185
236
105
255
221
110
133
254
195
223
35
253
252
118
222
208
105
207
57
202
202
193
86
57
169
205
61
111
14
141
36
88
110
223
187
175
215
38
58
59
82
53
29
219
74
117
236
247
115
104
56
127
223
28
252
52
77
157
20
71
201
254
134
235
209
252
49
31
92
87
16
178
44
42
103
9
152
101
161
244
249
188
206
55
193
55
219
224
235
104
195
96
249
130
31
156
93
124
28
129
236
143
43
222
125
105
103
186
28
178
77
30
61
20
82
182
76
227
46
225
169
108
237
41
145
30
8
64
46
224
143
160
202
7
38
246
60
250
119
175
254
125
161
249
219
220
94
189
117
22
221
248
243
214
203
104
245
0
140
212
255
172
108
201
207
219
123
255
228
100
93
246
127
115
201
116
219
93
83
30
84
134
232
100
169
61
207
5
248
23
142
73
132
240
43
172
90
79
34
181
41
143
246
212
34
95
112
119
53
212
103
197
30
249
124
238
189
250
228
239
55
124
241
243
89
63
135
212
108
214
214
225
206
114
99
160
213
90
218
104
244
189
189
231
252
38
247
110
153
160
173
223
242
29
155
76
63
211
115
247
83
251
141
202
198
35
131
245
224
150
142
161
64
203
123
66
194
196
19
0
137
73
45
231
10
165
6
216
78
223
187
172
128
166
50
26
82
53
92
139
88
108
236
66
32
96
177
61
199
12
215
31
27
140
16
67
65
93
28
235
193
115
17
149
76
87
112
178
68
43
145
152
64
74
2
102
2
0
1
144
0
130
143
10
203
65
32
68
10
133
194
3
74
193
152
13
1
8
2
8
150
7
85
138
0
72
71
68
32
48
48
35
61
28
101
174
16
164
33
16
49
88
20
138
64
104
1
49
88
68
49
123
130
138
143
215
42
223
216
2
43
167
7
206
155
112
126
40
140
209
32
35
198
117
66
107
105
211
149
62
4
171
23
99
215
52
83
10
90
120
234
114
240
92
104
45
149
20
245
107
145
172
24
7
180
25
156
75
17
114
50
61
88
85
32
250
251
221
238
253
239
111
124
179
61
239
253
207
206
237
102
191
181
249
117
247
127
237
243
59
119
111
243
254
249
55
254
231
235
61
21
121
219
111
248
249
90
254
185
239
223
27
255
127
217
206
26
207
248
31
156
77
27
247
113
191
126
114
138
234
218
217
159
217
238
251
222
184
91
187
253
206
223
212
127
186
253
223
124
255
78
245
102
216
235
215
251
254
197
99
246
186
255
61
217
109
95
109
254
113
114
93
249
61
215
31
245
53
159
139
30
199
248
253
220
251
85
246
49
63
85
89
210
250
195
136
130
1
205
194
134
140
9
171
42
203
130
197
2
41
137
41
57
151
204
135
106
73
67
95
25
38
144
2
34
6
223
43
69
33
49
44
237
32
96
116
56
171
221
121
61
177
248
140
24
33
209
253
28
226
82
188
55
177
12
85
16
106
203
208
8
58
23
48
125
154
145
42
233
138
34
136
38
27
205
254
53
93
40
146
160
24
68
221
251
40
211
35
34
33
208
36
156
233
67
109
32
113
58
202
58
57
87
85
54
156
72
129
22
4
72
190
230
0
144
176
41
158
29
86
2
179
149
59
215
214
63
219
85
126
27
113
30
115
191
247
130
82
235
215
188
43
199
125
226
99
47
215
243
63
62
107
22
109
23
199
244
178
52
221
251
85
117
245
239
103
173
4
253
239
214
180
57
181
246
185
190
79
72
62
50
75
73
29
165
254
3
0
8
9
201
130
134
0
8
138
10
4
128
4
9
33
128
41
1
144
192
39
10
73
64
64
8
4
0
4
9
82
47
154
201
1
56
138
12
10
34
52
4
8
84
218
2
19
58
72
24
36
149
65
72
162
7
10
158
160
0
194
82
64
61
255
254
127
55
253
255
188
253
222
221
189
253
127
255
238
255
187
123
255
191
127
215
247
241
127
247
252
125
214
230
179
207
108
231
182
223
57
249
125
126
95
187
191
247
241
247
110
191
175
143
75
240
29
218
85
54
247
127
255
251
251
239
90
220
59
191
253
48
119
252
247
25
254
126
145
87
148
155
234
159
220
249
107
60
213
230
155
233
111
179
240
125
71
190
235
117
16
177
96
215
253
248
113
120
189
243
55
255
135
119
232
159
200
239
247
208
255
190
92
199
205
43
203
79
58
69
246
171
246
116
43
255
188
167
25
255
91
168
235
175
59
100
93
247
167
239
189
241
118
25
116
244
127
121
255
190
86
227
177
154
200
218
149
249
25
61
41
111
79
58
189
213
113
254
53
164
215
128
40
238
165
202
253
62
157
214
135
178
219
252
26
59
247
125
142
254
159
23
51
247
84
85
112
125
123
252
84
246
243
70
240
245
114
145
247
250
62
229
221
110
220
221
233
150
108
70
190
206
16
145
124
124
223
29
143
212
112
247
79
179
164
137
10
242
29
155
93
56
247
115
189
250
223
108
248
119
50
101
131
223
152
7
88
238
71
154
58
237
63
170
85
251
245
11
116
201
67
139
100
70
213
121
45
178
28
65
41
85
45
214
159
74
112
37
86
36
80
24
47
69
136
252
21
144
172
16
4
34
189
143
107
16
116
49
188
88
87
48
120
192
9
155
247
200
66
248
135
88
235
78
71
82
228
2
170
237
139
61
103
78
141
102
155
203
79
186
206
192
3
178
55
115
39
85
251
91
103
205
212
80
84
24
62
205
14
239
252
217
172
90
149
240
31
156
201
145
240
49
189
92
22
0
248
156
234
207
253
186
249
248
255
221
187
255
255
211
182
251
234
155
92
255
107
143
158
238
189
47
223
151
179
77
207
55
222
247
167
109
251
87
255
249
182
251
125
229
62
255
55
91
179
207
237
255
245
223
159
157
124
192
240
177
251
93
95
33
190
60
250
115
173
248
124
161
241
223
220
90
61
69
23
217
240
243
196
203
96
241
0
140
220
223
204
44
137
207
206
123
255
228
100
93
190
124
242
137
116
207
92
18
190
76
134
236
116
168
61
221
1
242
23
140
73
132
240
11
172
94
78
34
180
2
9
2
131
203
201
128
137
13
0
10
7
177
68
121
160
133
17
64
146
78
62
139
64
67
212
17
32
146
194
27
22
6
167
91
16
0
66
206
2
161
53
196
98
76
22
189
179
196
4
145
36
151
7
8
163
1
0
128
33
0
109
129
64
211
221
152
94
101
74
92
2
19
1
29
202
34
205
4
27
173
199
60
157
14
143
225
35
99
215
243
108
19
42
138
32
146
55
176
217
66
13
206
113
114
170
185
233
191
24
181
174
193
130
82
148
41
234
242
171
81
187
56
123
20
113
151
139
156
42
203
245
186
249
248
254
221
187
254
255
211
214
219
234
139
220
127
75
143
140
238
217
111
223
55
163
214
203
55
254
119
166
125
250
87
255
233
22
249
116
225
62
207
7
27
177
219
237
127
181
220
159
157
104
192
240
177
255
77
31
33
190
30
241
25
154
55
81
216
207
83
194
5
180
48
66
175
251
234
214
0
2
3
176
196
2
164
129
226
73
211
104
28
120
240
4
157
218
82
112
3
117
178
203
28
72
18
148
193
78
147
44
86
5
56
25
244
73
144
242
40
28
93
78
34
177
201
207
154
83
33
83
228
198
25
187
46
203
18
240
107
170
239
153
189
79
76
141
236
59
67
95
179
34
193
67
50
114
243
39
101
241
83
124
237
244
114
92
56
62
223
22
81
239
153
172
30
21
240
31
156
73
145
240
35
189
92
86
1
250
130
202
143
221
106
223
218
135
47
231
39
206
155
112
126
169
132
213
96
35
198
117
66
227
75
195
149
62
33
139
23
107
215
52
83
42
90
122
234
114
242
93
104
47
145
22
241
107
145
172
24
7
176
29
157
75
17
242
50
61
88
85
34
251
198
9
138
152
67
70
93
207
7
194
5
186
19
202
183
78
139
21
48
71
14
157
198
3
94
211
178
45
19
136
18
41
194
7
23
203
2
108
71
92
48
106
180
105
159
28
101
174
85
172
18
149
17
88
180
194
208
58
121
57
29
84
19
227
252
238
255
253
248
253
253
245
217
255
236
255
195
213
223
238
171
204
255
107
255
137
254
152
127
223
183
179
205
87
63
191
225
131
125
251
215
247
253
183
123
254
251
191
255
159
127
177
143
221
126
255
217
255
150
108
212
252
233
239
223
87
43
191
62
254
123
235
254
180
191
201
223
255
241
250
239
74
249
93
242
223
47
99
237
86
155
125
239
223
127
255
86
127
247
255
103
204
223
31
251
253
233
119
105
78
99
173
215
21
218
51
154
253
24
39
244
149
221
121
16
242
179
173
254
223
120
182
198
1
138
144
67
3
93
207
7
194
37
146
19
202
166
78
139
21
48
71
10
157
226
35
14
195
186
45
18
8
22
41
194
7
20
203
2
108
71
84
48
235
180
105
155
28
101
174
87
172
48
149
51
88
52
202
88
58
49
57
25
84
17
234
193
207
154
91
41
82
240
199
25
185
46
201
18
240
75
174
239
144
189
11
204
175
239
51
83
95
179
34
193
3
34
118
251
39
97
240
83
118
237
116
240
124
56
62
221
22
17
238
153
172
94
21
240
31
157
73
19
240
35
189
88
87
1
250
82
129
154
31
3
66
222
134
19
130
29
140
18
196
35
58
109
19
48
151
2
189
231
3
232
215
242
76
3
42
158
32
134
53
49
193
58
77
74
96
48
73
165
104
159
28
165
110
87
138
91
135
176
64
112
195
209
51
56
121
21
33
146
226
27
177
220
190
63
35
121
94
114
120
212
241
46
91
164
89
226
212
1
99
197
36
193
115
76
138
224
11
90
77
49
107
215
36
20
186
82
120
233
244
82
94
58
15
208
20
245
79
153
172
24
5
240
29
156
73
16
242
51
189
88
87
34
251
69
206
133
24
8
74
4
118
9
36
42
128
64
165
78
170
137
72
161
32
132
1
108
139
75
101
141
38
33
14
3
70
221
0
65
40
0
128
233
42
38
60
40
163
20
50
117
235
144
224
105
16
149
29
17
8
142
162
3
176
136
64
64
110
58
52
125
166
54
180
29
57
247
94
209
240
237
43
148
86
254
246
70
121
177
114
209
126
252
184
247
251
90
184
253
233
70
108
142
190
239
56
177
125
124
202
51
137
242
113
208
95
187
174
152
11
104
24
190
85
24
179
115
217
250
151
40
179
83
217
154
94
39
26
92
6
3
130
61
136
38
198
4
26
237
147
60
159
6
173
225
3
227
215
243
108
19
40
132
32
146
55
48
223
74
76
194
97
50
202
185
105
191
28
181
46
213
162
118
215
40
96
247
203
209
251
56
95
85
113
147
163
180
58
117
163
252
124
163
241
255
93
82
117
109
51
217
240
242
198
199
32
245
0
173
244
223
184
44
139
238
222
249
255
112
108
94
182
124
50
137
252
221
84
18
158
64
162
200
69
168
45
221
0
248
31
143
73
6
112
3
188
90
6
34
189
60
250
117
139
186
93
161
249
255
92
90
53
125
55
217
244
243
214
207
40
241
0
140
244
253
188
44
129
239
218
123
255
240
100
95
182
124
114
137
124
215
84
26
30
68
134
108
228
169
37
221
0
186
31
142
73
132
240
11
172
90
79
34
180
29
143
220
212
34
91
116
39
49
208
103
193
30
241
108
202
173
154
224
239
55
124
65
243
217
63
131
212
104
230
148
225
158
82
97
160
205
72
218
104
116
189
189
103
180
53
247
110
155
162
169
95
242
29
154
12
63
211
87
247
123
115
197
202
207
205
238
253
239
255
124
147
57
255
253
206
218
237
102
175
129
121
63
255
191
253
114
251
119
110
131
246
121
119
62
179
251
56
212
105
219
111
248
251
90
190
249
239
247
31
247
59
157
202
26
71
217
253
220
12
27
247
115
191
255
242
202
234
198
11
131
245
224
18
158
225
8
139
123
66
194
196
83
2
137
73
60
231
14
173
134
90
78
223
187
238
128
166
50
26
82
53
92
139
88
108
238
0
96
104
177
121
231
12
223
61
95
137
16
195
209
127
28
234
193
91
17
49
76
115
80
178
60
58
117
163
186
125
163
249
223
92
90
117
125
55
217
244
246
214
207
40
245
0
141
244
221
188
108
203
142
218
251
255
96
100
95
182
124
114
137
252
197
84
18
158
64
134
232
101
168
45
221
0
242
31
143
73
4
240
3
188
90
78
34
188
218
219
159
223
230
123
222
178
127
155
127
202
223
240
126
187
253
219
124
255
78
221
39
147
171
87
251
254
197
226
246
178
250
61
211
101
91
79
254
225
242
93
241
63
221
31
255
190
223
139
142
199
250
255
223
219
87
247
49
63
85
121
208
250
92
56
191
253
50
125
252
245
25
248
222
157
81
148
219
234
191
220
251
107
188
185
238
152
237
77
178
240
77
71
191
254
125
16
241
104
23
255
232
115
56
61
247
54
110
167
79
120
159
200
239
247
218
223
181
76
199
203
43
235
77
46
69
246
231
255
125
106
253
62
39
25
249
95
172
251
174
91
196
29
227
231
191
125
113
70
25
116
102
255
121
55
255
26
98
57
154
111
220
215
227
29
61
181
111
222
58
253
221
217
252
213
224
181
20
40
201
167
207
175
112
188
116
142
222
215
188
25
133
46
101
33
216
248
167
252
169
61
234
117
200
53
201
160
137
40
199
96
249
64
46
208
85
125
25
162
172
6
43
159
61
80
65
168
61
178
109
140
109
52
26
182
68
99
126
177
42
93
237
56
209
223
72
44
46
76
135
164
202
215
100
92
223
221
255
125
254
190
223
184
187
223
125
202
206
253
70
157
165
255
62
255
62
253
162
122
239
255
255
126
253
51
254
59
242
121
156
79
202
125
246
243
118
190
187
253
255
26
221
31
207
155
22
199
105
247
151
239
217
223
121
95
244
245
159
190
219
219
159
223
230
123
223
190
123
219
125
203
190
244
102
186
245
223
124
255
46
221
230
179
235
111
251
254
253
115
254
59
250
119
56
125
223
125
246
241
114
223
251
127
223
159
223
188
207
139
86
199
248
255
151
207
209
253
121
95
85
124
146
184
206
203
207
117
224
94
250
193
172
151
41
206
223
241
118
185
189
201
126
239
14
239
34
122
111
223
191
254
229
166
54
178
210
123
79
79
74
61
254
227
94
60
56
127
251
126
255
63
205
137
20
115
201
127
150
239
81
223
49
31
116
119
19
187
208
9
147
213
104
66
248
230
26
185
110
71
82
196
67
170
237
203
189
71
76
141
102
147
203
79
187
238
193
6
178
119
243
51
113
241
91
102
236
228
80
28
56
62
233
30
227
238
217
172
90
215
240
95
156
203
215
248
51
189
92
52
1
248
214
223
151
253
224
102
254
195
59
223
121
203
206
229
86
186
237
205
61
111
78
141
36
154
239
223
191
254
197
38
186
62
242
51
124
251
90
117
254
245
115
78
185
127
255
30
221
188
205
141
86
215
201
126
133
235
209
220
49
31
92
85
19
186
158
250
207
225
190
121
248
252
221
187
250
255
251
214
251
232
251
220
239
107
205
156
238
124
47
223
55
163
223
207
55
254
119
230
255
91
118
247
249
182
251
125
227
127
222
135
125
177
207
253
94
181
222
151
142
124
144
240
161
239
221
95
33
190
130
11
2
214
207
75
128
130
15
1
10
71
146
68
104
161
132
17
4
150
70
60
8
67
67
86
18
2
132
194
30
84
6
179
91
16
72
74
206
130
193
53
68
74
13
78
189
163
196
81
144
68
151
71
137
162
3
64
144
39
0
109
145
8
129
7
0
21
201
128
128
0
2
1
10
71
130
69
0
33
4
35
132
2
202
46
10
67
66
22
2
70
144
10
11
20
10
179
88
0
32
130
78
130
69
32
0
194
8
72
173
147
64
64
16
112
149
194
8
163
3
8
150
35
0
101
147
8
58
53
125
222
118
159
95
35
231
70
85
48
253
123
180
84
246
179
66
244
247
119
145
231
220
114
231
221
106
252
220
233
134
124
70
190
206
120
210
125
124
219
181
205
245
48
245
79
147
174
137
75
98
29
91
93
40
247
115
185
122
243
104
250
198
203
147
253
224
82
254
195
56
187
41
203
222
229
87
186
229
201
61
239
78
141
36
154
207
207
187
254
197
38
178
54
242
51
124
249
90
117
252
228
115
78
56
127
223
30
223
188
205
141
86
215
217
127
148
203
209
253
49
28
92
116
18
184
193
207
146
93
33
91
240
230
27
185
46
137
18
240
107
170
239
152
173
15
206
173
230
147
75
95
179
110
69
6
178
119
251
35
113
56
82
116
234
96
242
124
56
63
223
150
83
238
153
169
94
21
240
31
157
73
147
242
35
189
88
117
1
250
92
73
171
220
34
71
88
231
7
198
85
148
83
196
183
238
185
85
112
79
30
189
228
3
31
203
182
13
65
168
54
168
226
55
55
251
130
124
194
116
50
235
181
106
191
28
33
238
223
168
186
213
112
29
180
80
209
242
121
251
89
116
131
243
196
9
139
152
2
71
92
207
7
194
5
148
19
198
182
78
139
85
48
71
14
189
228
3
30
195
178
13
81
136
22
41
194
7
53
235
2
108
87
84
48
233
180
105
191
28
101
174
93
172
50
213
113
88
52
74
153
186
121
123
29
52
145
234
216
250
158
237
32
121
248
246
91
155
254
255
230
145
223
186
255
139
255
207
13
133
239
156
239
95
125
234
205
199
226
190
248
121
109
93
95
191
236
245
219
92
243
62
187
175
58
180
239
219
103
179
216
247
163
255
214
221
173
108
117
89
82
191
53
36
117
0
152
164
163
112
64
68
194
53
100
111
137
96
226
104
131
96
241
32
137
240
220
60
32
137
192
14
105
25
92
38
85
186
16
50
9
92
53
64
24
134
68
33
98
68
136
36
25
4
240
28
12
65
40
32
3
160
8
135
32
96
204
1
139
152
2
67
92
207
7
194
37
144
19
194
182
74
139
85
48
103
14
189
230
3
14
195
178
45
81
8
22
41
210
7
53
235
2
108
87
84
48
235
180
105
191
28
101
174
85
172
50
213
49
88
52
74
153
186
121
123
29
52
145
235
156
234
203
245
190
249
249
248
157
187
250
255
211
214
219
234
139
220
239
75
237
156
238
89
111
223
51
163
215
207
55
222
247
166
125
122
87
255
233
182
251
124
227
63
222
135
63
177
203
253
126
181
222
159
143
96
128
240
161
239
221
95
33
190
68
43
147
152
64
10
36
71
2
0
33
146
67
194
158
10
203
65
32
68
14
141
64
131
78
211
147
45
1
136
0
8
146
7
117
139
0
76
71
68
32
58
176
99
61
28
53
174
80
164
33
208
33
88
20
138
65
234
17
49
88
68
17
235
59
215
92
206
38
253
208
51
115
212
117
197
44
123
92
60
189
162
228
187
245
124
209
247
249
55
193
250
109
243
197
225
159
120
209
164
255
88
250
121
117
157
187
229
180
177
247
111
187
251
137
75
252
5
218
93
63
211
126
223
115
251
236
219
194
202
138
222
42
222
218
3
47
231
47
206
154
116
126
170
141
211
60
171
134
117
234
107
121
215
149
62
7
171
23
103
151
180
81
0
82
202
234
98
114
125
104
109
149
30
245
107
145
232
24
5
180
9
156
203
17
114
50
61
80
85
2
250
30
49
89
136
54
81
154
69
66
66
1
52
84
2
185
209
250
214
0
64
65
48
4
130
140
128
224
73
3
108
189
49
116
4
159
154
90
114
129
85
176
73
20
8
80
148
192
78
153
44
86
7
50
25
20
73
144
114
43
156
89
14
98
241
1
3
0
84
201
128
4
0
34
1
0
7
128
77
32
1
4
35
128
134
74
46
10
67
66
86
18
68
144
10
10
4
22
179
25
0
32
132
94
2
5
32
8
66
13
72
173
147
64
80
16
116
135
194
138
163
3
8
148
7
0
101
145
0
181
255
247
69
244
127
167
242
251
29
238
203
207
121
220
173
253
239
255
175
117
79
52
247
243
127
125
252
237
22
194
176
222
107
75
212
222
48
253
61
253
28
58
183
221
227
190
236
168
189
141
91
248
239
139
77
118
220
86
143
242
223
76
218
21
177
221
86
63
35
217
126
114
56
132
241
110
91
164
89
226
212
33
99
197
44
193
115
76
138
226
15
90
9
49
111
215
36
84
186
82
120
233
244
82
94
58
47
208
20
245
111
153
172
24
5
240
29
156
73
16
242
51
189
88
87
34
251
195
206
206
81
110
223
212
151
59
245
47
204
30
253
118
173
197
245
60
171
214
119
126
227
123
103
133
62
53
27
19
103
247
46
83
122
90
89
251
242
82
29
104
63
149
126
245
107
145
172
30
13
244
25
156
75
17
114
50
61
88
85
36
248
211
221
159
95
229
106
223
186
27
129
255
203
174
241
79
184
253
139
60
215
110
141
166
211
227
127
251
254
225
3
226
59
254
57
81
101
95
7
252
233
242
30
185
191
221
59
255
188
159
138
11
199
248
255
221
195
113
255
53
187
20
117
146
217
178
217
220
222
39
221
92
49
127
69
61
234
190
127
52
126
189
179
116
191
159
127
211
231
241
119
247
126
46
251
222
161
143
124
163
84
207
73
250
123
117
153
229
225
189
120
255
47
247
210
137
203
190
161
122
255
123
55
246
115
179
249
205
206
227
22
97
129
223
136
7
72
238
101
154
50
237
29
98
85
235
245
15
116
72
130
155
116
70
221
121
43
146
30
67
45
80
45
86
154
66
112
37
86
36
80
24
159
69
8
252
21
128
165
16
4
98
158
142
107
16
112
49
60
92
87
32
120
172
238
239
237
188
253
253
253
61
253
254
253
207
55
223
239
171
220
255
107
189
72
238
185
109
223
19
179
125
79
59
255
245
230
125
90
87
247
249
183
251
254
235
190
254
151
127
179
137
253
126
177
220
159
135
108
144
228
235
239
223
79
39
191
173
46
101
33
152
253
165
241
233
125
234
119
193
53
217
229
195
108
207
104
245
0
28
220
93
108
13
131
172
214
43
214
105
192
79
186
245
178
173
142
207
20
82
182
68
227
62
225
168
125
237
56
211
159
139
0
38
200
199
164
202
70
108
60
58
209
92
238
39
152
220
1
127
208
125
233
188
119
108
28
181
146
68
187
197
112
81
119
241
22
225
251
111
243
197
242
159
248
195
4
255
90
250
121
123
159
235
229
180
215
247
111
187
251
137
75
252
5
251
93
55
211
254
253
115
251
238
223
58
55
125
230
54
181
155
9
247
94
81
112
253
43
176
85
254
246
70
121
240
114
209
126
252
185
247
249
94
248
245
233
70
108
158
190
255
120
161
125
124
202
51
141
242
129
208
95
155
191
152
11
104
20
158
93
16
242
123
157
122
159
40
179
50
233
139
158
2
79
92
11
207
194
63
128
51
198
125
254
159
18
100
151
6
60
81
7
221
215
167
41
3
186
28
56
130
46
71
158
138
76
194
112
34
255
181
105
182
30
181
110
215
170
146
207
58
25
117
82
17
51
120
123
57
120
201
234
199
237
111
253
252
254
223
209
121
71
63
202
202
209
94
169
129
205
60
111
14
237
50
122
111
223
155
191
215
63
62
61
210
247
252
219
202
127
254
183
243
254
185
255
251
26
253
59
197
149
22
103
73
247
183
174
81
223
112
63
84
117
23
187
130
142
136
146
42
222
26
3
14
227
3
206
146
114
126
14
12
19
32
163
134
55
203
107
89
214
149
46
2
171
19
70
135
164
65
2
66
200
234
106
96
124
104
45
149
28
245
107
145
232
24
5
180
9
156
203
17
115
50
53
80
81
32
254
51
150
113
131
159
132
143
8
230
111
185
112
173
15
176
85
247
246
2
112
192
34
219
108
196
212
225
43
18
26
241
111
87
172
95
190
82
120
233
118
96
76
40
171
212
80
245
111
152
172
24
5
240
29
156
73
16
242
51
189
88
87
32
250
77
32
197
176
217
170
39
108
64
34
202
54
241
231
139
64
203
93
131
96
235
165
202
105
78
220
24
133
210
12
59
207
87
7
85
187
0
242
109
86
52
96
28
34
69
29
103
131
25
36
24
52
193
28
28
9
72
168
33
185
8
71
33
230
109
36
225
186
217
2
39
108
65
110
200
54
241
206
139
68
203
21
1
64
233
133
203
72
94
220
58
5
210
12
43
79
71
7
21
187
0
252
109
94
32
96
28
42
69
25
101
177
25
44
24
4
129
24
28
1
8
168
57
185
12
7
32
230
28
139
152
84
35
217
244
42
19
144
215
225
114
84
104
146
173
138
160
155
135
60
65
211
225
31
193
208
100
230
140
96
158
26
97
132
127
72
250
33
121
189
181
103
180
37
183
110
187
170
169
79
242
5
123
72
55
211
22
231
49
59
197
74
58
241
121
46
191
249
27
56
223
10
215
52
253
78
253
241
255
214
67
208
229
114
129
86
205
156
245
249
82
254
255
232
206
44
199
190
203
50
233
117
56
221
23
41
213
245
182
111
186
174
152
7
226
29
220
81
16
179
59
185
56
223
108
242
60
186
247
253
48
245
249
255
221
252
198
181
115
152
155
206
251
220
227
107
245
41
238
159
221
43
182
167
77
205
115
255
239
38
117
186
84
252
233
124
249
92
243
38
235
165
83
111
185
172
127
149
240
29
156
68
132
242
35
237
91
71
33
255
232
207
238
221
47
223
220
247
63
249
60
201
31
253
126
239
237
212
125
43
214
127
254
59
123
111
163
54
125
91
62
127
255
99
60
121
86
119
251
244
83
255
234
63
223
134
221
255
157
173
94
133
248
31
159
77
145
246
123
159
95
28
3
250
58
213
88
238
39
153
220
9
119
82
63
224
60
118
108
244
181
146
0
153
197
114
81
119
241
23
225
123
110
243
213
224
159
252
203
4
255
88
250
113
123
159
127
105
180
215
247
111
179
251
137
79
252
5
251
93
63
211
254
189
51
251
236
202
199
221
174
253
238
62
222
195
59
255
45
202
206
229
118
153
165
205
60
239
14
237
54
58
111
223
187
126
213
55
190
55
242
243
60
73
202
119
246
243
211
238
185
255
251
158
221
151
205
145
86
247
73
247
183
239
209
221
121
31
84
116
19
177
175
255
117
110
221
168
39
88
232
21
232
251
174
127
204
125
227
231
47
116
103
78
145
116
102
255
121
185
255
26
98
25
154
111
221
159
97
61
253
61
111
222
58
251
221
91
254
149
192
183
16
60
232
167
207
173
56
188
53
175
156
215
180
24
248
173
187
221
34
95
216
167
91
196
31
206
83
212
123
254
189
219
248
143
22
189
118
131
251
119
151
254
69
247
222
246
135
147
99
69
158
207
250
107
241
189
229
117
191
62
181
238
247
202
239
255
159
71
49
214
247
91
88
107
247
185
217
238
122
55
253
214
54
159
95
43
231
70
209
50
253
226
180
86
246
147
98
246
215
125
209
231
220
226
226
93
34
252
220
233
198
60
6
190
202
120
210
93
116
203
181
237
245
20
229
79
151
174
137
75
98
25
94
89
8
243
83
155
123
243
232
250
53
54
117
32
216
174
39
120
66
68
210
53
100
79
137
84
226
196
3
96
241
32
137
214
222
60
96
205
130
12
233
105
78
38
85
190
20
50
9
92
5
84
24
134
68
129
230
79
136
36
25
4
240
28
13
65
32
114
19
176
72
7
32
112
207
205
238
125
239
249
126
208
57
255
253
206
202
237
102
175
129
121
63
255
191
245
114
249
101
111
139
246
89
87
63
179
251
56
148
105
218
111
248
179
90
190
122
47
215
123
247
59
29
202
26
71
201
253
221
12
27
151
243
191
253
242
202
171
28
41
136
84
35
11
92
38
83
128
215
240
112
80
108
194
141
10
162
155
135
60
65
199
225
23
195
208
96
228
132
96
158
26
97
164
175
8
250
121
120
189
181
97
180
117
183
110
179
162
169
79
240
13
123
16
55
211
95
243
49
59
229
74
141
251
85
226
245
122
39
90
249
25
234
123
239
91
204
121
227
213
189
108
101
76
129
116
111
223
59
177
254
74
50
153
146
71
221
219
101
124
253
53
109
212
58
117
109
143
254
244
204
181
20
180
203
167
142
173
64
252
53
143
92
79
53
56
141
252
255
117
24
106
249
246
57
189
238
253
78
237
206
233
235
236
183
99
229
200
44
187
111
239
39
243
253
15
107
127
241
227
124
251
18
183
249
254
219
252
58
190
250
19
255
249
201
253
126
181
216
31
133
77
156
220
161
174
220
22
35
189
192
75
130
213
232
82
222
227
8
187
123
75
210
212
91
170
141
201
60
15
78
173
166
26
79
87
187
102
132
166
50
30
114
51
121
105
84
236
238
66
96
60
161
127
175
140
189
59
207
137
20
243
209
127
156
234
193
89
17
87
68
117
17
182
194
75
130
245
232
90
222
195
9
187
43
202
194
197
82
170
173
201
60
111
14
173
166
90
79
223
191
126
132
166
50
22
114
179
120
105
80
109
254
227
64
124
177
127
251
14
221
59
205
137
16
243
201
127
189
234
193
221
17
55
84
117
17
186
58
245
92
222
39
153
92
35
119
208
117
240
60
115
108
94
189
146
96
187
215
124
81
243
241
23
193
216
109
246
197
224
159
120
195
164
255
88
250
121
116
159
187
229
180
181
247
111
179
170
137
79
240
13
250
93
63
211
126
255
115
251
237
218
241
255
247
76
224
95
215
242
255
85
62
203
207
249
92
188
245
235
254
174
116
79
48
247
251
127
93
252
173
150
194
177
158
121
67
148
222
16
222
236
255
29
187
183
221
234
253
238
173
181
141
219
240
111
155
215
127
223
86
173
114
245
92
216
141
238
247
117
184
101
253
244
185
189
238
253
78
253
203
234
171
236
167
107
239
168
238
186
111
111
55
243
237
7
123
255
117
243
125
122
87
247
249
190
95
124
248
62
238
163
95
241
137
237
126
245
220
30
133
76
156
208
169
175
204
6
33
182
141
236
127
125
56
105
253
246
57
188
238
253
78
253
207
235
171
252
183
107
229
200
172
186
111
239
35
211
253
71
127
255
241
243
125
122
22
247
249
191
219
254
219
54
254
147
78
248
137
125
118
245
216
31
133
76
188
196
169
238
221
14
35
181
198
203
158
117
224
94
218
193
175
187
41
206
158
241
118
191
189
217
62
239
14
239
182
122
95
87
191
126
213
167
182
178
242
123
74
77
194
45
254
227
222
62
185
125
251
126
255
63
205
137
20
113
201
127
150
255
209
223
113
63
116
113
147
187
216
9
146
85
32
67
252
230
27
185
110
197
82
212
75
186
237
154
189
15
78
173
228
147
203
79
179
238
65
71
182
118
243
51
113
97
86
238
234
224
114
60
185
118
239
6
155
238
201
136
126
215
248
95
156
73
215
219
51
253
85
52
129
250
193
205
154
93
32
91
252
230
27
217
46
205
82
212
111
170
237
154
184
15
198
45
102
147
227
79
179
110
69
71
146
119
255
51
113
104
82
239
234
96
243
62
168
118
191
22
81
238
153
136
126
85
240
93
153
67
147
219
42
175
81
117
131
251
28
41
220
92
34
75
124
103
49
128
205
128
94
244
44
202
141
8
224
239
23
124
65
147
217
127
131
220
105
228
156
96
222
18
97
168
141
72
210
104
116
189
189
103
180
53
247
110
147
162
169
223
242
29
90
12
63
243
83
243
57
115
193
202
187
247
116
42
221
168
39
24
239
5
233
250
174
107
196
29
247
167
39
244
123
102
17
117
198
255
121
189
251
22
224
161
154
110
222
158
67
25
53
255
47
202
56
233
213
121
254
151
192
183
16
40
104
164
203
37
56
180
245
183
152
215
188
8
194
204
136
150
107
222
94
3
47
99
13
206
154
103
54
28
15
19
52
161
134
117
235
107
89
215
147
54
19
171
23
70
151
164
81
17
98
200
250
34
96
252
108
105
149
28
245
43
209
200
24
5
165
1
190
170
25
115
178
61
80
81
16
254
214
219
158
221
238
90
94
135
59
187
63
203
94
245
126
186
253
219
60
239
78
141
164
59
239
95
191
126
197
39
190
54
242
51
120
105
90
119
246
240
83
158
185
127
223
142
223
252
205
129
86
215
233
127
151
203
209
221
49
31
84
116
19
184
84
41
147
152
64
66
4
103
66
0
1
144
67
192
150
10
235
65
32
71
10
141
192
131
206
195
146
13
1
136
2
8
194
7
117
155
0
108
71
68
32
106
176
99
63
28
37
174
80
164
97
208
33
88
52
138
65
42
1
113
88
68
17
226
204
9
155
220
2
71
92
199
3
194
13
128
83
196
183
90
139
85
48
103
14
189
228
3
15
199
178
77
65
168
22
41
194
22
53
235
2
108
82
80
50
107
180
105
191
28
101
238
93
168
50
213
115
88
52
74
153
186
121
123
29
116
147
234
92
9
187
220
34
71
88
231
7
198
85
148
83
196
183
238
153
88
112
79
30
189
228
131
29
195
182
76
65
188
54
169
194
22
55
171
130
108
210
117
50
123
181
106
191
28
161
110
223
168
186
211
242
29
52
80
145
243
121
251
89
116
139
251
210
203
146
221
232
90
222
195
26
187
57
203
78
245
86
186
237
201
60
175
78
141
164
27
207
95
187
126
197
39
178
54
242
51
120
105
90
117
254
224
114
62
185
127
255
158
221
254
205
137
86
215
217
127
151
203
209
221
49
31
84
116
19
184
198
203
138
253
232
30
222
194
59
191
41
202
202
245
86
155
173
201
60
239
14
173
38
122
111
223
191
126
213
39
186
55
242
179
126
73
82
127
254
243
83
238
184
127
255
30
221
63
205
137
86
115
73
247
183
235
209
221
49
31
84
117
19
187
62
247
125
238
54
181
31
57
246
94
81
114
253
123
180
85
254
246
66
248
241
114
145
118
252
188
245
249
126
248
245
233
198
124
158
190
218
120
161
117
124
202
59
141
244
132
212
79
155
175
24
11
224
29
158
89
16
243
123
157
122
223
40
242
179
50
81
163
223
136
7
8
238
103
155
114
173
15
224
85
251
247
5
112
200
130
155
108
68
220
121
43
146
26
99
63
80
172
86
158
66
112
41
86
100
64
8
9
197
72
252
21
128
165
16
4
226
159
142
105
16
112
49
188
92
87
32
56
194
138
128
146
73
218
14
3
14
99
9
206
146
230
6
58
15
19
36
129
134
37
203
75
89
214
145
38
2
171
19
70
135
132
65
0
32
200
234
34
96
124
96
105
181
28
245
43
83
200
24
4
165
1
188
170
1
115
178
53
64
81
16
238
21
41
152
84
32
75
124
102
209
128
199
177
82
212
140
138
137
8
226
215
7
46
97
135
209
63
215
192
64
164
132
96
142
26
97
172
141
8
194
120
120
189
181
99
189
113
183
110
179
162
169
223
240
29
89
0
55
211
87
241
57
115
193
74
157
251
93
103
188
121
253
248
249
29
239
251
239
127
206
249
171
238
188
43
101
104
164
240
237
255
83
243
255
107
119
189
158
80
188
210
119
209
251
181
127
191
251
119
252
131
254
124
170
183
111
247
216
167
159
109
54
213
188
79
253
191
165
158
44
178
239
41
254
245
163
244
253
190
210
63
221
53
59
65
217
233
235
250
241
87
95
252
221
121
60
246
108
215
255
214
223
72
199
36
253
184
233
104
124
93
114
174
85
225
147
97
186
236
136
11
242
29
216
89
38
231
151
181
250
219
108
118
106
16
8
51
255
178
27
8
228
35
129
106
175
74
36
85
118
183
31
213
235
55
19
125
6
218
233
47
82
49
229
162
151
173
150
159
75
57
109
87
72
72
84
73
209
93
179
31
156
190
16
5
99
244
220
243
16
190
179
159
56
87
180
91
62
241
121
46
191
237
27
24
215
14
223
116
237
78
252
117
255
246
71
208
245
50
145
87
196
188
229
221
82
122
255
232
194
44
215
190
203
50
201
117
120
220
23
41
212
117
180
111
184
190
152
3
232
29
220
81
16
178
51
185
56
215
44
184
77
32
227
161
217
34
165
238
192
110
194
55
225
206
139
64
202
21
131
66
233
133
138
73
78
216
58
131
210
13
43
79
87
167
93
187
20
246
109
94
48
68
28
10
77
17
197
209
25
44
24
20
209
30
28
65
8
160
171
185
140
7
32
246
60
170
247
253
50
245
249
255
221
252
214
181
113
186
155
238
251
220
235
107
245
41
238
191
125
235
182
167
79
205
55
255
237
38
117
186
87
250
233
124
249
93
243
38
239
165
83
106
185
172
127
149
240
29
156
68
148
242
43
253
219
7
33
254
148
250
119
229
112
126
172
243
235
157
235
251
71
183
222
249
251
205
255
109
37
140
36
208
239
223
125
251
237
14
226
188
240
113
124
223
84
191
237
181
127
28
59
183
239
138
126
180
200
181
103
179
216
247
167
109
196
220
0
108
92
85
53
186
205
239
239
81
252
181
127
240
169
191
233
250
202
229
134
43
129
109
127
107
191
245
114
219
77
111
135
182
72
23
35
195
251
24
212
171
218
189
248
187
126
44
187
175
247
121
247
59
26
238
40
119
209
253
92
28
21
207
83
159
236
242
233
254
192
201
142
93
33
219
212
214
59
177
47
205
18
212
111
171
237
144
56
139
134
47
110
179
99
71
131
110
85
7
146
118
255
51
97
120
82
111
234
242
115
188
40
55
157
246
53
239
153
136
94
21
248
93
145
75
17
242
58
61
80
116
129
250
195
204
142
91
234
223
212
135
59
181
47
204
154
245
124
172
141
145
60
171
142
47
126
107
123
71
133
46
37
139
19
118
247
174
65
72
82
219
238
186
82
61
104
47
149
94
245
171
145
201
30
5
189
9
144
202
17
114
50
61
80
85
2
250
193
205
142
93
234
211
212
150
59
181
45
200
154
241
102
171
141
209
60
171
142
79
238
35
107
71
133
62
53
11
18
118
247
63
64
120
82
89
254
242
114
63
40
63
157
126
213
171
145
137
30
5
189
89
145
75
17
246
50
61
80
85
2
251
63
246
117
38
223
237
5
89
238
28
250
119
237
78
252
117
247
246
71
112
245
34
145
118
198
254
101
235
218
94
251
236
198
44
95
190
202
50
233
117
109
92
22
143
196
115
180
79
168
180
24
12
226
29
142
65
48
178
51
189
122
87
36
120
130
200
138
146
201
202
222
7
59
107
41
204
154
103
36
56
13
83
52
163
198
125
234
107
107
215
19
38
19
43
19
70
151
198
89
1
35
205
254
162
66
236
108
105
151
28
245
179
81
200
24
4
133
65
188
170
25
82
178
57
80
113
19
238
21
41
152
28
0
11
92
38
211
128
255
176
112
198
140
10
189
10
226
147
135
62
65
135
209
55
199
204
64
172
196
96
142
26
97
166
143
8
210
121
120
189
181
99
182
117
183
110
179
162
169
207
240
29
121
16
47
179
95
243
57
243
229
74
80
41
147
156
0
66
76
103
67
128
1
144
66
196
150
26
239
65
32
71
10
141
100
131
206
195
182
76
1
140
0
8
194
23
49
187
0
44
70
64
32
106
177
99
191
28
37
238
83
160
105
211
32
88
52
74
193
58
1
115
88
100
81
226
205
236
239
41
60
255
255
240
185
191
233
250
194
129
239
203
137
109
191
107
189
213
126
217
101
127
159
182
77
7
59
215
221
144
220
107
90
189
237
51
250
190
106
61
247
123
86
177
31
249
58
119
201
253
125
20
212
142
187
237
205
211
106
183
208
217
154
93
35
75
220
166
27
185
63
205
18
196
75
186
125
146
56
143
134
45
230
11
235
71
226
110
65
3
150
126
255
51
97
117
86
79
234
224
115
188
161
110
191
30
61
238
205
200
127
213
188
79
149
203
211
91
42
123
81
36
131
238
189
251
85
110
245
40
109
120
253
29
234
123
175
123
204
121
243
255
173
100
103
238
129
116
238
255
115
185
254
10
98
185
218
103
253
222
101
125
249
117
111
220
187
119
236
147
254
148
200
183
17
180
232
166
143
45
40
180
53
175
92
79
165
56
181
255
247
76
112
94
213
115
247
84
60
219
79
255
220
188
245
227
254
175
119
78
49
231
251
119
101
124
173
158
194
41
142
107
99
222
206
24
223
252
127
159
184
247
157
122
181
238
225
181
199
218
248
71
139
199
127
222
114
47
114
253
143
217
177
253
125
94
48
125
245
122
251
85
253
255
111
127
204
252
243
230
230
43
55
106
161
246
249
63
87
57
127
31
198
57
154
102
97
222
198
27
251
253
127
191
187
247
188
178
253
110
163
183
231
254
248
135
138
77
61
247
124
111
250
253
175
219
193
205
142
93
234
217
208
182
59
181
37
200
158
240
109
171
173
211
60
171
142
127
238
35
107
67
134
126
53
9
28
118
247
119
48
88
82
75
254
242
147
191
232
118
153
254
89
163
149
201
86
85
61
89
147
206
17
118
56
63
81
124
131
251
189
251
85
254
181
104
125
120
233
81
239
251
239
95
204
249
251
206
165
101
111
172
161
116
239
223
115
185
255
42
98
185
146
103
125
222
5
113
249
245
111
220
187
119
236
19
254
52
136
183
85
242
200
167
143
45
40
176
49
175
92
71
165
154
156
250
117
100
48
124
189
241
217
29
254
251
79
55
220
248
251
204
239
105
101
192
32
212
237
223
125
251
237
46
226
188
208
112
108
222
236
55
169
181
127
156
59
183
254
163
254
124
171
181
231
178
200
151
167
13
196
212
1
236
126
95
100
188
44
170
231
169
250
245
163
241
253
190
194
55
221
53
251
225
217
233
235
234
245
119
95
220
221
124
29
182
108
215
123
214
207
72
199
44
253
186
233
44
124
21
114
166
85
225
179
97
186
236
136
11
242
29
216
81
38
198
151
165
234
203
108
118
81
221
154
93
33
203
208
166
27
128
47
205
18
212
79
186
109
146
56
15
134
45
230
3
233
71
226
108
65
3
210
55
255
51
113
80
18
79
234
96
179
188
169
102
191
30
61
238
217
136
127
213
184
77
177
195
17
219
58
111
81
101
131
234
194
200
136
146
200
202
14
1
10
107
41
202
146
102
20
56
13
3
36
131
142
37
234
75
91
215
19
38
3
171
3
70
151
150
73
1
32
204
238
34
96
124
96
105
151
28
245
179
83
200
24
0
133
65
60
170
1
74
178
49
0
113
81
238
122
53
245
214
55
15
93
11
231
70
145
114
255
235
180
94
246
183
98
247
247
127
209
103
214
234
230
93
98
188
252
232
199
60
6
190
202
120
242
125
124
203
181
235
241
116
245
79
145
166
152
75
98
24
158
89
24
243
115
191
122
87
168
250
205
238
239
121
56
246
175
248
169
255
232
250
195
133
215
107
139
109
239
107
189
197
126
217
77
255
31
167
77
15
35
223
111
146
221
171
16
188
237
62
126
108
122
189
247
249
119
177
58
253
60
243
193
253
252
20
196
204
145
207
206
215
105
182
193
203
142
93
234
219
212
150
43
177
45
200
154
245
109
171
173
243
60
171
142
47
110
163
99
71
135
126
37
9
24
118
247
63
98
8
90
79
254
226
178
63
104
126
157
254
217
163
149
201
86
69
53
89
145
203
17
118
48
63
80
116
3
251
65
205
154
93
97
219
212
198
27
177
47
204
18
212
111
187
237
147
56
143
142
45
102
3
99
71
227
110
21
7
146
118
191
51
113
72
82
207
254
226
51
63
168
102
189
158
221
174
209
200
126
117
184
93
145
203
17
219
58
63
80
116
131
218
209
217
154
223
227
217
82
0
11
129
7
206
150
244
110
186
252
147
56
15
142
61
194
99
233
82
242
110
37
43
222
37
151
55
113
79
66
75
254
74
179
189
237
119
189
158
125
55
149
128
51
117
60
233
179
239
81
95
120
127
81
61
147
219
61
253
125
94
48
109
245
122
243
196
253
249
127
127
204
254
247
246
102
107
55
110
161
247
249
63
103
217
111
30
212
57
186
102
36
222
134
89
219
253
127
223
189
231
188
50
117
110
131
183
227
222
120
4
35
77
57
243
122
235
251
238
167
155
197
43
135
113
200
194
163
206
168
165
66
206
210
237
139
10
139
41
185
103
174
141
74
219
79
251
30
166
128
2
34
79
215
3
69
171
17
172
125
14
100
52
184
103
93
24
125
179
93
172
56
245
209
127
28
130
65
236
17
173
200
85
17
250
