posters/Movie Poster 17.jpg
512
777
185
166.986
-1
0
406
381
0.0090972
31
66.5226
-1
0
227
663
0.00905884
31
80.5377
-1
0
151
674
0.010161
31
84.2894
-1
0
264
662
0.00939678
31
66.2384
-1
0
220
675
0.0137608
31
13.6504
-1
0
397
209
0.0111918
31
98.5068
-1
0
345
675
0.0104757
31
163.56
-1
0
99
524
0.0103156
31
71.0296
-1
0
292
663
0.00528586
31
93.9679
-1
0
177
676
0.00559347
31
-172.333
-1
0
189
312
0.00642763
31
-143.243
-1
0
320
277
0.00548751
31
-108.825
-1
0
191
322
0.00686672
31
169.17
-1
0
193
311
0.00712241
31
-31.8908
-1
0
256
510
0.00817839
31
111.235
-1
0
327
675
0.00714373
31
114.121
-1
0
305
322
0.00711828
31
168.381
-1
0
319
262
0.00568344
31
-126.201
-1
0
178
250
0.00576086
31
-58.7449
-1
0
160
261
0.00633414
31
165.588
-1
0
116
555
0.00655743
31
133.603
-1
0
297
676
0.00561741
31
76.2807
-1
0
151
679
0.00742977
31
-40.3999
-1
0
257
512
0.00685319
31
-178.253
-1
0
180
173
0.00575326
31
-9.70665
-1
0
227
275
0.00766035
31
119.197
-1
0
380
676
0.00634263
31
96.9251
-1
0
348
673
0.00710483
31
59.2159
-1
0
223
663
0.00750056
31
100.116
-1
0
346
673
0.00840082
31
-50.1944
-1
0
160
263
0.0073819
31
54.7327
-1
0
223
668
0.00531997
31
-75.9638
-1
0
244
635
0.00580937
31
-170.162
-1
0
181
181
0.00671825
31
-26.6974
-1
0
250
488
0.00607818
31
-92.1611
-1
0
211
335
0.00579299
31
98.6864
-1
0
268
679
0.00804601
31
76.636
-1
0
215
677
0.0053061
31
71.565
-1
0
273
669
0.00721568
31
167.648
-1
0
326
162
0.00715733
31
129.036
-1
0
302
677
0.0074333
31
-173.226
-1
0
182
179
0.0067932
31
168.803
-1
0
319
167
0.00524954
31
-159.362
-1
0
192
288
0.00525558
31
59.3493
-1
0
276
676
0.00510088
31
168.358
-1
0
105
539
0.00514315
31
96.4108
-1
0
263
676
0.00516021
31
-178.255
-1
1
180
172.8
0.00398902
37.2
-171.545
-1
1
193.2
310.8
0.0050584
37.2
-135.69
-1
1
189.6
313.2
0.00601324
37.2
-169.54
-1
1
181.2
180
0.00462428
37.2
-14.7197
-1
1
228
276
0.00571542
37.2
168.476
-1
1
326.4
162
0.00404089
37.2
118.009
-1
1
304.8
322.8
0.00697531
37.2
86.9335
-1
1
326.4
322.8
0.00632964
37.2
20.9426
-1
1
277.2
471.6
0.00399508
37.2
64.6041
-1
1
322.8
328.8
0.00723052
37.2
-62.1027
-1
1
210
332.4
0.00426974
37.2
-65.6376
-1
1
211.2
334.8
0.00560366
37.2
-151.39
-1
1
319.2
277.2
0.00520052
37.2
-18.0834
-1
1
258
511.2
0.00626435
37.2
-58.2816
-1
1
163.2
262.8
0.00416333
37.2
-95.6595
-1
1
126
624
0.00353246
37.2
177.254
-1
1
319.2
261.6
0.00366044
37.2
179.101
-1
1
331.2
192
0.00311025
37.2
-25.6022
-1
1
249.6
488.4
0.00358354
37.2
-164.839
-1
1
304.8
135.6
0.00308308
37.2
-172.956
-1
1
308.4
147.6
0.00305488
37.2
-102.995
-1
1
190.8
321.6
0.00344352
37.2
91.6651
-1
1
134.4
607.2
0.00308108
37.2
-144.246
-1
1
192
288
0.00319468
37.2
-63.8921
-1
1
258
435.6
0.00325301
37.2
-56.7847
-1
1
159.6
262.8
0.00292453
37.2
-128.108
-1
1
177.6
249.6
0.00281227
37.2
166.887
-1
1
178.8
162
0.00252957
37.2
-169.353
-1
1
310.8
134.4
0.00291224
37.2
-74.3205
-1
1
178.8
322.8
0.00247897
37.2
147.724
-1
1
307.2
354
0.00248339
37.2
-95.0573
-1
1
126
620.4
0.0024459
37.2
-102.458
-1
2
191.52
319.68
0.00238438
44.64
-129.936
-1
2
190.08
312.48
0.00658297
44.64
-69.6108
-1
2
178.56
322.56
0.00145497
44.64
-62.6501
-1
2
168.48
282.24
0.00272151
44.64
-143.569
-1
2
192.96
311.04
0.0051665
44.64
122.32
-1
2
306.72
324
0.00537937
44.64
40.4622
-1
2
349.92
453.6
0.00150262
44.64
93.7153
-1
2
322.56
329.76
0.00532885
44.64
92.0454
-1
2
325.44
322.56
0.00397301
44.64
-62.5256
-1
2
210.24
334.08
0.00458593
44.64
-5.2739
-1
2
257.76
511.2
0.00330691
44.64
-158.51
-1
2
313.92
272.16
0.00288384
44.64
77.3415
-1
2
296.64
210.24
0.00211757
44.64
-7.43141
-1
2
148.32
185.76
0.00216119
44.64
-13.8287
-1
2
257.76
508.32
0.00238519
44.64
165.964
-1
2
308.16
352.8
0.00169295
44.64
-14.2478
-1
2
221.76
230.4
0.00162897
44.64
-2.47879
-1
2
236.16
321.12
0.00183447
44.64
-12.6884
-1
2
227.52
275.04
0.00386456
44.64
105.616
-1
2
257.76
606.24
0.00150125
44.64
-165.964
-1
2
315.36
267.84
0.00184993
44.64
179.329
-1
2
331.2
191.52
0.0027389
44.64
-115.145
-1
2
191.52
286.56
0.00294859
44.64
-155.842
-1
2
319.68
276.48
0.00404385
44.64
57.9465
-1
2
329.76
607.68
0.00202511
44.64
-172.721
-1
2
181.44
180
0.00254929
44.64
174.202
-1
2
326.88
177.12
0.00204259
44.64
179.645
-1
2
180
172.8
0.00321886
44.64
-171.425
-1
2
309.6
146.88
0.00209532
44.64
-35.1501
-1
2
243.36
169.92
0.00156764
44.64
-17.2717
-1
2
250.56
486.72
0.004393
44.64
-25.7505
-1
2
279.36
479.52
0.00191964
44.64
-59.7855
-1
2
162.72
262.08
0.00279478
44.64
-118.968
-1
2
192.96
283.68
0.00225028
44.64
-38.9177
-1
2
156.96
188.64
0.00218514
44.64
-174.644
-1
2
319.68
263.52
0.00294789
44.64
-30.2173
-1
2
266.4
414.72
0.00164111
44.64
-37.0731
-1
2
262.08
421.92
0.00208726
44.64
-18.166
-1
2
162.72
279.36
0.00306474
44.64
-58.8028
-1
2
159.84
262.08
0.00165729
44.64
42.594
-1
2
329.76
612
0.00165163
44.64
-56.1999
-1
2
151.2
249.12
0.00380779
44.64
167.672
-1
2
178.56
162.72
0.00263237
44.64
170.612
-1
2
325.44
161.28
0.00283056
44.64
-53.7114
-1
2
334.08
473.76
0.00151977
44.64
-49.4846
-1
2
257.76
433.44
0.0038991
44.64
7.81529
-1
2
276.48
470.88
0.00261267
44.64
107.021
-1
3
257.472
606.528
0.0016861
53.568
-16.623
-1
3
221.184
231.552
0.00155185
53.568
-1.82797
-1
3
260.928
480.384
0.00215777
53.568
74.9315
-1
3
295.488
209.088
0.00229351
53.568
-114.932
-1
3
177.984
250.56
0.00200722
53.568
169.432
-1
3
188.352
202.176
0.0026271
53.568
52.3738
-1
3
231.552
200.448
0.00276107
53.568
155.985
-1
3
171.072
200.448
0.00175976
53.568
-160.729
-1
3
314.496
273.024
0.00357098
53.568
-14.4898
-1
3
278.208
476.928
0.00285035
53.568
-12.6762
-1
3
228.096
274.752
0.00370517
53.568
-159.444
-1
3
317.952
274.752
0.0061264
53.568
-91.6366
-1
3
191.808
283.392
0.00141931
53.568
11.4271
-1
3
338.688
390.528
0.00244072
53.568
-47.6724
-1
3
333.504
473.472
0.00141273
53.568
-179.329
-1
3
179.712
172.8
0.00197961
53.568
179.716
-1
3
330.048
190.08
0.00174051
53.568
0
-1
3
276.48
471.744
0.00258647
53.568
-154.904
-1
3
302.4
316.224
0.0044012
53.568
-94.5739
-1
3
190.08
286.848
0.00159249
53.568
-31.1303
-1
3
266.112
414.72
0.00148802
53.568
-174.674
-1
3
179.712
179.712
0.00207963
53.568
-98.5308
-1
3
191.808
312.768
0.00484707
53.568
-91.9306
-1
3
191.808
319.68
0.00154294
53.568
-5.63068
-1
3
236.736
319.68
0.00175712
53.568
-171.089
-1
3
323.136
266.112
0.00147531
53.568
-169.73
-1
3
317.952
262.656
0.0017045
53.568
96.2034
-1
3
305.856
324.864
0.00418947
53.568
-37.8065
-1
3
255.744
433.728
0.00300984
53.568
97.6961
-1
3
183.168
606.528
0.00185265
53.568
1.09122
-1
3
254.016
480.384
0.00358125
53.568
126.254
-1
3
321.408
330.048
0.00408642
53.568
-34.4673
-1
3
260.928
423.36
0.00162747
53.568
140.194
-1
3
307.584
350.784
0.00163171
53.568
-17.2415
-1
3
257.472
511.488
0.00160951
53.568
-71.7146
-1
3
177.984
321.408
0.00114552
53.568
-50.3431
-1
3
323.136
476.928
0.00108008
53.568
-148.69
-1
4
302.746
315.187
0.00297635
64.2816
-6.06179
-1
4
250.906
485.222
0.00453668
64.2816
82.4054
-1
4
306.893
325.555
0.00390886
64.2816
-30.5933
-1
4
257.126
431.309
0.00338706
64.2816
-2.72631
-1
4
255.053
479.002
0.00341054
64.2816
-21.2796
-1
4
277.862
476.928
0.00235519
64.2816
-17.7377
-1
4
228.096
275.789
0.0023294
64.2816
-17.6392
-1
4
238.464
321.408
0.00230651
64.2816
-30.5216
-1
4
261.274
423.014
0.00149491
64.2816
-11.5138
-1
4
277.862
472.781
0.00223003
64.2816
-18.6536
-1
4
221.875
230.17
0.00205641
64.2816
75.8577
-1
4
294.451
209.434
0.00196136
64.2816
-24.1142
-1
4
232.243
327.629
0.00121699
64.2816
-57.5674
-1
4
209.434
333.85
0.00134535
64.2816
-28.1507
-1
4
267.494
412.646
0.00108573
64.2816
27.8973
-1
4
306.893
350.438
0.00119249
64.2816
-14.1026
-1
5
248.832
251.32
0.00128806
77.1379
-28.6918
-1
5
261.274
423.014
0.00189547
77.1379
-26.0683
-1
5
256.297
430.479
0.00261309
77.1379
-11.2225
-1
5
258.785
480.246
0.00282528
77.1379
-4.55377
-1
5
251.32
485.223
0.00390365
77.1379
-57.6041
-1
5
263.762
286.157
0.00103399
77.1379
185
64
59
221
172
62
39
175
81
30
247
197
149
205
47
121
36
159
246
183
16
247
246
47
243
119
117
170
224
30
123
48
204
33
143
44
50
188
211
74
216
249
218
223
56
175
209
83
245
110
153
170
155
13
240
29
153
65
57
178
115
191
50
215
174
219
6
9
128
170
201
74
130
7
11
64
46
4
16
66
43
177
229
26
33
208
197
33
66
66
67
201
0
77
144
8
139
65
151
36
83
162
19
66
233
100
224
20
20
11
84
22
247
111
153
172
24
4
240
29
152
73
16
242
51
181
24
87
32
232
130
8
138
131
170
220
216
165
30
191
54
69
146
114
90
160
228
218
5
227
196
32
230
114
105
10
164
106
80
131
51
98
247
32
85
160
83
123
232
240
208
92
56
14
208
22
241
111
153
172
24
5
240
29
157
73
16
242
51
188
88
23
32
249
135
12
138
53
232
140
217
130
58
175
39
66
138
235
114
181
224
233
7
227
229
38
54
91
127
42
164
75
192
189
241
115
231
60
70
186
90
58
161
254
210
94
24
142
208
82
131
79
153
172
24
1
240
29
157
65
16
243
51
188
88
22
32
249
25
30
214
134
62
121
33
242
56
252
118
23
156
187
203
226
226
212
161
104
200
196
200
113
73
168
161
58
126
75
51
127
113
100
117
186
87
122
169
212
245
84
58
31
72
134
104
229
137
37
28
4
240
31
143
77
16
240
59
156
88
6
32
248
9
136
142
109
11
233
241
124
157
189
222
205
17
60
123
172
239
92
243
107
244
59
238
249
105
127
20
166
125
71
63
239
221
226
121
112
119
235
248
42
121
189
254
38
93
181
127
227
189
88
255
181
252
29
152
76
55
194
175
233
211
15
7
222
133
206
159
137
168
244
160
209
56
255
32
207
130
241
241
41
234
204
165
99
204
4
46
249
75
155
53
98
85
3
51
119
247
0
85
168
81
249
233
244
210
92
56
6
208
20
208
247
153
173
24
37
240
29
156
73
16
242
51
189
88
87
34
251
254
57
255
180
54
161
125
127
215
33
213
178
255
179
150
90
250
223
99
121
169
133
194
183
206
155
244
251
98
172
244
168
223
44
54
190
74
124
225
117
120
219
49
47
249
53
245
111
153
166
153
131
240
28
158
77
16
242
51
217
120
23
32
250
191
212
108
40
255
62
255
90
181
127
252
251
47
91
196
93
224
253
191
49
240
70
184
123
102
171
105
119
255
89
97
239
197
232
156
240
246
241
57
253
251
206
122
159
208
19
212
73
185
181
30
12
232
181
143
65
62
182
255
158
218
223
44
189
142
192
78
221
175
21
220
145
62
191
53
202
158
122
116
77
160
212
100
251
76
246
160
112
42
10
165
122
213
89
53
50
242
60
22
250
82
121
160
245
210
223
56
31
208
118
208
77
153
173
22
5
120
29
159
73
16
242
51
156
88
86
34
185
235
206
238
173
239
191
183
145
61
125
108
203
142
57
110
45
129
125
253
180
240
71
154
121
114
125
25
54
253
83
59
199
221
241
219
33
247
201
188
41
119
31
122
191
213
155
254
81
61
221
24
13
213
229
154
142
122
206
183
188
194
223
28
216
71
229
24
154
0
66
30
133
99
234
41
170
48
162
167
27
137
34
0
147
9
160
85
2
208
85
241
105
3
174
131
115
210
20
23
170
26
104
97
124
114
74
56
41
182
84
229
110
25
174
24
7
240
24
92
73
16
243
51
181
24
82
98
235
45
238
239
9
24
253
165
254
217
254
232
184
65
158
255
207
203
124
227
105
180
85
206
253
73
245
29
162
93
75
51
203
221
4
221
42
85
252
233
58
126
94
106
37
23
177
117
225
186
184
60
149
246
29
220
84
132
226
131
237
219
211
106
246
195
206
134
201
239
223
134
176
61
125
58
75
154
121
126
172
197
217
189
172
204
71
138
120
107
85
29
102
188
67
27
87
215
241
89
33
119
195
236
160
247
28
106
63
85
134
252
241
157
217
28
36
215
231
143
171
83
220
50
52
84
95
16
252
140
43
247
245
136
37
237
255
197
253
202
87
211
228
178
104
162
92
199
99
254
172
226
219
90
42
166
130
192
196
56
207
127
38
126
186
21
254
209
236
221
100
148
14
234
39
203
219
137
36
88
213
242
30
157
73
1
242
83
191
76
118
163
248
20
251
213
253
184
188
44
116
41
63
105
153
196
241
223
170
227
204
161
106
204
160
66
185
205
137
166
248
73
4
49
42
247
36
85
186
80
114
161
244
246
94
56
63
246
150
223
23
153
172
28
37
224
29
159
73
144
242
19
188
88
70
34
241
76
39
215
248
64
231
44
71
33
126
72
21
81
229
183
74
139
76
161
100
224
73
110
187
78
205
50
165
9
64
58
205
85
83
61
161
53
244
125
36
37
96
254
99
111
133
119
242
92
36
126
244
195
88
54
12
143
204
71
135
79
79
81
114
32
14
117
226
200
94
163
69
108
84
66
85
29
123
216
228
250
208
205
96
212
40
189
118
94
152
12
15
174
138
27
223
21
103
67
154
81
210
173
140
197
85
24
150
64
134
240
197
136
37
205
8
242
31
139
73
32
112
3
164
74
7
36
248
10
128
200
187
31
241
199
12
181
186
20
172
185
62
47
71
137
61
129
146
228
119
218
123
97
192
16
39
122
81
61
207
159
138
147
32
119
200
105
50
120
61
110
105
85
213
117
99
59
236
152
13
247
13
252
28
58
162
191
189
139
219
174
222
92
41
191
189
32
39
248
255
209
250
212
149
83
160
147
74
170
77
243
103
208
133
198
147
223
136
180
196
64
197
60
234
239
16
52
186
29
252
129
116
216
78
181
6
251
53
195
111
155
172
41
215
240
28
28
72
68
250
27
249
91
23
99
247
117
49
245
26
220
130
3
126
226
36
213
52
237
107
133
80
242
197
3
100
195
101
195
231
206
160
224
29
58
8
73
105
215
36
20
190
2
56
17
118
20
74
24
14
81
24
193
79
147
36
25
4
48
24
156
73
40
182
51
153
88
70
38
249
159
177
125
245
182
241
95
124
243
143
245
248
255
97
52
82
253
220
54
255
43
120
226
183
172
171
231
253
123
124
244
169
86
124
188
223
206
125
90
213
92
203
191
105
242
21
253
62
159
182
27
199
106
184
54
125
220
183
51
219
125
191
228
187
56
30
78
207
174
213
209
177
62
253
86
31
157
124
123
196
237
214
97
106
220
20
134
112
43
61
181
56
252
83
55
59
213
36
85
240
87
115
233
116
240
93
88
62
212
132
240
109
153
173
30
5
248
29
156
73
16
242
59
157
89
31
32
250
140
15
247
244
8
45
109
127
173
125
202
71
211
229
178
228
162
92
199
99
246
44
242
251
91
42
166
130
72
196
56
206
111
50
102
184
149
254
211
236
221
116
146
198
232
39
203
203
184
36
88
81
242
30
157
73
7
242
87
183
74
118
163
120
195
205
142
155
207
218
14
1
42
99
17
138
158
229
46
9
205
213
57
246
206
229
74
105
66
215
187
46
210
2
51
35
215
39
85
155
74
109
237
114
48
88
56
45
213
28
245
183
157
140
24
4
225
125
156
203
80
254
49
189
88
87
48
250
7
5
136
146
1
202
6
39
3
96
29
4
16
39
4
2
237
83
0
161
130
33
192
99
72
84
144
76
16
10
145
97
151
52
17
170
2
72
75
64
48
144
56
43
149
20
229
111
145
164
25
4
176
24
152
73
16
114
51
185
88
23
32
234
7
197
8
185
129
148
44
193
45
207
41
138
128
9
53
47
128
120
1
99
72
162
210
112
77
140
165
104
81
4
48
17
242
52
87
170
82
104
128
224
114
94
56
169
214
86
211
62
153
172
24
5
240
29
156
73
16
242
51
188
88
86
34
249
5
206
146
137
168
212
160
209
8
253
34
79
130
80
249
169
226
200
161
98
204
4
14
209
75
8
5
98
212
2
51
83
247
0
81
168
81
250
233
100
242
28
24
6
80
150
208
231
153
172
24
37
240
29
157
73
16
242
51
188
88
87
34
249
2
10
144
162
201
74
162
5
8
64
42
5
0
70
139
177
227
3
129
0
196
33
75
66
71
200
8
5
130
8
3
64
135
38
81
176
49
66
237
100
224
20
16
131
69
22
181
111
152
172
24
0
240
29
24
73
18
242
19
181
24
87
32
72
5
142
146
137
168
220
160
209
8
253
34
207
130
144
249
169
230
200
161
107
204
4
78
209
75
8
164
98
84
2
51
87
247
0
85
184
81
250
233
100
242
28
56
6
208
22
208
231
153
172
24
37
240
29
157
73
16
242
51
188
88
87
34
251
92
41
191
188
0
39
125
255
209
250
208
145
83
160
147
74
186
77
241
103
216
141
230
147
221
138
178
132
65
192
60
235
255
17
52
187
29
124
129
116
80
78
181
46
251
21
65
206
155
172
57
211
240
28
29
72
196
250
19
249
89
86
99
247
129
142
196
130
73
74
162
70
56
117
6
71
30
59
202
160
234
129
161
33
196
1
235
112
91
203
24
6
238
136
3
79
149
37
112
178
83
82
237
252
213
84
56
135
201
18
117
237
153
36
88
4
240
31
157
73
16
240
35
188
88
87
32
250
65
134
142
81
232
146
226
240
33
255
0
206
130
245
3
11
4
73
185
239
138
101
74
249
74
114
26
230
68
5
41
71
87
83
153
1
81
205
126
2
84
32
40
38
115
136
91
179
25
72
56
117
213
232
152
142
83
207
19
133
64
115
83
238
195
20
136
50
221
162
15
24
34
35
1
10
138
203
38
25
204
119
56
212
138
167
82
105
66
215
187
46
146
32
33
1
215
37
148
139
67
108
36
67
32
74
56
41
213
88
245
31
24
140
24
5
97
248
220
195
16
190
49
159
28
87
48
122
12
137
165
168
129
205
229
105
157
92
222
87
209
124
221
228
203
24
227
98
244
46
194
243
127
253
21
160
108
198
58
137
223
34
65
184
55
122
233
60
121
53
176
39
85
55
247
103
185
164
153
12
240
29
156
9
38
226
63
169
90
79
32
250
197
2
68
4
217
98
35
212
161
60
10
5
8
191
171
161
227
108
129
100
104
131
44
48
66
168
140
0
184
8
43
69
113
37
119
186
17
50
5
204
133
84
24
22
76
194
200
192
8
36
92
4
211
30
133
9
152
100
1
180
76
70
34
112
159
56
213
119
191
232
93
60
218
53
223
127
239
223
130
209
249
206
39
113
236
170
226
60
239
191
240
251
250
57
103
175
23
236
52
254
127
49
249
215
89
220
187
127
200
1
253
63
137
182
95
131
248
158
158
101
56
178
179
251
248
23
36
254
27
27
222
215
183
185
89
114
30
255
86
19
158
218
233
82
234
214
37
107
76
156
130
123
47
154
179
41
86
73
52
57
82
36
28
250
86
127
161
116
240
196
56
31
202
132
201
223
153
173
30
5
232
29
159
73
144
242
59
157
93
23
32
178
184
26
119
231
58
165
168
243
255
253
82
83
159
242
249
212
250
214
231
107
196
14
172
127
79
154
183
59
94
200
61
254
115
36
124
190
116
126
161
84
197
85
126
14
202
4
216
223
136
173
88
5
242
30
141
73
0
242
51
189
89
15
32
190
101
38
71
163
217
230
167
217
228
125
106
53
173
47
145
101
227
213
1
100
201
3
135
116
78
204
168
47
210
10
51
59
117
37
85
186
82
112
45
84
112
84
24
14
197
4
244
77
153
172
24
5
240
28
156
73
16
242
51
188
88
86
32
248
183
247
125
125
182
180
89
121
251
223
241
250
207
225
148
91
244
204
38
255
63
236
98
215
236
171
231
249
79
60
228
185
242
124
156
255
206
61
145
245
250
202
187
223
242
49
217
30
155
191
22
195
104
156
31
109
148
243
83
223
124
214
106
185
67
20
136
50
221
162
15
24
34
35
1
10
138
203
6
17
204
103
49
244
202
165
66
105
66
214
187
46
146
32
33
33
87
37
148
139
75
44
100
67
32
200
56
169
213
88
245
31
16
172
24
4
97
248
156
203
24
182
49
189
24
87
48
234
124
254
125
235
255
191
35
121
252
125
198
127
253
63
252
253
242
245
91
108
253
71
155
116
79
232
44
31
255
91
121
171
213
101
87
187
82
115
141
116
214
223
26
30
81
142
236
69
157
45
28
4
240
61
159
73
16
246
51
156
88
87
34
249
79
130
8
169
238
176
174
132
41
255
40
138
128
12
47
3
128
125
9
96
232
113
94
88
68
192
136
166
81
33
57
67
117
144
218
41
115
232
160
34
98
46
88
8
215
212
194
81
24
200
24
5
69
93
157
32
144
194
51
156
68
210
114
241
57
254
247
174
56
61
41
123
252
124
98
219
207
187
220
109
242
236
235
104
240
68
216
253
255
184
45
179
126
83
115
239
213
100
125
190
245
254
169
125
255
222
122
151
106
162
124
237
168
181
124
184
232
30
143
77
60
246
59
140
222
71
38
183
117
49
253
22
253
160
89
122
226
37
149
50
239
235
134
83
242
229
3
98
203
239
195
247
206
170
230
31
114
12
232
40
223
44
4
190
66
56
17
84
216
202
24
14
209
112
193
79
153
36
24
1
96
24
156
73
24
242
51
157
120
22
34
251
191
240
235
189
191
224
217
188
158
239
245
251
175
74
22
125
248
254
38
83
232
170
230
60
110
171
243
123
211
57
119
239
247
188
188
254
255
117
233
247
219
202
243
75
218
17
249
61
217
182
90
129
232
150
156
97
144
178
179
187
252
87
38
255
195
204
142
155
206
202
6
145
40
99
24
14
138
197
38
9
205
85
57
246
206
133
10
105
66
215
187
46
144
3
50
3
215
39
81
41
74
101
238
98
112
124
40
47
213
28
253
177
157
140
24
4
213
253
156
203
89
188
49
61
92
85
16
250
205
206
6
129
237
187
166
144
57
89
14
75
138
53
108
137
129
105
189
164
228
69
26
248
99
124
25
182
252
71
43
87
223
81
219
33
113
203
172
33
245
60
122
55
213
143
254
241
28
217
24
37
213
237
139
142
95
205
182
165
192
91
20
234
45
134
108
1
153
253
167
217
185
255
138
206
200
61
235
167
137
124
195
105
248
114
94
248
113
116
29
162
124
87
59
147
237
72
203
32
209
187
173
40
124
53
122
164
87
227
118
113
58
88
56
44
215
157
205
28
62
192
231
172
195
219
108
122
195
4
138
27
205
178
14
144
32
111
1
10
138
201
6
9
13
101
57
246
202
165
10
104
66
215
187
38
144
3
35
3
83
37
157
41
75
45
108
99
112
104
40
173
213
24
253
17
24
140
24
5
197
248
156
163
81
174
49
159
92
87
16
178
70
1
136
146
0
202
22
7
3
32
15
4
144
230
0
18
237
19
0
128
193
37
195
67
72
84
176
76
0
136
145
96
87
36
21
162
2
72
75
84
112
144
60
43
197
20
229
111
145
164
24
4
160
24
24
9
24
115
51
185
8
19
32
234
101
38
69
135
221
198
135
121
252
125
26
55
169
127
153
101
227
213
9
102
201
39
131
116
74
220
168
47
210
10
51
123
119
37
85
187
82
114
237
116
112
84
24
14
197
4
228
79
153
172
24
5
240
29
156
73
16
242
51
189
88
87
32
248
13
35
215
249
208
227
164
254
1
216
200
53
64
197
131
97
139
76
169
102
224
9
238
187
78
205
18
132
93
68
42
143
93
67
189
177
53
244
93
5
37
96
154
102
111
133
111
242
92
52
127
244
195
242
20
12
207
140
15
195
4
47
149
118
141
223
92
96
57
59
231
122
57
84
206
71
206
125
204
1
131
109
173
41
100
108
136
242
97
126
17
242
252
71
67
93
158
82
209
96
53
202
248
41
117
189
186
55
245
131
246
105
168
243
41
124
217
231
203
12
63
140
182
175
194
255
133
94
54
57
219
158
18
67
85
110
195
4
125
176
127
242
150
122
251
214
32
39
3
156
229
7
206
131
192
25
35
168
94
105
148
38
53
254
14
84
83
252
50
203
189
99
188
20
229
238
83
164
203
215
178
26
52
77
40
178
41
89
25
68
37
219
144
222
52
228
236
124
164
115
57
89
122
67
78
85
92
189
253
206
237
169
212
108
168
250
235
95
17
242
189
87
163
223
150
242
216
0
253
128
248
163
101
28
235
247
252
131
246
233
234
209
197
218
204
231
139
13
7
213
214
167
214
123
13
60
167
6
32
163
157
180
137
209
37
79
42
102
160
14
225
101
194
116
5
64
121
34
17
112
84
136
32
9
146
28
41
17
96
36
222
186
80
114
1
196
198
64
16
140
192
66
128
21
8
45
16
5
98
24
141
65
16
48
19
148
76
86
42
49
167
6
100
163
157
164
39
208
37
111
42
38
136
47
225
37
194
100
5
96
105
226
25
120
68
168
160
1
146
12
41
17
112
36
214
186
16
50
1
196
198
64
24
138
64
66
192
21
8
45
16
0
66
29
141
73
24
48
19
180
76
214
34
48
71
228
153
58
73
66
26
13
82
34
173
172
112
102
167
58
193
2
0
146
201
161
71
2
196
193
232
77
195
45
131
98
181
132
5
170
58
48
225
118
34
74
8
8
212
84
161
111
153
174
24
7
176
25
92
73
16
243
191
188
24
82
98
193
140
43
231
244
16
37
169
247
165
239
98
83
83
225
178
79
138
92
103
99
118
140
228
251
74
59
151
162
208
132
56
223
95
38
118
186
81
124
113
196
220
96
184
15
202
37
211
203
88
172
24
149
82
30
157
72
0
240
19
159
76
85
1
251
92
32
187
185
0
119
184
247
213
186
208
149
81
128
147
66
250
200
195
75
216
145
230
147
221
9
188
196
65
196
62
234
109
0
37
188
21
252
1
116
120
77
117
38
243
53
3
108
187
172
171
147
242
28
28
88
198
242
27
217
91
23
96
247
217
205
174
213
39
71
217
182
21
253
125
207
27
232
51
174
173
252
116
239
126
143
246
51
59
107
182
114
209
211
118
123
231
51
48
249
214
101
250
249
82
126
189
126
218
54
209
238
221
168
94
149
216
30
148
65
145
242
113
127
95
52
131
251
186
14
244
166
203
207
162
69
46
113
238
117
191
123
250
244
242
145
13
96
197
9
187
113
94
202
72
15
190
142
147
199
53
39
83
186
80
82
237
198
197
21
24
6
200
7
251
197
137
36
217
12
242
31
137
73
32
112
35
180
72
6
36
88
243
212
94
11
239
23
27
184
254
127
60
138
190
171
38
127
246
247
117
245
120
135
147
52
210
104
237
110
211
24
243
115
249
44
68
190
90
120
161
252
210
94
24
15
209
114
192
77
153
172
24
5
240
29
157
73
16
242
51
188
88
86
34
249
12
9
161
188
2
205
116
97
29
84
222
23
209
116
220
224
171
24
227
66
116
44
194
211
93
127
149
160
64
198
58
137
206
38
97
186
23
122
233
124
121
181
180
39
76
55
191
110
137
164
201
12
240
31
152
1
48
226
59
185
72
7
33
250
250
248
235
247
255
181
219
153
222
255
245
251
191
74
178
127
242
247
126
123
255
191
243
124
61
250
255
63
82
251
119
255
231
173
158
255
250
125
249
255
216
221
231
124
211
28
217
63
157
174
152
13
248
189
156
115
80
246
115
191
255
159
56
255
250
52
239
247
255
231
219
249
254
111
215
118
191
78
178
85
250
213
95
118
254
63
147
124
46
254
250
63
210
123
119
175
71
109
159
223
210
121
253
87
81
77
213
14
197
12
253
63
157
188
24
5
242
189
156
105
88
182
115
187
220
31
48
254
45
174
239
9
24
245
165
254
153
254
106
189
65
63
155
238
203
124
227
40
240
83
206
185
73
229
12
162
61
73
59
95
253
128
213
42
84
242
45
62
62
84
106
166
84
178
84
225
186
108
61
52
150
29
141
80
164
224
139
172
202
199
106
246
141
239
247
117
248
121
240
246
25
185
206
223
194
245
203
232
171
204
191
107
109
140
174
144
111
95
23
226
205
7
58
190
242
51
117
250
84
247
237
180
217
60
184
54
237
167
255
176
137
165
127
245
217
95
143
72
148
216
33
173
92
7
35
190
5
6
8
169
157
176
166
212
41
251
128
136
128
1
171
3
136
109
129
72
232
113
94
120
68
17
24
166
92
5
41
83
117
146
223
33
49
233
37
34
36
38
42
36
87
193
82
17
26
88
56
36
213
253
237
56
150
136
143
132
192
211
108
114
12
46
53
136
136
205
164
117
9
84
78
21
208
53
217
160
203
72
195
96
241
0
74
209
89
124
28
196
104
134
59
194
205
0
65
168
21
162
233
12
60
21
16
167
69
160
118
225
187
44
169
40
178
29
8
9
46
194
11
160
74
67
104
226
92
32
155
189
0
99
185
255
209
186
212
149
81
128
147
74
250
204
195
75
192
129
230
147
205
136
188
196
65
192
62
234
253
0
53
184
21
248
129
116
216
76
181
38
243
53
1
108
155
172
169
147
240
28
28
89
68
242
19
249
89
87
98
255
13
134
140
105
159
241
167
92
189
187
132
239
145
28
171
69
137
125
129
27
228
119
218
121
97
246
16
38
124
67
59
199
159
194
211
32
117
216
109
34
108
53
110
36
85
213
117
99
58
220
184
45
247
197
220
56
54
194
183
175
195
219
173
94
193
15
130
87
201
74
194
135
40
57
2
71
130
229
66
172
239
17
61
103
78
143
238
59
75
223
154
38
144
2
34
6
87
39
97
121
82
38
238
68
81
116
56
191
201
12
253
243
221
132
88
21
209
127
156
203
81
124
49
61
68
21
17
250
255
245
239
247
255
181
219
153
247
239
181
250
191
235
182
95
242
245
126
119
251
247
211
127
60
234
182
63
122
121
117
171
215
108
150
255
210
121
241
255
86
203
125
173
211
28
209
63
157
172
24
13
240
189
156
93
24
246
115
159
219
215
42
251
190
186
239
170
54
117
133
191
181
252
116
217
31
59
182
207
249
212
233
41
112
211
254
52
89
169
61
51
127
217
115
235
213
104
214
240
127
112
169
116
118
95
58
191
212
148
84
108
185
172
159
9
240
29
158
93
52
240
35
156
90
87
44
251
103
237
239
73
82
207
215
231
249
197
222
252
95
191
223
236
203
32
123
47
55
91
127
167
255
247
28
181
111
223
90
40
133
207
97
222
142
147
255
62
59
189
236
241
29
250
61
162
247
44
239
252
153
119
48
190
124
204
104
105
251
237
127
222
216
217
142
221
39
103
217
190
149
255
125
205
31
236
51
238
189
220
124
111
62
159
230
51
43
235
166
18
89
211
118
251
247
59
52
249
86
101
218
253
82
255
191
126
154
54
193
238
221
168
94
213
216
31
148
76
209
246
105
127
93
52
131
249
44
42
231
137
152
253
165
244
173
252
74
21
65
61
155
229
203
124
195
32
241
66
222
184
89
109
12
0
189
207
59
207
253
192
87
58
84
178
45
46
61
84
66
182
68
226
116
225
56
108
220
8
151
29
140
16
166
224
139
164
202
199
36
244
37
134
101
1
136
253
167
221
169
253
130
77
192
61
235
133
203
108
195
105
248
96
94
248
81
124
28
162
108
23
43
135
205
66
251
8
17
187
45
42
253
52
58
166
69
225
126
177
56
88
44
40
213
157
141
44
62
204
135
165
194
215
108
122
174
194
236
170
63
125
149
183
53
220
124
209
29
59
63
237
217
212
225
184
113
210
245
48
121
173
153
51
255
216
55
235
181
96
215
240
119
80
169
116
118
95
58
63
212
150
246
108
187
172
159
13
242
29
159
93
54
240
39
156
90
95
44
248
120
36
253
160
0
79
35
103
245
124
86
21
93
189
146
230
251
104
195
97
113
195
247
180
217
41
156
144
105
212
123
233
197
40
99
180
191
48
1
124
124
149
53
167
68
48
103
108
187
36
207
8
240
29
24
93
46
242
67
248
106
150
104
250
5
6
100
33
136
184
166
208
41
191
130
79
192
53
235
129
139
105
139
105
248
97
90
248
65
124
28
162
108
6
43
23
221
66
209
40
17
171
45
40
252
52
58
182
85
225
126
177
56
89
40
52
209
221
137
44
62
204
135
165
194
211
101
122
77
35
215
253
240
243
229
254
1
208
200
53
64
213
131
105
139
76
185
110
107
9
230
179
74
109
26
164
125
4
42
143
125
83
189
155
21
244
93
21
53
32
155
54
109
141
95
178
28
60
111
245
211
250
148
76
197
204
11
199
72
103
133
86
122
249
251
255
54
255
221
174
223
255
125
248
255
250
255
254
255
215
58
123
174
125
230
127
189
223
247
255
111
251
247
255
151
254
181
127
255
253
250
127
122
255
231
109
191
20
245
111
223
170
187
199
252
21
188
125
117
247
251
251
251
255
249
255
141
9
125
244
41
59
117
122
57
84
206
71
222
125
232
161
129
125
245
105
244
124
8
242
99
126
17
242
252
71
95
245
154
82
209
96
53
219
248
25
125
181
250
55
229
35
246
107
169
243
169
126
217
95
203
12
63
95
255
175
195
191
197
218
141
205
93
96
56
59
117
122
57
84
206
71
206
125
204
33
131
109
181
33
244
108
8
242
99
126
17
210
252
71
75
69
158
82
209
96
53
202
248
57
125
181
186
55
229
3
246
107
161
243
41
126
217
71
74
12
63
140
191
175
194
191
197
222
39
6
100
162
157
180
39
81
36
95
42
96
136
11
192
37
194
228
5
97
233
32
57
120
68
136
32
3
18
28
41
17
112
36
222
186
81
58
1
196
196
64
24
142
194
66
66
85
8
45
16
0
96
28
143
73
16
114
19
148
72
22
32
56
136
11
231
160
20
53
161
215
165
222
226
67
67
137
178
79
138
92
39
107
0
134
228
115
78
155
23
32
210
4
50
217
84
38
252
250
80
124
33
133
244
96
58
31
202
4
80
204
88
188
56
149
82
30
140
72
144
48
33
31
76
21
4
186
126
46
186
167
235
147
158
141
74
123
187
112
176
86
169
244
240
147
8
146
205
53
31
89
214
192
232
111
130
253
189
119
103
164
84
187
122
114
161
246
226
93
68
12
212
6
145
95
157
174
24
5
242
29
221
97
16
114
179
188
88
94
48
248
137
222
78
111
237
248
254
144
121
185
236
235
174
125
70
169
173
171
191
243
229
111
63
252
227
127
127
246
253
71
227
246
223
249
203
117
127
129
248
41
127
126
58
191
213
113
255
115
184
219
12
99
253
231
216
237
63
215
183
167
182
243
132
78
248
201
183
221
232
205
249
245
222
189
207
207
211
228
123
174
255
208
127
103
94
143
167
188
95
127
183
42
195
135
50
190
243
39
101
255
82
119
233
252
83
92
16
62
205
54
173
180
137
140
94
37
240
31
156
73
144
240
49
189
92
71
34
250
136
11
231
240
52
53
161
247
165
222
98
67
67
152
179
79
138
220
231
107
48
142
228
179
74
59
23
162
212
4
48
219
124
38
118
186
81
124
33
132
252
96
58
31
202
37
83
204
88
173
124
149
82
30
157
72
128
240
33
157
76
23
0
250
246
236
239
139
200
78
211
167
255
229
62
254
31
247
223
252
219
3
248
38
93
193
254
36
255
197
28
39
175
155
90
254
165
207
71
215
190
147
255
190
243
29
128
240
29
26
125
160
255
44
207
249
157
71
32
255
124
252
104
104
218
212
122
252
3
199
0
11
201
66
134
129
34
0
42
103
160
71
105
49
237
35
33
150
69
36
17
66
192
85
121
109
130
14
131
82
150
32
67
176
121
8
233
100
96
28
56
41
85
84
182
111
153
172
24
5
176
5
88
201
18
243
22
181
24
115
32
74
194
209
152
26
7
3
30
7
67
162
41
168
50
130
38
91
237
146
32
215
11
177
103
3
192
67
227
109
19
44
180
32
250
12
148
175
10
108
35
240
50
74
52
41
151
92
149
78
153
174
24
5
96
24
84
75
144
179
49
189
29
82
98
235
70
33
152
22
67
130
30
7
66
34
1
38
176
230
166
82
109
3
32
148
193
37
67
67
192
84
240
77
2
168
128
96
87
36
5
178
10
72
75
84
48
200
60
43
197
20
165
111
145
164
24
4
160
24
28
73
24
115
51
185
24
19
32
234
154
249
121
220
38
95
92
3
223
3
191
220
95
244
124
250
253
210
102
241
7
178
161
23
237
223
247
107
67
190
254
248
210
44
71
254
74
114
233
244
250
220
48
47
212
118
180
110
153
173
22
5
232
29
151
89
144
242
51
189
120
87
32
186
126
46
242
135
235
139
134
9
46
113
186
113
190
126
168
116
244
179
9
178
205
5
155
121
214
202
232
111
162
220
221
103
55
165
70
186
82
114
165
222
68
85
76
14
196
6
205
79
157
172
24
5
242
29
157
73
16
114
179
180
88
86
32
120
227
222
206
31
239
22
155
128
126
63
53
202
190
251
111
29
230
243
61
246
76
135
147
116
66
234
188
47
211
24
241
115
247
44
86
191
91
122
161
252
210
94
24
14
209
82
193
77
153
172
24
5
240
29
157
73
16
242
51
188
88
86
34
249
5
6
102
41
153
224
165
92
161
186
138
37
64
13
137
37
203
108
131
2
224
2
28
121
68
172
8
132
28
4
41
87
125
194
221
32
48
178
45
38
45
36
74
134
68
225
66
195
56
124
124
52
183
28
204
0
134
8
143
132
130
199
37
116
70
160
155
43
201
130
158
13
210
34
173
44
240
70
175
120
225
131
2
146
201
37
75
77
198
192
232
111
3
41
129
98
183
172
69
190
122
48
233
118
34
94
0
40
212
84
149
79
153
174
24
7
176
25
92
73
16
242
187
188
56
86
114
192
212
40
183
1
216
73
131
252
219
161
150
23
209
132
219
226
235
84
210
2
76
129
238
128
79
160
188
10
128
143
27
62
125
37
69
250
22
243
205
212
208
85
4
22
64
54
169
101
155
44
91
37
144
31
157
75
64
112
41
56
76
4
34
252
195
198
142
89
236
242
14
144
40
127
32
138
138
201
6
9
13
109
61
246
202
197
26
120
66
87
187
38
145
3
35
23
211
163
153
97
91
109
110
98
112
106
40
189
215
24
253
177
24
200
24
5
197
248
156
171
81
236
49
23
84
81
16
178
227
222
68
155
255
59
15
152
126
123
58
59
172
255
110
77
226
213
61
116
76
167
129
116
66
220
185
47
218
8
49
57
210
37
84
187
82
114
165
116
246
94
24
31
213
158
212
77
153
173
24
5
240
29
159
73
16
246
51
189
88
87
34
249
195
72
130
17
206
194
6
146
40
43
24
79
138
197
38
41
205
125
61
183
78
141
42
41
66
95
187
38
144
3
50
23
211
171
81
97
91
101
110
98
112
108
40
43
221
92
253
177
92
204
24
5
213
255
156
235
89
188
49
61
92
85
16
234
251
156
239
231
255
245
219
152
254
255
215
126
191
78
178
85
250
245
63
119
238
119
211
124
46
254
250
63
222
123
119
191
87
237
159
219
210
125
249
87
81
221
127
46
193
12
253
63
157
188
24
5
250
189
156
105
24
182
51
191
221
31
48
250
1
47
149
146
72
222
35
115
96
68
6
4
128
119
216
33
194
101
129
100
212
101
88
195
75
116
0
4
32
10
3
65
151
6
209
162
1
138
237
0
228
52
24
167
85
16
117
239
146
44
169
24
241
29
24
9
40
106
19
165
72
211
109
218
8
9
165
148
2
77
116
119
21
64
222
69
83
244
124
162
139
16
71
65
214
44
224
211
89
126
132
0
64
134
26
72
206
38
97
186
66
106
201
28
81
245
20
39
204
52
165
110
137
36
89
4
240
29
156
8
17
226
51
185
72
7
32
250
61
167
109
108
51
189
125
108
241
148
223
180
124
61
141
198
139
184
3
121
181
114
209
247
125
44
132
153
111
60
125
233
222
92
101
158
198
58
153
61
60
223
185
167
54
243
55
110
187
162
57
15
160
29
255
4
56
227
123
253
251
207
42
210
124
32
187
137
2
87
178
247
213
186
214
149
81
144
155
226
219
216
227
11
208
145
238
149
157
73
188
132
65
205
55
234
237
0
39
184
30
248
105
116
120
85
117
38
87
180
1
108
187
172
175
129
242
29
28
88
198
242
43
249
91
23
96
246
5
6
86
41
153
224
164
92
32
186
138
37
64
13
137
1
203
108
131
66
224
66
12
121
68
140
8
132
28
4
41
87
125
194
221
40
49
162
45
6
45
36
10
162
68
193
66
195
56
124
120
48
183
20
204
8
142
8
135
132
128
71
37
116
252
40
247
213
50
77
241
255
221
253
222
183
87
182
219
234
251
156
251
107
125
153
230
146
217
127
180
211
233
207
62
255
237
1
101
250
148
243
217
124
216
21
245
54
237
38
109
236
191
172
239
251
210
31
28
93
196
248
75
249
95
15
33
254
86
2
212
133
203
138
134
77
46
97
186
119
190
119
162
116
246
147
1
240
193
5
139
97
86
202
232
111
186
140
137
103
63
37
84
186
82
112
173
214
69
85
8
15
201
14
253
79
153
164
24
5
242
28
156
73
24
118
51
188
72
22
32
88
60
34
245
136
18
127
163
253
197
70
90
52
81
38
187
228
219
84
67
100
112
83
214
148
221
229
60
137
131
218
127
136
69
4
199
190
148
114
201
92
44
85
84
38
84
182
164
108
158
44
157
9
178
29
20
81
136
226
11
184
75
207
104
242
44
38
245
168
26
85
161
109
165
70
202
52
85
46
187
228
219
92
195
96
240
83
214
52
92
237
60
9
161
218
63
201
69
4
71
186
144
114
73
92
44
85
84
166
69
164
228
108
155
44
220
12
178
29
148
89
136
226
43
172
75
207
40
242
222
73
90
253
51
105
124
237
29
234
217
158
17
172
255
254
235
220
1
107
14
186
228
58
13
143
178
9
211
239
62
185
112
36
53
251
66
119
193
246
146
203
245
62
246
22
193
60
141
172
86
5
106
31
149
73
144
242
57
249
93
14
34
179
92
40
159
129
2
83
178
255
215
186
214
149
81
144
155
226
251
212
227
43
192
145
238
145
141
137
188
132
65
205
55
234
253
0
117
184
22
250
233
116
240
85
117
38
23
164
65
108
155
172
175
129
242
29
28
88
68
242
43
249
89
23
96
254
220
42
215
145
216
75
162
253
221
177
214
55
81
180
219
226
251
84
219
38
92
129
238
128
75
40
156
130
129
206
27
158
253
35
101
250
20
242
205
212
208
21
213
22
73
38
105
224
159
44
207
161
211
95
21
91
196
120
1
120
76
6
34
253
149
174
247
5
32
207
177
255
219
245
222
213
210
52
203
234
235
197
162
43
212
5
238
193
253
253
157
102
44
79
19
111
221
32
113
184
20
250
233
124
113
29
41
39
181
52
117
109
155
172
41
5
240
29
156
73
4
242
50
233
89
87
32
254
193
13
130
85
201
74
66
199
25
161
6
207
146
229
66
170
173
25
188
7
78
143
238
43
75
223
155
102
145
3
2
86
211
51
97
113
16
207
238
230
81
60
40
119
201
28
253
177
205
128
88
181
213
127
156
203
81
252
49
61
84
117
17
250
101
46
197
151
253
158
7
57
252
125
30
55
171
255
216
69
226
213
29
102
205
167
131
119
74
222
188
47
210
10
51
107
211
37
85
187
82
114
237
116
208
92
24
14
213
14
229
79
153
172
24
5
240
29
157
73
16
242
51
189
88
87
32
248
163
222
70
99
253
190
135
152
60
93
62
107
174
123
76
173
227
245
45
251
228
103
155
121
103
255
57
55
254
27
99
119
215
103
92
186
83
120
253
180
119
94
58
191
213
3
252
71
137
189
24
5
240
29
143
73
16
246
51
189
216
87
36
248
4
46
245
136
136
205
165
103
201
84
74
21
81
52
219
224
235
72
195
96
208
1
78
145
223
252
28
192
160
142
27
200
197
0
69
186
20
178
137
12
61
21
16
166
69
166
164
108
153
36
205
8
178
29
28
73
4
66
11
168
74
71
96
242
62
161
211
254
50
65
85
110
199
4
253
176
127
246
150
122
251
148
98
123
131
56
229
39
206
139
192
25
35
168
92
233
149
38
55
154
78
112
83
124
38
219
181
99
156
20
245
238
83
164
207
194
114
24
54
93
40
242
3
217
89
76
38
219
154
217
57
152
38
93
92
71
223
42
191
204
95
164
124
250
253
214
102
241
132
178
97
23
205
151
229
75
67
190
190
232
208
44
71
190
74
114
233
240
242
222
48
45
214
118
180
110
145
172
158
0
232
29
151
89
144
242
51
189
120
86
34
187
7
247
16
38
93
202
134
10
98
0
170
103
160
71
233
49
237
35
37
150
197
36
17
67
198
223
121
109
2
46
130
80
158
44
83
182
57
8
233
100
97
28
56
225
213
81
182
111
136
174
8
5
240
5
72
65
18
179
23
181
24
115
180
74
42
13
161
148
2
77
13
103
133
68
27
20
91
172
48
102
187
84
99
97
146
30
240
35
95
143
132
8
82
222
60
201
68
36
55
154
194
124
73
92
48
225
52
47
206
4
101
238
17
164
216
140
226
28
150
24
144
114
99
185
75
29
40
250
137
222
70
111
253
248
254
152
120
57
236
235
174
125
70
169
173
171
191
147
245
111
59
252
227
127
91
182
253
87
227
246
223
235
203
117
127
145
252
45
127
126
122
191
221
113
191
115
168
223
8
99
221
231
218
229
63
151
183
167
182
243
132
78
13
142
230
41
153
225
163
220
185
216
134
109
128
29
171
165
139
61
163
2
244
7
94
113
101
125
24
164
60
70
11
7
157
66
251
160
53
152
237
44
109
53
58
166
101
241
127
227
56
156
168
61
211
197
216
32
62
138
134
165
130
207
37
90
195
12
130
55
203
194
134
143
41
161
6
79
146
230
34
9
141
43
56
151
202
143
126
73
82
202
88
102
128
177
10
70
143
187
66
33
123
4
110
10
65
48
64
104
201
93
189
163
93
202
24
21
213
66
88
227
19
88
182
53
0
117
144
74
71
83
145
154
0
138
12
70
3
34
41
136
130
194
164
27
207
71
32
65
138
45
66
11
196
215
163
111
19
40
129
65
147
150
212
139
0
236
98
67
32
106
32
97
183
28
117
63
80
160
48
116
38
24
116
34
17
186
19
183
24
113
241
98
241
205
190
223
41
68
241
231
31
253
126
223
30
253
91
174
47
146
184
43
30
175
238
43
123
239
147
50
253
195
82
127
183
243
49
113
182
199
254
190
115
61
233
246
175
26
121
178
207
200
127
253
221
206
180
238
249
252
232
107
215
37
147
254
94
46
147
39
251
145
142
141
202
187
187
122
242
86
171
112
224
147
10
146
205
55
79
93
214
194
232
111
2
105
189
118
167
172
68
190
122
122
161
246
194
93
64
12
208
70
153
31
157
174
24
5
246
29
157
97
16
242
179
188
88
86
32
120
56
37
109
188
48
236
61
111
197
198
213
180
105
45
157
70
155
4
67
105
178
98
208
183
93
168
132
157
67
156
105
232
197
44
39
190
194
56
129
92
56
202
177
175
54
241
37
110
59
160
187
10
96
28
182
20
168
226
123
217
123
199
42
242
87
37
144
54
67
130
30
11
66
10
9
38
176
230
163
82
239
3
32
214
195
37
67
67
196
214
242
109
2
40
160
96
23
36
5
191
58
104
107
116
96
72
60
105
213
92
181
111
153
174
24
7
240
24
28
73
16
243
51
185
24
87
48
234
71
54
155
39
255
144
158
12
202
35
171
102
240
70
171
113
224
131
2
146
205
39
75
77
198
192
236
111
2
41
137
102
55
172
69
190
122
58
169
214
64
92
72
8
213
86
145
31
153
174
24
5
244
29
221
97
16
114
179
188
120
86
32
120
5
38
229
32
221
114
33
94
160
60
130
53
96
95
139
165
234
236
139
0
241
3
30
61
70
168
12
129
156
12
41
70
125
160
87
176
117
178
5
4
205
84
26
150
76
227
130
193
56
116
92
0
150
30
158
1
166
96
135
132
202
70
36
80
22
54
144
3
201
200
134
13
74
33
130
119
160
70
139
16
239
3
160
144
193
5
11
72
198
213
120
107
130
43
131
70
15
164
73
22
52
128
233
70
97
20
68
33
69
5
189
33
144
246
9
36
182
5
88
107
6
18
150
33
0
79
48
78
163
222
70
227
253
186
135
24
60
93
190
107
174
123
68
13
225
245
61
255
228
71
155
113
103
255
57
55
254
19
99
119
223
109
92
186
83
56
253
180
117
94
58
191
213
3
246
71
152
189
24
1
240
61
143
77
48
246
51
189
88
87
36
250
199
202
130
21
205
192
140
130
41
187
40
207
130
197
98
43
141
105
61
163
76
141
46
105
66
95
187
98
145
3
34
22
83
179
91
97
115
237
238
162
96
44
40
59
223
92
253
177
72
200
24
53
213
254
140
234
147
216
177
53
84
85
16
170
227
206
142
91
239
22
147
128
126
191
52
139
174
249
47
29
230
247
41
246
204
167
151
116
66
138
188
46
211
16
51
115
247
44
84
186
91
114
225
116
242
94
24
30
209
82
193
77
153
172
24
5
240
29
157
73
16
242
51
189
88
86
34
249
58
161
233
190
54
71
93
111
197
134
213
176
121
36
148
90
187
84
66
105
130
58
224
39
93
137
166
29
67
184
60
232
213
44
39
158
74
120
65
116
58
235
181
107
150
52
37
110
19
164
255
2
98
24
54
28
136
226
43
217
121
71
34
243
179
182
85
2
253
184
15
25
226
59
32
107
173
91
4
21
118
231
46
48
192
103
27
124
226
212
125
63
190
57
193
110
215
236
158
23
104
152
41
103
109
202
42
141
209
96
252
17
48
214
24
32
228
160
222
171
12
54
150
143
242
215
44
126
37
38
231
32
249
246
161
94
176
60
130
53
97
95
139
165
203
236
139
32
241
3
30
189
70
168
12
135
188
76
41
199
125
160
87
176
117
178
45
44
109
84
10
150
76
225
130
193
56
117
92
24
182
28
142
1
166
96
135
132
202
70
36
84
60
50
117
136
218
119
35
125
197
70
74
20
81
30
187
228
219
212
67
100
80
19
214
180
92
236
188
9
146
218
63
137
69
4
215
186
208
114
73
68
36
85
84
166
69
164
228
108
158
44
157
8
178
29
148
89
0
98
11
188
74
79
44
240
199
206
134
89
237
208
140
144
40
251
40
203
138
237
38
41
13
237
61
187
72
197
62
120
66
87
187
98
157
3
34
23
211
179
157
97
91
237
126
34
118
106
42
63
223
24
253
177
88
201
28
53
197
234
140
234
147
212
177
21
212
81
16
178
37
38
101
128
216
253
163
116
172
124
74
21
65
61
217
229
203
236
203
32
241
2
156
184
94
169
12
131
188
204
57
223
117
224
95
56
116
178
45
14
173
20
74
150
68
226
64
193
184
125
220
8
182
29
143
9
166
64
131
132
202
71
36
116
44
34
100
136
216
125
163
244
164
124
10
53
25
63
251
229
203
252
195
32
241
2
156
56
94
168
12
1
188
206
59
207
117
224
87
178
116
242
45
44
165
85
74
22
68
166
224
65
184
109
220
8
150
29
143
9
166
96
3
132
202
79
36
116
82
241
154
26
103
83
26
15
67
162
49
168
50
194
39
91
237
146
32
215
11
179
103
7
192
67
234
109
3
40
180
32
253
44
132
175
74
116
97
240
50
74
52
13
211
92
129
110
153
174
26
5
96
24
212
75
144
243
49
157
28
82
98
243
86
48
145
5
223
138
134
9
202
33
186
103
230
68
34
113
228
135
3
208
201
7
10
77
198
202
232
111
146
12
169
102
127
172
68
190
90
42
169
214
64
84
12
11
192
86
181
79
152
172
24
5
240
29
28
73
16
50
179
184
24
22
32
104
214
58
214
133
219
136
134
73
42
49
186
115
254
243
160
112
244
147
37
241
205
5
171
121
214
202
232
127
170
141
129
102
127
165
68
190
90
122
161
214
213
84
8
15
200
6
221
71
153
172
24
5
240
29
157
73
24
114
179
188
88
22
32
248
92
59
151
253
48
115
236
243
81
184
194
151
64
213
217
10
173
205
235
46
196
45
68
211
201
93
151
244
108
70
42
222
218
19
241
32
125
188
248
33
109
60
179
119
111
165
127
235
42
219
237
243
147
254
58
76
71
207
95
199
99
103
197
86
8
34
49
128
200
77
162
101
65
68
74
21
81
36
187
224
235
68
193
96
64
1
70
128
220
204
12
136
128
142
59
73
85
36
85
186
16
98
137
68
17
84
20
38
68
134
228
108
153
36
72
4
178
29
28
73
4
98
11
168
72
7
32
240
134
233
67
160
16
72
229
203
157
137
46
117
3
103
216
224
235
68
39
99
69
42
172
50
111
223
7
3
211
138
42
24
240
38
93
250
82
50
201
180
211
116
56
174
76
22
116
228
137
45
86
0
216
31
133
73
144
240
35
188
76
86
32
184
10
1
135
144
6
69
8
119
165
6
17
196
91
164
52
107
139
84
39
97
2
22
224
35
78
158
132
8
83
70
62
72
84
36
53
154
66
108
73
84
80
201
28
47
222
20
101
238
25
36
16
4
226
24
148
8
152
242
51
157
73
93
2
250
109
237
231
92
192
207
99
103
185
69
198
157
218
249
252
206
138
57
251
100
127
207
50
183
95
123
29
180
105
158
26
9
138
99
97
250
128
19
221
60
189
189
56
135
105
122
127
166
173
164
227
252
217
95
131
14
120
236
107
173
74
71
47
219
44
38
117
136
202
71
163
109
229
68
74
21
81
36
187
228
251
84
193
100
80
17
214
176
92
204
60
9
130
218
63
201
69
4
87
186
16
114
9
76
36
85
20
38
69
132
228
108
153
44
216
12
178
29
148
89
8
98
11
188
74
15
40
240
109
237
239
121
210
207
247
71
233
68
207
188
81
236
255
236
139
57
59
102
63
95
94
37
127
253
30
189
231
191
94
141
133
207
111
223
128
183
223
30
61
185
252
225
63
250
61
178
85
36
231
252
139
119
36
166
248
204
104
105
239
173
59
242
136
203
167
192
32
117
164
247
37
222
96
193
83
176
51
139
139
220
231
107
16
4
228
179
74
43
21
0
85
132
48
219
252
6
50
184
80
116
33
160
114
106
56
55
218
164
80
236
25
169
126
21
80
28
132
72
144
224
35
156
72
87
0
251
34
194
76
138
63
93
135
181
54
124
60
153
61
63
255
228
203
212
193
32
209
114
141
48
121
133
25
1
191
219
19
107
181
96
83
176
118
82
169
52
118
31
106
55
84
150
244
104
187
172
159
13
176
29
155
89
54
224
46
60
90
95
38
217
131
14
68
163
255
186
134
25
44
81
170
99
170
125
104
37
225
253
45
240
196
39
155
113
71
222
25
39
190
22
35
83
159
36
83
186
83
122
237
100
100
84
58
175
197
71
246
103
152
173
24
5
242
29
157
73
16
242
55
181
72
87
36
88
179
210
84
39
253
180
143
24
230
63
112
123
173
75
20
21
126
231
228
176
241
103
155
124
194
247
125
63
190
57
225
207
223
236
222
53
253
152
56
99
109
78
43
173
213
113
252
81
178
214
152
1
228
160
222
249
46
183
150
135
178
211
44
126
0
5
129
144
0
78
0
71
1
66
8
68
18
164
20
34
137
24
5
65
128
0
224
3
92
159
132
0
64
130
56
72
64
38
33
184
2
104
73
200
80
224
48
43
198
20
37
238
25
32
90
4
224
28
148
8
145
242
35
189
72
22
0
250
24
251
147
252
32
123
232
243
89
152
82
135
64
208
95
170
189
203
235
138
87
44
65
211
201
95
215
240
12
230
174
210
206
26
227
36
253
158
250
33
237
61
179
119
127
167
183
111
170
219
173
211
246
79
123
92
71
195
87
231
115
99
197
70
0
0
17
134
200
79
34
101
65
68
75
5
81
36
155
160
231
68
1
100
64
33
198
128
92
136
140
12
130
130
59
9
117
36
81
186
16
98
137
68
144
84
20
6
100
6
224
108
153
44
25
5
176
29
28
73
0
98
59
184
72
6
34
240
10
1
129
144
2
71
12
71
161
6
41
132
19
164
52
98
137
84
33
97
130
16
224
35
76
143
132
8
81
0
60
72
84
36
53
186
66
108
65
192
48
225
60
43
198
20
101
238
25
160
90
4
226
24
148
8
144
242
35
189
73
86
32
250
41
5
45
136
3
141
63
105
149
206
213
148
81
44
29
70
138
60
67
104
176
50
208
247
93
184
132
4
64
148
125
201
206
44
37
186
134
42
0
120
56
202
53
175
22
176
37
110
27
32
185
8
32
28
190
20
32
226
123
249
107
199
42
242
86
33
146
54
67
130
158
11
66
128
137
50
178
198
163
90
239
3
32
214
131
5
67
71
198
222
249
109
2
40
160
96
151
45
5
159
58
104
105
84
32
72
60
105
213
93
181
111
217
174
24
5
240
16
124
73
24
178
51
185
24
87
48
74
66
193
138
59
99
82
26
143
199
162
133
172
48
146
39
91
238
147
50
214
9
147
87
7
70
193
248
13
83
168
138
34
165
44
7
190
82
112
1
116
50
74
48
8
213
92
129
108
153
174
24
5
240
24
212
75
16
242
51
156
88
86
50
251
104
2
53
130
202
79
35
125
69
68
10
4
81
36
187
228
251
84
65
100
80
49
150
128
92
204
136
12
130
194
63
137
68
36
83
186
16
98
201
68
36
85
20
6
69
132
228
108
152
44
152
13
178
29
28
73
8
98
11
184
72
7
32
240
50
1
45
168
4
174
63
125
197
198
209
148
73
37
28
6
154
68
67
105
144
34
208
167
93
152
164
140
82
144
57
200
197
44
39
186
138
40
1
84
56
202
53
171
22
180
37
110
19
32
184
8
32
24
62
28
8
162
123
217
91
71
42
242
7
251
16
38
93
202
6
10
66
1
171
98
162
71
196
57
227
163
37
213
199
47
1
71
199
223
105
111
2
46
130
64
158
45
69
158
9
24
233
228
105
92
56
225
213
91
182
111
136
166
0
0
240
21
88
65
16
179
151
181
24
119
180
72
169
222
102
111
253
248
230
144
121
25
236
235
238
125
108
169
253
171
255
155
245
110
59
252
227
127
87
246
253
87
227
246
223
251
235
116
255
153
252
45
127
62
122
191
221
115
191
115
168
211
136
107
252
231
202
229
55
213
215
167
178
251
133
78
99
20
160
26
85
2
7
15
199
98
169
160
32
138
166
31
235
39
34
212
129
131
83
7
86
193
232
45
19
56
192
65
141
44
150
190
0
32
33
100
34
74
52
169
213
88
149
76
16
174
24
9
112
24
84
65
16
178
19
180
24
214
44
74
33
22
69
130
60
148
1
80
98
127
34
64
128
91
240
5
194
228
5
33
192
96
25
123
68
146
161
3
22
8
33
81
114
4
214
186
80
120
33
196
196
66
26
143
192
64
192
79
16
45
16
0
98
25
143
73
0
114
19
148
72
86
32
57
120
18
53
136
218
239
35
125
205
68
202
20
113
28
187
228
251
212
67
100
88
49
150
176
92
236
136
12
146
218
63
137
76
36
87
186
208
114
205
68
36
85
20
6
69
134
228
108
156
44
221
13
178
29
148
89
0
98
11
188
74
78
44
112
59
220
92
79
191
217
219
8
123
249
63
253
188
62
109
244
247
178
28
155
197
120
189
124
241
150
227
95
127
123
221
127
185
236
61
84
255
211
250
255
211
223
207
124
182
151
216
63
133
223
87
15
188
133
239
239
178
247
254
124
179
174
186
149
218
219
222
255
247
123
91
158
127
177
213
254
191
250
110
251
255
215
61
255
15
221
231
51
175
219
248
127
255
107
246
169
151
101
244
251
67
127
253
247
210
223
251
127
217
159
253
174
221
167
223
133
250
255
183
239
80
254
57
159
89
93
54
219
72
2
5
134
202
207
35
125
69
64
91
4
17
84
25
32
231
85
65
100
72
33
130
176
72
200
136
12
146
130
59
9
116
37
81
186
80
98
200
68
20
85
16
6
69
142
228
108
152
44
25
5
242
29
156
73
0
98
51
184
72
6
32
248
64
1
1
134
200
195
34
125
5
64
91
4
1
68
25
32
166
85
1
100
64
33
130
64
72
136
136
12
146
2
27
9
116
36
81
186
16
98
200
64
144
84
17
6
228
6
224
108
153
44
25
5
240
29
156
73
0
98
51
184
72
6
34
248
8
1
9
144
2
197
36
103
5
194
11
128
17
36
48
134
137
88
65
97
128
32
228
35
89
137
132
4
65
128
57
72
84
36
51
168
2
104
0
0
48
224
52
47
6
20
101
110
25
168
122
4
96
28
148
8
145
226
35
185
73
22
32
242
0
5
128
144
0
70
4
71
1
194
9
132
16
36
20
34
141
24
1
65
128
32
228
3
88
137
132
4
1
128
56
72
68
36
33
168
2
96
0
136
16
32
48
43
22
20
37
110
25
32
90
4
224
24
148
8
145
226
35
188
64
86
0
250
44
237
239
253
50
127
245
255
253
212
254
253
127
190
255
238
139
221
251
111
183
95
244
247
127
255
151
183
127
223
62
254
247
111
103
250
214
127
249
60
251
255
249
54
255
247
119
234
253
173
255
157
249
29
189
76
112
254
123
237
123
95
43
250
