posters/Movie Poster 92.jpg
512
768
356
-26.0033
-1
0
298
634
0.000231379
31
-2.09952
-1
0
265
588
0.000412967
31
-4.66055
-1
0
295
634
0.000207854
31
-73.1897
-1
0
166
370
0.000332083
31
38.9334
-1
0
389
654
0.000252277
31
69.1648
-1
0
380
556
0.000428809
31
145.768
-1
0
323
595
0.000291628
31
-97.3714
-1
0
240
337
0.000309907
31
71.7775
-1
0
376
559
0.000543423
31
-68.6907
-1
0
167
382
0.00116592
31
4.96974
-1
0
384
620
0.000220451
31
-158.499
-1
0
378
597
0.000220508
31
-128.946
-1
0
208
372
0.000200945
31
-70.1885
-1
0
169
373
0.00122458
31
-84.0331
-1
0
159
375
0.00288151
31
-129.623
-1
0
207
375
0.000344055
31
-74.6115
-1
0
162
376
0.00289293
31
-67.7581
-1
0
171
376
0.00124707
31
-63.1219
-1
0
170
382
0.00258695
31
-153.686
-1
0
322
101
0.00298807
31
-155.606
-1
0
319
103
0.00469291
31
-156.075
-1
0
322
103
0.00363905
31
-156.832
-1
0
316
104
0.0018856
31
48.8785
-1
0
216
390
0.000355429
31
-155.501
-1
0
317
106
0.00320871
31
-71.2587
-1
0
174
393
0.00179778
31
-76.6711
-1
0
178
394
0.000937032
31
-159.608
-1
0
320
108
0.00424799
31
-131.424
-1
0
220
363
0.000368532
31
-166.88
-1
0
323
109
0.00484301
31
41.6335
-1
0
387
657
0.000394607
31
48.0977
-1
0
383
656
0.000406613
31
-163.055
-1
0
320
110
0.0028903
31
-90
-1
0
154
395
0.00321719
31
51.0349
-1
0
245
654
0.000431371
31
45.1186
-1
0
376
653
0.000297372
31
69.2681
-1
0
247
649
0.00161611
31
90.2894
-1
0
409
648
0.000190132
31
179.73
-1
0
323
113
0.000592712
31
74.8632
-1
0
248
647
0.00192467
31
-17.1027
-1
0
388
113
0.000377729
31
-171.641
-1
0
311
114
0.000416654
31
97.2036
-1
0
413
640
0.000294668
31
-96.5967
-1
0
156
396
0.00612662
31
149.604
-1
0
336
115
0.000419953
31
-76.923
-1
0
172
396
0.00195695
31
92.07
-1
0
411
642
0.000312338
31
-77.037
-1
0
174
397
0.00141182
31
-91.1458
-1
0
168
398
0.000321833
31
-143.318
-1
0
129
399
0.000590779
31
140.667
-1
0
326
119
0.000328277
31
140.464
-1
0
331
119
0.000408016
31
44.49
-1
0
278
638
0.000554705
31
47.5887
-1
0
275
637
0.000309301
31
106.641
-1
0
414
634
0.000260421
31
148.745
-1
0
320
120
0.000345452
31
38.5119
-1
0
278
634
0.00109874
31
111.535
-1
0
409
633
0.000253315
31
150.433
-1
0
315
123
0.000774038
31
132.217
-1
0
324
123
0.000565382
31
-104.912
-1
0
162
399
0.000568108
31
63.4349
-1
0
401
123
0.000220591
31
-134.253
-1
0
228
349
0.000565623
31
132.591
-1
0
320
125
0.000444203
31
115.189
-1
0
409
631
0.000215718
31
-136.504
-1
0
128
402
0.00246928
31
22.6762
-1
0
282
630
0.000415523
31
-120.414
-1
0
122
405
0.000262382
31
-18.9967
-1
0
396
127
0.000196496
31
-37.6761
-1
0
252
344
0.000422655
31
-122.932
-1
0
231
344
0.00155985
31
-40.899
-1
0
302
625
0.000191541
31
-84.8056
-1
0
242
343
0.000870305
31
9.97604
-1
0
285
621
0.00214992
31
-107.266
-1
0
236
343
0.000805905
31
-46.149
-1
0
251
342
0.000307982
31
12.45
-1
0
386
617
0.000256426
31
-125.426
-1
0
334
616
0.00037029
31
9.693
-1
0
286
615
0.000478202
31
9.28693
-1
0
288
614
0.000769147
31
-102.017
-1
0
108
409
0.000671443
31
-106.998
-1
0
116
409
0.000309782
31
-7.07034
-1
0
380
612
0.00023688
31
-134.288
-1
0
336
612
0.000262672
31
129.19
-1
0
399
608
0.000252133
31
-100.452
-1
0
106
410
0.000540037
31
-109.261
-1
0
119
410
0.000228753
31
-0.971022
-1
0
190
412
0.00112122
31
-41.6655
-1
0
275
600
0.00441557
31
-81.0505
-1
0
246
333
0.000193212
31
-172.763
-1
0
322
599
0.000229708
31
-18.1038
-1
0
300
597
0.00618745
31
-91.7698
-1
0
101
417
0.00108736
31
-22.8016
-1
0
269
595
0.00545083
31
163.191
-1
0
349
163
0.000233238
31
139.853
-1
0
325
593
0.000236184
31
165.608
-1
0
349
165
0.000295903
31
-6.57457
-1
0
270
590
0.00206597
31
-55.008
-1
0
342
588
0.000842475
31
15.892
-1
0
264
582
0.00118082
31
-0.64015
-1
0
195
428
0.000401051
31
95.5948
-1
0
319
578
0.000730713
31
-118.956
-1
0
387
573
0.000385267
31
35.6764
-1
0
338
572
0.00054441
31
12.9465
-1
0
276
570
0.00109785
31
11.474
-1
0
274
569
0.00066719
31
-115.079
-1
0
399
566
0.000556258
31
22.6981
-1
0
179
436
0.00155546
31
7.40488
-1
0
193
437
0.000258761
31
4.27794
-1
0
185
441
0.000665081
31
-15.2551
-1
0
180
446
0.000538236
31
104.931
-1
0
365
182
0.000503237
31
17.8093
-1
0
297
557
0.000451725
31
135.807
-1
0
202
557
0.000193524
31
13.1981
-1
0
294
555
0.000287261
31
-28.2235
-1
0
195
452
0.000400893
31
3.21221
-1
0
191
457
0.000195526
31
14.7716
-1
0
188
458
0.000206391
31
66.3072
-1
0
388
553
0.000487153
31
63.9622
-1
0
161
481
0.000484893
31
-31.9236
-1
0
240
481
0.00055833
31
39.2894
-1
0
158
482
0.000233348
31
64.2171
-1
0
393
550
0.000297173
31
56.8887
-1
0
340
550
0.000226205
31
54.3602
-1
0
164
487
0.00247768
31
36.5411
-1
0
161
488
0.00220553
31
85.5526
-1
0
98
494
0.000370267
31
90.2247
-1
0
100
495
0.000248028
31
14.0362
-1
0
405
244
0.000313164
31
-16.9321
-1
0
264
524
0.00969168
31
-8.88066
-1
0
263
520
0.00133119
31
-4.60889
-1
0
264
517
0.000976486
31
-7.33112
-1
0
267
512
0.0010347
31
20.3862
-1
0
390
627
0.000181076
31
62.1759
-1
0
393
262
0.000185073
31
-5.68165
-1
0
191
416
0.000186907
31
80.2996
-1
0
143
511
0.000180805
31
14.5345
-1
0
389
625
0.000179876
31
-63.6157
-1
0
111
430
0.000175301
31
43.4657
-1
0
395
634
0.000173335
31
-136.005
-1
1
130.8
399.6
0.00117328
37.2
118.037
-1
1
366
178.8
0.000240041
37.2
-24.1103
-1
1
271.2
530.4
0.000249964
37.2
70.887
-1
1
247.2
645.6
0.00115202
37.2
40.2921
-1
1
277.2
637.2
0.000393267
37.2
23.4152
-1
1
282
630
0.000359902
37.2
10.6435
-1
1
285.6
621.6
0.00106973
37.2
-70.2328
-1
1
171.6
375.6
0.000855883
37.2
19.8129
-1
1
265.2
578.4
0.000173411
37.2
-25.2577
-1
1
193.2
448.8
0.000183034
37.2
129.883
-1
1
322.8
594
0.000266821
37.2
-74.4574
-1
1
164.4
379.2
0.000998739
37.2
-33.3727
-1
1
276
600
0.00407305
37.2
159.076
-1
1
322.8
598.8
0.000178405
37.2
-30.6205
-1
1
273.6
598.8
0.00470186
37.2
-12.7916
-1
1
300
597.6
0.00477279
37.2
-20.6911
-1
1
270
595.2
0.00513539
37.2
-7.17725
-1
1
270
590.4
0.00185442
37.2
15.0779
-1
1
264
582
0.00103013
37.2
79.4608
-1
1
318
578.4
0.000656235
37.2
34.6634
-1
1
338.4
572.4
0.000529293
37.2
13.9829
-1
1
276
570
0.000704438
37.2
13.9248
-1
1
296.4
556.8
0.000424938
37.2
136.132
-1
1
201.6
555.6
0.000203591
37.2
-17.0771
-1
1
264
524.4
0.00683525
37.2
-8.9084
-1
1
264
517.2
0.000984546
37.2
-9.92625
-1
1
267.6
511.2
0.000787208
37.2
83.1047
-1
1
142.8
511.2
0.000141249
37.2
-72.3423
-1
1
166.8
380.4
0.000790404
37.2
46.7715
-1
1
163.2
486
0.0016862
37.2
-27.0721
-1
1
241.2
480
0.000518718
37.2
6.79594
-1
1
188.4
458.4
0.000140843
37.2
-4.29739
-1
1
192
457.2
0.000140532
37.2
-24.1168
-1
1
194.4
452.4
0.000428663
37.2
-12.0426
-1
1
180
445.2
0.000520972
37.2
-5.71059
-1
1
178.8
442.8
0.000573231
37.2
0
-1
1
186
440.4
0.000488239
37.2
-2.19323
-1
1
193.2
438
0.000221539
37.2
12.3311
-1
1
180
435.6
0.00103449
37.2
132.173
-1
1
325.2
592.8
0.00028374
37.2
-4.79309
-1
1
195.6
427.2
0.000242206
37.2
-8.25944
-1
1
189.6
411.6
0.00079628
37.2
161.489
-1
1
314.4
122.4
0.000604756
37.2
144.858
-1
1
322.8
122.4
0.000538753
37.2
-131.091
-1
1
128.4
402
0.00120158
37.2
145.643
-1
1
320.4
124.8
0.000300128
37.2
-102.68
-1
1
160.8
399.6
0.000636482
37.2
-96.8043
-1
1
156
396
0.00423931
37.2
-74.6638
-1
1
174
392.4
0.00141723
37.2
-67.0256
-1
1
170.4
381.6
0.00132505
37.2
-75.2308
-1
1
169.2
372
0.000554179
37.2
-130.684
-1
1
228
349.2
0.00057345
37.2
-122.267
-1
1
231.6
344.4
0.00119168
37.2
-111.435
-1
1
235.2
343.2
0.000821689
37.2
-56.5237
-1
1
250.8
342
0.000389834
37.2
-82.498
-1
1
242.4
342
0.00060945
37.2
-83.1572
-1
1
246
333.6
0.000181835
37.2
165.411
-1
1
349.2
164.4
0.0003234
37.2
-96.1436
-1
1
240
337.2
0.000283739
37.2
63.7746
-1
1
387.6
553.2
0.000317305
37.2
35.4733
-1
1
277.2
633.6
0.00117854
37.2
69.3564
-1
1
375.6
559.2
0.000378498
37.2
41.9004
-1
1
216
390
0.000182563
37.2
115.072
-1
1
364.8
182.4
0.000423497
37.2
5.5722
-1
1
265.2
586.8
0.000687422
37.2
-120.801
-1
1
387.6
572.4
0.000185614
37.2
7.33186
-1
1
262.8
585.6
0.000294554
37.2
57.0115
-1
1
160.8
480
0.000185856
37.2
-124.38
-1
1
228
340.8
0.000151978
37.2
17.6829
-1
1
273.6
573.6
0.000399539
37.2
70.2648
-1
1
381.6
555.6
0.000224467
37.2
-65.9426
-1
1
247.2
340.8
0.000792526
37.2
-127.957
-1
1
220.8
362.4
0.000205589
37.2
-93.7213
-1
1
156
369.6
0.00016307
37.2
-124.812
-1
1
206.4
375.6
0.000145522
37.2
-67.2892
-1
1
174
379.2
0.000588042
37.2
-102.843
-1
1
158.4
400.8
0.000915643
37.2
-31.9128
-1
1
302.4
625.2
0.000140346
37.2
-80.2235
-1
1
178.8
393.6
0.000738998
37.2
8.07775
-1
1
286.8
614.4
0.000254369
37.2
-135.554
-1
1
128.4
398.4
0.000418924
37.2
-86.9251
-1
1
169.2
397.2
0.000279579
37.2
32.25
-1
2
313.92
485.28
0.000168685
44.64
110.323
-1
2
325.44
591.84
0.000302944
44.64
12.322
-1
2
273.6
568.8
0.000195743
44.64
12.591
-1
2
277.92
568.8
0.00041627
44.64
-23.367
-1
2
241.92
479.52
0.000438501
44.64
33.1297
-1
2
338.4
571.68
0.000408634
44.64
-22.1001
-1
2
194.4
452.16
0.000427391
44.64
-97.8625
-1
2
158.4
401.76
0.000441654
44.64
-12.5502
-1
2
190.08
411.84
0.000510909
44.64
13.0431
-1
2
296.64
555.84
0.000283316
44.64
76.7428
-1
2
319.68
578.88
0.000420587
44.64
-96.254
-1
2
161.28
398.88
0.000606917
44.64
46.6
-1
2
164.16
485.28
0.00105159
44.64
14.1232
-1
2
264.96
581.76
0.00129962
44.64
134.201
-1
2
201.6
554.4
0.000222069
44.64
7.36475
-1
2
263.52
586.08
0.000324872
44.64
37.3667
-1
2
161.28
488.16
0.000616163
44.64
-41.7755
-1
2
344.16
587.52
0.00068624
44.64
-0.68206
-1
2
267.84
588.96
0.00156001
44.64
-27.6933
-1
2
249.12
486.72
0.0003355
44.64
-8.92753
-1
2
270.72
591.84
0.0025331
44.64
-18.9031
-1
2
270.72
529.92
0.000662242
44.64
21.8014
-1
2
223.2
385.92
0.000200577
44.64
-92.9059
-1
2
155.52
394.56
0.00247456
44.64
-79.2319
-1
2
178.56
393.12
0.000694152
44.64
-79.6141
-1
2
174.24
391.68
0.000800708
44.64
-10.3758
-1
2
180
444.96
0.000557848
44.64
-7.59464
-1
2
324
489.6
0.000179229
44.64
17.4044
-1
2
266.4
577.44
0.000218245
44.64
-14.3756
-1
2
269.28
594.72
0.00380418
44.64
-8.95813
-1
2
178.56
442.08
0.000643938
44.64
165.42
-1
2
349.92
164.16
0.000248531
44.64
-70.8631
-1
2
169.92
381.6
0.000565978
44.64
-7.26324
-1
2
299.52
597.6
0.00407755
44.64
124.592
-1
2
365.76
178.56
0.000201819
44.64
-70.0452
-1
2
174.24
378.72
0.000655638
44.64
122.574
-1
2
364.32
182.88
0.000325112
44.64
-23.2423
-1
2
275.04
599.04
0.00421246
44.64
-82.0272
-1
2
161.28
375.84
0.000898841
44.64
-89.5342
-1
2
158.4
374.4
0.00101433
44.64
-76.5838
-1
2
169.92
371.52
0.000243264
44.64
-7.65397
-1
2
185.76
440.64
0.000287179
44.64
-94.1736
-1
2
155.52
370.08
0.000341356
44.64
-8.10291
-1
2
194.4
427.68
0.000195896
44.64
-7.39041
-1
2
192.96
437.76
0.000179234
44.64
-128.234
-1
2
227.52
348.48
0.000694457
44.64
-64.9659
-1
2
250.56
342.72
0.000612229
44.64
-109.877
-1
2
234.72
342.72
0.0011099
44.64
-68.1041
-1
2
247.68
341.28
0.00113614
44.64
-13.2068
-1
2
266.4
511.2
0.000752857
44.64
0
-1
2
180
436.32
0.000869406
44.64
-80.6901
-1
2
243.36
341.28
0.000611113
44.64
-122.428
-1
2
227.52
341.28
0.000353488
44.64
-94.2739
-1
2
240.48
336.96
0.000447543
44.64
-118.682
-1
2
226.08
335.52
0.0001825
44.64
-84.015
-1
2
246.24
334.08
0.000324781
44.64
11.6562
-1
2
285.12
620.64
0.000353151
44.64
-11.0849
-1
2
263.52
516.96
0.000811529
44.64
-13.7288
-1
2
264.96
522.72
0.00554294
44.64
5.52438
-1
2
288
613.44
0.000327646
44.64
76.7151
-1
2
328.32
479.52
0.000154785
44.64
162.694
-1
2
351.36
159.84
0.000155306
44.64
-26.3654
-1
3
190.08
409.536
0.000652863
53.568
-81.5926
-1
3
172.8
390.528
0.000640887
53.568
-17.2318
-1
3
191.808
452.736
0.000523209
53.568
-74.3577
-1
3
171.072
376.704
0.000592099
53.568
-80.2176
-1
3
177.984
392.256
0.000681518
53.568
-112.276
-1
3
233.28
342.144
0.00121411
53.568
-75.0686
-1
3
247.104
340.416
0.000923157
53.568
-83.8678
-1
3
243.648
338.688
0.00085247
53.568
-12.1169
-1
3
177.984
442.368
0.000717008
53.568
-13.9496
-1
3
266.112
511.488
0.000550746
53.568
-12.5682
-1
3
262.656
516.672
0.000602635
53.568
-12.6354
-1
3
264.384
523.584
0.00428643
53.568
-13.7262
-1
3
269.568
528.768
0.00112182
53.568
-11.1854
-1
3
177.984
437.184
0.00069716
53.568
-81.6071
-1
3
176.256
395.712
0.000491845
53.568
12.7884
-1
3
266.112
582.336
0.0014848
53.568
-85.5268
-1
3
171.072
395.712
0.000491893
53.568
9.32954
-1
3
262.656
585.792
0.000711562
53.568
-1.885
-1
3
298.944
596.16
0.00260872
53.568
-14.7011
-1
3
273.024
597.888
0.00669347
53.568
4.87776
-1
3
266.112
587.52
0.00103117
53.568
-8.54392
-1
3
183.168
447.552
0.000377999
53.568
15.6282
-1
3
266.112
577.152
0.000403737
53.568
-19.202
-1
3
241.92
478.656
0.000437573
53.568
1.48146
-1
3
221.184
385.344
0.000315849
53.568
69.9739
-1
3
324.864
589.248
0.000231363
53.568
-24.1932
-1
3
248.832
485.568
0.000254777
53.568
-68.782
-1
3
250.56
343.872
0.000424842
53.568
56.5346
-1
3
317.952
577.152
0.00036054
53.568
31.0568
-1
3
338.688
571.968
0.000449852
53.568
14.2012
-1
3
278.208
568.512
0.000318966
53.568
13.3768
-1
3
273.024
568.512
0.000255074
53.568
-120.893
-1
3
226.368
338.688
0.000339603
53.568
-82.3892
-1
3
247.104
335.232
0.000447106
53.568
129.188
-1
3
200.448
552.96
0.000227245
53.568
-12.2179
-1
3
186.624
438.912
0.000375385
53.568
-29.1569
-1
3
255.744
495.936
0.000147942
53.568
-3.99804
-1
3
304.128
495.936
0.000156951
53.568
-3.62853
-1
3
300.672
495.936
0.000172965
53.568
4.28915
-1
3
319.68
492.48
0.000156856
53.568
-12.7944
-1
3
191.808
437.184
0.000175473
53.568
11.1649
-1
3
323.136
489.024
0.000193898
53.568
57.0948
-1
3
333.504
487.296
0.000157497
53.568
7.36707
-1
3
273.024
559.872
0.000171724
53.568
-20.5907
-1
3
195.264
447.552
0.000172303
53.568
-91.4564
-1
4
242.611
335.923
0.000741315
64.2816
-118.557
-1
4
226.022
348.365
0.000659069
64.2816
-78.9882
-1
4
250.906
342.144
0.000472402
64.2816
-108.295
-1
4
232.243
340.07
0.00107281
64.2816
-98.2594
-1
4
238.464
335.923
0.000501039
64.2816
-88.7156
-1
4
246.758
333.85
0.000323709
64.2816
-87.1633
-1
4
242.611
340.07
0.000812858
64.2816
-11.8574
-1
4
269.568
528.768
0.00131223
64.2816
-17.4422
-1
4
242.611
479.002
0.000393685
64.2816
-11.5425
-1
4
263.347
522.547
0.00274633
64.2816
-12.8997
-1
4
263.347
516.326
0.00069726
64.2816
-14.0057
-1
4
265.421
510.106
0.000529599
64.2816
-21.7631
-1
4
238.464
483.149
0.000164328
64.2816
4.01418
-1
4
298.598
489.37
0.000172477
64.2816
-20.6299
-1
4
248.832
485.222
0.000250074
64.2816
8.56593
-1
4
273.715
559.872
0.000186387
64.2816
-24.7751
-1
4
221.875
385.69
0.000223506
64.2816
-117.699
-1
4
226.022
337.997
0.000288469
64.2816
7.8917
-1
4
302.746
485.222
0.000161985
64.2816
-114.826
-1
4
226.022
352.512
0.000159059
64.2816
1.72699
-1
4
304.819
495.59
0.000155586
64.2816
-13.9027
-1
5
243.855
477.758
0.000367046
77.1379
-20.3288
-1
5
248.832
487.711
0.000224576
77.1379
-13.2252
-1
5
263.762
507.617
0.000633528
77.1379
-91.5911
-1
5
246.344
333.435
0.000188882
77.1379
-83.3605
-1
5
248.832
343.388
0.000654668
77.1379
-11.5481
-1
5
263.762
522.547
0.00227907
77.1379
356
64
108
47
239
217
50
127
33
247
189
244
222
149
89
189
251
238
137
88
235
110
253
209
214
179
89
105
132
148
105
212
62
203
237
24
99
168
221
122
209
124
252
61
243
182
124
167
67
234
191
172
239
155
211
93
153
92
38
230
75
252
107
198
108
250
5
134
44
8
1
220
38
5
32
194
162
128
8
49
13
7
137
40
97
240
240
114
82
242
81
117
145
164
32
150
1
192
157
8
195
168
89
8
233
104
44
28
56
165
85
113
119
111
154
172
136
9
240
29
88
24
40
226
19
181
24
211
104
74
109
47
239
249
50
127
49
247
253
244
95
148
91
188
251
238
139
220
123
111
60
213
230
179
95
169
156
144
105
196
62
155
241
4
117
250
82
126
197
92
186
117
121
54
94
174
65
232
159
45
255
157
211
31
149
92
240
228
41
252
77
134
42
242
54
45
201
222
54
78
89
15
194
198
51
180
49
194
223
242
170
212
0
103
7
168
197
7
77
139
166
9
83
40
52
104
230
36
117
186
66
122
195
84
178
94
185
111
214
22
225
110
153
172
24
5
112
29
149
73
16
242
51
189
88
86
34
251
58
152
203
251
255
251
217
190
222
251
222
221
63
92
95
252
255
215
57
59
196
61
239
127
175
223
242
47
95
91
119
239
215
174
157
112
126
119
249
117
112
221
235
111
213
150
245
111
159
172
31
133
248
29
156
73
80
242
191
255
89
31
34
254
211
222
215
85
253
200
216
217
186
185
47
207
142
241
98
185
239
213
63
99
78
143
174
56
111
223
191
43
215
11
51
62
243
39
92
251
82
119
237
246
211
92
56
63
217
30
249
181
137
141
86
37
248
159
156
105
144
240
49
189
92
87
32
187
251
221
206
95
255
123
220
178
123
253
125
203
190
251
102
205
173
243
252
191
247
255
231
255
227
127
243
118
253
119
246
119
223
251
152
117
255
221
254
243
83
255
235
127
249
61
255
251
253
223
31
215
253
239
155
207
119
223
254
31
247
249
151
223
85
49
213
54
248
130
58
96
98
32
67
18
204
99
131
18
230
195
1
102
207
45
67
211
204
138
162
221
66
44
177
104
87
36
84
186
10
120
129
84
148
88
25
14
224
20
195
79
153
164
24
7
112
28
29
73
24
242
19
189
88
70
32
249
219
222
223
125
255
249
216
216
187
187
61
219
142
241
102
249
239
213
63
107
206
143
174
121
111
223
191
107
215
11
51
62
243
37
124
219
82
117
237
246
243
94
120
63
219
30
248
181
137
141
86
37
248
159
141
105
144
240
49
189
92
87
32
187
35
5
200
18
3
6
89
10
134
134
21
240
59
171
132
86
66
16
36
119
3
38
225
103
92
130
166
9
2
184
16
40
214
44
4
186
2
56
67
220
80
200
60
233
146
80
33
110
17
172
24
5
112
24
188
65
24
114
51
185
24
22
32
251
163
222
8
163
239
248
135
136
46
85
46
78
172
95
106
181
111
247
61
116
76
69
139
112
102
213
57
47
246
3
19
63
148
229
217
91
115
83
237
2
101
84
8
61
213
14
252
53
140
157
16
37
252
167
142
235
16
244
48
44
84
95
52
184
35
207
68
70
221
138
195
10
246
16
14
103
174
127
236
53
98
55
132
16
197
46
153
103
98
182
65
7
190
91
73
85
158
239
66
144
49
154
223
188
199
245
10
195
72
83
252
203
224
119
153
12
189
0
203
131
59
54
246
47
130
109
183
89
5
166
24
35
40
152
166
0
120
187
2
227
128
51
201
1
66
138
129
131
197
32
75
208
193
24
161
226
76
4
161
66
223
0
69
160
113
26
233
112
240
92
56
37
212
85
247
111
153
236
24
5
244
29
217
73
22
243
23
181
88
83
96
250
54
41
203
158
22
70
89
47
199
134
21
180
51
206
145
126
234
212
32
103
7
174
197
39
77
146
166
9
82
170
52
120
242
36
53
186
82
120
195
84
48
88
181
106
150
20
161
110
153
172
24
5
240
29
156
73
16
242
51
249
88
86
34
251
38
37
1
54
16
6
10
71
194
34
17
48
17
66
145
82
42
84
2
66
3
170
193
6
28
154
166
9
2
168
49
72
66
44
68
186
66
56
193
84
0
72
16
10
192
20
129
78
153
172
24
5
112
24
156
65
16
242
51
189
88
86
32
250
5
166
16
35
8
144
166
0
120
187
2
101
160
55
137
1
66
138
129
131
193
32
75
208
193
24
64
226
0
4
161
66
223
0
69
160
57
152
233
96
96
28
56
37
212
85
183
111
185
236
8
5
244
13
88
73
22
243
23
181
88
83
96
74
34
37
129
22
18
6
24
7
198
130
17
48
49
194
144
86
106
80
0
71
3
174
193
7
92
154
166
9
2
184
48
104
66
44
4
186
66
56
67
84
32
72
48
203
194
20
129
78
25
172
24
5
112
24
156
65
16
114
51
185
88
86
32
250
54
33
202
154
19
87
93
47
151
134
29
180
51
174
180
126
235
144
32
103
7
54
193
39
29
215
166
9
67
170
22
104
214
38
5
186
66
120
203
124
112
200
181
105
150
20
101
110
155
172
26
5
240
25
188
73
16
242
59
249
89
85
34
250
99
1
202
18
3
2
93
14
134
134
21
176
51
170
180
94
74
16
32
87
3
55
225
39
28
130
166
13
82
136
16
104
214
46
4
186
66
120
67
220
80
202
52
41
146
84
37
110
17
172
24
5
112
25
188
64
16
242
51
185
24
84
32
251
7
192
202
170
19
66
81
78
23
130
189
188
57
175
143
126
203
20
49
85
1
131
199
37
101
197
185
41
83
43
2
105
149
36
21
250
82
121
169
124
50
218
56
41
150
20
116
108
153
172
26
5
248
29
180
73
24
242
59
184
24
87
34
251
47
204
234
170
19
202
209
14
159
194
191
188
49
142
237
254
203
20
49
85
133
22
197
101
117
213
233
13
83
59
50
121
164
36
21
250
82
123
201
124
178
221
60
41
214
22
116
108
155
172
26
5
248
29
253
65
16
242
59
184
25
23
34
251
71
196
200
42
23
66
85
78
182
162
189
188
40
175
134
126
203
20
49
85
9
135
195
37
101
213
185
41
83
43
34
105
149
36
21
250
66
121
41
116
50
218
56
41
213
20
116
108
153
172
26
4
248
29
188
73
24
242
59
184
24
87
34
251
62
204
234
171
23
219
217
143
159
194
191
180
51
142
233
254
235
148
49
85
133
22
197
101
61
149
169
13
83
123
54
123
164
36
85
250
82
123
137
116
178
221
116
40
214
22
80
108
159
172
26
5
248
29
189
65
16
242
59
184
89
31
34
251
194
201
146
23
232
192
222
129
10
163
41
206
130
196
66
56
45
3
36
147
206
173
39
203
195
87
243
110
129
38
131
50
255
48
65
33
27
13
234
226
112
28
32
107
181
92
191
63
153
202
8
71
244
73
88
235
23
243
144
53
52
113
192
74
163
205
234
51
23
202
221
143
158
195
191
244
51
142
232
254
235
20
52
87
135
38
229
103
53
215
225
47
83
59
34
123
166
44
85
250
82
123
233
244
210
220
52
104
214
22
181
110
153
172
26
5
248
29
253
65
16
178
59
185
24
23
32
250
5
135
208
24
17
2
5
90
167
68
33
160
0
155
164
79
202
116
33
101
2
38
208
99
68
145
129
9
50
8
0
65
150
6
214
154
0
88
33
84
36
10
56
163
20
80
117
238
16
164
56
4
48
24
156
8
56
178
51
157
88
87
36
122
5
7
209
24
17
128
37
90
33
68
9
128
0
15
132
3
203
100
33
97
130
36
64
99
68
213
1
9
16
8
0
73
214
6
117
154
0
56
65
68
36
16
56
163
52
16
117
110
16
164
56
20
48
24
156
8
0
162
19
173
88
71
37
122
163
197
232
58
23
66
25
15
134
195
157
254
34
142
166
127
235
52
37
85
3
166
241
103
68
215
241
43
83
58
34
105
134
44
21
186
2
120
105
244
66
202
60
233
211
81
181
110
89
172
24
5
240
24
252
65
24
178
51
185
24
87
34
235
4
34
17
42
8
208
38
68
64
186
10
36
96
39
137
34
75
10
129
192
193
32
75
208
193
21
136
129
0
134
161
66
221
0
69
160
57
152
169
96
104
84
48
161
84
81
54
109
185
236
8
1
240
29
88
73
6
242
23
180
24
83
96
74
167
133
200
50
21
34
13
78
164
3
129
242
170
11
134
23
202
117
5
81
130
39
226
103
68
154
176
11
82
8
32
105
215
36
148
154
2
56
1
214
64
202
56
137
211
16
229
79
25
164
24
4
96
24
156
9
24
178
51
153
24
87
34
251
122
216
235
251
127
255
217
191
223
250
222
157
63
220
127
254
255
215
121
122
196
117
207
63
175
207
226
47
95
243
119
251
247
172
157
251
126
127
233
117
242
221
247
44
215
150
241
111
159
172
31
133
248
29
156
89
208
242
59
253
91
31
34
247
122
216
139
251
63
247
217
143
223
251
124
220
63
200
63
255
253
214
57
251
204
55
230
63
47
207
227
47
83
115
119
251
231
172
149
255
126
125
233
241
114
223
119
108
215
22
209
111
159
172
30
5
248
29
156
89
144
242
59
189
89
95
34
251
163
213
232
50
23
34
13
74
134
99
153
242
170
142
166
95
235
53
39
81
131
166
241
103
4
223
241
43
82
58
34
105
135
44
20
186
2
120
105
246
64
74
60
105
215
81
181
111
25
172
24
5
224
24
252
65
24
178
51
185
24
87
32
250
47
5
104
58
23
13
13
14
164
70
185
48
57
106
36
71
128
116
3
112
34
242
144
38
84
160
164
9
82
24
56
73
64
44
22
186
2
96
1
220
2
194
28
9
80
84
196
78
17
36
16
4
34
24
21
1
24
162
59
184
8
198
42
225
60
43
125
221
34
221
188
117
207
212
223
148
93
116
121
230
253
152
98
234
213
50
199
246
217
125
245
248
96
150
215
250
207
60
67
190
218
120
232
124
120
29
49
39
244
180
183
110
155
172
137
15
242
29
152
89
32
243
51
189
120
87
40
250
67
212
139
58
15
210
93
14
178
170
57
136
42
200
38
27
237
246
32
243
200
51
230
43
68
215
179
47
83
49
49
107
215
172
148
56
122
108
96
112
114
74
56
105
215
84
245
111
153
172
26
5
240
25
156
73
144
178
51
189
88
87
32
251
20
43
191
221
34
221
220
103
203
164
31
148
81
244
217
194
249
208
98
107
151
56
198
131
217
87
183
104
0
142
22
122
199
52
101
190
90
120
235
92
48
93
177
47
182
180
181
110
155
172
169
71
176
29
148
89
16
242
51
253
121
87
97
250
252
251
255
221
126
255
255
242
253
189
255
217
223
249
252
235
255
221
127
111
254
125
230
247
237
127
247
254
125
87
247
255
255
125
244
255
222
121
248
245
254
223
251
63
245
167
247
111
191
175
143
199
248
61
159
93
116
247
123
223
249
223
100
255
135
21
100
48
21
160
45
90
164
79
193
114
171
137
128
71
226
117
7
101
104
166
192
115
68
170
162
9
82
8
32
9
82
36
156
186
66
124
1
213
80
66
24
15
194
17
192
95
24
36
24
4
96
24
156
1
16
178
51
156
76
86
32
185
20
43
155
220
34
221
220
103
75
162
19
148
81
244
249
194
251
208
98
43
135
60
198
131
153
23
183
104
0
142
22
106
199
54
101
186
90
120
235
84
48
124
177
47
183
52
181
110
155
172
56
71
178
29
148
73
16
114
51
253
89
85
97
250
194
65
136
154
71
66
0
6
6
0
53
136
18
136
38
11
204
82
4
164
10
130
164
33
74
129
136
72
145
8
24
33
240
36
16
202
66
64
6
192
18
138
28
10
16
28
192
140
17
8
82
4
48
24
132
75
145
48
32
28
80
84
2
233
150
241
200
62
23
226
222
78
196
139
241
248
35
66
134
91
235
148
39
87
135
43
231
127
69
155
243
47
83
40
33
104
215
36
92
155
66
124
233
246
98
74
48
105
211
29
181
126
153
172
24
5
96
29
180
73
144
242
51
189
28
87
34
251
120
171
255
213
122
255
251
249
221
245
215
215
223
117
217
226
187
213
126
107
246
125
194
243
253
255
151
190
108
207
55
251
215
52
85
186
222
122
250
117
240
125
185
39
245
38
245
111
155
173
137
79
240
29
157
77
81
246
115
255
120
23
37
254
15
5
100
48
23
44
37
90
164
70
41
32
9
111
164
69
128
124
1
96
96
98
144
34
68
168
132
9
82
24
57
73
80
36
212
186
3
112
1
220
6
194
28
11
64
82
228
78
16
36
16
4
98
28
151
1
56
162
51
188
72
198
34
241
5
6
5
128
8
75
163
252
32
124
2
5
0
61
139
161
130
92
129
32
192
32
204
242
73
168
8
0
188
0
49
79
125
32
81
184
84
114
137
36
213
20
26
6
68
134
192
73
152
44
92
5
240
29
157
73
0
226
35
188
72
70
32
248
5
199
84
24
17
16
37
90
164
64
33
160
0
27
164
7
194
116
33
105
2
102
208
115
68
144
1
9
50
8
0
65
146
6
214
154
0
24
1
68
36
18
56
167
16
80
85
78
16
164
48
0
112
24
142
8
48
226
51
157
88
87
36
91
248
251
127
213
122
255
251
241
249
245
255
223
223
117
217
234
191
221
126
107
246
125
230
247
253
127
183
254
108
215
119
251
223
116
85
190
222
123
248
125
248
93
249
63
245
166
245
111
159
173
141
79
248
29
159
93
117
247
115
255
123
95
97
254
5
7
80
8
17
0
37
90
32
64
33
160
0
27
132
7
194
100
33
96
130
38
208
99
68
145
1
9
48
8
0
65
150
6
244
154
0
56
1
68
36
2
56
167
20
208
117
206
16
164
48
0
48
24
142
8
16
34
51
133
72
71
37
122
5
71
0
32
17
56
33
89
164
64
166
66
0
25
228
7
194
252
5
105
0
98
16
114
68
130
1
9
48
8
0
1
146
6
210
138
64
122
1
192
198
18
24
133
208
66
64
78
24
45
16
4
112
29
143
8
16
242
51
156
72
86
38
249
33
38
165
33
200
252
163
76
232
61
138
71
193
53
139
33
203
109
131
96
240
1
90
220
85
252
28
166
8
2
35
198
213
32
71
48
113
186
233
44
108
84
58
167
85
97
182
97
184
172
8
0
240
29
156
65
6
242
23
181
202
87
32
122
13
6
101
133
248
181
163
252
176
124
194
21
73
125
155
97
226
220
195
96
240
32
142
240
10
168
8
128
252
64
57
223
125
96
85
184
84
242
9
4
213
21
26
6
64
166
192
73
152
44
93
5
242
28
157
73
4
98
3
156
74
6
36
248
13
14
229
128
40
253
161
126
56
252
70
5
77
61
219
164
226
220
193
40
240
64
206
241
73
168
8
128
124
64
57
79
253
96
81
184
84
242
137
36
213
20
26
150
68
130
224
105
153
45
93
5
240
29
159
73
52
226
35
172
74
71
38
248
214
64
82
173
250
192
154
196
14
231
1
30
145
134
187
114
234
212
0
96
10
128
134
56
76
152
184
41
211
42
59
63
112
37
61
219
66
119
129
86
17
72
24
30
207
156
200
52
137
172
82
5
104
30
148
105
144
242
57
188
92
70
34
177
198
64
18
141
216
128
158
197
10
227
1
30
144
134
171
211
235
212
0
96
10
128
166
8
76
156
184
41
147
40
51
63
112
37
92
155
66
119
129
86
18
74
24
10
198
28
200
28
137
172
80
5
112
30
149
73
144
242
49
188
92
70
34
177
88
9
239
213
34
199
249
254
157
228
215
215
211
244
219
234
170
213
114
107
150
45
198
243
109
250
150
30
64
139
22
127
215
55
117
186
86
122
250
116
208
125
185
38
237
20
241
111
153
172
25
197
240
29
156
72
17
242
51
251
89
23
33
250
141
54
101
160
28
39
163
254
176
252
194
87
73
25
147
3
226
204
199
97
240
160
236
250
12
168
168
130
216
4
49
223
125
32
212
186
84
122
1
213
220
68
26
142
192
1
192
73
24
44
24
1
240
28
156
73
4
178
51
156
72
22
36
248
198
72
146
173
192
192
10
197
10
225
1
158
144
128
139
218
234
213
17
100
8
129
198
48
79
217
184
45
211
10
50
59
240
37
117
219
66
119
133
86
178
90
24
14
223
28
200
52
137
172
80
5
112
30
148
73
144
240
49
188
92
70
34
243
88
169
239
221
34
87
249
254
213
252
213
157
91
240
155
74
170
213
122
111
150
61
198
179
45
171
182
30
65
201
52
123
247
54
53
186
86
124
250
117
240
127
185
110
187
148
209
111
159
168
59
215
240
29
156
76
81
242
123
219
89
85
35
255
77
50
229
52
253
170
43
126
144
60
210
55
225
217
139
35
226
205
131
96
232
173
202
251
78
168
168
135
216
4
33
207
127
37
117
186
86
58
161
244
217
84
26
142
200
163
233
79
136
164
88
1
240
30
159
73
16
242
51
188
88
70
32
248
13
2
229
129
216
255
163
124
184
252
194
85
77
61
155
161
202
236
203
40
240
97
206
241
77
40
12
134
124
68
49
207
125
98
81
184
84
242
45
4
221
20
26
134
69
162
97
227
184
44
13
0
242
29
159
73
36
98
7
172
202
7
36
254
13
7
36
160
1
60
33
89
164
68
174
4
1
93
232
165
128
124
5
96
96
34
144
50
68
140
128
0
240
2
57
65
112
36
83
170
64
114
129
196
144
148
24
135
64
71
228
78
136
37
16
4
224
29
143
9
16
226
51
188
72
22
36
248
34
129
8
138
7
153
28
11
7
66
21
132
57
12
60
6
132
18
64
149
130
86
209
71
113
128
128
4
18
240
28
0
134
44
139
0
202
74
2
0
162
235
52
105
22
84
36
110
83
10
144
4
34
1
251
146
17
35
58
248
33
153
74
67
5
34
16
2
200
154
162
64
96
56
2
37
192
55
201
33
98
137
129
64
193
32
9
209
192
8
40
132
0
12
161
66
125
4
69
178
81
186
137
100
240
84
24
6
68
230
162
79
153
44
8
5
240
29
153
73
22
242
19
180
72
71
32
120
5
38
229
164
252
254
167
126
176
124
194
85
73
125
155
129
235
236
195
96
240
33
206
251
78
184
28
134
252
4
33
207
93
96
85
184
84
178
169
36
221
20
26
134
69
161
245
75
184
60
93
1
240
29
159
73
36
242
23
173
202
71
36
254
92
137
239
221
34
87
217
255
149
244
85
145
91
240
147
202
170
212
114
111
150
45
230
179
45
139
182
30
81
201
52
107
247
54
53
186
86
124
242
117
240
127
185
46
187
20
81
110
155
168
59
215
240
29
156
76
81
242
59
251
89
85
35
251
40
38
165
162
136
252
167
77
236
122
202
5
225
53
155
37
203
45
195
96
240
65
90
220
85
220
24
166
10
146
35
202
69
0
87
176
125
186
233
96
108
84
50
175
85
65
246
105
184
172
152
8
242
29
156
89
6
226
23
181
74
87
104
122
196
8
154
177
64
66
34
199
8
224
7
150
18
176
251
234
234
213
57
103
8
133
230
49
79
201
184
45
211
10
50
59
240
37
117
250
82
123
133
84
176
84
56
62
89
30
64
164
153
44
26
5
240
31
148
73
16
240
41
188
88
22
32
251
40
174
237
171
11
249
166
109
221
250
250
177
249
54
235
196
203
152
227
80
245
115
203
253
93
93
177
167
74
214
51
202
207
12
69
176
127
120
233
124
120
92
114
47
85
181
183
107
187
172
24
5
242
29
220
89
6
242
55
189
90
83
104
122
128
15
5
134
224
77
5
125
174
69
43
5
1
125
88
164
231
212
68
36
88
136
160
160
90
172
12
8
180
130
26
9
112
37
80
152
64
98
128
192
149
80
24
151
76
174
236
4
128
5
84
0
2
26
135
11
129
112
32
60
64
68
0
184
86
57
155
222
50
66
88
142
67
162
53
148
19
130
183
122
63
215
48
79
14
157
228
3
143
211
243
77
3
42
22
104
146
52
53
251
10
124
194
87
48
201
181
105
191
28
229
110
215
170
51
215
48
25
52
203
209
115
57
123
93
84
17
243
5
34
20
2
200
146
162
80
96
58
2
3
192
115
137
1
98
203
129
96
193
36
1
209
192
8
168
140
64
12
161
82
127
36
84
186
81
56
1
84
240
68
24
14
64
132
194
79
153
44
24
5
240
28
157
73
16
242
19
148
88
70
32
241
109
46
239
221
42
255
177
247
189
252
214
149
93
189
187
238
153
248
235
107
252
87
94
183
89
104
148
150
108
213
127
207
207
88
67
44
223
186
248
120
252
61
123
182
245
225
227
107
187
236
173
11
242
29
154
92
54
230
91
253
235
215
108
254
82
49
145
54
32
130
26
102
66
32
83
16
64
193
144
18
102
194
0
198
139
41
195
131
140
138
166
205
2
44
161
104
87
52
84
186
8
56
194
214
0
64
145
74
224
12
129
78
153
164
24
67
96
24
20
73
0
115
19
177
72
22
32
232
197
9
130
48
1
74
40
206
0
162
3
132
18
160
139
170
235
25
33
71
14
133
230
51
79
203
186
13
83
8
50
104
87
38
117
187
18
124
229
84
240
92
56
43
223
28
101
238
153
172
24
5
240
29
148
73
144
242
49
189
88
86
32
250
84
35
17
54
200
130
46
101
66
42
67
20
64
71
129
16
102
195
1
64
193
33
67
211
200
8
164
205
2
12
161
64
87
36
85
186
9
48
1
68
0
64
24
14
196
4
131
79
152
36
24
7
96
28
28
73
0
114
19
148
88
70
32
224
86
57
155
222
50
66
92
14
66
162
21
144
19
198
151
90
63
215
48
79
14
189
228
3
141
195
242
77
3
40
20
105
211
52
53
251
10
124
194
87
48
202
181
105
191
28
229
110
211
170
58
215
48
25
52
75
209
51
57
123
89
84
115
243
179
222
92
163
239
252
135
136
46
85
63
74
172
127
108
181
245
247
61
240
76
66
155
112
103
213
121
123
190
51
195
59
148
228
217
80
99
81
236
226
101
93
40
189
213
26
252
53
128
157
16
44
252
167
207
235
56
212
48
44
208
223
60
152
65
142
142
153
201
210
166
84
56
255
130
13
128
253
43
141
205
253
185
34
204
5
206
121
70
65
24
102
24
5
35
71
215
131
81
41
80
224
237
98
112
20
104
47
85
144
245
243
153
204
24
5
245
93
156
75
17
218
163
189
208
87
0
254
199
13
130
48
21
98
40
79
0
170
129
132
2
204
166
47
235
93
33
71
138
135
226
43
70
203
178
47
83
8
50
104
87
38
85
187
18
108
105
116
112
72
60
43
215
28
37
239
153
172
24
5
224
29
156
73
144
178
51
185
28
87
32
234
206
9
138
176
23
98
120
207
21
234
129
164
34
196
163
127
235
85
49
71
142
135
230
43
71
203
178
47
82
8
50
106
87
38
21
187
18
108
233
116
112
72
60
43
223
28
245
239
153
172
24
5
224
29
156
73
144
178
51
185
28
87
32
242
28
250
255
109
62
185
188
112
121
185
252
219
206
49
238
105
226
205
227
107
197
101
67
243
237
95
181
246
125
71
183
238
223
96
213
186
94
120
233
117
250
94
59
47
245
55
247
111
153
172
24
7
240
29
159
77
22
243
51
189
88
87
38
251
8
162
174
9
62
241
188
119
209
186
248
177
112
16
185
67
203
216
227
203
245
35
71
223
73
125
181
166
80
71
51
226
207
44
69
190
95
56
233
116
120
92
50
47
213
117
183
111
185
172
24
5
240
29
156
73
22
242
51
189
120
87
32
250
227
222
0
163
205
186
7
128
46
85
42
74
174
27
102
29
111
247
61
244
72
199
171
112
70
213
57
47
182
34
3
49
144
229
216
211
99
81
45
194
101
214
56
25
213
8
252
149
196
149
16
36
77
167
143
171
16
252
32
60
84
87
52
184
65
138
134
217
201
211
166
244
56
253
10
141
144
253
43
137
205
221
185
98
204
5
206
57
75
201
24
102
89
1
51
79
215
163
81
41
80
225
237
98
112
20
104
47
85
156
125
243
157
204
24
37
245
125
156
75
81
254
163
189
208
87
0
254
204
9
191
152
64
79
36
231
37
228
44
134
83
180
191
174
203
89
241
103
28
133
244
163
95
93
157
100
65
134
18
9
192
3
115
234
16
108
77
104
112
29
52
39
93
28
101
236
157
168
122
20
209
95
148
74
16
248
33
189
89
84
1
250
29
186
221
109
62
185
188
112
121
185
238
219
206
53
238
105
226
205
163
107
197
101
66
243
237
78
165
254
108
71
183
110
223
112
85
186
94
120
233
117
126
92
59
47
244
55
247
111
153
172
8
7
240
29
157
77
22
243
51
189
88
87
36
250
40
160
172
42
27
241
188
125
212
186
250
181
112
12
171
102
139
24
227
210
241
35
199
223
81
125
181
166
80
215
35
226
207
44
71
190
87
56
233
116
120
92
50
47
213
117
183
111
185
172
24
1
240
29
220
81
18
242
55
189
122
83
32
250
3
149
128
22
197
138
12
10
2
3
41
202
162
71
4
25
109
3
36
149
130
45
67
67
70
215
115
47
18
42
130
0
150
39
93
155
2
44
106
70
33
72
40
233
157
88
181
47
208
164
16
4
32
0
60
35
17
50
48
53
16
85
48
106
5
14
0
1
201
200
162
64
44
24
10
71
128
125
201
165
235
9
129
32
196
38
138
112
67
220
24
38
156
2
3
70
23
32
81
48
49
154
237
4
229
20
24
166
69
130
252
99
136
36
24
0
244
13
141
9
2
66
50
165
64
7
32
122
87
49
217
252
50
130
94
100
66
230
85
146
212
192
150
82
230
199
0
103
143
45
195
67
204
138
162
93
66
44
181
105
215
52
52
186
74
120
194
87
48
202
185
107
243
28
229
111
153
172
24
71
112
28
156
73
16
243
59
185
88
87
35
251
237
254
255
253
254
255
255
249
189
255
236
203
207
249
254
207
153
253
255
111
254
223
126
249
247
127
191
246
125
87
118
183
223
219
215
109
215
253
254
123
126
63
234
247
255
249
255
179
253
219
172
255
221
253
222
254
127
223
247
175
255
253
221
255
189
253
255
125
191
249
253
250
253
253
222
255
239
125
204
237
235
253
191
107
244
111
234
127
111
255
115
183
127
67
119
255
223
103
253
250
86
251
249
125
125
221
251
63
253
147
253
111
141
181
31
133
248
191
159
77
120
246
63
239
219
223
39
254
49
62
177
164
40
236
161
115
64
244
202
87
193
21
153
34
246
204
195
67
244
36
66
211
221
62
164
202
0
134
99
203
207
36
81
184
156
58
233
108
104
92
49
167
228
49
183
111
152
172
137
11
240
29
28
65
36
242
19
177
90
87
36
122
3
130
0
8
141
216
134
0
40
16
10
5
128
29
77
1
201
41
1
144
196
34
10
112
65
85
17
36
52
2
3
67
159
32
83
160
113
8
233
32
100
20
58
39
85
209
246
107
152
172
24
0
176
29
216
9
18
226
23
181
64
67
36
90
3
132
0
38
9
142
6
2
34
4
41
67
136
109
4
21
237
99
33
224
192
38
17
99
68
221
181
47
18
2
1
65
151
36
83
186
82
8
233
108
96
92
56
171
213
80
245
79
153
172
24
1
240
29
156
73
16
242
51
189
88
87
32
250
219
221
206
95
239
251
220
178
123
185
53
235
190
243
102
153
173
147
188
191
199
111
227
255
227
127
243
118
253
119
198
118
223
251
8
117
255
157
254
247
91
255
235
127
249
125
255
251
253
223
30
215
253
239
218
207
87
255
246
191
242
121
151
223
3
132
0
46
13
134
6
2
34
68
41
66
136
77
4
21
237
99
33
240
192
38
81
99
68
221
181
47
18
48
1
65
151
44
83
186
82
40
233
100
96
90
56
171
213
80
245
79
153
172
24
1
240
29
156
73
16
242
51
189
88
87
32
250
11
198
76
40
7
217
134
0
57
22
44
136
152
61
109
9
201
56
33
240
228
114
82
114
65
117
145
36
105
22
49
65
223
8
195
168
91
88
233
104
62
30
56
45
85
241
247
111
155
172
24
5
240
29
216
89
48
226
59
189
88
211
106
251
43
248
0
43
223
232
166
8
217
11
218
255
168
78
76
81
201
43
35
211
237
39
91
93
229
223
81
167
82
119
227
134
143
174
207
180
127
9
237
53
105
124
54
233
213
113
63
51
248
222
136
64
245
165
120
241
46
179
151
179
186
251
252
78
4
5
9
16
0
193
36
103
129
130
129
128
80
32
33
2
137
8
99
65
144
48
64
131
89
21
149
44
0
132
17
64
207
20
65
170
0
104
104
72
32
8
52
33
183
116
53
110
27
168
56
5
242
25
92
80
8
162
19
241
9
211
104
106
210
201
139
223
34
91
212
231
31
209
63
222
27
244
91
250
239
213
56
47
6
173
230
51
111
199
179
47
87
139
22
122
247
39
117
250
82
123
235
116
242
95
169
62
157
158
209
110
155
172
31
133
240
31
157
75
80
242
56
125
88
85
34
251
211
217
155
124
244
130
92
10
195
43
185
202
198
193
4
27
253
199
54
215
142
45
66
75
206
215
243
127
18
45
228
44
215
191
60
159
138
45
250
119
96
234
169
233
191
24
189
63
209
166
24
211
224
48
60
107
25
179
114
187
56
117
145
234
251
221
146
255
239
98
216
143
95
249
60
203
182
200
103
191
239
147
61
215
78
143
239
61
99
223
251
46
211
3
226
55
235
39
117
121
83
117
237
246
115
94
56
63
219
31
219
181
205
140
94
149
252
191
156
235
209
248
33
61
92
85
144
187
84
63
211
23
88
74
164
255
75
184
74
53
102
214
139
250
255
199
161
6
205
141
207
135
203
223
112
237
130
10
194
110
207
35
117
182
52
144
239
116
101
84
178
39
109
20
61
230
184
164
105
244
242
30
28
73
70
248
7
161
88
69
37
122
151
1
77
20
38
145
222
96
50
129
31
86
220
117
0
96
160
213
4
99
196
36
194
114
76
138
160
31
82
44
53
41
246
52
84
186
82
122
200
245
82
92
25
46
208
22
229
111
153
172
24
5
240
29
156
73
16
242
51
189
88
86
34
248
135
1
13
20
32
144
158
96
18
129
31
86
200
117
0
34
160
193
4
99
196
32
194
114
76
138
160
30
64
44
33
41
214
52
84
186
90
122
200
244
80
92
25
46
208
20
229
111
153
172
24
5
240
29
156
73
16
242
51
189
88
87
34
250
250
220
222
255
239
220
219
137
255
255
125
203
191
251
118
190
255
215
61
111
78
143
175
61
107
223
191
46
215
3
114
63
243
167
124
123
83
117
253
246
243
94
56
63
219
30
217
181
205
141
86
181
252
191
133
235
209
252
33
61
92
85
18
187
66
1
130
26
0
130
4
7
2
162
1
128
16
128
7
26
204
3
32
132
10
133
66
3
82
129
176
108
1
136
128
0
135
4
3
170
0
8
34
104
32
10
36
41
21
92
133
78
17
168
24
1
48
24
92
67
25
34
19
49
24
80
64
99
234
201
170
219
34
85
216
231
159
255
61
142
19
228
123
238
255
208
112
47
30
191
246
35
31
199
183
40
19
218
22
186
227
38
71
251
82
127
235
116
114
127
100
62
159
22
193
254
157
172
158
5
178
29
156
91
145
242
57
61
93
84
34
251
97
5
166
154
0
71
4
71
39
228
9
134
18
238
183
14
235
49
32
38
26
173
83
35
82
67
144
44
0
152
18
65
199
38
67
186
16
72
107
108
36
105
60
163
21
84
117
238
17
172
24
13
178
24
28
75
24
114
115
53
24
85
40
234
5
47
144
6
0
10
4
70
2
0
14
65
0
87
136
0
235
1
160
4
197
45
65
67
67
94
16
5
34
8
0
64
151
38
97
186
0
26
203
4
101
52
56
163
45
0
181
239
144
164
41
16
176
29
155
9
0
98
18
165
72
69
37
74
4
2
68
131
217
200
162
204
44
24
10
21
129
55
203
161
203
84
129
32
200
1
142
96
74
204
24
33
190
10
11
15
21
227
85
178
52
210
13
4
165
20
10
6
69
134
124
225
152
52
92
36
151
135
140
41
0
104
34
44
72
71
36
112
63
244
113
174
255
140
31
73
198
68
253
115
253
126
188
84
242
214
2
112
225
42
145
116
254
156
229
57
242
186
93
237
134
108
21
158
194
112
169
95
35
219
29
139
196
20
252
13
137
164
209
13
120
22
158
73
56
242
59
184
120
79
36
248
96
141
163
153
0
78
134
199
11
224
44
140
80
164
31
174
203
1
32
7
92
133
86
129
93
69
157
36
1
158
2
2
197
36
65
184
16
40
237
104
112
28
48
167
21
16
53
236
153
168
24
9
177
29
28
66
16
226
35
61
88
85
40
234
63
244
113
174
255
172
31
105
198
69
245
123
173
107
148
84
242
214
7
96
121
34
144
116
254
188
253
57
242
186
125
173
128
36
20
158
194
113
161
95
49
218
25
139
196
16
252
13
137
164
209
9
120
30
156
65
56
242
57
184
88
71
32
249
220
187
223
221
50
127
240
246
89
148
94
149
95
180
219
234
187
220
248
47
69
209
230
179
169
107
156
212
109
207
22
235
245
16
113
232
94
122
249
117
240
29
187
54
245
166
241
110
159
172
175
135
240
29
155
92
86
246
59
253
89
95
102
254
216
91
223
223
50
113
120
246
92
187
109
159
83
208
179
234
171
212
249
111
14
188
230
179
11
15
179
40
81
75
54
59
242
38
53
250
86
125
243
117
114
109
187
62
254
132
73
254
153
173
126
181
216
30
148
72
144
240
41
223
93
84
35
251
193
91
222
223
52
113
92
246
18
187
41
155
2
192
163
75
235
212
61
111
14
140
231
59
14
223
179
42
211
13
50
59
242
38
52
251
82
125
99
244
114
106
184
62
155
20
73
182
25
173
126
149
216
154
148
73
144
240
33
31
92
84
35
179
201
206
215
85
251
209
250
205
187
185
47
203
158
241
235
249
235
213
63
111
78
143
174
56
111
223
191
43
215
11
51
62
243
39
124
251
82
117
237
246
243
94
56
63
217
94
217
181
137
141
86
37
216
159
149
105
144
244
49
61
92
87
32
187
98
196
170
137
207
215
143
129
167
230
1
138
153
8
63
95
221
49
98
212
152
215
95
76
84
213
189
108
3
158
215
50
197
12
135
15
218
104
45
106
50
74
100
169
23
124
148
53
159
140
24
13
178
25
220
83
16
242
57
61
127
211
106
227
3
150
0
34
141
152
6
8
98
3
9
66
172
47
4
17
68
231
5
240
192
102
19
100
196
212
121
111
50
18
193
65
151
44
210
142
73
8
41
66
100
80
56
169
213
80
244
13
144
172
16
0
240
1
220
73
8
178
18
180
16
211
108
106
97
196
236
10
223
151
7
24
37
101
172
170
190
251
38
77
203
53
33
244
121
215
91
101
82
117
25
36
185
24
72
1
159
78
146
170
2
72
37
120
118
27
60
167
85
121
245
197
24
172
152
12
115
24
216
9
56
164
51
149
154
211
44
75
193
206
143
95
235
217
218
221
186
187
47
207
146
240
235
233
235
213
63
111
78
143
174
60
111
223
191
42
215
11
51
62
243
39
93
251
82
119
237
246
211
92
56
62
217
30
249
181
137
141
94
37
216
159
148
105
144
240
49
61
92
87
34
187
57
20
156
138
75
159
2
51
54
92
86
5
156
126
61
20
244
243
193
164
240
87
219
243
218
32
108
76
120
208
217
97
207
42
65
164
87
74
5
104
208
151
30
6
80
164
195
207
179
44
153
12
178
29
155
81
58
114
63
180
90
131
42
233
234
206
170
137
239
215
143
129
175
239
187
206
187
140
123
237
217
177
127
214
92
151
159
124
119
245
61
46
215
223
55
178
231
44
207
207
218
125
237
122
120
93
100
189
215
126
180
181
157
173
144
13
243
29
204
83
16
240
113
61
95
217
40
178
237
204
230
147
219
199
135
158
173
229
172
234
187
239
166
109
203
53
117
119
120
215
254
97
82
255
25
38
249
26
122
19
207
39
87
186
19
120
109
124
116
117
60
175
221
121
125
161
29
172
24
12
211
29
140
65
56
180
97
189
154
215
40
218
1
134
196
10
13
251
133
30
52
84
172
193
44
61
38
13
239
180
33
112
224
67
219
115
64
125
81
38
127
0
65
99
157
100
81
184
83
88
233
124
117
31
58
39
213
17
245
111
153
172
25
13
240
29
152
73
48
242
55
189
88
87
36
218
33
214
204
10
15
251
133
62
54
84
172
205
44
61
38
45
239
182
97
240
240
67
211
115
64
125
209
62
121
18
195
99
221
100
81
186
83
88
233
124
118
31
56
39
213
113
245
111
153
172
25
13
240
29
152
73
56
242
51
189
88
87
38
219
1
6
0
3
201
200
162
197
8
48
10
5
128
53
75
160
230
8
129
0
200
128
142
0
74
8
8
0
128
2
11
22
117
32
81
48
17
2
13
196
197
20
24
134
68
2
232
69
136
12
88
0
240
31
140
73
0
96
3
180
64
70
32
120
2
2
128
2
1
64
4
2
2
34
10
0
0
4
1
2
201
0
33
208
192
4
65
65
64
85
185
40
0
138
33
64
213
36
69
186
8
40
41
68
32
80
48
43
85
84
180
109
153
172
24
0
240
29
28
65
0
242
19
177
24
87
32
106
2
128
0
10
0
2
12
2
2
34
41
128
16
4
37
18
205
2
33
192
192
4
65
65
68
213
185
41
2
8
33
64
213
4
69
170
24
40
33
96
32
74
52
41
213
84
180
109
153
172
24
5
240
25
92
65
16
242
19
177
24
83
96
98
3
192
8
10
0
18
12
2
2
170
33
138
16
0
37
27
205
130
33
193
128
4
65
67
68
149
177
41
3
8
49
96
210
4
85
170
90
104
161
112
34
74
48
41
215
20
180
109
153
172
24
5
240
29
156
65
16
242
51
189
88
83
96
243
10
208
8
170
54
145
28
3
18
170
53
200
146
0
36
91
228
215
37
225
192
20
193
89
45
145
169
47
83
41
181
114
209
36
148
186
82
121
161
244
114
206
56
45
210
20
208
111
153
172
24
5
232
29
156
73
16
242
59
188
88
87
34
187
179
222
84
199
255
189
135
24
190
93
46
75
173
127
108
53
246
247
13
56
212
102
155
124
97
252
121
62
254
83
83
127
215
229
219
20
115
219
249
167
245
93
74
31
213
134
252
17
136
157
28
45
252
165
143
105
48
246
182
140
210
95
36
188
6
133
136
152
1
130
12
67
0
66
1
194
128
64
36
3
136
73
32
65
192
37
82
67
68
215
145
36
16
40
1
64
135
16
211
170
16
104
232
32
96
60
48
169
213
84
181
111
25
172
24
5
240
29
156
0
16
162
51
189
88
83
32
234
131
141
128
6
65
202
12
3
10
1
11
206
162
101
6
24
237
3
36
213
134
45
99
67
71
215
51
47
2
42
2
32
151
39
93
154
2
40
235
70
97
88
40
107
157
28
245
47
209
164
16
4
224
17
156
75
16
114
48
61
24
85
32
234
131
222
82
175
253
184
134
200
58
121
162
123
166
91
206
221
226
213
61
98
204
37
170
120
110
222
57
47
215
11
51
127
247
165
92
219
114
243
237
246
211
94
10
31
209
22
216
17
137
189
24
37
248
151
141
105
16
240
50
189
92
87
50
185
179
222
84
195
255
185
135
152
190
85
46
79
173
127
108
181
246
247
29
56
204
102
155
124
99
220
121
62
254
83
83
63
183
229
219
80
83
219
237
167
247
93
74
31
213
134
252
21
136
157
16
37
252
167
143
233
48
244
178
172
208
95
36
188
88
33
143
156
34
35
124
119
193
130
117
144
91
160
54
74
166
92
98
111
2
148
228
151
204
139
166
152
65
132
52
232
242
52
52
186
74
108
128
241
58
202
189
47
250
52
193
78
27
168
26
199
112
28
21
76
153
242
59
216
121
86
66
251
59
150
116
199
255
189
151
56
190
125
182
107
173
121
108
85
244
247
236
176
244
119
155
124
225
126
113
126
126
81
197
239
159
232
210
52
255
89
248
105
125
95
106
175
213
97
253
79
184
222
153
13
246
165
219
85
62
182
182
191
242
223
44
94
36
6
165
161
200
252
163
125
140
124
194
71
193
21
155
36
202
77
195
32
240
3
218
248
93
216
28
166
24
130
35
206
69
128
83
48
52
186
237
36
108
20
18
167
69
33
244
97
184
44
152
8
242
29
156
73
4
242
23
180
74
87
40
126
0
2
68
131
217
200
130
72
44
17
10
101
160
63
233
161
98
20
129
32
192
0
143
96
66
140
8
3
190
10
11
23
61
100
81
146
16
210
13
132
197
84
8
6
68
6
232
129
136
52
88
36
176
7
140
9
24
96
34
164
72
7
36
88
1
14
196
2
9
90
160
110
40
48
6
69
16
53
202
160
235
128
1
96
196
1
234
113
73
152
24
14
64
10
35
74
213
36
69
186
82
50
173
124
208
84
24
39
85
18
116
237
153
44
24
4
240
29
157
73
16
242
35
188
88
87
32
250
20
33
155
220
34
197
220
103
199
162
31
148
81
102
153
210
187
144
98
67
135
56
196
131
157
151
183
73
0
174
21
106
199
52
101
158
2
120
235
94
48
89
181
47
182
20
181
110
155
172
57
71
178
29
20
81
0
114
51
249
121
87
33
250
214
64
17
173
248
192
26
193
10
97
3
30
144
4
235
240
235
212
1
96
8
128
134
56
76
156
184
105
211
42
51
63
112
36
21
218
66
115
129
86
144
72
24
14
196
28
200
28
137
172
82
5
120
30
148
105
144
242
57
188
92
6
34
177
212
8
146
177
128
64
40
199
10
235
106
158
18
164
203
250
235
144
33
103
8
133
230
56
79
201
184
41
195
14
50
58
112
37
117
251
82
118
133
84
176
68
56
62
79
30
72
180
153
44
90
5
240
31
148
73
144
240
33
188
92
86
32
178
196
8
146
49
1
98
32
198
9
170
74
149
2
132
139
170
235
92
33
71
76
133
238
25
79
201
184
41
83
4
50
106
117
36
117
187
18
126
237
116
112
84
56
42
95
22
101
228
153
172
88
5
240
29
156
73
144
240
35
185
92
86
32
242
30
9
202
186
19
215
89
79
151
134
21
180
19
174
181
126
203
212
32
111
135
54
192
35
29
131
166
13
83
168
52
104
214
4
5
186
66
124
195
124
48
200
52
105
150
20
101
110
155
172
26
5
240
29
188
89
16
242
59
249
89
86
34
251
4
3
137
24
0
144
4
103
128
130
1
128
80
0
129
2
137
0
34
65
128
48
64
131
93
145
149
44
0
140
17
72
199
4
69
170
0
40
33
64
32
8
52
41
23
20
53
110
27
168
56
5
178
25
92
80
0
226
19
177
24
83
96
106
149
169
221
140
34
75
211
230
59
132
95
220
93
53
159
234
171
208
240
45
4
113
230
162
233
97
152
120
105
202
22
41
149
84
113
250
22
90
217
124
244
157
61
39
181
22
245
108
155
172
235
7
176
29
144
76
120
246
58
121
89
87
36
250
218
217
222
95
55
251
220
190
127
145
253
251
190
250
102
218
189
147
124
159
7
127
231
119
163
95
243
127
127
107
214
54
159
127
40
215
223
93
250
247
123
255
239
127
187
125
255
191
253
219
255
215
253
231
250
238
115
223
252
127
117
121
151
223
103
5
136
50
17
6
93
78
134
134
1
176
19
138
128
86
74
20
33
71
3
166
192
39
28
146
166
13
82
168
48
104
66
36
4
186
2
56
65
92
0
74
52
105
210
20
1
110
25
172
24
5
96
24
188
65
16
242
51
185
24
86
32
250
5
14
4
4
201
136
162
64
56
89
2
71
128
125
200
32
130
9
129
32
196
36
138
112
67
92
16
6
188
2
11
71
87
32
81
176
117
154
233
4
213
52
26
166
197
2
255
99
153
36
24
0
241
13
155
9
18
66
55
165
64
7
32
250
249
253
238
93
230
95
220
182
123
221
60
203
222
249
118
237
189
243
254
175
127
221
119
247
251
119
151
246
237
95
214
51
223
123
168
101
254
93
254
185
115
191
235
119
189
126
255
183
253
219
143
255
221
239
154
239
127
221
124
111
247
249
223
251
5
14
4
0
201
136
166
64
44
24
10
71
128
127
201
37
131
41
129
0
196
38
154
112
65
92
16
6
156
2
11
71
95
32
83
176
49
154
233
4
101
52
24
167
69
66
247
99
152
36
24
0
241
13
153
9
18
66
55
165
64
7
32
90
189
220
239
109
63
249
249
250
189
157
254
255
255
125
236
236
171
253
255
107
244
94
226
119
111
255
17
55
125
67
119
255
223
101
253
250
86
123
249
61
255
253
251
63
221
51
253
107
143
189
31
133
248
189
159
76
120
246
59
255
217
223
36
254
5
2
4
8
137
152
166
80
40
16
10
7
128
125
233
1
137
41
129
0
196
38
26
112
65
92
16
36
48
6
3
64
159
0
67
160
81
26
233
32
100
20
24
167
69
224
247
107
152
172
24
0
242
29
152
9
2
194
23
181
72
71
36
90
5
134
12
8
9
152
38
0
33
2
8
130
136
125
45
1
201
41
33
224
196
102
82
243
80
116
21
36
32
6
33
64
223
0
67
170
81
8
233
104
60
28
56
165
85
241
247
111
153
172
24
4
240
29
216
9
16
226
19
181
88
211
96
122
4
1
137
8
0
129
4
103
1
130
1
128
80
0
153
2
201
8
35
64
128
48
64
131
88
85
149
108
0
140
17
64
197
4
69
170
16
40
33
72
32
0
52
33
21
116
53
110
27
172
56
5
178
25
92
80
0
162
19
177
8
211
104
98
242
209
155
127
54
130
92
138
211
171
57
203
175
192
54
27
253
199
52
223
142
175
99
79
237
223
247
127
83
59
246
46
211
61
62
255
202
45
242
247
115
202
181
107
187
92
189
63
205
162
16
199
104
58
60
231
81
179
113
251
61
117
144
171
245
59
211
23
16
74
165
254
203
168
122
181
102
199
139
250
255
198
161
7
77
173
231
135
203
239
240
235
3
10
194
111
207
39
117
182
21
144
235
116
101
92
179
167
237
48
189
238
136
164
105
241
242
30
28
65
68
186
7
243
24
71
37
126
135
129
77
16
38
144
222
64
50
131
21
214
218
53
32
66
128
213
4
99
134
100
224
114
77
146
160
15
80
12
49
120
214
36
84
170
90
120
201
244
80
94
56
46
208
20
209
111
153
172
24
5
240
29
156
73
16
242
51
189
88
87
34
250
59
244
113
166
255
173
31
73
230
69
249
115
189
110
180
85
242
244
70
112
242
42
144
116
94
190
225
27
210
186
125
237
194
45
94
158
194
112
161
223
83
202
21
11
192
20
252
15
137
164
80
5
98
30
156
65
24
242
51
188
88
70
32
184
64
13
131
27
64
70
6
167
10
232
42
133
16
164
11
170
79
2
160
6
88
129
230
128
89
69
152
36
129
138
2
10
237
0
65
48
16
0
238
104
112
28
32
167
21
20
53
108
145
136
24
1
176
25
28
67
1
96
2
57
80
84
0
250
2
0
128
2
9
194
4
6
2
34
10
4
16
4
33
2
233
32
33
64
192
4
64
65
64
221
185
12
0
138
33
64
69
36
71
186
16
40
41
76
96
80
52
43
85
84
180
109
153
172
24
0
242
29
28
65
16
242
19
180
24
87
32
106
2
194
128
10
0
146
12
2
2
170
33
136
0
128
37
27
205
131
33
208
192
4
64
65
68
213
185
45
3
8
33
66
197
36
69
170
90
56
33
96
96
74
48
41
213
84
180
109
153
172
24
5
240
29
156
65
16
242
51
180
88
87
32
243
10
208
136
10
62
147
24
2
50
186
52
200
26
0
36
91
228
215
37
241
192
21
192
121
13
129
169
47
83
73
49
98
213
36
212
186
90
120
161
244
242
94
56
45
208
20
208
109
153
172
24
5
240
29
156
73
16
242
51
188
88
87
34
251
147
222
80
239
253
184
130
216
58
121
46
203
174
89
204
185
230
213
61
33
196
44
171
120
111
223
57
47
223
11
35
127
215
229
92
91
114
251
237
246
243
94
42
31
209
22
252
81
137
181
24
5
252
183
143
105
16
240
178
173
92
87
54
189
39
5
200
50
1
6
93
78
134
134
5
176
19
170
180
86
74
48
32
103
3
182
192
39
28
146
166
9
82
168
48
105
194
4
4
186
2
120
67
92
80
202
52
105
146
84
37
110
25
172
24
5
96
24
188
65
24
242
51
185
24
150
32
250
225
207
162
11
195
199
135
193
175
199
42
206
179
204
123
237
203
49
127
71
94
151
191
100
83
119
29
46
147
158
18
19
236
47
71
155
210
97
237
40
112
85
52
175
85
126
60
180
157
140
16
13
211
29
132
67
16
248
96
61
94
221
40
250
3
150
0
34
141
152
6
8
34
3
41
66
172
47
4
17
196
163
5
208
192
98
19
100
196
212
121
107
18
50
225
65
151
44
210
142
73
8
41
74
100
88
56
169
212
81
244
77
152
172
24
0
240
21
220
73
8
242
19
180
24
211
104
106
196
107
207
223
50
81
88
246
82
187
45
157
18
246
179
234
43
212
96
43
15
172
230
179
9
7
179
40
65
11
22
59
242
38
53
250
82
125
243
244
114
106
185
62
190
148
73
254
153
173
126
213
152
26
148
76
144
242
41
95
93
84
35
243
220
107
223
223
50
81
216
246
91
242
127
156
81
246
251
234
171
212
224
43
15
184
230
178
9
7
178
56
65
203
22
59
242
6
117
250
86
123
211
116
178
125
185
54
182
134
65
110
155
173
127
247
152
31
149
76
144
242
57
127
93
68
35
243
156
171
223
205
34
91
210
246
123
148
127
156
93
53
219
234
187
212
248
47
4
241
230
178
169
97
144
120
109
202
22
43
245
84
113
250
86
91
216
116
246
29
185
54
181
134
241
108
155
172
239
7
176
29
145
92
84
246
59
125
89
95
102
250
5
33
144
22
0
10
4
70
3
0
15
96
0
87
130
2
171
0
32
5
3
45
66
67
64
194
144
9
0
8
0
0
151
38
97
154
0
8
75
68
33
48
40
163
173
80
181
110
17
164
41
0
48
24
24
2
48
50
18
49
8
5
37
74
5
37
128
18
0
10
4
6
67
0
3
32
0
199
130
3
203
32
32
4
3
45
67
67
66
66
144
9
2
8
0
0
135
38
97
154
0
8
67
76
32
48
32
163
13
80
53
206
16
164
9
0
48
24
16
2
40
34
16
49
8
69
37
74
160
5
130
23
0
68
132
135
35
192
9
134
18
230
163
46
235
16
32
7
31
173
119
3
80
199
144
41
2
136
18
0
135
38
99
154
16
72
107
76
32
56
44
163
149
84
53
46
17
172
24
13
178
24
16
74
24
114
16
49
24
85
33
106
160
205
178
223
34
69
208
199
15
193
47
142
19
246
251
238
187
144
96
15
30
187
247
2
89
199
150
41
3
154
22
58
231
38
103
250
146
90
235
124
50
125
36
38
181
22
17
46
153
172
250
13
178
31
148
74
16
242
112
61
89
85
43
250
66
1
130
26
0
0
4
135
66
130
1
138
144
194
7
26
76
2
32
150
10
165
67
3
82
129
144
40
3
136
0
0
135
38
3
170
8
8
66
64
32
106
36
233
21
92
145
174
17
172
24
1
48
24
80
67
17
34
16
49
24
81
64
107
219
217
222
95
103
219
220
138
251
145
181
235
190
250
102
219
173
179
62
223
7
127
231
119
227
127
243
126
127
111
198
54
159
127
40
87
219
93
250
255
123
255
233
127
187
125
191
191
253
219
47
215
253
231
251
238
115
223
252
127
177
121
151
219
146
201
138
223
34
89
208
167
31
209
63
222
19
182
255
250
235
210
56
47
6
169
230
34
109
199
176
41
71
171
22
58
183
36
117
218
82
91
235
118
178
93
169
62
157
158
245
46
153
172
95
5
176
31
181
75
16
242
56
125
89
85
34
250
195
213
128
22
69
130
12
10
2
3
41
202
162
195
4
27
111
71
36
149
2
44
33
67
70
215
179
45
19
42
0
32
210
36
28
155
2
44
107
70
32
202
40
233
159
88
181
62
65
164
16
4
32
0
52
163
16
50
48
61
28
85
48
170
205
230
229
60
61
187
47
126
176
191
248
255
203
157
134
111
130
93
135
105
248
167
226
123
77
170
140
135
89
8
33
203
255
36
212
186
86
58
161
181
222
126
58
175
210
51
229
107
24
172
24
5
209
29
159
8
16
226
51
188
72
86
38
251
13
6
229
128
120
127
163
254
176
252
198
87
73
61
155
164
138
109
203
104
240
97
206
242
73
40
24
150
252
64
51
207
125
96
85
184
84
250
169
28
213
52
26
150
65
162
225
105
24
44
29
5
209
29
159
12
44
230
51
188
202
7
36
250
4
2
37
161
137
252
167
125
140
122
218
85
193
29
153
36
201
77
195
32
240
3
202
249
93
252
24
166
24
194
35
207
77
32
87
32
116
186
233
36
108
84
18
174
69
33
244
97
186
172
152
1
242
29
156
89
4
98
151
180
202
87
32
126
13
6
231
129
248
247
167
252
184
253
202
85
201
125
155
165
139
109
203
98
240
97
238
241
78
232
12
150
252
0
49
223
125
96
85
184
84
178
169
188
220
116
26
134
197
163
193
75
24
44
29
1
209
29
157
8
36
226
51
188
202
23
36
248
13
7
116
176
1
60
37
88
36
68
42
4
1
61
164
39
194
124
133
96
224
34
16
50
68
136
128
0
112
0
41
193
80
4
86
170
1
122
1
196
214
144
24
135
64
67
230
78
17
36
24
4
96
29
143
9
16
242
51
188
72
22
32
248
13
5
100
48
1
36
37
72
164
102
1
0
17
105
164
71
194
124
1
96
224
34
144
50
68
168
160
9
80
0
57
73
80
4
22
186
1
96
1
204
12
194
28
11
64
81
196
78
24
36
24
4
98
24
157
1
24
162
51
156
8
86
34
241
5
7
208
24
17
2
37
78
32
68
33
160
0
139
132
15
202
100
33
100
2
38
208
35
68
153
129
13
50
8
0
73
150
6
117
154
0
56
1
68
36
10
56
163
116
16
117
110
16
164
48
4
48
24
148
8
24
162
51
157
88
71
37
123
71
1
202
58
19
2
93
78
166
134
5
176
19
170
180
94
74
52
32
103
3
183
192
39
21
147
182
13
83
168
48
105
210
6
6
186
2
120
67
124
48
202
52
105
151
84
37
110
153
172
24
5
112
25
180
65
24
242
59
185
25
215
34
251
30
41
203
186
51
215
89
111
135
166
117
180
19
138
177
126
234
212
32
99
135
54
196
39
13
131
166
13
82
168
52
104
226
36
21
186
82
124
195
84
48
88
181
105
150
20
161
110
155
172
24
5
240
29
188
73
16
242
59
249
89
86
32
251
0
34
17
34
200
152
162
64
192
56
194
39
224
113
137
32
98
137
131
64
193
36
9
213
194
8
236
134
194
6
161
70
255
36
69
180
81
186
169
100
232
84
24
6
64
231
162
79
185
44
8
1
240
29
156
73
22
242
23
180
88
71
32
120
16
34
145
38
232
130
162
100
64
56
66
23
224
115
139
0
98
139
131
64
193
37
67
215
202
8
172
140
66
4
161
66
127
36
68
190
81
58
129
100
200
84
24
14
192
165
131
79
153
44
24
5
240
28
157
73
6
242
19
148
88
70
32
120
80
35
145
54
232
162
42
96
64
42
83
23
192
71
129
0
98
203
3
70
201
37
67
215
202
8
164
140
66
4
161
72
119
36
68
190
89
56
1
84
88
64
17
14
192
37
131
79
153
172
24
3
240
28
156
73
0
242
19
149
72
6
32
240
86
41
139
222
54
83
92
6
66
162
29
176
83
134
63
90
25
214
48
223
143
149
199
3
141
195
162
13
3
168
20
104
215
52
53
187
74
124
195
87
50
202
181
105
151
28
229
110
215
174
26
199
32
25
52
90
144
243
59
249
89
84
114
242
82
33
137
246
52
130
88
39
66
162
83
16
192
194
18
18
34
193
0
199
143
45
195
87
140
138
166
141
66
44
48
104
87
36
20
186
74
56
194
213
0
104
177
72
226
4
129
111
155
172
24
67
96
28
60
73
0
243
51
219
120
54
32
250
90
49
203
255
54
130
222
166
82
162
85
154
216
194
147
90
170
213
16
231
143
173
195
83
205
154
178
157
66
44
52
42
215
36
20
186
90
121
194
117
48
106
185
104
243
28
193
111
155
172
24
71
112
29
188
73
16
243
59
251
88
87
34
251
3
132
128
38
13
130
4
3
32
64
40
67
136
9
4
5
224
97
33
209
192
38
81
99
68
221
129
38
18
16
33
65
215
36
83
186
82
40
233
100
96
92
56
171
213
80
245
111
152
164
24
1
240
28
156
73
16
178
51
181
24
87
32
234
82
49
129
54
52
162
122
102
64
34
83
18
192
195
131
18
170
197
0
230
207
45
195
211
204
154
182
141
66
44
177
104
87
36
84
186
75
120
193
85
176
72
153
15
225
20
195
79
153
172
24
7
96
28
157
73
0
243
51
185
88
87
32
243
217
217
214
93
235
201
252
244
155
185
110
223
150
244
235
248
239
214
61
107
78
142
174
56
111
223
183
106
213
11
50
62
243
39
125
251
82
119
237
246
243
92
56
63
223
30
253
181
137
141
86
37
248
159
133
105
144
240
33
61
92
87
32
184
198
64
18
173
192
64
8
196
10
161
1
30
144
128
203
178
235
208
1
68
8
128
134
16
78
153
184
105
195
10
50
59
240
36
85
250
82
115
129
86
178
88
24
10
204
30
200
20
137
172
80
5
112
30
148
73
144
240
49
188
92
70
34
241
159
216
223
93
190
249
220
240
187
187
61
219
158
240
108
249
253
214
61
107
206
142
174
121
239
223
119
107
215
11
243
62
243
39
124
223
82
117
233
246
243
94
120
63
223
22
252
181
137
141
86
37
248
159
133
105
144
240
49
189
92
87
34
187
130
201
138
23
169
64
220
130
74
163
45
202
162
196
70
58
45
3
36
147
14
172
103
70
195
87
243
106
131
35
130
50
171
188
64
68
91
13
234
226
98
26
32
105
157
92
189
63
209
202
0
71
244
3
112
227
19
115
148
53
52
113
192
74
1
2
68
131
217
200
162
200
44
17
10
103
160
63
201
161
98
84
133
32
192
0
143
96
66
140
8
1
190
10
11
31
52
103
81
146
16
210
13
132
197
84
8
6
68
6
104
129
136
52
89
36
145
7
141
9
8
96
34
164
72
7
36
88
4
5
12
8
0
216
36
69
32
2
10
0
64
37
9
2
201
40
97
192
208
112
82
195
81
85
149
164
0
132
1
64
207
0
195
170
17
8
233
104
36
20
52
161
85
112
55
111
154
172
8
0
176
29
88
89
8
162
19
177
24
211
104
98
227
204
142
223
239
97
216
191
29
249
127
207
170
204
75
173
239
151
61
223
14
143
175
60
99
95
123
42
215
3
34
55
255
39
125
81
83
119
236
246
243
124
104
62
223
31
251
177
205
201
86
181
221
175
132
235
209
252
161
63
84
117
146
190
4
1
8
8
0
128
36
100
0
2
2
0
64
4
9
2
201
8
99
64
192
112
66
195
64
85
149
228
0
132
1
64
205
0
195
170
16
8
41
72
36
16
52
161
85
112
55
110
26
172
136
0
178
29
88
81
8
162
19
177
8
211
104
74
98
198
170
11
203
213
130
129
174
199
1
138
144
40
63
13
205
49
34
196
88
215
23
68
86
85
61
44
131
158
18
18
196
12
195
143
208
40
44
106
32
90
52
169
85
124
176
181
153
140
16
13
179
25
220
83
16
224
48
53
82
209
72
99
9
50
213
34
248
187
162
118
112
56
66
23
204
115
139
1
234
203
129
96
193
5
75
243
202
24
184
142
200
4
177
98
87
36
85
186
81
122
169
116
244
84
24
14
193
132
227
79
153
172
24
5
240
29
156
73
20
242
51
189
88
87
32
250
6
193
73
16
34
145
218
64
50
131
37
192
216
32
36
66
128
213
4
107
134
116
64
115
77
146
165
47
64
12
53
104
215
20
84
170
82
120
233
112
240
94
56
45
210
20
209
111
153
172
24
5
240
29
157
73
16
242
51
189
88
87
96
251
150
218
214
85
253
248
220
208
187
187
57
203
142
245
70
185
253
215
61
107
206
142
174
120
239
223
247
107
215
11
243
62
243
39
124
223
82
117
233
246
115
94
56
63
223
22
252
181
137
141
86
37
248
159
140
105
144
240
49
189
92
87
32
186
86
49
139
254
54
146
88
6
66
162
53
144
83
194
22
90
56
196
32
207
143
189
195
3
141
131
162
13
67
40
52
104
215
52
180
186
74
124
194
87
50
234
181
105
178
28
225
110
219
172
26
199
96
24
52
72
144
243
59
219
89
84
98
243
0
34
17
42
8
192
166
77
192
58
194
37
96
7
137
0
79
10
131
0
193
32
77
213
192
29
108
132
2
134
161
194
205
0
69
180
61
0
169
96
104
84
48
163
84
113
182
111
184
172
8
1
240
29
88
73
6
226
23
180
24
83
96
66
30
35
65
252
60
162
186
79
132
170
113
181
65
66
145
114
226
212
1
99
198
40
196
51
76
138
166
15
82
40
49
122
243
36
85
186
82
120
225
244
242
94
57
14
208
20
193
111
153
172
24
5
240
29
156
73
16
242
51
189
88
86
34
251
1
162
17
3
8
152
164
72
88
154
130
99
224
17
201
0
70
136
131
145
193
32
75
212
193
28
65
162
4
6
161
82
223
0
65
160
125
24
169
96
104
20
56
39
212
113
182
111
185
172
8
1
240
29
88
73
6
242
151
165
24
83
96
90
78
1
218
154
19
83
89
78
135
134
5
180
19
174
181
126
203
20
32
103
6
183
192
35
29
147
166
13
83
170
54
105
210
6
7
186
2
120
203
124
48
217
52
105
151
20
101
110
153
172
58
5
242
29
180
88
16
242
59
189
89
86
34
251
13
7
100
176
1
60
37
88
164
102
42
0
1
61
164
39
194
124
129
96
224
98
16
50
68
168
128
0
112
0
57
193
80
4
86
170
1
114
1
196
14
146
24
135
68
67
230
78
16
36
24
4
96
29
143
9
24
226
51
156
72
86
32
248
109
46
239
201
42
127
169
247
189
254
82
149
93
189
187
230
137
248
235
107
253
209
94
185
89
105
156
146
108
213
63
207
117
80
103
168
221
250
249
60
252
61
121
190
87
162
99
105
187
172
172
11
211
93
157
92
166
230
91
253
203
215
104
246
5
39
145
28
16
10
37
126
1
68
105
144
64
149
132
2
235
76
33
96
130
36
192
67
76
221
129
13
16
8
0
73
150
4
117
154
0
56
65
68
36
26
56
163
116
16
117
110
16
164
41
20
48
24
20
8
0
162
19
177
88
71
37
122
205
20
130
57
21
98
168
222
16
170
128
133
2
132
163
43
235
92
33
67
192
133
238
27
70
201
186
43
83
4
50
106
85
36
221
187
18
124
109
116
112
76
58
42
223
20
53
252
152
172
24
5
240
28
156
65
144
176
35
189
92
87
32
242
4
14
37
161
200
252
163
121
172
125
202
71
193
53
219
165
195
77
195
32
240
7
90
248
93
252
28
166
28
130
35
206
221
0
87
48
117
186
237
36
108
84
58
167
85
99
244
97
184
172
24
1
240
29
156
73
4
242
151
180
202
87
32
126
5
7
81
48
17
56
33
90
32
64
33
128
0
25
132
7
194
108
5
97
2
36
80
115
68
154
129
9
48
0
32
65
146
4
84
186
0
56
1
196
132
26
56
135
240
16
100
78
16
164
48
4
96
29
159
8
16
242
51
157
88
86
36
123
186
249
123
255
183
237
217
173
223
209
223
255
253
118
255
252
255
214
86
243
101
56
231
118
189
223
241
251
247
255
255
191
151
44
119
254
254
123
233
117
249
221
245
46
245
23
255
111
159
174
219
15
250
31
156
89
16
243
59
249
121
31
38
254
159
217
218
255
55
233
221
154
159
145
253
251
191
218
100
251
189
182
52
223
46
62
226
119
165
223
243
123
119
123
214
57
158
125
188
214
239
93
250
245
115
255
255
121
187
23
253
62
197
147
243
215
248
167
254
101
49
147
252
123
49
125
151
219
6
1
8
16
0
144
26
64
34
131
5
194
208
32
32
2
192
145
5
97
128
52
64
83
77
150
165
15
64
14
49
96
210
4
68
170
82
120
225
240
80
88
56
45
208
20
244
111
153
172
24
5
240
29
156
73
16
242
51
189
88
87
32
250
7
1
77
16
38
145
90
64
50
3
21
82
218
96
32
66
192
213
5
97
192
116
128
115
108
150
165
15
80
15
49
120
210
36
20
170
82
121
233
212
80
216
56
13
208
20
240
111
155
172
24
5
248
29
156
73
16
242
51
189
88
23
32
250
3
134
0
34
141
152
6
8
34
3
169
98
168
9
4
17
197
34
5
208
192
98
19
96
68
149
121
43
18
22
161
65
149
44
215
138
72
40
41
98
100
88
56
169
212
81
246
77
152
172
24
0
224
21
220
73
24
178
19
180
24
211
32
74
245
57
211
23
48
72
189
254
219
165
95
189
103
135
155
250
251
198
160
3
205
169
231
134
201
207
244
171
3
42
195
111
149
37
117
182
61
16
233
117
97
92
179
163
237
16
189
110
136
166
233
195
240
30
28
65
100
178
19
249
56
71
36
254
28
169
221
141
34
89
146
228
123
128
63
156
93
52
251
226
155
208
64
47
4
241
230
160
169
129
144
88
45
202
22
41
181
84
113
202
94
83
200
116
182
29
61
54
180
150
241
108
155
172
239
7
178
29
149
92
24
242
56
120
89
95
98
250
5
6
117
48
0
44
37
74
32
102
138
0
64
45
160
7
194
108
129
96
224
32
80
50
68
136
128
128
80
4
41
65
83
4
86
186
0
122
1
196
68
66
24
134
64
65
196
79
24
36
24
4
96
28
159
9
24
226
19
156
72
86
32
248
195
213
0
30
21
2
28
2
2
3
41
202
162
131
132
27
43
71
36
69
11
132
225
3
64
215
179
41
19
42
0
32
210
36
60
155
2
44
35
87
32
202
40
105
151
24
180
62
65
164
16
4
32
24
180
163
144
50
48
29
28
85
48
170
187
117
101
182
255
173
31
25
230
101
249
115
191
78
180
85
242
245
71
112
242
46
176
127
94
190
163
31
210
56
125
237
66
44
94
154
194
112
161
215
83
202
29
15
192
20
252
79
137
164
16
5
98
28
157
65
24
178
51
188
88
86
32
184
242
241
154
255
55
50
220
146
87
171
61
250
175
194
22
91
253
215
52
219
15
174
225
95
237
215
247
123
83
59
246
122
210
60
188
255
218
125
242
247
114
202
177
125
187
28
149
63
217
171
18
199
104
24
188
69
17
243
113
223
125
117
162
187
5
7
117
48
0
44
37
74
32
102
2
0
64
41
164
3
194
108
129
97
224
96
80
51
68
136
128
129
80
0
41
65
82
4
86
186
1
58
1
196
196
194
24
135
224
80
196
79
24
36
24
4
96
28
159
9
24
242
51
188
72
86
34
249
225
207
34
11
195
93
135
193
47
199
42
202
178
76
127
173
203
49
45
7
94
135
55
100
83
215
29
40
151
154
18
17
228
39
79
219
80
100
239
168
114
84
48
191
21
94
60
180
157
141
16
44
147
31
132
67
144
248
96
61
86
85
8
184
4
2
137
8
0
144
4
70
2
130
1
0
80
0
153
2
201
8
99
64
128
16
66
195
88
85
149
108
0
140
1
64
197
4
71
170
16
40
33
72
32
24
48
41
85
116
181
111
27
172
24
1
178
25
92
81
0
226
19
177
88
211
104
98
64
13
147
27
192
70
6
173
138
128
10
4
0
132
11
162
111
2
160
4
72
129
230
128
89
197
156
108
129
138
2
8
197
4
65
48
16
0
206
96
48
28
32
163
53
28
165
108
145
136
89
1
176
25
20
195
1
122
2
57
16
68
0
234
4
0
128
136
0
128
36
86
0
2
10
0
64
4
153
3
201
40
97
64
208
80
82
195
64
117
132
172
0
132
1
64
205
4
195
170
16
40
41
72
36
16
52
161
85
112
183
111
154
172
8
0
178
29
88
81
8
162
19
177
8
211
104
98
225
205
166
11
193
70
135
216
43
197
40
207
130
239
230
173
203
49
37
39
94
141
62
32
83
119
25
32
145
10
2
17
232
39
87
218
16
64
111
172
115
116
56
167
29
90
124
164
9
172
80
60
209
27
132
194
56
248
32
61
92
85
32
248
46
170
96
33
159
248
167
88
221
153
222
127
225
28
233
229
201
45
227
209
245
39
91
85
117
125
93
167
94
215
35
134
143
170
207
190
127
59
237
60
105
117
114
169
85
97
62
227
184
254
136
8
243
181
104
48
54
128
215
183
170
251
236
74
5
6
132
8
0
152
36
65
32
2
10
4
192
37
141
1
201
41
65
96
209
100
82
193
80
116
20
132
0
132
1
64
223
4
67
170
16
40
105
104
36
20
56
167
85
240
183
111
152
172
8
0
176
29
88
89
24
226
19
181
88
211
104
98
3
194
0
42
205
152
134
8
40
17
40
72
172
49
76
17
237
163
1
240
192
2
11
112
68
221
9
47
183
2
33
66
149
44
83
154
91
16
169
100
102
94
56
173
213
80
244
77
152
172
24
0
240
21
156
73
16
242
19
180
88
87
32
120
5
6
4
8
8
136
36
80
33
0
10
6
128
53
169
1
193
41
129
96
193
36
90
241
64
124
16
4
32
6
9
64
223
0
67
170
17
10
73
104
36
20
24
167
85
112
247
111
152
44
8
0
242
29
152
9
26
226
19
181
72
83
32
106
0
14
132
0
201
202
34
69
40
40
2
5
0
37
202
160
235
0
1
96
192
1
106
48
67
200
152
6
192
2
35
66
213
36
69
186
82
50
169
116
208
84
24
143
213
86
228
109
153
172
24
1
240
29
157
73
16
242
51
188
88
87
32
248
147
217
26
31
7
72
220
140
90
161
61
206
50
198
79
186
109
146
52
147
14
170
231
6
161
215
243
106
131
43
134
54
184
189
33
86
11
3
234
243
51
219
165
105
158
94
189
44
193
194
83
7
188
3
112
227
145
51
184
121
53
100
146
203
13
5
96
48
1
38
45
78
164
110
129
0
1
41
160
7
194
124
3
96
224
34
80
35
84
136
160
9
82
0
57
65
83
4
22
186
0
104
1
204
76
66
28
138
194
81
193
79
25
44
24
4
96
24
28
1
24
178
51
152
8
22
32
225
5
39
145
60
16
2
37
110
65
68
73
144
64
133
141
2
171
76
33
100
130
40
192
19
76
157
129
141
2
8
32
73
214
4
117
186
0
56
65
68
36
72
56
163
100
144
245
110
24
164
57
4
48
24
20
9
0
226
19
145
88
71
33
114
5
7
209
60
16
2
37
78
32
68
161
128
64
161
132
3
170
76
33
100
2
36
64
51
76
153
129
13
18
8
32
73
214
4
117
186
0
120
1
68
36
74
56
163
116
16
245
110
24
164
56
4
96
24
148
8
8
226
19
157
88
71
33
251
133
33
128
22
0
64
4
6
2
0
15
64
0
7
130
2
43
0
32
5
3
169
98
2
64
195
144
9
0
8
2
0
23
36
97
154
0
8
75
76
32
48
40
163
165
80
181
46
17
164
105
0
48
24
16
2
24
50
16
49
8
21
33
74
189
252
125
170
16
125
163
249
253
221
254
255
255
63
220
254
251
164
255
121
245
66
249
244
253
253
125
187
111
223
235
255
204
76
111
254
255
187
253
252
255
213
58
183
87
115
118
229
171
61
175
136
248
29
79
85
124
244
239
232
219
159
108
222
4
2
137
8
0
144
4
70
130
130
33
128
80
0
157
2
200
0
35
64
128
52
64
195
92
145
181
44
0
140
49
64
199
4
71
170
0
40
33
104
32
72
48
45
85
116
181
111
155
172
24
1
176
29
220
81
16
226
19
181
88
83
96
242
5
6
4
0
137
136
36
80
40
16
10
7
128
53
169
1
195
41
129
96
193
36
90
241
64
92
16
4
32
6
1
64
95
0
67
184
17
10
201
4
100
20
24
167
69
96
247
107
152
44
8
0
242
29
152
9
2
98
19
181
72
71
36
74
5
5
128
22
1
0
4
6
3
0
1
32
0
71
130
3
11
32
32
5
3
169
66
2
64
131
144
9
2
8
0
0
135
38
32
154
0
8
67
76
32
32
36
163
133
88
181
46
16
164
8
0
48
24
16
2
8
34
16
49
8
85
32
74
3
132
128
2
13
130
4
3
32
106
40
67
136
7
4
5
0
97
33
145
192
37
83
99
64
220
129
38
18
0
33
65
215
36
87
176
83
40
41
96
96
76
56
171
213
80
245
111
24
172
24
0
240
24
156
9
16
178
51
181
24
87
32
106
79
5
216
56
19
134
125
78
166
166
5
160
17
138
165
95
203
52
33
71
130
54
208
35
20
147
166
13
83
168
52
105
194
4
7
186
2
120
65
124
48
202
52
105
246
84
165
110
153
172
56
5
112
29
180
65
16
242
59
189
89
86
34
251
173
220
238
109
55
253
241
250
189
221
254
253
159
61
236
239
171
253
191
107
244
87
230
117
109
255
29
54
125
71
119
127
221
100
117
250
86
123
249
61
255
221
122
63
223
51
124
107
157
189
31
5
248
29
158
76
56
246
59
253
217
223
38
250
1
2
68
3
201
136
130
8
46
1
14
103
168
127
104
33
66
48
5
16
192
34
137
96
66
128
8
2
190
10
9
23
60
100
81
146
16
66
13
132
197
20
8
6
64
66
232
65
129
36
24
4
176
5
137
9
24
96
38
164
0
7
36
88
78
1
218
186
19
215
121
78
167
166
5
180
17
174
189
126
203
116
32
103
142
182
196
35
29
131
166
13
83
168
52
105
210
4
7
186
2
120
193
124
48
73
52
105
182
20
229
110
153
172
56
5
242
29
180
65
16
242
59
189
89
86
34
243
1
2
68
131
201
136
130
72
46
17
14
103
160
127
201
161
98
17
133
32
192
34
137
96
98
136
8
2
190
10
9
23
60
101
81
146
16
82
13
132
197
20
8
6
64
2
232
65
129
37
81
36
176
7
137
9
56
96
34
172
64
7
36
88
5
14
68
0
201
136
166
80
40
17
10
71
128
117
200
33
130
41
129
32
197
36
10
113
65
94
16
6
60
6
11
68
95
32
81
176
17
154
233
4
85
52
24
167
197
64
247
107
153
36
24
0
241
29
154
8
18
98
55
165
72
23
32
90
6
5
138
48
49
146
121
79
132
162
193
180
3
138
129
86
106
212
35
67
134
38
192
19
13
138
166
13
82
40
48
104
71
36
21
186
82
124
193
84
112
72
48
105
210
20
161
110
153
172
24
5
240
29
188
65
16
242
51
189
88
86
32
250
22
5
139
52
49
226
189
79
132
170
249
180
1
206
129
118
235
220
3
67
134
34
196
27
77
139
166
15
82
40
33
122
103
36
85
186
82
56
225
84
112
72
48
174
214
20
129
111
153
172
24
5
240
29
156
65
16
242
51
189
88
86
32
250
94
9
219
250
51
147
125
79
133
130
127
180
19
142
185
126
194
212
33
79
14
182
192
51
13
130
166
13
82
168
52
40
226
4
85
186
82
124
193
116
112
92
53
105
214
20
165
110
155
172
24
5
240
29
188
81
16
242
51
253
89
86
32
250
133
5
130
23
1
64
132
133
3
192
9
132
16
6
131
34
171
2
32
7
11
169
102
2
80
199
144
41
3
8
2
0
135
36
101
154
0
72
75
76
32
56
44
163
181
20
53
46
17
172
120
5
176
26
16
66
24
50
48
49
24
85
32
234
30
2
65
52
61
178
190
111
132
186
211
53
1
71
129
82
234
220
3
99
196
34
196
123
77
154
166
15
82
41
49
126
247
36
85
186
82
120
225
118
112
92
57
46
212
20
193
111
153
172
24
5
240
29
156
73
16
242
51
189
88
87
32
250
130
201
138
159
35
89
216
133
15
129
47
220
19
54
255
250
43
146
48
15
15
177
231
2
41
199
176
41
3
170
22
40
148
36
101
218
66
91
203
116
178
221
36
61
183
30
181
44
145
172
118
5
176
31
180
74
16
242
56
61
89
85
34
250
164
141
154
159
34
69
216
133
15
193
47
156
16
54
251
238
171
18
32
15
31
169
246
2
89
199
144
41
3
154
22
58
229
36
101
218
146
90
203
92
50
93
36
38
182
22
49
44
153
172
122
13
176
27
180
66
16
114
48
61
89
85
34
250
0
34
145
38
232
154
162
106
208
56
194
7
224
113
139
32
102
137
131
64
192
39
11
215
206
136
172
134
194
132
33
78
95
40
69
180
117
58
169
100
232
84
24
14
68
225
163
79
185
172
24
1
240
29
156
73
6
242
23
180
88
71
32
120
78
41
139
250
54
211
92
7
70
162
57
176
83
134
183
90
25
84
32
223
143
149
199
7
13
195
166
13
67
172
52
232
199
44
183
187
74
124
195
86
34
107
181
105
151
28
5
110
95
172
26
199
34
25
180
88
144
242
59
217
89
80
98
243
82
35
129
54
232
162
58
98
192
58
83
23
192
193
3
2
42
201
3
198
200
45
195
215
206
26
182
140
66
4
33
232
87
44
68
186
95
56
193
84
88
68
17
14
193
37
131
79
153
172
24
3
240
28
156
73
0
242
51
157
104
23
32
250
94
33
139
251
54
146
92
7
70
162
17
176
115
130
179
90
25
84
32
223
143
53
199
3
13
131
162
13
83
172
52
106
87
44
181
187
74
124
195
87
48
106
181
104
151
28
1
46
91
172
26
199
112
25
52
88
144
179
59
251
89
80
96
243
11
194
136
10
47
147
152
6
50
186
32
200
152
16
37
73
232
213
33
225
192
21
66
121
4
153
169
47
83
8
49
98
213
36
84
186
82
120
169
116
242
94
56
15
209
84
208
77
153
172
24
5
240
29
156
73
16
242
51
188
88
87
34
251
3
133
128
26
1
0
4
6
66
128
1
138
32
194
6
11
11
34
32
151
10
173
67
2
64
131
144
41
3
40
2
0
135
38
5
154
0
8
67
76
32
106
36
233
149
88
53
46
17
172
24
5
48
8
52
2
24
50
16
49
24
85
32
107
86
33
139
244
54
176
92
7
64
162
81
146
195
194
19
82
8
197
34
207
143
173
195
87
13
146
182
141
66
172
52
168
87
44
148
186
74
124
195
85
16
104
177
104
211
20
129
111
27
172
24
67
96
29
188
88
16
243
51
219
88
23
96
242
25
34
213
38
232
186
170
114
112
57
66
87
206
113
130
0
238
201
129
96
192
37
67
243
202
26
184
134
202
4
33
110
87
36
84
184
85
58
169
116
220
84
24
14
193
5
227
79
153
172
24
5
240
29
157
73
20
242
19
189
88
87
32
250
82
33
139
247
54
162
218
164
64
170
83
18
200
193
19
18
168
197
0
231
143
173
195
83
76
154
182
141
66
44
49
42
87
44
84
186
90
120
192
85
240
104
185
78
211
20
195
111
155
172
24
7
112
29
156
73
0
243
51
185
88
87
32
251
217
54
213
182
252
171
62
114
112
125
98
83
206
241
162
65
234
205
165
97
233
173
99
251
206
27
185
190
218
4
49
111
87
37
84
186
83
120
161
117
245
92
58
15
201
5
255
79
152
164
24
5
240
30
159
73
16
242
51
189
88
87
32
250
90
33
203
255
54
179
216
166
64
162
85
150
219
194
19
90
136
213
32
239
143
189
199
83
13
154
182
157
82
44
52
42
215
44
149
186
90
124
195
87
48
104
181
104
211
28
193
47
155
172
24
71
240
29
188
73
16
243
59
251
89
87
34
251
197
12
146
41
17
98
160
214
24
170
202
149
66
132
139
171
235
76
33
67
72
133
238
9
79
201
56
41
83
14
34
106
117
36
117
187
18
118
109
116
112
84
56
42
95
22
97
244
153
44
88
5
240
31
156
73
144
176
35
184
92
86
32
242
2
130
0
10
9
146
14
7
0
170
40
128
0
0
37
3
201
129
33
208
192
1
64
81
64
213
169
44
2
8
33
66
197
44
69
186
90
56
33
96
96
78
48
45
213
84
180
109
153
172
24
5
240
29
156
65
16
242
51
180
88
87
32
114
2
2
128
0
73
194
6
4
0
42
10
0
0
4
33
1
201
32
33
64
192
3
66
1
64
221
185
44
0
0
33
66
69
36
71
186
16
32
41
68
96
68
48
43
85
84
180
109
153
172
24
1
240
29
156
65
16
242
19
180
88
87
32
106
141
144
138
41
21
98
172
222
16
186
200
157
2
140
163
107
235
220
161
67
64
133
238
59
78
201
58
35
81
4
50
123
245
38
189
187
82
124
109
116
112
76
58
46
95
20
81
244
24
172
24
5
240
28
156
65
144
176
35
157
92
87
32
242
179
253
222
94
55
73
220
171
255
129
189
250
62
251
230
254
255
146
54
251
7
174
225
119
255
159
247
123
231
191
222
56
222
62
36
222
202
123
250
253
211
255
185
127
184
118
245
110
153
174
19
71
248
31
157
77
17
243
121
63
121
117
163
251
3
4
0
2
13
130
4
3
32
104
8
67
168
7
4
5
1
33
33
145
192
36
81
99
64
92
129
6
18
0
1
65
215
36
81
176
83
8
41
96
96
68
56
171
213
80
245
111
24
172
24
0
240
24
156
9
16
178
51
181
8
87
32
106
215
213
26
30
49
2
28
138
2
130
57
186
2
130
132
26
99
215
52
77
11
132
228
2
76
215
187
41
19
40
0
56
240
36
52
219
66
124
3
214
34
202
57
41
178
28
148
12
65
173
18
5
40
24
180
75
144
242
49
28
92
84
50
187
5
37
225
60
0
130
45
78
96
102
225
144
64
161
133
2
138
76
33
96
162
32
192
51
76
137
163
141
67
4
32
73
215
36
117
186
0
104
33
108
36
74
56
171
118
16
245
110
25
164
24
5
96
28
28
8
8
226
19
185
88
71
32
243
20
169
77
141
34
89
144
228
11
128
63
156
93
52
251
226
137
16
0
47
14
240
198
160
9
129
144
24
33
170
22
40
180
20
97
202
2
91
202
84
178
29
61
38
180
150
225
44
147
172
171
7
176
29
148
76
24
98
56
120
89
86
34
250
79
1
139
184
51
211
125
78
133
166
137
180
17
140
165
127
139
84
35
67
142
182
196
51
13
139
162
13
83
40
52
105
195
4
21
186
18
120
193
116
48
72
52
105
246
20
165
110
153
172
24
5
240
29
188
65
16
242
59
189
89
86
34
242
1
39
129
60
0
226
44
102
64
68
209
144
64
133
133
2
171
76
33
96
130
40
192
19
76
153
128
141
2
4
32
73
214
36
117
186
0
120
65
68
36
104
57
171
102
144
229
110
24
164
24
4
96
28
20
8
0
226
19
145
72
71
32
114
82
3
133
116
232
178
62
106
144
58
211
83
203
245
2
0
40
137
67
114
196
47
194
215
78
154
182
134
192
132
33
234
95
44
68
186
95
56
192
116
88
92
25
14
193
37
131
79
185
172
24
1
240
29
156
73
0
242
51
157
120
23
32
250
78
41
139
249
54
147
220
71
68
170
145
176
83
130
179
91
8
84
34
223
143
53
199
23
13
147
182
13
83
172
52
170
87
44
151
171
90
124
195
85
48
106
181
104
151
28
1
126
219
172
24
5
114
29
180
88
144
242
59
255
89
83
96
243
78
33
139
249
54
177
216
231
196
170
209
150
211
192
51
74
8
213
99
207
143
181
198
95
13
146
182
13
82
172
52
186
87
44
157
187
90
124
193
85
48
104
177
108
211
20
129
127
155
172
24
5
112
29
188
88
16
242
59
223
93
87
34
243
7
1
128
22
1
0
4
12
130
0
1
32
0
7
130
18
11
0
0
5
10
163
226
2
68
145
144
41
18
40
0
8
4
52
36
154
0
8
3
68
32
0
52
161
165
24
37
46
16
164
112
0
32
24
52
2
8
34
16
49
8
85
32
106
2
194
8
42
47
144
130
4
48
58
32
200
0
16
45
9
200
212
33
224
192
3
74
121
68
153
185
46
87
0
49
98
213
36
85
186
82
120
169
116
242
94
56
15
209
84
208
77
153
172
24
5
240
29
157
73
16
242
51
188
88
87
34
251
2
130
0
10
201
144
134
5
0
42
40
0
0
0
1
1
201
0
1
208
192
2
2
80
68
221
169
44
18
0
33
66
197
36
71
186
80
48
41
96
96
92
48
47
213
84
148
77
152
172
24
1
240
29
156
65
16
242
51
180
88
87
32
122
2
2
0
0
201
192
6
4
0
42
10
4
0
4
3
32
201
8
1
192
192
3
2
64
66
205
168
12
128
0
33
66
69
36
69
186
80
32
41
68
96
68
16
43
85
80
180
77
152
172
24
1
240
29
156
65
0
242
19
180
72
87
32
120
2
6
0
0
201
200
2
5
40
40
10
5
0
37
10
161
233
8
1
64
192
3
10
48
66
200
184
2
128
0
35
66
213
36
69
186
82
34
169
100
80
84
24
143
196
82
228
77
153
172
24
1
240
29
156
73
16
242
51
188
88
87
32
248
7
5
128
22
1
0
12
12
130
0
1
160
0
131
134
19
11
2
32
5
10
162
98
2
68
147
144
41
18
40
0
0
132
36
36
154
0
8
3
68
32
74
36
233
179
88
53
46
16
164
48
0
32
24
52
2
8
50
16
17
8
85
32
106
1
39
129
60
0
34
44
102
64
0
209
16
64
161
133
2
171
76
33
96
130
40
192
147
76
153
128
141
2
4
32
73
86
36
117
186
0
56
1
68
36
96
57
171
100
144
245
78
24
164
25
4
96
28
28
8
0
226
19
209
72
71
32
242
0
2
145
8
0
148
36
66
2
134
8
0
208
4
153
2
207
0
33
64
192
4
66
193
88
85
173
108
0
140
33
64
197
4
71
170
16
40
41
72
32
80
48
173
85
208
180
111
155
172
24
1
178
29
92
81
0
226
19
181
88
211
104
98
1
39
69
60
0
34
44
102
96
100
225
144
64
161
132
2
130
76
33
96
130
32
192
51
76
137
129
141
2
4
33
73
211
36
116
186
0
40
33
100
36
74
56
139
118
16
199
78
24
164
24
4
96
28
28
8
8
226
19
177
88
70
32
243
0
38
145
8
0
132
36
103
64
6
10
4
80
4
153
2
207
40
65
64
208
4
82
193
216
116
140
204
0
132
1
64
77
4
67
170
0
40
9
72
36
16
52
163
85
240
36
111
154
172
8
0
178
29
28
81
0
34
19
176
8
195
104
98
173
204
236
8
23
255
247
124
189
221
236
253
15
61
238
239
235
252
63
105
244
67
254
117
125
255
29
55
125
31
115
111
213
100
117
250
82
121
253
124
123
222
58
175
215
50
116
229
153
172
30
12
248
29
158
68
56
246
43
189
218
215
42
250
5
14
196
0
8
136
34
80
40
16
2
71
128
53
200
1
202
41
129
96
197
5
91
241
65
92
24
134
40
6
3
64
95
32
67
186
17
26
205
4
69
20
24
167
69
96
118
227
152
36
8
0
240
29
136
8
18
98
19
181
72
87
32
122
4
2
129
8
0
132
36
66
0
6
10
4
192
4
153
3
203
41
65
64
208
4
82
193
80
116
12
140
0
132
33
64
207
4
67
170
16
40
9
72
36
16
48
167
85
112
38
111
152
44
8
0
178
29
24
65
0
226
19
181
8
67
96
98
135
1
136
22
1
64
16
140
3
128
13
148
0
39
131
162
11
0
0
7
10
162
230
2
73
129
144
41
3
42
2
8
148
52
37
154
2
8
203
84
48
24
45
35
164
20
53
44
17
172
123
5
176
24
52
74
24
50
48
121
8
21
32
234
0
2
153
8
0
144
4
66
2
134
33
128
208
0
157
2
78
1
33
64
128
20
64
193
92
145
189
108
0
140
49
64
199
4
71
170
16
40
33
104
32
74
48
41
85
84
180
111
155
172
24
1
178
29
92
81
0
226
19
181
88
211
104
226
3
150
32
0
141
152
6
8
34
2
160
96
232
9
4
17
196
32
3
208
193
66
17
96
68
149
105
107
18
30
129
65
213
44
215
138
72
40
41
96
100
72
56
169
212
80
244
77
144
172
24
0
224
25
220
73
8
178
18
180
24
211
96
106
211
209
24
30
23
64
92
12
194
3
61
188
32
142
6
123
111
22
48
149
10
178
227
4
36
213
243
41
147
43
198
40
144
172
181
222
34
65
74
87
34
203
165
105
150
28
172
60
83
146
83
133
44
162
116
227
208
51
184
123
61
4
182
130
186
249
122
254
55
119
220
179
87
219
125
250
63
154
118
254
255
214
124
251
23
246
229
62
173
215
247
123
87
251
246
250
226
44
188
223
222
125
250
245
114
203
247
125
150
20
245
126
223
191
23
199
234
29
246
93
208
243
121
95
125
187
234
191
3
194
0
8
141
152
134
8
42
1
168
72
168
49
76
1
192
33
1
240
192
2
11
97
68
149
9
46
50
14
1
64
149
44
83
154
90
56
169
96
100
92
56
173
212
80
244
109
152
172
24
0
240
29
156
73
16
242
19
180
88
87
32
122
110
33
171
184
22
215
92
71
197
162
17
176
83
130
179
95
153
84
98
207
139
151
199
7
13
195
182
13
83
188
52
200
199
12
151
171
74
124
67
86
32
106
52
105
151
92
1
174
95
172
24
5
50
25
244
88
144
162
59
253
89
81
104
243
187
245
250
31
55
21
221
171
215
239
125
250
191
138
22
94
255
214
52
219
27
214
231
63
249
247
247
59
83
249
246
123
227
44
132
254
223
125
224
255
114
203
245
45
147
52
145
109
219
174
27
135
248
25
252
85
16
243
57
217
125
213
42
255
186
56
211
183
54
72
157
172
219
165
223
253
127
22
155
242
251
198
34
51
205
169
231
132
205
223
244
187
99
251
215
239
149
45
117
254
254
113
233
125
113
93
183
43
205
20
253
108
139
166
203
135
240
30
60
65
100
178
51
249
121
71
36
222
6
192
72
8
34
152
24
64
50
162
37
202
152
32
100
91
192
213
37
97
128
84
192
113
109
144
161
47
82
11
49
120
210
4
148
170
66
120
169
112
240
218
56
45
211
20
240
111
155
172
16
5
248
29
156
73
16
242
59
189
88
87
32
251
6
192
8
8
0
144
24
65
2
162
33
130
144
0
45
18
192
193
33
97
128
20
64
81
77
144
165
45
66
14
49
96
210
4
69
170
82
120
161
112
48
90
56
45
213
20
180
111
155
172
24
5
240
29
156
73
16
242
51
189
88
83
96
251
217
2
197
116
236
170
62
122
112
57
242
83
206
241
2
0
238
205
167
99
196
45
162
243
78
27
177
182
232
4
33
110
95
37
84
184
95
56
225
116
253
92
58
15
201
37
255
79
153
164
24
5
240
30
159
73
20
242
51
189
88
87
32
250
78
33
139
249
54
241
216
135
197
170
81
150
219
192
51
106
136
213
34
239
143
181
194
95
13
146
182
13
82
174
54
170
87
44
159
187
90
124
203
87
48
104
181
108
215
28
161
63
155
172
24
5
240
29
188
88
16
242
59
255
93
87
98
243
64
1
146
143
192
66
6
133
10
0
15
4
16
196
27
176
111
3
0
4
10
129
70
0
90
197
156
76
131
170
18
0
132
21
65
16
0
2
206
64
32
24
4
34
37
28
165
44
145
136
65
1
177
75
16
195
17
42
0
48
16
69
16
232
135
5
128
30
1
64
28
141
3
128
13
140
16
6
135
50
139
0
32
5
10
161
230
2
84
197
144
41
3
42
2
0
132
52
37
154
0
8
203
84
32
72
36
33
182
28
181
44
17
172
112
5
176
24
52
66
16
50
48
57
24
85
32
234
3
134
0
35
201
152
134
8
40
17
14
71
130
21
64
33
224
133
5
81
192
6
10
81
68
220
9
38
86
2
33
70
149
36
80
186
82
58
169
164
65
84
24
175
212
82
180
69
153
172
24
0
240
29
156
73
16
242
51
188
88
87
32
248
187
252
125
171
159
125
147
252
255
125
214
255
253
63
222
252
251
212
87
112
245
82
175
124
109
253
125
59
255
91
123
239
221
108
85
254
86
115
233
116
249
221
127
47
213
55
244
101
187
172
27
4
248
29
156
77
24
244
47
249
218
95
38
254
187
252
125
170
159
253
147
124
223
125
214
255
189
63
222
252
251
212
83
113
241
83
235
124
109
253
125
43
255
91
123
239
221
108
85
254
86
115
233
124
121
221
123
47
213
53
244
109
187
172
27
5
248
29
156
73
24
242
63
249
218
95
34
254
187
252
125
170
223
125
179
253
255
94
246
253
125
59
255
252
251
182
87
112
245
82
189
244
253
189
125
187
255
223
251
251
205
108
79
254
222
115
237
124
255
221
126
159
85
179
118
100
187
173
159
8
248
29
207
93
60
244
111
184
218
223
42
223
134
133
136
159
0
68
152
133
11
192
45
156
16
6
175
246
139
18
0
7
14
160
230
0
93
197
144
41
3
170
22
40
164
52
101
218
130
88
203
92
50
88
53
40
182
28
181
44
145
172
114
5
176
25
180
66
144
114
56
57
88
85
34
250
186
252
125
170
190
125
179
253
223
93
254
253
125
58
222
244
251
214
87
240
117
82
189
244
253
189
125
187
239
223
255
250
205
108
79
254
222
51
169
124
251
223
115
191
212
243
182
108
187
173
207
9
248
31
143
81
52
240
111
248
250
223
106
255
62
241
125
222
54
69
223
45
215
196
253
245
125
110
181
118
255
150
70
243
55
56
229
166
188
255
231
217
107
255
255
249
234
124
37
222
222
113
250
253
115
201
245
107
244
52
245
110
143
166
195
79
250
26
20
93
184
179
123
251
59
47
169
254
130
0
8
0
136
144
14
65
0
35
11
70
130
5
0
2
192
65
5
65
200
36
128
65
76
150
164
15
66
10
33
96
194
36
84
170
82
56
129
208
80
88
16
141
208
16
164
79
153
172
24
1
240
29
156
65
16
242
51
188
88
86
32
248
20
169
77
141
34
73
154
228
75
196
31
156
93
52
219
226
137
16
0
102
14
241
198
160
221
129
144
88
33
170
30
41
180
20
65
202
26
66
202
92
178
29
61
34
180
22
225
44
155
172
11
7
176
29
20
77
24
98
56
120
89
86
98
250
206
9
203
241
55
241
248
250
148
171
241
182
219
192
179
107
136
93
99
107
142
247
198
123
13
219
183
171
80
134
54
250
87
62
159
171
82
124
233
117
120
108
177
45
215
53
179
127
155
172
24
5
240
29
156
88
16
242
51
191
93
87
32
242
4
2
133
116
233
184
168
123
148
56
210
87
201
113
27
0
168
137
67
82
196
47
194
243
74
26
148
134
200
132
33
206
223
56
69
184
87
58
232
100
220
92
17
142
193
33
179
79
185
172
25
1
240
29
157
73
0
242
55
189
104
87
32
122
110
41
170
185
23
247
104
79
133
234
129
180
83
128
187
79
137
92
99
79
159
183
214
23
21
147
182
13
83
156
52
136
71
14
199
171
82
124
193
84
56
104
52
40
151
124
1
254
27
172
56
5
114
29
244
80
144
226
51
189
89
83
104
243
204
3
207
117
45
114
248
250
148
187
243
83
203
241
18
34
168
205
103
123
204
175
226
243
77
27
183
178
88
6
35
250
95
60
69
186
95
56
232
244
248
124
185
47
209
37
243
111
153
172
24
1
240
29
156
73
16
242
51
189
120
87
32
250
206
1
207
245
55
241
248
250
148
187
249
214
203
192
19
98
137
221
103
127
14
175
230
115
77
223
183
170
80
6
54
186
87
60
213
186
82
120
233
117
120
108
177
47
215
53
247
111
155
172
24
1
240
29
156
88
16
242
51
191
88
87
32
250
78
9
138
249
55
241
248
219
133
170
241
182
211
192
179
107
137
221
99
79
14
183
198
91
13
223
183
41
80
206
54
186
87
14
159
171
82
124
233
117
56
104
180
109
215
20
53
127
155
172
24
5
242
29
188
88
16
242
51
191
93
87
32
242
78
33
202
249
55
241
248
255
132
170
209
182
211
128
179
107
136
93
99
111
15
247
198
123
13
154
182
9
80
142
54
186
87
14
159
171
82
124
201
117
56
104
48
44
211
21
33
127
27
172
24
5
240
29
220
88
16
242
51
191
93
87
32
243
2
2
0
0
201
200
6
4
0
40
10
5
0
5
10
161
233
0
1
64
192
3
10
80
70
136
168
2
144
0
35
66
213
36
85
186
82
50
169
100
80
84
16
143
212
80
164
77
153
172
24
1
240
29
156
73
16
242
51
188
88
87
32
248
7
150
32
8
157
152
6
24
34
2
169
98
232
9
4
1
192
101
2
144
192
70
16
97
68
148
105
109
16
30
1
64
221
44
223
138
72
40
41
96
100
72
56
169
212
80
180
77
144
172
24
0
160
25
220
73
8
178
18
180
24
211
32
106
2
2
0
0
201
192
134
4
0
42
10
1
0
4
3
1
233
32
1
192
192
2
10
64
70
205
168
8
146
8
33
66
69
36
87
186
80
32
41
68
96
84
16
143
68
80
180
77
152
172
24
1
240
29
156
65
16
242
19
180
72
87
32
120
2
130
0
8
205
144
134
4
0
58
40
0
128
20
9
1
201
224
1
192
192
2
10
80
70
221
185
42
146
8
33
66
197
36
87
186
80
48
169
100
96
92
16
15
85
80
148
77
152
172
24
1
240
29
156
65
16
242
51
180
88
87
32
120
2
194
0
8
237
152
134
4
32
58
0
72
128
17
47
1
200
212
1
224
192
3
10
112
70
153
57
39
215
8
33
66
213
36
85
186
82
48
169
116
240
94
24
15
213
84
208
77
153
172
24
5
240
29
157
73
16
242
51
188
88
87
34
251
3
6
32
0
157
152
6
16
38
2
130
66
200
13
0
5
192
101
3
208
192
70
16
97
68
20
41
44
16
30
33
64
92
44
223
138
72
40
41
64
36
64
56
169
84
80
180
77
16
172
24
0
162
25
220
25
8
50
18
180
8
211
40
98
187
244
109
142
255
125
159
60
247
127
220
127
45
31
182
117
251
246
103
112
241
82
179
124
108
253
253
59
251
91
127
239
221
44
151
254
214
113
169
125
120
220
123
175
213
48
244
109
185
172
26
13
248
29
156
81
56
178
59
188
250
215
44
250
3
130
0
0
141
136
134
8
34
3
168
74
168
45
4
1
192
33
5
208
192
6
26
97
68
148
9
46
18
14
1
64
213
44
87
154
72
40
169
96
100
92
56
171
212
80
244
109
144
172
24
0
240
29
156
73
16
242
18
180
24
87
32
122
2
0
9
128
0
144
14
64
2
42
10
66
128
5
16
19
194
193
5
65
192
36
0
81
76
148
173
15
66
10
33
112
210
4
84
170
82
56
129
240
80
92
48
45
208
20
164
79
153
172
24
1
240
29
156
73
16
242
51
188
88
86
32
250
86
113
89
154
23
82
31
14
198
2
57
184
49
134
183
91
123
214
16
84
10
144
228
4
140
213
251
9
147
40
84
41
80
36
159
223
74
116
3
85
34
202
53
121
23
156
132
28
86
172
86
132
42
176
246
115
192
48
40
88
93
92
114
178
152
10
197
116
237
122
60
126
176
57
254
83
206
241
2
32
169
205
39
115
196
175
162
251
78
95
181
178
248
7
35
238
223
40
85
184
95
48
248
116
124
92
59
47
197
37
247
111
153
172
24
5
240
29
158
73
16
242
51
189
88
87
32
250
187
244
109
14
191
117
159
60
215
63
253
255
189
62
182
116
251
214
103
240
241
82
163
124
236
253
253
59
251
91
255
234
221
44
133
254
222
113
169
125
120
205
127
47
213
52
180
109
187
172
27
5
248
29
156
73
56
242
59
152
250
223
44
254
4
2
133
244
41
178
170
123
132
184
210
23
193
117
27
0
168
137
67
82
196
47
194
211
72
26
148
134
64
132
33
206
95
56
71
184
85
58
232
100
216
20
17
142
193
37
163
111
185
172
153
1
240
29
156
73
0
242
23
181
104
87
32
122
186
248
125
143
255
125
155
252
255
126
214
127
61
62
255
244
251
212
67
112
241
82
167
124
111
189
253
59
255
219
127
255
221
108
213
254
214
115
233
117
250
221
95
15
212
55
244
109
187
172
155
5
250
29
156
89
24
242
63
184
218
95
38
253
7
150
32
0
157
136
6
88
162
2
169
66
200
9
4
1
192
101
2
144
192
6
16
96
68
148
41
44
16
14
1
64
213
44
223
138
72
40
41
64
100
72
40
169
212
80
180
77
144
172
24
0
160
25
220
1
0
50
18
180
24
83
32
106
7
130
0
0
205
136
6
88
34
3
138
70
136
13
4
1
192
101
3
208
192
6
26
96
68
212
9
46
144
14
1
64
213
44
95
154
64
40
169
4
100
84
24
143
213
80
244
77
144
172
24
0
224
29
156
9
16
50
18
180
88
87
32
120
6
194
0
9
237
152
130
12
42
16
128
73
136
17
15
1
232
196
1
144
192
0
10
112
70
153
25
43
149
12
1
66
213
36
87
186
82
48
169
116
240
94
24
15
213
84
208
77
153
172
24
1
240
29
157
73
16
242
51
188
88
87
32
251
76
9
234
249
55
243
252
219
133
170
233
182
211
196
187
107
137
93
99
79
14
247
198
115
5
223
183
165
80
198
54
154
114
22
215
171
82
124
233
112
120
108
52
45
215
117
55
127
155
172
56
5
242
29
220
88
16
242
51
191
93
87
33
242
108
47
170
249
19
247
104
95
132
202
193
180
81
128
187
79
137
93
99
79
31
183
214
19
21
219
182
133
81
150
50
128
71
6
199
171
80
124
73
116
56
104
48
44
87
253
35
254
25
172
56
5
243
29
244
80
144
226
115
157
73
83
41
243
3
6
0
0
201
192
134
69
0
40
10
5
0
4
3
1
201
32
1
64
192
0
26
64
70
205
24
2
144
12
33
66
69
36
87
186
80
48
41
68
96
84
16
143
68
80
180
77
152
172
24
1
240
29
156
65
16
114
19
180
72
87
32
120
