posters/Movie Poster 73.jpg
512
734
324
173.024
-1
0
111
600
0.00120974
31
-75.1578
-1
0
107
101
0.00123549
31
105.376
-1
0
261
602
0.00123625
31
-99.8658
-1
0
329
605
0.0032549
31
-171.634
-1
0
158
130
0.00141978
31
-14.9783
-1
0
373
605
0.00233542
31
-51.9036
-1
0
268
135
0.00549481
31
-106.87
-1
0
195
104
0.00334868
31
-106.071
-1
0
197
104
0.00364501
31
-59.2244
-1
0
286
110
0.00162852
31
6.54297
-1
0
374
325
0.00178693
31
-171.254
-1
0
105
606
0.00148301
31
-61.7251
-1
0
128
105
0.00149269
31
-92.3708
-1
0
208
105
0.00612253
31
-20.2862
-1
0
303
153
0.00145848
31
-86.5213
-1
0
214
105
0.00318309
31
-84.1176
-1
0
217
105
0.00145526
31
5.40379
-1
0
205
603
0.00196075
31
-3.62853
-1
0
378
599
0.0024016
31
-52.7652
-1
0
152
106
0.00303814
31
176.522
-1
0
108
601
0.00280508
31
-90.1666
-1
0
236
106
0.00184392
31
-4.42821
-1
0
306
150
0.0017853
31
-85.6013
-1
0
226
107
0.00407816
31
108.979
-1
0
164
150
0.0021437
31
-23.3852
-1
0
203
606
0.00226559
31
-82.2224
-1
0
279
132
0.00147563
31
-104.427
-1
0
200
108
0.00588672
31
93.7947
-1
0
199
138
0.00151096
31
137.502
-1
0
153
146
0.00123282
31
-83.4714
-1
0
249
108
0.00181194
31
-88.0909
-1
0
258
108
0.00331655
31
-1.62498
-1
0
374
327
0.00168014
31
-54.1888
-1
0
183
607
0.003654
31
-50.6307
-1
0
322
108
0.0047262
31
-26.7467
-1
0
330
108
0.00147658
31
158.962
-1
0
187
132
0.0046149
31
-33.1785
-1
0
180
605
0.00832585
31
-12.9345
-1
0
311
132
0.00215509
31
-83.0888
-1
0
221
109
0.0063363
31
-96.5945
-1
0
279
138
0.00234449
31
166.588
-1
0
191
131
0.00612778
31
-56.6015
-1
0
206
608
0.00212965
31
176.939
-1
0
136
603
0.00690574
31
165.838
-1
0
151
131
0.0044365
31
126.142
-1
0
236
133
0.00177676
31
-118.554
-1
0
195
110
0.00677816
31
158.199
-1
0
131
599
0.00547833
31
-86.0847
-1
0
216
110
0.00498382
31
161.843
-1
0
137
599
0.00161951
31
-43.3634
-1
0
184
605
0.00368081
31
-40.5526
-1
0
323
110
0.00422705
31
-110.712
-1
0
198
111
0.00754721
31
24.1609
-1
0
177
599
0.00724534
31
29.1975
-1
0
181
599
0.00828603
31
119.134
-1
0
201
130
0.00755679
31
-131.73
-1
0
303
111
0.00632882
31
-9.946
-1
0
377
602
0.00588277
31
92.4263
-1
0
229
599
0.00220798
31
-79.8493
-1
0
280
134
0.00314117
31
110.072
-1
0
232
602
0.00661351
31
-91.6724
-1
0
238
112
0.00476263
31
135.204
-1
0
163
155
0.00154698
31
150.422
-1
0
327
599
0.0023251
31
23.1063
-1
0
354
599
0.00170179
31
-108.246
-1
0
200
113
0.00445093
31
-143.13
-1
0
236
605
0.00305196
31
153.273
-1
0
283
151
0.00291851
31
-138.652
-1
0
305
113
0.00620009
31
146.965
-1
0
281
151
0.00352731
31
84.3296
-1
0
128
151
0.00168103
31
-145.62
-1
0
192
115
0.0104073
31
-112.62
-1
0
204
115
0.00395955
31
2.1211
-1
0
184
602
0.00431649
31
-87.2737
-1
0
240
115
0.00130826
31
-12.0203
-1
0
304
150
0.00244138
31
-92.1211
-1
0
215
116
0.0023741
31
-47.2785
-1
0
292
143
0.00153394
31
-50.7377
-1
0
290
149
0.00121387
31
-21.4312
-1
0
376
608
0.0039261
31
-30.8277
-1
0
354
608
0.00164587
31
-117.937
-1
0
333
608
0.00191993
31
136.523
-1
0
151
146
0.00322455
31
143.581
-1
0
255
140
0.00145822
31
175.764
-1
0
154
135
0.00242424
31
4.21418
-1
0
179
602
0.00875536
31
129.712
-1
0
253
145
0.001317
31
-85.7881
-1
0
165
118
0.00254796
31
-139.086
-1
0
189
120
0.00409424
31
-82.3532
-1
0
177
118
0.00123932
31
-139.325
-1
0
195
118
0.00338245
31
-114.814
-1
0
204
118
0.00456806
31
108.997
-1
0
268
144
0.00257936
31
-28.5947
-1
0
283
118
0.00186543
31
-60.5725
-1
0
255
608
0.00194904
31
101.26
-1
0
238
144
0.00443593
31
-109.231
-1
0
235
608
0.00163009
31
-56.3099
-1
0
266
135
0.00724326
31
27.646
-1
0
183
600
0.00452188
31
-16.46
-1
0
376
605
0.00837853
31
-82.875
-1
0
116
120
0.00304067
31
-24.7751
-1
0
380
607
0.00208509
31
-77.9247
-1
0
168
120
0.00269551
31
-128.55
-1
0
207
120
0.00962418
31
-55.1378
-1
0
181
608
0.00765019
31
-41.5601
-1
0
177
608
0.00753644
31
-32.5222
-1
0
290
120
0.00249904
31
-4.52477
-1
0
135
121
0.00301036
31
-164.015
-1
0
137
608
0.00159402
31
-81.7953
-1
0
280
136
0.00301141
31
-161.46
-1
0
131
608
0.00542384
31
90.9743
-1
0
121
143
0.00142335
31
38.8845
-1
0
304
600
0.00149961
31
107.691
-1
0
235
600
0.00382334
31
-127.915
-1
0
190
109
0.00127177
31
-145.604
-1
0
190
122
0.00325654
31
-31.3287
-1
0
404
601
0.00281841
31
-174.193
-1
0
108
606
0.00246805
31
9.54913
-1
0
169
142
0.00610834
31
106.998
-1
0
225
141
0.00268443
31
-20.4995
-1
0
374
607
0.00296715
31
-40.0679
-1
0
278
122
0.00334797
31
91.5398
-1
0
210
141
0.00193304
31
148.46
-1
0
154
141
0.0043427
31
141.459
-1
0
148
141
0.00394728
31
177.397
-1
0
155
128
0.00344646
31
-99.2239
-1
0
158
123
0.00393538
31
166.045
-1
0
134
601
0.0115591
31
-67.0231
-1
0
174
123
0.00384273
31
149.574
-1
0
334
600
0.00220383
31
-65.3764
-1
0
302
607
0.00292229
31
-5.55723
-1
0
380
600
0.00129531
31
-41.9487
-1
0
289
139
0.00153091
31
-149.931
-1
0
193
124
0.0055272
31
-153.435
-1
0
207
124
0.00603901
31
91.5398
-1
0
205
139
0.00648321
31
-107.879
-1
0
232
607
0.00487179
31
106.982
-1
0
196
137
0.00440519
31
-85.8554
-1
0
229
607
0.00215021
31
-82.3596
-1
0
161
125
0.00422151
31
-64.7595
-1
0
164
125
0.00220963
31
-60.0864
-1
0
173
125
0.00346445
31
-37.0928
-1
0
177
125
0.00570885
31
-71.3233
-1
0
209
607
0.00246143
31
-82.295
-1
0
302
138
0.00142332
31
-115.916
-1
0
276
138
0.00306237
31
-74.2488
-1
0
406
606
0.00174296
31
120.12
-1
0
190
138
0.00337067
31
-54.3236
-1
0
404
606
0.00260444
31
102.065
-1
0
114
126
0.00358152
31
-65.3764
-1
0
304
606
0.00396171
31
-68.1986
-1
0
258
606
0.00486928
31
90
-1
0
205
137
0.00794411
31
99.2726
-1
0
109
127
0.00250014
31
-42.5805
-1
0
171
127
0.00224298
31
-168.822
-1
0
134
606
0.0123075
31
159.475
-1
0
254
137
0.00395385
31
-80.482
-1
0
244
110
0.00105346
31
38.6598
-1
0
302
600
0.00116914
31
-94.9166
-1
0
307
607
0.00105857
31
-87.0318
-1
0
272
136
0.00108295
31
-176.079
-1
0
112
606
0.00109625
31
91.9349
-1
0
219
143
0.00112795
31
126.906
-1
0
256
145
0.00110072
31
-100.235
-1
0
302
131
0.00118514
31
6.19183
-1
0
356
358
0.00113634
31
-108.071
-1
0
288
177
0.0011469
31
50.9374
-1
0
206
599
0.00115542
31
-31.8189
-1
0
301
157
0.00119541
31
-135.113
-1
0
287
164
0.00100103
31
-67.1533
-1
0
111
103
0.000988445
31
-94.6355
-1
0
261
608
0.00103666
31
98.5216
-1
0
116
147
0.000996969
31
-35.8886
-1
0
202
608
0.000996542
31
-4.42821
-1
0
370
328
0.000996009
31
-101.107
-1
0
234
119
0.00088613
31
79.1145
-1
0
98
129
0.000902242
31
-45.559
-1
0
292
141
0.000929637
31
-44.5965
-1
0
151
113
0.000896591
31
-92.2704
-1
0
308
124
0.0009658
31
-4.33483
-1
0
310
143
0.000953433
31
140.194
-1
0
159
144
0.000946237
31
170.38
-1
0
251
135
0.000884884
31
-102.3
-1
1
288
176.4
0.00111915
37.2
144.57
-1
1
151.2
146.4
0.00283889
37.2
-58.6185
-1
1
291.6
144
0.00153256
37.2
5.7928
-1
1
182.4
600
0.0043327
37.2
131.009
-1
1
267.6
144
0.00216545
37.2
172.804
-1
1
132
600
0.00486415
37.2
114.092
-1
1
237.6
142.8
0.00524343
37.2
0.734521
-1
1
169.2
141.6
0.00552032
37.2
144.364
-1
1
148.8
141.6
0.00271981
37.2
-19.5678
-1
1
376.8
608.4
0.00166176
37.2
-76.8274
-1
1
304.8
608.4
0.00171832
37.2
126.563
-1
1
225.6
140.4
0.00123
37.2
106.928
-1
1
210
140.4
0.00195262
37.2
-55.3591
-1
1
255.6
608.4
0.00121597
37.2
139.431
-1
1
159.6
147.6
0.00129692
37.2
-7.87928
-1
1
376.8
598.8
0.0013979
37.2
169.773
-1
1
136.8
598.8
0.00151033
37.2
152.981
-1
1
153.6
140.4
0.00420234
37.2
-36.3572
-1
1
178.8
608.4
0.00674385
37.2
-68.3897
-1
1
302.4
138
0.00112575
37.2
-96.2939
-1
1
276
138
0.00351471
37.2
93.0128
-1
1
204
138
0.00358139
37.2
-167.885
-1
1
136.8
608.4
0.00192397
37.2
127.875
-1
1
164.4
150
0.00201929
37.2
140.371
-1
1
189.6
138
0.00371749
37.2
89.3563
-1
1
229.2
600
0.00163995
37.2
173.333
-1
1
253.2
136.8
0.0031168
37.2
129.144
-1
1
195.6
136.8
0.00368871
37.2
173.418
-1
1
154.8
136.8
0.00250965
37.2
-76.7595
-1
1
265.2
135.6
0.00415223
37.2
-19.7708
-1
1
374.4
607.2
0.00200729
37.2
-160.56
-1
1
327.6
600
0.00167952
37.2
-29.4191
-1
1
306
150
0.00140316
37.2
177.614
-1
1
331.2
600
0.00217339
37.2
-73.7962
-1
1
279.6
134.4
0.00352124
37.2
86.3165
-1
1
128.4
151.2
0.00119391
37.2
-113.199
-1
1
333.6
607.2
0.00126476
37.2
79.6952
-1
1
207.6
133.2
0.00383872
37.2
-60.1011
-1
1
301.2
607.2
0.00123592
37.2
-36.6561
-1
1
310.8
132
0.00172151
37.2
149.886
-1
1
236.4
132
0.00114285
37.2
-91.1691
-1
1
231.6
607.2
0.0029959
37.2
5.64055
-1
1
176.4
601.2
0.00434488
37.2
160.178
-1
1
187.2
132
0.00384488
37.2
-40.4622
-1
1
182.4
607.2
0.00488881
37.2
102.995
-1
1
235.2
601.2
0.0020899
37.2
114.905
-1
1
199.2
138
0.00125332
37.2
-88.5914
-1
1
302.4
130.8
0.00148655
37.2
162.897
-1
1
333.6
601.2
0.00121872
37.2
-170.681
-1
1
132
607.2
0.00596021
37.2
176.864
-1
1
192
130.8
0.00487986
37.2
-50.2624
-1
1
206.4
608.4
0.00156764
37.2
-151.557
-1
1
158.4
130.8
0.00144615
37.2
167.221
-1
1
151.2
130.8
0.00369132
37.2
-6.75357
-1
1
180
602.4
0.00779842
37.2
178.452
-1
1
134.4
602.4
0.00613478
37.2
-152.289
-1
1
283.2
151.2
0.00199555
37.2
-8.56914
-1
1
183.6
602.4
0.00429935
37.2
98.1301
-1
1
232.8
602.4
0.00377581
37.2
-131.605
-1
1
189.6
121.2
0.00283488
37.2
-115.346
-1
1
330
606
0.00267324
37.2
161.175
-1
1
201.6
129.6
0.00641971
37.2
-97.4716
-1
1
181.2
122.4
0.00126773
37.2
-36.5289
-1
1
258
606
0.00276162
37.2
-32.9052
-1
1
255.6
606
0.00165232
37.2
-53.3581
-1
1
278.4
122.4
0.00326786
37.2
-69.6769
-1
1
229.2
606
0.00216426
37.2
-96.4588
-1
1
158.4
123.6
0.00270645
37.2
-69.9779
-1
1
175.2
123.6
0.00415321
37.2
-132.51
-1
1
192
123.6
0.0036909
37.2
-91.6847
-1
1
206.4
123.6
0.00612726
37.2
-13.5881
-1
1
378
602.4
0.00216099
37.2
147.567
-1
1
154.8
145.2
0.00220792
37.2
-84.0194
-1
1
160.8
124.8
0.00321134
37.2
-59.4208
-1
1
168
129.6
0.00238266
37.2
-13.1981
-1
1
373.2
603.6
0.00170264
37.2
-15.5615
-1
1
180
604.8
0.00800257
37.2
153.279
-1
1
163.2
154.8
0.00138196
37.2
161.565
-1
1
236.4
604.8
0.00174007
37.2
-79.9194
-1
1
163.2
126
0.00332093
37.2
-16.0154
-1
1
376.8
604.8
0.00426869
37.2
-149.642
-1
1
156
127.2
0.00387066
37.2
-69.8424
-1
1
170.4
127.2
0.00189915
37.2
-12.7071
-1
1
312
144
0.000939373
37.2
-20.8978
-1
1
202.8
606
0.000989429
37.2
89.344
-1
1
121.2
142.8
0.00101311
37.2
-69.7897
-1
1
290.4
148.8
0.0010687
37.2
-3.93723
-1
1
358.8
362.4
0.0010015
37.2
-17.7805
-1
1
309.6
142.8
0.00110426
37.2
-88.2643
-1
1
271.2
135.6
0.00108921
37.2
-33.0455
-1
1
309.6
134.4
0.00103571
37.2
-56.9382
-1
1
298.8
142.8
0.000962365
37.2
-52.3705
-1
1
285.6
129.6
0.00100872
37.2
-9.41699
-1
1
379.2
600
0.00104126
37.2
-94.316
-1
1
327.6
607.2
0.00109287
37.2
105.195
-1
1
210
142.8
0.000985253
37.2
2.07003
-1
1
356.4
358.8
0.000946289
37.2
16.1134
-1
1
171.6
147.6
0.000731986
37.2
-56.6759
-1
1
289.2
139.2
0.000894156
37.2
141.546
-1
1
255.6
145.2
0.000880365
37.2
-38.6137
-1
1
301.2
157.2
0.000859107
37.2
-122.716
-1
1
286.8
164.4
0.000822723
37.2
-92.9737
-1
1
307.2
607.2
0.000736046
37.2
95.0006
-1
1
218.4
141.6
0.000816835
37.2
-45.718
-1
1
298.8
148.8
0.000795071
37.2
5.88599
-1
1
354
600
0.000846303
37.2
133.819
-1
1
162
147.6
0.000898927
37.2
-17.8189
-1
1
354
607.2
0.000922125
37.2
-59.6209
-1
1
151.2
122.4
0.000896527
37.2
133.44
-1
1
260.4
146.4
0.000900312
37.2
-138.814
-1
1
198
122.4
0.000809225
37.2
-23.7599
-1
1
380.4
607.2
0.000879289
37.2
143.746
-1
1
253.2
145.2
0.000857763
37.2
-45.1544
-1
1
300
146.4
0.000880867
37.2
-105.186
-1
1
235.2
608.4
0.000916053
37.2
-83.0251
-1
1
268.8
121.2
0.000754406
37.2
177.863
-1
1
279.6
150
0.000917332
37.2
78.4454
-1
1
130.8
147.6
0.000932318
37.2
0.167043
-1
1
374.4
327.6
0.000812599
37.2
-20.7405
-1
1
308.4
147.6
0.00071015
37.2
-1.20605
-1
2
358.56
362.88
0.000750172
44.64
-71.565
-1
2
171.36
146.88
0.00238167
44.64
-47.229
-1
2
303.84
162.72
0.000644446
44.64
-110.761
-1
2
283.68
151.2
0.00151967
44.64
178.21
-1
2
162.72
155.52
0.000796262
44.64
152.892
-1
2
164.16
149.76
0.00202652
44.64
-38.8758
-1
2
303.84
148.32
0.00250843
44.64
-51.0834
-1
2
298.08
148.32
0.000978894
44.64
-71.1198
-1
2
290.88
148.32
0.000935897
44.64
-44.0842
-1
2
302.4
156.96
0.000646314
44.64
149.036
-1
2
158.4
148.32
0.00146014
44.64
-111.801
-1
2
286.56
162.72
0.000809404
44.64
-108.271
-1
2
286.56
168.48
0.00064594
44.64
168.959
-1
2
267.84
145.44
0.00193487
44.64
157.42
-1
2
260.64
145.44
0.000817312
44.64
-96.874
-1
2
288
177.12
0.00100478
44.64
151.679
-1
2
151.2
145.44
0.00407296
44.64
-65.4328
-1
2
290.88
144
0.00154972
44.64
0.818455
-1
2
357.12
360
0.000834151
44.64
162.997
-1
2
252
145.44
0.000491669
44.64
-96.2815
-1
3
286.848
176.256
0.000956961
53.568
324
64
121
156
125
171
223
255
183
253
253
125
254
125
253
60
251
228
243
213
91
100
244
3
175
116
125
237
45
47
255
95
123
255
253
45
85
190
82
115
173
244
251
93
24
46
213
55
244
109
153
172
24
5
240
29
157
73
16
242
51
188
88
86
32
248
203
194
12
161
239
186
166
16
60
63
108
75
140
57
116
1
4
253
29
228
224
67
138
120
72
220
25
118
252
3
51
215
213
241
210
33
115
200
172
162
118
30
90
31
213
25
246
65
157
201
24
5
245
125
159
201
82
222
51
188
208
87
48
252
186
253
255
255
255
127
221
155
255
223
253
251
191
254
254
253
255
247
63
127
119
223
191
127
255
223
115
59
255
123
254
191
247
239
190
223
242
117
255
247
119
223
238
125
223
158
253
181
205
189
86
141
234
183
167
127
216
244
104
31
223
93
190
181
232
78
174
137
222
247
170
245
45
255
0
142
147
132
187
239
139
93
121
110
24
149
94
184
75
121
28
38
209
67
59
150
97
133
255
107
81
255
45
50
48
64
100
62
95
252
74
177
92
72
126
181
151
255
132
254
208
236
41
28
205
69
26
183
201
37
130
51
193
98
34
207
64
64
194
39
32
194
139
162
107
40
161
68
105
137
55
16
86
137
24
129
194
134
34
144
96
39
101
187
1
36
69
76
168
96
16
130
73
73
42
180
73
36
112
48
193
94
4
160
128
168
1
176
12
6
17
32
8
3
132
58
1
171
38
55
132
0
126
3
176
118
30
6
235
219
97
228
244
39
195
247
72
109
180
172
80
0
50
224
223
44
69
190
83
56
233
116
120
92
56
47
213
117
183
111
153
172
24
5
240
29
156
73
16
242
51
189
88
87
32
250
22
115
17
10
16
10
4
34
66
2
57
180
96
134
141
50
118
130
0
212
1
128
65
135
192
4
224
201
3
172
136
0
168
12
197
166
9
10
129
68
34
90
17
33
20
54
166
76
146
46
129
66
48
25
80
81
6
179
19
240
56
98
102
65
199
222
202
75
253
222
214
145
58
249
44
203
138
91
206
173
105
215
61
167
221
37
191
121
43
95
185
111
213
27
163
119
231
33
84
179
83
115
237
244
242
94
58
191
209
26
245
103
153
172
24
5
241
125
157
203
82
254
51
189
88
87
50
249
199
218
130
11
221
194
134
144
26
185
40
203
130
75
134
41
105
195
61
135
205
7
175
121
74
95
185
111
209
11
163
118
247
33
84
179
83
48
237
244
82
94
56
175
209
24
245
101
153
172
24
1
241
125
156
203
82
250
51
189
88
87
50
249
82
216
155
187
54
218
222
167
78
170
121
156
1
134
95
250
127
214
49
75
142
1
199
27
13
221
187
45
83
139
51
122
229
36
117
187
82
126
233
118
50
94
49
47
23
158
53
126
155
172
30
1
240
29
181
73
144
242
43
249
88
87
34
247
60
183
125
172
54
61
61
123
247
94
254
177
125
63
188
119
242
252
195
104
241
114
209
247
221
172
228
217
126
220
253
233
220
108
215
190
254
122
129
125
126
223
59
175
212
247
246
78
187
172
153
15
242
29
159
93
62
242
63
188
122
214
46
248
122
244
125
174
255
191
155
125
255
126
213
252
125
62
253
213
254
247
91
116
241
83
151
124
188
248
248
31
255
221
253
239
197
109
159
255
218
115
169
119
210
223
95
14
209
156
192
77
157
173
158
13
250
61
159
89
24
246
59
156
219
223
42
249
69
192
8
89
237
187
254
16
56
190
45
138
128
88
109
9
4
253
57
98
196
35
74
122
97
93
187
102
85
3
51
119
215
176
209
41
83
233
236
98
114
30
104
47
213
220
245
107
153
200
24
5
245
93
156
73
17
194
59
189
80
87
34
243
198
4
128
133
201
206
14
1
14
107
43
74
130
66
2
53
105
11
53
196
201
133
178
72
82
95
185
111
144
26
163
99
199
37
85
187
19
32
237
244
112
92
48
171
213
24
180
77
153
172
24
1
241
93
156
195
16
242
51
189
88
87
48
232
147
213
92
94
39
128
92
18
98
3
53
200
174
107
36
25
253
242
36
247
131
46
161
103
224
55
243
126
83
60
196
33
222
60
28
158
74
40
114
245
114
202
185
111
209
80
247
78
145
166
16
71
104
24
154
73
25
179
50
151
120
115
160
235
199
132
138
5
206
198
158
129
14
111
57
74
146
206
54
60
105
219
60
213
201
135
178
65
90
87
189
111
192
158
179
98
199
61
69
171
90
120
237
252
112
92
48
171
213
92
180
109
153
172
24
5
241
93
156
195
16
243
51
189
88
83
48
234
71
200
138
29
236
194
158
128
10
167
57
138
128
79
79
57
105
235
56
214
205
167
194
64
73
93
189
111
208
14
163
114
215
61
69
171
90
56
237
116
112
92
48
175
213
88
183
111
153
172
24
1
241
93
156
195
16
243
51
189
88
87
48
234
59
252
239
233
63
253
253
255
253
255
244
249
255
56
125
223
253
253
251
251
244
119
223
255
253
127
117
182
127
215
255
255
223
232
255
116
255
249
248
121
126
223
255
63
215
245
119
107
191
251
159
143
254
189
255
93
62
247
255
255
243
219
238
223
122
221
238
253
54
247
122
243
125
223
85
158
223
252
63
95
254
221
115
231
127
247
215
55
93
126
182
188
83
214
254
185
210
44
87
190
91
122
193
116
122
95
60
46
213
52
227
110
153
172
24
5
240
29
156
73
16
242
51
189
89
87
34
251
206
218
143
241
62
187
222
80
62
191
45
202
223
80
116
123
244
221
63
107
134
117
106
123
173
223
183
254
93
71
55
247
215
176
222
41
90
249
248
243
82
95
106
63
211
22
245
123
157
233
24
5
242
125
159
77
17
242
51
191
89
95
34
251
123
190
125
175
255
255
179
125
253
125
254
125
253
61
249
245
242
213
91
100
240
67
159
124
125
232
236
31
254
93
121
255
245
109
85
191
82
115
173
244
223
93
88
30
213
167
208
77
157
173
28
5
240
29
159
73
16
246
59
188
90
87
34
249
198
206
140
147
238
223
134
49
14
117
60
78
154
118
22
44
105
211
125
247
221
37
163
113
90
95
185
110
208
154
179
99
199
45
84
187
91
80
237
244
80
92
56
175
209
28
247
111
153
172
24
5
241
93
156
203
16
242
51
189
88
87
32
248
179
213
184
92
39
70
93
6
2
71
61
200
6
72
38
31
253
247
36
151
6
61
113
67
164
215
243
127
19
60
212
97
199
60
158
158
202
108
234
241
114
202
181
105
183
92
181
110
145
170
24
71
224
24
60
67
17
179
114
187
56
241
169
235
71
6
128
18
203
206
6
1
38
98
59
6
152
110
43
36
233
179
33
244
201
39
211
97
82
85
185
110
128
154
147
67
215
45
69
171
83
88
237
108
100
28
56
47
213
28
247
111
153
172
24
5
242
93
152
203
16
242
51
181
88
83
32
234
131
214
0
109
253
184
138
16
42
59
161
203
136
81
68
17
36
207
28
217
204
39
10
120
101
222
121
126
150
39
163
86
215
249
216
25
114
185
236
35
231
94
106
29
209
89
254
49
136
215
16
37
229
231
159
235
19
223
182
167
212
87
52
63
186
222
111
235
191
253
255
185
253
255
254
255
189
60
127
237
215
253
255
59
252
119
219
124
117
255
121
182
127
211
127
255
223
232
223
116
247
251
249
51
126
93
110
61
215
247
127
115
191
221
156
45
254
181
223
125
54
246
247
191
211
223
44
254
7
102
88
2
17
24
4
3
114
16
44
112
46
51
132
18
98
130
5
153
193
66
161
119
80
2
65
11
42
8
129
96
152
4
4
178
99
24
1
252
70
210
56
133
144
2
86
79
17
165
9
4
96
24
235
13
18
114
55
148
88
82
32
89
199
22
192
1
221
130
6
17
34
123
32
99
138
195
2
5
104
195
41
148
201
133
27
105
2
89
185
111
144
28
161
66
87
33
20
179
90
48
37
116
100
64
58
143
193
88
215
77
24
172
24
1
241
120
156
203
18
242
51
149
88
87
32
104
193
202
154
21
232
210
190
180
24
191
41
206
130
133
2
42
13
107
188
135
72
133
110
152
75
119
157
102
129
3
163
23
209
17
81
97
17
141
236
234
112
28
40
183
253
56
191
177
157
200
24
179
213
255
152
227
83
221
49
53
212
81
80
238
14
136
138
125
43
249
248
14
24
186
86
205
16
4
107
234
9
24
161
27
196
61
206
91
45
223
146
231
93
99
55
110
215
144
125
32
119
251
232
51
240
61
239
109
183
149
55
107
187
234
58
7
244
5
252
72
23
195
191
237
209
59
161
246
70
1
138
147
79
199
14
129
6
231
59
2
152
206
51
103
201
115
113
215
221
183
211
99
89
119
189
46
80
154
179
99
199
44
71
171
91
104
237
124
112
92
52
47
213
124
181
111
153
172
24
5
240
29
156
195
16
242
51
189
88
83
32
234
77
193
204
155
235
219
150
16
62
63
44
206
156
126
175
105
75
243
57
230
205
119
195
115
0
119
185
46
81
74
55
99
223
37
87
179
83
88
237
124
114
95
60
47
213
28
245
111
157
172
24
5
241
29
156
203
16
246
51
189
88
87
34
251
61
182
125
172
55
189
61
121
245
92
254
49
125
63
252
117
242
252
195
112
241
114
145
246
221
172
228
217
126
220
253
233
220
108
215
190
247
122
137
125
254
223
26
175
212
227
246
79
185
173
152
13
242
29
159
93
62
242
63
188
122
214
46
248
195
142
68
135
232
156
147
128
58
125
22
75
158
121
90
132
228
161
156
33
204
101
170
104
123
242
29
54
174
139
27
127
151
225
72
113
118
219
191
190
213
20
72
159
193
10
216
17
129
205
25
37
253
71
159
235
120
94
50
61
192
21
48
252
101
36
179
52
217
134
43
79
130
97
131
54
226
203
130
22
98
37
3
67
155
173
218
75
86
138
226
15
2
28
97
79
71
167
100
186
128
168
97
94
0
64
0
138
201
24
137
15
24
36
24
9
112
24
28
65
0
50
211
177
138
22
41
106
215
252
146
95
121
74
220
207
202
171
43
255
162
198
207
186
111
131
36
67
143
175
239
15
199
207
242
111
19
43
163
126
231
167
109
191
82
190
235
246
210
94
40
234
159
30
189
127
217
236
88
5
244
31
157
75
144
242
179
189
92
85
163
255
12
10
130
225
57
112
168
207
28
250
234
5
18
212
233
237
11
220
169
10
196
24
172
59
39
137
2
3
223
67
59
94
117
131
125
49
117
246
237
182
227
116
74
92
78
135
88
243
108
125
126
181
223
71
173
104
150
200
175
142
199
14
17
180
34
142
4
131
234
156
134
1
63
125
2
79
156
117
120
4
196
211
140
160
220
101
154
104
89
212
12
54
44
217
25
87
215
224
66
48
240
202
170
42
197
20
72
142
145
6
216
83
145
200
24
13
182
13
157
235
27
118
178
53
194
87
40
254
147
213
16
94
53
162
95
26
130
5
177
232
38
73
4
25
118
231
38
87
2
46
161
103
196
151
231
109
19
40
192
56
146
44
180
158
66
56
34
245
99
202
59
203
176
88
149
78
128
183
16
1
104
56
158
67
17
179
50
159
120
85
164
185
70
0
128
152
74
198
14
1
38
98
25
6
152
102
51
54
105
27
32
228
201
37
83
98
88
84
189
109
0
158
179
64
199
52
71
171
91
104
233
92
32
8
52
43
213
28
247
111
153
172
24
1
240
89
152
203
24
243
51
181
88
83
32
234
135
32
65
34
25
40
33
72
128
1
170
116
32
11
192
49
66
4
7
81
129
2
168
68
101
136
65
3
18
42
33
72
28
132
76
154
32
186
9
150
201
208
24
129
192
83
52
105
0
54
48
0
104
5
108
32
16
48
166
168
8
22
160
8
135
202
131
105
217
114
160
206
48
186
136
237
2
199
131
169
11
76
173
10
192
0
44
57
102
221
26
3
223
67
35
86
245
131
93
113
117
246
109
182
67
102
74
88
94
149
88
241
72
125
94
53
213
102
172
104
150
200
167
140
204
71
51
53
239
222
239
197
255
253
223
249
189
255
254
255
223
125
254
237
185
253
255
59
252
87
186
124
127
255
63
55
253
91
127
255
207
233
223
121
246
255
253
191
223
93
106
191
213
58
252
49
189
221
28
45
221
255
159
255
116
220
246
189
222
223
58
190
27
22
28
138
7
157
6
53
39
70
31
4
28
60
61
21
244
210
1
224
208
112
209
112
216
0
224
72
112
20
217
97
213
36
81
168
67
74
128
96
52
31
28
47
84
148
230
79
153
172
24
4
242
29
155
73
16
242
51
180
88
82
34
248
76
109
131
56
0
70
100
207
16
234
104
141
16
134
143
170
11
8
161
70
76
137
124
19
87
205
146
129
193
130
34
210
225
3
101
225
49
166
69
124
42
62
52
224
126
23
39
232
89
40
126
213
209
95
52
128
151
232
77
184
30
70
83
226
68
2
134
17
200
146
162
245
0
187
2
5
128
161
3
2
12
9
201
10
200
37
78
153
8
64
156
230
0
133
33
70
127
147
65
33
21
136
36
2
100
32
104
166
39
172
11
179
62
72
56
49
151
248
88
170
71
78
151
149
192
115
81
102
198
22
130
131
221
130
130
133
6
249
2
103
162
83
131
21
96
131
9
146
193
39
31
91
66
74
120
39
146
12
131
86
231
163
87
178
112
48
109
100
65
84
2
142
193
80
147
199
152
108
24
1
244
28
152
65
18
242
55
181
88
87
32
120
33
6
100
130
140
157
3
49
100
84
6
65
141
59
24
5
226
247
65
160
240
66
153
244
88
56
12
6
62
16
25
65
213
100
82
176
83
90
1
108
212
85
26
135
64
160
208
77
152
36
153
8
240
29
139
73
56
114
51
188
74
87
36
248
71
32
192
20
72
130
14
0
34
38
17
18
140
35
18
18
104
75
0
228
201
39
67
99
8
80
188
109
0
44
161
96
87
60
5
171
10
40
33
84
36
0
56
11
197
88
231
79
25
172
24
1
240
88
24
203
24
51
51
177
88
83
32
234
50
2
4
130
10
157
6
33
46
84
30
5
28
62
121
164
230
210
65
160
192
0
137
112
89
12
12
8
50
146
153
97
213
36
81
176
83
74
137
104
240
85
24
15
68
134
230
77
153
44
153
4
242
29
155
73
18
114
51
180
88
83
32
248
163
134
108
7
236
156
147
145
187
125
6
75
142
121
80
5
164
247
156
33
220
103
154
104
122
242
29
54
188
25
89
127
215
233
88
49
246
155
190
170
213
94
74
159
193
96
216
17
177
221
24
45
245
233
159
239
58
86
242
61
210
151
44
253
117
36
177
22
89
134
41
79
130
97
129
50
162
203
130
22
98
39
3
67
155
175
218
79
86
138
226
79
18
24
97
111
71
166
4
190
128
168
35
222
64
64
8
202
200
24
129
79
25
36
24
9
96
24
28
65
8
50
243
185
138
22
41
108
70
22
130
129
221
130
130
145
2
120
128
99
128
66
35
17
96
3
1
144
193
5
27
73
66
8
120
71
144
12
161
70
79
33
86
179
112
112
37
100
96
64
2
138
193
20
147
77
24
236
24
5
242
24
152
67
18
50
23
149
8
87
32
105
9
198
142
248
37
243
253
86
49
254
236
137
8
157
47
15
141
124
161
107
240
101
86
187
97
105
130
150
93
69
41
195
255
16
147
32
119
236
232
33
122
46
58
175
246
209
87
107
57
152
62
5
241
29
220
12
23
195
63
159
210
211
6
243
9
199
174
248
39
247
249
94
181
254
196
141
25
152
39
79
140
124
227
123
240
119
214
59
101
41
146
148
125
85
61
195
223
16
179
32
247
108
240
33
122
47
126
46
247
245
67
107
61
170
62
5
243
29
220
92
183
226
63
159
211
223
14
243
64
2
150
145
200
128
34
196
40
235
0
15
128
165
19
2
12
73
153
107
138
173
78
136
72
72
154
230
0
5
33
71
87
147
49
41
17
169
100
2
20
32
8
134
35
8
75
179
25
72
56
113
21
250
24
174
91
77
129
133
68
35
17
230
44
10
100
224
216
253
163
113
44
93
66
71
205
125
248
165
89
237
205
96
245
108
24
243
19
126
21
182
60
150
51
197
95
66
219
0
81
218
253
8
237
52
26
167
69
227
247
227
152
117
136
40
242
141
139
29
47
198
83
167
194
251
45
122
104
205
238
63
38
255
58
247
253
158
85
142
157
252
63
79
254
221
99
231
124
183
211
247
89
122
180
172
81
214
62
168
222
44
71
190
83
122
201
116
120
95
56
46
213
117
231
110
153
172
24
5
240
29
156
73
16
242
51
189
88
87
34
251
254
251
247
215
246
127
221
251
223
253
251
251
255
246
254
254
251
213
126
111
31
173
167
63
255
223
183
59
223
255
126
191
114
103
125
223
214
127
251
247
243
220
241
127
239
14
253
191
205
165
86
213
232
191
151
77
208
244
113
127
93
93
33
190
135
38
88
34
17
24
4
10
114
16
174
112
34
51
196
18
98
130
5
153
193
2
161
118
64
131
65
11
38
8
129
96
152
4
4
182
99
24
1
212
194
214
56
5
208
67
52
76
145
165
1
4
104
25
203
9
18
114
55
156
88
18
32
89
251
249
247
247
255
111
221
250
255
221
249
251
255
202
246
253
255
215
60
127
39
189
165
126
239
223
243
59
223
123
254
191
242
231
252
223
230
125
255
247
119
223
239
127
219
30
253
189
204
183
86
213
234
183
167
111
216
180
112
127
221
93
181
190
71
4
200
130
77
134
2
1
38
68
22
98
136
123
2
4
104
35
1
212
209
37
211
99
80
112
152
77
48
28
129
97
135
44
81
162
91
24
45
92
112
16
24
139
209
24
243
79
153
172
24
9
240
29
152
193
50
115
51
181
24
83
40
202
7
222
68
109
189
184
183
24
184
57
164
235
172
123
108
9
137
173
165
187
228
110
90
121
97
255
81
118
125
99
65
71
159
248
217
32
117
153
248
47
109
62
106
103
245
81
255
99
184
223
24
37
244
133
218
45
63
211
182
167
178
255
164
95
178
217
92
223
239
153
223
56
63
85
21
202
191
121
116
28
180
215
124
191
206
126
130
114
233
246
243
126
126
243
215
57
150
252
152
84
239
73
250
105
245
191
235
125
177
20
253
63
135
155
145
207
252
161
255
255
121
215
122
95
241
189
151
223
20
33
189
24
0
3
88
103
3
130
213
176
80
160
135
10
136
8
66
196
3
160
64
131
220
0
164
200
65
140
136
32
216
20
4
170
10
40
1
92
50
138
61
14
178
52
131
78
27
172
43
71
48
24
80
73
16
243
27
249
24
114
98
227
70
50
128
0
223
131
130
0
2
42
146
35
152
66
33
81
96
19
1
144
193
21
11
73
2
0
232
79
144
76
145
66
95
32
84
163
120
120
37
68
68
64
12
10
65
4
194
77
24
108
24
5
114
24
216
75
2
50
23
148
8
19
32
104
124
171
255
221
34
255
252
247
217
254
127
157
87
244
223
234
153
137
250
47
190
253
198
155
251
103
150
246
109
247
30
238
239
219
225
101
221
223
250
59
122
61
231
119
191
191
55
235
255
202
239
255
151
125
120
222
231
207
223
235
251
233
223
214
1
142
0
35
201
216
166
4
8
185
10
77
128
21
73
128
9
41
161
0
196
33
74
73
81
85
25
166
4
131
3
70
135
146
73
32
53
138
236
42
109
52
34
161
101
193
63
99
58
216
169
40
149
69
120
160
39
74
150
165
130
243
81
78
44
14
100
225
232
253
162
113
44
93
66
69
157
117
248
229
88
249
205
106
245
124
24
249
19
62
17
246
44
214
51
215
79
66
91
0
209
218
253
0
237
53
90
151
69
231
254
227
136
85
140
40
246
5
139
29
7
70
83
133
66
59
41
122
1
142
0
43
200
216
166
0
9
185
10
79
128
53
73
128
9
41
169
128
196
37
74
200
65
85
25
166
12
35
3
70
151
208
73
0
53
138
236
42
109
52
42
161
117
193
62
115
186
216
41
34
149
197
120
162
39
75
150
165
128
211
80
78
89
154
198
207
255
241
211
188
62
249
22
205
175
93
43
237
239
215
57
59
204
45
206
121
41
203
248
62
126
65
51
127
255
165
213
49
83
251
237
119
241
93
106
62
213
142
217
51
156
220
28
37
244
189
157
235
80
246
179
191
216
87
36
254
8
2
0
226
201
168
166
73
12
17
66
103
160
87
192
0
107
25
141
64
198
46
139
113
70
222
17
167
214
2
35
132
23
167
93
154
97
154
109
6
77
116
16
103
69
5
127
147
8
53
16
32
229
4
142
41
0
112
51
165
64
7
33
122
71
6
0
34
201
138
2
0
2
32
130
35
176
74
168
17
96
59
1
144
193
5
25
65
70
8
72
79
130
12
129
69
7
160
68
178
33
74
5
76
192
20
28
8
65
69
130
79
145
100
24
4
114
29
153
65
18
114
23
180
8
18
32
73
42
22
174
225
47
181
185
53
53
254
210
69
157
24
49
71
156
253
195
187
240
119
218
123
61
56
180
54
124
213
125
207
79
248
155
32
247
232
248
33
124
69
103
172
215
165
211
107
62
216
152
13
246
29
220
92
55
179
247
223
195
155
12
246
71
5
204
2
69
130
18
0
34
66
23
34
140
43
2
7
64
35
0
244
193
101
83
99
80
0
200
77
112
28
129
97
31
52
20
162
27
72
1
92
240
16
24
137
193
16
195
79
25
172
24
5
112
25
88
73
26
51
51
177
8
19
32
202
179
213
152
94
38
134
92
18
98
71
53
200
46
73
36
29
124
242
36
247
3
44
113
99
164
55
243
126
83
60
212
33
198
60
156
158
202
104
122
241
114
202
189
235
147
80
245
78
145
166
16
71
96
24
28
65
25
179
114
159
56
241
160
235
70
34
72
0
95
146
2
0
2
34
19
48
144
2
160
82
64
11
0
212
193
51
1
67
128
0
232
77
0
172
129
64
26
60
70
174
74
24
1
84
128
0
20
9
193
68
130
79
17
174
24
4
34
25
89
73
18
115
19
180
40
18
96
72
50
49
16
6
135
65
0
133
66
0
15
37
48
70
43
241
119
146
0
212
65
162
5
6
194
76
228
73
130
14
138
32
40
44
69
182
27
2
201
84
0
81
20
42
68
118
166
108
153
36
88
5
178
30
16
65
18
49
33
48
56
6
34
72
51
53
16
6
149
64
5
12
198
0
141
39
36
79
134
53
119
34
2
148
97
162
17
6
208
172
224
73
146
56
194
32
140
44
7
182
43
0
9
220
75
72
20
138
196
113
164
76
176
38
216
8
176
10
88
65
58
51
183
48
56
70
166
72
8
11
196
50
3
123
166
55
189
152
94
23
188
127
251
230
227
153
97
102
244
39
195
247
89
110
180
140
104
130
58
232
223
36
69
186
83
122
233
124
252
92
56
47
213
55
247
111
153
172
24
5
240
29
157
73
16
242
51
189
88
87
32
250
6
134
0
34
29
184
160
9
148
24
70
101
32
18
204
21
194
30
129
16
192
34
136
80
100
152
64
1
94
64
9
72
132
160
217
176
117
26
137
36
201
149
18
129
64
199
182
79
176
52
153
12
228
5
203
1
22
194
54
172
2
95
38
89
69
14
134
153
64
71
39
246
9
254
72
143
146
173
155
138
139
9
249
45
56
197
206
169
91
109
28
36
41
192
58
75
221
3
97
33
21
236
101
40
116
52
58
166
31
184
103
241
126
8
57
180
151
127
156
142
78
236
7
241
79
197
18
102
14
136
138
125
43
249
252
7
25
186
126
205
16
52
111
234
9
152
160
155
196
113
206
123
45
207
178
247
77
99
55
110
215
144
253
32
119
251
232
51
240
61
239
109
183
151
119
107
187
234
62
7
244
5
253
76
23
195
191
253
209
123
225
246
76
10
138
9
200
209
170
212
24
187
2
141
144
4
43
163
9
89
185
10
204
53
78
217
41
81
30
38
84
71
51
86
119
147
221
33
53
239
236
34
112
100
98
46
55
196
27
243
61
200
56
53
149
237
156
226
215
202
175
165
197
3
17
182
204
35
131
48
1
98
44
207
0
170
232
33
18
130
163
170
11
8
161
70
40
129
100
27
2
205
187
161
193
128
34
144
104
2
39
161
49
100
101
64
40
96
52
41
111
85
7
252
89
168
126
149
195
94
100
128
150
232
5
148
12
70
81
34
11
132
142
169
47
181
220
54
53
254
84
141
152
28
61
15
140
124
129
171
228
117
202
123
105
32
128
86
125
69
61
71
215
208
153
32
119
232
232
33
112
63
110
44
215
148
83
107
59
216
24
5
246
29
156
76
23
195
191
189
211
219
6
247
192
202
138
201
232
219
142
240
24
187
42
207
128
84
111
169
137
205
184
42
204
53
78
216
105
87
59
38
157
67
51
86
215
145
221
33
116
255
236
34
242
124
106
61
247
158
253
49
158
217
28
37
213
237
157
234
87
206
178
45
212
83
80
182
132
170
16
134
121
218
38
48
74
49
46
243
160
22
204
33
11
3
228
129
197
37
67
194
193
87
217
38
0
10
131
64
143
16
209
160
21
152
232
97
96
28
51
167
245
17
183
111
146
238
137
3
244
13
88
193
6
243
23
181
24
83
100
74
11
6
68
34
221
168
38
73
32
1
202
98
172
119
164
1
75
25
5
240
193
100
11
112
6
92
89
175
254
6
161
4
31
230
92
154
1
80
61
6
37
192
24
33
69
5
254
131
8
116
16
36
98
132
202
41
24
164
183
133
0
83
36
74
76
232
155
27
34
223
190
164
90
190
15
156
16
22
255
234
27
3
224
6
197
49
71
134
153
85
157
229
65
202
151
114
199
16
199
166
25
90
233
120
58
31
52
36
181
246
183
111
187
172
168
7
182
29
89
209
22
227
27
181
121
211
106
226
10
2
0
226
201
184
162
9
32
16
130
101
160
87
169
17
98
137
9
208
193
36
11
121
70
152
0
135
150
6
33
70
23
230
95
154
97
114
13
6
133
80
24
12
65
197
250
131
8
117
24
4
230
4
138
41
0
192
131
133
64
71
32
80
7
36
0
32
201
138
2
1
2
32
130
32
160
2
137
20
96
41
1
208
193
3
25
65
86
8
72
77
2
12
129
68
37
164
68
170
32
2
1
78
128
18
16
136
64
83
130
77
153
100
24
0
48
28
89
65
18
35
151
176
8
66
34
73
195
14
130
1
201
202
134
129
10
161
11
78
130
77
75
36
13
41
40
150
206
7
26
73
83
87
25
102
128
166
3
22
15
185
67
1
16
136
238
10
97
52
32
161
197
120
189
177
216
202
136
41
149
229
88
227
99
73
144
37
160
113
16
78
214
17
154
16
23
66
24
143
6
170
1
128
2
128
35
27
124
214
32
83
10
179
228
10
132
131
242
75
19
40
182
98
97
148
150
175
2
108
98
211
0
74
36
104
146
92
129
124
89
174
18
5
96
24
244
65
144
50
49
29
28
80
32
163
254
250
107
237
255
252
223
153
189
127
255
255
239
93
126
253
185
221
63
123
236
87
186
124
111
223
63
183
255
123
119
255
151
253
223
91
254
245
253
183
111
220
107
125
213
31
252
49
238
223
22
39
205
231
174
251
208
220
240
47
246
223
60
190
193
206
142
93
234
219
214
176
56
189
62
207
158
253
111
168
13
217
61
175
204
205
174
249
107
127
155
54
237
67
19
119
255
243
81
97
87
207
254
170
242
62
104
63
221
62
253
177
157
201
28
181
221
255
153
235
83
252
177
61
212
117
18
255
217
235
247
221
248
127
255
246
249
253
126
159
95
245
219
234
235
221
249
111
190
141
238
187
107
111
191
182
237
195
62
255
255
99
117
113
87
247
255
126
123
125
235
54
239
175
127
179
237
201
127
245
221
255
151
206
213
252
233
239
223
100
145
254
22
115
17
10
20
2
4
34
66
2
57
176
96
135
133
50
119
130
0
148
1
128
1
135
192
4
225
201
3
44
128
64
184
12
197
182
9
8
1
68
34
74
49
41
20
241
166
76
146
174
1
66
48
24
112
81
6
51
23
208
56
98
98
64
40
136
174
249
39
247
249
255
181
254
212
133
25
152
59
79
140
124
243
123
244
119
214
59
45
168
146
148
121
213
61
235
207
24
147
32
247
110
248
49
248
47
119
44
215
181
67
107
63
170
190
13
242
29
220
92
19
226
127
223
243
155
14
243
72
11
196
58
3
251
38
55
189
152
126
151
188
255
251
230
227
219
97
230
117
39
195
247
73
110
180
172
80
130
58
168
223
44
69
186
83
122
201
116
120
92
56
47
213
119
247
111
153
172
24
5
240
29
157
73
16
242
51
189
88
87
32
250
1
4
16
0
137
136
38
0
0
32
2
4
128
5
0
0
4
43
129
128
192
32
74
64
80
0
8
68
0
4
137
64
13
144
65
32
33
138
0
10
0
16
8
128
100
65
166
75
16
66
41
32
52
72
88
129
39
11
151
160
0
34
64
72
125
143
239
247
51
255
179
127
61
220
86
215
159
255
251
206
234
253
225
103
244
101
210
243
89
122
176
182
120
82
122
235
223
100
85
186
87
122
249
124
252
93
56
47
213
53
247
111
153
172
24
13
240
29
157
77
56
246
51
189
90
87
32
250
16
17
152
146
1
219
166
53
70
234
74
4
176
6
153
34
95
3
224
3
213
49
195
195
137
117
241
236
0
194
135
195
79
0
211
160
21
200
232
64
112
85
55
39
165
5
183
111
154
170
169
3
246
13
88
81
6
51
23
241
8
51
105
74
7
0
64
34
221
160
162
0
32
0
192
32
168
107
129
17
96
40
1
208
225
34
137
104
70
8
72
141
146
4
161
199
61
164
28
154
33
32
5
142
13
66
24
136
64
81
194
65
24
100
24
0
112
16
72
9
10
162
135
176
8
66
34
65
195
142
68
135
232
156
135
128
59
117
14
79
158
125
88
160
228
163
28
32
204
101
138
104
123
214
28
54
174
139
27
95
151
229
64
16
114
155
238
138
213
20
8
150
193
10
252
17
129
77
25
33
245
69
155
235
48
94
50
60
192
21
48
252
2
138
0
131
200
140
134
1
15
97
10
79
144
36
120
32
197
19
132
0
204
37
138
72
89
212
13
38
130
139
27
70
135
160
67
32
48
202
238
42
97
21
68
33
149
22
188
97
145
200
153
5
183
1
24
235
2
82
146
48
64
85
32
236
122
213
58
26
3
71
92
135
22
230
61
140
16
140
63
254
253
146
48
194
26
178
244
10
189
197
231
105
83
187
247
114
224
44
5
238
130
101
235
122
50
202
116
41
22
94
180
44
153
172
18
5
184
25
180
65
144
242
41
56
93
86
42
161
196
3
131
240
64
2
36
79
4
96
32
1
3
193
146
130
11
76
45
71
10
169
172
19
14
139
3
33
131
136
32
72
96
39
118
187
0
52
39
132
224
98
48
223
74
12
65
194
64
37
116
16
65
90
135
8
129
104
1
29
76
84
49
57
7
197
24
156
33
20
28
71
39
198
45
128
28
45
37
31
133
120
0
224
128
114
208
35
68
1
160
88
81
36
180
97
212
20
147
170
130
104
128
97
50
10
60
41
244
84
229
110
153
170
24
5
112
25
212
73
24
243
59
188
88
210
42
227
135
32
80
34
17
8
0
10
194
1
166
112
34
19
196
144
98
130
7
17
193
2
169
70
69
130
65
11
2
8
129
96
152
12
68
182
32
26
129
220
202
214
56
1
192
67
16
76
161
39
1
4
120
21
235
1
16
114
167
180
8
18
32
73
58
21
168
156
39
149
25
7
7
198
21
132
25
12
55
86
156
214
64
240
146
114
210
35
28
128
160
88
80
248
61
105
199
60
151
170
194
104
128
113
48
75
21
8
246
20
193
110
155
174
24
5
50
25
220
81
16
243
59
189
121
210
42
243
19
20
136
23
143
128
31
52
18
47
17
65
136
76
2
18
108
87
0
179
200
39
202
107
72
162
162
110
82
1
113
111
87
164
20
48
86
104
96
82
80
64
9
11
193
16
197
91
25
236
24
5
244
24
156
65
16
50
51
153
216
23
32
238
253
255
255
125
50
127
253
255
253
223
252
249
95
190
255
238
155
252
251
111
61
219
246
183
253
127
183
177
109
223
126
186
236
88
239
239
222
125
249
125
126
255
251
183
255
247
55
126
191
191
239
255
218
191
159
92
244
254
127
239
255
223
111
246
251
249
255
255
255
127
221
218
255
255
249
251
239
207
246
253
247
215
60
127
15
173
163
126
239
223
243
59
223
123
254
63
210
231
188
223
98
125
255
247
115
206
235
127
223
30
253
191
204
181
86
149
232
182
190
111
208
180
120
95
93
93
183
183
161
142
194
99
217
206
162
197
60
113
14
103
162
95
202
165
107
193
173
35
197
47
251
115
115
223
17
39
254
11
3
71
135
167
85
178
113
154
237
182
209
116
42
167
205
2
127
227
153
108
24
8
244
29
137
73
18
240
163
173
90
87
36
218
10
2
64
34
221
168
38
73
40
1
202
98
160
87
224
1
67
93
5
208
201
36
11
112
70
220
25
165
214
4
33
128
22
230
220
154
97
112
45
6
45
80
26
9
69
69
254
145
8
85
16
36
97
132
203
41
18
160
183
164
0
83
36
8
125
255
255
253
118
127
127
255
253
222
249
191
255
238
255
255
243
253
251
126
127
255
214
183
223
238
246
189
127
94
126
185
106
111
255
255
223
127
213
117
254
111
255
126
255
255
199
126
190
191
30
207
234
189
159
93
220
254
127
223
127
206
171
179
123
244
125
175
254
255
159
125
255
126
253
248
253
56
253
253
247
247
91
116
240
83
151
124
236
237
237
127
255
95
253
251
245
108
159
255
218
113
169
245
250
223
94
31
213
150
244
77
157
173
30
5
250
61
159
73
16
246
59
188
89
95
34
249
196
235
211
85
32
128
252
106
0
129
129
250
194
227
132
10
10
9
172
79
15
45
98
195
205
215
147
247
4
46
0
28
150
19
44
139
0
189
250
22
33
42
169
99
171
24
125
59
65
131
97
243
65
82
54
46
69
75
80
75
104
117
209
58
192
202
134
209
235
223
142
177
29
251
58
207
146
228
123
174
141
25
253
167
220
151
206
249
91
87
155
102
144
199
51
214
239
177
83
97
85
239
236
34
240
60
96
62
221
62
255
177
159
200
24
177
215
255
157
250
67
221
177
53
212
81
16
254
8
3
132
50
3
235
38
55
148
16
78
23
176
86
170
100
227
219
97
68
245
39
195
247
73
108
148
164
80
2
51
232
223
36
69
178
83
88
233
116
120
92
48
47
213
117
183
111
153
172
24
5
240
29
156
73
16
242
51
189
88
87
32
250
198
17
152
144
0
6
12
7
6
230
1
128
3
128
54
31
124
226
64
197
11
128
112
3
212
131
226
73
3
188
224
225
64
20
150
174
8
108
0
202
2
74
48
137
146
88
129
78
16
172
16
1
96
24
116
81
144
179
17
148
28
210
106
235
192
206
134
221
232
198
222
183
61
253
44
207
138
245
86
175
45
107
253
175
220
141
126
185
91
127
159
102
217
131
34
23
243
177
115
97
83
141
236
226
114
62
40
191
223
26
253
177
221
200
24
177
213
255
156
234
83
252
49
61
212
85
18
255
6
136
139
120
9
114
248
206
16
186
192
165
2
130
139
138
9
8
161
11
196
37
110
27
69
131
146
135
65
97
35
70
247
146
237
32
55
172
232
48
248
108
34
104
183
85
19
235
123
234
58
81
244
29
124
64
151
194
175
253
24
115
195
231
14
136
138
249
43
83
248
199
17
250
108
141
16
132
43
234
137
24
161
139
196
49
206
27
61
199
162
198
65
231
55
246
231
146
173
32
119
238
232
114
114
125
231
108
182
151
51
107
251
232
62
69
246
29
252
88
151
227
191
253
91
123
203
246
197
45
147
56
64
98
33
206
64
200
106
23
64
135
139
170
11
8
161
70
40
137
100
146
91
205
153
129
193
2
34
25
96
3
101
243
17
132
77
76
42
52
48
162
110
27
39
228
73
36
106
240
209
94
36
128
196
232
9
168
12
70
17
96
6
50
16
134
253
152
6
25
66
89
34
115
160
19
128
17
34
199
132
144
193
36
25
64
0
20
73
39
22
40
129
69
15
176
214
178
97
216
169
5
101
20
34
133
160
0
244
75
144
246
136
10
166
161
219
139
6
19
150
132
10
83
36
72
50
18
20
130
14
157
2
49
39
84
22
5
28
57
56
20
244
210
65
224
208
66
145
112
88
56
44
76
56
144
217
225
213
36
83
176
83
90
1
96
212
85
24
143
64
132
226
77
153
44
153
8
242
29
155
73
18
242
51
180
88
87
36
248
49
37
187
147
0
197
160
167
82
230
70
132
48
130
147
22
127
130
225
75
145
33
119
131
153
59
240
200
66
144
242
99
207
6
97
180
149
72
104
104
112
84
181
162
183
16
35
110
155
168
41
75
240
29
56
64
7
243
67
241
27
115
105
234
146
217
24
87
239
136
222
0
31
1
63
203
142
92
68
48
53
211
60
151
206
46
131
98
233
214
243
126
150
51
207
52
150
185
216
68
239
75
250
227
81
188
171
105
181
30
189
63
131
211
17
71
252
225
187
235
83
19
114
59
112
49
149
206
239
220
235
237
255
252
223
216
191
255
188
251
143
29
127
253
169
245
190
59
236
87
222
120
111
223
59
55
255
123
119
127
151
241
223
89
246
253
253
55
115
222
107
125
223
154
252
177
221
221
26
165
221
231
189
239
112
220
190
47
215
221
62
190
122
223
238
253
54
247
251
243
125
223
85
158
223
252
63
79
255
253
105
239
126
245
215
51
29
254
182
188
83
214
126
185
194
36
87
186
219
122
201
116
120
95
124
46
213
21
227
110
157
172
24
5
242
29
156
89
16
242
51
189
89
95
42
251
18
49
16
30
20
64
20
148
98
0
13
36
36
70
47
177
127
130
0
212
65
160
5
134
192
69
240
72
131
14
194
32
216
44
81
190
11
0
201
84
50
88
28
42
84
116
166
108
145
172
74
7
176
24
16
73
26
179
9
52
24
98
102
200
10
10
0
163
221
168
166
73
8
11
194
103
160
70
233
1
66
9
133
212
237
36
25
88
70
220
25
165
210
6
33
144
74
166
95
155
49
50
13
4
137
84
18
8
69
71
30
145
136
21
16
32
193
133
205
41
18
160
135
164
12
3
48
0
2
64
64
42
217
160
38
72
36
10
192
41
160
75
132
1
66
41
129
80
233
34
9
124
68
136
8
133
218
4
33
132
16
166
30
179
33
160
5
164
15
194
26
137
64
81
74
209
40
36
24
32
65
132
77
41
154
160
167
160
12
70
50
1
193
206
134
29
232
198
134
183
8
253
40
203
130
181
70
174
45
75
188
167
220
141
254
137
91
127
157
102
129
19
2
23
195
177
113
97
209
141
236
234
114
30
40
183
253
24
253
177
221
200
24
185
213
255
152
235
83
253
241
53
214
85
26
238
249
239
247
221
248
127
255
246
249
253
124
159
95
253
223
238
235
221
249
111
190
141
238
187
123
111
191
182
253
67
126
255
255
227
117
113
87
247
255
126
127
126
235
126
127
191
127
179
237
201
127
245
221
255
148
206
213
252
233
255
223
100
147
246
193
8
154
17
200
218
190
244
8
175
43
142
130
132
91
170
13
73
185
71
140
133
78
136
73
119
191
230
192
3
35
23
119
145
217
97
17
173
236
98
112
60
96
63
247
26
191
49
159
200
56
51
213
255
28
226
209
205
177
57
196
83
81
166
253
222
231
237
254
247
255
255
189
255
248
219
207
237
255
237
251
253
255
111
252
207
190
57
111
255
63
182
253
87
126
191
245
227
127
121
247
245
253
247
127
78
234
191
223
159
127
177
205
221
94
181
205
254
142
239
216
252
233
31
223
77
18
180
16
50
16
130
21
177
34
56
82
88
6
119
160
18
128
17
126
131
128
144
193
52
193
195
128
16
208
4
18
72
129
65
15
0
145
176
37
216
9
65
64
129
3
5
161
5
227
111
18
118
169
4
166
8
218
145
6
51
150
131
8
51
229
74
24
17
148
146
1
225
32
55
2
224
4
5
52
132
35
19
126
154
193
203
144
41
67
131
128
8
224
204
80
68
192
97
79
2
49
48
17
72
64
64
80
1
22
38
34
5
99
110
24
96
40
4
246
24
88
73
23
51
7
209
17
35
135
74
48
21
146
146
0
68
160
231
67
224
70
133
48
128
19
22
126
130
225
195
146
169
247
131
217
41
240
200
64
132
224
227
77
6
49
180
149
72
64
72
176
64
180
162
34
17
3
238
155
168
235
89
240
24
48
65
135
51
75
241
27
35
9
67
112
29
178
253
1
70
252
231
6
234
249
132
64
196
27
190
125
138
97
198
26
137
244
27
158
77
226
72
193
150
226
250
96
54
53
253
146
36
66
64
50
72
177
238
110
156
131
238
217
168
118
145
176
26
148
65
129
243
105
217
92
100
1
160
253
222
239
197
255
255
211
248
189
253
254
223
223
125
254
236
249
253
255
47
252
223
190
248
127
255
61
54
253
223
127
191
255
235
94
121
246
247
253
190
223
221
234
63
217
46
252
177
173
221
159
173
221
255
143
239
124
220
247
61
223
223
58
191
21
42
85
6
24
72
161
110
218
20
198
117
101
55
201
240
106
128
131
32
197
8
172
148
239
136
12
129
238
138
75
109
21
101
101
186
52
146
137
92
213
84
24
134
72
130
104
228
137
36
111
16
240
23
13
73
44
112
2
168
72
7
34
220
7
32
64
32
157
232
39
72
128
2
235
116
96
15
132
33
131
12
7
80
225
34
168
72
68
140
64
129
210
46
41
13
24
164
156
154
32
48
9
151
9
192
26
169
68
17
174
16
0
54
80
32
64
144
100
32
136
0
133
160
8
6
36
0
189
190
255
117
62
127
253
255
253
254
218
245
95
125
251
237
251
252
235
107
245
127
252
255
255
111
246
210
125
215
255
255
127
234
239
52
255
254
249
253
221
124
251
254
254
227
247
107
187
253
30
207
242
29
159
93
183
246
247
255
255
255
171
254
76
202
11
233
232
249
174
229
12
187
107
142
145
20
127
170
13
221
185
106
142
241
206
88
13
213
59
230
213
195
55
222
245
147
221
73
81
255
236
34
162
124
96
61
119
158
127
49
159
201
52
53
215
253
181
250
193
204
169
237
213
91
83
182
253
63
255
253
126
127
253
254
253
254
218
183
111
253
251
239
251
253
251
107
253
255
220
191
207
111
246
151
253
87
127
255
123
106
215
255
255
190
249
117
124
124
251
254
255
227
231
127
190
189
30
195
242
189
159
93
214
246
127
255
255
246
239
182
2
3
16
154
0
18
12
3
2
34
9
0
0
70
1
18
68
2
0
128
130
32
81
131
208
4
226
72
0
160
129
64
67
18
3
32
9
8
2
66
32
2
32
233
54
192
135
79
18
234
8
66
36
24
122
17
3
99
19
149
8
98
233
98
239
220
235
237
255
253
223
216
191
255
190
255
175
28
127
253
185
245
190
59
236
87
158
120
111
223
59
55
223
123
127
255
183
233
223
89
246
255
237
55
115
223
111
125
223
158
252
177
253
221
26
165
221
231
189
247
112
156
190
47
215
221
62
190
255
250
111
229
255
253
219
152
189
127
255
255
239
125
126
253
241
253
63
251
236
223
190
124
111
223
127
191
255
123
127
255
183
237
223
95
254
247
253
183
251
221
235
125
221
95
252
177
239
221
22
165
205
231
143
251
208
220
240
47
246
223
60
188
193
142
130
21
200
198
134
167
10
249
40
203
130
177
6
46
45
11
188
167
220
133
126
137
91
95
157
102
129
19
130
6
199
177
97
33
145
141
236
226
100
28
40
183
189
24
253
177
221
200
24
185
213
255
152
235
71
221
209
53
86
85
24
238
3
5
16
18
0
2
4
6
2
34
1
4
16
70
4
18
76
2
0
128
194
32
65
131
208
16
226
72
0
160
129
64
3
18
65
32
9
8
66
72
32
32
4
65
52
80
165
79
17
234
8
70
36
24
88
1
3
35
19
177
8
115
225
66
88
21
146
148
2
103
40
247
2
224
65
1
86
192
35
18
124
154
97
194
18
137
231
131
154
11
226
200
65
132
244
227
109
54
48
60
17
100
0
64
144
1
20
10
106
21
195
206
153
40
90
149
114
26
16
65
131
51
1
177
17
36
1
99
27
21
40
156
39
21
24
7
39
70
21
132
28
40
53
87
188
250
0
224
144
114
208
35
92
32
160
88
80
52
253
97
197
52
145
170
194
104
128
121
176
75
29
8
240
20
193
78
155
172
24
5
114
25
156
81
16
243
59
188
88
210
42
227
76
0
138
41
9
241
170
212
24
186
10
141
0
132
171
163
9
88
153
10
200
3
78
25
33
72
14
134
81
65
51
86
101
130
61
33
53
231
109
34
120
100
66
46
87
213
11
243
57
72
126
53
213
93
156
192
150
200
175
172
68
7
2
246
71
3
136
146
103
147
14
16
38
166
25
2
152
14
35
71
73
243
32
215
201
247
211
98
0
118
185
108
16
30
183
67
223
60
215
171
83
120
105
104
112
72
60
45
213
92
247
111
152
172
24
5
242
25
216
195
16
243
51
149
88
211
32
234
253
255
255
253
50
127
253
255
253
223
254
249
95
189
219
238
155
252
251
111
61
215
246
183
253
127
183
241
109
223
126
187
253
88
239
239
222
189
249
125
126
125
251
183
255
227
119
126
191
191
239
251
248
189
158
92
228
254
127
239
255
223
109
246
232
206
239
205
254
255
255
245
61
255
123
207
159
188
127
239
155
221
125
111
188
213
254
121
123
255
191
54
253
211
62
191
245
229
127
123
211
255
253
183
247
93
108
63
223
158
252
177
221
205
30
181
223
255
157
254
208
252
49
61
223
93
26
190
7
36
0
34
17
8
4
10
194
0
168
116
96
6
132
113
194
34
7
208
193
2
57
70
196
132
64
9
2
44
137
64
172
140
68
158
40
2
9
212
74
80
20
128
80
115
38
76
48
38
0
0
98
0
104
1
2
50
134
176
40
82
226
72
123
246
125
45
254
255
159
221
255
127
253
216
237
61
125
253
247
245
63
112
240
67
183
124
204
237
237
127
223
31
251
251
245
44
85
190
90
112
169
244
122
94
56
47
213
246
244
77
153
173
28
5
240
29
156
73
16
242
51
188
88
87
34
249
201
206
142
223
234
223
223
166
57
253
46
207
154
253
127
174
173
187
252
175
252
141
254
185
91
127
159
118
233
211
54
55
251
179
97
113
83
207
254
234
242
62
104
63
221
62
253
177
221
201
30
181
213
255
157
238
83
252
241
61
214
117
18
255
192
202
142
73
232
218
158
240
56
187
42
203
130
117
75
168
9
201
184
170
204
101
206
248
107
87
27
38
156
7
35
86
215
209
217
97
118
255
238
34
112
124
106
61
247
142
253
49
159
201
28
37
213
237
159
234
87
207
182
45
212
83
80
182
21
42
85
32
24
88
165
100
104
20
106
117
76
55
201
224
203
200
131
104
229
64
140
240
205
125
5
145
44
14
19
79
21
64
101
154
20
178
249
28
165
20
56
39
68
130
118
224
138
37
109
36
242
29
11
12
46
68
3
224
72
7
100
126
63
244
120
42
23
48
29
14
103
194
185
176
44
11
165
87
251
246
3
209
33
82
81
54
196
133
225
9
83
60
225
97
208
44
151
190
74
120
1
117
50
202
56
41
214
85
246
108
155
172
24
5
96
29
244
89
144
178
59
156
88
210
104
243
76
34
211
33
216
96
32
246
16
56
194
53
64
135
139
226
235
76
131
96
73
129
206
48
78
136
56
129
208
12
42
78
117
39
117
186
20
50
5
84
217
84
24
6
76
133
107
196
153
36
88
4
240
30
156
73
128
96
35
188
72
6
32
240
253
253
239
253
54
119
253
255
253
255
253
251
127
184
191
239
187
252
251
127
117
255
247
183
253
111
183
179
125
247
126
251
255
120
247
254
222
125
249
125
122
127
255
63
255
247
215
110
191
174
175
207
242
61
156
92
254
247
127
255
255
223
239
255
147
209
88
86
167
128
92
8
82
1
189
250
190
123
4
24
118
146
36
211
199
46
161
103
224
23
227
123
82
40
196
32
218
44
4
150
75
24
162
245
112
202
57
111
208
85
149
79
129
166
16
5
104
8
219
73
16
243
55
157
56
119
160
218
77
42
199
33
24
122
162
246
200
188
202
21
64
181
155
162
139
76
203
106
229
129
78
144
77
109
28
128
236
6
35
206
125
0
117
170
21
178
237
52
124
52
26
54
101
163
103
224
184
44
109
49
209
31
28
8
134
232
3
164
72
71
97
246
74
130
8
161
238
179
174
16
44
63
42
66
144
88
121
1
4
253
9
224
224
113
10
120
8
220
153
230
212
67
55
215
215
144
211
33
113
232
172
35
100
29
118
45
213
140
246
73
156
216
24
5
247
253
156
217
19
194
51
181
64
91
52
250
248
218
239
253
255
127
251
253
189
253
254
223
159
252
127
236
251
221
127
111
126
143
190
60
123
255
63
174
221
211
126
191
249
111
127
95
87
247
253
254
251
124
248
63
223
191
126
177
205
141
86
181
221
255
134
239
209
252
233
63
223
77
18
190
90
24
142
159
15
201
88
52
62
175
23
140
159
232
59
219
124
214
96
99
206
191
206
43
9
139
178
126
80
193
53
111
215
164
87
58
82
234
226
114
240
93
108
47
213
20
225
107
153
236
24
5
246
29
156
73
25
242
51
189
217
86
32
255
170
222
111
235
255
253
223
217
189
255
174
239
191
60
127
237
219
245
255
59
252
119
218
124
117
247
57
55
127
219
63
255
207
232
223
113
246
251
253
51
114
93
102
189
213
215
253
115
189
221
152
45
255
181
221
125
16
246
247
189
219
223
44
254
61
246
125
172
55
253
189
121
245
94
254
117
125
63
253
245
243
252
195
112
241
114
145
246
253
60
229
153
126
222
253
249
220
108
79
190
247
122
137
125
124
93
58
175
212
231
246
111
185
173
24
13
242
29
159
89
54
242
55
188
122
223
40
248
6
34
0
162
95
138
2
1
4
64
146
116
160
22
4
17
96
11
1
208
193
32
1
65
68
8
72
77
18
60
137
64
15
44
86
162
107
26
1
68
192
16
16
137
64
5
166
79
16
102
24
0
98
0
218
1
2
115
23
148
8
83
38
72
17
23
16
22
9
136
0
2
34
0
6
69
36
87
0
17
118
130
0
144
195
42
1
67
192
18
224
72
34
8
193
96
31
38
64
180
0
8
74
68
65
16
8
195
128
64
165
79
144
38
9
0
180
8
24
73
19
115
22
181
24
55
165
74
18
49
16
6
131
65
0
133
66
0
11
37
48
70
43
241
127
146
0
212
65
162
5
134
192
76
224
73
130
14
158
32
104
44
71
182
27
66
201
84
16
81
20
42
68
118
166
108
153
44
72
5
178
30
16
65
18
51
1
52
24
2
34
72
4
18
179
249
32
180
172
83
5
238
33
128
193
128
17
19
221
205
97
74
146
53
90
219
204
213
183
236
16
132
49
194
71
18
215
40
80
236
96
67
32
8
48
173
119
148
21
111
26
168
56
1
178
25
156
81
1
194
19
151
88
83
73
242
20
58
85
200
56
122
164
118
72
152
234
49
65
19
217
225
227
204
235
40
197
0
76
146
205
13
13
193
45
12
1
222
245
2
213
186
124
178
173
52
231
20
58
55
68
130
86
204
154
189
237
0
176
29
139
73
6
192
3
164
72
70
100
116
147
217
152
94
55
74
89
14
158
1
191
204
38
76
76
185
125
215
52
151
6
47
224
67
167
215
243
111
83
42
198
105
150
60
85
222
74
106
234
245
243
220
181
107
189
26
181
110
145
166
26
71
232
29
20
67
17
179
50
187
56
117
163
234
6
2
131
97
29
240
168
79
16
187
130
101
130
4
3
3
8
12
129
27
196
37
110
91
5
154
18
199
20
97
33
70
7
146
249
32
53
168
232
35
64
36
98
232
163
69
51
107
120
250
56
65
244
5
124
64
23
18
151
167
130
51
229
78
76
10
130
33
9
242
168
199
24
186
66
5
0
132
171
163
9
92
137
74
200
131
206
25
7
136
10
134
80
65
59
86
117
130
125
33
49
230
37
2
232
100
66
12
78
135
3
241
89
72
126
53
197
93
173
8
146
200
171
172
76
6
16
180
157
32
87
37
152
96
160
252
216
56
194
53
64
135
139
224
234
220
131
96
73
130
174
52
78
136
188
137
210
14
59
126
113
37
117
186
82
114
9
212
217
84
24
14
72
7
234
228
137
36
88
5
240
30
140
73
144
240
35
188
72
6
32
248
12
136
142
105
47
249
252
222
57
186
206
237
16
20
107
235
9
156
185
27
196
117
206
123
33
207
2
246
125
67
55
230
255
210
249
32
119
219
248
49
250
61
234
100
247
151
119
107
187
250
62
69
244
5
253
92
23
194
191
239
211
123
199
222
51
53
16
22
23
64
5
14
194
0
159
53
32
78
128
116
123
182
2
144
65
42
161
6
196
140
224
9
146
58
202
40
12
44
5
190
2
16
73
92
65
65
20
42
196
113
165
78
161
38
89
4
176
26
24
65
48
50
55
184
56
6
164
72
8
134
140
201
47
245
144
53
61
254
22
197
153
24
57
5
140
253
232
171
212
117
218
251
121
48
16
118
124
209
29
199
207
208
219
32
247
200
232
33
116
61
102
47
149
164
245
107
62
216
153
13
246
77
154
28
55
195
246
157
195
219
12
254
192
14
130
193
232
220
166
129
12
251
10
79
128
21
91
164
9
9
184
10
204
7
30
88
83
84
29
38
132
131
3
86
7
145
75
1
53
139
236
2
101
52
98
180
37
206
62
177
254
217
169
57
149
229
233
186
71
77
150
37
194
17
89
94
50
22
68
130
78
151
2
49
38
100
18
0
156
57
48
21
244
243
65
224
208
65
209
112
88
56
172
76
58
144
217
97
85
36
82
186
91
72
1
64
244
84
24
143
65
4
226
77
152
44
24
8
242
29
152
73
24
114
51
180
88
87
32
250
193
206
142
73
232
222
222
128
56
191
42
203
154
253
75
168
13
233
188
175
204
197
14
248
123
119
31
118
173
71
51
87
247
211
73
97
119
175
254
42
247
60
106
63
221
250
254
177
253
201
28
181
221
231
137
238
87
205
176
37
214
241
80
190
212
233
155
93
32
130
124
98
130
131
121
218
194
225
212
26
1
9
54
111
15
173
192
195
141
215
183
253
1
174
36
56
210
19
44
203
140
45
242
81
50
170
185
97
191
28
189
62
67
138
33
243
73
88
52
174
77
219
80
107
125
113
209
174
12
138
155
249
42
251
248
207
25
186
206
141
80
20
43
235
141
152
129
11
196
113
78
155
37
201
162
198
77
99
63
230
247
146
253
32
119
254
232
48
250
61
98
108
119
151
39
107
187
234
62
87
244
29
252
92
151
194
191
239
83
123
195
246
88
27
214
182
67
235
34
119
61
152
70
23
190
247
251
226
255
223
97
103
116
39
195
243
201
122
248
236
120
2
186
168
223
36
85
190
83
122
201
116
248
92
56
47
213
55
247
110
153
172
24
5
240
29
157
73
16
242
51
189
88
87
32
250
207
206
238
169
254
253
159
208
61
255
42
223
158
63
255
237
201
253
61
169
205
213
190
120
111
221
57
55
255
95
63
119
245
225
221
75
114
255
237
182
119
92
106
61
223
30
124
177
205
221
28
37
223
231
173
238
216
220
176
44
213
93
48
190
196
202
138
73
232
253
174
209
57
187
10
207
130
20
123
169
141
217
185
43
204
213
78
216
107
85
63
102
156
71
51
86
119
211
217
97
117
255
236
34
240
52
106
60
87
142
126
177
190
217
60
53
213
229
143
234
215
204
178
37
198
123
81
182
197
206
134
73
232
218
174
208
41
191
42
203
130
189
107
169
13
233
189
175
204
133
62
248
67
119
59
102
157
7
35
23
245
145
91
97
81
175
236
162
118
60
106
191
255
90
254
177
156
201
60
49
213
239
141
234
215
221
144
37
212
113
17
190
190
250
108
233
255
252
255
217
189
127
254
255
175
95
252
253
209
253
191
121
237
118
186
124
103
223
123
247
255
115
127
255
151
201
223
71
247
251
253
183
111
221
107
125
213
159
254
49
238
223
148
45
205
231
239
255
86
156
244
175
214
223
60
188
5
154
131
97
61
248
164
92
184
185
206
197
192
21
9
129
9
236
161
27
228
100
78
91
101
223
17
230
124
99
33
198
159
210
251
32
117
152
232
35
109
60
106
229
245
193
55
107
184
218
44
99
244
133
248
100
55
194
150
167
226
211
229
94
88
91
254
125
118
247
122
247
61
150
85
158
222
244
191
78
255
217
123
231
125
183
199
183
73
126
188
172
81
6
190
176
218
44
85
191
83
120
201
116
120
92
56
46
213
61
231
110
153
172
24
5
240
29
156
73
16
242
51
189
88
87
34
251
18
6
4
130
15
153
6
33
34
80
22
4
60
53
40
16
228
146
1
208
192
0
129
240
208
0
232
76
32
144
137
97
93
36
81
176
91
74
129
64
212
85
24
15
68
6
230
77
153
44
24
4
242
29
155
73
18
114
51
180
88
19
32
72
12
168
155
121
9
114
232
222
16
186
232
165
64
128
139
171
9
12
161
11
228
33
110
155
161
203
66
198
73
65
35
198
237
146
253
32
53
188
233
48
122
60
242
100
118
151
19
235
251
234
110
83
244
93
124
64
151
202
143
239
26
115
195
87
2
142
0
131
201
152
134
1
11
113
2
78
144
52
72
16
196
131
12
144
204
37
138
72
81
212
25
102
4
139
9
86
135
128
72
0
112
202
174
10
193
20
64
165
133
6
252
17
145
200
24
37
182
1
201
235
3
82
146
37
64
81
0
94
180
57
85
166
88
74
51
111
222
80
214
117
125
115
216
240
114
134
133
100
69
40
165
54
253
138
224
9
234
138
195
105
180
36
84
190
22
82
137
252
211
212
153
134
192
2
224
76
137
36
203
8
248
31
157
73
40
242
35
184
88
6
34
217
39
52
113
32
17
170
35
72
192
0
234
116
96
11
128
113
226
36
135
81
225
2
57
68
68
136
104
143
82
12
97
72
12
140
140
158
32
56
5
156
73
192
24
129
64
115
36
77
48
54
16
0
96
20
108
1
56
50
167
168
168
150
36
72
197
206
154
9
232
214
158
133
26
251
40
207
130
151
71
170
13
11
188
135
221
133
126
136
83
87
153
102
129
3
131
23
237
145
81
97
17
133
236
226
114
28
40
183
189
24
255
177
221
200
60
179
213
239
152
235
86
221
149
53
214
113
88
238
3
21
24
156
38
144
28
4
35
198
1
128
76
5
37
19
140
234
0
224
128
112
80
2
196
0
160
88
65
36
189
97
213
20
147
170
74
104
128
97
50
10
56
41
244
84
199
78
153
174
24
7
112
25
92
73
16
243
59
188
88
210
98
227
7
210
69
97
189
184
163
88
184
61
162
203
204
89
76
1
12
237
167
57
228
102
10
121
101
255
17
246
60
39
99
215
151
216
219
0
117
153
248
35
109
60
106
229
245
65
254
115
184
219
8
35
244
229
250
44
63
151
150
167
226
211
229
94
13
218
86
233
168
249
172
212
57
187
74
205
148
53
233
241
111
220
137
42
228
120
206
121
45
221
35
242
125
99
55
223
117
210
253
0
117
255
248
35
109
53
234
116
110
135
126
179
236
89
124
53
246
197
175
108
135
206
174
239
197
79
1
182
254
249
255
255
118
127
221
255
223
255
255
251
127
230
254
254
251
213
126
111
31
189
229
63
255
223
183
63
223
251
126
190
242
101
124
223
214
127
251
247
211
223
245
127
255
30
221
62
207
173
86
215
232
191
151
95
208
246
113
251
125
92
51
190
8
10
131
41
204
240
162
244
24
186
66
5
64
21
11
161
75
76
137
74
232
1
78
153
43
8
8
134
221
65
35
214
125
131
217
33
117
183
45
34
217
116
74
22
78
135
75
241
56
88
126
49
213
239
141
72
150
200
143
172
196
7
6
244
141
206
18
109
168
248
238
208
24
255
106
207
192
20
73
161
13
205
189
75
236
41
238
88
45
95
59
230
85
71
51
87
117
211
125
65
117
255
236
34
225
52
106
126
103
134
126
49
136
217
126
53
221
231
175
224
215
200
170
231
197
111
17
182
76
15
147
57
1
99
172
255
16
186
232
161
96
128
139
171
75
12
225
78
120
137
108
155
2
77
187
128
209
70
34
210
105
3
117
161
53
164
101
100
120
100
50
54
111
229
3
232
56
168
126
149
211
94
92
64
135
168
143
149
14
70
129
114
54
242
81
42
21
50
6
14
194
2
168
176
97
7
132
83
114
166
3
212
129
2
65
135
196
128
108
141
3
172
193
192
140
12
134
190
40
56
1
244
10
66
16
137
84
113
4
78
48
38
136
2
96
16
106
81
36
178
135
148
56
210
230
73
89
25
148
50
65
107
38
62
20
16
78
7
180
222
170
34
255
155
97
71
116
39
195
247
201
126
240
204
80
2
242
168
223
36
69
190
83
120
201
124
120
92
48
47
213
53
183
110
153
172
24
5
240
29
156
65
16
242
51
189
88
87
32
250
197
141
174
121
0
86
244
199
57
215
4
204
26
253
55
142
137
41
185
239
182
95
126
243
115
119
23
182
109
151
10
67
151
211
163
65
147
141
254
42
124
61
168
245
191
120
119
234
127
200
175
249
213
101
240
158
127
205
234
239
227
249
221
202
187
213
92
94
55
129
92
50
86
1
21
248
62
106
36
94
127
146
52
247
3
62
225
103
168
23
243
121
83
57
212
33
218
44
20
222
202
89
242
117
114
203
189
111
209
20
245
78
145
166
18
7
104
24
156
73
17
243
123
159
121
127
162
235
3
205
142
92
39
218
216
2
57
147
21
200
138
241
108
11
141
25
60
191
134
127
194
99
97
87
147
118
125
35
14
66
159
218
169
65
203
13
250
35
112
191
169
109
191
124
119
43
87
218
59
215
157
97
250
190
91
207
254
231
97
249
221
203
23
48
80
34
17
10
6
10
226
0
172
49
36
51
132
82
98
130
7
85
65
2
65
38
196
137
105
13
98
8
193
96
152
44
4
190
34
24
1
212
104
210
56
129
64
113
52
76
177
164
8
0
96
24
235
73
24
242
39
188
24
22
32
72
211
222
222
207
255
248
211
144
62
253
22
207
142
127
107
189
127
215
56
43
204
109
207
120
105
223
121
126
126
75
211
127
247
229
89
49
119
219
252
119
245
92
106
62
213
142
217
51
157
221
28
37
244
237
157
239
80
254
178
191
208
87
52
254
197
14
134
129
200
215
166
244
9
253
74
31
146
183
155
162
139
9
249
100
121
133
238
152
91
125
28
166
192
135
58
31
125
3
69
99
21
247
45
14
48
52
72
182
77
168
78
177
29
76
126
180
149
255
132
162
194
76
169
36
204
5
16
246
198
46
146
147
200
202
6
135
10
225
38
235
130
243
130
26
77
3
188
135
205
133
106
73
211
83
217
103
128
169
130
71
135
147
80
33
49
141
238
106
96
28
40
241
185
24
253
161
213
202
41
243
213
99
120
235
71
93
148
37
24
113
209
78
175
222
110
233
255
252
191
216
61
255
172
235
143
31
239
253
201
253
189
59
236
86
190
120
101
253
57
115
255
123
119
127
149
240
223
65
247
249
253
55
119
95
106
61
215
147
252
49
236
221
28
37
220
231
238
109
50
212
182
47
215
223
62
190
179
241
88
94
63
32
89
50
82
37
117
250
174
91
132
91
118
247
20
243
167
46
129
127
172
170
227
91
83
41
245
109
211
36
20
222
66
121
179
255
210
202
137
79
240
16
193
79
129
167
18
5
104
24
159
65
48
243
57
159
216
86
34
189
13
2
147
161
200
240
162
228
24
191
66
5
192
0
155
32
109
232
137
42
232
1
78
217
138
41
62
230
76
69
179
215
117
147
125
33
53
229
109
10
101
4
74
22
111
128
91
241
56
72
124
53
247
204
156
224
135
72
135
133
196
3
65
246
253
254
230
253
254
247
255
245
61
253
124
223
222
253
219
236
235
221
255
111
125
141
190
185
123
111
63
182
253
87
122
191
241
227
125
113
119
247
253
182
95
126
234
190
223
174
95
177
237
221
94
181
221
255
143
238
214
252
225
94
223
108
19
188
1
198
140
201
46
145
132
20
49
254
4
141
136
20
45
9
141
120
128
170
192
117
74
219
97
112
0
70
29
65
25
71
223
144
217
32
127
200
234
32
112
62
106
46
21
148
117
107
56
216
28
5
181
73
154
136
23
195
190
149
210
115
70
247
13
154
147
101
57
120
224
222
24
184
234
69
2
84
201
185
230
220
137
10
228
8
172
91
103
136
34
195
221
67
43
255
117
227
125
112
117
246
237
182
203
20
74
86
74
135
90
243
232
125
126
181
252
231
175
105
150
200
175
142
198
15
7
181
129
206
76
131
200
156
131
0
59
117
6
75
158
57
84
4
196
163
188
33
204
69
154
104
121
210
25
54
172
139
9
55
151
225
72
0
114
201
190
42
245
30
40
135
145
24
248
17
145
201
24
32
181
193
141
239
57
94
178
45
208
85
16
255
250
251
255
255
246
127
221
250
255
223
253
251
239
222
246
253
247
215
60
111
7
189
165
127
239
223
243
63
223
123
254
63
242
231
188
223
214
117
251
247
83
206
251
127
187
158
221
190
205
181
86
149
104
182
183
111
208
246
112
95
93
92
51
189
197
206
14
65
232
252
190
241
24
255
42
203
128
5
75
161
13
73
189
43
204
161
46
216
105
95
59
230
196
7
35
23
119
209
89
65
85
173
236
34
113
60
106
191
247
138
254
49
141
217
60
51
221
231
141
234
215
205
144
37
196
115
81
182
93
42
85
32
88
74
35
110
226
20
254
53
93
55
200
240
235
132
139
100
229
65
136
182
141
237
12
157
110
142
83
109
148
101
69
186
36
210
221
92
165
149
25
39
69
130
116
108
139
36
205
4
240
29
11
77
108
124
11
232
72
7
36
220
131
205
8
86
39
152
92
0
27
131
55
202
138
89
68
11
4
59
52
155
142
126
194
99
97
86
147
118
20
51
141
33
158
186
184
64
235
9
250
43
112
190
169
105
183
88
183
59
211
219
17
71
141
193
251
166
51
83
254
119
177
177
149
206
26
20
56
136
39
151
26
5
7
230
17
4
28
12
57
23
252
218
0
224
192
113
210
34
220
128
232
76
80
180
253
97
197
52
151
170
210
104
128
64
48
72
20
8
213
20
193
79
155
172
24
5
114
29
156
89
16
243
59
188
88
211
42
243
140
218
18
233
253
114
162
218
60
184
234
103
34
89
203
169
98
236
141
10
228
138
60
122
70
136
72
131
221
67
35
215
253
227
222
113
117
182
45
165
207
54
26
150
72
195
90
193
232
125
92
49
213
230
143
73
150
200
167
142
198
70
183
17
225
222
127
201
255
253
215
249
191
255
46
207
143
125
254
237
203
245
252
43
220
87
186
120
123
247
61
54
253
91
95
127
199
193
223
113
246
251
253
183
247
95
106
191
213
62
252
49
189
221
24
45
221
231
143
239
126
220
246
45
214
221
62
190
206
39
34
117
217
98
42
193
8
3
235
54
224
192
201
164
226
9
15
214
47
170
173
28
86
158
43
169
210
6
34
148
98
39
109
155
1
54
77
214
137
96
144
218
74
79
170
148
8
37
80
32
73
254
132
97
192
168
65
178
12
38
177
32
77
109
147
56
0
98
44
239
16
250
200
133
80
132
139
170
111
10
129
70
108
137
108
155
211
205
242
192
193
66
42
223
105
19
117
161
53
230
69
108
42
108
146
162
126
151
39
236
249
40
126
213
208
94
4
64
135
232
15
240
30
70
195
32
0
130
4
195
47
145
130
17
63
251
2
205
152
48
57
1
140
211
192
171
192
117
202
105
73
16
16
118
60
65
29
71
215
208
219
32
117
200
234
32
244
29
106
47
145
132
113
107
48
216
24
5
182
73
154
222
23
67
182
149
195
89
4
254
27
22
20
130
14
135
2
5
39
102
19
4
28
40
57
21
244
210
1
224
192
80
209
96
216
0
232
76
48
20
249
97
213
36
81
170
75
74
1
64
180
81
28
14
80
20
226
77
153
44
24
4
114
29
152
73
24
242
51
180
88
83
32
235
140
42
199
225
248
121
160
244
56
184
194
21
88
53
219
224
136
200
203
106
245
193
46
184
11
40
12
130
236
71
59
214
125
64
85
32
93
242
141
148
221
20
90
22
64
167
66
225
184
109
78
37
211
95
137
76
134
196
7
164
78
6
96
252
33
134
36
195
175
149
131
17
63
255
2
203
157
56
49
5
140
247
232
171
208
117
218
105
89
112
17
118
60
211
21
71
199
208
219
32
245
200
234
41
117
21
106
175
149
132
117
99
176
216
152
13
182
137
154
222
55
82
246
133
195
219
12
254
250
249
255
255
118
127
221
255
255
223
249
251
127
206
246
255
251
215
126
111
15
189
165
63
239
223
243
63
223
123
126
191
242
231
188
223
214
117
251
247
83
207
255
127
191
30
221
190
205
181
86
215
106
182
183
111
208
182
120
95
93
92
51
181
15
51
68
96
221
168
38
88
32
1
130
98
236
85
164
65
233
41
3
208
231
111
11
115
70
94
83
175
246
14
161
132
31
103
223
154
64
48
125
22
45
48
24
99
69
73
255
131
8
116
16
0
97
180
202
9
26
132
151
135
8
99
165
74
196
14
134
137
200
87
162
247
13
255
72
158
146
148
155
174
139
73
249
78
88
133
238
152
91
125
28
166
129
130
58
159
237
3
69
97
21
245
45
42
52
36
96
182
95
172
10
177
94
72
124
177
215
255
132
226
194
204
1
68
204
65
16
118
13
22
147
33
216
224
161
206
48
187
194
69
194
65
131
17
110
236
169
2
224
13
14
89
198
136
58
195
220
69
33
215
117
195
93
33
53
180
45
38
205
4
74
210
74
129
91
209
104
92
124
49
244
230
140
97
134
136
135
132
198
71
17
53
103
36
89
10
90
194
135
12
226
38
10
52
245
38
169
81
91
35
130
20
193
113
83
196
148
212
252
93
42
234
215
66
21
140
199
167
184
152
109
92
36
81
76
33
53
124
181
111
182
174
136
15
183
65
88
211
44
62
150
177
186
219
120
66
191
254
125
235
255
185
247
24
189
121
254
251
175
63
236
253
211
191
255
57
245
118
154
124
101
255
89
247
126
115
111
255
159
200
223
68
247
219
253
191
255
159
107
245
213
131
254
113
174
223
141
44
253
229
235
189
126
222
254
239
243
223
252
30
191
254
124
235
255
249
247
120
189
121
254
251
175
63
236
253
211
191
255
57
245
118
154
124
101
255
89
183
127
115
111
255
159
200
219
100
247
219
253
63
255
157
235
181
213
243
126
115
174
223
137
44
252
165
235
189
126
222
254
239
179
219
188
94
115
52
248
154
28
6
10
7
98
230
1
176
36
131
151
23
126
226
0
193
155
161
127
11
208
0
232
79
3
29
225
99
197
36
22
190
138
56
33
94
18
74
32
136
147
24
65
79
25
236
24
1
116
24
20
65
144
179
51
148
88
82
42
227
237
222
102
237
255
253
255
248
189
255
248
255
207
125
246
237
241
253
255
43
253
207
190
120
111
255
59
55
253
95
127
191
245
227
222
121
246
247
253
183
95
94
106
190
223
27
222
177
236
221
94
181
221
247
143
239
222
156
228
14
222
221
54
188
86
50
80
130
249
154
6
8
66
17
38
114
164
19
132
81
114
131
172
149
193
101
9
64
128
212
73
47
62
40
129
65
159
197
212
146
101
216
165
87
100
21
35
1
161
13
244
79
150
246
137
2
55
33
219
187
102
127
150
164
8
83
116
78
112
52
155
155
0
199
178
39
82
234
84
180
52
6
139
114
127
131
208
134
145
49
71
135
153
96
232
204
67
139
195
235
239
4
53
183
157
202
205
120
48
92
181
162
55
29
35
111
159
234
169
75
180
13
88
211
70
251
95
241
27
227
107
198
15
51
64
96
221
168
38
88
32
0
194
118
224
69
132
65
232
45
3
208
231
46
11
87
70
94
82
173
212
14
161
132
95
46
221
154
64
48
77
22
45
48
26
75
69
105
191
131
8
116
16
0
96
180
202
9
18
128
151
167
8
99
164
72
86
50
89
0
88
146
14
76
194
42
131
52
96
6
129
83
114
135
130
20
193
49
65
198
196
128
232
205
2
44
201
96
13
12
198
175
56
58
5
85
8
64
2
128
101
105
128
79
178
46
8
3
50
57
88
83
6
59
151
144
40
146
124
64
120
31
254
191
99
247
58
247
189
220
87
159
159
252
187
78
255
219
99
103
125
167
199
183
89
127
188
172
80
134
186
168
222
36
69
190
83
120
201
116
120
92
56
47
213
53
231
110
153
172
24
5
240
29
156
73
16
242
51
189
88
87
32
250
12
138
139
105
41
248
240
222
25
186
238
229
64
20
139
171
9
140
161
27
196
37
78
219
97
203
2
230
93
67
35
230
191
146
249
32
119
154
232
49
120
60
226
100
247
135
55
107
187
250
46
83
244
5
252
72
23
194
191
239
210
51
197
222
81
50
80
130
121
155
2
48
66
48
6
115
164
18
128
80
126
131
136
149
193
53
195
198
128
80
216
15
38
104
197
97
31
133
208
182
53
216
45
69
68
85
107
5
161
13
247
111
150
246
169
6
246
41
90
203
102
59
150
193
8
59
244
78
81
17
148
30
6
99
80
54
83
160
85
129
36
130
3
18
126
130
0
210
129
41
199
135
200
9
224
204
66
5
201
102
221
36
49
52
31
72
0
65
48
64
191
10
8
53
3
110
155
226
75
199
52
24
16
201
15
51
143
209
24
34
132
71
89
7
148
58
65
227
38
54
5
132
72
134
180
238
35
6
239
187
97
214
125
167
195
247
80
127
244
236
64
134
226
161
222
44
69
190
83
56
201
124
120
92
56
47
213
113
183
110
153
172
24
5
240
29
156
65
16
242
51
189
88
87
32
250
0
130
4
131
173
145
130
17
63
251
2
67
140
49
57
1
204
211
192
169
192
117
202
105
65
16
16
118
60
65
153
71
95
208
219
32
116
200
234
34
228
20
106
47
145
132
113
115
144
216
24
1
182
137
216
223
15
83
150
165
194
81
0
126
13
142
228
96
41
248
165
126
185
189
198
225
174
61
204
133
139
40
227
59
245
103
90
255
113
127
21
182
108
71
99
199
159
218
225
32
245
152
248
40
125
60
106
167
245
97
119
107
184
250
169
25
244
5
218
4
47
195
215
165
162
243
237
94
251
221
254
95
255
191
95
24
255
183
189
234
191
254
100
95
181
183
126
159
191
127
83
111
243
119
247
126
127
255
198
178
139
253
138
85
203
13
250
123
126
223
239
253
183
121
191
63
245
219
144
79
238
165
250
247
59
183
244
63
179
249
222
11
88
50
16
2
83
147
2
48
82
48
86
53
180
18
160
82
126
147
152
149
193
49
195
199
128
80
248
15
2
72
197
96
31
5
145
182
53
216
79
85
64
209
231
37
161
5
167
111
150
230
169
6
182
40
90
203
70
59
150
193
9
59
245
78
88
27
214
54
99
251
54
119
189
144
70
135
190
245
171
206
255
155
97
103
124
167
195
247
73
126
252
236
80
130
186
168
222
36
69
190
83
122
201
116
120
92
56
47
213
117
247
110
153
172
24
5
240
29
156
73
16
242
51
189
88
87
32
250
198
111
32
117
217
168
102
193
8
65
235
118
226
69
200
176
226
9
31
198
15
168
169
90
70
222
35
139
210
6
35
148
98
167
124
219
0
55
69
150
139
96
144
218
72
11
46
150
200
37
80
96
73
246
135
41
192
248
97
182
12
38
179
32
112
53
144
158
17
194
34
55
83
224
84
177
36
2
131
18
126
131
129
151
145
41
199
135
136
25
248
204
34
8
193
96
141
7
49
180
21
200
101
116
48
65
191
163
35
21
99
110
154
226
105
79
180
8
120
207
78
59
143
209
27
35
229
79
26
217
152
222
55
75
88
6
86
4
29
220
62
206
124
251
253
214
52
215
135
60
225
71
173
215
227
93
83
59
214
105
150
62
53
222
202
107
218
117
114
221
181
105
191
30
181
110
213
166
18
71
232
29
52
67
17
179
122
187
57
61
167
234
40
218
126
203
191
253
215
249
191
255
174
203
189
60
125
237
223
247
255
59
252
118
218
125
97
119
125
54
125
83
95
247
223
200
219
52
246
251
248
33
117
93
106
63
149
246
124
115
188
217
156
45
254
165
223
125
55
214
182
175
211
223
44
254
83
16
152
215
207
128
222
4
26
171
5
73
132
74
34
17
124
211
16
131
206
45
203
105
168
66
226
110
82
9
209
103
215
166
20
48
83
201
106
118
80
72
104
107
209
20
217
51
153
204
24
5
244
136
156
227
17
114
179
159
216
55
32
238
55
52
113
38
29
32
5
78
194
4
156
117
36
79
132
85
107
182
3
80
97
42
161
102
196
188
112
9
210
56
193
109
12
44
20
158
34
48
1
93
73
192
30
139
68
81
164
76
0
54
89
4
96
18
4
65
56
50
39
152
152
135
36
88
47
38
101
42
23
48
5
79
229
74
152
52
109
47
173
69
195
116
3
240
225
114
145
54
68
140
32
9
82
28
57
73
84
44
215
186
74
112
1
84
44
64
28
41
84
85
100
76
24
44
24
4
226
29
204
73
24
162
35
188
88
86
32
112
51
209
152
222
55
195
93
18
86
68
61
216
46
206
52
91
125
246
52
215
135
44
225
71
172
215
243
125
83
59
212
105
210
60
52
222
202
105
250
117
114
203
181
107
159
28
245
110
129
166
18
71
104
24
20
65
25
179
123
187
57
53
166
234
39
52
49
34
21
34
39
74
192
2
168
112
96
14
128
81
226
36
7
85
225
2
25
71
196
136
108
141
18
44
105
64
12
140
196
158
32
56
5
212
72
66
16
129
64
113
4
78
48
38
24
0
96
16
108
1
0
50
135
176
40
86
180
72
51
245
88
94
63
160
93
50
66
100
53
250
174
91
4
95
118
247
36
243
163
44
129
127
172
187
227
123
83
57
229
125
210
44
52
158
202
120
178
255
115
202
169
79
208
16
209
79
129
167
16
7
104
24
159
65
48
243
51
159
216
118
34
185
178
61
80
22
147
8
16
41
222
1
215
119
52
114
200
244
118
146
4
23
69
170
161
70
153
138
224
73
194
184
204
40
170
44
68
190
86
82
129
212
209
85
149
2
192
6
129
78
137
38
89
13
240
31
153
73
0
114
51
184
24
22
32
217
115
244
88
30
25
74
20
6
98
36
45
184
60
235
174
218
111
162
32
208
131
160
81
134
208
37
225
73
67
13
193
97
217
44
5
190
10
0
33
126
50
218
44
171
84
80
229
78
145
164
90
4
32
24
17
65
152
179
43
185
24
66
34
227
120
95
254
255
118
247
122
247
61
223
87
158
159
252
251
207
255
221
123
231
125
183
215
183
89
126
188
172
81
214
254
185
210
44
87
191
83
122
201
116
120
93
60
46
213
61
231
110
157
172
24
5
242
29
156
73
16
242
51
189
88
87
34
250
204
238
78
137
216
245
162
245
45
255
72
158
144
55
251
237
203
221
249
110
217
209
190
184
75
125
29
166
221
79
59
151
241
129
221
107
81
247
45
54
54
68
72
62
87
172
90
177
28
77
94
37
215
255
132
234
208
236
169
12
204
87
50
183
193
206
134
73
232
222
174
144
57
191
40
203
130
189
110
169
141
233
188
175
204
199
62
248
99
119
63
102
157
3
35
23
245
209
90
97
113
183
236
162
247
62
106
191
255
122
254
177
237
217
60
53
221
239
141
234
215
221
160
37
212
81
18
191
47
244
104
170
23
48
5
30
229
74
248
176
109
15
165
87
203
244
3
208
225
82
209
54
68
141
225
137
83
28
33
233
212
44
151
186
91
112
1
116
58
74
56
45
84
213
86
76
154
172
24
4
96
29
220
89
144
178
43
156
88
214
42
242
84
233
155
221
32
218
248
102
217
130
93
156
83
246
221
234
11
9
186
79
134
61
230
131
173
215
151
245
69
171
22
8
150
19
45
203
4
253
250
51
49
185
165
97
191
156
53
186
87
138
103
247
153
97
54
190
197
207
88
107
97
41
211
246
18
51
80
30
19
72
4
14
194
0
137
53
52
102
164
112
127
146
2
208
65
162
1
6
128
220
228
73
130
138
194
96
152
44
71
190
74
16
73
84
8
193
20
43
68
116
165
78
177
38
88
4
162
24
146
73
16
114
51
149
56
70
34
72
197
202
14
105
232
248
166
208
56
187
10
207
136
53
75
169
9
205
185
43
204
69
78
248
97
85
25
182
124
67
35
86
223
211
217
33
117
155
252
34
117
60
106
53
119
135
126
177
188
217
60
53
213
229
207
174
87
204
182
165
196
91
85
182
179
209
88
86
55
128
93
10
214
1
181
248
62
74
36
90
126
178
36
147
7
46
161
103
224
151
227
123
83
40
196
32
154
44
4
158
74
88
227
253
114
202
185
105
144
85
149
78
145
166
16
5
104
24
221
65
16
243
54
159
56
119
160
219
28
42
119
161
152
109
161
244
216
188
202
55
65
53
219
226
227
204
195
104
105
128
206
176
77
108
12
129
232
6
59
223
113
0
117
186
21
178
205
212
220
84
26
54
68
163
106
225
137
45
109
49
208
31
140
73
4
232
3
236
76
6
32
244
236
206
238
137
254
253
190
241
61
255
122
223
159
191
254
239
137
221
125
239
61
213
190
120
123
127
61
54
253
223
63
159
241
229
127
91
83
255
237
182
247
92
104
63
223
30
126
177
205
221
22
181
223
255
141
238
208
220
33
60
223
93
24
190
196
206
134
221
233
223
134
149
61
249
42
207
154
181
127
175
141
59
252
175
220
141
126
185
83
127
153
102
173
195
146
23
249
177
115
97
81
199
238
170
247
60
104
183
157
94
127
177
205
201
92
189
213
239
153
234
83
221
161
53
214
113
18
238
179
53
88
22
55
8
88
8
210
1
183
115
190
74
192
80
118
146
4
151
71
42
161
102
224
138
224
75
210
40
196
56
186
44
36
254
90
26
131
220
211
223
29
74
192
23
129
78
137
166
17
5
120
30
157
65
16
115
55
184
56
22
162
201
12
33
172
56
2
35
32
119
65
0
213
180
112
132
165
66
200
8
67
212
51
50
65
151
192
40
196
204
64
132
184
128
206
44
5
174
11
40
1
84
24
11
20
14
80
117
131
78
27
44
9
7
114
28
88
73
18
163
27
177
56
114
98
75
7
146
1
97
189
248
165
88
184
185
194
77
194
21
64
1
13
236
167
27
228
100
74
121
101
223
17
246
60
99
33
199
23
208
219
32
117
152
248
35
109
52
106
229
229
65
127
115
184
219
168
99
244
133
250
60
39
211
150
167
226
219
229
94
25
23
16
34
5
170
36
26
20
24
198
33
32
26
44
21
246
186
131
208
225
34
209
87
192
56
192
196
122
68
233
224
142
40
194
180
53
10
1
96
232
151
18
131
64
113
166
78
184
38
137
12
240
29
219
1
54
178
55
180
26
211
36
75
112
20
176
18
8
134
38
7
99
228
0
5
84
165
49
22
125
171
195
194
144
37
91
143
208
120
252
206
0
148
233
230
79
24
35
36
153
136
32
74
56
0
0
166
103
96
7
79
185
72
168
75
52
88
24
193
23
115
83
149
178
35
72
226
197
202
142
73
233
216
166
192
56
187
46
203
138
53
75
169
9
137
189
43
204
69
10
120
99
85
25
54
172
3
3
86
151
209
89
65
117
155
252
34
101
52
106
181
117
202
126
177
185
217
44
49
213
229
203
174
87
204
182
37
192
81
81
222
45
39
32
112
221
168
34
89
8
1
194
119
224
74
232
69
98
41
3
210
231
46
27
87
6
26
66
133
210
4
33
132
79
46
92
154
1
50
77
20
137
116
18
202
65
97
171
147
8
116
24
36
98
156
201
1
2
160
199
167
8
103
165
64
121
157
255
254
114
255
243
119
189
220
86
215
159
255
187
206
255
223
249
103
116
47
194
243
219
127
188
252
120
66
242
169
223
37
85
190
87
122
201
124
120
93
56
47
213
53
247
110
153
172
24
5
240
29
156
73
16
246
51
189
88
87
32
250
69
202
14
105
232
248
166
208
57
187
10
207
128
53
107
169
9
205
185
42
204
69
78
248
97
93
25
182
124
67
35
86
223
211
217
33
117
255
252
35
117
52
106
53
119
135
126
177
188
217
60
53
213
229
207
174
87
204
150
167
196
91
85
54
179
117
88
86
55
9
88
41
82
1
55
115
62
122
192
84
118
146
4
215
71
42
161
102
160
138
225
89
210
56
196
56
250
44
36
254
90
90
131
212
211
223
157
14
192
22
129
78
137
166
17
5
120
30
157
73
16
115
51
184
56
22
160
217
220
232
222
221
250
127
254
246
29
253
126
223
223
245
219
234
235
217
253
111
125
141
238
185
107
111
63
182
253
199
62
191
253
227
125
113
87
247
253
182
91
125
235
62
255
174
127
177
237
201
127
245
221
255
149
238
215
252
233
111
223
44
19
254
102
36
240
162
81
130
2
5
70
64
134
52
48
6
130
86
122
3
1
212
193
33
83
71
20
72
232
13
2
156
137
224
7
37
23
186
16
90
5
84
64
64
20
130
65
13
35
79
25
44
152
8
240
24
24
195
18
58
51
177
8
19
48
74
4
10
134
161
200
248
162
245
24
184
206
69
192
53
75
160
9
8
201
136
244
65
206
217
105
108
8
134
108
199
43
198
125
195
65
32
117
146
237
34
253
52
74
182
69
163
126
225
187
89
237
56
213
77
202
8
70
204
135
228
194
3
68
94
211
158
84
199
237
216
147
144
58
117
6
79
142
123
74
181
110
247
60
39
204
109
203
120
105
222
121
126
254
11
211
47
151
229
81
49
115
219
253
118
245
92
106
63
213
26
253
51
157
220
24
37
245
229
156
235
88
254
178
189
208
87
52
254
61
54
125
168
55
191
39
121
244
92
214
49
125
63
188
69
242
244
195
112
241
114
209
247
220
168
228
149
122
220
125
233
220
44
71
190
254
122
129
124
252
223
26
143
212
227
230
79
185
164
152
12
242
29
159
89
54
242
55
188
90
215
44
248
59
213
152
222
55
199
92
50
86
70
61
248
62
206
36
95
125
210
52
215
7
62
225
103
168
87
243
125
83
127
214
33
198
60
53
222
202
105
250
117
114
203
181
107
151
20
245
110
145
166
18
71
232
24
148
65
17
179
123
187
57
125
162
235
47
54
101
162
23
50
39
94
228
74
202
52
109
47
161
69
194
116
3
112
225
98
145
54
68
136
160
137
82
28
41
201
84
44
215
186
82
112
1
84
108
68
24
12
84
85
198
78
152
44
24
4
226
29
220
73
24
178
35
188
88
86
32
112
59
212
216
46
31
98
95
30
214
72
189
249
47
10
36
93
127
182
20
145
241
59
245
39
176
171
224
31
83
121
197
237
141
173
182
246
239
81
35
253
91
203
103
201
152
81
181
78
229
182
219
13
108
162
244
227
184
179
254
154
187
204
190
73
187
241
88
190
55
9
93
10
214
66
189
248
63
78
164
95
255
182
36
209
131
54
225
103
164
215
241
123
83
120
212
105
146
44
148
190
234
120
163
117
114
203
53
105
148
20
245
79
145
174
24
5
104
25
252
65
16
178
51
191
57
95
164
218
61
118
117
96
248
189
35
120
224
94
194
53
77
59
201
193
226
236
143
104
241
64
136
184
12
184
44
149
254
14
113
153
112
68
220
187
84
242
21
244
223
70
26
30
66
131
74
212
136
53
116
36
104
188
143
77
132
252
3
140
76
70
34
177
108
46
230
112
8
127
160
247
189
252
202
53
75
189
155
166
203
40
235
235
245
71
127
183
91
109
28
134
108
214
35
198
205
74
99
164
213
178
253
44
124
52
58
166
77
227
55
235
184
108
237
89
241
93
152
92
38
238
71
181
234
243
109
94
13
158
247
96
41
249
165
126
184
188
198
101
206
61
201
133
79
172
227
43
244
111
90
251
241
127
80
246
124
71
227
199
159
210
227
36
53
154
248
40
109
53
106
167
101
225
119
235
184
250
169
120
246
5
218
68
47
214
215
167
162
251
205
94
51
241
92
94
63
17
92
42
246
160
181
248
62
250
164
94
118
146
52
211
131
62
129
103
160
151
227
123
83
57
213
122
218
44
4
254
202
121
179
247
114
203
237
79
144
20
209
79
129
175
18
7
120
24
156
73
16
243
59
157
120
86
162
187
179
117
88
22
63
8
89
10
210
32
183
115
52
74
196
118
118
150
6
211
199
42
161
70
165
138
224
75
82
57
197
108
170
44
4
254
66
26
131
255
210
223
21
74
192
19
129
79
129
166
19
5
120
29
157
65
48
178
183
184
56
22
166
217
55
53
113
38
93
34
23
94
194
68
221
117
45
79
128
85
251
246
3
84
97
42
161
102
228
252
232
13
242
56
225
109
20
45
20
158
34
48
1
93
65
192
31
138
197
17
228
76
128
54
89
4
96
18
148
65
56
50
51
152
152
135
36
216
179
241
88
30
55
1
93
10
214
32
181
250
62
90
164
91
246
182
36
147
131
62
161
103
164
151
225
123
83
41
197
105
154
44
20
190
74
88
163
245
114
203
61
105
144
21
149
79
145
174
16
5
120
24
220
65
16
179
183
157
57
87
166
219
13
154
223
105
57
248
229
126
185
184
206
229
68
61
137
169
77
174
235
11
228
109
78
251
225
127
80
246
124
71
227
231
159
210
251
36
117
154
248
33
125
60
234
39
245
225
119
107
186
250
173
115
244
5
218
92
55
210
151
231
242
243
197
94
28
42
119
161
152
125
161
252
216
252
218
53
69
55
217
224
226
204
195
106
253
128
172
176
77
168
44
129
252
14
59
223
112
36
117
186
84
242
141
244
221
84
26
22
64
131
74
228
137
45
93
33
240
31
141
73
132
240
35
236
72
6
32
244
28
42
119
161
152
101
161
252
216
252
218
53
69
55
219
224
227
220
195
98
105
128
172
176
77
172
44
129
218
14
59
255
113
36
117
186
84
114
201
212
217
84
24
22
76
135
106
228
137
45
93
5
240
31
140
73
0
240
35
188
72
6
32
252
13
10
86
97
232
249
162
244
56
185
66
69
220
53
105
161
77
217
201
40
228
81
78
248
33
120
24
230
108
71
187
214
93
195
89
32
117
211
253
34
253
21
74
54
69
167
122
241
188
89
109
52
247
197
139
236
7
204
143
165
194
11
5
86
0
154
87
233
232
248
166
240
56
185
74
79
140
53
73
161
77
207
233
40
236
69
78
248
225
125
25
246
108
67
163
215
221
195
251
32
117
155
253
34
237
20
106
182
69
163
126
241
168
89
173
48
245
229
139
236
47
204
134
165
194
67
69
94
188
48
119
37
152
97
161
252
216
184
198
55
97
7
219
224
226
212
7
96
73
130
165
52
76
136
172
137
210
14
59
190
112
36
85
186
82
114
137
212
217
84
24
14
192
7
232
108
137
44
88
5
240
30
156
73
16
240
35
188
88
6
34
248
28
186
159
121
57
251
240
254
57
186
206
173
68
21
235
171
205
142
185
11
228
125
78
219
225
77
114
198
125
71
163
230
255
210
241
36
119
218
248
113
250
61
250
38
119
183
119
235
187
250
47
87
244
109
249
76
23
202
175
239
211
107
199
214
119
52
113
38
95
66
23
14
194
0
223
53
36
78
128
84
251
182
3
84
225
43
161
6
196
220
232
13
210
56
201
109
12
45
5
190
34
48
9
92
73
193
21
170
197
65
164
78
129
38
89
12
240
24
148
65
32
50
183
184
56
7
36
88
47
54
97
170
23
50
37
94
228
90
216
48
105
15
161
85
194
252
3
208
225
98
209
54
68
136
224
137
82
28
41
201
92
44
215
186
91
112
1
116
108
66
26
12
84
209
198
78
152
44
24
4
242
29
220
73
16
242
35
156
88
214
34
112
9
154
86
105
252
248
167
240
57
189
78
77
140
61
73
161
205
237
137
40
236
65
14
248
105
125
25
246
124
67
43
215
93
195
217
32
117
155
253
35
253
20
106
54
69
163
126
241
184
89
44
52
245
229
139
236
63
204
143
167
194
143
5
246
173
32
101
37
216
103
179
248
248
157
198
117
105
55
217
224
226
212
7
100
97
130
164
52
76
136
172
137
210
14
51
186
112
37
85
186
82
114
137
212
217
84
24
14
192
6
232
108
137
44
88
5
240
31
156
73
16
242
51
188
72
22
32
248
