posters/Movie Poster 88.jpg
512
394
111
79.167
-1
0
182
117
0.0149576
31
-77.7068
-1
0
134
161
0.020185
31
87.2409
-1
0
108
220
0.0166606
31
86.5526
-1
0
103
220
0.0157412
31
75.2757
-1
0
180
214
0.015199
31
89.5626
-1
0
145
122
0.0141113
31
79.9811
-1
0
149
216
0.0160814
31
-86.195
-1
0
232
183
0.0199222
31
-76.0374
-1
0
164
167
0.0145102
31
95.5572
-1
0
180
118
0.0166787
31
-65.7972
-1
0
114
244
0.0121151
31
51.3402
-1
0
114
294
0.0115595
31
84.8056
-1
0
135
217
0.0115995
31
-60.732
-1
0
205
178
0.0115385
31
-60.2551
-1
0
209
178
0.0118727
31
86.4097
-1
0
124
220
0.0119337
31
-97.257
-1
0
102
158
0.0124166
31
-153.292
-1
0
249
183
0.011248
31
-69.121
-1
0
139
244
0.0118614
31
93.6522
-1
0
110
192
0.0106761
31
92.2906
-1
0
145
118
0.0130817
31
-71.9197
-1
0
139
161
0.0133785
31
96.2226
-1
0
219
210
0.0120935
31
106.266
-1
0
222
210
0.0111598
31
81.6834
-1
0
154
216
0.01186
31
83.3145
-1
0
182
122
0.0129098
31
72.204
-1
0
206
212
0.0138559
31
-92.0096
-1
0
234
183
0.012297
31
-83.1572
-1
0
110
164
0.010435
31
73.2117
-1
0
194
213
0.0128793
31
77.8702
-1
0
209
212
0.0122031
31
-7.81529
-1
0
123
187
0.0107209
31
88.727
-1
0
119
219
0.0103699
31
79.095
-1
0
169
215
0.0134371
31
5.31455
-1
0
104
294
0.0118541
31
-70.1367
-1
0
169
167
0.0128467
31
-164.438
-1
0
256
191
0.0126723
31
92.0826
-1
0
180
122
0.0138816
31
-84.2465
-1
0
219
183
0.0120108
31
90.4602
-1
0
121
220
0.0110401
31
-33.1632
-1
0
194
187
0.00991469
31
-117.784
-1
0
351
153
0.0100393
31
-95.2624
-1
0
103
156
0.0102057
31
-175.022
-1
0
252
205
0.00991487
31
-73.8379
-1
0
180
173
0.0100382
31
117.474
-1
0
232
211
0.0103468
31
90.3016
-1
0
133
119
0.00979533
31
82.5227
-1
0
165
216
0.0097932
31
-73.725
-1
1
134.4
160.8
0.00733198
37.2
-70.4936
-1
1
180
174
0.00743972
37.2
-71.984
-1
1
164.4
166.8
0.00694517
37.2
-168.448
-1
1
250.8
199.2
0.00730477
37.2
-168.624
-1
1
255.6
198
0.0111533
37.2
73.8724
-1
1
181.2
213.6
0.0101171
37.2
73.2174
-1
1
150
214.8
0.00890122
37.2
-111.144
-1
1
350.4
153.6
0.0099157
37.2
81.573
-1
1
153.6
214.8
0.00751621
37.2
19.051
-1
1
189.6
195.6
0.0105626
37.2
-61.023
-1
1
196.8
174
0.00718248
37.2
-92.7263
-1
1
232.8
183.6
0.00867024
37.2
87.4092
-1
1
123.6
218.4
0.00927684
37.2
-176.162
-1
1
247.2
204
0.00778655
37.2
76.0637
-1
1
206.4
211.2
0.0122108
37.2
73.4
-1
1
196.8
212.4
0.0109922
37.2
-173.219
-1
1
252
202.8
0.00670555
37.2
-163.924
-1
1
255.6
192
0.00718896
37.2
74.4072
-1
1
194.4
212.4
0.0116877
37.2
80.6734
-1
1
210
211.2
0.00701899
37.2
-155.072
-1
1
249.6
190.8
0.00819707
37.2
74.8904
-1
1
380.4
250.8
0.00645386
37.2
70.56
-1
2
194.4
213.12
0.00392255
44.64
-111.73
-1
2
351.36
154.08
0.00726065
44.64
-168.899
-1
2
252
200.16
0.00830545
44.64
-154.592
-1
2
250.56
181.44
0.00458539
44.64
-161.284
-1
2
254.88
191.52
0.0074899
44.64
-33.0239
-1
2
156.96
244.8
0.00410528
44.64
-105.879
-1
2
233.28
182.88
0.00397747
44.64
-88.8024
-1
2
220.32
182.88
0.00573122
44.64
-159.839
-1
2
247.68
192.96
0.00680113
44.64
25.6652
-1
2
190.08
195.84
0.00582765
44.64
178.418
-1
2
213.12
241.92
0.00528634
44.64
-174.088
-1
2
252
203.04
0.00791757
44.64
171.219
-1
2
211.68
234.72
0.00513432
44.64
110.977
-1
2
220.32
210.24
0.00549965
44.64
144.189
-1
2
233.28
210.24
0.00535274
44.64
81.9349
-1
2
208.8
211.68
0.00631658
44.64
70.7214
-1
2
181.44
213.12
0.0044372
44.64
77.0779
-1
2
151.2
214.56
0.00695118
44.64
75.2677
-1
2
167.04
214.56
0.00591545
44.64
166.464
-1
2
243.36
216
0.00496718
44.64
-75.8708
-1
2
152.64
167.04
0.0041634
44.64
-65.6791
-1
2
165.6
167.04
0.00456766
44.64
-58.5704
-1
2
205.92
178.56
0.00387256
44.64
166.921
-1
2
213.12
230.4
0.00380099
44.64
-73.3212
-1
2
180
174.24
0.00371928
44.64
-158.455
-1
3
247.104
193.536
0.00710655
53.568
33.2544
-1
3
188.352
196.992
0.00427123
53.568
-89.7932
-1
3
219.456
183.168
0.00375142
53.568
-168.238
-1
3
252.288
198.72
0.00501705
53.568
-153.653
-1
3
250.56
179.712
0.00331342
53.568
-158.225
-1
3
252.288
190.08
0.00388902
53.568
-108.65
-1
3
231.552
183.168
0.00304965
53.568
118.237
-1
3
221.184
209.088
0.00452838
53.568
145.025
-1
3
231.552
209.088
0.00459341
53.568
84.0429
-1
3
207.36
210.816
0.00473825
53.568
162.112
-1
3
241.92
216
0.00344655
53.568
-144.815
-1
3
243.648
188.352
0.00373129
53.568
-72.9698
-1
3
179.712
174.528
0.00246652
53.568
-62.6936
-1
3
195.264
174.528
0.00229344
53.568
166.924
-1
3
259.2
217.728
0.0023555
53.568
75.1663
-1
3
181.44
212.544
0.00229003
53.568
111
64
125
55
245
210
94
39
7
114
198
70
82
18
79
235
144
68
242
245
75
100
243
111
144
247
30
250
174
13
242
152
112
233
66
47
22
191
198
120
21
92
84
64
144
143
65
40
229
207
154
36
153
136
98
56
142
81
104
54
115
155
218
151
40
248
195
12
174
17
201
142
147
128
56
103
7
78
138
233
2
4
228
41
59
231
252
135
90
112
83
122
189
46
192
23
35
99
215
45
65
59
82
41
237
122
112
92
56
175
209
120
245
45
153
172
24
5
241
93
156
67
16
246
51
189
88
87
32
250
193
201
206
25
207
203
211
184
184
167
191
202
190
233
111
171
237
245
61
119
110
199
230
113
3
127
185
62
249
3
114
59
223
45
81
251
82
109
252
120
112
92
56
47
221
58
253
181
157
140
24
5
241
253
156
203
120
252
49
189
88
215
0
250
202
74
135
209
230
211
138
130
236
183
59
202
219
176
123
235
157
213
127
111
76
149
102
145
15
215
189
174
129
194
54
154
211
45
71
187
90
125
236
96
112
93
116
63
221
124
253
181
157
140
152
5
211
125
156
219
80
252
17
189
93
85
80
250
98
11
150
214
11
141
68
7
38
97
40
129
31
251
54
62
118
210
96
35
206
47
250
43
27
131
166
46
18
136
17
110
215
38
82
48
82
72
226
226
114
94
32
47
144
20
229
111
145
172
24
1
244
25
156
73
17
242
51
189
88
84
32
251
248
59
247
179
222
167
35
254
198
37
208
58
239
202
146
94
250
245
123
119
127
143
195
247
142
250
254
175
210
156
114
168
207
47
71
191
90
60
109
92
120
64
176
175
205
121
189
183
188
172
153
129
240
188
156
81
96
178
51
187
88
87
36
250
208
139
135
214
96
70
128
167
70
212
54
195
3
241
18
138
127
195
108
39
86
141
228
131
219
127
181
46
129
138
18
105
215
39
83
184
90
28
238
108
112
92
48
191
217
24
245
238
153
172
24
129
240
31
156
75
17
240
49
61
88
85
0
250
90
217
138
223
38
211
216
39
31
186
85
136
158
226
61
218
61
147
112
155
135
117
199
211
169
87
243
126
65
247
182
98
215
60
209
164
223
73
250
113
112
93
245
109
151
20
247
111
159
234
26
71
244
29
248
89
19
243
59
255
121
123
200
234
192
12
170
129
232
214
186
197
28
231
7
14
131
128
27
39
137
93
57
101
216
133
222
56
95
201
152
46
208
17
51
107
197
37
85
187
82
120
237
114
112
92
48
174
213
28
225
105
153
172
24
1
241
93
156
73
16
242
51
189
88
87
32
250
126
49
244
148
87
167
27
123
134
70
211
54
237
200
147
86
242
213
82
102
59
55
211
103
30
250
190
29
18
156
116
169
70
45
151
159
194
120
197
95
48
64
149
143
193
40
225
15
158
172
145
137
114
56
148
83
104
54
113
251
88
151
44
250
218
248
11
233
254
240
218
216
90
187
245
222
226
0
107
249
139
213
60
27
204
21
142
88
47
213
187
47
215
111
55
62
247
164
221
91
126
125
237
115
114
92
107
60
151
156
248
49
223
157
26
165
185
181
252
107
80
242
186
125
93
93
114
183
163
6
32
2
199
20
131
17
132
71
18
70
129
26
48
37
0
118
69
148
80
18
176
68
16
160
12
0
150
24
16
1
100
44
218
128
201
2
9
128
192
64
18
140
192
98
160
76
16
60
16
8
66
1
206
17
32
16
82
20
66
218
44
121
218
11
131
211
198
71
130
183
78
129
16
207
147
212
51
74
125
211
125
167
78
189
103
199
138
95
191
44
128
194
150
56
214
47
83
185
90
108
238
96
112
93
52
63
221
60
181
238
157
172
152
69
242
31
156
203
17
240
17
61
92
85
0
250
69
5
186
85
40
148
122
65
32
231
33
194
194
225
16
7
132
105
38
99
158
47
82
219
84
114
167
110
64
149
33
98
199
22
70
42
144
168
226
74
112
40
48
239
241
112
183
111
153
172
24
75
240
29
156
65
17
243
115
189
120
115
41
234
77
203
158
221
42
179
125
82
32
167
33
202
214
232
52
75
4
253
96
99
174
125
66
251
13
118
167
126
80
36
117
67
215
18
215
42
16
232
250
107
116
59
252
111
247
92
247
111
153
168
24
71
242
93
156
65
25
243
51
191
217
243
97
251
201
201
222
87
227
67
219
254
190
159
164
203
191
233
98
139
239
181
127
103
110
207
230
180
3
127
187
62
249
2
114
59
218
39
68
249
82
109
252
252
80
92
56
63
217
124
217
180
157
140
26
5
209
127
156
207
89
252
49
61
92
85
0
250
193
11
196
18
205
138
7
26
162
5
34
67
174
249
6
9
111
101
35
36
228
79
74
103
66
255
29
38
186
0
64
1
159
111
66
184
16
8
125
108
100
20
56
163
221
120
245
199
176
164
8
0
241
125
152
139
40
190
19
181
24
215
52
74
39
198
96
3
249
156
143
72
174
71
43
106
129
79
204
21
227
229
36
96
199
38
18
112
68
214
181
47
18
10
97
1
199
36
87
154
64
56
233
78
100
92
56
173
213
80
244
15
152
172
16
1
240
29
156
65
16
242
19
181
88
87
32
122
203
202
202
105
223
249
162
216
56
187
138
238
162
28
235
233
203
117
57
74
204
149
142
120
39
221
27
39
214
79
51
23
215
167
221
91
114
255
109
54
224
116
106
60
87
158
124
177
220
29
24
36
211
183
140
106
16
236
161
63
92
95
52
178
2
4
8
2
5
202
18
53
18
138
22
5
0
6
9
163
13
74
144
149
192
3
228
1
105
0
136
68
16
2
137
96
108
56
177
32
55
2
10
0
208
148
2
138
2
6
32
110
49
64
90
4
165
73
48
130
151
3
46
240
0
0
6
226
120
49
247
183
215
167
43
127
196
68
209
55
239
202
147
86
250
245
115
102
250
47
211
119
30
234
190
45
82
216
116
169
71
47
151
191
214
124
69
93
124
65
151
143
201
56
225
207
158
172
153
137
242
188
156
81
104
182
115
219
218
135
44
254
203
138
206
1
239
211
155
152
172
183
183
202
158
248
34
73
140
185
127
247
236
215
194
120
7
127
185
62
208
135
55
99
223
45
71
43
82
121
236
122
112
93
120
63
213
125
245
57
157
140
24
5
241
93
220
75
16
246
51
189
88
215
32
250
10
138
134
229
174
241
186
177
56
249
126
79
152
116
123
160
13
155
225
179
204
117
79
216
9
95
145
246
108
199
183
214
255
176
81
32
127
200
232
97
124
29
123
46
213
23
255
107
185
202
137
7
246
13
152
73
7
211
151
181
82
123
64
238
12
138
142
253
169
249
186
181
24
251
234
207
144
84
75
160
13
153
233
219
221
53
207
216
65
95
145
230
92
71
167
215
239
16
209
32
87
250
232
33
112
60
115
46
245
135
247
107
155
202
24
7
244
93
216
89
23
211
183
181
82
115
96
110
209
201
143
18
66
75
69
182
242
164
52
194
31
233
22
138
125
247
116
39
70
207
228
167
203
119
183
94
169
130
82
105
215
46
64
188
90
44
254
104
116
92
56
47
217
120
245
238
153
172
24
133
240
29
156
75
25
246
51
61
88
85
0
250
245
49
247
16
220
38
7
122
198
38
241
114
231
201
150
77
242
229
119
102
115
175
129
199
142
254
191
47
210
28
98
232
203
47
148
159
74
52
101
86
56
64
16
143
221
120
181
207
152
164
16
0
96
60
156
65
80
178
49
187
88
87
36
248
35
142
130
191
201
196
134
133
62
249
46
207
160
95
11
53
111
131
160
146
204
45
219
104
81
223
241
38
154
51
131
103
135
163
81
48
119
137
234
98
97
92
42
235
213
16
253
99
153
204
24
9
244
5
156
233
19
242
183
189
210
87
48
254
58
217
154
223
38
211
216
7
95
250
21
136
188
226
61
218
125
147
112
155
135
117
71
199
177
87
243
124
67
243
183
98
207
60
195
164
255
73
250
113
112
95
245
109
151
20
247
111
159
170
24
71
244
13
248
93
23
243
127
255
121
123
232
235
74
2
129
128
206
151
10
49
134
98
19
6
145
64
50
4
84
213
72
196
216
53
194
192
26
128
188
14
144
144
53
200
71
45
18
41
88
104
4
64
64
65
20
14
193
12
129
77
28
44
152
1
115
120
156
211
64
114
19
149
72
23
32
122
82
16
146
159
139
196
194
132
30
237
20
141
149
106
19
22
126
211
0
163
204
41
207
106
9
130
176
46
18
137
147
111
151
166
81
48
119
202
234
98
208
92
96
10
209
20
233
111
153
204
24
1
244
29
156
73
17
242
51
185
88
87
34
255
155
138
134
59
239
209
130
132
62
189
62
207
156
127
59
56
101
211
161
179
204
103
207
120
9
207
181
118
250
195
211
119
183
232
65
52
119
201
248
106
100
93
106
47
213
20
255
99
185
204
24
5
246
13
152
233
31
242
183
181
208
87
32
254
196
227
17
152
64
74
4
78
2
2
9
140
65
135
220
170
75
4
4
68
10
128
36
130
78
213
153
9
129
138
2
8
208
4
85
170
0
38
7
100
34
10
16
33
52
26
36
204
0
36
112
16
1
27
4
3
128
168
1
48
28
68
99
33
216
203
135
211
230
83
142
183
206
147
17
202
211
208
51
202
255
213
127
103
78
149
102
149
139
95
191
46
129
194
54
186
214
45
67
255
90
124
236
96
112
93
52
63
221
124
157
180
157
140
152
149
243
63
156
219
81
248
49
61
92
85
0
250
145
89
206
150
14
67
85
54
50
165
53
192
30
233
38
10
109
246
36
163
198
204
224
163
11
55
177
122
57
11
82
107
211
38
80
56
90
76
250
248
84
92
44
47
153
20
245
239
145
168
24
5
240
25
156
77
25
242
51
185
88
85
0
250
129
14
1
0
137
76
129
220
140
5
10
68
3
29
88
165
9
108
69
64
84
130
60
0
67
188
28
2
148
2
10
29
32
36
82
24
0
2
141
130
129
20
16
150
72
98
40
128
128
17
214
40
89
15
133
0
176
0
0
44
68
6
6
56
202
10
206
153
239
243
155
180
44
191
83
14
153
184
59
234
137
221
57
102
204
213
206
56
15
201
184
62
208
67
55
75
245
37
85
43
82
122
237
114
240
93
120
62
213
28
241
57
159
172
24
5
243
125
156
73
80
246
51
189
88
87
32
250
68
34
64
129
216
144
34
64
36
2
3
2
144
99
249
65
194
81
5
100
73
96
0
112
76
144
185
13
144
142
49
17
82
4
86
170
64
120
129
68
164
80
24
12
81
4
192
13
152
173
16
5
114
29
141
73
0
114
19
180
72
83
32
48
114
57
243
16
223
166
7
122
198
39
243
50
239
200
146
92
242
213
123
118
63
175
131
103
142
254
255
45
146
30
114
168
199
47
197
159
74
60
109
86
56
80
176
175
221
120
181
175
154
172
17
129
112
61
148
67
64
178
49
187
88
87
36
250
147
149
148
86
36
136
94
16
58
181
61
203
142
113
4
27
36
235
36
179
198
109
67
227
193
126
243
254
40
38
197
99
151
56
80
36
251
8
250
105
116
28
187
239
245
80
247
111
152
202
8
71
240
29
24
73
63
179
19
183
112
115
165
234
200
219
207
211
231
83
221
254
174
159
33
202
159
248
115
203
127
245
127
111
78
215
230
181
11
127
191
62
213
194
118
187
222
45
87
255
82
125
252
96
116
93
124
63
221
124
209
180
157
140
28
149
211
63
156
219
17
252
49
61
93
93
0
250
68
1
131
24
0
194
100
70
0
162
9
132
66
197
133
10
139
76
3
66
130
41
108
139
78
130
134
4
1
12
32
74
115
6
20
170
0
164
71
2
2
98
152
98
30
28
5
202
24
44
112
80
33
24
4
8
129
162
3
155
72
68
3
226
76
42
214
187
0
195
164
230
105
168
234
181
112
167
139
234
235
24
225
99
237
141
207
187
89
125
177
167
0
134
51
215
221
39
101
186
17
252
237
108
108
84
60
39
79
21
127
227
153
172
120
53
242
29
28
72
10
232
3
177
24
71
33
98
193
139
198
18
201
138
7
94
170
37
6
75
174
249
6
9
239
101
63
37
236
79
106
103
66
255
29
54
186
0
66
5
159
111
64
184
16
8
125
108
116
20
56
167
221
120
253
231
144
164
8
0
241
125
152
203
56
190
51
189
88
85
20
218
199
52
200
160
223
98
2
199
32
106
168
54
8
139
162
117
226
84
1
228
73
129
167
32
70
137
168
9
210
12
50
97
117
36
149
186
82
112
5
212
82
64
28
9
80
20
224
76
25
44
24
4
240
24
148
73
152
176
33
188
92
86
32
233
77
4
4
25
200
207
35
196
40
102
2
6
152
237
59
37
72
121
1
102
252
163
18
50
90
104
156
110
208
0
51
67
211
49
67
171
19
98
229
104
116
28
28
15
213
88
231
79
153
172
24
5
241
93
156
65
24
246
51
189
88
86
32
232
13
142
229
113
168
253
163
80
56
253
206
207
204
125
236
161
137
105
163
99
252
101
90
249
85
127
149
246
108
71
51
199
223
80
65
40
145
186
248
40
124
60
58
167
245
115
247
107
185
204
40
111
240
93
152
12
63
199
23
165
194
243
105
250
253
49
247
147
222
167
35
126
198
109
208
51
239
202
146
86
250
245
115
102
123
143
211
119
30
234
190
45
210
156
114
169
71
47
151
191
214
124
101
93
124
64
183
143
205
56
237
247
158
172
153
136
242
188
156
81
104
182
115
251
218
215
44
254
216
91
134
210
14
83
64
182
6
160
21
198
27
208
54
74
125
215
100
163
70
157
228
163
10
87
183
74
145
202
22
106
211
38
80
184
82
76
226
224
80
93
116
47
217
20
229
239
153
172
24
5
242
25
156
73
17
242
51
61
89
84
0
250
198
204
170
129
202
222
158
129
56
235
3
78
154
164
107
12
137
41
61
215
220
133
26
89
83
223
185
46
192
155
51
119
195
181
71
43
90
125
237
126
112
92
40
175
213
92
252
49
157
140
24
5
245
93
156
235
16
246
51
189
88
87
56
250
69
6
48
25
200
198
170
197
8
103
3
14
144
97
139
36
4
41
9
102
222
161
26
216
88
106
186
238
192
132
35
3
231
19
69
43
145
160
236
74
48
60
24
142
245
24
235
19
153
204
24
33
245
93
156
193
17
250
83
181
88
115
41
232
196
138
138
209
233
211
174
165
28
251
10
78
144
116
123
164
73
153
121
70
204
165
206
120
91
95
185
102
208
131
51
51
231
1
87
43
83
241
237
114
112
92
48
62
213
28
219
51
157
140
24
37
245
93
156
203
16
250
51
189
88
87
32
250
199
5
68
145
223
2
14
201
38
107
170
50
184
235
162
101
226
117
5
100
73
165
146
32
70
200
168
9
146
12
49
17
114
36
86
187
18
112
5
212
68
64
28
10
192
30
192
93
152
44
24
5
114
29
157
73
24
48
49
188
76
86
32
184
198
35
64
16
217
2
2
200
32
10
160
34
224
66
163
97
194
85
3
68
73
167
2
96
70
128
168
9
146
12
51
0
114
36
85
186
16
112
1
212
100
64
24
9
80
84
224
77
24
172
24
4
226
24
156
73
16
176
51
148
76
86
32
112
66
24
130
215
15
128
84
6
54
233
60
201
158
235
36
63
100
210
32
179
206
45
234
43
65
131
226
110
59
41
145
103
183
166
114
48
115
72
242
230
82
94
104
107
152
20
213
107
153
232
24
5
244
24
156
73
25
242
179
189
88
116
0
255
193
141
134
150
0
78
81
134
34
229
45
193
14
251
22
175
109
98
36
163
150
141
116
35
91
119
145
42
33
26
2
103
151
38
114
48
18
4
250
236
112
60
40
163
153
16
117
238
209
160
90
25
244
27
144
75
57
242
98
61
88
117
1
234
124
47
178
53
192
207
166
229
72
152
234
53
112
164
203
230
235
136
227
70
93
11
231
149
93
93
63
165
64
142
178
158
77
39
109
187
20
54
237
92
121
84
48
175
79
39
63
246
137
172
92
37
240
31
148
65
130
248
35
181
76
71
32
242
192
9
150
22
2
71
68
166
34
164
41
192
30
226
54
170
109
82
36
163
6
143
228
35
11
87
183
74
129
138
146
98
211
38
97
176
18
68
234
224
112
28
44
47
157
52
245
238
209
168
88
149
244
27
148
203
25
242
49
57
88
117
0
234
194
64
16
179
201
130
38
8
14
35
3
10
161
206
192
19
102
39
29
68
10
135
136
8
6
220
168
13
146
40
33
17
32
165
86
187
1
38
5
198
128
66
16
72
65
88
136
149
64
4
16
32
105
122
133
227
16
56
49
188
12
70
50
49
76
11
158
213
232
177
250
113
12
251
67
78
146
96
144
2
4
221
236
107
206
125
194
123
9
82
162
126
84
37
53
78
87
18
220
43
80
253
250
195
84
124
233
110
243
12
241
59
155
204
24
37
242
221
156
73
1
219
51
191
88
115
33
254
122
217
154
91
39
219
218
7
95
186
21
168
180
146
45
90
125
147
48
159
135
55
195
71
145
87
243
108
67
242
150
98
143
28
195
164
251
72
234
113
112
95
245
105
151
85
183
111
191
234
24
71
246
13
248
217
19
243
127
245
57
123
232
203
202
201
143
23
198
67
153
186
142
135
61
202
155
168
114
170
109
215
124
183
76
151
166
164
11
119
189
42
129
194
22
58
250
45
65
249
90
77
236
232
114
93
60
63
217
124
184
180
157
136
24
133
211
31
156
203
81
240
49
61
93
85
0
250
207
36
226
145
223
67
2
222
36
106
170
55
18
206
163
229
226
117
1
68
73
129
166
32
6
200
168
9
210
12
50
19
113
37
84
187
82
114
5
244
210
84
28
10
64
22
192
196
153
44
88
5
242
31
157
73
144
176
35
188
92
86
34
248
131
130
2
231
237
192
198
128
62
249
62
79
172
127
75
53
125
171
161
147
204
45
95
120
113
95
113
102
110
179
195
119
183
234
83
48
127
137
232
106
97
28
106
233
213
81
255
115
185
206
152
1
244
5
152
233
55
211
182
181
146
115
160
78
2
128
130
247
143
192
218
133
30
249
20
207
152
78
35
53
109
147
0
147
204
45
207
106
33
218
242
103
26
99
147
103
151
162
81
48
119
201
234
98
97
92
110
104
213
20
249
115
153
204
24
5
244
5
188
233
19
242
182
189
208
119
160
238
199
5
224
144
221
2
6
205
34
106
170
50
160
206
162
101
226
117
1
68
73
129
146
32
70
200
168
9
210
12
34
33
117
36
20
187
18
112
5
212
80
64
28
10
192
20
193
76
25
44
24
4
240
24
156
73
24
48
51
188
12
22
32
248
70
35
0
16
217
128
10
72
32
2
131
34
208
66
160
65
194
49
7
68
73
166
0
64
68
144
185
45
146
14
33
0
82
36
87
186
0
120
1
68
36
64
16
11
193
68
164
77
24
172
16
4
226
25
156
73
16
114
19
181
72
86
32
56
3
144
130
247
141
192
210
132
62
249
4
207
136
79
35
53
108
243
0
147
204
45
223
107
65
154
242
103
26
35
195
103
151
162
83
48
115
203
234
98
65
28
106
232
209
16
249
107
153
204
24
1
244
5
152
225
19
179
183
191
208
119
166
239
131
206
10
111
235
208
214
128
56
185
62
207
152
126
107
180
109
187
165
147
204
35
95
120
113
95
113
102
204
211
163
118
191
184
65
36
127
137
232
106
121
28
104
47
213
119
191
115
185
204
24
5
244
5
152
225
23
211
183
181
210
115
32
206
103
71
96
178
253
156
14
65
46
71
41
106
136
107
244
85
194
245
37
100
203
102
17
120
68
214
179
47
146
42
33
17
82
36
94
155
64
120
161
70
36
74
56
173
213
88
244
31
136
173
16
1
98
29
143
73
16
242
19
149
88
87
32
56
162
206
36
6
36
28
20
17
46
85
47
65
12
57
124
165
229
226
5
225
84
34
49
114
81
31
133
58
124
22
129
112
128
108
66
152
202
26
168
224
247
158
56
175
208
98
246
76
129
165
16
8
248
29
139
9
16
242
51
188
82
87
44
184
7
132
130
247
175
192
210
133
30
249
20
239
176
94
35
53
108
179
16
147
205
47
223
105
113
218
114
103
86
123
131
103
135
179
123
48
115
219
235
118
65
60
98
104
213
20
251
115
217
206
24
5
244
5
184
225
19
211
182
189
210
119
178
206
56
45
178
5
193
201
164
237
216
152
206
53
112
4
203
224
235
128
227
70
93
11
231
149
127
93
61
164
64
142
34
62
108
37
101
190
22
51
201
84
121
84
48
46
77
39
191
244
169
172
94
37
240
31
148
65
144
242
43
185
72
7
32
242
199
39
65
17
221
2
14
216
162
43
170
34
192
194
163
97
226
117
5
70
72
165
18
96
70
130
170
9
146
8
49
16
114
36
84
187
16
112
5
212
198
64
28
10
192
86
193
93
152
172
24
5
114
29
157
73
24
48
49
188
28
86
32
120
135
239
97
80
249
152
15
73
42
67
171
122
194
67
196
21
227
197
37
100
207
37
130
115
70
215
179
47
146
10
35
9
214
36
93
155
64
56
233
86
100
92
56
175
213
24
245
63
144
164
16
0
224
29
158
9
16
242
51
189
88
87
32
250
196
35
1
16
217
128
14
72
162
35
163
34
192
64
160
65
226
69
7
68
74
164
0
66
68
214
179
45
146
8
33
24
82
36
84
187
0
120
33
68
100
64
24
11
197
76
148
31
152
172
16
5
98
25
141
73
0
114
17
181
72
86
32
56
163
223
102
103
253
190
227
217
60
93
222
127
174
125
76
45
98
229
189
62
244
111
154
113
103
222
25
55
254
19
35
31
150
99
93
144
118
59
253
181
213
116
26
159
205
131
252
195
136
53
28
8
217
167
143
9
50
212
118
143
82
71
52
216
122
217
154
186
39
219
222
11
95
226
189
234
179
86
45
95
125
147
48
151
135
55
211
71
241
215
241
111
19
251
199
98
143
172
195
182
251
72
234
113
98
95
100
105
149
85
181
111
223
174
152
13
246
5
248
211
19
243
246
189
59
121
248
74
211
221
154
95
37
146
94
32
91
179
61
202
174
243
4
26
101
131
52
159
207
101
67
215
225
87
243
254
66
39
197
98
223
60
0
36
219
9
250
121
120
222
185
109
181
113
183
111
187
202
8
71
244
13
88
201
23
243
183
181
48
243
192
202
198
195
64
209
249
144
15
201
38
99
161
106
163
75
228
85
226
245
37
70
75
164
16
120
70
158
163
47
146
8
33
17
242
36
86
187
66
120
33
246
98
74
24
15
209
92
208
23
137
173
16
1
96
28
141
73
16
242
49
157
92
86
32
185
194
16
16
183
217
162
42
136
12
35
3
46
162
202
192
21
102
31
29
84
138
143
138
8
6
216
234
47
210
32
33
55
98
165
84
155
1
231
5
198
128
64
16
72
201
31
136
21
204
4
16
32
101
254
133
227
80
56
177
188
12
6
48
33
252
105
255
219
18
215
127
239
223
231
253
190
255
175
159
238
251
213
123
111
191
223
239
189
157
239
191
191
107
155
114
187
227
47
37
255
222
125
253
126
122
220
241
191
159
58
109
183
159
172
191
249
249
29
180
94
216
252
105
249
223
212
106
254
199
37
195
17
221
2
2
221
162
43
170
39
200
199
163
97
224
117
3
102
73
161
22
32
70
136
168
9
146
12
34
2
119
36
84
187
18
112
5
212
82
64
24
10
192
86
193
76
152
44
24
5
240
26
156
73
24
48
51
188
76
86
32
248
252
233
239
217
55
255
119
255
221
247
253
188
255
190
255
238
219
245
123
111
191
215
254
191
61
231
190
175
83
223
118
187
235
14
231
255
214
127
253
126
58
255
245
62
23
255
37
182
191
172
191
185
251
189
245
86
240
252
105
255
251
220
235
255
12
170
30
105
40
249
244
240
25
153
238
207
192
117
201
160
141
201
235
235
229
116
66
211
233
127
21
246
108
71
163
210
223
80
193
32
125
186
248
32
252
61
187
55
245
231
183
107
187
237
41
71
240
93
219
73
7
211
23
165
112
115
101
222
12
47
247
160
0
238
161
119
137
220
202
21
65
53
219
162
203
76
227
106
244
13
78
211
93
253
20
132
76
134
50
206
71
2
101
186
20
186
237
44
237
52
176
166
111
163
119
235
152
172
41
249
243
29
28
76
4
202
67
225
74
71
33
114
134
204
2
103
239
200
214
129
56
185
62
239
186
119
105
161
45
139
165
147
197
47
31
120
113
95
81
230
236
243
131
118
191
248
75
32
127
137
232
54
121
28
106
47
213
87
191
115
185
206
8
5
244
5
216
233
23
211
182
181
178
123
160
78
7
132
130
247
41
192
208
5
54
241
37
201
130
123
6
30
109
147
32
147
207
45
255
107
112
203
194
111
83
41
129
103
151
178
48
48
115
201
234
246
67
62
104
233
153
16
249
107
217
238
24
5
244
0
184
233
19
243
182
189
216
119
177
207
198
201
130
150
8
66
80
135
34
225
45
193
2
227
6
171
41
2
36
163
135
141
117
3
83
87
145
42
129
171
130
102
147
52
114
50
90
4
234
246
114
60
40
235
153
20
245
234
209
236
90
17
244
27
144
203
17
243
49
61
88
116
0
234
199
136
138
214
9
202
92
6
50
161
45
201
30
227
38
187
109
146
32
171
143
45
111
43
67
67
162
111
3
41
145
103
151
182
116
50
115
204
243
246
114
126
104
107
159
20
117
235
209
232
90
5
244
29
184
203
19
243
51
189
88
116
1
234
69
11
230
136
81
99
165
126
4
196
202
53
65
141
155
237
235
84
225
102
192
13
206
51
79
253
24
5
16
14
50
79
221
39
117
186
16
112
109
52
49
84
56
39
77
144
117
230
152
36
88
20
177
28
156
65
0
168
43
189
72
71
36
242
197
12
130
17
201
194
134
192
40
163
10
14
130
229
75
40
73
9
61
198
205
133
14
200
66
95
153
102
128
15
35
23
219
35
85
43
18
225
237
126
112
20
40
47
213
24
255
177
157
204
24
37
213
125
152
235
82
252
179
181
88
83
48
234
196
202
10
217
232
209
234
193
44
251
11
14
144
86
251
161
137
217
57
102
207
181
14
120
75
87
187
110
212
11
51
23
243
147
87
43
83
243
237
114
112
124
64
62
213
158
219
51
157
205
24
37
213
253
156
235
16
250
49
189
92
83
49
242
68
175
187
213
40
150
254
81
43
235
33
202
194
192
177
11
4
203
40
107
159
61
82
219
217
87
183
254
0
39
181
70
199
146
223
43
217
252
250
99
96
44
224
237
183
92
247
59
152
200
56
115
245
93
60
218
17
219
83
183
120
115
201
250
108
249
255
217
51
247
119
255
221
247
236
188
243
158
191
239
219
245
251
79
191
215
254
183
29
231
159
45
83
223
118
187
235
14
167
255
210
253
253
124
58
125
244
53
23
255
37
166
191
172
191
189
243
189
244
86
112
236
107
255
251
222
239
218
69
6
146
85
232
134
170
225
8
111
11
14
192
101
131
32
164
171
184
102
222
173
26
216
218
126
186
238
128
135
163
87
103
17
69
41
17
161
238
74
112
60
8
134
229
24
251
19
153
204
24
99
245
93
28
195
19
219
19
181
88
115
33
232
199
243
67
209
221
146
143
216
166
35
169
106
163
203
164
25
226
229
37
71
74
172
0
122
70
222
163
47
146
8
32
27
242
38
86
187
82
124
39
246
98
74
56
15
209
88
209
23
8
173
16
1
112
24
141
73
16
242
49
157
92
86
32
185
195
20
16
55
221
160
58
8
8
107
193
107
162
74
128
21
98
63
29
212
235
173
139
88
6
154
251
47
210
39
225
39
67
165
28
27
35
237
37
87
193
192
16
201
235
25
170
17
76
214
16
37
101
246
220
227
80
187
181
179
140
23
176
33
243
221
154
63
103
146
94
0
123
163
61
202
190
227
6
26
125
163
48
215
143
119
67
199
241
87
243
254
99
55
199
98
159
188
1
36
219
9
250
123
122
158
189
233
181
121
183
47
187
202
9
79
244
13
120
207
127
247
247
185
56
243
216
202
196
35
67
17
221
2
10
216
170
35
163
114
195
195
162
65
226
85
5
102
78
173
2
98
70
138
163
43
144
8
33
26
114
38
84
187
16
112
167
212
198
66
24
14
192
94
193
31
152
172
16
5
114
31
157
73
16
48
49
60
92
86
32
121
199
239
193
16
217
154
15
75
138
99
169
250
194
195
196
24
235
197
36
103
142
37
130
107
78
215
179
47
18
10
34
9
211
38
92
155
64
60
239
86
96
88
56
233
213
24
245
63
145
172
16
4
224
29
156
75
0
242
51
189
88
87
32
186
198
103
65
81
217
146
14
73
162
35
163
114
131
227
192
1
226
197
37
102
206
172
128
107
70
214
179
47
146
8
33
24
82
38
84
187
64
60
99
70
100
98
56
15
209
12
213
31
152
173
16
5
96
29
141
73
0
114
17
189
92
87
32
58
122
217
154
59
119
218
222
11
255
163
189
234
191
194
46
95
125
151
56
151
142
55
83
71
193
215
249
111
19
123
198
98
143
172
211
183
251
73
238
113
98
95
102
105
149
93
181
111
213
170
152
13
246
37
248
251
17
179
182
191
57
121
188
74
28
171
223
105
40
251
164
114
249
152
206
197
196
117
217
160
205
201
235
106
229
101
72
211
201
127
21
244
108
198
179
210
223
82
193
36
61
186
249
32
252
60
186
39
117
231
55
111
186
249
169
115
240
93
25
93
7
219
23
165
112
115
101
250
52
47
247
137
0
239
161
119
201
220
202
149
65
181
219
170
235
76
227
110
244
13
206
211
221
125
20
196
108
134
58
206
207
3
101
186
20
186
237
60
189
20
177
166
109
162
117
238
155
44
233
249
240
29
29
72
68
202
75
233
74
71
33
246
14
206
2
103
175
232
134
137
56
185
174
239
186
119
105
169
37
11
165
147
197
46
27
217
113
95
81
246
108
119
131
86
159
248
75
32
127
138
248
36
109
61
106
231
213
119
191
99
185
222
136
79
244
5
217
233
23
211
150
165
178
123
164
78
77
15
247
220
81
207
165
126
4
212
202
21
81
220
187
238
235
85
225
102
214
45
206
51
79
253
16
36
16
14
18
77
223
39
117
186
16
112
109
116
53
117
56
39
77
148
125
230
136
36
121
20
179
30
140
73
0
232
43
173
72
71
37
242
227
215
97
218
253
150
15
9
34
107
33
234
175
75
132
29
226
229
44
101
138
100
16
107
70
215
179
63
18
56
33
97
210
166
158
155
66
124
51
119
102
202
40
233
215
24
245
31
16
181
16
0
96
176
158
43
24
182
48
159
92
85
48
187
197
14
147
85
232
132
186
193
42
233
11
79
194
229
131
34
164
9
188
67
222
173
26
200
210
94
187
238
128
7
163
87
235
145
81
41
16
169
238
106
112
60
40
166
229
24
251
51
153
204
8
115
245
95
28
235
23
219
145
53
92
119
1
234
196
170
151
213
232
144
254
192
40
191
35
202
214
225
240
11
164
201
188
107
142
45
74
219
201
94
179
254
4
39
183
87
87
147
126
41
80
253
250
227
116
60
233
111
251
12
219
59
157
203
56
119
245
253
156
238
23
223
147
167
216
115
209
190
5
3
197
0
88
10
131
94
160
4
2
1
72
121
137
1
234
101
3
100
192
39
8
99
70
184
28
4
176
8
0
72
86
38
69
154
64
50
13
28
181
20
24
7
65
224
241
206
17
36
24
4
48
28
141
9
16
98
34
189
72
7
32
251
6
132
130
63
9
192
216
5
25
233
4
237
162
67
3
31
41
11
32
147
197
47
255
107
101
203
226
39
83
41
161
102
135
178
61
48
51
137
235
54
97
124
104
233
147
21
251
123
217
238
24
1
244
4
184
232
19
147
182
181
24
115
176
207
