posters/Movie Poster 112.jpg
512
724
337
-37.1042
-1
0
285
120
0.00556001
31
65.6589
-1
0
237
620
0.00650698
31
97.9072
-1
0
264
428
0.00739397
31
61.607
-1
0
289
390
0.0066895
31
-111.668
-1
0
195
447
0.00931744
31
-79.8907
-1
0
273
400
0.00834186
31
-90
-1
0
265
400
0.00798655
31
71.7146
-1
0
255
391
0.00837186
31
-24.8516
-1
0
234
110
0.0104147
31
137.526
-1
0
241
391
0.00677131
31
-111.003
-1
0
261
435
0.00599312
31
-104.421
-1
0
270
397
0.00945971
31
72.0216
-1
0
280
390
0.00732528
31
93.1604
-1
0
265
390
0.00561016
31
93.9725
-1
0
260
390
0.00587719
31
-61.1892
-1
0
278
397
0.00952027
31
136.273
-1
0
263
413
0.00587971
31
132.893
-1
0
223
390
0.00566103
31
78.7682
-1
0
273
391
0.0102935
31
-31.6075
-1
0
255
295
0.00709769
31
-13.1229
-1
0
238
300
0.00580834
31
-164.454
-1
0
266
294
0.00712757
31
-106.867
-1
0
201
447
0.0082641
31
-28.6105
-1
0
355
103
0.00580857
31
-102.011
-1
0
265
438
0.00663324
31
72.9236
-1
0
286
390
0.00732949
31
49.5538
-1
0
253
393
0.00633597
31
-94.5265
-1
0
297
102
0.00671277
31
103.438
-1
0
261
429
0.0062959
31
34.249
-1
0
181
125
0.00941532
31
150.476
-1
0
212
391
0.00616953
31
20.2064
-1
0
175
125
0.0115373
31
3.21221
-1
0
280
124
0.00820988
31
-37.8464
-1
0
296
400
0.0076372
31
11.3751
-1
0
177
124
0.0174357
31
173.055
-1
0
161
124
0.0116826
31
-0.842524
-1
0
285
123
0.00698566
31
-19.7761
-1
0
289
397
0.00942204
31
-113.216
-1
0
193
448
0.0065938
31
175.329
-1
0
164
123
0.00632834
31
175.387
-1
0
160
122
0.0116945
31
-45.9392
-1
0
256
397
0.00625776
31
141.135
-1
0
218
390
0.00694885
31
-10.8608
-1
0
176
121
0.00641325
31
-140.937
-1
0
227
400
0.0064849
31
-17.9125
-1
0
281
120
0.00864113
31
-174.859
-1
0
163
120
0.00742384
31
-178.86
-1
0
243
113
0.00693458
31
22.3481
-1
0
289
395
0.00956059
31
-50.9571
-1
0
294
400
0.00797668
31
-138.547
-1
0
218
111
0.00788869
31
-88.986
-1
0
270
400
0.00810074
31
-36.3268
-1
0
229
109
0.00572794
31
150.03
-1
0
230
393
0.00714726
31
-85.8777
-1
0
262
108
0.00658641
31
-47.6133
-1
0
352
107
0.00697933
31
-117.329
-1
0
347
107
0.00630796
31
74.8459
-1
0
273
393
0.0101664
31
60.5844
-1
0
281
393
0.0111119
31
132.213
-1
0
228
390
0.00695419
31
-88.2491
-1
0
275
100
0.00621132
31
54.1026
-1
0
289
393
0.0095758
31
142.125
-1
0
237
390
0.00748982
31
-54.2836
-1
0
289
400
0.00880094
31
-132.589
-1
0
263
301
0.00717445
31
-75.743
-1
0
278
400
0.00854273
31
-109.071
-1
0
177
452
0.00879185
31
-167.505
-1
0
283
301
0.00600784
31
-67.1095
-1
0
286
400
0.00997869
31
-77.6702
-1
0
175
165
0.00472461
31
164.915
-1
0
156
122
0.00523708
31
6.73601
-1
0
229
115
0.0047603
31
-141.801
-1
0
186
439
0.0051643
31
-82.9422
-1
0
243
441
0.00475927
31
-71.9522
-1
0
255
400
0.0055036
31
-118.142
-1
0
351
98
0.00493284
31
-64.0181
-1
0
170
101
0.005321
31
-146.195
-1
0
239
400
0.00555399
31
74.3577
-1
0
277
425
0.00517742
31
-156.386
-1
0
213
400
0.00515771
31
-88.7746
-1
0
237
105
0.00546311
31
-146.061
-1
0
233
400
0.00547585
31
-128.182
-1
0
200
438
0.00551575
31
34.2055
-1
0
176
130
0.00548665
31
-112.84
-1
0
178
455
0.00525798
31
73.8355
-1
0
279
424
0.00484174
31
-140.222
-1
0
216
113
0.00474057
31
102.829
-1
1
262.8
427.2
0.00328958
37.2
173.523
-1
1
164.4
122.4
0.0061292
37.2
99.9128
-1
1
268.8
427.2
0.00378723
37.2
-72.7342
-1
1
285.6
121.2
0.00560992
37.2
-16.4342
-1
1
280.8
121.2
0.00907994
37.2
176.934
-1
1
234
396
0.0036232
37.2
88.977
-1
1
253.2
412.8
0.00342126
37.2
111.073
-1
1
262.8
416.4
0.00339163
37.2
156.275
-1
1
230.4
392.4
0.00949186
37.2
156.546
-1
1
217.2
392.4
0.00521066
37.2
115.233
-1
1
260.4
428.4
0.00379413
37.2
-4.11491
-1
1
176.4
121.2
0.00728259
37.2
-82.6353
-1
1
175.2
164.4
0.00363995
37.2
-20.1517
-1
1
387.6
478.8
0.00331719
37.2
123.69
-1
1
268.8
396
0.00515648
37.2
63.4349
-1
1
262.8
396
0.00382189
37.2
-48.5633
-1
1
278.4
164.4
0.00460328
37.2
-123.111
-1
1
166.8
164.4
0.00368711
37.2
-103.841
-1
1
321.6
164.4
0.00397199
37.2
-135.513
-1
1
193.2
438
0.00346933
37.2
38.5412
-1
1
282
393.6
0.00642104
37.2
54.8658
-1
1
273.6
393.6
0.00837968
37.2
-162.86
-1
1
238.8
399.6
0.0035304
37.2
-54.8458
-1
1
345.6
164.4
0.00345425
37.2
-39.2072
-1
1
254.4
399.6
0.00382801
37.2
-173.46
-1
1
277.2
296.4
0.00574151
37.2
-102.095
-1
1
261.6
399.6
0.00718189
37.2
-80.7067
-1
1
264
399.6
0.00605071
37.2
-66.7054
-1
1
271.2
399.6
0.00647775
37.2
6.1155
-1
1
277.2
396
0.00803617
37.2
-52.7836
-1
1
279.6
399.6
0.00659607
37.2
40.643
-1
1
175.2
130.8
0.0033997
37.2
-39.8056
-1
1
288
399.6
0.00756098
37.2
-111.58
-1
1
265.2
438
0.00381112
37.2
-29.9696
-1
1
295.2
399.6
0.0055521
37.2
166.065
-1
1
157.2
123.6
0.0086496
37.2
170.8
-1
1
162
123.6
0.0102248
37.2
-17.793
-1
1
302.4
399.6
0.00462735
37.2
-5.96449
-1
1
244.8
295.2
0.006367
37.2
-163.726
-1
1
232.8
399.6
0.00506213
37.2
-29.0546
-1
1
255.6
294
0.00430791
37.2
159.693
-1
1
211.2
391.2
0.00343459
37.2
-90
-1
1
243.6
440.4
0.00400958
37.2
-165.964
-1
1
228
399.6
0.00427776
37.2
-16.9275
-1
1
280.8
397.2
0.013849
37.2
7.0165
-1
1
176.4
123.6
0.0128282
37.2
-170.451
-1
1
283.2
300
0.00551294
37.2
-123.46
-1
1
262.8
300
0.00671038
37.2
-81.4954
-1
1
258
300
0.00399875
37.2
-171.411
-1
1
219.6
399.6
0.00642809
37.2
-114.034
-1
1
207.6
444
0.00403245
37.2
-10.756
-1
1
237.6
300
0.00359705
37.2
140.947
-1
1
222
390
0.00433001
37.2
-173.29
-1
1
212.4
399.6
0.00386618
37.2
-92.3533
-1
1
295.2
163.2
0.00385891
37.2
144.462
-1
1
229.2
390
0.00439894
37.2
131.424
-1
1
241.2
390
0.00470318
37.2
10.7843
-1
1
181.2
124.8
0.00742377
37.2
133.191
-1
1
262.8
412.8
0.00485983
37.2
-1.59114
-1
1
279.6
123.6
0.00590986
37.2
88.6196
-1
1
252
390
0.00652634
37.2
-168.959
-1
1
266.4
294
0.0074508
37.2
-114.36
-1
1
177.6
453.6
0.0063337
37.2
86.4552
-1
1
259.2
390
0.00499874
37.2
-113.003
-1
1
177.6
451.2
0.00854662
37.2
55.0393
-1
1
288
390
0.00686225
37.2
-118.009
-1
1
171.6
446.4
0.00353639
37.2
96.0823
-1
1
266.4
390
0.00443996
37.2
75.0686
-1
1
272.4
390
0.0063766
37.2
67.3481
-1
1
279.6
390
0.00619091
37.2
-119.394
-1
1
187.2
448.8
0.0034813
37.2
-114.381
-1
1
200.4
447.6
0.00485868
37.2
-117.364
-1
1
194.4
447.6
0.00539351
37.2
163.571
-1
1
159.6
129.6
0.00272039
37.2
-135.168
-1
1
268.8
308.4
0.00296789
37.2
-120.387
-1
1
183.6
450
0.00297971
37.2
-42.9441
-1
1
302.4
164.4
0.00297764
37.2
-50.4403
-1
1
250.8
399.6
0.00275254
37.2
-100.371
-1
1
271.2
436.8
0.00287047
37.2
-109.938
-1
1
214.8
444
0.00301342
37.2
-167.792
-1
1
192
123.6
0.00286425
37.2
-36.3334
-1
1
350.4
250.8
0.00324036
37.2
-93.6806
-1
1
249.6
439.2
0.00288276
37.2
73.8355
-1
1
277.2
424.8
0.00305269
37.2
-17.4472
-1
1
390
480
0.00314041
37.2
-128.911
-1
1
202.8
438
0.00294265
37.2
43.0401
-1
1
295.2
390
0.00306832
37.2
-5.82441
-1
1
386.4
489.6
0.00299347
37.2
90
-1
1
253.2
416.4
0.00263556
37.2
-17.8649
-1
1
332.4
164.4
0.00267673
37.2
-69.3411
-1
1
201.6
164.4
0.00263005
37.2
-133.851
-1
2
203.04
437.76
0.0019039
44.64
-6.971
-1
2
302.4
398.88
0.00364806
44.64
-7.82908
-1
2
295.2
398.88
0.00528548
44.64
-127.626
-1
2
168.48
444.96
0.00279097
44.64
128.83
-1
2
262.08
413.28
0.00363055
44.64
-117.437
-1
2
207.36
444.96
0.00336087
44.64
106.928
-1
2
253.44
413.28
0.00303006
44.64
-123.69
-1
2
172.8
446.4
0.00392083
44.64
-7.12502
-1
2
254.88
293.76
0.00286471
44.64
32.7352
-1
2
250.56
398.88
0.00200387
44.64
-115.641
-1
2
214.56
443.52
0.00339212
44.64
149.808
-1
2
230.4
390.24
0.00352115
44.64
-117.566
-1
2
204.48
446.4
0.00318998
44.64
-122.101
-1
2
192.96
447.84
0.0031687
44.64
-119.846
-1
2
200.16
447.84
0.00370281
44.64
-176.887
-1
2
211.68
400.32
0.00193817
44.64
179.474
-1
2
266.4
293.76
0.00500165
44.64
-172.504
-1
2
228.96
400.32
0.00301214
44.64
-45.674
-1
2
352.8
164.16
0.00196106
44.64
-102.645
-1
2
243.36
440.64
0.00302637
44.64
-119.68
-1
2
180
450.72
0.00547882
44.64
-122.43
-1
2
182.88
450.72
0.00367132
44.64
168.731
-1
2
273.6
292.32
0.00244787
44.64
170.538
-1
2
262.08
400.32
0.0042345
44.64
-120.466
-1
2
177.12
455.04
0.00356603
44.64
136.975
-1
2
240.48
390.24
0.00461492
44.64
-28.1416
-1
2
332.64
164.16
0.00243864
44.64
-49.5049
-1
2
302.4
164.16
0.00269696
44.64
-61.9703
-1
2
279.36
164.16
0.00367685
44.64
-122.05
-1
2
210.24
440.64
0.00232751
44.64
-10.042
-1
2
286.56
398.88
0.00504867
44.64
9.37706
-1
2
247.68
292.32
0.00294428
44.64
-29.5388
-1
2
279.36
400.32
0.0036072
44.64
-179.157
-1
2
220.32
398.88
0.00447107
44.64
-98.2325
-1
2
254.88
164.16
0.0023092
44.64
-90
-1
2
201.6
164.16
0.00246024
44.64
-110.772
-1
2
264.96
439.2
0.00206959
44.64
170.3
-1
2
213.12
394.56
0.00287449
44.64
-136.042
-1
2
191.52
439.2
0.00205307
44.64
-99.5404
-1
2
175.68
164.16
0.00315998
44.64
161.565
-1
2
217.44
393.12
0.00445388
44.64
-125.676
-1
2
165.6
164.16
0.00283021
44.64
92.07
-1
2
252
390.24
0.00472176
44.64
-14.2068
-1
2
244.8
296.64
0.00582126
44.64
-22.0231
-1
2
345.6
162.72
0.00376938
44.64
-75.2032
-1
2
321.12
162.72
0.00422641
44.64
-58.0552
-1
2
295.2
162.72
0.00326604
44.64
-33.008
-1
2
351.36
250.56
0.00200642
44.64
-169.356
-1
2
276.48
296.64
0.0052886
44.64
-117.284
-1
2
260.64
437.76
0.00220216
44.64
-101.634
-1
2
252
437.76
0.00197061
44.64
95.3558
-1
2
270.72
427.68
0.00209454
44.64
-179.623
-1
2
231.84
398.88
0.00403741
44.64
73.6983
-1
2
272.16
390.24
0.00412654
44.64
100.513
-1
2
253.44
416.16
0.00313371
44.64
107.387
-1
2
262.08
416.16
0.00366057
44.64
25.5069
-1
2
293.76
391.68
0.00494817
44.64
-135.392
-1
2
269.28
308.16
0.00220357
44.64
179.433
-1
2
239.04
398.88
0.0023623
44.64
-167.96
-1
2
282.24
300.96
0.00552898
44.64
-57.0948
-1
2
272.16
398.88
0.00477723
44.64
-114.444
-1
2
262.08
300.96
0.00458354
44.64
40.1172
-1
2
288
390.24
0.00395559
44.64
53.1301
-1
2
279.36
390.24
0.00400999
44.64
-81.1796
-1
2
257.76
300.96
0.00261611
44.64
-81.2249
-1
2
289.44
432
0.00213501
44.64
-15.5364
-1
2
239.04
299.52
0.00659499
44.64
-29.0631
-1
2
355.68
263.52
0.00177475
44.64
119.291
-1
2
262.08
427.68
0.00186775
44.64
-112.402
-1
2
187.2
165.6
0.00177675
44.64
-53.4432
-1
2
250.56
308.16
0.00188724
44.64
-157.581
-1
3
276.48
304.128
0.00227936
53.568
6.45882
-1
3
279.936
399.168
0.00246679
53.568
83.6598
-1
3
269.568
399.168
0.0023748
53.568
-124.891
-1
3
212.544
442.368
0.00268556
53.568
36.1193
-1
3
278.208
393.984
0.00462668
53.568
-129.058
-1
3
191.808
447.552
0.00206849
53.568
166.083
-1
3
238.464
397.44
0.0023398
53.568
-126.837
-1
3
198.72
447.552
0.00245356
53.568
4.39871
-1
3
293.76
397.44
0.00383105
53.568
117.824
-1
3
260.928
412.992
0.00256589
53.568
-128.336
-1
3
176.256
454.464
0.00306482
53.568
0
-1
3
285.12
399.168
0.00230231
53.568
-165.696
-1
3
281.664
300.672
0.00477907
53.568
0.33703
-1
3
240.192
288.576
0.00231398
53.568
-106.189
-1
3
260.928
300.672
0.00380192
53.568
-123.54
-1
3
205.632
444.096
0.00271693
53.568
-128.399
-1
3
184.896
449.28
0.00245135
53.568
-18.9622
-1
3
238.464
298.944
0.00609578
53.568
13.9633
-1
3
297.216
393.984
0.00248904
53.568
24.3219
-1
3
293.76
390.528
0.00237543
53.568
-172.999
-1
3
274.752
295.488
0.00501134
53.568
-11.4271
-1
3
245.376
295.488
0.00523992
53.568
114.261
-1
3
250.56
390.528
0.0031769
53.568
-1.03224
-1
3
300.672
397.44
0.00334775
53.568
151.356
-1
3
238.464
390.528
0.00384667
53.568
-127.273
-1
3
179.712
451.008
0.00439249
53.568
32.9247
-1
3
286.848
390.528
0.0027471
53.568
-3.36646
-1
3
252.288
293.76
0.00274403
53.568
66.8858
-1
3
269.568
390.528
0.0026597
53.568
50.9061
-1
3
271.296
395.712
0.00390725
53.568
45.7162
-1
3
278.208
390.528
0.00302937
53.568
166.665
-1
3
235.008
395.712
0.00426226
53.568
114.905
-1
3
262.656
399.168
0.00192043
53.568
159.004
-1
3
229.824
390.528
0.00187472
53.568
-127.532
-1
3
267.84
307.584
0.00190267
53.568
-89.7297
-1
3
250.56
231.552
0.00175785
53.568
171.457
-1
3
281.664
288.576
0.00179612
53.568
176.44
-1
3
219.456
399.168
0.00172828
53.568
-133.229
-1
3
233.28
437.184
0.00161615
53.568
8.1301
-1
3
241.92
285.12
0.00164713
53.568
-138.894
-1
3
202.176
437.184
0.00162826
53.568
111.161
-1
3
250.56
399.168
0.00168762
53.568
110.726
-1
3
252.288
414.72
0.00169948
53.568
-145.629
-1
3
198.72
435.456
0.00162656
53.568
-126.165
-1
3
221.184
442.368
0.0013355
53.568
-95.5134
-1
3
269.568
229.824
0.00155355
53.568
13.0292
-1
3
300.672
392.256
0.00138312
53.568
-118.383
-1
3
241.92
440.64
0.00155827
53.568
-59.7436
-1
3
250.56
307.584
0.00137808
53.568
174.198
-1
4
279.936
288.23
0.00359668
64.2816
-175.263
-1
4
273.715
294.451
0.00406579
64.2816
-23.9989
-1
4
238.464
298.598
0.00502968
64.2816
-9.0715
-1
4
240.538
288.23
0.0028955
64.2816
-109.584
-1
4
261.274
300.672
0.00309927
64.2816
-175.732
-1
4
269.568
294.451
0.00527576
64.2816
-164.533
-1
4
282.01
300.672
0.00409738
64.2816
-152.632
-1
4
240.538
433.382
0.00129354
64.2816
7.04577
-1
4
242.611
284.083
0.00229841
64.2816
-59.1622
-1
4
250.906
306.893
0.00115687
64.2816
-128.928
-1
4
267.494
306.893
0.00218291
64.2816
-42.7494
-1
4
240.538
311.04
0.000954493
64.2816
-136.181
-1
4
234.317
437.53
0.00184385
64.2816
-50.8366
-1
4
244.685
313.114
0.000930412
64.2816
143.599
-1
4
238.464
389.837
0.0034489
64.2816
-130.946
-1
4
228.096
439.603
0.00132013
64.2816
34.6952
-1
4
288.23
389.837
0.00166559
64.2816
96.1155
-1
4
261.274
412.646
0.00145481
64.2816
121.185
-1
4
250.906
391.91
0.00222184
64.2816
125.074
-1
4
252.979
412.646
0.00118503
64.2816
-14.3399
-1
4
246.758
294.451
0.00454817
64.2816
-95.1249
-1
4
252.979
230.17
0.00170012
64.2816
-92.2815
-1
4
267.494
230.17
0.0013552
64.2816
177.298
-1
4
207.36
398.131
0.000898406
64.2816
2.14759
-1
4
250.906
292.378
0.0028806
64.2816
-1.84761
-1
4
300.672
398.131
0.0014382
64.2816
105.255
-1
4
261.274
398.131
0.000910542
64.2816
166.522
-1
4
238.464
398.131
0.00119254
64.2816
136.273
-1
4
250.906
398.131
0.00123881
64.2816
-18.2085
-1
5
241.367
288.645
0.00409477
77.1379
-14.6209
-1
5
248.832
293.622
0.00323544
77.1379
179.176
-1
5
271.227
293.622
0.00367101
77.1379
-58.3092
-1
5
251.32
306.063
0.00172904
77.1379
-133.909
-1
5
268.739
306.063
0.00256255
77.1379
124.574
-1
5
251.32
393.155
0.00257588
77.1379
-153.435
-1
5
241.367
432.968
0.00113492
77.1379
-132.173
-1
5
243.855
437.944
0.000748924
77.1379
-47.3373
-1
5
241.367
311.04
0.000760462
77.1379
139.764
-1
5
253.809
413.061
0.000726236
77.1379
337
64
94
40
147
153
2
67
136
231
75
162
27
20
80
132
251
242
198
16
0
66
134
145
206
11
141
128
170
77
2
238
191
94
101
132
117
11
24
238
207
66
130
81
197
8
6
158
1
169
223
104
112
149
54
29
52
66
192
34
9
112
13
8
82
228
249
254
127
254
62
63
181
250
253
253
252
251
111
189
244
207
243
245
239
107
244
230
185
254
221
255
181
187
127
215
115
255
235
108
246
190
214
58
241
253
94
94
58
191
213
243
212
109
169
173
156
9
248
29
143
85
48
246
115
157
218
215
46
251
134
250
74
203
252
216
220
195
127
187
44
219
207
215
220
249
243
197
124
171
197
12
45
121
111
215
59
39
159
143
19
118
241
231
126
91
122
247
255
182
211
254
98
127
155
158
124
177
193
245
86
176
205
231
175
235
214
220
160
46
92
85
50
189
121
77
255
184
82
103
115
254
213
198
253
156
85
236
223
238
251
92
115
102
62
155
228
55
95
237
175
141
83
130
126
185
224
39
21
251
2
118
69
252
58
217
181
46
94
62
101
238
159
44
87
149
249
29
132
65
216
236
41
248
93
198
35
177
9
73
138
94
35
75
80
70
19
128
47
133
50
246
237
234
235
144
32
79
7
170
229
19
65
11
128
8
65
12
28
96
250
38
100
186
82
122
195
244
210
255
56
38
216
22
129
110
153
172
94
5
248
29
149
73
16
242
59
189
88
86
34
251
197
250
27
11
216
216
134
144
122
187
46
234
194
151
238
169
201
227
189
141
73
133
47
200
227
85
57
106
133
15
131
54
248
129
220
67
88
151
173
178
211
30
8
54
29
94
92
145
193
93
6
52
221
231
195
235
150
220
128
36
84
81
82
185
197
234
154
75
201
216
132
194
123
17
174
234
162
151
238
169
203
163
61
157
13
133
47
145
227
87
89
43
197
15
138
49
184
7
84
219
66
151
173
190
211
158
40
55
29
218
62
176
193
69
102
52
221
239
195
163
146
216
160
44
92
80
82
153
41
207
103
201
16
253
167
245
141
222
106
156
65
61
221
172
139
108
203
110
52
34
148
181
89
125
13
164
85
130
58
153
232
70
109
155
21
50
205
60
191
126
48
166
86
186
62
178
139
45
119
57
217
29
133
4
224
232
107
236
74
198
43
177
90
216
155
251
55
123
248
175
29
186
84
157
49
150
239
250
110
222
153
75
140
145
206
27
45
136
226
9
87
97
63
110
181
134
181
113
119
255
193
115
146
223
199
124
62
151
65
235
223
104
127
149
190
21
245
104
209
226
175
250
93
14
147
247
179
82
76
130
191
177
31
24
230
35
185
122
173
31
36
85
241
246
70
177
201
242
161
100
68
245
233
59
186
58
69
121
152
108
150
190
202
48
33
245
102
203
43
45
212
112
244
77
2
183
144
0
106
184
206
29
56
54
182
28
184
214
44
24
216
201
222
127
115
123
250
254
153
153
222
189
50
180
239
234
235
156
63
79
15
155
165
53
111
93
251
13
215
71
62
58
248
39
101
255
87
119
205
116
155
223
253
62
95
191
10
180
141
45
118
181
249
63
133
201
208
252
41
253
93
14
51
179
200
201
138
251
195
89
244
206
25
145
46
251
50
182
239
234
139
16
189
79
15
157
239
49
103
207
27
33
247
75
26
19
176
39
112
211
115
87
215
180
211
191
252
118
27
159
91
176
205
9
119
180
89
231
163
174
211
236
44
110
77
44
147
155
121
205
111
249
112
127
127
254
205
198
253
156
65
189
221
238
139
212
127
110
62
162
164
54
125
237
175
140
83
18
114
185
224
5
21
219
194
115
205
252
58
218
185
190
118
186
100
46
139
173
119
141
121
29
133
64
240
234
105
248
92
198
42
177
114
218
111
141
183
221
159
249
207
199
189
152
109
28
125
239
247
212
127
109
28
2
164
61
109
253
45
44
87
27
114
59
224
37
127
219
66
119
173
246
51
222
48
63
30
158
92
180
137
173
86
5
56
191
135
75
144
242
40
188
93
70
34
177
58
218
103
137
23
221
143
249
239
199
185
216
127
8
125
239
255
212
111
109
156
18
188
61
29
253
45
44
23
154
114
187
224
45
127
155
82
119
173
246
179
94
48
47
30
158
124
180
140
173
86
5
250
157
133
77
144
240
32
188
93
94
34
177
197
246
92
11
252
184
134
144
107
127
40
202
142
55
100
153
197
231
157
165
201
65
59
248
224
85
121
126
189
15
203
23
213
193
220
65
120
211
45
163
71
94
74
157
209
90
252
17
132
93
4
36
205
231
203
239
30
220
132
4
212
219
118
57
82
176
147
11
8
192
142
164
67
170
81
152
32
7
19
18
127
2
0
130
137
1
207
140
200
65
252
172
3
168
169
94
117
140
13
53
29
140
32
98
32
74
33
40
23
16
0
61
26
200
25
131
52
8
52
251
206
51
2
240
60
67
98
103
50
210
92
138
255
153
7
8
190
53
190
123
189
59
252
213
247
182
71
176
201
114
137
116
196
181
105
123
190
219
209
253
152
108
86
190
98
80
161
252
246
223
72
15
212
134
244
69
129
165
145
8
250
29
143
89
56
246
55
188
216
215
36
216
121
205
111
217
48
253
255
252
205
198
253
156
81
12
221
238
131
212
95
111
62
162
164
52
125
237
175
44
87
10
58
57
224
36
93
219
66
119
201
252
178
254
185
62
86
154
68
54
139
173
87
133
121
29
133
64
208
226
41
248
92
214
34
177
254
251
255
221
254
255
217
250
255
221
223
255
255
254
254
252
187
245
254
47
255
95
247
255
191
255
247
191
127
255
254
191
215
255
127
223
254
255
255
125
249
253
231
127
191
174
253
183
239
191
159
255
251
247
191
247
117
255
126
111
255
189
157
254
70
41
139
215
250
202
222
15
95
187
55
115
179
194
250
210
169
17
56
151
207
45
67
79
127
215
179
39
2
235
23
110
71
173
111
179
122
125
235
116
241
124
37
107
143
28
189
123
221
174
24
7
241
29
189
235
16
115
50
189
120
21
48
250
254
250
239
255
191
245
253
252
253
191
253
251
255
187
255
223
187
245
250
123
253
95
238
125
173
255
255
183
127
251
119
255
223
237
191
255
254
253
249
127
126
223
239
63
255
181
253
59
255
191
190
167
250
189
254
124
124
246
255
223
255
223
174
255
193
201
138
94
33
74
84
198
3
128
45
128
50
208
228
170
235
128
37
207
7
170
101
19
65
15
163
8
65
12
160
112
250
38
100
186
82
58
195
244
210
94
56
47
216
86
129
110
153
172
94
5
240
29
149
65
16
242
51
189
88
86
34
251
199
222
210
107
253
248
231
216
184
61
172
235
162
95
230
189
235
253
191
15
109
143
62
124
103
223
63
39
223
75
99
55
183
235
124
85
115
181
255
182
107
254
106
127
221
91
62
177
236
213
86
52
221
231
174
227
242
220
164
47
212
125
151
185
195
249
155
47
245
122
186
158
219
153
173
237
98
150
79
187
253
170
63
223
109
131
55
149
231
127
253
239
199
6
226
178
232
45
103
255
91
55
205
252
219
94
48
190
223
123
190
180
137
173
86
1
248
127
149
193
144
248
33
188
124
86
50
185
121
205
59
189
80
103
127
239
197
198
253
152
113
204
221
238
235
116
119
102
62
171
180
54
93
237
175
45
211
146
114
185
224
39
53
219
130
117
197
220
58
202
181
170
86
26
132
46
139
172
86
1
121
31
132
65
208
170
105
248
92
198
42
177
69
47
231
89
80
127
163
246
153
156
250
21
72
117
219
160
129
76
203
38
117
225
4
146
75
109
12
132
173
14
10
25
252
82
213
168
92
50
221
44
254
52
154
182
84
162
231
232
58
45
13
219
209
93
8
8
110
204
7
160
74
210
111
120
221
203
206
217
254
251
222
178
56
63
126
221
158
253
93
232
1
217
61
238
207
253
175
187
43
111
139
54
253
71
54
59
242
103
84
251
87
119
247
244
210
255
217
126
221
142
207
147
159
173
31
213
249
125
143
207
209
254
59
255
88
124
19
189
134
250
206
203
252
222
198
144
127
63
40
219
207
83
222
233
243
197
124
169
197
69
47
121
111
87
63
55
191
15
27
119
245
231
222
91
122
245
191
183
247
222
106
63
155
158
92
145
192
245
214
48
205
231
143
255
150
220
32
14
92
93
54
189
133
255
84
104
245
56
44
88
41
3
169
234
230
83
228
185
194
237
173
109
15
204
48
120
199
143
107
251
255
44
160
1
146
215
220
203
33
252
53
183
199
234
58
81
250
91
126
148
192
183
52
116
73
247
231
44
152
157
133
6
28
114
247
25
59
114
124
134
191
189
23
56
246
117
215
115
173
127
244
85
246
246
70
240
241
98
145
116
204
188
229
91
122
59
221
237
155
108
214
190
202
90
177
255
92
221
91
15
208
113
228
79
144
182
153
9
240
29
159
73
56
178
51
188
248
215
36
216
196
107
19
53
16
104
44
195
72
171
235
250
98
131
194
186
99
8
167
79
15
136
37
154
199
223
243
235
131
46
162
16
96
147
108
171
33
180
229
198
106
96
48
241
238
91
62
180
200
239
100
115
65
87
101
96
134
217
133
36
12
114
241
32
198
192
18
62
201
64
12
134
130
35
41
138
2
199
70
186
101
10
36
192
11
130
36
14
198
207
231
75
131
40
163
86
224
188
68
95
1
164
160
230
10
74
0
201
252
90
132
28
201
228
80
1
68
26
5
97
144
241
1
48
60
84
50
33
23
246
85
45
252
184
166
80
106
125
170
107
204
49
205
17
228
239
133
160
225
96
11
248
196
28
105
247
188
38
225
87
149
240
217
48
125
144
168
39
101
28
10
135
228
129
254
81
136
215
8
35
244
132
154
105
46
215
150
132
208
71
100
92
196
235
18
125
224
122
44
194
8
187
169
235
66
194
198
187
33
136
175
207
15
136
36
154
199
79
227
235
193
38
162
22
248
147
108
235
49
182
229
246
202
110
48
121
250
95
174
180
201
239
118
119
201
95
103
104
150
217
133
36
28
114
243
41
197
41
147
85
96
66
248
206
27
169
135
239
194
194
130
154
47
11
184
71
143
173
102
139
199
203
242
239
65
45
162
102
215
19
100
251
16
173
238
118
80
60
176
99
187
92
185
239
217
170
104
247
241
95
60
194
85
251
51
191
60
117
145
234
70
76
152
124
233
26
124
199
26
50
15
6
16
214
239
186
228
138
24
72
15
128
8
26
231
136
234
73
199
41
169
100
49
148
20
235
67
247
129
214
146
218
8
92
120
142
128
12
193
101
86
20
44
31
183
105
144
224
41
28
92
4
50
177
33
150
116
44
173
172
167
88
169
124
170
97
172
125
77
5
229
172
131
48
240
106
24
120
80
61
65
242
60
20
105
71
159
240
91
48
177
136
184
45
109
22
42
167
100
225
254
75
168
215
24
8
246
132
219
13
47
130
214
167
130
199
172
88
1
201
138
94
1
75
84
102
19
128
15
133
50
214
237
170
235
144
1
71
7
42
229
19
97
15
128
8
65
12
16
96
250
38
97
186
82
90
195
244
210
254
56
38
212
22
165
110
153
172
90
5
248
29
145
73
16
242
59
189
88
86
34
251
197
45
147
21
64
66
104
206
130
169
129
199
194
192
130
27
46
11
178
71
142
173
102
139
198
203
246
238
0
40
162
70
79
19
100
191
16
172
238
68
72
40
176
227
171
120
169
239
88
170
40
243
241
122
60
194
21
59
19
179
56
117
145
106
197
173
155
117
96
66
252
198
27
161
165
235
210
194
131
154
47
139
184
79
15
173
102
131
199
203
242
239
65
45
162
102
215
19
100
251
16
189
238
118
112
60
185
99
187
28
153
239
217
170
106
247
241
95
60
202
85
251
49
253
28
117
145
234
135
206
88
11
200
152
134
129
43
219
40
202
132
35
206
56
135
3
172
37
73
197
10
104
225
213
89
115
175
42
131
19
149
208
217
65
52
137
174
34
102
30
42
177
181
26
124
49
210
219
40
51
149
225
104
190
78
93
148
36
150
209
88
14
58
82
92
134
255
185
23
56
254
49
190
115
173
127
236
85
246
246
70
176
225
114
137
116
196
188
233
123
254
91
213
253
152
108
214
190
66
82
177
245
244
221
74
15
212
167
244
77
128
183
145
12
250
157
207
89
56
246
183
188
216
215
36
216
197
108
146
61
73
98
250
198
24
170
168
173
98
196
203
171
41
8
163
210
77
169
45
154
199
79
227
195
193
7
163
86
105
177
101
105
49
166
233
244
122
108
48
58
254
87
139
120
169
238
126
119
209
95
80
65
150
249
133
180
28
98
163
0
95
217
154
252
35
67
124
14
19
130
141
164
50
198
39
250
173
26
48
223
7
189
100
3
133
223
242
93
67
102
182
97
146
52
53
234
3
76
210
117
50
171
181
105
191
21
231
110
221
170
122
215
250
24
112
64
145
179
59
251
25
120
131
202
69
232
154
25
8
66
248
198
2
162
45
140
0
134
139
187
103
66
16
66
135
131
79
11
231
1
166
73
195
47
163
118
229
134
13
79
18
167
79
214
178
74
4
104
62
94
3
188
217
108
114
21
60
25
52
67
144
169
41
40
28
96
51
225
197
41
147
117
64
66
106
206
138
169
129
171
194
193
131
26
47
11
186
71
14
173
102
11
199
219
242
239
3
40
34
70
147
147
100
191
48
172
230
102
96
60
185
227
171
88
9
191
217
170
120
243
209
94
60
226
69
251
17
113
60
117
145
106
213
107
19
117
232
72
226
224
26
185
106
87
194
84
201
176
103
138
143
67
78
168
172
154
203
78
167
234
192
7
163
62
114
51
101
254
21
179
203
212
219
52
153
86
232
34
170
53
137
13
103
119
216
95
141
97
197
120
1
40
76
54
33
188
44
39
183
152
18
103
37
119
213
220
200
5
81
220
185
103
219
120
195
34
241
50
84
151
90
40
132
128
41
212
124
192
239
10
195
172
148
114
73
108
60
53
86
166
84
244
39
238
56
44
137
77
178
28
24
81
38
162
79
181
107
234
111
98
5
242
85
175
252
184
166
16
106
29
42
75
204
55
204
17
228
239
141
160
193
64
11
248
192
92
105
254
188
2
225
87
245
225
220
17
121
146
173
167
231
94
10
31
69
130
222
17
136
213
8
34
228
231
143
233
6
222
150
164
208
71
100
60
0
11
144
66
224
218
166
99
8
16
14
85
130
87
200
128
107
129
175
12
199
47
137
215
75
95
29
36
36
14
128
0
30
39
97
144
68
26
239
4
233
52
176
103
77
238
63
231
160
181
141
240
241
69
139
139
67
74
18
165
64
37
149
90
197
234
155
11
216
216
132
128
123
177
46
234
226
150
239
169
203
163
189
159
77
133
47
144
227
85
89
227
133
15
130
55
184
131
80
195
90
215
173
182
243
30
40
54
29
222
92
177
205
93
70
52
221
231
193
227
22
216
132
36
92
81
86
217
91
24
155
59
23
224
248
78
24
170
86
156
0
132
171
251
111
94
145
75
140
21
206
11
45
200
178
15
83
99
55
110
5
132
189
123
55
239
233
119
176
204
231
104
23
148
33
251
223
120
58
149
172
181
188
96
208
162
171
251
29
15
54
246
51
116
109
6
191
156
23
41
231
97
191
48
173
63
68
84
179
182
6
240
217
98
145
100
212
181
193
59
58
186
205
104
152
108
192
190
202
24
161
255
124
223
57
169
212
113
244
77
147
166
129
10
120
29
219
29
56
243
183
184
58
214
44
88
103
140
162
27
201
198
14
13
174
107
41
108
130
206
38
45
137
35
98
214
221
39
82
77
82
119
189
110
0
154
35
66
207
61
71
175
153
40
237
106
104
92
52
171
213
120
181
127
184
174
24
9
247
93
92
195
24
179
83
181
58
83
56
106
197
223
198
85
220
224
231
208
56
189
40
203
142
201
134
9
107
229
189
47
110
143
174
121
110
255
63
39
223
15
98
23
247
231
60
91
114
181
127
183
119
106
170
255
139
88
93
177
72
213
118
245
221
242
164
238
217
156
160
15
212
117
149
191
212
59
159
212
32
91
120
102
91
145
95
215
86
245
74
186
61
203
188
175
134
45
226
211
171
95
243
254
108
103
150
108
151
115
113
96
126
223
250
209
209
189
235
119
175
142
247
239
215
227
239
215
252
103
58
207
71
95
18
235
113
57
213
222
120
201
111
249
242
253
255
248
221
198
255
156
81
156
217
238
131
212
95
110
62
178
164
180
109
236
175
136
215
134
62
185
224
4
221
219
70
119
197
148
154
255
145
62
118
190
192
52
143
45
119
165
89
157
133
80
208
232
41
248
93
14
35
177
124
105
111
184
82
111
115
254
205
196
255
148
81
196
253
234
227
93
91
102
62
185
132
151
95
236
140
141
193
198
62
185
224
39
85
251
74
114
197
92
186
125
149
46
92
191
100
238
143
45
215
133
219
31
133
65
192
232
41
248
89
70
34
176
178
210
92
130
255
153
7
24
174
53
190
122
189
63
252
245
247
246
78
176
201
82
169
116
69
245
233
123
190
218
209
121
144
108
214
190
98
114
169
252
230
223
74
29
212
134
244
69
128
165
149
0
250
29
207
89
56
246
50
188
216
214
36
24
223
219
206
255
255
251
210
182
62
181
117
217
158
251
237
250
105
223
61
239
207
253
175
59
43
91
171
127
253
75
180
63
243
231
84
251
87
87
247
247
210
255
235
94
217
142
203
147
205
205
87
181
253
255
131
239
209
254
43
159
89
124
23
253
92
105
239
184
82
127
123
254
193
134
255
148
81
196
255
234
131
93
91
102
62
177
196
151
15
236
142
141
65
198
62
185
224
6
69
251
14
118
197
92
186
125
149
46
86
191
167
238
159
44
19
133
243
29
20
80
192
234
41
248
89
198
98
240
50
80
8
134
191
184
31
24
199
35
191
50
169
14
100
87
185
182
70
144
201
178
129
100
68
213
249
43
146
58
69
104
8
44
215
190
202
120
161
85
96
221
39
41
212
85
180
77
146
167
145
0
234
153
222
17
48
50
183
184
56
151
44
26
133
242
85
171
252
184
166
144
106
27
42
75
204
51
77
177
228
239
141
160
201
64
11
248
192
93
121
254
188
6
163
23
245
193
221
1
121
177
173
163
231
94
42
31
85
130
254
17
136
221
0
34
228
231
143
235
6
220
150
36
212
83
116
52
186
254
255
231
255
255
221
187
255
255
247
251
255
248
126
220
255
215
126
187
244
95
255
255
255
255
247
191
127
255
247
255
207
237
254
125
254
253
248
119
253
95
231
191
223
39
253
123
255
255
157
143
254
181
223
93
100
247
247
255
255
221
172
254
196
234
19
11
200
216
134
129
106
59
40
202
198
51
206
185
205
131
189
172
73
197
47
216
227
85
57
239
133
15
131
22
241
193
92
65
120
151
45
162
231
86
8
157
81
202
92
145
137
93
4
48
221
231
203
235
150
220
128
4
84
81
114
57
7
5
136
28
1
10
92
70
3
2
141
160
96
196
4
27
233
0
0
215
7
40
97
3
68
131
162
9
3
12
128
32
210
36
20
186
2
104
195
84
50
218
60
43
148
20
165
110
145
172
24
5
112
25
20
73
16
178
51
185
24
86
34
235
69
198
207
95
57
210
219
92
181
255
1
239
139
59
167
47
139
245
168
43
192
103
82
123
68
247
179
55
31
43
35
67
215
36
31
187
82
56
235
117
112
108
42
175
183
80
245
123
25
172
24
5
241
25
156
74
16
242
51
157
88
87
32
251
197
250
85
9
232
152
134
208
106
59
42
75
204
53
204
177
231
195
157
172
201
65
43
216
227
85
57
238
141
15
171
22
245
193
92
1
120
179
173
162
199
86
10
31
85
202
220
145
128
93
4
32
205
231
143
235
150
220
128
4
84
83
114
184
210
210
154
120
36
50
28
131
35
170
41
138
6
129
6
27
125
207
61
235
10
132
108
26
198
215
255
106
209
37
162
114
210
148
182
111
66
44
32
99
50
74
56
61
159
220
86
157
217
233
52
17
104
90
166
73
145
241
49
29
92
80
80
179
220
237
155
253
34
83
252
231
27
241
125
217
82
244
175
218
173
155
184
79
14
189
230
147
191
203
242
254
65
229
182
126
231
51
33
107
222
253
250
118
114
191
245
118
191
28
219
238
223
170
111
215
249
95
52
202
213
251
121
249
93
117
211
255
195
215
10
123
221
114
78
142
0
171
41
234
34
194
6
59
69
170
37
211
75
170
45
30
70
207
243
43
211
34
163
114
179
174
132
117
115
36
100
227
106
106
58
121
214
91
151
220
120
238
20
5
84
58
228
225
147
177
165
22
60
114
144
41
60
39
117
212
48
191
51
117
244
84
87
17
93
123
152
68
242
204
195
104
244
96
208
247
217
170
132
220
108
152
113
233
214
68
71
190
213
90
209
124
252
29
153
135
240
160
225
78
155
172
137
11
240
29
159
93
44
242
83
189
90
215
108
250
210
251
18
79
244
82
142
192
75
139
57
218
194
132
212
58
239
195
61
207
15
133
165
84
207
223
191
45
151
14
178
56
226
37
125
219
90
60
237
244
98
72
48
63
223
28
188
180
137
173
16
1
233
127
132
195
208
248
49
61
92
87
48
186
198
232
155
139
200
216
134
129
107
131
43
202
194
39
222
184
221
3
60
133
13
133
47
200
227
85
61
111
133
143
131
22
245
133
78
75
8
175
175
162
227
94
32
185
159
90
60
177
209
201
32
50
29
227
33
251
212
93
0
36
84
81
82
171
248
251
191
221
38
127
220
183
95
250
125
152
95
144
127
218
61
219
122
191
31
221
103
151
185
71
247
252
69
245
214
170
239
24
227
101
223
95
250
113
250
159
247
125
191
190
151
110
255
203
175
223
186
253
243
222
215
255
123
127
119
121
207
255
155
222
76
111
255
249
243
184
56
25
254
239
174
127
76
169
5
255
189
185
229
103
171
120
99
126
89
246
253
71
231
55
159
249
217
96
119
219
252
177
219
157
107
55
209
19
254
113
175
223
31
37
221
229
203
237
118
223
182
175
210
251
182
223
22
233
147
190
33
66
124
46
67
130
217
180
114
198
132
58
31
10
32
215
7
172
229
3
206
215
243
201
3
174
166
200
154
20
37
162
45
12
202
97
32
104
181
97
191
21
183
110
83
170
105
211
160
24
112
16
135
179
23
241
56
113
193
66
196
233
74
221
225
216
222
233
75
193
191
254
242
247
205
232
171
129
60
223
15
172
167
8
111
87
27
43
199
15
2
63
250
39
125
219
66
119
239
182
179
126
169
126
159
30
252
176
201
173
86
245
153
95
133
234
208
248
40
61
92
116
179
185
58
17
152
254
39
19
92
47
23
194
125
176
53
206
53
94
182
146
96
219
134
62
193
19
140
130
226
93
82
240
244
232
135
22
151
174
231
104
210
113
48
235
245
105
182
21
167
110
159
170
153
71
242
25
252
81
1
243
123
219
57
122
169
234
100
78
163
29
200
206
15
1
142
47
43
138
211
236
124
174
241
33
110
214
222
7
26
205
83
119
175
110
0
154
99
70
203
61
71
63
152
44
237
110
106
92
32
175
213
122
189
51
185
204
24
9
229
93
28
195
16
250
83
181
186
86
40
106
30
233
154
254
35
66
124
14
67
130
233
180
50
198
164
122
47
26
32
215
7
188
101
3
133
215
243
217
67
42
166
96
146
20
53
170
41
76
202
113
34
234
181
105
190
21
183
110
83
170
122
215
226
24
112
72
129
179
19
243
57
113
195
74
60
39
253
220
34
23
121
119
53
212
119
145
93
250
185
198
250
220
193
106
182
120
212
179
153
171
166
216
109
208
124
233
230
102
55
186
215
122
209
124
182
255
189
6
242
134
193
110
155
173
191
205
242
29
159
93
8
242
123
221
91
14
41
243
132
235
81
100
240
58
166
64
72
1
235
114
194
87
204
177
99
137
173
76
7
44
1
208
199
223
123
237
134
46
162
20
18
151
125
155
33
188
237
134
37
52
56
241
109
139
254
181
192
245
32
114
65
71
43
41
4
217
16
165
76
99
241
8
7
33
128
20
1
8
28
70
66
0
173
160
96
193
4
19
225
32
32
213
3
32
65
3
68
131
160
9
2
12
128
32
210
36
20
186
10
40
67
212
48
202
48
171
212
80
165
110
17
164
24
0
96
24
20
1
24
178
51
185
24
86
32
234
198
235
10
221
224
216
222
193
75
193
175
254
242
247
207
168
171
129
60
223
15
172
39
128
119
87
27
43
135
143
2
55
242
39
125
219
74
119
239
182
179
126
168
127
157
30
252
176
201
173
86
245
25
95
133
234
208
248
32
61
92
116
179
185
0
139
148
66
224
154
38
98
72
17
42
65
130
119
204
128
99
129
173
12
199
47
9
215
67
95
13
36
36
14
128
0
158
103
64
144
65
24
255
4
101
52
184
103
77
238
63
199
160
181
13
112
225
69
139
139
67
94
2
165
64
101
149
88
166
234
74
203
253
220
134
129
127
123
40
251
171
19
252
253
195
213
188
41
197
69
59
121
103
215
25
39
159
11
19
86
181
231
222
211
114
247
175
182
227
222
98
61
29
206
124
145
196
245
214
48
141
163
175
186
144
92
160
12
92
93
54
189
213
185
147
53
64
98
249
238
130
171
65
223
194
192
130
26
45
79
178
71
14
173
230
139
207
219
246
238
1
32
98
46
199
19
61
237
52
172
234
101
64
104
179
235
187
24
185
190
218
138
120
243
241
250
60
226
197
155
17
123
60
117
209
239
134
250
203
203
252
218
196
139
123
57
44
251
174
55
204
249
195
199
60
41
197
69
41
121
103
215
9
39
191
11
3
118
181
231
252
211
98
215
191
182
199
254
106
125
153
158
124
145
193
117
86
176
141
163
167
174
208
220
160
14
92
93
54
189
102
34
161
177
216
198
6
69
65
98
2
36
193
198
177
3
137
73
65
196
155
37
91
129
84
84
156
133
0
156
9
194
7
134
199
171
136
136
69
6
4
32
4
224
69
92
39
35
24
108
136
106
183
120
88
186
12
42
83
177
10
115
120
98
87
16
154
59
25
98
250
204
146
170
136
173
32
134
139
187
103
78
145
66
137
131
206
8
197
136
234
77
83
41
171
118
97
133
53
127
51
167
5
246
154
78
2
72
22
91
1
124
217
108
122
5
188
125
52
227
144
170
175
184
28
6
50
165
58
1
8
62
6
128
92
1
199
42
57
128
57
68
52
18
157
18
2
211
130
50
81
79
212
151
231
8
2
176
189
224
67
188
139
44
235
40
98
75
40
234
181
105
150
84
183
111
19
170
24
67
38
24
124
17
17
179
83
179
49
243
232
162
229
46
163
1
217
130
131
216
200
163
130
114
227
129
131
1
202
37
35
68
138
133
90
205
70
240
24
39
130
12
3
14
15
135
197
155
0
168
47
14
160
112
32
128
1
104
24
145
16
44
32
48
17
185
68
34
96
40
128
33
136
213
116
90
82
226
155
11
200
208
130
136
202
171
0
62
177
6
139
120
107
131
56
16
201
135
15
76
198
212
125
47
130
139
3
126
149
141
77
183
120
157
111
118
32
64
64
40
21
220
56
177
245
108
8
37
181
1
108
235
84
120
136
28
92
69
114
118
35
84
72
38
191
136
31
8
231
42
57
96
189
111
36
85
133
54
4
208
224
114
145
110
68
150
229
59
82
59
101
96
19
188
134
182
235
8
160
91
104
200
109
105
212
81
180
79
145
166
16
7
100
17
94
17
24
179
179
185
184
215
40
40
59
148
108
38
191
141
31
8
246
111
29
97
189
111
36
85
180
182
6
240
224
114
145
110
116
190
229
59
122
249
125
109
151
236
6
190
235
120
176
127
92
223
77
9
212
80
245
79
177
166
24
15
228
29
159
73
56
243
179
189
186
215
40
248
160
250
221
203
254
153
134
145
127
123
40
235
175
19
254
217
211
215
252
41
201
85
59
120
99
213
57
39
191
73
19
71
213
196
222
115
112
221
47
183
102
222
106
61
21
134
124
145
212
253
28
48
135
161
207
191
22
124
134
12
92
89
116
184
197
248
147
125
92
98
252
254
216
186
234
189
98
196
203
171
35
8
147
211
205
169
111
158
199
79
226
195
193
7
163
118
233
59
109
255
61
182
225
245
218
126
18
190
254
115
139
250
184
110
110
83
209
127
93
64
150
185
135
182
60
98
227
33
211
214
26
95
108
18
30
135
115
187
41
138
6
131
39
27
127
195
60
139
73
129
109
26
192
87
251
106
131
33
227
118
241
165
20
117
123
188
164
98
98
74
104
61
151
220
214
93
153
201
28
7
100
26
189
203
151
241
145
21
92
114
80
179
57
186
117
133
190
237
159
112
254
253
255
217
207
57
216
244
251
213
103
99
252
33
231
125
205
255
181
63
126
15
115
127
215
36
117
190
82
120
233
116
117
92
56
47
213
20
253
111
153
172
24
5
240
29
156
73
16
242
51
189
88
87
32
250
55
212
200
14
255
142
31
12
183
102
53
184
45
43
38
93
240
246
16
176
129
83
250
44
100
129
232
63
59
57
93
109
149
236
148
214
226
81
35
255
50
203
109
9
144
88
244
13
85
182
90
12
44
160
247
175
184
54
186
28
185
220
62
213
108
47
111
209
210
63
35
251
237
86
106
22
209
240
249
230
130
93
91
110
62
245
16
242
27
168
14
132
228
192
60
153
122
7
71
139
65
122
149
156
158
117
28
22
64
174
64
134
31
45
176
60
83
93
143
28
64
236
73
188
73
142
107
177
179
210
84
174
253
114
143
154
102
84
121
251
173
31
132
125
247
215
45
100
64
68
129
116
238
221
121
57
255
42
242
57
208
101
157
222
67
120
105
117
39
72
58
63
93
152
252
45
136
181
16
4
232
162
142
77
8
180
48
14
92
79
36
176
86
40
218
151
83
203
210
36
27
161
31
117
176
6
171
242
107
19
24
143
141
41
239
9
41
66
152
15
66
235
159
110
21
165
53
243
54
219
239
86
81
149
229
34
175
12
45
35
149
108
107
165
181
105
48
226
82
63
186
249
9
45
48
206
141
45
58
113
217
105
226
236
24
57
206
119
82
84
202
224
233
8
159
83
101
169
46
154
103
94
82
195
197
71
171
246
77
163
109
251
55
179
205
180
217
180
210
86
73
103
47
240
169
101
78
116
217
95
128
1
214
216
173
175
12
47
163
140
60
35
253
252
34
159
113
103
36
212
87
148
93
115
185
70
178
152
65
110
246
121
192
243
153
170
132
221
104
208
52
169
214
22
71
170
215
122
209
124
180
61
181
7
244
132
225
110
155
172
137
75
242
29
159
93
8
242
123
249
91
87
105
251
108
43
231
216
2
127
33
119
213
220
94
21
81
244
187
226
131
92
195
38
116
252
192
147
91
108
132
128
104
198
62
201
234
2
67
168
28
122
209
124
62
53
151
38
108
166
229
238
63
44
137
223
146
29
28
24
36
226
91
248
75
70
111
240
108
43
111
216
114
127
35
243
205
212
126
22
81
244
251
226
130
93
91
110
126
245
132
178
27
104
140
132
224
194
62
153
242
7
71
170
85
122
197
156
190
53
148
22
84
174
192
236
31
45
133
13
211
93
141
24
96
236
25
188
73
142
107
241
26
81
152
190
39
114
92
47
71
170
217
160
113
132
4
26
29
10
96
219
130
48
193
7
132
23
226
200
67
164
164
224
74
28
167
172
175
44
66
97
40
202
181
105
182
21
39
110
83
170
58
195
96
24
116
80
135
179
31
211
57
114
202
34
68
235
71
249
248
186
234
66
120
27
226
251
238
115
204
72
130
201
191
47
229
109
9
251
111
90
11
183
46
12
33
214
215
195
220
179
117
188
255
52
237
126
186
197
241
139
211
211
254
253
8
114
225
101
207
174
78
206
214
167
74
115
241
63
16
242
17
143
200
200
134
128
91
25
46
75
164
22
73
177
127
131
172
132
64
32
11
192
225
85
89
96
174
106
131
23
156
241
121
80
61
193
238
33
101
21
34
51
37
134
252
53
132
211
225
34
158
227
10
235
70
9
142
32
16
73
116
14
235
206
239
73
39
221
219
152
185
223
36
203
155
184
111
207
137
117
56
47
156
87
214
121
125
247
29
54
125
91
22
27
215
96
125
249
82
125
254
56
242
127
104
63
151
214
125
243
157
136
24
5
211
29
157
78
16
230
50
189
83
221
10
251
197
237
138
59
129
72
113
206
73
129
175
250
114
138
206
170
139
32
53
95
47
140
103
0
103
247
19
169
195
14
2
17
168
7
101
219
2
7
207
190
179
190
56
113
31
91
63
180
193
0
102
244
89
199
97
162
176
232
40
105
28
240
211
139
135
238
91
11
200
88
128
136
107
3
170
238
230
179
206
185
233
162
60
157
13
196
63
140
231
213
121
107
135
15
202
54
184
205
79
207
72
151
173
190
167
30
40
189
28
218
60
176
193
77
70
48
29
199
99
235
144
220
128
36
156
208
82
25
213
254
85
11
232
90
134
128
106
27
40
75
204
55
206
185
239
195
188
172
73
193
45
232
226
85
121
107
173
15
131
22
240
229
92
87
88
177
173
166
103
94
8
159
21
202
252
145
128
221
68
36
141
227
143
235
198
92
128
4
84
81
114
60
33
6
180
68
8
205
165
119
165
116
138
5
69
125
57
37
253
40
195
34
244
42
88
247
80
44
4
194
44
212
201
199
207
122
99
36
148
138
122
42
109
53
66
166
108
224
55
107
168
96
233
72
182
12
26
5
47
66
214
165
226
231
141
78
149
242
85
15
252
152
134
176
106
25
42
91
140
51
204
49
102
199
140
164
201
64
11
232
200
85
121
127
190
10
195
23
148
225
217
17
124
144
173
37
103
28
10
23
101
138
252
21
128
213
1
38
164
227
139
235
78
29
150
36
84
71
52
60
148
123
81
100
112
42
46
106
200
0
235
115
98
7
204
144
227
141
175
77
7
12
41
222
207
221
123
173
134
46
160
76
16
135
124
159
44
188
173
199
45
192
185
243
111
139
62
156
192
183
101
242
96
182
39
41
196
184
133
226
12
71
241
22
21
242
85
15
252
168
167
56
106
25
122
123
140
51
204
17
102
207
132
32
224
96
10
240
232
124
73
246
188
34
193
31
156
240
217
16
125
144
168
37
101
28
11
135
100
129
254
21
128
215
9
34
180
164
10
105
46
23
150
128
208
71
100
28
225
237
235
11
81
106
243
222
217
157
172
253
34
142
239
239
203
37
63
95
125
135
53
21
119
255
29
37
211
11
42
48
232
47
101
251
82
55
205
252
218
222
56
190
95
123
36
228
237
45
86
21
217
63
133
194
144
248
41
188
92
84
50
185
17
182
85
37
188
168
167
112
106
93
210
81
236
61
128
17
230
239
129
160
225
96
139
240
200
60
73
246
60
4
193
79
159
240
217
16
125
152
168
37
101
20
11
135
228
129
254
75
170
215
9
43
244
132
154
73
46
19
150
128
210
199
36
94
221
249
155
93
34
91
252
230
91
187
127
216
82
196
79
250
173
139
184
207
15
189
102
155
235
71
243
238
65
103
182
42
247
19
109
229
31
111
234
113
242
254
245
125
191
30
183
62
223
138
126
247
241
127
53
194
215
251
57
123
125
113
211
239
213
185
155
117
96
66
248
238
155
171
101
219
194
192
131
154
45
79
178
71
14
173
102
139
239
203
246
238
65
33
162
42
199
19
61
237
62
173
234
117
112
108
177
107
191
24
189
190
219
138
122
247
241
127
52
226
213
155
49
123
60
117
209
238
17
150
116
4
188
168
167
112
112
124
210
81
236
29
8
1
166
239
131
176
241
96
203
249
200
56
192
246
60
5
193
79
159
240
209
52
189
136
168
107
109
28
43
167
229
33
247
107
186
246
9
15
244
13
24
65
46
147
151
161
178
211
100
78
226
205
207
207
231
223
218
159
127
209
23
207
191
178
126
237
139
213
124
63
28
93
247
101
115
215
25
54
63
123
22
58
215
101
123
209
210
95
254
53
243
253
107
63
159
30
253
177
213
154
26
189
221
231
189
238
81
254
50
45
83
93
22
251
26
17
136
254
39
50
92
7
83
170
217
160
112
132
4
26
157
138
32
219
131
56
193
7
197
87
227
216
67
228
164
224
90
60
165
172
111
108
194
97
40
234
181
105
182
21
39
110
83
170
58
199
96
24
116
92
151
179
63
211
57
114
193
34
186
249
239
207
54
93
221
251
255
221
127
223
255
188
126
254
187
245
126
47
54
94
246
247
191
247
183
59
127
251
94
191
214
125
111
222
222
127
250
189
119
253
239
127
191
182
253
188
231
155
231
255
218
167
191
126
125
246
120
111
247
157
15
190
59
20
108
54
191
173
93
8
246
36
23
113
189
127
52
85
180
247
6
240
229
118
145
127
116
186
228
31
122
121
253
237
151
236
134
190
235
24
248
127
92
221
95
9
208
113
245
79
177
166
24
15
228
29
158
65
56
179
51
189
250
151
44
250
214
251
211
15
112
82
158
226
203
135
57
216
87
183
213
250
255
195
62
111
11
133
164
149
207
223
237
109
199
138
242
56
240
37
108
223
90
53
205
244
114
74
57
63
159
30
156
188
205
173
86
147
120
127
132
203
208
254
33
28
92
84
50
185
26
17
136
254
39
51
92
7
83
170
249
160
60
196
36
90
157
154
32
219
135
120
193
23
133
7
226
220
67
244
180
224
91
28
149
172
239
108
210
97
58
235
245
105
182
21
167
110
155
170
24
71
226
25
124
93
147
179
127
211
57
122
235
98
1
150
52
76
169
168
165
120
41
84
138
65
236
125
73
5
239
170
131
40
240
106
24
240
208
124
65
240
44
6
201
71
159
208
105
20
181
136
248
41
45
20
42
167
100
225
254
99
168
211
41
42
180
132
138
5
47
195
214
133
162
231
165
86
197
251
19
125
120
106
44
218
216
187
232
249
98
199
204
171
35
140
175
91
205
172
45
159
199
79
227
131
193
14
163
86
234
51
108
191
60
182
225
245
218
110
18
190
250
115
139
219
168
231
108
115
193
255
13
65
150
249
135
182
60
118
227
49
67
206
143
9
37
212
155
140
189
159
4
207
139
57
55
15
136
117
40
47
200
71
82
97
65
211
157
38
29
10
19
3
215
48
115
32
82
41
234
32
112
124
40
175
151
80
117
123
25
136
24
1
209
25
156
14
16
226
50
189
80
85
0
251
186
220
239
207
55
253
221
185
255
223
255
219
255
57
126
239
157
244
126
187
244
86
247
253
125
247
245
50
127
243
119
255
207
236
251
116
254
125
248
57
123
223
235
191
151
246
244
121
191
155
159
143
248
181
255
92
52
247
254
127
247
221
76
254
185
253
239
213
54
125
221
191
253
221
253
223
255
189
118
238
153
245
126
255
60
215
246
247
187
127
149
178
253
247
118
185
222
124
179
252
222
125
248
189
124
253
255
63
191
165
245
108
255
187
143
223
218
191
158
92
124
247
125
95
255
157
76
222
58
17
169
254
38
183
92
47
87
234
89
128
125
68
52
86
180
150
64
211
134
124
193
95
156
130
226
220
66
240
181
232
71
60
150
164
255
104
210
97
112
235
245
105
246
21
231
111
155
170
152
71
226
25
124
89
21
179
115
219
59
123
233
226
77
73
154
94
35
75
116
110
19
128
47
176
18
210
237
234
235
144
49
79
7
169
228
19
73
203
163
13
67
8
52
104
242
38
117
250
18
114
195
244
178
255
188
103
252
22
165
110
153
172
126
85
248
29
149
65
17
242
43
189
89
54
163
251
194
141
139
7
231
202
218
139
155
139
19
206
147
130
107
141
137
85
56
23
134
23
194
73
99
215
159
38
22
42
22
10
199
61
77
147
82
109
238
49
113
124
37
41
159
92
189
59
213
138
24
5
149
101
188
234
81
90
50
61
113
93
16
250
55
80
108
134
255
137
23
24
190
117
191
115
189
127
100
85
244
183
68
176
248
114
144
100
100
180
225
123
250
217
213
109
155
108
86
190
202
113
177
255
84
223
76
15
212
82
244
79
145
166
152
12
232
29
223
89
56
114
183
188
152
151
36
216
58
17
169
246
38
183
92
47
215
234
81
144
125
68
52
86
180
214
66
243
214
124
209
215
157
130
230
220
66
240
245
232
71
60
134
188
255
104
210
113
120
237
245
105
246
21
165
111
155
170
152
67
226
29
124
89
29
179
115
251
123
243
233
250
141
236
111
65
16
127
241
246
249
149
198
253
90
179
204
234
202
72
223
109
53
192
44
180
125
43
12
131
237
15
58
190
248
111
100
250
94
183
205
188
219
188
24
22
218
115
106
224
169
37
103
180
217
31
135
12
148
252
33
236
93
22
98
185
38
80
109
134
191
153
31
8
190
97
191
96
189
127
100
85
177
182
6
176
200
114
144
100
68
148
225
59
186
123
69
105
155
252
214
190
234
112
160
247
116
221
76
41
212
85
244
79
145
166
144
13
234
29
223
25
56
50
183
188
56
151
36
88
183
86
109
130
255
148
7
24
166
119
57
112
173
59
52
85
113
246
68
176
216
114
176
100
4
245
233
127
190
56
85
105
145
236
150
174
202
80
33
247
100
203
42
141
212
64
212
77
16
189
144
8
34
184
222
91
56
54
50
28
218
214
44
248
205
255
89
124
120
186
126
90
113
59
232
185
98
211
196
203
162
136
159
221
205
168
41
155
231
10
226
199
77
45
169
116
250
179
60
251
106
183
149
245
219
238
26
94
250
151
202
218
201
103
118
118
105
254
143
9
150
255
175
158
92
102
243
177
18
50
147
143
206
192
138
164
198
186
16
29
177
6
27
16
126
131
64
144
200
3
207
204
200
208
124
45
2
233
137
126
85
173
47
53
127
8
44
102
33
64
65
10
7
180
136
53
178
76
217
3
182
128
28
251
198
115
158
80
48
69
48
102
210
216
147
63
201
32
44
142
202
170
105
173
34
199
79
187
103
14
129
82
204
136
46
10
199
136
226
203
195
33
33
126
161
181
116
53
57
166
128
231
202
78
19
200
250
83
137
93
200
46
88
3
100
31
53
97
133
178
151
184
60
70
146
37
105
14
103
131
192
223
167
245
236
84
74
20
25
189
217
228
227
244
93
108
60
130
188
53
95
236
44
12
214
146
58
157
96
39
119
155
64
118
133
222
149
84
16
190
76
138
76
148
141
37
86
8
89
31
135
65
208
108
33
188
76
6
34
176
170
222
239
201
183
253
221
249
189
223
188
250
255
188
127
239
155
245
126
59
252
87
246
125
61
247
23
51
127
219
118
187
223
108
223
251
214
125
249
61
126
255
127
63
151
246
125
177
191
157
158
173
219
189
223
124
56
246
126
255
255
221
46
251
71
33
136
28
17
130
92
78
2
130
133
160
96
198
132
27
234
0
2
71
3
43
65
3
68
130
162
13
3
44
0
32
210
36
4
186
2
40
67
84
50
202
52
107
148
88
165
110
17
172
24
5
112
24
20
65
16
178
51
185
24
86
34
235
104
207
39
139
194
223
39
245
205
70
122
156
81
188
253
238
195
213
89
108
62
145
156
181
95
237
45
44
215
146
58
153
224
39
87
155
66
118
133
126
178
94
16
62
94
158
108
180
141
45
86
4
75
29
135
0
208
224
41
188
92
70
34
177
71
33
136
28
17
130
92
78
3
130
133
176
112
198
165
90
234
16
2
71
15
41
195
3
68
130
162
13
67
44
0
32
210
38
4
186
2
104
195
84
50
74
60
107
151
28
133
110
153
172
24
5
112
24
20
65
16
178
59
185
24
86
34
235
104
73
239
248
66
103
115
247
212
196
125
150
89
236
159
238
131
93
83
102
62
189
196
179
27
232
134
132
225
210
62
169
242
39
21
251
23
122
213
124
58
251
149
46
92
190
99
238
31
44
155
141
209
29
148
24
120
236
121
248
89
70
35
241
126
5
186
148
3
135
90
103
7
194
145
52
49
192
179
86
234
17
0
71
15
189
195
3
92
130
162
13
82
172
60
40
66
38
21
186
2
120
195
84
48
73
181
74
211
28
129
110
153
172
24
5
114
24
156
65
16
242
59
185
89
22
33
243
114
220
109
136
87
222
23
93
47
100
191
136
77
189
124
255
247
244
61
108
14
128
188
33
109
197
41
45
87
25
80
57
240
37
118
219
66
119
165
246
178
222
40
191
30
158
92
148
133
37
86
4
40
63
167
79
144
244
40
60
88
68
50
177
233
205
111
249
194
127
119
243
204
199
127
158
219
252
255
238
131
85
93
102
62
213
164
48
63
238
140
140
211
146
58
185
226
7
85
219
66
119
197
252
146
255
152
62
84
158
100
180
159
45
23
132
89
29
133
8
80
236
41
188
92
214
42
185
105
77
111
248
66
127
119
242
157
198
125
158
89
188
223
238
131
93
89
110
62
245
196
178
29
236
142
140
209
146
58
185
242
39
21
251
67
123
197
220
26
251
157
62
86
158
100
172
31
45
19
132
89
31
133
12
80
236
41
248
93
134
34
176
65
9
152
94
3
203
80
110
3
128
135
180
48
198
172
226
235
144
0
71
7
43
193
7
69
138
162
13
66
12
24
40
222
38
101
186
2
122
195
84
144
249
188
39
212
22
165
110
153
164
26
5
112
29
149
73
16
242
59
189
88
22
163
250
69
205
154
92
1
74
84
78
2
128
173
176
50
210
204
170
235
16
32
71
7
41
228
3
69
139
130
13
67
12
0
96
234
38
100
186
2
122
195
252
210
254
48
103
248
22
129
110
153
172
90
5
112
29
149
65
16
242
51
189
24
118
163
219
77
9
152
94
3
75
84
110
19
128
143
180
50
214
172
234
235
144
0
71
7
43
229
3
69
10
130
13
67
12
20
104
222
38
101
186
2
122
195
212
146
255
180
102
212
22
165
110
153
172
26
5
112
29
149
65
16
242
59
189
88
54
163
251
213
185
155
117
96
194
248
198
27
139
7
207
194
196
139
187
45
207
184
79
142
45
102
203
231
219
246
238
65
35
166
38
199
51
125
253
50
173
234
117
113
124
177
107
191
92
189
127
217
138
122
247
241
127
60
226
213
155
51
235
60
117
145
234
171
220
174
71
175
245
221
187
253
255
21
207
191
61
118
13
157
245
126
187
244
87
243
125
123
119
149
54
127
115
87
255
207
108
155
116
222
109
248
57
121
221
107
191
151
112
245
123
191
154
152
141
252
141
156
84
49
247
114
255
243
221
12
254
65
1
152
30
1
138
84
110
3
0
135
180
48
196
140
194
226
16
1
71
7
43
193
3
77
138
162
13
83
12
16
40
214
38
101
186
2
106
195
84
146
250
60
43
212
22
165
110
153
164
24
5
112
29
149
73
16
242
59
185
24
86
35
235
181
242
117
42
220
96
167
248
226
4
248
123
237
31
150
113
251
231
39
100
97
224
9
244
204
253
125
185
190
10
195
189
144
101
149
222
76
56
125
119
45
64
58
183
85
152
124
37
128
181
129
40
240
178
14
109
108
180
0
11
220
199
100
94
146
242
17
143
220
64
142
128
75
9
41
75
128
7
198
49
119
71
188
132
73
129
11
72
224
213
121
107
134
42
131
22
148
209
217
81
56
201
46
35
101
8
102
49
181
28
252
49
68
215
32
35
159
226
40
235
78
29
148
32
20
73
116
46
227
238
43
43
245
250
147
155
248
155
172
233
34
155
108
173
227
165
63
221
125
131
53
149
115
237
41
173
215
26
34
48
232
45
78
251
91
55
141
252
218
94
56
158
217
123
152
148
137
173
86
5
217
127
133
195
144
248
33
188
92
86
50
185
92
233
155
94
34
75
124
238
83
128
47
180
50
198
237
234
235
144
49
71
7
173
228
147
75
207
163
13
67
10
54
120
250
38
101
250
18
118
195
244
178
255
180
111
252
30
165
238
153
172
86
85
248
29
149
73
145
242
43
189
88
116
163
251
212
75
147
246
104
10
46
227
8
57
107
83
130
195
192
186
38
139
173
71
198
173
160
91
203
207
171
239
130
162
34
94
98
55
116
187
21
188
230
228
195
124
177
231
232
26
191
207
200
165
112
211
241
126
157
195
65
250
19
178
88
116
145
56
250
10
103
135
238
223
151
241
254
117
95
87
255
125
120
228
227
213
111
102
220
7
163
116
95
254
189
46
210
154
51
59
87
37
85
186
82
114
233
212
208
84
24
47
197
6
252
109
153
172
24
5
240
29
157
73
16
242
51
189
88
23
32
248
214
249
91
143
244
74
158
171
219
139
185
248
111
167
221
186
253
135
127
125
13
133
36
149
207
221
237
237
195
154
226
184
240
45
103
255
90
55
141
244
250
94
48
191
223
122
188
188
201
173
86
131
248
127
133
203
208
254
33
188
92
84
50
185
198
233
75
93
224
216
222
201
73
129
175
252
242
247
205
234
131
1
62
79
15
141
167
17
111
199
11
45
199
175
10
24
178
39
108
219
66
55
207
182
147
254
185
124
190
158
28
178
193
141
118
245
25
87
167
42
208
232
40
108
92
116
179
185
59
250
119
141
190
253
159
120
254
189
253
217
239
61
221
251
251
213
103
107
236
38
231
125
205
255
181
63
127
15
115
127
215
36
117
190
82
120
233
116
115
94
56
47
213
22
253
111
153
172
24
5
240
29
157
73
16
242
51
189
88
87
34
251
60
35
255
252
34
23
112
103
85
212
87
148
93
246
185
198
186
216
65
111
22
121
196
179
89
138
130
156
105
208
60
233
246
6
21
186
215
122
209
124
178
127
181
38
244
134
195
110
155
172
175
207
242
29
157
93
1
242
123
217
89
30
43
251
108
41
239
248
34
119
121
118
212
254
92
148
89
244
187
106
131
92
227
110
118
213
196
147
27
40
134
148
73
192
52
201
243
6
7
170
95
126
209
124
58
125
181
46
86
180
99
238
27
172
139
215
242
29
156
92
20
226
59
249
73
134
107
242
58
49
253
148
62
85
29
95
246
238
153
20
127
204
50
119
255
214
34
99
192
182
227
63
140
222
246
75
82
94
247
107
215
44
21
190
90
120
233
117
80
72
60
47
213
20
229
111
153
172
24
5
240
29
156
73
16
242
51
189
88
87
32
250
197
34
195
1
217
192
131
204
225
163
130
114
226
163
131
1
203
37
35
7
139
133
78
204
70
213
25
39
130
14
3
22
31
135
69
155
16
188
111
6
36
96
40
33
5
104
57
177
88
44
32
48
145
186
68
42
8
44
128
5
12
21
112
90
49
188
177
2
93
234
167
124
203
4
202
117
100
14
201
241
255
231
147
20
229
3
75
205
229
124
104
207
18
15
201
111
77
165
253
159
20
162
237
95
41
84
6
162
69
123
60
103
184
118
73
4
176
165
89
67
100
58
134
160
144
143
52
70
178
210
26
111
236
48
156
147
98
155
41
202
174
209
7
25
247
195
44
250
3
132
5
94
230
87
247
122
151
37
224
114
242
172
158
95
74
60
34
99
35
74
41
253
254
220
214
29
200
223
20
67
108
130
150
105
145
243
16
23
116
113
64
177
124
43
239
252
34
159
120
111
69
208
87
180
89
246
185
66
154
152
65
110
150
125
192
147
89
138
130
157
96
240
60
168
198
20
71
170
223
122
209
116
184
63
181
102
244
149
195
110
159
172
137
79
242
29
157
88
0
226
123
249
89
94
107
251
49
22
53
4
41
172
169
120
209
252
210
69
228
61
0
4
174
168
194
25
240
32
210
215
217
58
192
214
44
20
193
79
79
112
97
52
189
136
232
105
93
28
43
167
228
33
183
107
186
234
41
11
244
29
88
65
39
83
215
225
162
215
108
94
49
22
53
4
40
172
165
112
193
116
210
69
228
61
0
4
166
170
194
41
240
32
219
215
217
58
196
214
44
20
201
79
79
80
97
52
157
136
232
11
77
20
171
167
228
33
183
107
186
210
41
11
244
12
26
69
47
83
214
193
162
151
108
78
126
33
187
212
50
7
88
239
70
194
211
54
209
192
179
86
250
213
96
71
15
189
194
83
29
218
178
13
82
188
54
40
70
38
85
186
82
120
195
84
48
89
181
110
213
28
161
110
153
172
24
5
242
29
156
65
16
242
115
185
89
87
33
250
50
178
3
139
255
208
130
137
206
186
18
63
177
22
27
112
126
215
72
144
201
19
143
76
138
208
124
45
150
250
155
94
5
173
79
53
126
18
45
102
161
68
67
24
5
132
184
113
182
92
153
1
182
161
156
243
70
96
158
16
92
77
50
118
93
41
155
92
1
75
112
110
83
128
239
180
114
198
237
234
235
144
49
71
7
45
228
3
77
203
162
13
67
8
20
40
250
38
101
186
2
122
195
244
178
255
181
103
252
30
37
110
153
172
123
69
112
29
149
65
16
242
59
249
89
54
163
251
226
38
243
3
217
196
131
205
206
33
130
54
161
171
139
52
234
37
3
16
200
135
30
76
86
208
124
47
130
154
11
94
5
175
71
31
48
160
47
78
37
64
0
128
13
104
40
177
112
44
24
40
149
18
12
227
8
40
128
48
140
69
56
84
94
33
186
148
19
131
88
111
7
194
145
52
240
192
163
86
234
17
32
70
15
61
195
3
12
138
162
13
82
44
52
40
70
38
21
186
2
120
195
84
48
105
181
106
213
28
129
110
153
172
24
5
114
24
156
65
16
242
51
185
25
22
33
242
186
205
239
207
55
93
209
191
255
213
61
222
191
188
126
238
153
212
124
63
20
214
246
229
59
247
25
50
255
219
94
57
220
108
251
208
222
95
250
185
247
255
239
63
159
54
124
164
215
155
231
157
219
167
247
158
120
212
120
127
87
221
14
219
132
43
39
212
96
78
160
242
165
156
170
71
67
241
216
160
128
105
207
47
117
174
52
210
91
42
5
210
172
134
10
214
250
83
98
32
20
186
218
172
207
52
18
150
232
98
131
235
40
105
237
91
209
95
9
28
39
205
87
164
98
118
5
89
92
233
155
94
3
75
116
110
83
128
239
180
114
198
237
234
235
144
49
79
7
189
228
147
79
207
226
13
67
8
52
104
234
38
101
186
2
126
195
244
178
255
180
102
254
30
37
238
157
172
123
213
240
29
149
65
16
242
59
249
89
116
163
251
43
20
72
166
191
136
31
8
166
110
41
98
189
78
36
85
148
54
0
144
224
114
18
108
68
180
225
59
18
121
117
97
23
188
150
182
227
72
160
123
100
203
78
41
244
80
244
79
144
166
24
5
230
1
222
49
56
51
183
188
184
223
40
120
85
41
155
92
17
75
112
110
19
128
173
176
114
194
141
234
227
16
49
71
7
45
228
3
77
203
130
13
67
12
16
41
166
38
37
186
2
122
195
252
178
251
180
99
252
30
165
110
153
172
59
69
112
29
21
65
16
242
59
185
24
118
163
235
93
45
152
92
1
203
112
110
19
128
199
180
48
198
172
234
234
16
17
71
7
47
193
3
77
138
226
13
66
12
16
40
206
38
37
186
2
122
195
84
176
249
180
103
244
30
165
110
153
164
27
5
112
29
149
65
16
242
59
185
24
54
163
251
85
45
152
28
17
75
112
110
19
128
173
180
50
202
140
234
235
16
49
71
7
45
224
3
77
139
194
13
67
12
0
41
206
38
37
186
2
122
195
252
178
250
180
99
244
30
37
110
153
172
59
69
112
29
21
65
16
242
59
185
24
118
163
203
58
145
169
246
39
181
88
27
87
218
209
192
253
64
52
87
180
214
66
211
214
124
209
87
213
154
226
222
82
244
245
232
207
60
151
180
255
104
248
97
120
77
183
105
246
21
183
111
187
170
152
67
226
29
124
89
23
179
119
187
59
123
232
234
170
206
111
201
166
221
213
185
189
223
60
202
223
56
127
237
137
245
126
63
28
86
246
240
57
247
29
50
253
219
22
155
220
104
219
72
222
123
248
57
246
63
110
63
151
182
124
48
159
153
159
13
219
189
143
94
56
196
120
125
215
221
78
251
26
17
136
250
39
177
92
15
87
138
249
128
120
68
37
19
213
154
32
219
134
60
65
71
133
3
226
204
82
116
181
224
95
62
187
36
127
104
226
97
120
235
183
105
150
21
55
111
187
170
24
71
226
25
124
88
23
179
63
251
49
59
192
226
101
170
215
251
248
178
167
114
105
61
200
251
238
247
132
73
203
229
251
111
235
77
75
253
206
127
27
183
46
15
98
143
159
199
181
187
52
189
127
62
109
96
234
247
125
169
127
179
126
245
169
240
245
248
138
174
110
236
151
199
216
245
245
94
212
233
203
155
112
83
117
238
209
130
125
188
115
150
223
234
227
129
125
79
31
133
165
151
91
111
173
141
193
138
34
184
232
37
100
251
91
54
197
252
210
94
48
62
222
62
0
236
201
173
86
145
249
31
133
195
208
248
33
188
92
84
34
185
85
33
152
28
17
130
92
78
3
130
133
180
112
196
165
82
234
17
2
71
7
47
195
7
76
130
226
13
82
12
48
40
214
38
5
186
2
104
195
84
48
234
180
107
213
28
165
110
153
172
24
5
112
24
20
65
16
178
59
185
24
118
163
235
85
33
152
28
17
130
92
78
130
128
133
180
112
196
133
82
234
17
2
71
7
47
193
7
69
138
226
13
82
12
32
40
198
38
5
186
2
104
195
84
48
250
180
107
213
28
165
110
153
172
24
5
112
29
28
65
16
178
59
185
24
86
163
234
129
206
175
201
166
221
151
245
61
215
60
202
219
57
127
140
141
213
124
47
28
85
254
240
125
245
25
50
189
87
22
27
213
112
217
72
210
105
238
40
246
63
104
63
149
158
116
177
159
137
29
13
147
93
159
14
49
196
48
61
83
221
8
251
58
213
40
187
7
181
220
133
31
234
57
136
48
0
125
151
84
58
64
155
158
50
87
14
177
3
226
74
83
245
245
242
239
186
202
36
251
75
226
225
250
95
246
232
146
87
3
127
187
202
154
79
118
13
121
80
151
179
255
243
51
250
202
99
71
33
152
28
17
130
92
78
130
130
133
176
96
205
132
27
234
69
2
71
3
47
193
7
68
138
166
13
82
12
32
32
214
38
4
190
2
40
67
84
48
74
56
107
213
88
133
78
25
172
24
1
112
24
20
65
24
178
51
153
24
86
35
235
39
148
76
134
255
132
31
8
166
111
41
104
173
107
36
85
49
246
4
176
200
114
146
104
4
165
233
123
186
121
85
101
149
252
158
162
226
80
33
255
102
202
78
137
212
80
244
93
16
166
24
4
38
128
222
59
56
50
182
28
154
214
40
120
113
184
213
2
221
234
7
120
203
33
222
125
229
23
204
113
255
231
187
20
233
5
75
197
227
252
104
175
50
11
201
111
159
231
245
159
12
155
109
87
49
213
78
35
77
57
60
167
132
116
137
168
180
189
72
195
108
62
150
235
152
5
116
78
243
242
117
234
252
118
39
248
226
62
120
127
109
127
212
112
251
231
63
108
97
224
169
252
204
253
125
191
191
10
115
253
208
239
29
159
108
48
125
126
111
64
58
191
85
136
252
117
174
181
85
0
234
178
134
207
236
252
1
156
220
199
48
180
242
242
117
234
126
118
143
249
103
126
120
249
45
7
148
125
251
215
29
108
193
224
173
62
204
221
59
31
159
11
123
127
112
229
156
219
102
116
45
247
71
74
10
63
87
140
244
92
142
53
86
0
232
50
134
75
192
244
33
28
92
86
50
180
92
41
155
222
35
75
116
111
81
128
223
180
113
246
173
234
235
144
49
79
7
61
196
147
77
202
130
13
67
200
60
40
250
38
53
186
66
122
195
116
178
255
181
102
252
159
65
110
159
172
59
197
112
29
149
72
16
242
59
249
89
38
163
251
49
22
53
4
40
172
165
112
193
116
223
69
196
61
0
4
166
170
131
105
240
98
219
215
217
60
68
214
44
20
201
79
15
88
96
20
157
138
168
11
93
20
139
167
228
97
183
107
186
210
41
75
244
12
26
5
47
83
214
225
226
147
109
78
162
205
142
203
167
93
208
155
127
209
61
206
186
188
110
173
143
119
60
191
22
215
247
100
99
87
25
50
255
83
22
49
158
108
251
80
210
77
254
49
115
255
42
63
159
30
125
176
213
155
159
157
221
167
250
174
49
244
56
127
85
89
14
219
17
150
85
7
188
184
167
48
106
21
90
85
140
55
72
16
39
206
132
168
224
96
131
240
232
124
73
246
60
34
201
13
28
208
217
16
125
136
184
1
101
20
11
167
228
129
254
35
162
211
9
34
180
128
26
45
46
23
150
192
224
131
100
94
58
17
168
254
39
181
92
11
87
202
209
128
125
68
53
23
180
146
66
211
214
52
81
79
148
130
226
220
82
244
181
224
71
60
155
36
251
104
226
97
120
72
183
233
214
85
183
111
187
170
152
67
226
29
124
89
23
179
127
187
51
123
232
226
197
239
119
205
112
90
171
236
105
221
161
249
115
59
205
234
139
212
189
111
5
33
228
50
109
223
25
39
87
10
51
27
240
5
124
155
80
112
173
180
243
126
56
55
179
158
80
108
137
173
118
37
217
31
133
78
208
254
33
236
92
87
33
187
242
254
83
95
255
18
158
137
202
187
57
186
190
210
237
250
119
131
60
155
205
130
45
156
211
215
235
47
131
27
193
118
232
173
68
247
91
20
167
246
242
94
96
63
146
126
144
29
137
239
20
5
124
31
197
195
144
242
177
60
92
84
50
61
229
237
239
11
85
127
225
254
248
212
172
254
106
191
239
237
195
37
63
87
117
135
53
183
115
109
9
133
211
26
42
49
232
47
69
251
83
55
205
188
218
254
24
190
93
123
54
228
201
45
86
156
217
63
133
128
176
236
41
188
92
212
34
249
42
132
40
182
47
132
89
11
247
110
17
64
185
104
52
20
148
50
66
209
240
54
209
111
116
178
230
30
82
241
125
227
71
188
14
52
251
40
232
121
120
204
117
169
242
113
181
111
185
174
24
11
228
29
220
81
24
243
115
189
186
151
40
234
60
43
253
252
34
159
120
103
69
80
87
20
93
242
185
70
186
153
65
110
150
61
192
243
157
138
130
157
96
240
52
168
198
52
69
186
207
122
209
84
176
61
181
71
245
132
227
110
155
172
137
79
242
29
159
89
0
242
123
249
89
87
41
250
115
254
218
95
248
210
158
132
91
187
41
185
50
130
175
218
107
130
184
155
141
129
111
141
193
65
235
47
3
41
193
118
237
165
100
55
123
149
167
254
242
94
96
45
179
222
25
51
157
238
126
39
180
13
245
227
214
251
167
52
216
80
114
247
43
132
108
38
47
133
29
8
247
110
17
64
189
111
52
84
180
178
2
240
240
118
81
111
112
182
228
31
74
241
125
227
87
252
14
54
203
40
168
123
124
202
77
169
212
113
245
79
185
174
24
7
228
29
220
81
56
243
179
189
186
215
40
250
86
40
218
151
219
203
210
140
91
161
31
117
178
198
171
242
107
19
56
151
143
61
239
77
171
198
88
47
66
235
159
46
23
167
37
211
50
219
239
86
81
213
197
98
173
12
45
179
213
110
235
245
181
225
48
227
80
63
186
105
137
45
177
206
224
14
228
131
202
159
7
117
44
69
14
68
155
188
250
229
226
245
93
100
24
133
187
49
127
232
12
12
214
156
56
41
96
39
86
219
66
119
5
222
147
210
16
158
72
142
72
148
141
37
86
12
105
31
135
11
144
124
41
188
72
6
34
248
130
201
143
207
39
217
216
187
191
147
55
206
155
176
126
174
137
85
124
63
4
87
230
97
107
215
25
50
53
123
22
58
214
124
249
192
82
77
234
49
243
189
45
61
159
30
125
176
215
152
27
149
153
135
188
254
17
208
48
125
85
93
4
251
113
54
247
75
248
215
6
117
98
117
132
59
238
183
135
90
255
195
251
44
217
69
75
245
218
125
120
127
46
13
195
111
159
231
49
191
76
153
125
86
53
81
106
183
13
168
125
167
148
228
173
188
180
248
154
239
110
124
131
149
218
69
52
94
196
235
101
120
248
122
227
250
248
17
230
251
107
115
204
233
130
205
255
110
103
104
44
246
103
187
15
183
237
15
35
222
250
71
76
219
92
179
255
180
223
254
154
215
249
251
248
195
173
181
199
114
217
127
143
11
84
236
135
175
88
86
247
153
242
250
117
234
252
62
167
120
234
20
118
251
237
115
222
216
242
199
127
108
229
97
137
246
237
249
61
191
255
8
81
239
151
231
220
159
76
184
181
118
175
94
186
151
81
154
80
69
138
181
133
8
112
55
143
95
108
252
16
173
216
71
116
255
234
138
79
135
254
223
159
129
254
119
63
94
191
125
112
228
227
213
61
101
204
7
163
116
111
222
189
63
214
27
51
123
215
44
84
186
82
123
233
244
208
92
56
47
209
14
244
109
153
173
24
5
240
29
157
73
16
242
51
189
88
87
32
248
131
206
143
73
166
221
129
156
185
223
36
202
155
57
111
175
137
117
40
47
28
87
214
113
105
245
29
50
61
90
18
27
213
112
217
0
82
89
234
32
246
63
42
63
151
212
125
177
153
153
28
5
145
141
156
14
17
198
50
61
81
221
14
251
109
237
239
122
83
123
241
254
217
148
254
191
50
158
239
238
195
53
123
78
53
159
197
183
123
109
13
133
83
74
58
185
232
47
101
251
87
127
205
188
186
245
188
54
94
191
38
228
239
45
119
148
217
31
133
0
240
232
41
248
77
132
34
241
236
237
239
27
87
127
113
187
217
130
255
186
123
179
207
238
195
133
127
95
29
135
52
149
83
237
173
141
193
154
42
184
232
45
70
251
91
55
133
244
186
222
48
190
90
127
0
236
205
173
86
145
89
127
133
203
208
252
41
188
92
84
50
185
134
234
203
75
252
26
198
138
235
17
44
234
174
51
238
217
203
197
60
45
7
77
43
108
103
215
29
47
183
43
10
52
148
231
124
219
98
151
191
182
199
254
40
93
25
222
124
144
197
53
86
52
13
227
167
174
208
220
32
12
84
93
54
185
26
17
9
250
7
176
92
11
87
170
249
128
121
64
53
19
148
10
66
211
134
48
65
79
196
130
227
200
66
244
165
224
71
190
139
36
251
40
226
97
104
106
183
105
150
85
151
111
187
170
24
67
224
25
124
81
23
179
255
251
49
243
232
98
104
77
239
219
194
159
103
247
77
198
127
158
145
188
255
238
194
85
89
108
62
149
194
177
27
232
142
140
195
144
56
169
226
39
85
251
67
127
133
220
146
243
148
62
86
158
69
148
159
44
23
132
73
29
135
8
80
236
41
252
77
6
34
241
226
42
195
3
217
194
131
201
202
161
170
118
227
167
131
32
203
5
39
0
200
135
46
76
86
213
29
47
130
138
3
94
21
175
69
155
16
180
47
14
101
64
32
161
13
104
60
177
80
44
16
176
149
18
4
235
72
124
128
40
12
21
48
94
226
234
3
131
201
210
131
136
206
163
10
126
163
6
219
48
123
135
46
16
200
7
15
76
70
213
125
47
134
139
3
94
5
173
79
159
120
156
111
30
33
80
32
185
21
72
60
177
241
45
144
32
149
3
236
243
64
120
128
60
156
85
48
30
44
11
231
212
2
71
101
119
181
252
78
5
81
244
187
70
153
88
195
34
244
63
84
179
26
42
132
128
104
212
28
200
199
18
99
160
180
106
83
108
124
53
214
38
108
228
103
238
57
44
169
93
242
28
152
88
47
226
83
189
75
110
9
250
171
204
174
11
39
221
221
176
189
215
53
202
155
57
127
141
141
117
116
187
180
86
210
117
121
247
21
50
125
83
22
59
215
108
251
80
218
73
248
41
113
253
110
63
151
112
116
49
153
153
26
13
217
133
188
28
57
194
58
125
243
221
12
250
58
209
41
186
7
164
92
11
215
234
249
128
97
68
53
23
85
46
66
211
178
50
81
79
148
151
231
200
82
180
229
226
79
190
139
36
251
40
98
97
40
106
183
233
150
117
23
111
58
202
152
67
228
24
124
80
23
179
223
211
51
243
200
34
131
206
143
11
5
220
129
153
173
215
4
202
139
57
127
15
137
117
32
47
140
71
210
97
105
215
29
38
21
2
18
10
215
112
91
0
82
9
234
32
112
62
40
175
151
80
117
177
17
136
24
1
145
77
156
142
17
194
50
61
64
85
0
251
145
246
85
11
232
26
134
160
106
29
56
123
172
51
204
176
102
131
140
164
65
64
9
236
234
85
125
127
175
10
195
29
144
229
72
21
108
144
173
174
231
94
11
151
17
138
252
21
162
213
5
34
141
227
139
235
110
92
148
4
212
69
116
29
170
216
239
203
39
93
221
191
191
223
60
202
63
60
127
239
157
244
126
185
52
82
246
244
121
245
29
50
125
219
86
187
220
120
251
100
222
89
248
57
114
221
111
63
151
246
116
108
183
155
159
141
152
173
254
94
52
214
62
125
247
221
76
250
76
41
231
220
2
71
101
119
181
252
78
21
81
230
187
106
131
88
225
102
116
157
196
179
26
40
134
144
104
192
60
201
243
50
39
176
21
118
81
124
60
53
148
38
108
182
197
238
29
44
233
221
210
28
28
24
28
226
123
185
75
6
35
240
76
41
207
154
66
71
113
247
148
198
124
150
25
238
187
238
131
92
209
102
126
245
196
179
26
104
134
128
233
194
62
137
242
6
5
250
23
118
85
124
58
253
157
38
84
182
97
238
31
44
155
149
211
29
156
24
88
236
43
248
73
6
35
241
168
205
239
207
38
93
221
187
189
215
127
218
159
189
126
238
153
244
126
189
52
214
244
244
121
119
157
48
125
251
86
185
220
120
227
224
222
89
248
57
118
189
127
63
183
182
244
108
183
155
175
143
219
15
158
28
56
215
120
125
119
221
76
250
199
242
69
43
252
184
6
24
232
19
184
234
236
55
78
169
192
197
29
244
73
65
43
124
102
196
9
47
191
8
41
0
244
237
220
219
74
51
37
182
199
222
10
157
80
218
220
17
144
53
20
0
65
183
143
171
16
244
32
28
92
86
54
185
131
205
139
11
7
200
153
142
143
131
23
206
147
136
110
142
137
85
52
31
14
23
230
65
107
215
25
38
21
42
22
10
135
60
121
65
82
77
234
32
113
61
36
41
159
28
61
177
213
152
24
149
149
193
188
162
17
66
48
125
81
93
16
250
227
198
110
11
239
149
143
153
164
239
49
202
187
105
52
13
200
245
37
247
200
39
211
116
76
223
189
46
82
26
49
27
215
44
84
186
82
120
233
116
112
94
56
47
213
20
213
111
153
172
24
5
240
29
156
73
16
242
51
189
88
87
32
251
243
250
77
10
223
27
7
152
123
59
56
251
174
51
230
217
99
247
188
185
201
213
43
108
227
213
121
51
191
73
83
111
149
229
220
113
126
209
45
182
103
215
106
61
21
134
124
209
246
245
12
36
135
163
207
175
94
124
134
28
221
221
116
28
115
32
211
23
89
194
86
12
219
160
191
49
48
134
139
210
107
3
56
23
137
139
239
13
69
197
217
47
2
41
1
110
9
173
37
183
50
153
231
86
48
212
101
99
15
28
45
43
213
230
123
5
181
58
52
226
80
58
175
121
136
4
176
206
168
207
175
201
38
93
209
183
191
215
63
206
155
188
126
174
141
208
100
175
22
87
246
227
123
119
149
50
37
210
22
9
199
124
99
72
218
77
250
40
112
61
245
63
159
52
117
172
215
136
191
157
210
29
180
94
17
210
112
125
83
221
8
250
131
206
14
139
131
221
133
128
61
215
44
202
154
57
110
141
137
124
37
41
12
86
246
112
97
213
17
32
61
2
18
17
148
64
219
64
83
73
232
32
118
63
56
53
21
212
116
176
17
153
28
36
213
133
142
44
17
192
34
45
80
221
4
251
49
7
181
84
32
204
225
119
17
84
86
69
76
125
16
164
188
8
195
43
246
40
240
211
217
42
4
210
44
148
201
205
143
114
97
36
157
138
218
136
221
52
153
166
224
35
231
111
187
64
233
74
240
13
26
4
47
83
87
225
226
183
205
78
108
3
231
153
210
151
3
97
165
71
17
26
217
168
179
70
202
85
91
108
10
215
130
49
30
144
62
13
146
140
56
9
80
7
158
155
64
127
5
86
132
99
28
28
11
140
72
148
86
37
52
180
3
248
167
62
192
108
41
92
77
204
58
179
76
41
139
188
18
75
116
110
81
128
223
180
112
198
173
234
139
16
51
71
7
61
197
147
77
202
130
141
67
204
60
168
254
38
117
186
2
122
193
116
178
255
181
98
94
31
39
238
159
172
59
213
240
29
21
64
16
226
59
249
25
102
163
235
140
43
231
212
0
71
33
103
149
220
70
21
83
244
178
230
128
88
193
39
116
188
244
147
91
42
132
128
40
192
30
200
102
18
67
160
181
66
209
140
220
53
149
6
232
38
225
238
57
44
233
217
210
29
28
24
47
98
83
185
75
22
11
248
93
41
136
28
18
139
120
118
17
128
215
180
80
198
173
74
170
17
3
71
7
61
193
131
77
42
130
13
64
12
60
41
206
38
53
186
2
122
195
84
176
249
181
43
245
52
165
110
155
172
25
5
112
29
28
65
16
178
59
249
25
22
35
234
58
148
8
42
15
180
157
9
151
234
57
128
169
8
33
23
84
54
64
146
240
114
211
111
80
160
228
106
18
241
229
226
239
140
138
36
243
8
32
107
104
74
102
169
214
113
151
79
58
202
24
9
118
9
252
81
27
179
247
145
179
211
104
98
77
45
137
28
18
203
113
118
17
132
213
180
80
206
140
106
170
84
51
71
7
45
192
131
77
42
130
13
81
12
52
41
206
38
53
186
2
122
195
116
50
251
189
35
244
52
165
110
153
164
59
5
240
29
20
0
16
178
59
251
25
22
35
235
49
7
181
4
32
140
177
117
145
212
86
69
76
61
16
6
172
40
195
35
244
106
210
211
217
42
132
214
104
148
201
201
15
120
97
36
157
10
216
8
93
20
185
166
228
97
183
111
187
128
169
75
240
28
24
68
47
83
87
225
226
183
109
202
118
18
3
131
223
214
131
137
142
48
18
55
177
30
219
244
123
151
24
16
192
3
142
76
62
212
125
47
150
251
83
94
5
173
79
23
118
146
45
30
33
85
64
152
5
204
188
145
228
61
149
8
183
227
140
243
64
104
168
28
206
13
48
20
85
33
218
28
17
2
88
110
130
130
129
176
96
200
135
74
234
85
34
70
3
175
195
7
76
138
166
13
82
12
32
40
214
38
21
186
2
56
67
84
48
106
188
75
209
20
129
110
25
172
24
5
112
24
28
65
24
178
51
153
24
86
35
235
49
4
52
4
40
140
245
116
17
84
86
69
76
61
0
4
164
170
193
169
244
104
210
243
249
42
68
214
108
149
201
109
143
112
97
4
141
138
216
8
93
148
153
167
228
33
247
111
179
66
169
74
244
12
26
5
47
83
86
225
226
179
77
206
128
206
139
137
129
220
133
137
173
211
4
202
129
49
79
141
9
76
32
45
76
70
214
96
105
213
25
32
53
2
2
24
148
80
217
0
81
9
232
32
100
60
56
181
21
144
116
176
17
137
24
32
149
69
140
168
17
192
34
45
64
85
0
250
131
201
138
10
39
88
85
138
63
133
45
202
138
157
102
15
13
118
52
189
2
198
224
97
97
215
17
50
55
34
2
1
150
124
177
64
67
77
234
33
112
187
40
121
159
88
116
168
81
155
50
4
157
3
242
174
49
193
48
61
85
209
4
218
174
204
108
136
39
93
149
191
191
214
62
200
29
60
126
239
137
116
118
189
20
82
244
32
121
117
29
48
61
218
30
57
220
120
227
224
222
91
168
56
114
159
62
61
22
246
116
108
183
185
159
12
154
13
227
30
184
196
42
124
83
217
78
218
92
41
139
28
18
75
112
110
81
128
215
180
112
198
175
234
138
16
51
71
7
61
193
131
77
10
130
13
67
12
60
40
222
38
53
186
2
122
195
116
178
255
181
34
190
30
37
110
155
172
59
197
112
29
21
64
16
226
59
249
25
38
163
235
93
33
154
28
19
131
120
110
1
130
213
180
112
198
161
66
170
17
34
71
7
63
193
7
77
10
162
13
82
12
52
40
206
38
5
186
2
120
195
84
48
249
181
43
245
52
165
110
153
172
24
5
112
29
28
65
16
178
59
185
24
22
33
234
131
205
139
11
7
72
157
138
139
131
5
206
130
140
110
139
13
86
36
13
0
150
226
65
99
213
153
96
17
42
18
25
132
16
241
64
2
77
234
33
112
188
36
41
159
20
52
172
81
152
50
149
157
65
244
162
17
0
48
125
21
85
4
250
12
3
181
212
32
197
161
103
181
220
66
69
81
125
57
6
189
104
195
35
244
42
82
243
89
42
132
208
40
212
29
192
135
26
99
164
181
10
216
104
76
53
178
166
228
96
167
110
184
168
169
75
242
29
24
84
47
83
87
181
98
119
45
106
12
3
167
212
2
197
101
103
181
220
70
5
81
244
179
70
153
88
195
35
244
60
86
147
25
42
132
192
104
208
28
200
135
18
99
160
181
74
218
104
92
53
150
38
228
52
231
110
57
40
169
79
242
29
24
88
47
210
83
177
75
127
41
250
129
206
15
9
166
221
133
176
185
215
46
202
152
61
111
173
137
92
32
41
68
80
198
96
105
245
29
48
189
66
26
25
212
80
217
0
82
73
232
32
118
61
58
53
21
150
116
48
19
153
28
37
147
197
140
44
17
192
34
45
65
221
12
250
130
201
138
138
39
89
149
139
159
131
61
202
19
156
110
175
141
86
36
29
4
150
228
97
99
215
145
32
21
106
22
24
148
48
241
64
66
77
234
33
114
189
45
61
159
22
116
172
211
155
55
149
157
3
246
174
17
192
48
125
85
93
4
218
231
214
108
128
223
158
3
1
46
103
53
74
141
59
54
117
224
245
28
160
200
67
154
104
110
128
40
111
182
25
25
101
181
229
158
219
66
115
37
214
135
194
72
153
80
142
232
17
148
53
20
4
33
243
135
43
24
52
32
28
92
84
54
249
49
4
181
4
32
140
181
117
209
212
86
69
196
61
0
4
174
168
194
41
244
32
210
211
249
58
132
214
108
148
201
105
143
80
97
36
157
10
232
40
93
20
59
167
228
33
247
111
187
138
169
11
240
29
24
69
47
83
87
225
226
151
108
206
35
20
76
142
191
148
31
24
166
110
41
0
173
15
37
21
22
118
0
48
224
114
210
108
64
164
225
59
58
57
69
99
87
220
159
32
243
72
160
107
36
74
110
169
180
80
212
75
16
190
24
5
38
1
220
81
56
51
182
156
186
211
44
112
93
33
154
28
19
3
88
110
130
130
149
176
112
192
163
66
234
85
34
70
3
175
193
7
76
138
166
13
82
12
52
40
214
38
21
186
2
104
67
84
48
104
181
107
245
20
161
110
25
172
24
5
112
24
28
65
16
178
59
185
24
22
33
226
12
43
231
212
2
71
37
103
149
220
78
21
83
244
179
226
137
88
193
35
116
61
228
147
26
170
132
128
40
192
28
201
247
18
67
160
53
66
211
108
84
53
149
38
236
52
229
238
59
44
233
221
242
28
28
24
47
226
83
249
75
86
3
250
170
205
142
138
39
93
213
143
63
213
61
206
27
188
126
238
141
84
116
189
20
214
244
32
121
215
145
48
189
250
30
57
144
116
243
64
194
75
250
161
114
189
109
61
158
22
116
236
215
155
183
141
155
7
230
158
57
196
104
125
87
221
14
218
104
11
239
218
66
31
98
247
13
70
66
22
17
246
251
238
130
81
89
110
30
149
192
179
27
104
142
4
192
200
56
137
114
7
85
251
0
126
5
84
146
113
156
22
79
142
65
134
31
44
49
180
3
93
135
138
64
236
41
248
77
6
35
241
204
43
231
212
66
15
97
247
149
212
70
23
83
246
186
198
130
88
201
111
126
189
116
147
27
42
150
128
224
192
62
137
98
19
102
234
21
118
213
156
208
53
148
22
232
38
65
206
29
44
237
221
211
95
157
24
21
104
99
189
75
22
3
249
76
41
199
148
2
71
97
231
181
220
78
21
83
230
187
226
129
88
193
102
84
157
196
179
27
42
134
128
104
192
62
200
114
18
103
160
21
70
81
124
80
53
148
38
108
54
97
238
29
44
233
221
211
30
28
24
29
224
107
185
75
6
3
248
50
148
8
42
15
148
157
9
151
170
57
128
185
8
37
23
212
50
64
144
240
114
209
111
80
128
228
74
18
241
237
226
207
140
139
36
179
8
32
107
104
74
102
169
214
113
151
79
58
234
24
1
182
9
252
81
27
179
183
177
178
211
104
98
103
20
104
139
223
134
135
140
166
103
21
62
189
46
51
85
248
119
16
48
200
83
158
104
54
208
120
95
178
57
93
127
21
229
158
219
98
113
5
94
4
195
76
8
5
28
200
145
85
60
18
4
47
224
164
235
184
52
168
24
156
141
58
176
43
20
24
42
47
148
29
9
167
106
9
0
177
14
36
21
22
54
0
144
208
118
211
109
80
132
224
122
18
113
229
99
79
156
223
36
179
72
168
107
96
72
100
169
244
85
180
79
144
238
24
5
166
9
220
81
16
179
183
188
178
211
40
98
163
206
46
137
39
93
149
151
61
214
60
202
26
57
127
173
137
112
36
185
20
82
244
96
121
117
29
32
61
18
18
17
148
108
219
72
66
73
232
40
51
191
56
189
23
214
116
160
145
153
22
12
153
5
162
28
49
192
40
61
83
217
12
250
3
100
8
8
2
64
4
5
66
2
169
4
112
4
37
35
193
32
3
208
9
128
21
0
84
0
168
9
131
12
128
0
224
44
71
138
10
32
1
202
2
66
20
8
84
92
164
12
17
44
16
4
48
25
64
65
16
242
1
180
24
82
98
105
1
138
138
9
128
216
132
164
9
148
6
206
128
53
91
128
141
72
32
40
0
1
206
64
105
85
29
96
132
2
19
18
213
16
81
8
80
8
238
32
49
52
40
55
21
148
116
161
19
136
57
37
145
73
136
10
17
64
32
37
64
81
0
250
42
148
168
174
39
181
156
27
119
250
145
192
189
0
53
23
148
246
64
211
208
118
81
95
148
144
224
222
82
241
181
226
207
188
154
36
251
104
160
97
120
79
119
169
214
85
151
111
184
186
152
15
242
29
252
89
19
179
247
157
51
219
104
122
12
41
139
252
18
107
112
110
213
128
222
181
113
198
249
234
131
24
227
71
39
61
196
151
29
138
134
133
66
198
60
200
174
38
103
186
31
122
201
60
186
189
181
98
110
55
39
238
159
44
171
215
243
29
57
16
52
226
59
249
9
46
227
202
131
205
140
10
39
88
85
130
43
135
61
202
170
189
102
15
13
115
52
189
2
214
225
96
97
119
17
48
191
34
2
1
150
108
177
64
67
9
250
41
118
187
40
57
151
88
116
172
81
153
16
4
157
3
226
174
57
213
48
125
85
241
4
202
60
41
233
252
34
191
120
111
69
192
215
180
81
246
185
66
154
24
65
79
151
61
192
211
29
138
130
157
64
228
60
200
206
20
71
186
203
122
193
84
184
61
181
39
245
21
231
110
155
174
169
79
242
29
29
88
0
227
83
249
105
87
233
250
231
20
100
129
223
134
131
137
174
101
18
126
141
47
179
85
248
117
24
36
216
67
154
104
126
144
56
15
186
25
89
127
21
229
30
219
66
115
5
94
133
192
76
136
65
8
200
145
133
52
16
12
45
242
133
235
120
52
40
60
204
5
58
177
246
46
115
3
217
70
135
137
206
33
26
119
161
31
219
180
107
135
63
0
192
135
158
76
94
213
61
47
150
155
3
94
37
173
77
31
112
144
45
30
37
84
0
152
13
200
60
145
224
45
81
40
149
99
140
227
64
124
128
44
206
5
48
124
60
43
253
244
34
191
120
103
197
64
87
52
81
246
184
70
154
153
99
103
247
125
208
211
157
10
132
157
96
244
60
232
134
20
71
186
149
90
209
92
248
61
181
39
245
37
231
110
155
174
137
75
242
29
153
89
0
243
83
185
107
55
105
250
76
41
139
58
18
107
112
103
209
128
221
180
112
198
141
234
139
24
51
71
7
61
197
135
77
203
134
133
67
140
60
168
230
38
101
186
7
122
201
116
58
253
181
98
94
55
39
238
155
172
43
213
240
29
52
0
16
162
59
249
25
102
35
226
3
2
4
2
137
136
4
2
96
0
170
96
168
51
76
33
66
32
5
208
65
6
9
101
66
4
9
8
162
12
0
0
184
36
66
154
64
18
1
132
134
80
24
135
80
82
102
196
25
44
16
0
112
29
201
9
16
224
35
180
8
82
32
72
12
7
181
84
32
197
161
103
181
156
66
69
81
117
49
6
189
88
195
35
244
42
82
243
89
42
132
212
40
212
29
200
135
26
99
164
181
8
216
104
76
61
183
166
228
100
183
111
184
168
169
75
242
29
24
92
47
210
87
181
99
119
45
90
108
233
235
58
18
111
113
231
213
132
252
180
115
166
223
234
131
25
115
71
39
159
197
151
127
205
132
133
67
142
58
152
226
38
101
250
19
126
197
188
186
255
180
34
94
63
35
238
95
44
187
149
217
29
37
0
80
224
41
248
89
70
35
227
160
205
174
139
2
93
148
183
47
199
63
206
27
60
126
174
141
80
100
173
22
214
244
224
121
117
21
56
53
146
22
25
196
68
251
72
194
73
234
40
50
157
44
63
151
54
116
164
147
137
183
140
152
13
164
30
25
192
40
125
85
217
8
250
0
202
0
137
0
88
132
128
41
132
46
134
16
53
123
160
13
88
160
40
0
0
12
96
105
85
29
96
165
130
19
19
148
80
81
64
16
202
234
0
33
53
40
53
20
134
116
160
17
137
165
36
149
67
128
10
19
64
40
36
64
65
0
234
129
206
12
9
0
92
132
129
41
212
46
202
16
61
111
173
141
88
160
40
4
192
132
96
105
213
21
32
189
2
27
17
148
80
81
64
80
72
232
32
38
61
40
53
20
150
116
96
17
137
53
36
153
69
162
12
17
64
40
44
64
85
4
250
131
205
10
10
1
88
20
130
35
135
45
202
2
156
102
187
13
118
36
9
2
148
96
64
97
213
17
104
145
34
18
17
144
16
145
64
2
72
234
32
34
153
40
113
150
84
116
172
81
137
50
20
156
3
230
162
17
80
32
45
85
209
4
186
131
201
8
10
37
88
20
138
39
131
45
202
10
153
102
175
13
118
36
157
2
214
160
34
97
215
17
32
183
34
2
17
144
20
176
64
99
72
170
160
34
187
40
113
150
20
116
172
67
137
54
20
12
3
226
174
49
192
32
124
85
209
4
154
134
204
108
136
7
95
5
7
61
86
60
200
25
61
124
237
137
112
100
189
16
82
244
32
121
245
29
0
61
218
26
1
148
104
195
200
74
66
137
56
54
191
60
61
20
214
116
232
19
169
135
12
155
5
227
30
56
192
40
60
83
217
110
218
1
206
12
137
0
93
133
129
45
212
46
138
24
61
125
173
141
124
164
40
20
208
148
96
121
213
21
48
189
66
27
25
176
80
81
64
80
64
232
40
54
61
56
181
20
150
116
96
1
137
55
44
155
69
131
12
57
192
40
44
67
223
12
250
0
202
8
137
129
88
132
133
41
210
46
202
128
53
79
168
13
8
161
40
0
64
206
96
73
213
17
32
181
2
2
17
148
18
209
0
17
8
104
32
36
52
56
181
20
144
116
160
19
137
53
32
149
69
226
40
1
192
32
37
64
83
64
250
12
11
163
244
34
111
169
127
149
220
202
5
81
212
57
230
128
92
195
11
244
62
208
211
93
170
134
196
72
246
60
200
6
18
99
168
180
106
200
9
200
53
151
98
230
103
39
110
58
40
169
95
242
29
60
16
39
2
87
235
99
159
205
122
131
197
8
10
1
88
84
130
39
7
45
202
10
61
102
175
13
50
36
189
2
210
176
34
97
215
17
48
177
34
2
17
144
92
160
64
67
8
122
168
38
186
56
121
150
80
116
172
65
129
50
4
13
3
226
142
57
193
32
53
21
241
8
138
160
204
12
138
2
93
132
161
47
198
45
136
24
44
125
174
205
82
100
173
16
208
245
32
121
117
29
40
33
154
18
17
192
4
243
202
2
73
234
40
50
157
44
181
22
22
116
164
147
137
182
12
152
9
160
30
152
96
40
124
85
217
72
170
131
207
44
136
7
93
132
7
45
198
44
200
24
61
108
173
137
120
37
237
16
82
244
96
113
117
17
32
53
22
18
1
132
68
219
200
66
64
232
40
55
191
56
181
20
214
116
160
17
153
22
12
153
5
194
28
48
192
40
36
81
217
14
250
131
200
138
138
2
88
132
134
11
134
13
206
18
132
127
170
77
114
36
161
2
144
100
0
73
85
21
104
1
130
146
17
144
20
209
72
2
72
106
10
32
25
36
33
23
20
52
164
211
136
50
4
152
1
32
82
145
1
32
113
85
209
64
234
12
41
235
244
18
107
112
102
213
128
223
180
83
196
185
226
139
24
195
71
39
61
196
147
29
138
134
133
64
196
60
200
134
22
103
170
23
122
217
28
152
181
181
98
110
55
39
238
31
44
171
223
243
29
56
16
61
162
123
251
9
46
231
202
128
204
10
138
2
93
132
135
11
194
13
142
16
132
127
175
77
82
36
137
0
208
117
0
121
85
21
104
1
138
146
16
192
4
195
72
2
72
74
2
48
17
36
41
22
84
52
164
147
136
50
4
152
9
96
26
145
64
40
116
85
81
72
234
35
198
76
139
175
148
143
8
38
127
41
74
172
47
33
21
6
119
4
48
200
114
26
104
64
180
137
51
58
57
65
83
181
196
154
32
240
200
32
43
102
74
74
137
148
80
212
89
16
142
24
5
54
128
220
97
56
50
178
28
210
215
40
120
76
41
171
184
18
107
113
102
213
132
223
180
83
198
187
234
139
88
99
71
39
61
196
151
13
42
134
133
65
204
60
136
198
38
101
186
2
122
193
92
184
181
181
98
94
55
39
238
31
44
235
213
243
29
52
0
48
162
107
251
9
38
163
234
12
11
167
212
2
71
96
103
5
196
6
5
83
244
187
194
137
24
192
35
86
61
228
131
27
10
134
0
32
192
28
200
135
18
99
168
20
74
210
8
84
53
148
102
172
20
97
238
25
40
233
221
210
29
24
24
9
98
83
185
73
116
3
250
230
174
227
131
209
206
135
201
142
69
170
122
163
142
210
252
203
117
47
69
10
135
186
100
94
213
29
45
146
154
2
25
4
167
111
155
0
52
13
142
37
64
36
169
15
24
60
180
68
20
80
184
3
242
164
162
200
44
0
32
12
69
56
50
227
198
64
139
223
148
131
136
46
103
1
74
140
43
38
21
192
117
28
176
200
65
26
104
70
128
24
63
190
57
25
87
181
229
222
27
106
113
37
150
135
74
72
152
209
24
216
17
16
28
16
5
21
160
141
235
24
116
176
28
220
85
50
249
178
22
0
131
255
220
131
137
142
121
26
119
177
30
123
245
113
215
28
16
200
3
158
108
58
212
125
47
150
251
19
94
37
173
79
87
118
211
173
22
225
85
66
152
5
206
188
17
164
93
149
8
151
163
142
243
64
112
164
60
198
13
60
60
130
201
9
138
35
88
21
138
175
130
45
202
19
156
110
171
141
86
36
9
4
210
160
32
97
213
17
104
181
34
30
25
144
20
209
64
66
72
234
160
34
159
44
49
150
22
116
172
195
137
54
20
140
3
230
158
145
64
40
108
85
93
4
154
3
4
0
10
203
2
2
6
66
2
137
36
112
68
33
33
194
32
1
212
3
128
9
4
70
0
8
9
130
12
9
64
224
46
69
154
10
96
5
198
2
66
28
8
80
92
128
132
17
44
16
4
48
24
4
1
16
32
1
180
8
82
34
105
3
2
0
2
201
138
6
72
32
0
170
34
160
97
0
33
194
33
5
212
65
34
9
96
70
0
9
12
130
12
1
0
248
38
64
154
0
32
5
134
134
82
24
139
64
90
68
128
16
44
16
0
81
25
129
9
16
96
1
180
8
86
32
72
58
150
168
162
39
181
188
27
181
250
213
192
173
24
48
23
220
254
99
217
240
118
211
119
213
144
240
218
90
112
245
226
207
24
147
36
251
104
232
97
120
93
55
173
215
85
183
111
186
186
152
11
242
29
252
81
18
179
55
157
115
211
108
250
131
205
8
138
7
93
84
131
47
70
45
202
26
60
110
175
141
114
36
189
6
210
180
34
113
213
17
48
177
114
30
17
144
84
211
64
67
64
202
160
50
191
60
49
150
22
116
108
67
137
182
12
142
3
226
156
185
64
40
60
85
217
14
154
49
133
60
4
32
204
177
101
51
212
86
69
204
61
9
4
236
170
130
161
240
98
210
243
249
56
196
208
108
148
193
97
143
120
97
36
191
8
200
104
121
156
57
167
228
96
183
111
187
170
169
11
240
13
24
69
63
83
62
233
114
147
108
202
227
4
224
129
223
134
131
196
38
71
1
78
141
45
51
85
200
117
24
36
8
67
154
104
110
208
56
13
150
56
26
9
20
229
31
219
66
117
13
22
5
192
12
8
9
12
200
148
68
20
80
4
3
242
132
171
216
44
40
28
68
13
50
176
35
150
8
42
47
180
140
25
39
250
33
128
168
8
33
23
22
246
64
152
240
114
217
125
80
48
225
10
22
113
229
195
207
140
154
36
241
136
32
99
108
74
98
173
214
241
146
75
58
218
24
9
54
1
248
81
51
179
183
148
178
211
108
71
163
196
8
139
207
132
155
136
190
111
33
74
185
43
36
21
4
55
4
16
192
114
154
104
112
144
201
51
154
121
69
95
165
228
154
16
178
193
168
171
194
78
78
136
144
16
208
25
17
222
24
13
180
129
220
243
56
50
182
56
146
223
42
77
131
193
8
138
1
88
20
14
39
66
45
200
24
57
100
159
13
50
36
57
2
208
164
34
97
149
145
120
51
34
2
33
144
16
146
64
35
64
34
160
34
155
60
113
150
20
116
108
81
137
118
4
12
1
226
188
153
192
40
60
21
208
0
138
131
193
8
138
3
88
20
14
39
66
45
128
16
60
108
187
141
18
36
32
0
208
164
34
97
213
145
72
177
34
30
17
144
16
209
64
35
64
138
160
34
155
60
49
20
22
116
108
67
129
118
4
12
1
227
8
153
64
40
60
17
80
2
136
1
206
0
136
0
92
4
129
41
84
46
138
16
53
125
161
141
88
132
40
64
192
28
32
73
213
17
96
165
2
27
17
144
80
81
0
33
66
168
32
38
53
40
49
20
150
116
96
1
9
116
36
158
7
163
8
19
64
40
36
64
67
0
248
0
196
8
138
2
93
4
5
39
194
45
136
16
36
125
166
77
18
36
169
0
208
117
32
89
85
25
40
1
138
18
17
128
4
195
74
2
64
10
10
50
153
36
33
22
30
116
36
19
136
54
12
30
9
224
30
152
96
40
52
81
208
72
162
1
207
12
8
1
92
132
7
33
66
46
192
16
61
109
173
137
56
33
228
16
82
52
96
113
85
9
0
53
6
26
17
148
64
211
136
0
64
12
8
38
49
56
165
20
214
118
160
17
9
22
12
19
69
195
8
57
192
32
36
64
219
8
202
131
196
1
139
207
128
131
136
42
103
1
74
168
41
38
21
68
119
4
48
200
64
26
104
68
144
24
43
178
57
3
87
149
228
154
26
106
65
45
138
135
74
72
8
17
24
216
17
16
28
16
4
21
128
204
171
24
36
176
28
144
213
50
121
12
13
173
144
0
127
49
127
149
222
198
5
81
132
57
166
136
92
194
11
244
118
208
195
93
162
132
208
104
198
28
200
78
16
227
168
180
106
200
9
216
53
183
38
166
36
37
110
58
170
169
223
242
29
124
20
47
2
87
233
35
159
77
218
12
9
175
176
0
111
97
127
133
196
198
148
83
172
187
238
139
92
195
103
54
159
228
131
93
170
132
128
97
196
62
136
238
18
99
170
0
106
193
28
152
181
148
34
46
55
33
238
25
40
235
156
211
29
52
4
57
162
107
249
9
6
7
218
2
192
8
138
0
72
4
133
35
130
41
136
16
36
125
187
77
34
36
161
0
144
117
0
65
85
25
104
1
138
146
16
144
4
83
64
0
72
10
66
34
16
36
33
22
92
116
164
145
136
50
4
28
1
32
154
153
65
8
52
21
81
64
162
162
2
8
131
239
152
130
137
62
121
30
79
185
62
104
53
86
147
196
144
200
18
155
108
48
148
89
34
190
251
3
22
9
236
75
48
246
195
168
2
193
85
66
152
132
198
188
17
161
95
152
41
188
129
203
251
18
114
182
52
130
27
44
28
