posters/Movie Poster 18.jpg
512
777
228
91.5694
-1
0
392
640
0.00313427
31
93.9647
-1
0
281
640
0.00384004
31
142.431
-1
0
280
602
0.00359727
31
-65.7387
-1
0
303
602
0.00357052
31
61.2274
-1
0
198
646
0.00392651
31
124.509
-1
0
280
621
0.00344667
31
156.801
-1
0
291
618
0.00444324
31
86.5387
-1
0
345
648
0.00347037
31
54.6518
-1
0
280
185
0.00524353
31
-78.8962
-1
0
360
177
0.00479409
31
-17.4051
-1
0
396
469
0.00376943
31
37.3493
-1
0
177
627
0.00474709
31
105.255
-1
0
304
621
0.0051604
31
-97.0608
-1
0
391
115
0.00644236
31
160.017
-1
0
299
618
0.00365441
31
-135
-1
0
175
262
0.00366667
31
127.794
-1
0
361
429
0.00501566
31
72.4744
-1
0
323
621
0.00435703
31
-22.0592
-1
0
398
461
0.00763076
31
-177.378
-1
0
106
465
0.00574802
31
88.0585
-1
0
136
630
0.00314596
31
-68.9625
-1
0
159
621
0.00455902
31
36.8699
-1
0
359
168
0.00327348
31
136.364
-1
0
293
620
0.00604165
31
-143.043
-1
0
170
426
0.00417216
31
7.12502
-1
0
333
618
0.00520982
31
-68.7026
-1
0
127
610
0.0063459
31
125.057
-1
0
108
398
0.00732645
31
-135.898
-1
0
161
430
0.00538556
31
-76.6075
-1
0
305
602
0.00430324
31
128.66
-1
0
291
610
0.0036869
31
-123.111
-1
0
293
601
0.00549446
31
-130.686
-1
0
159
432
0.00646626
31
-138.18
-1
0
166
434
0.00337319
31
106.524
-1
0
198
394
0.00415627
31
81.323
-1
0
157
649
0.00328204
31
-99.2836
-1
0
148
606
0.00416043
31
57.281
-1
0
282
183
0.0034343
31
-10.8525
-1
0
210
264
0.00432663
31
92.368
-1
0
332
648
0.00386086
31
103.496
-1
0
342
629
0.00340058
31
96.961
-1
0
158
358
0.00345258
31
76.2777
-1
0
169
392
0.00448381
31
-25.1087
-1
0
187
438
0.00657082
31
164.268
-1
0
132
503
0.00380472
31
-152.083
-1
0
227
266
0.00337469
31
-28.7203
-1
0
185
439
0.00736504
31
-121.363
-1
0
146
109
0.00396101
31
34.8609
-1
0
358
506
0.0031744
31
93.9452
-1
0
407
640
0.00331822
31
96.6325
-1
0
336
623
0.00387904
31
94.0142
-1
0
361
441
0.0065523
31
-98.1506
-1
0
307
117
0.00543572
31
0
-1
0
332
613
0.00386025
31
78.6901
-1
0
159
627
0.00447919
31
-57.6996
-1
0
180
117
0.00464533
31
-46.9122
-1
0
326
116
0.00503351
31
-66.3328
-1
0
297
116
0.0071525
31
-94.0022
-1
0
240
116
0.00681824
31
-99.2135
-1
0
235
116
0.00657223
31
-102.169
-1
0
223
116
0.00647376
31
-107.477
-1
0
216
116
0.00761853
31
-91.1458
-1
0
193
116
0.00430761
31
-85.8461
-1
0
108
116
0.00648163
31
138.814
-1
0
335
620
0.00607206
31
-108.54
-1
0
357
115
0.00500828
31
-81.7779
-1
0
370
114
0.00486886
31
-163.421
-1
0
166
114
0.00609284
31
-157.223
-1
0
162
114
0.00939801
31
-67.3323
-1
0
128
111
0.00564752
31
-104.931
-1
0
251
110
0.0039382
31
-95.1173
-1
0
361
175
0.00424497
31
-48.7623
-1
0
181
414
0.00630985
31
-62.0629
-1
0
359
175
0.00490188
31
-130.711
-1
0
122
109
0.00624313
31
-80.1477
-1
0
367
108
0.00381915
31
-101.564
-1
0
359
108
0.00478207
31
-64.9831
-1
0
346
108
0.00421123
31
-81.2538
-1
0
342
108
0.00581324
31
-108.937
-1
0
270
108
0.00586271
31
47.1747
-1
0
347
444
0.00379996
31
-41.3086
-1
0
170
608
0.00507232
31
69.1142
-1
0
178
630
0.00429114
31
93.6412
-1
0
251
301
0.00344132
31
-102.845
-1
0
311
101
0.00734099
31
159.795
-1
0
144
501
0.00456565
31
-39.8378
-1
0
386
555
0.00942259
31
132.51
-1
0
314
621
0.00463003
31
91.1751
-1
0
231
589
0.00667303
31
-143.13
-1
0
345
610
0.00360285
31
63.7413
-1
0
344
547
0.00595491
31
-16.8251
-1
0
400
466
0.00693318
31
125.628
-1
0
294
623
0.00292796
31
-92.2026
-1
0
374
621
0.00303795
31
92.9108
-1
0
138
630
0.00293776
31
-27.5042
-1
0
342
153
0.00310841
31
-94.0567
-1
0
359
602
0.00309258
31
-52.3219
-1
0
403
602
0.00313269
31
75.9638
-1
0
123
641
0.00307446
31
-2.96094
-1
0
332
156
0.00305361
31
68.1986
-1
0
129
641
0.00294387
31
-78.4763
-1
0
312
602
0.00279756
31
106.765
-1
0
158
370
0.0028292
31
-173.326
-1
0
246
152
0.00281079
31
-64.1913
-1
0
170
603
0.00282658
31
57.6422
-1
0
211
630
0.00291868
31
-88.5057
-1
0
320
602
0.00292704
31
-40.3071
-1
0
307
142
0.00281602
31
-90
-1
0
399
115
0.00282162
31
151.22
-1
0
236
280
0.00240641
31
93.2155
-1
0
402
631
0.00276684
31
-112.249
-1
0
347
622
0.0026536
31
95.0573
-1
0
362
637
0.0025801
31
-76.7198
-1
0
325
599
0.00248473
31
-79.5484
-1
0
100
610
0.00276905
31
-97.0046
-1
0
111
599
0.00245347
31
92.5638
-1
0
375
637
0.00256616
31
-119.407
-1
0
144
109
0.00279255
31
54.353
-1
0
196
640
0.00255801
31
57.45
-1
0
192
628
0.00243531
31
98.5019
-1
0
367
429
0.00243859
31
58.5704
-1
0
171
629
0.00267003
31
24.914
-1
0
347
543
0.00273829
31
-92.4424
-1
0
152
599
0.00232493
31
-72.4233
-1
0
328
599
0.00233946
31
53.8691
-1
0
386
409
0.00238727
31
64.6538
-1
0
165
639
0.00239857
31
163.652
-1
0
353
431
0.0023082
31
81.6113
-1
1
232.8
592.8
0.00162102
37.2
93.3246
-1
1
250.8
301.2
0.00306623
37.2
-25.7278
-1
1
288
564
0.00175935
37.2
99.6375
-1
1
324
621.6
0.00229372
37.2
115.463
-1
1
291.6
618
0.00214749
37.2
-53.3659
-1
1
181.2
414
0.0034003
37.2
-144.667
-1
1
170.4
426
0.0028518
37.2
96.3905
-1
1
369.6
639.6
0.00224876
37.2
-128.421
-1
1
159.6
433.2
0.00474813
37.2
-47.1211
-1
1
156
620.4
0.00271519
37.2
-35.8902
-1
1
187.2
436.8
0.0061536
37.2
-39.4198
-1
1
184.8
439.2
0.00681982
37.2
115.457
-1
1
157.2
369.6
0.00306549
37.2
-24.444
-1
1
342
153.6
0.00240304
37.2
120.334
-1
1
153.6
372
0.00206631
37.2
69.8637
-1
1
346.8
444
0.00238525
37.2
156.541
-1
1
244.8
326.4
0.00266853
37.2
96.0823
-1
1
230.4
445.2
0.00247492
37.2
110.095
-1
1
283.2
622.8
0.00193933
37.2
-94.7636
-1
1
358.8
602.4
0.00197882
37.2
-30.9638
-1
1
355.2
487.2
0.00168396
37.2
88.8822
-1
1
367.2
429.6
0.00163377
37.2
113.318
-1
1
361.2
429.6
0.00319573
37.2
68.5948
-1
1
290.4
181.2
0.00261776
37.2
47.0826
-1
1
279.6
184.8
0.00187015
37.2
110.579
-1
1
198
393.6
0.00252421
37.2
123.111
-1
1
361.2
427.2
0.00302124
37.2
97.8777
-1
1
169.2
392.4
0.00343459
37.2
103.894
-1
1
183.6
384
0.00335483
37.2
-99.5742
-1
1
361.2
175.2
0.00312477
37.2
-67.9638
-1
1
358.8
175.2
0.00338375
37.2
-15.4786
-1
1
326.4
172.8
0.00213133
37.2
74.6785
-1
1
381.6
500.4
0.00290762
37.2
162.067
-1
1
144
501.6
0.00345206
37.2
96.4159
-1
1
319.2
648
0.0018864
37.2
26.5651
-1
1
360
502.8
0.00258315
37.2
31.4948
-1
1
358.8
506.4
0.00219392
37.2
45
-1
1
358.8
168
0.00239351
37.2
19.3443
-1
1
345.6
544.8
0.00670718
37.2
-4.76364
-1
1
343.2
547.2
0.00561307
37.2
-40.9922
-1
1
386.4
555.6
0.00633659
37.2
101.788
-1
1
159.6
358.8
0.00327353
37.2
92.8529
-1
1
379.2
650.4
0.001704
37.2
79.6513
-1
1
313.2
355.2
0.00175713
37.2
85.0834
-1
1
230.4
589.2
0.00377082
37.2
-22.6199
-1
1
159.6
621.6
0.00297273
37.2
68.2461
-1
1
198
646.8
0.00234923
37.2
-20.8151
-1
1
211.2
265.2
0.00370144
37.2
-135.103
-1
1
165.6
434.4
0.00226848
37.2
56.3099
-1
1
374.4
621.6
0.00158525
37.2
53.6525
-1
1
177.6
630
0.00158388
37.2
93.0448
-1
1
336
638.4
0.00160914
37.2
59.9927
-1
1
386.4
409.2
0.00157259
37.2
100.226
-1
1
246
298.8
0.0015602
37.2
-179.349
-1
1
232.8
254.4
0.00153945
37.2
-58.134
-1
1
303.6
602.4
0.00155139
37.2
118.856
-1
2
156.96
368.64
0.00317738
44.64
-12.4074
-1
2
344.16
545.76
0.00643283
44.64
-126.714
-1
2
159.84
433.44
0.00342253
44.64
-50.8946
-1
2
184.32
439.2
0.00627364
44.64
-16.3139
-1
2
210.24
264.96
0.00255758
44.64
106.443
-1
2
158.4
358.56
0.00228033
44.64
29.5839
-1
2
362.88
498.24
0.00267904
44.64
122.584
-1
2
152.64
371.52
0.0023795
44.64
123.077
-1
2
155.52
371.52
0.00289758
44.64
83.8845
-1
2
228.96
588.96
0.00281538
44.64
93.6474
-1
2
208.8
567.36
0.00222405
44.64
-113.078
-1
2
151.2
440.64
0.00203233
44.64
2.1211
-1
2
358.56
168.48
0.00208788
44.64
106.014
-1
2
182.88
384.48
0.00213674
44.64
108.914
-1
2
197.28
391.68
0.00269366
44.64
104.89
-1
2
169.92
393.12
0.00260839
44.64
110.061
-1
2
361.44
429.12
0.00244929
44.64
-64.7223
-1
2
181.44
414.72
0.00240149
44.64
-141.572
-1
2
169.92
426.24
0.00244199
44.64
164.445
-1
2
144
502.56
0.00231421
44.64
92.224
-1
2
230.4
444.96
0.00170886
44.64
-17.1403
-1
2
342.72
154.08
0.00175608
44.64
27.5614
-1
2
360
502.56
0.00182396
44.64
83.1572
-1
2
347.04
444.96
0.0018387
44.64
-77.6446
-1
2
360
175.68
0.00168894
44.64
137.372
-1
2
244.8
325.44
0.00188267
44.64
-30.2155
-1
2
195.84
459.36
0.00153778
44.64
6.14663
-1
2
331.2
165.6
0.00158676
44.64
26.0101
-1
2
361.44
493.92
0.00156897
44.64
96.1886
-1
2
250.56
300.96
0.00156788
44.64
49.5905
-1
2
290.88
181.44
0.00156391
44.64
112.396
-1
2
237.6
288
0.00153761
44.64
40.1009
-1
2
155.52
620.64
0.00147479
44.64
-11.6894
-1
3
210.816
264.384
0.00249479
53.568
-59.7827
-1
3
184.896
437.184
0.00532066
53.568
98.9971
-1
3
207.36
566.784
0.00251177
53.568
83.4055
-1
3
228.096
589.248
0.00178732
53.568
105.055
-1
3
184.896
385.344
0.00213504
53.568
-93.9302
-1
3
179.712
414.72
0.00194889
53.568
114.732
-1
3
196.992
392.256
0.00167609
53.568
-38.0755
-1
3
195.264
459.648
0.00148455
53.568
101.31
-1
4
207.36
566.093
0.00265466
64.2816
11.8887
-1
4
211.507
265.421
0.00179937
64.2816
70.7307
-1
5
266.25
380.713
0.00074265
77.1379
228
64
6
4
76
130
2
23
2
7
38
70
22
0
29
34
49
68
4
82
64
160
208
112
208
98
24
128
132
84
40
216
21
73
20
16
147
160
169
72
0
64
36
129
28
1
64
132
224
78
18
44
137
12
34
24
90
25
40
34
27
144
10
130
108
224
45
5
116
128
19
7
35
86
36
68
2
5
29
42
177
69
98
116
193
96
240
114
208
99
16
40
132
4
56
200
113
65
92
4
23
186
0
104
1
76
132
65
28
2
64
100
225
78
16
36
24
12
34
24
28
9
40
34
51
176
10
134
40
96
43
135
32
6
39
5
129
27
164
68
5
71
25
88
33
37
4
56
69
212
114
62
16
115
48
40
0
0
84
210
60
145
238
56
11
128
195
74
72
136
155
41
20
142
192
229
162
110
9
3
16
13
242
8
158
0
49
194
115
156
67
78
10
89
2
203
1
200
172
88
128
2
12
18
43
70
129
84
93
33
5
9
100
144
70
52
0
66
3
212
17
32
132
162
3
80
134
16
219
0
105
8
234
33
37
61
33
113
244
130
180
107
18
155
129
67
151
5
74
16
37
67
18
37
96
219
68
90
35
6
0
34
137
132
0
1
36
96
0
65
168
43
0
21
102
162
1
240
192
38
25
117
80
136
32
14
18
16
33
67
87
36
82
178
83
8
1
76
64
64
24
138
192
80
192
79
153
44
24
0
240
28
156
73
16
242
51
156
88
87
32
248
41
5
56
50
2
5
113
7
134
68
7
4
17
120
57
118
118
242
65
100
114
50
145
22
24
168
132
8
66
144
84
169
32
36
3
190
131
66
0
200
152
209
20
130
64
102
160
78
153
36
147
12
122
28
148
65
49
114
123
188
74
134
40
248
38
101
41
24
6
87
4
199
66
194
185
128
80
192
53
46
129
64
34
214
19
240
53
130
92
5
133
8
1
156
16
16
224
12
132
138
138
96
3
192
34
106
52
137
20
126
128
14
19
172
2
79
50
25
64
83
136
35
64
48
24
240
106
161
1
4
1
2
76
134
7
24
162
4
2
0
0
11
0
1
100
111
1
84
240
35
80
195
208
168
140
76
0
16
65
65
207
44
66
174
25
8
1
104
80
20
24
139
209
112
164
79
152
172
8
8
240
29
28
65
56
178
19
188
24
215
36
74
192
75
131
144
64
74
4
195
9
129
43
138
18
148
110
170
139
1
60
79
14
141
100
3
79
215
153
36
129
138
18
24
210
7
97
139
0
108
238
0
32
60
48
55
159
30
53
164
193
128
112
180
145
95
164
138
17
104
32
61
76
85
17
250
190
249
255
255
63
253
253
251
253
253
253
251
255
254
254
254
187
149
126
123
255
254
243
127
191
255
247
187
127
255
246
255
223
254
175
254
255
125
251
253
123
255
255
127
255
183
255
127
239
191
159
207
250
159
255
93
117
247
255
255
255
255
175
223
69
34
130
53
217
160
174
84
24
187
194
49
226
133
131
3
42
9
163
67
201
37
75
217
68
90
186
167
88
5
33
70
95
161
116
49
53
184
97
118
120
68
42
46
199
1
203
115
56
236
24
37
244
156
156
73
22
242
183
181
200
87
32
126
43
214
8
42
143
176
7
8
96
110
120
8
40
9
5
17
71
102
5
208
224
64
9
56
4
157
41
137
211
48
97
81
176
164
156
16
107
96
33
162
34
194
26
9
84
145
214
80
10
29
22
4
108
128
230
33
144
160
43
156
212
194
98
177
51
5
37
130
6
69
1
54
98
78
16
4
124
40
33
38
76
50
65
176
112
112
117
162
152
32
96
8
40
210
208
65
108
44
145
160
26
64
8
200
68
65
28
10
0
16
96
110
18
40
8
12
178
24
92
85
174
50
2
176
3
154
104
104
210
137
154
215
235
202
210
129
30
225
23
79
178
210
106
188
126
147
60
215
207
175
227
83
115
218
248
111
194
139
130
54
199
37
69
243
83
91
239
252
208
92
16
14
217
30
185
47
153
172
24
5
240
31
157
195
16
242
51
189
88
23
32
250
39
39
33
20
0
70
8
71
67
198
161
0
80
128
0
38
136
32
38
71
18
160
116
130
84
131
131
8
0
62
0
17
96
20
68
138
136
32
66
200
160
104
53
201
178
88
129
46
18
170
48
79
18
24
116
2
129
35
80
16
40
208
105
41
66
0
16
2
9
138
6
8
38
34
10
4
176
38
36
19
102
19
1
64
136
34
9
97
64
212
233
12
18
130
153
96
17
132
67
48
1
72
36
66
32
64
4
41
85
92
36
79
145
8
16
4
38
9
140
201
16
114
51
188
24
86
32
234
194
1
17
182
209
130
14
76
66
1
9
54
160
198
134
112
99
23
16
68
10
169
162
0
78
202
170
13
146
40
8
45
16
167
60
155
32
100
7
214
3
194
28
72
12
28
237
20
65
36
80
36
32
18
180
43
144
56
32
24
28
68
50
176
34
6
65
162
9
0
4
9
98
64
40
64
45
55
4
21
71
34
4
176
192
96
25
96
20
149
65
17
42
178
1
65
16
228
82
16
41
64
40
10
37
65
12
129
68
0
244
73
0
38
129
8
38
0
106
25
40
34
134
144
2
83
108
72
205
158
230
101
253
184
186
220
56
187
162
239
202
25
235
161
162
237
187
43
253
39
94
248
69
106
184
166
92
69
35
86
255
161
125
49
119
187
237
119
249
92
106
190
211
99
219
115
184
204
24
37
245
253
157
105
22
254
183
189
218
87
32
254
68
35
241
176
16
134
34
101
128
174
194
20
65
165
155
66
234
204
3
100
200
161
198
147
76
136
164
141
0
140
49
72
85
36
85
186
80
122
1
84
164
64
24
14
69
132
193
78
152
44
24
1
240
29
156
73
0
98
19
189
72
70
32
242
7
195
8
12
37
24
28
6
4
2
61
128
0
31
76
162
5
42
0
144
193
34
128
2
65
37
133
64
17
160
129
64
168
56
193
160
75
2
128
169
50
158
17
173
180
242
166
78
19
162
151
3
32
9
211
16
50
195
58
180
112
210
38
201
64
3
0
176
64
190
38
97
4
68
107
0
0
53
28
2
4
73
201
100
184
33
80
147
25
104
140
132
32
132
32
129
130
17
66
32
1
10
132
136
172
48
16
135
101
138
167
74
18
0
169
8
65
93
155
144
99
203
19
180
64
114
89
104
249
253
255
223
251
223
223
251
255
253
191
251
191
254
254
254
255
179
254
63
255
255
255
255
187
119
247
127
239
251
214
255
207
255
111
119
214
255
254
255
243
255
239
127
191
62
253
179
237
207
190
255
255
239
157
255
127
255
252
111
255
189
153
190
11
69
40
156
6
69
80
39
0
68
21
132
80
136
52
174
44
120
0
212
18
176
53
130
24
57
132
72
65
150
150
33
128
60
17
202
202
66
192
88
146
155
20
10
208
20
162
110
1
160
67
15
56
24
16
1
49
227
41
184
88
66
34
235
21
35
147
116
0
226
164
118
64
152
74
21
64
85
139
130
239
200
131
66
228
41
70
147
201
111
148
196
64
4
163
206
95
51
97
176
21
170
201
100
105
52
187
166
109
161
39
110
184
172
105
83
240
28
24
65
7
226
23
227
72
103
37
106
229
4
41
0
192
78
2
237
8
106
138
20
64
165
200
166
11
0
23
68
24
128
188
8
94
212
24
0
128
158
42
25
96
5
69
235
0
38
5
138
128
192
24
136
70
10
36
144
3
36
82
32
9
91
68
2
200
104
41
56
14
6
120
160
73
5
168
144
71
167
51
127
4
70
133
4
17
136
35
7
12
57
83
212
58
183
210
131
16
40
136
12
80
148
52
129
74
60
131
169
131
104
4
72
24
161
20
138
193
125
163
78
29
40
24
13
115
88
84
16
57
34
59
185
9
146
8
235
157
250
219
239
249
248
255
252
90
187
238
255
166
95
207
249
107
215
189
75
237
45
239
121
175
223
123
175
223
11
227
127
247
135
125
251
119
255
237
246
243
222
106
63
255
151
253
243
153
253
62
53
252
183
159
105
144
250
191
173
220
87
35
255
13
239
255
120
48
255
245
86
57
156
142
141
92
253
237
235
235
236
163
107
244
109
82
243
69
127
149
244
109
70
114
97
223
66
81
168
80
122
249
124
254
63
58
39
245
243
119
110
185
172
44
69
240
29
155
77
62
242
51
191
90
215
39
251
2
194
1
136
136
88
128
0
12
0
43
78
129
81
93
33
5
40
100
144
196
32
8
66
66
149
17
34
132
162
3
83
134
208
219
0
104
0
234
42
37
60
32
225
212
18
180
105
2
217
129
11
150
5
72
17
33
67
146
37
0
211
68
8
2
67
12
10
39
56
12
59
164
18
121
0
8
117
12
4
13
10
67
244
80
242
128
182
72
21
133
0
209
146
32
136
88
60
129
164
75
0
0
0
60
130
56
173
84
229
182
76
51
161
22
0
8
9
198
25
145
226
43
156
96
18
72
176
193
220
28
14
193
74
18
188
26
0
45
140
32
157
78
171
103
22
52
4
8
130
165
36
35
101
201
40
179
11
2
61
184
37
49
80
2
131
206
226
51
152
40
55
60
186
108
164
129
1
119
52
157
170
130
139
249
40
40
40
20
4
6
217
45
239
253
88
0
255
101
87
185
212
172
137
93
253
253
207
203
236
227
111
244
109
82
243
93
127
149
180
105
134
114
225
215
66
71
170
16
56
249
124
124
60
56
167
213
112
119
110
153
172
40
13
240
29
156
77
56
246
115
189
90
215
41
250
5
175
245
120
32
254
33
119
32
92
98
129
68
113
157
130
235
232
227
106
244
109
80
243
217
59
21
244
108
134
32
193
215
66
67
168
17
56
249
108
252
60
56
167
117
241
119
110
185
172
168
72
240
29
154
77
46
226
83
165
90
71
33
250
227
220
206
11
253
122
215
158
58
221
172
235
174
57
6
157
237
231
61
253
225
71
255
116
103
127
121
63
255
31
227
99
221
109
148
251
82
57
173
252
115
222
58
191
209
89
116
229
153
188
30
5
249
61
222
207
48
244
167
157
216
215
52
219
19
20
16
2
5
2
1
26
130
0
0
0
32
10
4
17
100
230
1
208
192
38
80
67
192
144
224
76
18
16
193
97
207
44
80
180
75
8
1
96
64
88
16
139
208
80
164
79
152
172
24
0
240
25
156
65
16
178
51
188
24
87
32
123
65
7
135
146
200
6
3
18
32
68
0
3
131
233
18
1
68
109
225
38
118
45
82
195
18
106
152
4
168
128
0
65
159
35
82
176
49
8
86
104
100
48
26
195
73
24
225
207
16
36
137
88
243
120
24
131
111
46
87
179
2
117
149
74
192
73
131
16
64
74
4
194
9
129
43
138
146
132
110
170
139
17
60
69
14
141
96
3
79
215
159
44
129
10
18
0
210
7
97
155
0
108
238
0
32
60
56
35
159
94
53
164
193
128
48
20
129
95
165
138
17
104
32
61
76
85
17
250
192
0
130
11
192
66
6
133
1
163
8
142
130
134
3
11
73
1
49
68
10
133
78
0
66
213
25
36
129
10
2
2
129
7
81
11
0
4
111
2
32
32
36
33
23
92
52
176
84
136
48
52
151
122
100
170
192
40
0
49
12
81
80
98
64
3
1
2
64
162
35
60
192
0
83
4
1
6
17
2
100
79
65
68
192
35
64
199
72
40
172
140
0
128
33
200
207
44
71
190
25
40
1
68
104
80
16
142
213
113
129
79
152
172
24
1
240
29
28
65
0
178
19
177
24
87
32
122
0
67
16
14
0
76
0
39
7
0
47
129
0
16
92
162
118
130
192
137
5
34
97
135
217
9
132
72
1
132
128
96
160
44
98
180
1
10
128
232
242
158
48
167
176
114
38
110
177
160
233
8
176
29
147
65
50
243
35
180
120
66
38
201
22
2
0
2
137
136
130
41
10
17
22
119
160
55
200
48
98
131
5
145
193
6
137
84
73
24
88
15
2
138
139
90
28
44
65
190
80
26
137
84
193
20
24
6
193
6
160
109
153
44
9
0
240
29
136
73
0
114
51
180
72
23
32
90
196
42
215
65
216
74
162
247
200
184
74
55
195
247
219
160
226
201
203
102
205
141
14
157
75
72
12
135
132
142
43
222
125
35
69
187
84
182
205
148
221
116
16
150
73
234
137
193
168
45
77
241
209
95
141
73
68
104
3
164
72
6
33
124
242
140
154
159
203
66
91
141
206
227
45
174
179
206
39
254
127
179
48
151
142
183
247
14
19
195
248
47
147
187
215
102
167
173
71
247
178
65
235
126
98
89
100
104
149
92
165
47
213
174
152
13
182
25
244
243
16
114
240
57
24
84
186
203
35
4
41
130
2
132
1
69
132
70
0
4
17
8
49
4
194
116
1
96
192
50
208
97
92
128
132
4
18
24
25
73
69
4
149
170
2
104
1
72
32
64
20
136
64
0
128
79
19
44
24
4
48
24
156
17
16
34
59
152
72
151
40
242
163
212
72
142
239
92
151
9
47
69
61
202
175
127
100
61
253
246
36
177
18
114
49
100
112
215
241
123
183
59
215
49
128
236
147
214
202
65
234
251
99
217
40
249
148
88
244
45
129
151
146
13
252
131
134
227
56
178
112
60
208
221
44
152
227
148
154
30
203
70
27
143
198
97
45
174
179
206
38
127
127
51
48
19
138
183
243
6
22
195
248
47
147
185
199
102
135
173
7
182
162
64
107
126
34
73
100
233
149
92
181
47
213
174
24
13
182
16
116
227
24
50
240
57
24
84
186
75
236
45
239
241
114
127
241
251
253
255
198
247
223
252
251
238
146
253
255
111
125
255
218
247
63
126
150
150
108
215
62
251
207
66
199
249
215
127
221
124
216
245
254
54
223
167
103
235
191
45
187
221
219
61
159
92
127
252
127
255
75
191
203
250
133
235
155
33
0
218
164
202
200
131
170
234
226
87
196
169
75
9
167
71
71
37
100
215
71
215
21
167
7
10
34
18
150
6
69
138
17
56
233
160
106
124
56
161
245
83
181
239
153
172
40
113
240
21
92
65
16
250
19
165
88
83
97
122
3
5
12
130
3
7
2
39
38
70
21
4
24
42
33
6
4
50
0
176
208
112
208
98
24
32
128
84
48
88
21
65
12
16
145
160
128
72
0
72
36
129
28
1
0
20
225
78
19
40
153
12
50
24
88
17
40
35
59
144
10
130
108
64
1
5
28
2
1
65
52
114
50
14
46
5
16
44
32
35
71
50
128
129
113
112
65
226
32
37
65
64
40
70
193
97
124
16
145
160
52
72
8
200
112
133
62
35
36
112
118
110
51
170
40
4
168
8
88
0
62
3
62
160
3
146
104
200
78
233
211
184
16
230
108
70
96
134
105
152
81
224
189
218
235
92
33
102
14
153
100
19
142
137
166
141
67
172
48
137
112
6
127
155
0
116
5
86
162
106
52
73
94
158
65
158
217
36
118
84
98
28
53
105
144
226
9
188
93
70
51
177
69
15
164
16
200
235
34
112
168
36
194
7
192
245
203
160
233
41
195
68
124
135
18
208
83
124
156
196
128
6
34
0
90
33
65
186
17
58
205
76
188
20
24
167
69
227
175
229
152
36
8
0
241
93
153
1
0
232
19
181
72
71
32
122
196
4
35
129
65
6
12
203
132
234
170
2
81
132
163
6
11
4
99
68
24
148
28
136
22
213
25
0
128
140
34
24
104
4
159
139
0
100
5
2
32
96
20
168
6
12
4
144
82
8
48
48
3
90
68
18
128
40
1
16
12
16
72
32
7
192
8
168
7
64
156
4
0
66
57
4
0
14
13
49
5
42
0
208
129
32
4
66
32
5
129
73
17
54
129
65
164
48
155
130
43
64
8
1
34
8
20
169
84
18
182
108
18
186
18
3
32
1
112
16
146
131
58
176
0
194
106
64
118
48
33
62
221
136
15
72
198
35
153
184
225
78
132
83
155
37
34
80
139
39
67
79
196
215
243
47
18
46
69
72
135
156
215
143
136
168
234
71
32
104
165
233
183
88
181
59
18
238
24
67
166
145
124
51
0
51
147
179
184
211
248
102
70
32
129
185
25
194
14
77
3
170
137
184
192
198
131
83
203
69
32
3
139
165
202
11
76
215
179
47
18
40
33
78
87
134
85
187
48
252
103
118
32
104
36
105
23
28
53
123
24
172
56
5
162
24
60
106
128
162
19
185
28
87
49
98
70
226
41
153
220
150
14
65
131
174
9
152
193
132
149
75
139
69
34
100
138
161
194
8
76
213
191
45
19
40
49
74
67
4
157
155
64
124
37
86
32
74
32
41
23
156
148
59
26
172
16
1
33
56
148
74
144
162
57
157
92
87
48
178
210
201
138
223
239
155
90
143
30
251
53
138
186
226
111
222
238
215
57
247
206
165
199
51
75
219
187
47
211
9
50
123
211
37
84
251
82
125
225
116
242
94
56
15
209
30
209
79
153
172
24
5
240
29
157
73
16
242
51
189
88
86
32
251
210
25
154
151
207
202
90
143
90
233
22
157
50
194
74
250
239
215
49
71
204
173
231
51
75
203
186
47
83
11
50
111
215
37
85
251
82
115
237
116
208
220
24
14
217
30
225
111
153
172
26
5
240
29
156
73
16
242
51
189
88
22
34
251
243
223
154
95
255
210
219
142
62
253
20
203
174
218
47
159
238
247
57
119
204
47
231
119
75
203
250
47
83
8
114
107
247
37
85
187
83
120
237
116
242
94
56
14
217
28
209
111
153
172
24
5
240
29
156
65
16
242
51
189
88
87
34
251
251
157
222
119
223
206
211
12
190
93
30
79
190
127
42
125
239
247
57
103
228
47
219
119
107
222
122
47
86
27
115
47
215
39
85
187
83
123
237
124
81
212
56
47
205
24
253
231
153
164
24
5
240
29
156
201
16
242
51
189
88
23
32
250
218
154
154
167
239
250
146
8
30
17
215
79
174
92
104
177
244
155
63
213
236
7
163
117
231
222
249
110
214
23
227
166
223
45
81
159
91
123
237
244
217
92
16
15
209
15
191
39
153
172
24
5
240
29
157
73
16
242
51
189
88
23
48
218
204
234
239
93
248
251
122
247
248
187
228
155
223
241
223
202
235
221
123
110
204
133
238
187
79
219
191
174
201
7
51
110
211
37
85
251
82
117
229
116
250
94
56
63
213
190
241
111
153
173
28
5
240
29
159
73
16
246
51
189
88
87
34
251
37
101
161
28
0
79
16
71
64
68
5
132
80
128
189
46
8
40
66
196
19
132
81
131
24
48
148
136
1
158
22
1
194
20
67
138
136
10
194
8
146
59
20
134
176
112
163
110
17
40
160
91
18
25
16
16
49
227
89
53
104
224
75
235
227
30
146
55
201
42
166
130
60
61
46
67
162
223
74
181
103
171
189
151
245
143
155
119
83
126
125
38
218
18
226
118
111
43
65
181
119
26
237
236
121
84
58
175
205
99
191
231
169
228
24
9
244
31
153
193
50
240
55
181
90
23
32
72
195
212
154
63
237
226
158
132
34
171
41
202
130
196
38
57
229
235
49
215
201
167
119
89
194
79
251
238
211
39
227
98
231
61
151
47
91
45
232
243
122
74
56
41
213
89
183
63
153
206
24
5
240
124
156
193
16
179
51
189
60
83
50
233
20
34
213
228
56
184
164
112
73
184
66
115
192
119
153
0
138
77
227
43
197
109
74
219
201
94
23
247
44
14
33
206
87
210
253
32
53
152
249
7
109
52
171
231
101
161
127
107
58
244
169
243
246
197
26
12
6
75
150
227
224
103
101
126
5
166
245
100
56
244
165
120
33
253
232
251
198
119
132
1
139
109
165
43
245
108
90
251
65
127
19
247
44
14
35
71
223
210
253
32
181
184
121
47
109
60
170
167
245
49
119
107
56
252
41
123
247
196
26
12
46
142
215
135
202
247
237
94
255
246
255
253
255
183
127
216
231
255
241
250
239
169
182
95
242
245
63
111
186
213
242
121
46
251
251
63
95
61
117
255
211
229
188
219
194
125
53
247
118
202
120
63
219
28
217
29
221
173
16
5
104
190
191
109
216
246
49
159
221
214
58
179
248
13
239
215
250
79
83
247
255
245
86
23
159
254
251
238
251
213
89
103
94
173
230
51
27
234
182
31
250
219
62
239
243
39
117
250
86
115
221
124
208
213
221
62
205
14
233
239
157
36
219
141
248
31
157
73
88
246
123
189
91
6
34
254
186
254
255
255
191
253
249
251
255
253
253
251
255
250
254
254
247
246
127
123
255
254
255
127
191
255
247
251
127
255
247
255
255
236
239
254
255
253
249
255
255
223
255
127
254
183
255
127
255
255
159
207
254
159
223
125
124
246
255
255
255
223
173
223
211
252
154
15
221
200
210
136
91
161
173
255
162
194
206
249
107
151
60
147
143
15
239
77
103
215
121
47
211
43
131
54
151
167
53
211
114
221
239
118
115
220
104
105
157
30
61
183
193
254
18
37
188
167
252
235
80
184
188
61
24
85
180
223
190
253
239
255
55
127
253
187
253
221
253
251
255
255
246
254
187
149
126
251
119
255
245
119
191
255
247
187
127
255
246
254
223
127
47
254
255
125
251
253
127
255
255
127
255
183
255
111
239
191
159
207
248
31
254
93
127
247
255
223
255
255
175
223
124
42
231
212
104
127
231
119
221
252
222
21
95
245
219
230
187
201
251
42
245
109
204
255
219
127
148
150
108
215
63
207
79
99
101
48
253
250
253
28
253
53
243
166
237
167
247
235
191
236
237
219
243
93
153
92
110
110
87
249
202
7
41
254
219
216
158
125
255
251
222
144
58
59
255
202
190
220
110
249
245
223
61
251
206
151
175
121
167
79
251
126
215
71
247
118
255
173
156
127
91
119
236
247
210
222
90
63
221
31
223
21
157
205
30
5
248
253
159
105
144
247
185
191
92
31
18
184
217
221
222
127
255
123
117
178
56
61
124
223
174
253
78
185
239
223
189
255
108
207
171
127
107
127
123
126
255
67
242
127
219
103
117
245
87
127
253
244
223
222
186
63
221
147
127
247
141
165
94
132
248
191
143
205
91
244
47
191
92
71
2
255
239
246
111
253
254
183
223
208
181
255
249
218
223
249
182
95
144
253
126
107
249
245
146
120
12
247
191
127
253
125
117
255
243
240
158
235
218
125
177
255
118
75
107
61
247
152
213
25
30
189
28
7
107
249
159
127
120
246
113
159
255
223
120
183
253
220
255
245
254
191
251
245
60
253
247
223
223
249
126
236
244
253
127
239
252
213
190
184
191
42
188
254
253
213
255
255
247
113
84
251
218
119
245
254
222
223
93
30
217
142
203
21
157
173
30
13
248
255
159
77
120
244
121
188
223
158
42
253
236
45
239
209
118
127
113
251
189
253
86
23
223
252
250
238
242
245
123
111
126
221
218
243
63
234
150
22
252
219
62
171
211
103
55
251
82
127
221
252
208
245
220
62
201
174
105
231
157
45
154
141
251
31
159
93
24
244
123
189
91
30
42
250
20
43
17
60
32
42
36
114
192
144
250
53
96
148
201
162
55
136
195
216
69
160
65
150
201
12
197
192
0
134
128
200
168
24
97
164
61
138
128
65
40
20
179
39
100
167
166
108
170
227
169
211
178
29
91
64
70
99
151
224
40
98
229
70
70
140
171
129
202
133
139
197
140
239
33
200
147
136
51
78
0
49
56
3
138
23
126
9
23
193
174
39
3
249
53
70
101
181
14
11
82
237
39
154
130
106
100
72
147
92
9
179
93
200
24
37
7
81
181
98
144
106
178
188
205
92
26
247
7
212
24
42
5
40
20
0
2
2
45
164
32
14
45
53
69
58
1
208
225
50
129
64
96
4
224
73
81
38
201
97
168
24
145
134
35
2
0
120
34
154
20
8
84
83
166
76
147
46
16
4
40
1
88
65
50
131
63
176
16
194
38
65
141
247
109
37
252
180
191
249
176
95
225
123
207
73
134
69
224
237
7
103
120
160
178
240
78
171
179
251
208
28
49
57
242
36
156
250
82
113
161
245
82
78
26
159
208
16
208
93
153
172
24
5
112
156
157
73
16
242
51
156
92
86
32
185
213
223
247
248
240
248
101
122
41
125
234
223
206
253
206
171
235
237
191
109
110
205
170
243
79
255
51
186
253
6
98
141
218
103
117
251
69
191
253
252
127
254
186
183
221
27
127
183
136
165
53
176
201
191
143
13
105
252
49
255
220
87
7
186
2
2
1
128
0
128
4
1
0
2
42
0
16
36
25
2
0
64
1
96
192
32
64
0
72
128
4
0
0
128
17
64
112
4
80
168
0
104
1
0
36
0
24
9
68
4
68
76
16
40
24
4
34
25
13
8
0
98
3
180
72
82
96
96
199
244
147
159
156
64
138
132
82
251
40
203
130
131
135
59
109
226
36
131
201
129
110
8
196
131
185
107
131
43
163
119
229
160
20
178
122
112
105
246
98
74
40
170
208
16
209
125
153
172
24
5
244
26
156
65
148
240
51
28
92
86
34
249
45
5
40
156
34
71
80
23
0
196
5
132
16
156
53
39
44
106
0
196
51
176
85
131
152
40
128
200
65
22
220
33
128
52
51
138
139
74
64
88
18
137
20
134
48
144
163
110
25
32
98
15
56
24
16
0
49
227
121
148
89
162
110
227
0
147
146
187
9
160
164
79
66
234
160
163
160
66
131
27
110
2
161
2
192
44
75
75
196
153
115
41
18
0
161
70
79
134
221
48
49
172
107
96
96
64
34
233
86
17
23
247
88
236
56
48
164
0
124
65
135
176
135
131
28
99
161
98
160
6
5
134
200
140
7
1
174
69
43
67
131
111
80
5
38
103
4
37
26
46
24
96
80
214
13
62
178
24
1
5
2
103
114
18
128
138
22
134
69
176
8
131
168
74
220
1
0
0
176
40
5
130
143
170
25
60
80
44
66
4
53
248
92
251
91
253
48
251
254
242
91
154
127
156
68
214
221
250
163
204
156
110
15
184
165
155
173
207
163
221
87
111
182
59
240
151
253
203
116
247
223
247
178
255
251
116
62
142
78
62
206
189
103
247
185
247
167
110
196
207
41
78
93
40
119
181
197
134
198
117
253
240
190
220
56
187
232
235
226
5
131
11
171
205
185
107
237
37
110
249
69
95
187
166
92
5
35
119
127
161
124
49
119
253
233
119
112
76
106
47
215
17
223
115
153
204
24
37
245
157
156
105
22
242
183
189
216
87
32
254
43
5
9
58
6
79
84
39
64
68
95
4
16
4
121
166
77
90
1
212
54
176
181
130
25
45
132
136
65
18
20
41
128
44
81
170
203
66
128
72
176
145
20
170
84
22
166
110
155
40
71
12
120
29
17
1
177
226
41
184
72
146
106
232
2
76
0
138
137
204
4
37
14
106
58
5
0
12
93
166
5
42
64
144
216
2
144
1
81
37
136
64
1
146
129
65
232
56
67
32
189
2
136
168
34
28
4
171
20
114
164
104
51
202
153
8
132
73
89
146
163
3
6
48
2
192
10
64
6
195
8
12
36
24
28
6
0
18
61
128
0
18
92
130
1
74
0
153
1
34
96
2
73
5
133
64
1
160
1
64
160
56
194
160
203
0
128
161
50
186
49
173
180
242
134
78
19
171
6
3
32
9
211
16
18
195
50
148
96
114
98
233
245
255
247
92
248
62
117
243
234
117
237
251
110
245
206
169
227
197
191
111
95
172
49
182
223
110
231
219
237
12
202
60
250
103
84
254
192
50
211
245
223
222
153
151
248
186
205
206
137
165
69
251
120
31
159
73
52
252
81
63
88
118
167
249
131
16
131
2
13
66
131
158
130
163
18
66
131
1
2
3
76
103
33
145
192
133
74
192
192
241
248
106
144
0
3
75
77
40
211
32
25
8
40
64
96
20
34
169
129
112
53
109
152
136
24
1
244
25
92
81
1
48
23
49
0
215
68
74
2
1
9
164
38
152
28
1
132
10
19
68
89
4
52
2
0
72
2
241
128
32
64
90
12
144
134
0
66
180
53
192
86
56
14
168
106
40
128
0
64
232
49
41
210
68
164
107
17
160
24
3
96
29
190
24
16
99
51
157
96
23
96
178
50
22
5
130
14
148
7
49
38
84
16
0
13
57
16
21
116
226
64
176
208
96
16
224
152
32
164
88
40
144
209
65
20
104
146
164
201
8
0
72
100
1
24
143
64
224
192
79
18
36
137
8
50
8
154
89
44
114
18
148
66
147
108
120
94
59
83
215
250
219
218
233
206
129
215
54
245
86
217
240
242
215
94
70
79
61
130
215
143
210
230
13
134
234
30
58
114
45
69
159
94
123
203
85
145
85
213
78
225
174
169
47
143
45
129
199
178
61
156
91
64
122
50
251
105
15
49
252
50
22
5
130
142
156
3
33
230
84
18
4
29
49
16
20
116
194
64
176
208
96
16
224
152
32
36
88
40
144
209
72
20
108
66
36
73
2
0
72
196
17
24
143
64
32
224
77
146
36
137
8
38
9
155
25
40
114
18
148
66
211
108
121
0
202
1
128
168
88
128
136
8
0
3
70
192
85
73
160
13
40
100
18
198
36
0
194
67
21
17
98
132
130
3
82
142
16
75
8
88
2
234
10
165
60
0
167
245
112
180
105
128
155
128
3
148
5
72
17
1
66
16
37
64
83
64
26
177
214
116
130
252
188
7
49
110
117
62
83
143
59
212
21
246
231
109
105
240
100
153
116
217
254
45
62
126
26
193
109
210
100
84
186
194
24
169
252
117
222
56
175
209
2
244
77
129
165
17
8
248
29
143
77
56
246
51
188
218
215
44
250
65
6
32
40
65
6
35
77
164
102
2
4
1
9
11
7
202
124
1
100
80
130
156
32
84
128
12
0
144
0
41
73
64
4
81
170
0
34
5
8
164
64
24
128
68
192
0
192
16
44
24
4
3
24
133
0
128
96
43
156
72
134
40
112
66
8
139
145
202
195
218
236
140
171
211
14
211
196
19
2
136
25
121
71
142
141
206
73
15
218
186
38
64
129
50
30
87
55
109
43
90
111
238
2
144
96
164
46
139
12
9
179
93
136
24
161
209
253
156
226
81
110
49
249
76
21
16
246
7
16
8
40
157
160
134
24
2
42
154
32
32
6
9
17
100
42
3
208
193
34
9
204
192
28
97
202
80
4
225
98
93
40
221
174
91
32
41
98
120
68
26
9
84
113
182
77
184
236
24
4
228
29
92
65
18
178
183
176
24
83
96
96
130
138
3
131
136
64
128
137
10
139
2
70
131
65
81
1
77
2
100
146
196
36
60
200
66
151
17
98
132
130
3
82
78
56
75
0
88
0
234
2
97
20
32
138
197
64
176
97
136
153
16
1
212
5
12
65
1
80
18
37
4
87
0
42
16
3
117
128
0
15
5
107
134
68
42
20
85
61
217
228
226
212
67
96
80
128
136
34
94
140
4
8
176
138
24
73
112
38
85
154
0
114
1
76
180
80
24
7
68
134
100
204
129
37
81
4
34
30
135
9
8
96
41
184
72
6
32
176
242
219
154
223
235
147
222
129
46
227
49
202
190
250
55
94
255
147
60
215
142
175
215
115
211
223
243
111
83
184
246
51
211
37
86
191
83
120
226
118
114
94
48
47
213
28
213
63
153
172
24
5
240
29
156
203
16
242
51
189
88
87
32
251
195
41
131
54
19
74
81
206
195
160
47
177
50
138
238
250
227
20
48
71
14
138
229
7
15
139
162
9
83
40
20
104
176
39
52
250
2
118
131
212
146
219
52
106
138
30
1
238
193
36
118
20
56
30
181
64
144
112
41
56
25
4
50
249
2
197
8
10
37
24
20
7
18
16
45
132
32
22
76
177
4
2
0
144
192
34
17
2
65
0
192
64
19
56
137
96
136
56
66
160
107
2
128
224
210
159
16
129
144
214
164
78
177
34
143
8
48
9
219
1
18
99
62
180
48
82
38
73
3
208
8
10
141
128
132
0
34
6
45
140
128
77
5
57
69
34
0
144
192
66
9
97
98
20
65
104
145
35
193
33
148
152
153
4
35
1
10
42
34
138
8
225
20
80
180
7
81
90
16
0
44
128
72
163
59
3
186
32
144
225
6
65
7
5
12
0
3
15
18
6
50
68
7
4
28
57
44
23
68
122
0
160
193
114
80
98
0
32
132
88
120
68
221
97
148
48
17
160
3
74
0
88
144
145
28
0
80
84
226
78
145
36
8
12
48
25
27
9
58
51
59
188
8
146
38
201
130
203
11
68
40
82
152
130
176
154
46
71
138
113
73
41
13
201
164
162
68
36
0
210
107
215
21
34
140
34
3
82
210
56
73
96
122
40
234
32
113
60
56
63
213
192
180
105
169
137
24
3
216
5
140
73
23
210
50
61
80
87
0
186
65
5
172
16
3
7
17
55
32
70
5
4
24
172
33
7
4
56
64
164
80
119
80
163
16
32
128
68
32
16
20
65
78
16
131
168
130
72
0
72
48
129
28
130
68
116
225
78
19
40
24
12
50
24
88
16
57
34
59
185
8
130
72
194
65
9
134
16
65
2
0
26
160
0
6
3
130
241
2
11
100
41
33
71
68
175
64
243
66
42
148
12
80
0
0
64
223
46
64
184
83
8
65
96
80
20
56
7
201
112
161
207
153
172
24
5
240
29
156
73
17
242
51
189
88
87
0
250
3
6
76
8
39
23
2
3
50
86
4
0
28
57
36
7
68
250
0
160
208
114
80
98
16
0
132
80
56
80
157
64
148
16
144
160
226
72
0
96
212
131
30
133
80
196
192
78
17
44
24
12
50
24
219
9
58
99
59
148
74
146
46
201
236
45
239
241
50
127
117
251
253
255
222
119
223
252
250
238
147
221
255
111
253
253
210
247
63
126
150
150
108
215
62
235
79
66
199
249
215
127
221
124
216
245
247
54
207
167
103
235
191
45
187
221
219
29
159
92
119
254
127
255
75
191
201
254
34
6
0
162
137
132
128
9
68
96
2
4
161
35
1
4
102
2
1
208
208
32
153
64
80
136
0
10
2
144
1
66
37
36
66
48
81
0
1
74
196
80
16
138
64
0
192
77
25
44
152
8
116
8
140
73
0
114
19
180
8
22
40
88
19
212
8
42
29
160
4
20
50
42
152
36
44
15
4
21
101
106
3
208
225
98
137
36
192
32
224
72
83
20
225
96
217
44
149
164
11
0
1
96
58
202
26
137
84
113
166
76
48
100
26
0
32
24
72
1
154
179
175
144
24
194
38
65
76
33
147
56
80
34
108
78
0
42
65
20
64
196
129
18
106
76
1
70
10
169
132
27
14
136
162
141
83
0
32
56
112
7
29
187
1
116
5
84
32
98
16
74
110
29
129
158
73
44
114
21
96
28
4
73
144
170
41
152
76
6
35
177
19
212
24
42
13
96
4
0
2
2
56
4
36
15
5
49
101
106
1
208
225
98
129
96
68
132
97
73
83
34
233
97
144
132
145
164
35
0
9
96
34
194
26
9
84
17
230
76
18
52
16
4
172
0
104
65
26
163
47
144
16
194
38
0
92
235
154
217
34
91
248
166
90
186
127
156
80
214
223
234
93
138
248
206
77
209
103
154
171
85
247
232
197
199
182
242
249
16
197
231
95
119
232
112
186
92
241
60
247
182
183
124
159
237
15
215
184
29
211
89
214
243
9
117
125
114
98
166
193
11
131
85
192
98
98
254
128
161
68
11
130
208
2
10
238
77
57
71
78
173
194
147
74
91
158
164
208
0
34
8
223
39
81
185
17
44
70
96
120
56
176
103
217
57
171
230
29
140
24
213
209
126
156
195
81
252
49
191
88
119
145
250
130
202
11
77
104
82
152
131
176
154
4
207
194
117
73
40
12
201
172
42
196
36
0
90
111
214
149
34
204
35
35
82
210
48
73
96
126
40
232
32
113
60
58
62
245
212
180
105
169
137
24
3
216
29
156
73
23
194
50
189
84
87
0
186
5
130
5
8
136
152
164
64
40
58
2
200
192
49
204
1
130
104
129
32
196
100
74
121
69
148
5
38
44
9
1
70
215
192
217
0
32
186
169
34
229
62
40
37
116
208
245
67
144
252
56
32
164
5
159
8
20
194
146
165
192
83
96
118
42
2
1
130
14
157
4
1
102
82
2
0
29
50
48
21
116
242
1
240
192
112
16
112
144
128
32
72
38
144
145
64
20
108
82
128
73
74
1
192
132
83
24
13
64
196
192
77
144
37
128
12
38
1
143
89
0
114
18
148
64
90
104
121
179
215
80
199
255
128
154
1
46
65
49
105
190
90
36
93
102
147
60
149
195
12
179
97
34
146
107
47
22
56
212
37
150
165
60
147
99
93
35
212
195
202
40
73
137
28
216
23
193
183
16
5
44
128
191
235
16
115
50
28
88
93
48
185
128
242
17
203
29
240
164
93
66
155
168
233
162
22
132
41
107
198
165
27
193
32
111
90
65
151
113
35
23
10
35
86
223
6
221
178
112
248
105
180
99
94
42
47
214
21
117
99
152
188
60
4
244
141
204
73
22
178
134
135
24
87
166
91
133
247
111
109
188
52
189
248
176
223
237
219
206
89
135
9
224
236
39
99
112
100
164
242
110
175
161
186
221
4
49
59
246
36
220
186
82
112
161
245
82
94
58
158
208
18
208
77
153
189
24
5
240
29
157
73
16
242
51
156
88
87
38
249
10
0
128
40
11
202
162
14
1
160
134
37
48
36
43
178
137
24
1
210
196
49
78
3
85
201
144
133
67
226
15
70
133
176
65
32
49
66
232
10
32
53
116
96
69
21
183
106
89
234
201
5
183
5
112
32
51
195
143
177
0
99
176
74
3
5
9
0
3
1
4
15
18
74
186
0
48
4
32
34
69
10
0
144
80
48
80
130
144
4
192
64
0
80
129
64
8
56
1
160
59
72
0
192
96
133
60
41
4
5
36
110
19
170
8
14
162
25
88
9
30
34
31
176
3
18
104
64
25
65
28
26
1
65
48
110
38
0
197
4
60
109
5
54
110
18
1
80
64
34
129
34
16
8
192
72
113
134
136
105
152
36
1
184
3
64
0
72
18
139
28
2
84
21
226
78
17
34
83
4
48
24
80
73
25
162
43
184
24
70
34
65
211
216
154
47
223
200
223
136
219
161
189
255
162
206
204
249
107
151
60
19
142
15
175
77
103
215
123
47
147
43
71
127
147
167
61
87
34
221
239
119
99
222
237
105
159
30
60
177
197
246
82
181
189
163
228
227
80
184
188
107
157
93
182
158
21
43
151
84
32
98
228
118
80
156
222
21
64
245
155
130
239
200
195
107
229
45
198
147
201
110
148
196
104
4
162
204
95
50
97
180
29
26
200
76
121
52
187
38
237
161
167
110
185
160
237
211
240
28
24
73
39
243
23
225
104
39
37
218
1
5
28
2
2
135
6
54
34
6
5
0
28
45
32
7
68
114
0
164
208
115
209
99
24
32
164
92
48
0
213
96
87
28
129
164
2
72
0
72
52
129
28
9
68
100
229
78
19
172
24
4
34
24
24
9
58
51
51
144
8
146
40
234
100
175
247
220
0
79
37
119
161
196
129
137
69
245
159
142
235
104
227
102
22
109
82
179
93
127
149
60
41
142
18
65
215
6
103
186
16
56
251
124
52
60
56
167
125
112
117
110
153
172
40
89
240
29
156
77
24
226
83
189
88
71
33
250
68
2
164
144
192
135
38
69
32
98
10
0
208
165
50
3
0
9
65
100
154
85
90
137
16
64
8
4
0
132
17
0
93
19
18
41
0
236
5
2
36
32
12
163
7
12
69
147
20
64
56
48
3
88
1
26
9
12
3
144
0
0
72
96
242
156
154
159
207
198
219
141
206
227
13
238
179
206
39
125
127
55
48
19
142
175
255
14
54
195
250
47
147
187
87
111
135
175
31
95
162
69
239
118
35
72
100
233
159
92
189
55
213
172
90
13
180
2
52
227
144
50
240
57
28
93
186
234
227
148
144
158
223
198
95
13
198
99
9
206
163
206
38
29
111
119
48
21
138
175
251
110
70
195
250
47
147
57
67
111
135
167
159
27
162
101
111
119
34
202
36
233
157
88
189
63
80
180
24
4
36
162
52
227
24
50
112
59
28
85
50
234
55
212
124
134
252
156
23
1
42
101
61
88
140
59
84
20
245
227
37
225
249
96
147
113
216
253
237
127
122
27
225
97
209
108
84
190
202
56
161
254
116
222
56
175
213
16
244
79
145
164
24
8
224
29
159
77
56
246
51
188
218
215
40
250
244
255
247
84
120
30
93
251
250
49
253
251
111
241
214
154
242
197
126
111
87
172
33
182
223
254
247
219
239
157
202
124
250
47
100
254
202
62
243
245
223
222
153
215
248
58
205
79
129
167
69
219
120
30
159
79
80
246
113
31
124
116
163
249
51
212
124
14
190
156
31
48
58
101
61
216
140
59
4
29
253
231
53
241
249
98
179
125
248
253
253
127
123
25
241
109
213
108
20
190
202
57
185
126
116
222
56
175
213
16
244
79
145
164
26
12
232
29
158
77
56
246
51
189
218
215
40
250
92
33
21
52
32
107
116
118
209
128
223
53
113
180
153
194
187
8
195
77
47
168
193
150
137
40
132
136
96
132
188
168
88
60
33
190
13
58
129
92
24
181
149
38
110
167
39
110
171
34
239
194
112
30
19
12
70
99
11
249
41
38
97
198
186
249
219
94
55
91
216
142
211
130
61
254
63
210
38
122
247
146
48
159
7
63
65
71
161
199
247
121
3
250
214
40
182
44
5
222
202
89
218
245
50
219
245
105
180
94
181
110
215
174
139
71
186
1
112
91
16
243
56
123
57
121
226
203
141
235
207
93
48
123
252
250
121
155
239
255
210
246
235
235
139
221
188
47
7
172
228
251
47
223
179
179
93
111
54
62
242
211
125
251
118
255
251
181
115
124
235
126
191
134
125
251
205
189
118
247
217
247
174
110
213
204
56
79
93
125
147
182
45
5
48
16
3
15
37
79
132
64
47
4
17
28
104
231
100
62
3
64
80
50
144
2
16
136
196
72
80
208
20
104
40
36
67
190
1
66
129
204
184
149
20
3
68
103
164
78
153
36
153
12
114
29
149
65
48
114
51
188
8
6
44
216
130
130
2
131
9
70
130
132
6
207
0
67
3
8
19
4
77
34
100
145
80
0
60
192
80
117
25
98
128
146
3
83
205
56
75
32
25
0
40
40
96
4
32
171
149
80
176
104
24
136
152
1
212
9
8
211
3
80
2
49
0
211
0
106
165
134
116
68
168
196
163
69
32
85
36
65
76
57
144
5
104
232
143
233
241
74
62
248
120
57
13
118
45
23
193
71
213
241
106
24
208
144
61
174
93
16
8
151
200
224
122
65
41
69
76
40
244
66
138
13
58
214
66
132
194
71
32
249
92
33
147
57
16
99
40
246
64
170
104
17
80
192
131
98
99
76
129
70
74
169
196
147
14
137
162
129
65
0
48
152
112
6
53
187
21
116
1
84
58
98
148
14
110
149
3
222
25
44
126
213
96
30
20
73
132
224
11
216
76
6
33
177
222
49
147
180
208
34
124
206
64
2
219
22
66
196
130
114
227
84
1
68
10
141
130
11
14
136
162
137
210
40
50
40
112
37
29
219
2
100
1
214
0
192
149
72
206
28
173
156
73
36
82
149
96
18
52
105
128
48
57
184
76
6
48
176
195
205
139
27
65
66
76
138
3
163
41
138
2
128
38
43
15
85
52
7
10
133
100
11
70
215
187
40
147
10
18
24
240
39
60
91
2
109
38
226
34
234
44
105
159
28
68
180
69
136
114
20
9
122
164
170
145
168
32
60
29
84
18
179
192
73
139
24
0
74
68
102
11
128
47
136
18
132
78
170
143
1
180
5
14
133
228
131
75
215
153
36
1
10
18
8
192
23
97
233
0
76
206
160
50
188
36
35
191
30
53
172
83
128
115
180
129
91
36
130
209
104
32
121
68
84
1
234
231
220
254
11
253
250
151
156
58
125
172
235
174
59
166
157
237
231
63
181
249
199
127
124
102
125
121
127
255
31
227
103
221
109
148
255
82
49
173
124
114
222
58
191
213
121
252
117
153
188
30
5
249
253
220
203
56
252
183
188
218
215
52
219
210
17
145
180
213
2
30
75
66
3
153
118
227
196
134
48
226
69
21
68
10
141
130
75
78
138
170
13
210
40
40
40
50
165
60
219
2
110
5
214
3
194
16
72
202
28
173
156
65
36
80
0
96
18
52
107
208
48
49
184
28
6
50
177
212
42
87
231
248
186
163
224
252
61
82
87
207
243
219
224
242
197
223
110
77
141
142
252
206
216
60
167
238
138
51
158
114
101
108
187
84
55
133
212
221
84
24
30
73
142
200
149
141
37
93
161
209
126
143
235
68
124
19
156
76
6
48
188
80
18
146
175
217
194
166
236
74
40
90
55
160
6
139
176
235
135
169
68
201
1
143
72
78
221
121
45
146
10
163
15
69
37
85
187
53
112
237
84
33
84
16
43
69
29
188
117
152
172
89
5
177
63
156
195
64
184
35
176
24
71
48
116
186
252
127
253
63
253
253
249
255
255
255
251
255
60
126
254
253
254
127
123
244
126
242
254
189
255
247
251
127
247
255
255
207
252
255
124
255
127
248
255
255
223
247
63
247
55
255
127
191
191
159
143
234
191
159
93
252
247
255
251
255
223
174
191
190
253
239
254
55
127
253
187
253
223
253
251
127
254
254
254
187
220
126
251
119
254
241
119
127
255
247
179
255
255
126
250
223
126
175
254
255
127
251
253
123
255
255
127
255
247
247
111
255
191
159
207
216
23
255
93
127
247
127
255
255
255
175
222
120
223
255
220
118
159
95
115
239
197
151
218
223
249
124
95
246
245
126
111
182
127
211
247
253
114
230
92
124
252
220
169
214
125
246
159
202
122
210
125
212
223
253
47
185
62
213
79
151
172
153
143
114
61
159
95
120
247
115
255
123
221
46
251
222
249
201
226
118
27
90
3
118
3
21
250
191
162
54
91
112
215
61
253
3
85
97
119
167
146
254
95
71
249
180
160
150
108
158
223
75
127
145
214
210
203
92
73
211
92
193
30
213
172
18
4
106
5
247
253
152
246
57
157
93
27
114
187
0
2
0
128
0
128
4
1
0
2
0
0
0
5
1
1
0
64
1
64
128
32
64
64
72
128
0
0
0
0
1
64
84
4
80
138
0
104
1
0
32
2
24
8
68
4
68
76
16
44
16
4
32
24
5
8
0
98
2
148
64
66
32
224
98
7
160
146
1
134
3
37
68
230
19
4
161
8
17
6
118
35
65
212
248
35
211
199
80
40
160
12
2
144
225
193
207
44
67
186
25
40
1
72
96
80
16
138
213
112
131
111
152
172
24
1
240
29
28
65
0
242
19
177
24
87
40
106
133
235
25
120
16
120
36
90
200
131
44
202
194
213
196
171
67
237
167
67
6
36
32
215
193
223
21
170
65
2
34
16
210
6
70
186
1
56
233
244
122
126
48
167
244
114
53
239
153
172
32
114
240
29
12
65
20
242
19
173
88
87
99
250
133
235
27
123
0
88
228
202
200
131
45
202
194
151
196
171
195
205
167
79
6
36
96
215
197
223
23
171
67
2
34
16
242
6
100
154
17
184
233
244
122
126
48
167
246
114
53
238
153
173
32
115
240
29
12
64
20
250
19
173
88
87
99
250
251
221
255
95
239
221
221
173
255
253
63
203
191
254
126
254
255
183
124
59
190
255
255
125
187
255
247
122
255
251
223
63
207
239
107
85
255
223
250
127
123
255
239
255
191
126
253
179
237
219
255
255
254
167
181
239
245
255
244
111
247
125
155
254
88
107
155
249
34
89
248
231
221
186
251
188
113
212
251
234
159
152
235
222
79
177
71
151
151
77
246
136
67
198
182
178
233
12
71
238
94
118
200
112
186
93
245
60
118
231
167
110
191
239
238
211
178
29
81
89
150
227
143
245
61
106
227
66
43
165
162
63
3
65
161
143
197
192
168
165
49
78
43
255
255
58
99
210
245
59
87
7
149
237
208
161
3
246
198
194
173
174
99
180
185
0
233
108
41
29
116
224
84
113
55
110
248
238
202
9
178
21
112
81
182
163
207
177
187
235
172
66
135
244
27
47
188
240
184
132
80
251
41
143
128
3
135
57
107
198
37
66
201
160
47
24
196
141
177
171
195
43
163
119
241
164
157
178
123
48
233
247
98
78
58
168
214
16
242
125
153
172
24
7
244
29
28
105
148
242
51
188
92
86
98
177
86
2
80
2
201
138
2
8
138
33
22
119
172
55
200
48
224
131
5
208
193
34
137
116
69
220
232
79
2
138
131
104
16
44
69
190
66
26
137
84
192
20
24
15
193
70
164
109
145
36
25
0
240
29
138
73
16
114
51
188
72
23
32
216
83
0
137
2
69
130
2
60
2
34
17
4
128
0
3
2
108
131
1
212
192
37
66
195
192
32
232
76
0
8
1
104
207
44
65
186
90
40
129
104
112
88
16
15
209
48
161
79
153
172
24
1
240
29
28
65
16
242
51
189
24
87
32
250
159
248
78
231
255
185
217
120
188
57
214
125
175
123
192
249
226
213
31
251
229
110
171
125
39
154
97
55
126
111
101
255
255
237
188
218
118
123
249
183
211
221
203
30
200
7
248
115
137
247
95
5
248
183
159
109
16
246
191
158
216
31
166
157
16
178
144
139
29
224
132
61
66
184
176
241
32
2
129
17
107
134
161
18
193
40
207
79
64
157
115
35
18
10
163
78
79
38
253
178
52
184
107
100
97
64
34
171
6
17
53
231
24
188
120
0
180
8
204
65
130
178
134
195
24
71
164
70
68
0
129
128
200
140
7
68
36
110
2
4
17
172
187
131
11
116
129
32
200
129
74
8
14
128
28
7
128
137
17
71
17
131
95
43
32
230
37
10
0
32
68
0
7
12
108
145
81
68
120
48
7
82
37
34
152
8
168
44
204
4
48
164
6
2
64
160
13
128
4
1
36
120
80
97
140
59
0
20
96
138
1
240
193
36
208
115
84
152
224
79
82
144
161
225
215
36
86
186
123
56
33
124
68
70
24
143
208
17
210
79
153
172
24
0
240
28
156
73
16
242
51
148
88
87
32
123
196
8
130
17
192
66
38
199
1
163
40
14
130
134
131
43
139
9
49
68
10
133
110
0
66
213
25
37
129
10
2
18
1
135
103
203
0
132
111
2
32
32
36
33
15
92
60
176
84
136
112
48
149
122
36
162
208
40
1
33
12
69
17
98
4
47
245
92
0
206
32
103
32
212
66
129
68
241
221
138
235
136
227
102
212
45
80
211
217
123
149
228
40
134
2
200
223
50
97
184
20
56
249
108
253
60
184
167
109
176
247
110
153
164
233
89
240
29
152
73
39
226
83
165
90
103
33
122
34
70
0
138
137
144
6
9
38
66
184
0
40
37
5
52
68
2
4
144
208
96
25
96
80
148
73
8
162
154
1
16
40
108
3
10
72
0
1
138
38
66
8
137
84
208
228
4
2
5
144
8
38
0
66
25
8
96
128
20
0
66
106
0
11
20
0
40
159
160
36
0
32
106
136
4
32
12
37
53
100
122
1
208
225
0
25
72
4
136
104
201
82
52
233
65
1
160
145
40
35
98
1
66
2
194
30
8
84
81
166
77
24
116
24
4
102
16
72
1
26
162
191
180
144
194
38
1
8
4
12
130
3
23
2
55
38
68
22
4
28
56
49
4
70
211
65
224
208
115
193
99
24
0
132
28
56
68
157
96
87
4
17
168
66
72
0
64
20
129
28
6
64
164
227
79
19
44
25
12
50
24
154
9
26
99
59
148
72
19
44
232
5
130
85
40
8
168
164
64
32
24
2
65
128
53
140
1
74
76
129
32
192
100
74
99
68
144
0
4
60
0
1
65
151
192
217
0
53
136
41
32
101
20
42
161
117
16
117
107
16
180
40
0
164
5
26
8
14
2
22
165
64
83
100
106
133
243
109
233
180
52
189
248
160
95
233
218
203
69
148
9
137
204
39
99
64
36
0
242
76
159
179
168
213
6
48
25
214
36
156
186
90
120
201
117
114
74
56
47
212
16
213
94
24
172
24
5
240
29
156
73
16
242
51
157
92
87
32
186
130
218
18
11
253
88
131
136
142
1
47
94
131
94
221
249
235
214
36
100
76
130
164
96
79
213
61
41
151
10
18
56
176
36
85
218
82
81
233
244
99
92
56
63
212
30
252
36
137
173
84
5
248
23
132
107
16
240
32
60
88
87
32
184
3
139
0
192
32
94
133
2
12
84
14
70
0
92
121
165
5
121
160
8
196
54
16
67
57
212
21
0
20
162
19
65
134
144
219
0
97
74
234
8
33
53
34
229
37
194
180
107
80
145
129
8
151
69
171
16
35
67
18
165
66
169
77
90
55
244
124
14
205
140
31
0
122
111
61
120
172
43
4
20
253
163
37
240
233
98
147
108
220
253
233
127
106
25
225
103
213
108
68
190
74
49
161
126
116
222
56
171
213
16
244
31
153
164
24
1
224
29
156
73
24
246
51
189
88
87
32
250
43
181
161
46
23
101
165
31
197
200
168
165
33
14
175
231
155
52
227
18
245
58
87
6
17
237
208
161
19
250
71
199
141
40
231
180
177
0
233
45
41
125
118
163
52
113
55
106
56
190
232
11
182
12
120
80
62
163
199
179
187
207
172
66
68
175
247
220
0
78
36
119
35
196
9
148
71
245
159
138
171
65
98
102
22
173
86
163
91
127
148
124
33
140
18
8
215
55
97
186
16
40
251
108
52
60
184
167
189
56
245
238
153
172
105
89
176
29
20
73
9
250
83
177
88
69
33
250
227
148
131
159
223
198
95
12
6
103
17
202
171
206
38
31
111
119
48
33
138
141
234
41
78
215
186
47
147
57
19
111
151
167
188
91
2
101
103
87
32
202
44
105
159
24
253
179
80
132
82
4
37
178
180
227
153
48
48
27
28
85
18
242
196
10
130
43
201
66
166
196
8
161
40
14
2
134
131
171
11
9
41
68
9
129
46
8
70
221
25
33
131
10
34
22
33
135
85
75
1
132
109
6
32
32
32
49
77
28
60
176
72
76
112
48
149
226
36
162
192
40
129
32
12
68
16
32
86
16
16
34
201
138
2
9
142
33
150
117
172
51
72
144
244
131
7
208
193
35
131
116
197
152
233
111
66
142
193
96
149
44
69
190
74
26
169
84
240
84
16
139
193
66
180
77
153
164
25
0
240
29
153
73
16
114
51
188
88
23
32
218
133
235
17
122
16
40
37
90
224
53
40
203
67
215
212
43
195
108
231
105
166
172
104
215
193
255
133
162
65
2
35
192
210
6
118
186
1
184
225
244
122
126
48
167
244
114
53
239
152
164
40
80
224
29
15
0
20
242
19
191
88
86
103
250
51
212
124
46
255
140
31
4
58
111
61
184
188
47
12
92
253
242
33
240
249
99
219
125
252
253
249
127
123
25
241
111
213
236
21
190
202
113
185
126
116
222
40
175
213
16
252
31
153
164
26
4
224
29
158
77
56
246
59
189
216
215
32
250
51
212
124
46
221
140
31
5
122
111
61
248
172
107
4
20
253
162
33
240
249
99
155
109
252
253
249
127
123
57
225
103
213
236
20
190
202
49
161
126
116
206
40
171
213
16
252
31
153
164
24
9
224
29
156
73
56
246
51
189
218
215
40
250
50
50
0
166
21
96
164
125
68
152
248
113
33
6
129
35
107
196
161
27
193
40
205
86
12
157
97
33
22
10
35
94
77
36
125
178
117
56
105
37
97
64
179
175
78
5
61
111
8
182
89
1
242
26
188
64
0
178
151
211
8
71
164
94
163
204
204
42
143
8
85
10
54
11
188
234
174
235
100
29
99
54
53
241
196
70
169
111
102
199
97
59
251
9
96
97
218
102
28
218
66
109
49
252
82
222
56
41
208
19
244
207
209
164
18
4
104
21
207
9
24
176
55
188
24
84
34
185
69
5
211
152
66
71
69
78
34
196
5
128
19
226
179
74
235
85
32
102
14
189
198
35
14
211
146
45
19
8
20
41
215
39
21
186
2
120
71
84
48
105
60
39
29
28
245
238
29
172
24
5
50
24
148
75
16
114
49
189
88
85
33
250
254
253
255
255
118
127
221
191
255
199
253
250
255
186
254
254
255
215
126
255
63
213
247
165
255
247
255
255
123
251
222
187
176
125
181
223
206
125
250
247
122
223
253
121
191
62
253
188
223
190
231
223
248
183
116
255
248
191
120
123
63
221
222
223
87
58
18
135
221
226
134
184
10
57
250
55
160
6
203
240
227
151
25
212
201
133
143
88
78
204
120
47
210
10
163
63
109
37
85
187
86
114
237
84
113
84
16
46
77
15
188
245
137
44
89
5
241
63
140
195
64
120
51
184
92
7
48
244
231
254
222
11
221
122
135
156
58
61
172
235
174
187
238
253
235
231
59
244
105
135
63
116
102
125
121
111
255
15
227
103
221
109
85
255
82
49
173
124
115
222
58
191
221
121
252
197
157
172
30
4
241
255
158
203
48
252
167
188
216
87
52
216
212
58
87
231
252
186
163
240
126
61
82
115
239
123
218
80
242
199
93
108
73
197
139
124
206
152
61
63
254
137
115
191
115
101
92
251
86
127
165
212
213
84
26
30
201
138
216
149
141
37
29
160
121
191
143
235
64
124
49
28
76
23
48
189
214
17
147
180
20
34
124
255
2
10
217
22
67
196
147
114
226
212
5
70
10
172
164
27
14
138
162
9
210
44
50
56
114
39
60
219
2
116
65
213
16
64
145
74
234
12
129
158
73
36
82
149
96
26
148
73
128
48
49
218
76
6
33
176
211
248
155
63
223
202
95
136
219
163
189
254
163
142
230
251
107
87
60
21
142
159
170
12
47
215
251
47
147
43
87
63
147
167
189
219
34
253
239
247
35
232
239
105
191
28
60
177
199
182
114
180
141
163
228
162
208
184
184
123
157
93
183
182
20
43
151
84
32
107
240
118
80
148
222
21
70
245
155
162
173
136
227
111
119
45
198
211
201
110
148
212
104
134
130
232
223
50
97
188
94
26
216
92
89
53
185
38
237
33
167
110
187
168
233
211
240
29
24
76
103
115
19
249
104
39
5
218
1
2
0
136
8
128
4
0
0
2
0
0
0
4
1
1
64
64
1
64
192
32
72
65
64
0
0
0
16
8
9
65
85
4
80
170
0
72
1
0
32
2
16
8
68
132
0
75
16
44
24
4
32
24
141
0
16
34
3
148
72
66
32
224
140
235
207
85
48
249
252
242
89
155
111
255
210
246
200
234
131
213
188
47
7
92
228
251
47
223
19
179
77
111
54
30
242
87
253
219
86
255
251
181
115
124
251
119
191
134
125
187
207
185
55
247
217
183
175
78
213
222
48
111
93
125
193
190
242
251
255
214
116
30
93
235
247
181
117
251
111
243
214
26
246
199
126
111
30
207
224
183
223
218
255
95
235
185
202
124
210
109
36
255
202
61
243
245
214
218
185
223
187
56
193
207
193
165
215
211
104
58
159
79
88
246
113
95
124
84
18
187
133
235
17
122
16
120
101
90
200
181
44
203
67
215
212
171
99
236
229
75
166
172
104
211
193
255
149
162
65
2
34
201
210
6
118
186
1
184
233
244
122
126
48
167
252
114
53
239
136
165
40
114
240
29
15
0
20
242
19
175
88
86
103
250
92
33
221
52
34
99
121
102
209
132
215
21
81
164
144
226
184
136
83
109
43
168
228
151
141
40
166
217
64
132
60
168
112
60
36
254
15
62
129
220
152
192
149
46
234
37
3
110
11
36
119
195
104
30
20
76
192
242
57
216
109
6
34
178
191
221
239
252
55
127
253
255
189
222
255
253
127
60
126
239
153
252
254
59
244
126
244
127
125
255
247
179
127
247
126
251
207
120
255
252
254
127
248
253
122
255
247
127
247
247
247
111
191
191
159
143
250
61
255
84
54
247
127
255
251
223
174
254
186
249
201
30
23
73
89
15
199
2
189
246
51
206
166
127
242
150
38
211
7
190
225
71
165
130
246
9
83
186
86
40
134
44
135
222
202
120
203
245
18
219
181
105
144
118
181
110
211
174
144
5
114
29
244
81
16
178
112
59
57
221
174
219
66
200
139
219
175
209
221
138
142
163
61
138
179
152
127
250
111
215
56
43
142
151
206
41
47
213
185
46
19
107
23
122
179
164
81
91
82
109
238
114
178
91
100
120
23
158
81
181
213
136
18
5
62
25
181
235
17
114
56
61
89
93
18
243
250
221
187
223
102
151
91
139
207
231
21
218
191
218
54
94
190
215
124
111
158
191
210
87
159
210
254
127
82
249
84
171
135
61
38
223
202
125
230
123
144
91
245
109
187
28
129
47
223
170
145
143
115
121
188
211
81
254
113
223
123
221
26
251
164
226
53
210
24
60
37
122
228
125
40
195
67
211
212
11
67
108
229
73
244
172
120
147
65
255
133
162
1
128
33
205
203
6
214
186
1
184
97
236
110
126
50
167
244
113
53
235
24
165
168
88
224
29
143
16
36
242
19
183
218
214
101
122
133
247
111
205
52
52
189
240
48
215
237
218
207
113
213
41
129
236
39
107
100
100
36
242
76
191
133
186
253
14
48
59
242
36
212
186
90
120
169
245
118
94
56
191
208
146
208
77
153
173
28
5
240
29
157
73
16
242
51
156
88
87
38
249
192
65
139
27
0
66
92
134
3
162
45
136
18
128
39
43
15
86
48
15
10
149
102
11
73
195
138
8
1
1
16
122
241
23
48
105
2
77
6
226
50
234
36
104
186
28
1
184
85
136
118
21
29
90
180
194
145
104
41
92
93
84
19
179
28
35
171
144
18
149
169
114
192
134
211
20
81
68
153
66
138
92
67
98
130
52
192
195
12
144
182
137
0
142
52
9
86
20
213
138
0
120
73
84
48
96
181
46
102
132
225
110
27
172
25
7
178
25
28
88
0
98
27
249
73
23
96
242
10
70
0
42
141
160
34
9
20
58
242
1
32
1
73
37
68
10
129
208
224
2
137
88
64
8
104
128
210
20
161
214
104
168
216
32
117
34
0
160
234
70
18
136
64
211
130
81
40
74
24
0
228
4
205
9
130
160
167
180
6
66
34
1
196
106
2
41
217
64
166
196
8
33
42
63
128
134
203
161
11
8
173
68
73
129
46
8
70
221
25
161
131
10
34
22
32
133
93
219
33
164
45
6
35
96
0
48
77
27
62
176
72
69
116
48
149
230
36
162
192
8
129
32
12
68
48
32
243
212
139
159
207
198
95
140
130
231
25
138
131
206
38
31
111
87
60
39
138
141
238
41
14
215
187
47
147
43
23
47
83
167
61
91
2
229
110
87
32
202
236
105
159
28
253
179
69
128
82
181
45
178
180
235
209
60
40
27
92
85
16
182
131
197
76
42
23
8
5
10
48
3
188
234
46
107
100
29
67
52
37
209
64
70
169
103
102
215
65
43
251
8
32
97
154
110
148
154
66
104
33
244
114
222
60
41
212
81
116
205
145
166
16
4
104
29
207
9
24
176
183
188
24
87
162
73
50
146
0
166
53
224
164
125
68
144
248
241
33
22
129
32
43
68
5
89
129
40
229
86
13
157
1
1
22
10
33
220
140
36
125
154
116
56
105
53
97
80
179
39
196
5
60
110
8
182
253
1
240
22
188
64
0
162
55
193
8
71
36
94
215
58
82
3
221
234
135
184
74
57
218
127
164
30
203
241
227
215
25
212
73
135
139
116
206
204
120
47
210
14
227
63
125
37
85
255
82
115
237
84
81
84
26
62
77
11
252
181
136
44
24
5
240
191
140
195
80
248
49
188
92
7
52
248
220
241
223
221
246
83
95
254
199
175
57
154
223
192
183
123
155
213
126
111
10
221
230
42
174
199
191
63
211
105
54
58
242
23
188
219
66
117
119
247
50
234
237
125
191
156
93
180
87
173
118
247
11
250
182
126
208
252
41
95
93
92
115
183
231
254
84
47
253
250
135
128
234
53
172
187
172
63
207
253
243
231
59
244
105
195
27
116
198
237
253
127
255
30
227
55
181
45
71
255
82
49
173
124
126
94
56
191
85
250
252
53
153
172
24
1
240
191
156
235
48
244
49
60
220
71
54
248
194
200
138
155
207
201
218
141
14
163
57
142
147
128
127
250
5
87
48
34
142
151
206
105
47
197
187
46
147
235
23
110
183
164
89
89
66
77
238
98
162
91
100
105
151
30
253
177
213
136
16
5
23
1
180
234
145
98
56
60
85
92
18
243
131
197
64
42
23
40
4
26
32
2
184
232
42
11
36
13
65
52
37
209
65
70
233
99
68
151
1
33
51
24
0
65
156
46
212
178
99
72
33
164
102
106
58
41
84
81
84
204
80
180
24
4
64
16
237
8
24
176
39
180
24
87
38
75
135
106
0
1
217
136
134
200
8
25
170
103
160
7
200
161
3
1
141
144
73
128
9
72
71
212
9
35
150
14
11
20
48
161
92
145
112
178
13
132
197
116
2
26
4
194
60
145
0
85
84
32
141
167
143
34
134
72
132
36
4
68
48
0
4
34
229
224
56
48
165
254
225
28
234
115
109
53
147
64
226
204
235
104
97
76
200
246
76
168
4
129
238
12
41
206
119
102
124
186
84
56
61
180
125
100
58
183
76
161
95
193
8
53
93
0
208
30
143
12
4
228
3
140
72
71
32
240
