posters/Movie Poster 77.jpg
512
384
102
10.4915
-1
0
248
282
0.00347831
31
-96.0725
-1
0
343
161
0.00379501
31
-70.9065
-1
0
351
161
0.00352005
31
-100.061
-1
0
376
161
0.00279591
31
-96.3402
-1
0
387
161
0.00265204
31
-85.0729
-1
0
393
161
0.00401287
31
-76.2005
-1
0
398
161
0.00255957
31
-65.556
-1
0
404
161
0.00278714
31
-42.1087
-1
0
410
161
0.00494689
31
6.70984
-1
0
302
162
0.00236448
31
-67.3801
-1
0
349
162
0.0038897
31
-119.476
-1
0
369
162
0.00457625
31
-74.9816
-1
0
401
162
0.0042913
31
8.6428
-1
0
306
163
0.00423071
31
1.15733
-1
0
312
163
0.00424972
31
-14.2373
-1
0
332
163
0.00296962
31
-108.435
-1
0
383
163
0.00475939
31
-42.7094
-1
0
406
163
0.0101506
31
18.0605
-1
0
300
164
0.00646489
31
19.2229
-1
0
298
165
0.0036032
31
20.0221
-1
0
306
165
0.00267591
31
17.628
-1
0
311
165
0.00258274
31
10.4375
-1
0
326
165
0.00246832
31
140.194
-1
0
344
165
0.00479796
31
35.5377
-1
0
349
165
0.00466772
31
25.0169
-1
0
351
165
0.0061265
31
168.69
-1
0
369
165
0.00504088
31
120.964
-1
0
376
165
0.00421746
31
97.5946
-1
0
388
165
0.00436508
31
74.0546
-1
0
393
165
0.00488078
31
37.5686
-1
0
399
165
0.005329
31
4.57392
-1
0
411
165
0.00451325
31
56.3099
-1
0
404
166
0.00295878
31
121.264
-1
0
368
167
0.00262197
31
120.466
-1
0
372
167
0.00261381
31
-7.8849
-1
0
276
275
0.00289166
31
-7.85331
-1
0
274
275
0.00204583
31
-165.364
-1
0
235
276
0.00169787
31
73.3008
-1
0
382
165
0.0020378
31
-49.1849
-1
0
358
163
0.00209673
31
-27.0836
-1
0
324
161
0.00170107
31
-77.125
-1
0
349
160
0.00189426
31
13.9348
-1
0
250
285
0.0021952
31
80.8698
-1
1
258
262.8
0.000680067
37.2
-48.8141
-1
1
349.2
159.6
0.000929933
37.2
11.9333
-1
1
300
160.8
0.00100609
37.2
-2.88642
-1
1
316.8
160.8
0.000835363
37.2
-54.7824
-1
1
343.2
160.8
0.00190535
37.2
-100.84
-1
1
375.6
160.8
0.000912116
37.2
-78.6901
-1
1
382.8
160.8
0.000788379
37.2
13.364
-1
1
302.4
162
0.00231087
37.2
-4.04958
-1
1
325.2
162
0.00126443
37.2
-9.24611
-1
1
332.4
162
0.000826797
37.2
-27.8241
-1
1
349.2
162
0.0024893
37.2
-33.6901
-1
1
357.6
162
0.000995684
37.2
-102.095
-1
1
369.6
162
0.00224901
37.2
-3.7314
-1
1
330
163.2
0.00185251
37.2
15.7887
-1
1
310.8
164.4
0.0010151
37.2
12.6422
-1
1
319.2
164.4
0.00202897
37.2
4.67742
-1
1
325.2
164.4
0.00118431
37.2
0
-1
1
343.2
164.4
0.00180205
37.2
-21.8014
-1
1
381.6
164.4
0.00128723
37.2
-45
-1
1
387.6
164.4
0.00196496
37.2
20.6546
-1
1
297.6
165.6
0.00143742
37.2
20.3678
-1
1
304.8
165.6
0.00111392
37.2
16.9908
-1
1
350.4
165.6
0.00149407
37.2
21.2505
-1
1
356.4
165.6
0.000767271
37.2
106.699
-1
1
375.6
165.6
0.000917967
37.2
99.4623
-1
1
368.4
166.8
0.00116479
37.2
-9.82868
-1
1
273.6
259.2
0.000710186
37.2
117.408
-1
1
255.6
260.4
0.000844939
37.2
-10.4248
-1
1
274.8
262.8
0.00077117
37.2
6.16148
-1
1
306
160.8
0.000515195
37.2
3.43363
-1
1
310.8
160.8
0.000569109
37.2
9.46232
-1
1
331.2
165.6
0.000501791
37.2
-9.02313
-1
1
273.6
253.2
0.000479988
37.2
-9.42227
-1
1
273.6
256.8
0.000503567
37.2
-171.161
-1
1
238.8
259.2
0.000502563
37.2
-169.749
-1
1
240
261.6
0.000399462
37.2
17.0843
-1
2
299.52
161.28
0.00102991
44.64
15.9088
-1
2
302.4
161.28
0.00135909
44.64
13.1246
-1
2
306.72
161.28
0.000577386
44.64
3.49464
-1
2
325.44
161.28
0.000550409
44.64
-17.354
-1
2
342.72
161.28
0.000856798
44.64
-22.3801
-1
2
349.92
161.28
0.000903502
44.64
19.0935
-1
2
299.52
164.16
0.00145332
44.64
16.4729
-1
2
305.28
164.16
0.0011322
44.64
-0.895174
-1
2
344.16
164.16
0.00116132
44.64
11.3099
-1
2
351.36
165.6
0.000914009
44.64
51.953
-1
2
368.64
167.04
0.000751047
44.64
14.1671
-1
2
331.2
165.6
0.000497286
44.64
20.1033
-1
2
316.8
165.6
0.000339039
44.64
14.0362
-1
2
319.68
164.16
0.000504616
44.64
15.5416
-1
2
312.48
164.16
0.000493789
44.64
3.92591
-1
2
332.64
162.72
0.000396322
44.64
7.12502
-1
2
321.12
161.28
0.00040189
44.64
8.88066
-1
2
316.8
161.28
0.000308468
44.64
11.1187
-1
2
312.48
161.28
0.000398416
44.64
28.8964
-1
2
267.84
172.8
1.33907e-06
44.64
166.701
-1
2
252
214.56
-4.87146e-06
44.64
28.314
-1
3
266.112
183.168
-7.85927e-06
53.568
14.2585
-1
3
269.568
196.992
-0.000151596
53.568
102
64
0
194
0
10
1
72
4
6
32
0
42
0
0
20
108
161
13
42
165
144
64
0
53
128
64
69
1
64
129
2
130
80
168
16
67
32
33
0
40
160
34
20
48
161
20
82
54
232
32
192
100
0
150
1
64
128
23
65
6
36
0
112
68
72
5
6
128
34
200
168
38
4
40
57
98
67
128
115
2
0
12
43
161
208
224
101
90
217
210
57
217
230
168
1
161
198
159
152
65
32
61
136
168
106
108
28
106
129
213
113
183
75
184
206
9
11
244
13
88
1
46
211
151
181
162
211
96
78
12
2
8
49
40
240
170
244
0
186
66
6
192
4
11
34
12
8
193
202
236
160
78
218
9
56
148
194
64
135
35
214
79
144
193
32
21
136
232
66
56
52
48
38
103
225
35
107
59
232
40
67
244
29
88
80
7
227
159
245
232
179
97
102
3
134
0
10
201
128
134
0
2
34
0
70
128
70
4
1
12
43
128
144
193
38
27
195
66
20
81
102
128
2
129
66
143
152
195
32
57
136
104
42
96
24
0
129
213
113
183
75
48
238
8
2
244
1
88
1
38
147
150
181
48
211
96
74
3
132
128
2
137
128
0
6
2
32
32
70
128
67
6
33
68
43
161
144
192
37
91
195
82
0
64
102
0
128
129
66
143
24
67
32
57
8
104
40
96
16
32
129
212
113
183
107
48
238
8
0
244
8
88
1
46
19
150
177
0
83
96
74
68
3
128
18
1
130
38
7
0
160
34
2
128
130
11
2
12
11
161
150
192
37
82
195
16
81
145
228
0
128
129
64
79
16
67
160
25
8
96
72
104
20
52
163
69
113
183
111
56
168
8
1
178
29
88
64
7
35
23
177
8
83
96
74
68
3
130
16
0
194
38
6
0
160
42
2
128
192
11
34
13
11
225
198
200
165
66
195
16
85
145
228
0
134
130
66
15
16
67
160
25
8
104
72
32
52
48
163
69
97
183
111
24
168
136
1
178
93
88
81
7
99
23
177
8
99
96
74
68
11
130
17
0
202
166
230
8
160
106
0
80
196
91
162
13
9
225
198
76
165
70
131
9
93
149
228
0
134
2
18
103
16
65
168
17
8
232
72
40
52
48
35
101
102
183
110
154
168
9
1
243
93
25
64
7
99
19
177
72
115
96
106
68
11
131
209
32
216
172
231
8
186
75
4
64
148
219
162
9
200
73
111
14
165
70
155
9
92
178
200
4
134
50
18
115
22
93
171
80
126
200
66
128
116
16
62
103
142
103
190
155
41
52
17
240
29
151
72
129
98
17
181
76
82
65
178
249
55
119
177
246
55
43
252
252
254
242
53
109
169
219
231
242
252
79
100
120
194
180
180
142
168
236
153
218
20
112
185
120
45
214
255
86
54
5
221
222
68
26
158
66
163
200
84
168
45
94
1
224
191
141
73
152
244
35
156
94
134
34
177
12
2
0
49
40
240
170
244
0
186
66
7
192
4
27
2
12
8
193
74
232
160
78
218
9
56
148
194
64
135
35
214
79
144
193
32
21
136
232
74
40
52
115
166
103
161
35
107
58
232
41
67
244
29
88
80
7
227
151
241
232
163
97
102
131
196
0
2
205
136
6
0
34
33
36
75
162
91
4
17
68
35
36
145
192
38
41
76
98
23
89
38
178
41
129
68
159
168
128
0
35
136
40
162
99
154
42
129
209
80
180
75
48
214
8
0
228
0
74
161
58
147
182
165
144
83
36
73
68
3
130
144
0
66
38
167
0
160
106
6
16
196
27
34
13
11
225
198
216
165
70
131
16
85
145
228
0
134
131
194
15
16
67
160
17
8
104
72
40
48
48
163
101
97
183
111
26
168
137
9
178
89
88
81
7
99
23
177
8
99
96
74
253
115
119
49
212
51
43
248
224
62
240
55
109
137
211
115
242
236
79
100
121
130
132
188
142
168
238
137
218
12
112
185
120
47
220
255
90
54
5
212
222
66
26
30
66
227
72
212
168
45
84
0
96
190
141
73
144
180
33
156
92
70
34
177
253
59
119
49
213
51
43
254
240
186
194
53
101
129
203
211
242
220
139
100
105
128
165
188
142
168
234
137
219
76
112
184
120
5
220
191
84
118
5
212
222
70
26
30
74
167
66
212
136
45
94
52
98
190
133
73
128
252
35
156
92
6
34
177
204
43
227
184
80
122
40
214
0
186
234
52
66
130
235
235
194
76
139
110
37
129
108
26
15
136
170
129
211
12
50
216
112
7
221
251
81
118
5
212
138
102
24
28
74
143
67
204
216
44
126
148
67
63
165
72
128
232
1
188
76
70
50
177
3
4
0
2
205
128
6
1
34
96
0
66
160
71
4
17
12
35
128
144
192
36
27
67
82
16
80
70
130
56
129
65
143
152
130
32
41
136
42
8
100
0
6
129
197
80
181
75
48
246
136
8
180
0
88
1
47
19
150
177
130
211
108
74
76
11
130
209
32
217
168
231
8
170
67
4
80
164
251
162
8
24
65
78
14
181
70
155
25
8
182
200
0
134
50
18
119
22
109
171
16
110
200
66
144
116
16
14
98
142
35
190
155
40
60
21
178
29
149
72
129
98
25
245
77
2
65
242
251
119
117
181
247
53
63
248
228
94
241
51
237
137
145
87
242
245
79
116
120
194
144
52
142
168
239
153
218
28
116
185
96
45
158
191
202
116
129
221
158
74
27
158
194
171
200
28
136
165
84
1
104
190
159
65
128
182
49
156
126
198
40
177
251
119
101
180
247
53
63
248
228
95
241
51
237
137
176
87
242
245
79
116
120
130
144
52
30
168
175
153
218
28
116
185
96
45
158
191
194
116
129
221
30
74
27
159
194
161
200
28
136
165
84
1
106
190
159
65
128
178
49
156
126
198
40
177
255
115
117
52
247
33
63
120
230
7
241
50
237
201
134
83
242
245
15
116
43
130
129
52
142
168
239
153
210
28
112
168
120
45
156
159
74
52
1
215
30
202
25
31
194
233
200
28
136
165
84
5
96
190
151
73
128
178
49
156
124
70
34
177
255
115
113
52
215
32
47
216
194
11
241
50
237
202
128
83
242
213
15
84
43
130
129
60
134
136
235
137
210
12
96
185
112
45
156
223
74
116
5
215
138
66
24
30
66
141
200
20
136
37
84
4
104
190
135
73
144
176
33
156
92
70
34
49
255
115
113
49
213
48
43
200
64
11
225
50
228
202
163
115
242
213
15
68
43
128
133
52
134
136
235
137
210
14
226
185
112
39
156
255
64
116
5
212
138
66
24
88
66
141
74
148
200
37
84
36
106
190
166
105
128
248
33
156
92
70
48
49
84
41
147
220
64
67
110
103
64
160
89
149
80
196
159
138
47
72
219
206
15
169
229
131
139
75
134
204
1
132
176
204
98
19
33
41
12
166
86
66
50
34
145
102
47
188
7
238
71
96
103
242
1
122
49
138
199
235
73
211
77
96
211
167
23
242
80
34
221
160
14
24
34
3
177
114
172
75
132
81
114
246
4
208
131
34
137
108
166
148
107
105
150
40
225
49
88
238
156
159
67
52
7
215
5
194
8
73
66
89
220
21
64
119
16
4
44
160
230
235
152
48
160
22
28
67
180
33
215
115
80
34
221
32
14
152
34
3
161
50
164
75
132
81
98
215
13
84
11
162
137
104
6
148
107
105
146
42
225
57
120
167
156
223
65
116
7
215
7
194
8
89
66
141
200
148
64
55
16
36
46
162
230
235
128
56
160
30
28
68
180
49
212
73
147
148
200
66
98
230
0
33
127
23
66
197
210
170
99
76
157
100
74
137
172
2
14
202
138
73
209
9
18
28
112
19
52
235
4
231
7
214
147
162
153
82
104
30
200
144
71
37
119
180
9
122
5
171
192
12
41
104
76
4
19
181
20
43
147
144
0
66
32
103
64
128
83
20
80
132
153
130
13
8
194
194
135
40
69
131
153
0
132
192
0
132
128
192
38
18
97
40
12
138
66
0
168
48
145
226
38
36
3
234
51
104
169
243
17
89
49
16
71
75
3
225
32
32
65
102
4
35
1
16
1
130
6
10
64
130
131
32
112
2
9
2
4
10
130
146
131
32
65
195
145
0
192
196
0
164
129
64
14
24
67
36
9
136
130
8
40
48
36
225
36
113
3
107
50
202
169
67
55
73
121
146
7
3
150
161
32
226
193
66
3
144
0
34
141
128
10
8
34
2
129
100
160
5
4
49
4
42
2
144
193
98
17
68
196
0
200
200
2
36
193
64
156
152
130
4
41
8
10
203
14
10
0
201
144
113
166
77
112
194
0
66
36
64
120
179
47
19
150
48
48
242
214
73
67
21
0
34
221
32
14
24
34
10
129
34
168
75
4
17
100
102
4
148
74
162
9
40
6
144
107
9
146
40
225
1
88
174
156
17
99
36
6
67
4
194
10
201
2
89
196
148
64
18
16
4
36
162
230
163
153
48
164
22
4
64
148
33
66
19
130
243
117
50
136
222
2
186
3
16
0
146
171
211
74
212
8
78
10
129
236
26
14
128
186
9
150
40
48
91
112
135
220
155
112
118
7
87
128
98
10
92
10
142
64
156
88
61
118
21
3
178
167
234
144
104
40
30
76
4
54
177
3
20
0
42
221
160
6
24
34
2
129
34
160
77
4
17
100
102
0
208
195
34
25
72
6
20
104
72
146
36
193
1
8
172
152
20
35
0
2
67
32
194
10
201
68
89
134
21
64
82
16
4
36
160
96
163
147
49
164
22
20
98
150
0
4
35
146
88
32
19
40
102
0
162
67
4
80
196
155
130
12
8
194
202
135
184
69
131
137
0
134
192
0
132
148
64
119
18
97
40
12
170
194
0
168
32
177
102
38
164
3
106
27
232
45
247
19
89
49
24
135
75
27
225
97
98
193
98
4
35
155
88
32
82
104
103
64
162
67
132
80
132
155
130
12
8
130
202
135
168
69
131
153
0
134
192
0
132
128
64
103
18
97
40
12
170
194
0
176
32
177
100
54
164
3
106
19
104
45
243
17
89
49
8
135
75
27
225
96
96
67
226
1
3
128
18
8
130
2
6
160
34
2
4
16
68
35
1
68
33
1
0
192
39
82
195
64
0
132
4
0
0
1
64
223
0
67
160
17
8
105
96
112
20
24
39
212
116
181
111
25
172
24
5
240
29
156
73
16
242
19
181
72
87
32
106
1
2
128
2
8
130
2
6
160
2
2
4
0
68
33
1
68
33
1
0
192
39
64
195
0
0
132
4
0
0
1
64
223
8
67
160
17
8
8
64
100
16
16
7
84
112
165
79
56
172
24
4
242
25
24
1
16
98
19
181
72
83
32
106
3
1
0
22
3
2
6
0
130
128
7
6
144
36
41
2
12
1
0
146
192
34
64
66
80
144
148
8
0
168
1
64
151
60
65
168
90
8
200
72
96
28
56
41
213
84
181
111
153
172
24
5
176
25
152
73
16
114
51
189
72
87
32
234
3
212
16
42
141
128
6
8
2
2
161
96
160
3
4
17
4
42
4
144
193
34
17
68
196
128
200
77
2
52
193
64
140
152
194
4
169
8
10
203
14
10
0
193
176
81
182
79
114
210
0
10
36
64
120
179
47
19
150
160
176
243
222
73
76
11
147
176
0
227
168
103
0
170
67
4
80
132
153
130
9
72
195
78
166
9
68
147
13
24
166
204
64
132
48
210
101
18
101
170
17
102
192
64
168
32
20
46
111
165
3
238
24
40
126
213
242
93
52
72
129
226
11
241
73
35
65
226
76
42
231
241
16
114
168
246
48
186
194
53
64
133
139
227
203
76
139
106
237
193
78
187
15
8
170
129
88
68
34
222
125
2
253
171
53
246
69
116
252
100
26
30
78
135
67
248
56
44
124
145
209
127
156
76
134
232
7
150
76
6
33
114
13
2
0
56
8
248
38
116
16
186
74
135
192
21
11
34
13
8
129
203
236
160
74
218
65
124
148
194
64
7
35
198
223
144
193
32
53
138
232
106
120
52
114
167
117
241
39
107
186
232
40
67
244
29
88
64
7
227
151
181
232
243
97
78
0
206
0
8
1
88
4
3
40
16
42
1
0
21
77
161
5
42
133
128
68
0
52
128
65
5
1
64
133
2
128
80
168
16
67
32
49
2
128
160
162
22
16
161
20
210
54
200
160
65
68
0
148
5
67
8
23
65
6
36
0
98
68
72
68
3
1
152
0
0
4
78
0
2
41
0
0
134
129
3
11
68
0
68
10
128
12
0
76
149
9
9
130
8
0
24
48
6
52
139
0
36
7
6
32
98
0
97
14
140
4
144
64
36
116
48
1
26
36
42
128
40
8
0
12
68
49
32
76
42
247
240
56
254
168
103
24
190
202
53
64
165
217
226
137
200
131
106
229
1
76
155
13
93
166
199
72
71
35
214
117
146
125
33
117
190
233
116
236
116
122
174
103
131
103
235
186
108
124
81
240
93
189
76
134
226
135
245
202
35
97
246
248
23
103
181
246
55
59
249
188
254
243
23
77
185
91
231
242
252
79
100
120
194
148
180
30
168
172
152
248
212
116
185
112
45
86
191
214
114
129
253
222
92
27
158
192
163
200
92
136
173
92
9
240
31
157
73
136
246
51
156
94
6
42
177
253
59
247
113
116
115
169
254
240
190
194
53
109
137
139
227
250
204
203
110
120
193
228
190
142
168
238
137
218
68
114
251
120
39
221
191
84
54
5
212
220
68
26
30
74
163
67
220
184
45
94
21
240
63
157
73
132
252
35
156
92
6
34
177
76
46
243
113
56
246
172
103
16
186
202
53
80
165
153
226
137
8
195
106
253
1
78
155
29
92
166
199
72
199
33
214
101
146
101
32
53
190
233
100
108
36
114
174
103
165
39
235
58
108
60
83
246
93
156
72
134
226
135
245
202
35
105
118
131
134
128
2
201
128
132
3
2
33
8
70
162
71
6
1
13
43
164
144
193
38
27
75
82
86
81
98
128
39
131
70
143
152
67
32
57
136
104
42
100
24
64
161
213
81
183
75
48
238
8
8
244
1
88
1
39
147
150
165
146
243
108
78
68
10
130
48
9
202
160
7
0
162
66
6
128
132
11
34
12
11
225
210
213
37
91
203
17
88
144
196
0
134
163
198
79
144
67
32
25
138
232
66
168
20
48
161
101
113
183
107
184
234
168
11
182
29
88
80
7
35
151
177
10
99
104
66
249
19
103
181
246
53
59
248
252
126
243
19
205
233
217
231
242
253
79
100
120
194
148
180
14
168
174
152
218
148
116
185
112
45
86
191
214
118
129
253
222
78
27
158
194
163
200
92
136
173
92
1
96
30
157
73
128
246
51
156
126
198
34
177
253
59
247
113
117
115
169
254
224
154
194
53
103
133
203
243
242
204
203
110
105
129
165
182
143
168
234
137
218
4
98
185
120
7
221
191
84
118
5
213
222
68
26
30
74
163
66
220
152
45
126
149
240
63
133
73
128
252
39
158
92
6
34
49
221
59
247
176
84
115
169
254
224
154
194
53
101
133
139
243
226
204
139
110
101
129
229
190
143
136
234
137
219
4
58
249
124
7
221
251
21
118
5
212
222
68
26
30
74
135
67
220
152
44
126
149
224
63
149
73
132
188
1
190
92
6
35
177
76
43
243
241
48
114
168
198
8
250
194
53
65
151
219
227
203
204
139
110
109
137
102
27
13
136
170
193
84
6
50
219
117
19
125
171
117
246
205
84
136
116
26
30
110
135
67
252
216
45
126
181
209
95
181
72
132
232
11
252
76
6
33
242
76
43
211
241
48
250
168
230
8
154
194
53
80
150
155
226
203
204
139
110
47
137
70
147
13
136
166
197
68
4
58
136
117
18
125
171
81
118
205
84
136
116
144
62
110
135
99
254
216
44
126
245
243
93
183
72
132
234
11
245
77
6
35
242
3
134
128
42
201
138
6
2
32
32
32
66
168
99
6
1
12
43
161
144
193
103
27
203
82
87
81
230
168
39
131
70
159
216
195
32
41
136
104
42
108
24
104
129
213
113
183
75
48
230
136
10
228
0
88
145
47
147
150
181
176
243
108
78
253
59
247
177
213
115
169
254
232
154
226
53
103
193
203
243
242
220
139
102
109
129
165
182
143
136
234
137
219
4
98
185
120
39
220
255
80
118
133
213
158
68
26
30
74
143
194
220
136
45
94
149
112
191
133
73
128
188
33
190
92
70
34
49
255
51
117
53
247
49
59
248
228
31
241
51
237
201
145
83
242
253
79
116
104
162
132
52
142
168
238
153
210
4
116
185
120
45
156
191
90
52
129
213
158
74
27
30
194
171
200
28
136
173
84
5
104
190
149
73
144
182
49
156
124
6
34
177
253
51
119
49
223
33
43
248
224
43
241
50
237
201
131
83
242
221
15
116
107
130
132
60
142
168
234
137
210
12
112
185
120
39
156
191
66
116
5
212
158
66
24
30
74
143
202
148
136
45
84
4
98
190
133
73
128
176
33
156
92
6
32
177
253
51
119
177
213
49
43
248
232
154
226
51
229
193
203
243
242
220
15
102
105
128
133
180
142
136
234
137
210
4
96
185
120
39
220
255
80
118
5
213
158
66
26
30
74
143
202
148
136
45
84
37
96
190
133
73
128
188
33
158
92
70
34
49
255
51
115
241
253
50
41
206
96
250
193
54
102
211
131
83
242
220
15
110
107
128
173
60
142
136
234
137
210
44
224
187
112
135
148
251
113
118
5
214
142
66
24
92
74
143
202
148
200
45
84
53
112
190
167
105
128
248
33
158
92
6
51
177
78
43
147
241
48
114
168
206
0
170
67
52
65
130
155
242
66
204
9
78
11
129
230
26
15
136
162
201
195
32
48
218
117
150
124
171
81
246
5
214
138
96
16
92
106
143
3
156
90
44
126
181
83
94
181
104
128
232
1
220
76
6
115
241
76
35
179
49
0
230
168
231
0
170
67
4
80
132
155
162
12
72
67
78
26
161
70
147
157
8
166
204
64
132
48
146
101
22
101
171
25
38
64
64
152
96
16
142
102
239
3
254
25
40
124
83
113
93
20
72
129
107
11
244
76
34
65
226
251
23
101
244
247
53
63
249
164
95
241
19
205
233
48
71
240
253
79
100
120
234
144
54
30
170
167
152
218
16
116
185
98
44
22
187
210
112
145
221
222
74
27
158
192
161
192
92
136
165
16
5
106
30
159
73
144
242
115
158
94
150
40
177
251
115
101
180
247
37
63
120
228
31
241
51
237
201
144
87
242
253
79
116
120
162
128
52
14
168
175
153
210
20
116
185
112
45
156
191
194
116
129
213
158
74
27
31
194
169
200
28
136
165
80
1
104
190
159
65
128
178
49
156
124
70
32
177
255
115
80
51
221
48
47
216
70
35
233
50
228
202
192
83
114
215
15
84
43
162
129
60
134
140
235
73
210
44
224
57
112
167
148
255
64
116
5
215
10
66
24
88
66
139
202
148
200
39
84
36
104
190
231
97
128
184
33
158
28
6
180
49
215
115
80
114
221
48
14
216
98
35
161
50
164
203
192
83
114
215
13
84
11
162
137
60
134
128
235
105
146
40
224
57
120
167
156
223
64
116
7
215
134
66
24
89
66
143
200
148
192
55
84
36
40
186
231
107
128
56
161
30
28
70
180
49
20
33
145
208
0
130
96
103
66
128
67
4
80
70
153
18
124
10
194
134
135
41
67
131
145
2
230
204
0
164
192
192
15
26
99
36
141
138
194
72
40
48
181
224
36
113
39
110
178
202
169
123
54
73
120
209
39
27
215
227
32
99
201
66
20
51
144
90
1
130
98
7
66
128
131
164
112
70
9
18
124
138
194
150
135
59
67
199
145
2
230
204
0
164
197
96
143
26
67
36
153
10
194
72
168
25
181
224
52
117
163
110
178
202
169
75
182
73
120
209
39
19
215
227
48
99
201
74
2
2
128
130
9
210
0
6
0
34
2
4
0
97
3
0
12
2
33
128
192
37
66
67
64
17
144
6
0
128
1
66
215
32
65
32
81
8
104
96
96
20
48
41
213
16
181
111
25
172
24
1
244
29
152
73
19
242
51
181
64
83
32
106
131
0
0
2
201
72
2
8
2
0
2
38
32
6
64
49
66
2
5
20
0
128
169
0
66
148
8
9
146
10
11
0
16
166
89
146
33
66
15
134
129
192
4
0
0
30
44
148
64
4
80
36
5
2
32
163
136
32
0
32
4
4
50
0
0
2
128
2
9
210
4
6
32
34
10
4
0
101
3
32
13
10
1
128
192
37
66
67
64
84
144
6
0
130
3
66
215
32
67
32
81
8
232
96
96
28
56
175
213
80
245
111
25
172
24
1
240
29
152
73
18
242
51
181
64
83
32
234
249
51
119
53
246
55
43
252
252
190
210
21
77
185
219
231
242
252
75
102
120
195
164
180
142
168
172
152
216
20
112
185
120
45
84
191
86
54
129
253
222
68
26
158
64
163
202
92
168
45
94
1
240
63
157
73
144
244
35
156
94
134
34
177
249
59
247
49
212
119
171
254
240
190
210
53
109
137
219
227
242
236
203
110
120
131
164
180
142
168
238
137
218
4
114
187
120
47
213
191
86
54
5
244
220
68
26
30
74
163
66
212
168
45
94
5
240
191
141
73
144
244
35
156
92
6
34
177
255
115
115
53
221
32
47
216
192
43
235
50
229
195
193
115
242
221
15
68
107
136
133
60
134
136
235
137
210
12
224
185
112
39
220
255
64
118
5
215
142
66
24
30
74
143
202
148
200
37
84
36
104
190
135
105
128
184
33
158
92
6
48
49
2
2
136
130
9
218
4
7
0
42
2
4
0
101
2
0
77
2
33
144
192
37
66
67
64
17
144
6
0
0
1
66
215
32
81
32
91
72
232
96
96
28
56
45
213
20
245
111
153
168
24
5
244
29
152
73
19
242
51
181
80
83
32
234
2
2
128
130
9
210
4
6
0
34
32
0
0
97
3
0
77
2
33
144
192
37
66
67
64
17
145
38
0
128
1
66
215
32
65
32
91
8
104
96
96
28
56
41
213
20
245
111
153
172
24
1
244
29
152
73
19
242
51
181
80
83
32
234
1
1
0
16
0
130
6
0
34
4
39
2
128
80
33
3
4
107
0
130
192
36
64
194
64
22
129
100
0
0
1
65
151
48
81
32
16
72
232
96
112
28
56
39
213
80
245
111
153
168
8
5
240
25
152
65
17
115
51
181
80
83
32
234
1
5
0
16
0
130
2
0
2
4
7
2
128
64
33
3
4
105
0
128
192
36
80
66
64
16
148
68
0
0
1
65
135
16
83
32
16
8
234
72
96
24
48
35
213
80
181
111
17
168
8
5
176
25
24
65
49
3
19
181
0
83
32
234
249
23
103
245
246
53
59
249
188
254
243
19
221
249
121
71
176
253
79
102
124
226
148
48
30
168
174
152
248
208
116
185
114
44
86
187
214
114
144
253
222
78
27
158
192
167
192
92
137
173
28
5
242
31
157
73
144
246
51
156
94
86
42
177
249
23
103
245
246
53
59
249
188
254
243
19
205
249
89
199
240
252
79
102
120
162
148
52
30
168
172
152
216
208
116
185
96
45
86
187
214
114
129
253
222
78
27
158
192
163
200
92
136
173
92
1
112
30
157
73
144
246
51
156
94
70
42
177
249
23
103
181
246
53
59
248
188
254
211
23
205
233
89
231
242
252
79
102
120
130
132
52
14
168
174
152
216
16
116
185
112
45
84
191
214
118
129
253
222
78
27
158
194
163
200
92
136
173
92
1
240
30
157
73
128
246
51
156
94
70
34
177
253
63
247
113
244
115
169
254
248
190
194
55
109
221
203
243
242
204
203
110
120
128
164
188
142
168
238
137
222
4
114
187
120
39
220
191
84
54
5
245
222
68
26
30
74
163
202
212
136
61
92
5
240
191
143
73
132
244
35
158
92
6
38
177
220
59
247
245
112
123
41
254
248
186
194
53
101
145
203
227
226
204
203
110
109
137
103
190
143
168
170
129
218
70
50
219
121
7
245
187
117
246
197
213
220
84
26
30
106
135
99
252
152
45
126
53
240
63
159
77
132
252
7
190
76
6
33
240
76
59
247
245
112
123
40
246
120
190
202
53
65
149
219
227
235
204
203
110
109
137
102
186
15
136
170
129
217
68
50
203
117
3
245
187
117
246
197
245
220
116
26
30
110
135
99
252
152
44
126
181
209
63
159
72
134
232
15
190
76
6
35
240
251
23
109
245
246
53
59
249
180
127
241
19
221
233
49
71
176
253
79
102
120
226
144
50
30
170
167
152
216
80
116
185
114
60
22
187
210
112
144
253
222
78
27
158
192
135
192
94
153
173
28
5
104
28
159
73
144
246
115
156
94
22
40
177
251
19
101
181
246
53
59
248
180
127
241
19
205
233
17
71
240
253
79
102
120
162
132
60
14
168
175
152
218
16
116
185
112
45
28
191
214
116
129
253
222
78
27
158
194
163
200
92
136
173
92
1
104
158
157
73
144
242
51
156
124
6
32
177
253
59
119
245
253
50
41
222
224
250
227
55
103
209
203
243
242
220
15
110
107
136
165
60
142
136
234
137
210
4
98
191
112
39
244
255
81
118
5
215
142
64
26
30
106
143
202
148
200
45
86
53
112
190
135
73
128
248
33
158
92
6
39
177
255
119
115
117
253
48
47
216
224
163
225
50
231
219
193
83
242
213
15
94
43
136
165
60
134
136
235
137
210
44
224
191
112
167
180
255
64
116
5
215
142
66
24
94
74
139
202
148
200
47
84
53
120
190
167
105
128
248
33
158
92
6
180
49
55
244
80
34
221
160
7
8
98
1
161
114
164
75
132
81
118
167
4
208
227
38
17
69
134
148
105
111
146
60
193
33
10
172
156
158
43
24
3
223
1
194
14
201
192
89
190
7
192
118
16
4
44
160
104
227
58
51
180
18
184
241
180
9
255
115
117
117
253
48
47
216
224
43
243
50
237
201
193
83
242
221
15
116
107
168
132
60
134
136
235
137
210
12
96
185
120
39
148
255
66
118
5
215
142
66
26
30
74
143
202
148
136
37
84
4
104
190
135
73
144
180
33
158
92
6
36
49
255
51
101
53
255
33
59
248
228
47
241
50
237
201
144
87
242
221
15
116
106
170
128
60
142
168
239
153
210
52
116
185
112
45
156
255
74
116
129
215
158
74
25
30
194
169
200
28
136
165
84
5
104
190
150
73
144
178
49
158
124
6
32
177
255
55
119
53
255
33
59
248
224
63
241
51
237
201
131
115
242
253
15
118
104
170
132
188
142
168
239
153
210
20
116
185
120
45
156
191
90
116
1
213
158
66
27
30
202
171
200
28
136
173
84
5
96
190
149
73
128
182
49
158
92
6
32
177
251
51
103
53
254
53
59
248
228
63
241
51
237
201
145
71
242
253
79
102
120
162
132
60
14
168
174
153
218
20
116
185
112
45
156
191
82
116
129
213
222
74
27
30
194
163
200
92
136
173
84
5
96
190
157
73
128
182
51
158
124
6
32
177
253
59
119
117
253
49
43
248
232
186
194
55
109
201
203
243
242
220
143
102
105
136
164
188
142
168
234
137
218
4
104
187
120
39
212
255
80
118
5
213
158
70
26
30
74
143
202
148
136
45
84
53
112
190
133
73
128
188
33
158
92
6
38
49
253
63
119
113
254
55
171
248
248
190
242
55
109
217
203
243
242
252
79
110
120
130
164
188
142
168
238
137
222
4
114
187
120
47
220
191
94
54
5
213
222
68
26
30
74
163
202
212
136
61
92
5
240
191
143
73
128
244
35
158
92
6
38
177
249
51
119
117
246
53
171
248
252
190
210
55
237
201
219
231
242
252
79
110
120
130
132
188
142
168
174
153
218
4
112
187
120
45
220
191
86
54
129
245
222
68
26
30
74
163
202
92
168
61
92
5
240
190
141
73
128
180
51
158
92
6
38
177
249
51
103
117
246
53
187
248
252
190
211
23
205
201
219
231
242
252
79
110
120
130
132
188
14
168
174
153
218
20
112
187
112
45
220
191
86
54
129
245
222
78
27
30
194
163
200
92
136
45
92
1
240
190
157
73
128
246
51
156
92
6
34
177
12
3
5
48
0
149
32
103
0
134
67
4
80
164
25
2
8
72
193
98
150
32
64
147
89
24
132
128
64
132
48
128
82
18
65
168
17
106
192
0
56
52
56
38
102
164
35
106
25
168
40
5
210
29
24
8
1
194
19
181
72
83
97
226
3
6
0
2
13
128
0
0
34
0
7
64
160
18
32
17
4
35
0
144
193
36
81
67
192
16
192
76
32
32
129
64
159
184
192
36
41
8
2
65
68
17
12
1
128
80
182
79
48
234
8
7
182
0
88
129
63
19
150
180
32
115
100
74
12
3
133
48
0
241
32
119
0
130
67
4
80
164
25
2
9
8
193
74
148
32
64
147
89
24
132
132
64
134
48
128
74
16
65
168
17
42
192
0
56
52
48
38
102
165
39
106
27
168
40
87
242
29
24
8
7
195
19
181
64
99
65
226
4
7
4
16
0
153
38
113
0
146
74
2
208
53
9
2
13
9
193
194
212
36
64
211
81
124
149
228
64
134
161
192
223
16
65
32
25
8
232
104
124
52
56
167
245
101
183
111
155
136
40
3
240
93
88
72
7
195
19
181
64
115
96
106
