posters/Movie Poster 34.jpg
512
341
50
-16.5121
-1
0
185
168
0.00620359
31
-15.7247
-1
0
183
172
0.00662696
31
-74.7805
-1
0
128
100
0.00622093
31
21.2237
-1
0
117
141
0.00700072
31
-82.1042
-1
0
109
102
0.0106606
31
-171.384
-1
0
325
192
0.00641374
31
49.1849
-1
0
190
123
0.00684218
31
117.553
-1
0
228
205
0.00950416
31
-71.8781
-1
0
367
159
0.00635732
31
-105.124
-1
0
228
202
0.00728042
31
-36.0274
-1
0
133
198
0.0037531
31
17.7305
-1
0
127
112
0.00483328
31
71.9753
-1
0
306
101
0.00469296
31
-161.806
-1
0
346
223
0.00510466
31
-79.6611
-1
0
373
163
0.00416479
31
-30.6507
-1
0
113
181
0.00410611
31
46.9863
-1
0
277
130
0.00386763
31
-67.6199
-1
0
366
157
0.00407618
31
-43.5891
-1
0
115
195
0.0044142
31
152.83
-1
0
392
146
0.00441424
31
-43.6028
-1
0
206
197
0.00378743
31
117.829
-1
0
319
115
0.0041679
31
57.0613
-1
0
278
123
0.00412361
31
-170.248
-1
0
329
183
0.00441688
31
120.147
-1
0
324
115
0.00558328
31
-22.7824
-1
0
167
222
0.00382561
31
106.991
-1
0
230
101
0.00380655
31
-30.2032
-1
0
123
157
0.00526917
31
24.2492
-1
0
119
141
0.00567094
31
104.303
-1
0
229
104
0.00398886
31
-83.0317
-1
0
100
104
0.00513565
31
28.0016
-1
0
271
156
0.00488298
31
-83.6598
-1
0
116
102
0.00509055
31
104.001
-1
0
240
103
0.00542042
31
-71.0296
-1
0
126
194
0.00383885
31
114.349
-1
0
317
114
0.00358654
31
-93.9452
-1
0
376
170
0.00330057
31
145.48
-1
0
333
124
0.00356599
31
-173.767
-1
0
329
178
0.00359359
31
-174.479
-1
0
326
174
0.00315543
31
-35.8033
-1
1
133.2
199.2
0.00230099
37.2
60.8953
-1
1
276
124.8
0.00225733
37.2
-32.0054
-1
1
145.2
207.6
0.00229035
37.2
-132.745
-1
1
388.8
193.2
0.00270064
37.2
-48.0775
-1
1
126
192
0.00194613
37.2
-144.537
-1
1
381.6
199.2
0.00206685
37.2
-22.4965
-1
1
152.4
216
0.00185405
37.2
57.2361
-1
1
277.2
128.4
0.00188774
37.2
-159.749
-1
1
361.2
214.8
0.00180209
37.2
55.008
-1
2
259.2
174.24
0.00148245
44.64
50
64
7
128
208
34
24
130
35
70
48
46
0
193
0
43
132
19
74
101
161
33
192
101
72
107
68
216
168
7
26
8
33
71
151
132
85
178
49
168
105
116
100
92
56
33
213
16
245
107
153
172
24
0
244
29
156
73
24
178
51
189
88
87
32
250
6
34
145
162
24
130
36
70
34
56
0
1
0
131
160
19
106
199
161
96
192
5
72
83
12
152
160
15
18
8
49
66
23
132
85
178
49
248
33
100
100
64
56
33
69
20
117
111
24
172
24
4
242
24
156
73
0
242
19
149
88
87
32
122
84
34
147
181
32
210
42
103
65
162
67
144
192
161
145
2
138
73
225
107
138
37
70
155
201
75
134
166
0
132
33
202
87
16
117
170
21
168
224
66
36
40
177
167
247
8
99
107
26
168
41
243
241
93
60
72
68
235
19
241
72
83
97
126
52
59
215
158
40
12
12
39
198
36
59
18
197
231
155
18
127
131
98
162
159
175
67
199
219
119
247
120
0
140
193
226
207
28
71
190
136
24
243
78
36
92
161
167
181
112
181
111
147
236
137
75
176
25
25
81
40
115
83
177
120
241
105
106
69
2
144
48
201
162
38
68
32
32
130
1
128
97
161
3
130
41
129
64
200
37
74
99
68
136
128
231
56
4
33
71
151
144
81
32
49
200
33
102
100
52
56
1
117
85
199
75
24
236
56
36
245
93
24
8
26
170
151
181
8
87
33
74
7
145
200
32
221
170
159
72
176
11
128
98
170
75
132
17
224
237
39
212
229
39
131
119
70
222
249
47
82
14
97
33
215
44
85
190
82
56
233
116
120
92
56
11
213
81
183
79
153
172
24
1
240
29
156
65
16
178
51
189
24
87
32
250
64
0
147
159
8
198
248
103
148
250
2
133
17
192
153
6
110
26
193
67
220
47
222
27
89
138
166
70
64
129
49
238
231
2
103
48
17
168
233
116
240
92
48
166
247
20
129
111
153
172
56
1
244
29
156
65
17
242
51
189
88
87
33
251
84
33
145
180
0
130
108
78
2
34
1
16
64
194
128
18
12
11
32
70
10
173
64
131
140
146
242
205
0
40
0
8
18
18
149
139
0
236
66
67
32
160
181
65
39
12
165
14
82
162
32
246
35
120
116
130
193
11
25
195
8
33
209
98
211
249
155
95
192
194
220
134
75
163
45
200
134
199
6
186
239
195
48
39
142
45
102
67
235
215
243
111
3
43
194
43
151
183
49
223
10
77
238
114
50
218
169
105
191
28
253
191
209
136
42
247
180
65
52
235
81
251
48
123
88
117
81
234
5
2
144
32
9
160
32
76
0
40
194
37
128
1
137
17
76
8
129
80
193
40
74
73
4
8
64
199
16
36
161
70
29
146
121
32
37
136
40
2
45
32
10
65
110
129
63
227
88
82
104
48
164
196
120
32
7
11
135
163
128
35
149
70
187
212
109
174
62
117
29
185
244
254
253
154
109
13
23
79
185
244
71
240
120
130
149
60
60
189
189
187
211
23
119
251
192
44
151
254
218
57
33
117
122
202
51
191
212
112
244
109
8
189
18
9
216
158
156
81
48
176
57
156
254
215
46
187
7
209
16
43
221
128
12
8
34
11
9
106
160
79
4
25
109
39
36
80
202
38
138
105
70
214
115
107
146
42
161
33
22
166
157
155
35
45
107
118
33
202
40
105
87
16
252
23
80
150
16
36
36
128
236
105
24
178
176
157
28
87
176
34
35
198
0
42
205
136
6
1
34
65
32
234
168
11
4
21
68
35
32
144
193
36
27
96
80
212
73
47
50
56
129
65
135
164
80
16
33
8
41
42
101
26
40
169
213
16
244
79
16
244
24
12
244
0
216
1
58
178
182
181
16
83
44
74
48
33
125
158
50
85
17
117
246
196
21
148
93
62
191
102
251
212
66
41
16
114
196
166
25
48
148
24
41
202
22
41
212
36
39
186
210
120
201
124
52
89
53
38
180
180
97
110
147
172
175
13
178
25
148
93
56
114
59
221
89
87
34
251
114
251
147
223
98
203
220
167
207
129
57
248
51
198
159
250
255
131
120
135
143
47
103
135
219
71
247
109
3
170
150
34
199
47
71
159
202
28
234
118
50
89
165
111
189
124
181
46
215
174
137
211
178
25
16
211
65
251
80
49
120
113
241
234
187
212
238
206
63
119
221
63
180
126
253
249
47
189
54
109
241
244
115
249
240
86
244
63
62
173
225
27
127
89
118
235
237
108
157
254
214
117
105
253
122
202
123
191
214
177
245
108
27
191
30
13
232
24
158
69
176
242
123
156
250
222
46
249
76
42
239
153
24
243
163
124
152
190
194
21
209
52
185
194
139
93
203
42
252
49
78
155
77
104
136
166
72
197
49
203
255
2
85
168
20
250
237
60
120
52
50
38
117
165
65
107
185
172
56
37
241
29
156
72
20
234
55
189
72
87
97
250
211
221
155
95
234
194
222
134
75
229
45
204
150
198
38
186
239
211
60
39
142
61
102
75
235
215
243
111
3
43
214
47
151
183
49
95
10
205
238
115
114
219
237
105
191
28
253
191
213
136
58
247
180
97
52
227
81
251
48
123
81
117
19
254
43
220
174
140
47
63
28
51
53
126
29
139
30
156
125
79
173
220
33
232
208
4
144
123
123
93
185
26
81
87
61
127
193
36
21
250
210
124
168
117
114
222
56
175
223
148
244
109
153
173
26
5
232
29
158
73
16
242
59
189
90
71
34
178
175
22
32
39
255
160
172
24
4
57
210
103
160
78
34
85
169
61
3
208
233
46
27
92
70
94
240
163
210
119
171
198
79
172
87
54
123
56
233
103
105
68
82
43
197
69
191
121
56
230
24
5
246
158
156
97
18
179
183
181
170
71
36
74
68
34
215
8
24
98
160
246
208
184
194
53
64
151
139
130
203
8
195
66
241
3
76
151
200
41
28
132
65
140
33
206
205
2
101
174
21
176
37
124
56
20
48
166
69
241
3
232
59
44
237
144
241
28
24
64
6
232
15
225
72
71
97
70
30
217
142
253
46
221
216
3
63
243
21
200
159
112
116
94
188
223
36
251
134
117
194
115
109
215
177
126
116
179
149
107
151
60
209
138
218
89
232
115
112
29
121
45
245
20
245
111
155
174
25
7
240
29
156
89
16
243
51
189
120
83
40
251
101
46
183
145
25
199
163
125
156
252
130
53
81
156
187
198
203
60
195
2
252
35
222
147
81
104
132
6
64
136
33
207
79
2
71
186
16
186
237
124
120
116
48
166
69
96
33
227
185
44
56
9
240
29
156
64
16
226
35
189
74
87
41
250
7
7
128
48
217
162
170
73
0
66
129
100
128
66
129
21
224
9
1
86
195
37
82
67
68
218
224
109
18
12
33
0
199
36
85
186
16
56
233
100
96
88
48
169
213
85
183
111
152
172
24
5
240
29
156
65
16
178
19
181
24
87
32
106
11
137
136
180
47
152
220
0
31
225
23
206
154
92
36
25
172
219
36
243
134
52
194
115
109
214
145
126
80
51
149
99
151
60
81
138
218
72
232
115
80
29
57
45
245
20
245
111
153
174
25
7
240
29
152
73
16
243
51
189
120
87
36
250
43
4
108
162
223
173
131
25
180
92
150
119
189
121
57
69
128
117
67
112
240
118
152
116
52
184
8
17
254
88
61
201
23
108
94
154
114
122
9
28
213
213
94
14
64
132
208
73
25
60
152
12
242
21
157
9
56
98
58
188
74
15
44
248
4
43
147
213
32
210
164
103
0
144
67
213
192
21
153
2
11
137
161
75
197
37
66
211
77
91
132
164
4
140
0
74
199
16
101
186
80
56
233
100
112
28
49
167
245
4
181
111
153
172
41
3
240
29
156
72
4
242
19
181
88
87
33
250
54
250
211
43
17
232
164
78
219
153
234
249
231
23
207
152
251
130
163
91
229
7
103
213
197
223
117
239
71
174
226
170
141
44
111
190
61
56
233
124
105
92
50
161
215
113
55
110
184
190
169
3
240
21
125
81
6
242
23
229
56
87
96
90
84
187
215
222
40
24
28
102
195
38
41
154
199
231
159
26
255
131
98
34
207
173
67
207
219
119
247
123
0
172
193
98
215
28
71
190
8
188
243
126
36
94
161
175
181
112
181
111
147
172
24
67
176
25
29
81
0
243
19
53
120
113
97
234
4
171
135
93
32
218
188
102
24
144
71
221
194
53
137
138
169
201
160
107
196
45
66
211
77
91
148
166
68
12
33
106
215
48
117
186
82
56
233
116
112
28
57
39
245
20
245
111
153
172
8
7
240
29
156
73
16
242
51
189
88
87
32
250
5
6
128
40
221
160
34
84
32
42
128
33
128
9
132
1
136
105
131
192
233
35
90
73
68
8
136
39
16
4
33
69
143
144
215
32
33
168
33
34
108
32
42
129
85
81
183
67
48
228
24
0
229
24
88
0
18
162
151
181
136
211
36
75
77
6
190
49
104
183
58
117
16
250
194
5
192
129
11
2
12
73
219
194
249
133
78
153
89
104
168
198
64
5
161
198
79
17
85
41
21
168
228
98
248
4
56
142
231
33
131
123
153
236
24
7
241
93
152
65
22
251
51
181
72
18
96
230
69
6
144
53
8
136
38
65
8
240
66
7
128
181
137
2
2
9
129
67
204
37
74
83
77
202
128
134
64
4
33
70
151
144
113
40
49
138
224
102
96
60
56
162
229
17
231
107
25
236
40
33
245
93
153
8
2
234
19
181
72
87
33
122
5
135
85
4
0
136
38
64
40
0
3
66
128
115
204
1
130
1
36
97
198
36
64
227
65
222
145
44
32
10
1
0
214
4
81
154
0
24
233
36
100
28
56
167
245
16
245
111
152
164
24
1
240
29
156
9
0
242
19
165
88
87
32
122
40
46
103
131
40
253
165
119
253
253
94
85
95
61
216
166
251
196
239
41
244
66
252
189
121
253
13
182
108
211
49
223
69
108
103
176
222
178
173
60
253
84
58
183
77
162
124
225
169
37
207
136
248
29
143
76
36
244
35
252
202
7
40
254
30
220
206
253
46
221
216
35
63
247
87
220
158
120
124
222
188
219
32
251
150
117
194
115
249
215
177
126
117
243
245
107
215
60
209
138
219
89
232
123
240
29
125
45
213
20
247
111
155
174
25
15
240
29
156
89
16
243
51
189
121
219
104
251
118
53
245
150
87
199
95
47
199
64
149
48
63
234
164
86
127
19
112
149
19
127
211
231
146
119
249
125
34
184
212
41
142
45
37
158
138
72
91
93
52
201
181
227
173
60
245
46
87
166
137
207
50
56
80
223
104
63
82
211
57
189
189
74
6
193
136
252
47
130
220
11
39
226
133
224
178
70
36
31
137
51
32
147
198
45
80
67
85
215
243
111
18
186
1
98
135
190
87
170
122
104
234
112
96
124
48
105
213
85
181
111
153
174
24
1
240
21
252
65
17
243
247
189
24
119
160
74
7
5
144
52
201
162
166
72
0
64
67
102
128
79
128
17
234
11
1
70
199
37
194
83
70
218
176
109
82
0
33
1
199
36
85
186
17
56
233
116
96
92
16
139
213
17
183
79
153
172
24
1
240
29
156
65
16
242
51
189
24
87
32
122
71
139
214
245
233
130
254
64
56
21
71
91
142
127
130
16
224
155
33
102
198
45
194
115
78
218
178
127
242
8
33
43
215
38
85
186
83
120
249
124
112
92
24
15
213
16
245
79
153
172
24
5
240
29
156
73
16
242
51
189
88
87
32
250
171
198
108
168
191
53
29
177
180
126
124
154
9
57
118
69
137
124
69
240
120
210
180
48
28
189
149
50
251
18
51
217
224
44
150
250
210
112
161
181
118
78
26
159
208
144
196
72
26
173
28
9
216
29
142
24
24
224
49
156
94
214
46
185
101
46
183
17
8
197
163
109
152
252
194
21
209
60
155
230
235
237
195
98
252
33
222
153
93
232
12
38
64
137
49
79
103
3
101
186
20
250
237
124
240
84
56
166
69
160
9
227
153
44
56
61
240
29
156
65
48
234
35
173
202
7
33
242
43
68
108
160
159
61
133
88
164
102
223
6
153
28
121
101
128
124
71
112
240
82
152
116
28
188
133
3
210
83
61
219
96
44
215
170
82
114
129
154
216
85
84
12
212
70
196
73
27
45
16
13
218
29
141
16
48
226
51
188
200
158
40
184
59
213
110
222
54
23
217
178
54
222
61
130
29
121
53
111
244
244
100
190
18
124
144
115
56
183
163
24
125
90
118
57
242
100
53
250
218
120
218
125
54
75
189
47
150
148
209
110
137
173
16
5
184
24
156
77
25
242
123
159
89
206
42
179
168
6
228
128
159
125
1
53
60
125
122
85
29
61
30
228
137
116
65
97
240
192
254
48
89
41
8
18
253
208
59
205
85
100
87
184
86
114
169
188
213
212
26
159
192
2
228
96
153
36
222
8
192
31
158
28
184
240
35
188
74
22
40
248
176
21
100
214
54
77
81
183
150
84
23
87
31
120
82
230
254
214
68
35
84
170
164
162
89
51
181
24
184
218
86
57
194
36
85
250
214
114
203
220
208
93
149
159
128
38
225
108
147
172
153
13
240
31
156
73
32
114
113
57
90
22
44
248
47
196
108
168
159
52
133
89
164
70
172
66
137
45
61
69
128
124
3
112
240
82
24
112
116
180
13
1
254
24
49
209
212
76
159
138
66
120
41
56
62
194
24
141
84
208
212
73
25
60
16
4
88
29
205
24
24
226
59
156
72
215
42
177
77
46
247
193
24
215
163
253
152
252
202
21
209
52
187
230
235
253
203
106
252
33
94
217
93
232
12
166
68
201
49
79
111
3
117
186
20
250
237
124
240
84
120
38
101
166
73
227
153
44
60
53
242
29
156
65
20
234
35
173
74
71
33
242
48
37
117
154
2
77
5
103
231
196
22
148
29
63
188
198
251
146
64
41
16
34
244
166
217
161
132
8
35
152
88
105
132
36
97
190
194
90
131
92
148
23
60
166
4
54
101
110
145
36
203
12
48
25
149
77
56
114
98
124
91
70
42
250
92
50
243
49
248
178
170
229
72
187
241
58
196
225
147
82
242
137
235
194
233
165
79
220
220
8
238
239
64
132
161
214
119
144
76
175
29
188
165
230
236
76
49
140
243
61
147
23
186
236
8
99
242
93
88
89
198
251
147
144
124
114
96
101
