posters/Movie Poster 102.jpg
512
288
118
-56.3099
-1
0
369
177
0.000371818
31
-90
-1
0
163
189
0.000382367
31
-152.85
-1
0
121
172
0.0007522
31
-13.134
-1
0
380
171
0.000726201
31
-25.9065
-1
0
385
170
0.000670333
31
-101.929
-1
0
291
170
0.000653116
31
-22.6199
-1
0
382
169
0.000702611
31
-16.3139
-1
0
395
168
0.000602195
31
-27.2161
-1
0
385
168
0.000517895
31
-103.699
-1
0
293
168
0.00046317
31
-93.8917
-1
0
288
168
0.000417285
31
-156.644
-1
0
110
173
0.000444324
31
-63.2427
-1
0
218
167
0.00041096
31
-73.4791
-1
0
222
166
0.000416956
31
-29.1975
-1
0
258
165
0.000392047
31
-60.8594
-1
0
216
165
0.000389694
31
-33.4078
-1
0
395
163
0.000643996
31
-13.4652
-1
0
410
161
0.000541149
31
8.61565
-1
0
380
173
0.000648593
31
9.21103
-1
0
384
158
0.000426492
31
-83.5812
-1
0
215
158
0.000486544
31
-12.6086
-1
0
410
156
0.000481105
31
22.249
-1
0
387
156
0.000398382
31
2.5448
-1
0
256
156
0.000372995
31
-67.751
-1
0
221
156
0.000527738
31
-91.9415
-1
0
217
156
0.000436116
31
-152.103
-1
0
121
156
0.000565836
31
38.4181
-1
0
260
155
0.000657163
31
14.5742
-1
0
399
154
0.000643508
31
-58.6713
-1
0
371
174
0.000574455
31
-74.5778
-1
0
358
182
0.000423271
31
-159.034
-1
0
111
152
0.000648811
31
-153.083
-1
0
113
175
0.00121423
31
24.3864
-1
0
413
149
0.000436435
31
24.4919
-1
0
411
149
0.000533086
31
135.49
-1
0
113
144
0.000519763
31
-150.803
-1
0
113
177
0.000778221
31
-75.7355
-1
0
350
177
0.000379607
31
115.017
-1
0
248
129
0.000485551
31
-123.69
-1
0
162
185
0.000394975
31
9.16235
-1
0
243
127
0.000441058
31
-139.399
-1
0
121
178
0.000505836
31
160.56
-1
0
249
125
0.00106698
31
90
-1
0
248
122
0.000849946
31
35.1342
-1
0
242
122
0.000620612
31
-86.4237
-1
0
361
178
0.000583629
31
-109.855
-1
0
153
179
0.00039122
31
-71.565
-1
0
349
180
0.000656611
31
-4.98936
-1
0
154
105
0.000439986
31
-75.3791
-1
0
362
180
0.000493779
31
65.9168
-1
0
242
102
0.000514729
31
68.649
-1
0
238
99
0.000422333
31
-19.7989
-1
0
283
141
0.000264179
31
-127.999
-1
0
154
181
0.000357646
31
-120.256
-1
0
362
171
0.000350854
31
-1.01398
-1
0
414
180
0.000321116
31
-113.629
-1
0
296
165
0.000269305
31
-83.3387
-1
0
286
165
0.000272493
31
-115.641
-1
0
153
184
0.000365452
31
0
-1
0
373
163
0.000267769
31
34.6952
-1
0
376
157
0.000297762
31
50.4403
-1
0
264
156
0.000313779
31
93.9725
-1
0
298
104
0.000345119
31
-104.036
-1
0
362
174
0.00034759
31
-157.751
-1
0
109
153
0.000345599
31
48.5763
-1
0
388
150
0.000367786
31
50.7442
-1
0
400
146
0.000360639
31
34.1918
-1
0
284
109
0.00031546
31
140.711
-1
0
121
145
0.000342399
31
142.431
-1
0
119
145
0.000334273
31
45
-1
0
408
143
0.000273522
31
-23.4287
-1
0
374
175
0.000322478
31
132.78
-1
0
113
142
0.000326917
31
-50.1944
-1
0
243
141
0.000322117
31
-160.894
-1
0
377
112
0.000330315
31
-95.1944
-1
0
166
186
0.000321147
31
56.7251
-1
0
239
116
0.000365253
31
25.5139
-1
0
396
177
0.000287677
31
-124.695
-1
0
130
178
0.000288046
31
-28.1361
-1
0
160
119
0.000308804
31
43.2643
-1
0
240
119
0.000344193
31
-82.5686
-1
0
266
164
0.000254551
31
27.7585
-1
0
376
160
0.000257553
31
-14.8265
-1
0
385
172
0.00026239
31
35.9097
-1
0
381
156
0.000257541
31
165.964
-1
0
255
122
0.000252657
31
54.5829
-1
0
398
146
0.000249119
31
30.8424
-1
0
286
107
0.000244199
31
140.315
-1
0
259
120
0.000238864
31
20.9426
-1
0
270
124
0.000219378
31
-161.565
-1
0
173
184
0.000224752
31
42.6785
-1
0
402
148
0.000236259
31
90
-1
0
365
162
0.000232853
31
-149.036
-1
0
154
172
0.000222199
31
-4.39871
-1
1
259.2
154.8
0.000629256
37.2
13.6005
-1
1
387.6
154.8
0.000460387
37.2
90
-1
1
247.2
122.4
0.000481329
37.2
50.9061
-1
1
243.6
122.4
0.000547882
37.2
156.349
-1
1
121.2
145.2
0.000404794
37.2
-104.125
-1
1
294
165.6
0.000242775
37.2
-8.74616
-1
1
243.6
127.2
0.000319124
37.2
-87.776
-1
1
214.8
158.4
0.000270859
37.2
-92.4896
-1
1
217.2
156
0.000308958
37.2
-81.4692
-1
1
220.8
156
0.000307598
37.2
-22.6199
-1
1
264
156
0.00025418
37.2
0
-1
1
375.6
157.2
0.000290721
37.2
-19.9831
-1
1
256.8
157.2
0.000346299
37.2
11.7683
-1
1
381.6
156
0.000355555
37.2
-65.8391
-1
1
216
165.6
0.00017515
37.2
-56.3099
-1
1
364.8
162
0.00018731
37.2
-70.8444
-1
1
222
165.6
0.000186203
37.2
-65.7256
-1
1
218.4
166.8
0.000171941
37.2
-49.8645
-1
1
242.4
140.4
0.000230978
37.2
36.8699
-1
1
259.2
151.2
0.000224286
37.2
-90.4122
-1
1
286.8
164.4
0.000222118
37.2
-79.3803
-1
1
364.8
165.6
0.000206241
37.2
-80.9097
-1
1
354
166.8
0.000176848
37.2
-12.3391
-1
1
375.6
160.8
0.000175851
37.2
118
64
196
18
124
128
85
114
35
121
166
64
135
54
69
25
144
7
202
69
95
100
9
194
160
32
76
145
25
9
176
14
2
25
80
69
149
218
0
48
5
85
52
128
24
151
33
136
96
4
0
53
247
32
25
250
134
15
88
44
41
12
72
7
36
186
146
17
25
6
7
64
26
141
195
131
181
138
112
0
38
146
254
18
2
149
8
178
231
4
197
129
248
104
3
44
142
40
128
60
160
252
42
104
130
193
162
203
53
9
178
84
160
44
147
138
107
7
50
18
112
107
129
51
20
112
53
80
116
75
58
33
105
182
2
13
88
43
69
66
215
52
121
166
180
114
146
16
68
241
3
48
193
7
93
138
130
153
66
248
60
200
2
44
6
186
202
122
193
220
128
233
149
73
194
22
229
110
19
38
129
70
98
29
54
24
8
115
51
248
41
22
106
233
51
22
89
2
189
20
149
141
210
84
15
84
37
31
131
53
119
198
0
40
208
34
254
100
248
128
68
75
182
25
73
106
37
196
144
214
82
147
11
150
17
144
8
148
0
194
128
77
145
60
143
9
52
0
146
65
48
82
42
12
64
21
46
216
20
54
17
131
177
208
132
77
3
192
15
116
128
22
129
84
235
134
0
8
129
0
198
64
248
128
64
73
22
8
9
27
37
68
61
154
64
216
9
22
1
0
0
166
36
128
24
36
16
61
165
41
48
0
146
97
32
82
16
4
64
15
36
90
39
22
0
42
221
162
14
9
0
74
169
34
160
78
45
21
233
37
1
208
193
35
19
72
68
221
249
45
146
58
33
65
7
172
95
187
97
40
41
68
32
64
48
169
85
81
182
93
152
172
24
4
224
20
220
97
16
178
51
181
24
71
48
98
54
182
80
3
177
212
128
13
135
192
7
118
129
23
139
53
242
198
0
8
1
2
202
100
104
128
68
73
54
10
139
40
165
68
89
158
64
26
9
22
33
16
0
148
4
128
56
36
144
61
165
40
52
128
178
105
32
80
32
12
64
13
36
88
53
54
84
2
57
212
129
125
18
216
6
117
36
31
129
165
226
198
128
0
209
34
180
224
104
32
96
65
60
10
73
123
108
64
221
146
116
18
9
148
209
20
10
134
32
162
192
76
178
61
93
9
176
0
156
73
38
82
38
140
66
23
44
88
20
54
81
131
177
208
132
73
3
192
7
116
132
55
137
84
235
134
0
8
1
0
194
96
240
148
80
105
54
10
137
25
20
68
121
154
64
88
9
22
37
17
40
182
36
132
124
36
144
61
165
40
50
0
162
105
32
66
16
4
64
15
36
90
7
6
64
34
221
162
15
8
32
42
138
39
168
111
41
21
233
37
1
80
192
35
18
104
68
220
249
45
146
42
35
65
23
164
95
187
33
40
105
68
36
64
24
169
69
81
244
93
152
164
24
0
226
20
156
105
24
178
19
181
24
71
48
98
102
246
0
170
223
178
142
9
36
74
168
42
160
2
37
21
233
167
33
212
193
35
19
88
68
221
249
45
82
58
161
0
198
172
223
187
123
56
41
117
96
74
50
169
213
85
182
93
152
174
24
1
224
21
220
97
16
178
55
181
24
83
48
50
54
33
161
150
20
6
12
111
199
64
145
48
97
130
144
22
178
68
64
85
19
32
81
135
220
138
160
137
2
184
44
200
66
52
54
186
136
40
0
197
0
74
53
171
162
20
133
78
16
166
152
3
98
24
52
16
8
51
19
240
40
86
32
106
65
7
146
26
64
71
38
199
98
238
40
128
16
198
175
235
227
242
33
102
73
161
85
2
72
205
173
45
3
8
48
65
240
6
85
187
16
112
37
244
50
94
56
47
84
86
69
78
153
172
24
5
240
29
157
73
144
242
35
188
88
86
32
240
69
110
213
26
64
15
38
103
75
234
42
145
16
167
205
234
227
193
129
100
205
129
204
179
89
205
172
13
1
8
56
72
241
4
85
186
16
114
133
244
242
94
24
38
84
22
69
206
153
44
24
4
240
29
157
73
0
250
35
188
88
70
34
240
20
121
211
222
50
201
93
106
223
160
223
181
119
214
220
250
255
214
102
43
135
44
192
143
237
215
227
91
2
235
221
126
83
166
117
190
70
254
251
87
49
221
229
103
174
134
125
111
195
167
247
215
168
29
182
77
128
114
122
251
121
45
161
182
64
67
154
155
80
18
46
214
38
174
40
136
0
134
183
43
227
246
33
102
201
161
103
19
72
205
175
45
83
8
49
115
241
38
22
187
82
112
37
244
50
74
48
46
86
94
65
78
153
172
24
5
112
29
149
73
144
242
35
156
88
86
34
241
5
182
117
1
185
220
128
125
42
81
134
117
196
19
201
165
235
196
132
40
209
0
62
224
224
21
73
105
180
10
11
16
156
68
89
154
80
18
9
4
165
21
8
150
4
128
248
36
128
61
197
44
178
129
130
73
32
82
2
4
64
79
36
88
53
54
125
2
21
157
129
121
114
92
134
53
108
63
137
5
226
230
193
32
209
96
17
240
240
32
64
80
60
88
201
105
92
96
209
176
118
18
1
116
213
148
26
134
64
162
192
78
177
52
137
8
176
29
155
73
62
98
62
172
74
7
46
216
179
149
9
2
4
20
144
147
210
158
54
71
32
82
83
53
118
230
132
146
80
34
53
198
248
130
36
0
130
24
201
112
230
44
194
244
127
2
138
224
210
86
2
140
144
114
128
76
177
40
8
9
188
9
157
65
23
114
54
60
82
146
110
249
50
141
24
130
0
76
144
7
87
208
6
69
17
50
91
180
126
2
128
162
84
32
117
66
249
145
20
64
46
250
154
96
132
96
67
176
191
2
202
40
225
21
16
192
16
22
49
110
177
40
139
9
180
1
57
89
55
83
110
41
82
25
76
202
124
8
254
153
122
215
243
247
20
254
86
21
17
158
187
230
250
213
217
46
217
147
206
51
27
136
172
5
80
201
61
251
101
4
23
187
86
114
197
116
208
85
84
14
65
132
193
238
159
44
158
5
242
29
156
89
208
234
43
156
75
14
34
243
33
130
85
10
16
157
1
56
246
20
6
21
13
63
221
165
242
230
195
32
240
98
144
230
89
32
4
16
60
216
73
73
156
104
67
180
84
18
137
108
213
21
26
134
84
226
224
78
176
36
137
8
178
13
155
81
46
98
22
180
90
199
46
89
16
9
28
134
2
77
144
39
23
212
54
69
29
48
89
164
124
146
192
163
84
48
213
226
249
1
0
64
40
210
158
97
166
112
67
160
182
74
202
104
241
21
181
134
128
22
241
110
179
168
137
9
178
9
152
89
47
83
126
113
83
57
8
202
243
223
210
126
61
38
93
31
247
124
41
233
47
219
38
31
127
230
36
251
230
175
113
63
194
223
247
127
123
48
224
229
151
175
182
182
251
20
242
117
111
202
186
233
223
81
215
206
248
182
92
217
100
38
191
205
153
183
119
159
122
117
151
251
124
20
250
177
223
183
43
253
132
238
64
20
17
138
179
71
242
245
91
102
248
147
222
61
28
168
174
13
82
216
125
187
97
4
150
187
210
117
5
214
146
67
84
14
82
140
65
22
29
44
26
13
114
56
148
81
144
250
107
156
95
22
42
241
124
42
255
145
122
215
163
255
148
252
70
21
81
182
187
230
218
221
219
46
208
21
222
147
27
168
140
5
64
217
61
239
101
1
71
187
212
242
205
92
144
85
84
6
69
164
65
235
159
44
157
29
179
93
156
89
80
106
43
189
75
15
40
246
46
229
232
58
23
117
21
15
229
198
181
168
57
138
61
207
137
116
98
217
49
82
117
7
85
181
149
137
115
188
20
192
128
44
135
174
203
8
129
121
42
155
52
169
150
117
54
110
27
170
138
15
50
25
112
20
56
163
59
253
59
211
110
203
219
217
186
124
231
91
94
142
166
3
185
170
190
236
38
127
245
187
122
214
63
255
115
38
150
103
243
124
209
180
246
160
202
63
195
239
203
100
214
233
46
75
181
121
245
125
183
62
221
142
152
71
98
127
80
211
249
191
113
55
61
240
219
72
48
5
61
138
2
77
21
39
247
212
62
133
29
61
93
166
255
194
192
40
80
96
212
167
217
37
132
24
41
216
88
105
164
108
99
180
222
2
146
104
182
149
56
167
20
178
100
110
179
168
207
8
176
9
25
93
61
98
106
248
82
134
44
250
197
114
49
8
84
58
35
248
131
4
135
50
192
153
204
3
202
229
31
76
9
132
128
208
77
180
29
41
148
14
2
25
144
5
213
203
64
56
5
85
160
16
56
151
1
136
32
164
0
53
37
32
25
251
134
2
96
40
1
28
76
71
52
187
200
11
22
0
64
83
32
242
0
0
71
6
82
181
201
34
130
9
207
100
0
132
129
178
74
60
157
136
160
134
26
24
216
4
65
170
1
66
5
72
156
17
24
22
109
172
98
236
11
41
165
148
211
31
130
8
96
104
1
148
72
66
4
88
46
225
104
190
55
125
28
15
197
194
253
176
57
150
61
239
153
148
66
217
17
114
213
23
21
133
196
25
83
248
20
232
136
60
231
174
203
90
128
117
58
95
53
45
150
247
166
110
155
170
153
11
50
29
241
92
16
227
59
252
121
210
110
211
58
49
33
150
23
7
12
63
71
64
249
48
113
134
148
86
178
84
64
213
3
40
193
7
12
136
160
9
18
184
60
200
66
52
52
186
136
104
0
197
0
75
181
43
166
20
165
78
18
166
153
6
98
24
52
0
0
51
19
240
41
70
32
98
48
1
189
152
2
7
21
103
199
196
21
148
93
165
29
6
246
16
66
32
18
112
192
163
216
32
164
88
32
152
28
105
216
36
2
186
138
106
2
88
144
219
21
134
16
52
193
78
147
40
137
9
48
25
21
93
8
98
59
248
89
6
42
243
48
1
189
152
2
13
21
103
199
196
21
128
93
180
61
198
246
210
66
32
18
112
192
163
217
32
164
88
33
152
28
104
208
4
66
190
130
74
130
72
146
155
21
38
20
54
69
78
147
40
169
8
50
25
21
93
24
114
59
248
89
70
42
251
1
198
69
8
140
184
167
16
168
62
42
73
136
61
77
161
193
108
5
96
192
96
24
120
64
220
13
34
188
2
33
87
209
96
223
32
81
50
41
34
103
86
26
191
84
194
244
65
8
61
28
0
196
29
143
9
16
192
3
156
64
71
32
176
30
49
0
150
23
33
28
127
71
64
249
48
49
134
176
82
178
84
64
208
3
184
193
3
12
136
226
9
18
44
20
72
74
52
180
186
0
120
3
85
32
67
181
43
166
20
133
78
18
166
17
7
34
24
52
1
0
35
19
210
9
6
164
96
197
5
149
16
0
79
36
118
1
4
41
0
82
165
134
170
203
72
99
101
16
128
224
131
74
109
141
8
129
12
16
72
216
4
64
170
0
100
1
196
54
130
60
39
92
54
100
204
17
164
82
148
96
24
22
9
136
176
1
184
88
84
0
232
242
248
243
142
222
78
7
135
239
101
61
125
63
239
30
252
255
247
122
180
81
139
191
44
254
197
125
63
171
187
218
237
133
237
71
223
238
21
127
222
39
209
69
249
13
90
252
132
229
164
199
136
167
34
4
251
232
124
96
56
254
77
56
252
114
41
169
162
87
74
26
15
87
74
146
48
121
128
30
210
217
20
51
149
0
145
227
4
109
129
56
13
83
156
50
40
68
44
159
251
46
101
5
80
176
192
52
9
19
28
36
252
215
36
26
128
1
25
117
26
216
32
41
120
13
17
120
227
157
254
126
77
44
125
252
243
123
189
236
205
78
117
109
169
253
170
255
251
245
98
53
223
241
127
229
250
109
87
231
246
253
120
139
100
219
179
248
249
123
158
122
182
244
243
150
111
169
251
142
75
252
13
219
93
55
211
255
134
242
251
238
153
22
49
8
150
23
2
92
58
7
0
157
180
34
198
132
82
162
84
4
213
3
172
193
3
76
134
226
9
82
44
12
40
138
38
180
186
2
106
67
213
16
234
149
106
130
20
165
110
19
38
17
132
40
24
52
0
16
51
57
251
25
52
167
202
58
220
92
255
167
221
218
161
31
251
119
222
188
58
125
254
52
147
28
251
143
118
195
120
185
214
227
127
127
243
255
187
183
252
185
69
247
91
250
251
242
221
237
104
179
159
251
63
159
203
147
15
252
133
249
255
91
247
254
249
243
187
186
159
234
79
231
242
219
79
69
79
239
100
46
48
63
254
252
222
251
181
127
100
62
143
185
55
95
255
55
45
243
154
114
173
130
47
103
223
194
116
127
94
45
241
244
251
77
234
61
166
197
165
214
152
107
30
135
19
184
252
105
61
223
13
57
186
156
251
127
220
48
127
244
114
233
148
239
208
95
113
220
234
149
205
239
107
182
116
96
243
141
127
133
246
109
198
183
218
214
80
211
172
220
250
248
225
254
61
251
55
244
166
247
111
190
185
173
251
242
125
155
92
103
223
19
199
113
251
109
254
192
11
134
0
0
74
32
227
5
16
110
7
2
181
216
162
131
8
231
100
64
134
128
147
75
28
157
128
224
134
10
208
184
0
65
168
1
2
129
192
60
20
16
183
108
226
166
236
9
37
229
144
209
31
138
8
2
224
1
180
72
70
4
200
210
1
154
139
65
66
134
140
71
130
181
176
33
35
3
146
223
2
48
149
9
193
231
4
204
193
249
41
131
168
130
40
148
4
4
219
10
0
5
80
32
74
53
41
23
28
84
12
83
170
219
129
16
18
116
251
200
48
40
120
28
81
112
66
68
73
148
152
0
75
36
118
6
0
43
128
66
133
222
170
203
64
99
68
0
134
160
131
75
117
157
8
129
142
2
64
216
4
67
170
0
36
5
64
50
146
48
39
92
62
36
236
145
164
112
16
0
29
131
9
0
224
33
48
88
84
0
232
194
197
9
146
197
136
30
9
34
67
41
202
128
66
36
17
4
39
36
21
10
36
16
64
68
215
243
109
18
42
0
32
130
180
154
139
10
73
98
67
32
202
36
233
151
92
180
31
81
130
16
4
40
128
118
171
17
50
48
61
20
85
112
170
200
75
6
136
65
91
32
242
4
0
70
6
18
176
221
170
138
25
239
100
65
134
129
176
75
28
157
0
160
134
26
144
216
5
67
170
1
18
133
64
156
21
16
22
105
174
34
236
9
37
229
144
219
95
130
8
64
232
33
180
72
66
2
201
0
11
0
144
201
106
36
91
36
8
138
7
160
196
108
33
239
85
161
4
68
44
8
99
70
223
17
36
146
2
2
0
82
39
83
184
32
104
109
68
101
116
50
35
77
68
125
231
128
36
24
4
226
30
142
9
1
32
3
183
64
71
5
122
2
3
128
160
201
74
2
67
4
0
2
7
128
68
34
33
110
69
1
4
64
47
24
67
6
220
16
4
146
2
2
0
6
39
83
56
32
34
77
0
65
52
16
130
77
68
165
231
0
4
24
0
147
26
140
1
17
32
3
181
0
71
0
104
127
253
255
255
58
254
253
47
127
255
125
249
223
255
150
94
63
239
248
107
255
125
242
251
185
239
227
255
111
241
245
239
135
144
180
38
255
217
250
255
122
255
251
229
247
17
247
111
187
238
171
75
244
29
252
93
55
243
255
255
251
247
235
255
118
37
233
162
21
2
4
15
67
74
240
176
98
130
134
86
203
0
33
213
1
133
225
5
92
145
121
45
2
156
32
40
4
44
148
187
46
60
5
84
32
194
52
169
19
24
52
204
83
172
27
128
32
24
116
16
192
48
35
248
12
17
120
226
13
199
68
92
32
249
244
118
49
152
110
129
24
55
205
162
131
8
193
171
245
104
229
179
121
47
134
144
109
196
45
192
252
82
97
176
245
26
218
172
255
63
187
167
182
179
87
106
41
163
239
79
209
13
155
12
167
195
79
230
99
98
167
217
36
52
125
168
16
60
52
95
180
82
198
48
69
55
157
23
242
204
195
96
209
96
80
242
220
136
164
217
104
156
41
232
196
0
215
170
128
58
129
116
188
150
24
135
116
209
230
78
145
36
136
8
32
29
159
25
28
226
59
188
90
6
110
241
67
14
17
166
201
202
39
72
8
101
74
87
128
111
200
48
227
197
5
96
196
45
138
120
78
220
57
47
146
10
35
79
23
165
85
186
33
122
237
78
101
84
24
171
69
0
252
101
136
164
24
4
240
31
140
73
0
114
19
181
72
71
48
120
79
210
72
43
255
178
158
8
36
58
169
170
172
75
37
89
193
183
33
208
201
115
3
124
68
213
249
45
83
46
161
98
223
172
151
191
123
120
169
117
106
74
58
41
213
213
246
95
152
174
24
5
240
61
220
105
18
179
183
149
24
83
50
83
82
17
128
162
23
2
14
15
71
130
145
176
99
128
2
18
255
23
32
213
0
145
227
1
196
193
248
13
18
44
128
8
4
37
180
155
40
108
5
65
32
66
53
41
151
28
20
140
86
170
57
128
35
48
116
242
200
50
0
112
29
81
112
66
50
133
8
162
0
76
128
5
79
64
22
68
49
50
92
180
126
2
0
145
132
34
89
70
241
145
85
9
38
186
139
96
132
238
75
20
171
10
202
8
161
21
36
193
16
84
48
110
211
8
137
8
180
1
104
121
35
80
66
33
18
89
104
75
18
137
154
142
35
73
208
167
27
152
22
133
16
48
107
178
44
146
128
159
68
56
197
66
113
1
192
64
8
230
158
48
190
48
97
160
54
74
202
104
241
29
183
34
164
150
177
110
179
138
171
7
178
9
249
73
23
83
62
113
19
41
128
203
222
217
154
253
231
115
94
128
15
163
185
170
222
196
127
251
181
187
58
214
15
191
6
26
198
71
247
253
209
182
254
176
242
63
143
207
202
117
246
243
58
106
181
121
247
95
175
62
223
142
18
71
107
255
212
243
209
255
121
63
125
240
211
161
120
219
159
219
98
223
222
167
223
191
59
138
159
164
123
254
255
215
120
47
158
247
198
143
153
215
191
110
1
219
23
250
227
12
199
45
218
127
234
114
242
95
229
61
151
190
149
127
159
136
152
7
178
29
157
219
81
242
59
125
125
92
72
242
13
15
68
80
2
123
36
118
17
152
126
17
16
182
200
226
9
24
165
169
117
112
228
179
9
45
129
128
105
70
48
89
248
18
97
160
117
82
193
172
254
53
186
39
68
167
118
234
59
169
111
132
211
29
139
12
166
194
7
244
75
18
32
216
62
241
168
158
55
61
28
55
197
130
253
184
113
150
61
207
153
212
66
217
17
50
213
23
29
1
164
9
83
252
60
232
232
60
199
174
202
122
128
113
58
219
53
45
182
247
135
110
155
170
155
11
50
29
245
80
16
227
59
252
121
210
110
243
4
205
14
156
32
75
80
167
11
192
47
134
16
180
111
170
13
26
64
135
23
160
196
130
121
21
145
72
1
142
154
48
232
48
97
200
2
74
202
104
178
189
48
38
180
54
225
108
145
168
99
5
152
95
145
72
19
67
56
53
80
96
2
235
4
201
136
156
3
75
84
39
3
192
61
132
18
180
108
170
141
18
32
133
6
172
224
3
89
7
128
72
1
138
30
40
210
52
49
202
66
74
194
192
50
187
61
39
148
22
229
110
145
160
19
5
56
25
144
10
17
99
56
57
89
84
2
235
4
235
207
205
124
255
247
127
184
217
14
253
203
119
252
233
139
213
184
47
197
109
194
115
111
215
23
55
125
75
18
106
215
66
221
186
118
123
251
53
115
252
58
55
245
134
245
111
153
189
28
5
240
29
158
73
20
210
50
143
88
95
39
250
2
194
13
137
140
188
134
17
40
126
42
64
136
49
89
129
137
108
33
224
192
80
24
248
73
21
29
34
156
18
49
82
85
8
223
32
91
48
169
34
228
84
56
173
84
194
244
81
154
173
24
0
196
13
143
24
16
192
3
180
64
211
104
176
3
198
77
40
140
188
134
16
40
62
42
72
136
49
93
129
129
108
37
224
192
80
24
120
73
149
13
34
188
2
49
83
213
72
221
32
91
48
169
34
230
86
56
173
84
194
244
65
154
173
28
4
196
13
143
8
16
192
3
180
64
211
104
176
18
1
136
156
3
75
92
38
7
0
61
128
16
164
52
162
37
18
0
37
2
184
224
35
8
131
162
72
1
136
20
41
240
52
48
170
2
64
194
208
50
171
181
43
150
22
229
110
17
160
83
4
32
24
20
8
153
114
41
120
25
20
0
232
7
164
89
3
153
208
149
76
10
65
13
124
128
31
130
49
75
198
0
0
137
0
174
64
100
132
0
43
150
41
1
41
165
132
156
202
66
17
11
150
17
144
0
160
4
0
156
20
19
60
7
40
48
128
210
97
48
82
40
12
72
21
36
216
1
198
5
9
200
152
166
17
168
26
42
65
136
53
105
161
193
108
133
32
192
98
24
120
64
220
13
34
188
2
33
86
117
96
91
32
81
178
45
32
101
20
26
191
68
226
244
65
8
29
28
4
215
13
143
9
0
192
2
132
64
71
32
48
86
176
25
175
217
200
190
205
207
43
139
62
177
70
155
240
251
23
16
64
207
163
206
76
236
197
122
43
147
171
59
110
5
133
93
223
32
247
237
86
33
76
69
104
103
28
189
49
221
172
90
33
164
151
52
107
208
56
168
41
28
15
48
166
65
14
131
137
200
70
163
199
164
100
10
5
17
173
59
165
203
124
129
36
192
131
222
32
90
200
28
4
144
130
27
79
117
35
67
56
16
226
13
8
36
20
24
130
77
198
96
224
24
12
88
4
147
95
140
8
0
104
11
188
64
70
0
240
242
209
24
138
39
88
26
141
87
194
181
136
61
48
46
190
223
146
16
157
8
240
247
4
181
129
248
57
131
248
151
40
128
12
147
236
234
97
128
224
162
219
53
57
146
150
228
44
147
138
222
7
40
17
246
127
144
241
40
124
21
210
122
219
29
251
223
220
48
123
241
250
121
212
70
213
95
245
221
232
235
220
253
111
102
108
164
243
43
255
19
148
125
67
50
189
214
67
113
248
84
251
223
52
245
189
187
54
109
134
121
238
143
53
239
244
249
63
143
76
101
252
43
239
89
15
7
255
25
81
13
154
7
97
25
62
114
10
81
0
44
233
4
3
110
230
5
240
96
96
161
179
192
57
227
152
81
0
96
41
88
36
148
184
75
96
0
97
48
202
24
15
210
17
228
78
25
168
18
4
104
24
212
73
153
178
43
157
24
22
34
179
150
201
154
30
19
74
92
11
7
130
173
242
50
130
228
122
99
18
36
213
7
150
225
3
5
135
227
9
19
46
134
32
170
36
52
218
2
108
195
244
50
218
52
105
154
30
52
238
209
162
50
149
104
25
116
64
24
179
49
120
25
84
162
139
131
207
8
205
227
217
210
128
46
65
7
206
146
92
108
173
173
177
60
215
6
37
130
96
97
214
153
108
148
10
22
49
150
53
81
154
66
75
202
64
49
29
56
47
149
28
253
46
149
141
16
5
176
93
152
75
17
82
48
61
80
93
32
250
28
43
95
212
48
127
241
242
217
148
78
215
85
117
217
226
187
221
255
111
102
124
196
243
173
127
151
212
108
199
54
255
214
83
113
234
84
250
249
53
253
181
251
55
237
166
119
111
143
189
239
247
219
95
159
92
101
206
27
239
73
15
101
254
254
250
108
35
255
185
182
153
237
17
255
126
252
55
236
245
241
171
79
212
125
114
19
244
213
108
237
255
238
222
239
176
232
108
198
190
219
58
169
253
222
95
16
191
212
119
182
77
185
239
136
11
242
29
219
89
54
247
151
180
58
210
110
88
18
11
146
194
35
89
128
135
31
216
54
69
16
112
123
176
124
146
224
155
68
48
197
66
217
3
192
64
12
226
158
49
166
48
83
32
127
74
202
104
224
21
183
64
128
134
241
110
179
138
141
15
182
1
249
89
7
83
22
113
83
57
64
74
52
54
24
131
25
21
128
189
7
192
15
116
49
22
163
117
114
150
0
0
209
48
222
64
112
128
64
73
22
24
153
107
45
4
29
146
16
218
9
150
17
1
4
134
0
132
128
77
17
60
137
13
54
0
152
65
48
82
58
12
72
31
44
216
16
9
158
132
35
73
208
166
23
144
54
69
16
48
123
162
164
146
192
135
68
48
197
194
57
0
128
64
32
204
158
49
190
48
97
160
86
74
202
232
240
29
181
6
160
22
209
110
147
170
137
5
178
13
153
73
7
83
62
112
81
57
0
203
163
221
10
127
39
216
216
129
59
163
45
232
178
10
100
191
45
178
52
219
135
58
119
111
113
87
227
127
87
51
167
118
167
188
42
68
243
9
234
243
242
254
104
233
178
87
55
63
217
202
50
7
252
5
240
228
19
243
246
191
49
115
155
203
4
73
138
156
0
75
84
39
3
128
13
128
18
180
36
138
141
16
36
135
6
160
228
3
89
23
145
72
1
138
26
32
208
52
33
202
2
72
194
64
50
187
52
39
180
20
165
110
17
168
19
5
24
25
144
10
17
99
56
61
88
84
2
235
4
251
205
204
252
250
247
120
188
29
14
253
207
119
220
233
139
197
252
47
197
109
226
115
109
223
21
55
125
11
19
104
215
98
221
154
118
123
251
53
115
190
58
55
245
134
245
111
153
189
31
1
248
5
159
77
16
214
58
143
88
95
39
250
215
213
8
62
247
130
94
8
51
35
53
234
174
11
6
27
45
167
52
149
139
163
227
104
228
215
251
127
83
43
199
33
151
189
156
199
235
9
234
243
98
202
43
105
179
25
245
63
209
254
26
7
236
224
248
227
26
183
188
59
60
243
180
203
84
43
183
56
8
206
168
103
144
186
194
5
66
229
155
170
252
137
227
194
245
45
82
211
223
74
230
196
64
132
162
194
207
26
71
172
28
42
233
108
248
28
48
166
245
113
163
111
185
236
8
83
240
93
24
89
7
243
23
181
122
115
97
106
5
206
108
8
1
29
1
90
181
126
130
128
16
185
236
143
202
116
167
41
144
86
152
35
85
177
17
0
57
78
24
65
208
2
215
168
0
254
37
40
180
182
42
133
18
210
112
224
19
41
52
28
139
29
239
28
56
224
42
188
75
209
106
179
16
9
140
156
34
79
80
39
7
64
55
132
16
176
124
230
132
18
96
165
22
176
224
131
89
3
128
72
1
138
28
41
202
52
81
170
66
74
194
200
178
153
181
7
144
22
229
110
147
168
147
13
50
25
145
9
17
115
56
120
89
20
0
235
197
207
134
88
0
82
32
214
33
134
33
138
66
241
134
11
136
104
172
47
6
237
100
131
77
3
23
80
45
4
10
17
242
83
248
9
0
172
86
128
166
42
56
119
58
152
83
178
64
17
100
118
1
122
34
14
159
77
0
7
68
112
67
163
44
239
238
42
19
93
37
79
165
198
128
184
57
187
191
207
203
48
35
108
17
214
93
55
85
149
21
33
43
156
56
128
212
14
199
170
0
60
5
56
44
243
60
165
22
244
84
228
83
40
62
28
2
29
231
28
152
224
43
253
73
209
104
243
115
253
218
126
55
102
93
31
243
252
53
185
46
203
166
95
127
246
176
187
231
47
241
47
227
203
226
95
91
121
228
109
151
175
188
183
255
92
242
117
115
206
191
235
191
81
245
110
240
182
90
215
228
32
188
205
159
183
255
219
187
101
151
227
18
193
24
138
3
72
0
7
7
64
31
4
48
52
108
180
253
18
0
144
0
48
129
67
209
20
64
72
35
154
136
32
140
36
67
128
10
66
202
72
32
157
20
33
20
22
180
110
147
34
129
12
178
9
80
89
59
115
50
48
16
81
38
72
227
13
230
222
203
78
71
79
175
101
175
11
59
237
126
142
251
53
123
102
62
143
186
47
94
255
63
47
211
155
122
173
67
175
103
91
130
101
119
94
49
240
228
235
77
88
125
146
197
4
210
152
9
62
133
163
249
108
105
63
206
4
153
178
89
251
245
220
32
127
119
126
243
212
111
145
93
249
220
234
183
205
250
47
54
253
192
179
205
239
135
244
45
194
86
233
210
83
113
168
132
248
242
105
118
191
187
119
189
130
117
110
150
161
237
255
179
125
159
30
109
254
91
203
217
228
197
254
4
2
4
168
12
188
38
49
44
94
122
0
8
21
93
129
129
76
1
224
192
96
136
112
73
21
1
0
60
6
33
65
84
64
217
160
81
50
41
32
36
20
26
173
84
130
118
65
26
61
24
0
130
13
203
24
2
194
3
180
64
211
108
48
195
6
0
37
205
170
174
72
8
75
202
71
162
77
0
21
229
13
37
84
232
39
130
120
70
222
185
47
210
34
35
13
86
165
93
185
113
40
237
68
97
68
24
171
197
1
254
87
136
164
24
5
224
20
156
105
16
178
51
189
8
87
48
56
57
253
94
75
175
217
212
48
123
153
190
237
188
126
109
253
245
178
214
154
245
122
29
215
177
119
97
122
109
95
205
118
238
106
73
244
255
83
251
252
251
159
206
62
84
247
182
103
173
255
15
79
190
13
203
65
55
211
254
167
179
251
238
73
88
8
159
129
74
215
178
239
30
248
70
21
209
180
187
226
250
213
217
38
220
149
206
177
27
136
184
4
64
201
31
111
117
5
85
250
86
251
205
84
208
85
84
6
65
132
225
237
157
44
155
21
242
29
156
73
16
122
59
189
73
15
34
250
124
42
183
145
106
215
163
231
28
252
70
23
209
180
187
230
250
217
217
42
220
149
222
209
31
232
156
4
64
201
63
239
103
1
87
186
84
250
205
92
208
85
84
6
109
132
65
237
157
44
185
61
242
29
156
89
20
106
59
189
75
15
40
250
120
38
255
209
234
215
171
255
214
254
2
23
213
180
179
102
242
213
217
46
216
149
222
185
26
168
188
12
192
217
62
251
101
5
23
187
208
255
5
92
208
69
84
22
105
132
193
245
157
44
28
61
242
28
156
75
16
122
59
156
91
6
42
241
59
181
249
254
55
231
125
79
215
254
85
181
53
142
181
95
251
246
160
11
183
61
211
47
189
139
226
31
91
121
253
239
135
134
189
182
183
252
251
117
96
239
231
105
191
148
101
111
214
182
58
223
166
48
190
116
156
179
255
203
187
237
191
247
18
193
24
170
3
72
132
9
70
64
29
100
48
6
4
16
127
18
4
208
3
48
129
66
224
149
97
9
6
170
136
32
132
100
27
146
43
64
10
0
33
193
20
105
20
20
180
44
211
178
145
0
32
0
98
57
16
19
48
32
16
91
32
74
51
253
211
126
53
172
93
15
243
252
121
249
47
235
132
95
251
214
160
43
167
46
225
127
237
143
227
63
95
121
101
111
151
230
60
182
247
252
243
117
99
238
235
233
190
144
213
111
193
166
126
215
228
4
191
109
144
242
255
223
251
101
179
247
18
129
24
130
3
72
128
3
7
64
23
68
48
22
100
48
125
18
4
144
0
48
161
66
240
20
65
72
2
186
140
32
140
36
67
128
10
66
74
0
1
145
20
33
132
20
180
110
147
34
129
8
186
1
96
25
19
83
50
32
16
57
36
74
65
6
146
155
201
130
38
197
98
250
40
137
48
128
171
43
231
209
1
70
200
161
199
49
64
201
168
44
19
8
49
19
241
36
85
187
80
112
37
228
50
78
56
14
84
150
193
78
153
172
24
5
112
29
157
73
16
242
51
188
88
70
34
241
231
100
33
136
16
4
13
207
135
102
169
178
81
138
150
86
194
116
7
65
8
130
244
12
92
129
189
9
147
152
56
9
96
4
6
250
0
36
1
222
34
66
52
137
18
88
0
156
17
44
112
0
2
26
37
16
136
32
33
56
12
214
42
161
80
6
151
159
200
134
46
229
67
248
40
1
144
161
139
34
230
131
129
102
200
161
199
177
88
200
168
12
2
8
57
110
113
37
116
187
16
120
5
228
114
70
24
14
100
150
201
79
153
172
88
5
112
28
157
73
0
250
51
188
88
70
32
240
96
2
146
155
201
130
46
229
66
234
40
137
48
132
131
34
231
145
129
70
200
161
199
4
72
201
168
44
19
8
49
91
225
37
84
187
16
96
37
228
34
74
48
46
84
22
129
78
153
172
24
5
112
24
157
65
0
242
51
188
88
70
34
240
62
240
17
175
253
224
190
201
223
139
139
127
225
70
233
241
251
215
155
82
205
43
142
92
228
220
123
111
214
43
47
190
39
165
223
159
48
247
233
119
41
76
70
104
103
223
188
53
204
191
80
37
232
183
252
105
144
186
190
175
28
79
179
52
255
223
186
125
103
115
94
135
6
235
249
170
126
200
39
127
181
187
122
215
63
191
119
23
150
111
243
253
193
180
230
160
234
61
134
239
219
36
242
233
106
74
181
249
255
125
135
62
222
238
24
199
98
127
80
211
211
191
85
23
60
240
219
97
75
215
0
63
255
178
142
24
44
27
169
235
172
73
37
29
229
189
47
214
232
39
19
124
70
223
251
47
210
54
33
146
218
44
223
187
115
120
232
101
110
78
58
45
213
85
246
95
152
190
24
5
242
189
220
105
16
178
183
159
24
87
180
24
129
4
230
0
0
5
37
118
33
102
232
128
90
169
6
14
130
120
99
97
56
192
236
161
90
41
140
0
113
4
56
73
120
4
52
186
0
100
1
200
22
194
28
139
26
50
64
192
17
32
114
148
64
26
5
12
168
160
33
216
12
212
2
225
97
4
174
152
0
5
33
103
37
230
0
128
82
169
19
14
138
56
67
96
184
134
246
161
90
40
132
0
65
148
56
65
105
4
36
186
18
100
1
200
146
66
28
138
26
48
65
200
25
40
122
149
48
24
20
0
152
226
43
152
8
132
10
225
34
197
8
170
1
76
4
9
71
66
1
228
49
6
4
20
31
2
4
208
0
34
49
68
116
148
81
9
3
186
8
0
132
236
11
146
163
0
8
0
1
202
20
233
148
84
180
44
65
178
144
8
40
0
100
49
24
18
48
32
16
91
42
10
