posters/Movie Poster 71.jpg
512
757
249
31.251
-1
0
225
347
0.017113
31
74.548
-1
0
236
346
0.0168834
31
77.0054
-1
0
246
346
0.0195904
31
61.675
-1
0
308
346
0.018239
31
85.4677
-1
0
318
346
0.026865
31
125.987
-1
0
291
347
0.0158104
31
105.056
-1
0
366
346
0.0177218
31
89.3738
-1
0
380
346
0.0196775
31
117.487
-1
0
385
346
0.0200778
31
76.3368
-1
0
409
346
0.0152007
31
74.0546
-1
0
315
347
0.0327319
31
106.452
-1
0
363
347
0.0314931
31
64.44
-1
0
405
347
0.0221222
31
96.6048
-1
0
325
348
0.022871
31
70.4783
-1
0
353
348
0.0151347
31
84.4588
-1
0
378
348
0.0259463
31
73.8108
-1
0
280
347
0.0174774
31
6.94098
-1
0
225
349
0.0148242
31
157.574
-1
0
291
349
0.0106218
31
85.9144
-1
0
325
350
0.0144369
31
153.693
-1
0
388
350
0.0122129
31
69.2539
-1
0
243
348
0.010334
31
-42.5104
-1
0
242
351
0.0156984
31
36.486
-1
0
305
348
0.0168318
31
-57.926
-1
0
232
352
0.0190994
31
-69.8637
-1
0
280
352
0.0139841
31
-35.8927
-1
0
307
352
0.01187
31
-24.0071
-1
0
221
353
0.00914768
31
-53.0394
-1
0
229
353
0.00779094
31
-63.9046
-1
0
234
353
0.0105099
31
-68.1986
-1
0
314
353
0.0192219
31
-44.4645
-1
0
349
353
0.0169234
31
-145.84
-1
0
362
353
0.0181772
31
-12.3625
-1
0
408
353
0.023872
31
-75.0686
-1
0
241
354
0.0192929
31
135.343
-1
0
388
348
0.0179997
31
71.8619
-1
0
233
346
0.0297475
31
74.8521
-1
0
406
345
0.0138237
31
86.721
-1
0
377
345
0.0148142
31
-89.5379
-1
0
282
354
0.00821567
31
-118.124
-1
0
287
354
0.0221483
31
-117.734
-1
0
290
354
0.0089024
31
-82.1936
-1
0
316
354
0.0123389
31
-85.5154
-1
0
330
354
0.00809056
31
-89.3338
-1
0
335
354
0.0125014
31
-143.673
-1
0
364
354
0.0110696
31
-12.5933
-1
0
403
354
0.0133724
31
30.1013
-1
0
408
351
0.0190038
31
-58.9545
-1
0
303
355
0.0158151
31
-137.626
-1
0
290
352
0.0139915
31
-29.7449
-1
0
304
352
0.0225978
31
-89.2205
-1
0
321
355
0.0196186
31
-86.7428
-1
0
324
355
0.0103997
31
-87.1376
-1
0
333
355
0.0124991
31
-57.5724
-1
0
351
355
0.018211
31
-80.2724
-1
0
324
352
0.0192134
31
-63.4349
-1
0
374
355
0.0147322
31
-9.30994
-1
0
352
352
0.0210951
31
65.3764
-1
0
377
352
0.0113007
31
86.0932
-1
0
355
345
0.0163085
31
79.2451
-1
0
352
345
0.0155757
31
83.7365
-1
0
345
345
0.0104507
31
88.243
-1
0
341
345
0.0100701
31
86.5732
-1
0
334
345
0.0098745
31
97.0068
-1
0
323
345
0.0144447
31
76.373
-1
0
313
345
0.0192515
31
98.1698
-1
0
361
345
0.0173609
31
114.007
-1
0
292
345
0.00895013
31
-109.348
-1
0
254
354
0.00757322
31
97.6867
-1
0
284
345
0.00930009
31
77.5549
-1
0
278
345
0.00947273
31
66.2796
-1
0
273
345
0.0133448
31
113.591
-1
0
289
344
0.0114497
31
5.12819
-1
0
405
352
0.02186
31
76.316
-1
0
269
345
0.0130461
31
109.845
-1
0
259
345
0.00877839
31
94.2105
-1
0
252
345
0.00956792
31
67.9638
-1
0
231
345
0.0185876
31
48.0394
-1
0
225
345
0.0106831
31
42.2475
-1
0
222
345
0.0137332
31
66.4629
-1
0
306
344
0.0179397
31
-71.1255
-1
0
243
354
0.0147859
31
91.8576
-1
0
327
345
0.00469189
31
-142.125
-1
0
383
355
0.00476361
31
-83.5956
-1
0
341
355
0.00407367
31
-67.8588
-1
0
311
355
0.00478757
31
-40.3331
-1
0
413
354
0.00567333
31
50.7442
-1
0
400
348
0.00578509
31
-64.8225
-1
0
276
354
0.00573001
31
-67.751
-1
0
269
354
0.00410856
31
-85.978
-1
0
249
354
0.0057529
31
-121.477
-1
0
258
353
0.00470131
31
75.5102
-1
0
397
347
0.00352802
31
113.299
-1
0
390
345
0.00346326
31
-172.875
-1
0
105
233
0.00346855
31
179.623
-1
0
106
235
0.00350028
31
85.2921
-1
1
325.2
348
0.010794
37.2
13.134
-1
1
242.4
350.4
0.0102201
37.2
73.3008
-1
1
325.2
350.4
0.0101892
37.2
56.1779
-1
1
224.4
344.4
0.00695448
37.2
73.3008
-1
1
231.6
344.4
0.00676359
37.2
81.0475
-1
1
244.8
344.4
0.00740498
37.2
82.632
-1
1
268.8
344.4
0.00530951
37.2
69.7082
-1
1
272.4
344.4
0.00824912
37.2
77.3807
-1
1
278.4
344.4
0.00509326
37.2
102.804
-1
1
284.4
344.4
0.0053816
37.2
105.573
-1
1
291.6
344.4
0.00381716
37.2
87.8657
-1
1
316.8
344.4
0.00939629
37.2
45
-1
1
222
345.6
0.00717129
37.2
76.4462
-1
1
235.2
345.6
0.00894834
37.2
79.0772
-1
1
241.2
345.6
0.00710822
37.2
97.4959
-1
1
252
345.6
0.00461712
37.2
112.989
-1
1
255.6
345.6
0.00462025
37.2
111.705
-1
1
259.2
345.6
0.00432634
37.2
82.3039
-1
1
280.8
345.6
0.00901124
37.2
57.7787
-1
1
307.2
345.6
0.0103408
37.2
75.8542
-1
1
313.2
345.6
0.0115813
37.2
92.4026
-1
1
326.4
345.6
0.00368513
37.2
85.7321
-1
1
334.8
345.6
0.00581554
37.2
81.8091
-1
1
344.4
345.6
0.00919423
37.2
83.4596
-1
1
355.2
345.6
0.0105424
37.2
99.9638
-1
1
361.2
345.6
0.0100331
37.2
99.3447
-1
1
366
345.6
0.00823119
37.2
95.0538
-1
1
375.6
345.6
0.00535929
37.2
93.6914
-1
1
379.2
345.6
0.00864598
37.2
112.267
-1
1
388.8
345.6
0.00510281
37.2
103.61
-1
1
283.2
346.8
0.0112928
37.2
70.641
-1
1
243.6
348
0.0101656
37.2
78.9765
-1
1
315.6
348
0.0150366
37.2
15.7086
-1
1
224.4
349.2
0.00900421
37.2
140.711
-1
1
291.6
349.2
0.00549411
37.2
137.121
-1
1
375.6
355.2
0.0107883
37.2
50.9061
-1
1
352.8
350.4
0.00540342
37.2
135.955
-1
1
388.8
350.4
0.00533866
37.2
107.784
-1
1
376.8
351.6
0.00950267
37.2
-14.7436
-1
1
220.8
352.8
0.00390919
37.2
-34.9194
-1
1
229.2
352.8
0.00642787
37.2
-45.674
-1
1
351.6
355.2
0.0107112
37.2
-47.4896
-1
1
234
352.8
0.00655375
37.2
-138.532
-1
1
258
352.8
0.00335989
37.2
-64.4861
-1
1
279.6
352.8
0.0110172
37.2
-25.3462
-1
1
306
352.8
0.0108426
37.2
-46.5482
-1
1
336
352.8
0.00702295
37.2
-22.1094
-1
1
349.2
352.8
0.00984446
37.2
140.528
-1
1
361.2
352.8
0.00969597
37.2
-68.4986
-1
1
241.2
354
0.0112136
37.2
-96.0542
-1
1
249.6
354
0.00421283
37.2
-78.6901
-1
1
324
355.2
0.00806559
37.2
-69.1022
-1
1
268.8
354
0.00184533
37.2
-49.2364
-1
1
276
354
0.00436683
37.2
-90
-1
1
282
354
0.0076879
37.2
-121.477
-1
1
290.4
354
0.0053461
37.2
-41.7845
-1
1
302.4
354
0.00923015
37.2
-86.3478
-1
1
321.6
355.2
0.0115224
37.2
-47.4896
-1
1
310.8
354
0.00667533
37.2
-77.9052
-1
1
316.8
354
0.00736943
37.2
-99.6888
-1
1
330
354
0.00623553
37.2
-58.5704
-1
1
342
354
0.00197727
37.2
-31.6075
-1
1
358.8
354
0.00536013
37.2
146.889
-1
1
364.8
354
0.00405956
37.2
172.03
-1
1
384
354
0.00462701
37.2
159.14
-1
1
169.2
475.2
0.00146059
37.2
-143.436
-1
1
270
160.8
0.00143576
37.2
-132.981
-1
1
261.6
163.2
0.00128284
37.2
-38.1572
-1
2
311.04
354.24
0.0036478
44.64
79.8753
-1
2
233.28
344.16
0.00386692
44.64
86.0091
-1
2
244.8
344.16
0.00385575
44.64
98.6308
-1
2
290.88
344.16
0.00278173
44.64
69.5582
-1
2
305.28
344.16
0.00445003
44.64
76.6075
-1
2
315.36
344.16
0.00485346
44.64
59.0362
-1
2
302.4
348.48
0.00446576
44.64
-83.6598
-1
2
282.24
354.24
0.00350567
44.64
62.7447
-1
2
221.76
345.6
0.00320484
44.64
106.928
-1
2
252
345.6
0.00356098
44.64
109.006
-1
2
259.2
345.6
0.0037215
44.64
74.4072
-1
2
270.72
345.6
0.00545079
44.64
84.0429
-1
2
325.44
345.6
0.00360106
44.64
86.9872
-1
2
334.08
345.6
0.00346708
44.64
84.1094
-1
2
342.72
345.6
0.00496851
44.64
99.8277
-1
2
361.44
345.6
0.00579833
44.64
94.2679
-1
2
365.76
345.6
0.0040296
44.64
-124.439
-1
2
250.56
354.24
0.0022556
44.64
82.321
-1
2
277.92
345.6
0.00367839
44.64
-84.6442
-1
2
322.56
355.68
0.00372105
44.64
-10.9541
-1
2
233.28
352.8
0.00353401
44.64
-167.276
-1
2
257.76
352.8
0.00257062
44.64
-34.2869
-1
2
276.48
352.8
0.00348254
44.64
119.745
-1
2
331.2
352.8
0.00471279
44.64
19.29
-1
2
335.52
352.8
0.0050656
44.64
83.5412
-1
2
364.32
352.8
0.00245001
44.64
101.575
-1
2
283.68
345.6
0.0038059
44.64
-35.1342
-1
2
228.96
354.24
0.00228166
44.64
-77.4712
-1
2
241.92
354.24
0.00497369
44.64
-122.005
-1
2
289.44
354.24
0.00310104
44.64
-33.6901
-1
2
302.4
354.24
0.00433396
44.64
6.00901
-1
2
349.92
354.24
0.0035507
44.64
48.1221
-1
2
358.56
354.24
0.00305027
44.64
28.4429
-1
2
220.32
352.8
0.00154075
44.64
-142.617
-1
2
269.28
159.84
0.000975534
44.64
-132.709
-1
2
262.08
164.16
0.00103256
44.64
-14.0362
-1
2
341.28
354.24
0.00105669
44.64
-39.8056
-1
2
269.28
352.8
0.000723313
44.64
25.0675
-1
2
237.6
149.76
0.000734043
44.64
-107.866
-1
2
230.4
169.92
0.00058875
44.64
34.0459
-1
2
300.96
545.76
0.000597401
44.64
85.3331
-1
3
229.824
349.056
0.00310197
53.568
49.7079
-1
3
305.856
349.056
0.00347695
53.568
85.9555
-1
3
233.28
343.872
0.00205086
53.568
100.587
-1
3
243.648
343.872
0.00179776
53.568
74.1343
-1
3
304.128
343.872
0.00184639
53.568
71.2413
-1
3
314.496
343.872
0.00165677
53.568
92.9108
-1
3
221.184
345.6
0.00192605
53.568
113.471
-1
3
252.288
345.6
0.00190054
53.568
102.295
-1
3
257.472
345.6
0.00258808
53.568
91.4502
-1
3
269.568
345.6
0.00322959
53.568
80.6398
-1
3
324.864
345.6
0.00181766
53.568
84.4725
-1
3
333.504
345.6
0.00243102
53.568
98.7462
-1
3
276.48
350.784
0.00271191
53.568
25.56
-1
3
300.672
352.512
0.00191637
53.568
79.6952
-1
3
330.048
352.512
0.0029411
53.568
49.1849
-1
3
333.504
352.512
0.00354989
53.568
-175.601
-1
3
241.92
354.24
0.00158415
53.568
0
-1
3
321.408
354.24
0.00130165
53.568
25.8664
-1
3
340.416
354.24
0.000907506
53.568
110.556
-1
3
219.456
352.512
0.000651278
53.568
140.528
-1
3
257.472
352.512
0.00109038
53.568
180
-1
3
288.576
354.24
0.00102073
53.568
68.1986
-1
3
228.096
354.24
0.00105381
53.568
101.421
-1
3
290.304
343.872
0.00103071
53.568
98.7462
-1
3
267.84
352.512
0.000489218
53.568
124.875
-1
4
221.875
344.218
0.000962056
64.2816
109.855
-1
4
232.243
344.218
0.00124376
64.2816
117.084
-1
4
244.685
344.218
0.000687245
64.2816
108.635
-1
4
269.568
344.218
0.00121567
64.2816
92.0214
-1
4
288.23
344.218
0.000709907
64.2816
80.8584
-1
4
304.819
344.218
0.00111387
64.2816
107.684
-1
4
259.2
346.291
0.0017664
64.2816
117.553
-1
4
230.17
350.438
0.00174272
64.2816
144.246
-1
4
219.802
352.512
0.000449766
64.2816
138.576
-1
4
240.538
352.512
0.00076803
64.2816
145.098
-1
4
252.979
352.512
0.00102484
64.2816
129.806
-1
4
257.126
352.512
0.000912941
64.2816
129.806
-1
4
269.568
352.512
0.000629587
64.2816
83.4181
-1
4
300.672
352.512
0.000983684
64.2816
84.2894
-1
4
288.23
354.586
0.000429838
64.2816
131.987
-1
5
268.739
350.853
0.000623299
77.1379
143.409
-1
5
243.855
350.853
0.000813499
77.1379
116.862
-1
5
271.227
343.388
0.000528737
77.1379
128.199
-1
5
256.297
345.877
0.00155211
77.1379
249
64
40
140
168
137
3
221
132
197
61
198
14
140
17
60
127
239
137
120
225
33
212
83
222
32
121
213
28
32
113
211
31
67
133
0
211
32
18
74
232
40
112
61
116
33
21
86
117
104
31
136
187
13
147
29
216
24
56
194
43
189
67
219
78
234
136
200
78
207
35
93
220
181
29
255
127
220
27
188
123
238
137
208
124
235
28
146
230
184
121
109
149
50
85
203
63
123
249
36
125
250
86
127
233
190
242
223
117
62
150
182
80
56
159
169
94
5
216
31
149
76
144
224
41
124
93
30
34
183
153
204
94
223
34
93
216
245
31
255
127
223
30
60
127
238
175
208
124
107
28
186
228
184
121
127
183
58
213
203
63
63
240
36
125
250
86
119
232
254
211
221
249
62
190
182
252
60
143
169
119
133
216
31
151
76
144
240
41
124
93
30
34
191
152
200
155
143
34
79
242
247
95
248
126
157
17
22
255
234
239
210
249
11
20
145
236
146
121
77
153
32
69
203
31
127
237
37
113
240
86
211
233
116
243
93
117
54
62
150
116
108
157
168
127
5
152
31
148
72
144
240
43
124
93
78
34
254
217
205
78
223
35
125
252
247
61
255
127
141
30
188
125
238
239
220
61
111
12
154
164
58
105
95
179
56
221
67
62
59
240
36
117
251
83
119
249
244
114
223
120
62
222
150
92
124
141
169
86
5
216
31
135
77
144
240
41
188
93
94
34
176
131
215
76
238
55
58
221
154
183
91
169
234
47
95
100
61
133
247
44
61
70
246
176
114
102
215
243
123
191
58
70
121
146
116
158
202
226
124
250
177
103
234
58
125
180
80
244
76
192
191
20
5
72
163
238
13
25
150
48
31
84
221
188
184
131
223
206
252
55
122
220
23
59
209
61
201
14
209
102
187
229
244
61
255
134
41
116
51
103
207
163
63
87
53
48
99
247
38
246
218
90
117
249
245
115
222
58
127
216
150
213
110
153
189
94
5
248
61
151
73
144
242
51
159
88
86
38
249
137
221
76
252
167
185
124
115
57
89
255
201
206
245
76
169
231
220
53
105
204
44
160
115
111
223
161
58
125
7
56
57
210
36
116
250
66
123
249
244
211
222
56
47
220
22
254
79
137
165
22
4
232
29
143
73
16
242
51
188
88
86
34
184
135
215
73
124
53
186
93
26
163
7
169
232
14
77
100
27
129
229
38
241
134
102
48
99
69
215
163
63
19
42
32
97
210
60
222
154
74
56
243
247
102
250
56
233
214
90
245
15
144
181
16
4
96
29
151
9
24
178
49
191
88
86
36
184
88
202
151
121
42
123
167
244
157
188
238
157
81
156
255
234
235
216
203
74
252
179
238
158
73
109
164
164
65
199
63
254
249
38
101
186
87
242
233
124
186
95
112
62
84
183
39
110
157
173
94
5
242
29
149
65
144
226
43
188
89
70
34
244
216
201
94
223
35
77
252
244
29
252
126
157
21
188
251
238
255
208
245
111
12
186
228
50
105
109
183
40
81
195
62
191
240
37
117
250
87
115
201
244
243
223
125
62
190
150
72
124
141
169
118
5
216
31
133
76
144
240
41
252
93
14
34
179
139
223
202
252
54
62
93
22
51
95
61
200
14
220
54
251
229
244
61
255
134
41
118
51
111
207
163
47
87
53
60
97
247
38
158
250
74
116
241
245
114
222
58
127
222
150
213
78
217
181
94
5
96
61
151
73
144
242
51
159
88
86
38
249
24
10
151
137
8
107
162
255
221
184
250
21
113
52
219
224
235
152
195
66
212
35
206
158
73
109
44
128
65
198
59
222
253
38
69
184
85
242
237
116
59
85
80
38
68
167
55
228
153
44
95
5
242
29
140
73
128
224
43
188
88
70
32
244
155
219
78
253
55
125
93
186
191
255
125
217
31
189
124
255
229
214
61
107
14
218
164
58
111
223
167
123
255
99
126
57
240
100
252
250
82
119
240
245
210
223
123
63
218
150
220
124
141
173
86
5
104
159
135
77
144
244
41
30
93
94
34
185
56
203
215
207
35
221
249
255
157
216
126
157
29
52
249
238
247
212
201
107
148
56
198
243
121
204
160
28
125
195
63
255
253
100
125
186
87
251
217
244
243
93
253
54
110
134
105
110
143
169
127
149
242
29
159
76
192
242
59
236
89
78
35
246
24
201
92
252
161
185
124
113
61
88
255
159
157
125
92
174
230
221
93
104
236
44
128
115
109
222
163
156
125
7
56
189
242
37
117
250
71
123
209
244
243
222
153
63
220
135
238
79
137
165
23
4
232
31
143
73
16
242
59
188
88
6
34
185
152
201
94
223
35
93
248
245
31
220
127
157
21
60
255
238
255
210
213
107
28
186
229
176
121
109
181
56
85
203
63
191
248
36
117
250
86
243
201
252
179
221
245
54
62
182
124
52
141
169
247
37
218
31
133
76
144
240
41
108
93
78
35
183
40
142
172
136
3
223
135
39
61
84
30
204
153
61
127
172
141
121
97
168
240
87
218
113
121
117
29
52
124
211
27
201
149
96
91
8
82
72
236
40
53
181
124
39
21
148
116
225
23
152
153
12
147
69
154
28
57
198
42
173
195
223
12
250
43
221
8
90
55
91
85
26
175
6
173
234
186
94
108
207
141
55
38
221
55
118
145
103
65
119
209
60
51
58
198
17
138
30
195
142
195
8
250
105
46
191
60
97
149
121
180
46
182
187
145
12
186
45
234
150
57
179
116
55
185
249
237
74
248
217
126
255
55
125
125
255
189
254
127
153
29
188
253
238
255
220
93
111
60
250
164
50
61
173
167
24
127
211
126
185
240
100
116
251
215
119
144
245
242
223
255
62
254
134
68
124
143
169
119
133
234
31
167
92
208
246
107
254
95
14
34
181
99
213
136
58
23
154
93
14
199
34
189
168
48
138
36
95
131
51
32
149
139
247
211
7
84
199
193
45
19
56
196
33
138
140
135
166
171
72
226
121
34
235
52
105
148
89
181
110
87
174
152
12
34
25
120
178
56
179
255
187
57
240
252
74
184
232
111
223
34
93
216
245
93
255
127
157
93
52
255
238
187
212
92
107
28
240
229
184
121
109
183
58
109
219
63
255
248
100
125
250
222
123
249
246
242
223
253
62
182
182
108
56
143
169
247
135
218
31
151
92
208
242
41
120
93
14
34
183
161
222
109
72
253
189
167
88
185
95
172
203
207
57
100
13
129
125
191
57
244
86
184
120
103
247
25
54
253
83
67
25
222
82
216
64
230
185
188
161
119
190
42
181
213
243
116
241
34
145
20
44
201
229
207
62
63
140
246
15
210
223
76
154
28
234
255
137
2
93
160
231
217
180
94
156
81
54
223
234
203
72
227
40
213
81
110
144
249
117
28
161
109
203
31
218
181
0
65
162
28
210
233
60
50
29
101
54
21
182
52
232
187
172
239
159
146
29
16
92
100
192
11
232
91
203
110
254
129
206
77
193
236
25
215
184
59
93
46
203
142
121
70
169
129
229
188
43
84
228
168
232
107
119
25
50
189
75
27
31
218
115
216
64
86
217
254
161
247
190
42
55
145
18
252
113
129
153
20
36
221
239
143
142
63
220
52
47
214
221
4
189
139
222
78
233
239
125
221
146
61
95
40
202
142
121
108
173
133
253
61
235
102
212
60
120
103
223
59
114
253
119
63
87
240
243
218
73
115
247
252
163
247
190
106
125
222
158
126
177
204
217
86
4
207
231
167
172
153
212
32
46
213
221
18
185
135
206
108
40
221
184
167
24
189
83
172
234
174
57
108
141
137
61
173
53
100
86
24
112
103
245
25
55
189
18
3
17
154
208
219
0
113
137
253
33
103
191
58
177
85
83
116
225
226
159
16
44
221
229
203
190
56
140
182
45
146
219
220
26
1
142
0
137
129
216
134
1
47
209
14
207
144
61
105
165
141
49
160
9
204
6
218
97
81
84
25
36
52
130
11
3
159
0
115
0
16
202
238
40
101
53
40
167
21
196
124
161
145
201
185
44
151
77
138
170
51
72
50
37
64
81
4
90
129
206
77
201
232
28
135
240
59
95
46
203
142
125
92
173
129
101
188
41
84
228
168
224
107
119
29
50
189
11
19
27
210
82
216
64
86
217
254
168
119
190
42
183
149
18
252
241
131
153
17
44
157
239
143
142
63
220
48
45
214
213
76
190
133
202
78
201
236
88
215
176
59
29
44
203
142
121
92
169
129
229
252
43
68
196
168
248
107
119
29
50
189
11
3
23
250
115
216
65
86
155
254
161
215
190
42
191
145
178
252
241
161
221
20
33
221
239
143
142
55
220
48
47
212
213
6
189
137
206
78
233
237
121
229
210
57
95
40
202
142
125
110
173
197
253
189
107
102
212
56
120
103
215
27
50
253
67
59
87
242
194
218
73
115
247
252
162
119
254
106
125
223
94
124
177
205
217
22
52
205
231
143
174
145
220
32
47
212
221
19
185
129
222
85
237
253
186
167
216
57
93
234
235
238
25
204
137
227
237
189
44
100
76
8
112
103
253
25
182
189
2
99
29
154
227
249
81
117
153
189
37
103
62
58
183
125
147
124
241
192
149
101
176
205
231
143
174
110
140
134
47
214
79
21
30
90
217
155
191
23
107
220
175
95
138
253
188
51
134
79
250
157
22
48
159
6
145
231
3
225
213
251
109
19
107
142
168
141
156
249
69
175
71
234
97
34
223
231
105
183
31
53
62
214
154
239
247
167
229
116
242
199
139
140
107
53
249
223
70
5
142
116
69
233
232
166
80
41
89
170
111
140
125
233
165
163
41
233
32
245
111
27
248
81
125
25
182
188
6
139
71
223
113
123
16
49
154
253
44
109
52
42
183
109
227
254
113
168
215
232
56
215
231
138
140
46
205
150
165
194
111
37
74
134
202
14
201
239
93
212
145
61
185
44
203
138
113
126
173
129
221
252
171
76
206
188
120
107
87
31
50
253
67
19
22
242
251
218
97
118
215
254
177
243
62
106
63
157
246
220
241
233
217
22
49
221
231
143
238
23
212
52
47
86
125
6
185
103
245
73
58
21
178
95
26
227
66
173
168
47
203
164
95
131
117
36
21
3
119
80
39
68
215
193
61
51
56
68
33
146
28
150
170
162
8
51
241
98
234
62
233
181
89
245
78
82
190
16
6
96
177
124
19
56
178
55
191
56
208
252
74
136
200
14
139
35
93
216
181
29
255
127
158
25
188
123
238
137
80
112
235
28
146
230
184
121
101
149
34
85
203
63
123
249
36
117
250
86
123
233
190
242
125
117
62
150
182
80
56
159
169
126
5
217
31
149
92
144
224
41
124
93
30
34
247
88
202
23
25
8
99
167
252
221
188
234
157
81
156
251
234
235
220
195
66
252
163
238
158
73
109
165
164
65
199
59
254
249
38
69
184
85
242
233
124
58
92
48
38
84
183
39
110
153
172
94
5
240
29
148
65
144
226
43
188
88
70
34
240
25
205
4
244
161
233
252
115
25
89
255
205
158
117
76
168
231
216
21
107
228
44
128
115
111
94
161
136
84
7
58
189
250
37
117
250
83
123
201
244
219
220
24
47
204
23
254
111
137
165
82
5
248
31
143
73
16
242
59
188
88
6
34
184
203
206
134
221
238
93
220
161
57
255
56
203
154
244
126
168
173
218
61
171
78
140
174
56
107
95
187
98
213
67
182
55
240
51
121
113
83
103
238
162
115
254
104
63
223
158
254
176
205
193
86
165
205
207
135
235
147
209
33
60
85
124
2
177
192
200
130
223
0
74
214
167
27
241
62
141
18
182
79
170
175
18
184
15
14
137
238
2
121
71
153
34
1
139
26
127
181
163
113
113
55
207
238
42
115
60
169
119
191
30
125
224
197
200
127
181
157
79
176
206
211
232
40
105
85
100
19
254
208
200
138
223
32
75
214
167
31
241
62
141
18
182
91
170
175
18
184
15
14
137
238
2
121
207
153
34
65
203
30
127
181
179
113
113
55
203
238
62
115
61
229
118
47
158
125
224
205
200
127
181
157
79
176
206
211
104
40
105
69
36
17
254
129
206
14
203
232
89
212
147
57
123
46
207
158
245
110
169
205
208
189
43
78
204
172
120
107
95
19
34
253
67
58
119
242
227
121
81
83
247
254
178
211
254
104
63
223
158
124
177
197
209
86
180
205
199
135
174
145
220
32
45
84
125
3
184
129
206
22
223
232
88
252
211
57
249
46
203
142
241
111
169
175
200
189
43
78
140
44
184
107
95
51
50
237
3
50
55
240
227
120
81
83
247
254
166
243
126
42
55
190
158
88
177
201
217
118
245
221
239
135
238
151
220
32
46
84
116
3
185
197
207
158
213
232
89
252
243
57
251
46
203
194
245
234
169
175
200
188
43
78
140
44
152
107
95
51
226
205
7
186
55
240
83
124
113
81
247
254
182
115
126
40
55
190
134
222
176
201
201
118
247
221
207
135
234
151
221
32
46
84
116
1
184
90
217
154
191
23
107
92
190
31
138
253
188
51
134
15
250
157
22
112
151
14
145
230
11
233
213
251
109
83
107
198
169
141
144
185
69
175
77
234
113
34
157
231
105
191
29
53
60
214
218
251
247
175
225
112
242
203
139
188
107
53
249
215
70
5
138
84
5
233
232
166
80
41
25
138
111
128
125
233
161
171
41
139
0
229
43
27
240
65
124
25
166
188
6
139
86
159
209
123
16
49
154
237
36
109
52
10
183
101
227
254
97
168
213
104
48
213
231
138
168
54
77
150
165
192
99
37
74
45
174
255
137
200
223
163
81
249
124
14
5
221
53
249
229
195
105
195
32
245
85
26
241
83
108
12
132
108
215
27
199
175
66
67
32
180
218
237
40
252
21
78
166
84
230
102
227
189
108
137
60
179
29
8
89
62
206
95
164
202
203
110
216
131
222
10
225
253
56
174
208
41
91
40
202
130
9
102
41
133
237
173
201
68
196
56
120
103
215
59
98
148
7
35
83
214
208
218
73
113
236
236
163
99
62
42
189
215
90
246
177
200
217
16
36
205
231
207
162
19
152
48
39
84
219
84
186
84
233
155
223
34
95
210
167
203
160
63
156
81
182
223
250
157
130
248
47
14
145
230
131
217
213
157
108
33
235
30
122
181
145
97
96
28
195
234
106
50
61
229
112
191
158
53
44
215
136
239
251
151
79
48
254
229
75
8
105
121
77
83
222
135
206
8
40
221
248
167
24
173
17
174
234
160
29
108
141
137
61
173
21
228
86
152
112
97
245
25
38
60
2
11
17
158
208
219
0
33
136
237
33
109
61
58
161
85
81
52
97
176
155
145
44
215
229
235
176
50
136
182
167
130
219
188
90
193
206
158
223
232
89
244
147
57
249
46
207
146
244
110
169
239
218
189
43
78
140
46
184
107
95
19
34
213
3
58
55
242
35
121
113
83
215
254
178
211
124
104
54
223
30
124
177
201
201
118
53
221
207
133
234
147
216
32
45
84
116
3
184
193
206
158
223
232
89
244
211
57
249
46
207
130
245
111
169
239
202
189
43
78
140
46
184
107
95
19
34
221
3
50
55
240
99
121
113
83
215
254
162
243
126
40
55
159
30
124
176
201
201
118
53
221
207
133
238
147
220
32
45
84
116
3
185
193
206
150
221
232
89
236
211
57
249
42
203
130
245
239
169
175
200
189
43
78
140
45
184
107
95
51
242
141
7
178
23
240
83
120
113
81
247
254
162
119
126
40
55
190
22
94
177
201
201
118
119
221
207
133
238
151
221
0
39
84
116
1
184
129
250
23
229
252
120
174
240
105
157
106
203
194
17
204
169
139
205
173
109
68
12
40
216
239
223
27
162
158
6
35
31
86
195
249
17
117
188
252
167
101
116
186
183
239
138
126
177
200
209
100
242
205
231
175
174
71
204
16
103
68
95
85
62
129
222
78
201
236
125
244
210
57
253
44
203
142
249
126
173
231
252
189
43
70
204
60
120
107
223
19
50
253
67
58
119
240
227
248
81
114
247
254
179
211
254
106
119
154
158
124
177
205
209
118
180
221
231
135
174
147
220
32
14
212
124
23
189
132
250
95
105
252
122
174
208
233
27
232
202
194
21
220
137
139
205
191
109
69
68
41
220
231
85
63
178
141
6
35
146
212
217
222
69
121
181
173
35
111
110
42
181
119
235
62
177
106
217
36
242
205
231
239
190
198
205
132
6
116
121
85
54
173
206
100
7
217
237
167
120
173
21
142
111
172
63
236
165
235
57
239
48
245
74
27
244
83
125
93
54
188
86
75
133
221
105
99
20
145
146
253
44
125
21
26
183
77
227
254
33
168
215
201
40
215
175
138
13
42
204
150
165
162
207
36
74
56
123
117
196
186
189
37
121
221
93
122
87
221
125
216
228
246
221
207
104
244
116
128
245
217
188
37
156
108
210
125
185
114
100
84
186
213
122
145
220
223
87
217
22
192
166
192
79
139
37
149
136
122
29
143
93
76
246
115
248
74
30
42
188
153
207
206
237
35
249
252
255
61
217
127
205
30
188
111
238
239
220
61
107
196
11
230
51
105
207
163
62
93
67
62
127
253
37
125
250
83
119
233
244
211
92
56
62
222
151
255
110
137
173
94
5
248
31
149
77
144
242
43
188
89
94
34
248
25
205
158
207
35
201
248
239
29
216
127
221
18
60
237
238
239
152
177
107
132
42
230
51
121
207
162
46
69
195
62
127
253
37
109
250
87
115
233
252
243
223
125
46
254
150
125
110
137
168
126
5
248
29
149
73
144
242
43
252
89
78
34
251
217
207
143
223
35
95
253
191
157
253
126
205
19
188
125
238
237
220
61
111
76
138
228
59
105
207
167
46
85
67
62
127
240
37
117
249
83
119
233
244
211
94
56
62
222
150
217
126
137
173
94
5
248
31
149
73
144
242
43
188
93
86
34
185
201
221
207
221
39
127
249
191
189
253
124
201
31
185
124
175
237
222
61
111
76
138
228
51
105
207
167
106
89
3
50
63
240
37
116
249
83
119
233
244
210
94
56
62
218
22
216
126
137
173
94
5
248
31
149
73
144
242
35
188
92
86
34
185
217
205
78
221
35
95
252
183
61
253
127
221
30
189
93
174
237
222
61
111
76
138
164
50
105
207
167
122
89
3
58
63
240
37
116
249
87
119
232
244
82
94
57
62
222
22
220
124
137
173
94
5
248
31
149
77
144
242
35
188
92
86
34
184
131
223
78
253
55
124
220
147
63
255
61
203
14
253
124
191
237
254
61
251
78
138
180
58
111
223
183
122
215
19
50
51
240
44
126
251
90
117
232
245
114
222
56
63
222
86
244
124
137
173
86
5
248
31
135
73
144
240
33
60
92
86
34
185
152
201
30
223
35
73
252
247
29
216
126
157
16
188
255
238
239
208
113
111
12
186
229
50
105
77
177
40
213
195
62
59
248
37
117
250
83
115
233
244
243
93
124
62
158
150
124
108
141
169
126
5
216
31
149
72
144
240
41
124
93
78
34
242
131
221
142
252
39
122
220
7
63
219
189
201
14
253
110
189
237
252
53
251
196
41
244
51
103
207
163
110
87
21
48
99
245
36
94
250
90
117
233
244
115
222
56
47
222
22
245
110
153
172
94
5
248
29
151
73
144
242
35
188
88
86
34
249
131
215
74
232
61
52
221
210
39
95
41
202
14
89
116
61
229
244
44
235
2
108
176
122
110
215
51
123
215
38
50
113
210
230
158
219
66
116
122
179
99
202
58
253
214
16
244
28
200
189
22
5
72
146
166
73
145
208
48
31
84
85
0
185
193
204
150
223
233
77
240
182
29
253
108
205
18
188
79
174
175
218
188
47
12
139
238
56
107
111
27
34
221
67
26
63
245
51
121
113
87
199
238
162
243
62
233
54
191
158
125
176
205
201
127
181
221
207
144
206
211
221
40
109
85
101
3
255
131
221
78
223
174
76
220
147
63
95
63
203
14
109
124
189
237
246
53
227
70
234
181
58
111
223
55
122
223
19
186
53
240
110
127
218
90
119
249
244
115
222
56
63
222
86
252
252
137
165
86
5
232
31
133
77
153
240
41
61
84
87
34
184
153
207
30
223
35
93
252
245
31
221
111
157
16
60
255
238
239
210
229
107
30
186
230
176
121
127
183
40
213
195
63
63
248
36
117
250
82
115
233
252
243
221
125
55
190
182
124
52
137
169
118
37
218
31
135
73
144
240
41
124
93
78
35
186
144
200
30
143
33
73
240
253
31
249
126
157
49
62
219
238
239
146
241
11
28
170
231
176
121
109
177
40
81
203
27
63
253
37
117
250
22
243
233
252
243
93
177
54
190
182
124
108
137
168
127
165
216
31
148
72
208
240
41
104
93
6
35
254
131
223
10
232
52
116
220
131
39
95
41
202
10
77
116
61
237
244
36
235
6
166
176
122
110
215
55
107
151
38
50
113
210
182
222
203
98
124
234
163
99
74
56
253
214
84
244
124
200
189
20
5
200
23
166
73
145
208
48
31
84
85
0
186
5
174
116
9
200
201
162
81
169
24
130
109
204
117
233
161
201
41
139
32
245
103
26
249
115
124
28
246
44
70
11
70
223
211
75
0
48
154
253
46
237
53
74
167
69
227
126
227
184
84
40
60
183
69
138
12
62
206
134
165
194
79
37
90
153
77
30
215
35
69
248
245
31
221
127
221
18
60
219
230
239
210
213
107
28
170
230
176
121
47
183
42
213
203
63
63
120
37
117
250
86
115
201
252
211
93
249
54
174
38
72
60
137
173
119
165
216
31
149
73
144
240
41
124
93
14
35
190
131
223
78
238
54
52
220
147
55
223
57
203
14
93
116
61
229
246
60
235
6
238
176
122
110
223
55
123
223
51
50
113
242
110
190
219
122
125
250
245
115
202
58
253
222
84
244
253
200
181
22
5
200
178
174
77
145
240
48
31
84
85
0
186
155
221
78
223
54
125
220
147
63
223
61
203
30
109
124
255
237
214
52
235
6
170
164
58
109
223
183
122
223
123
54
63
240
108
124
218
90
119
248
245
211
222
57
63
222
22
252
124
137
189
86
5
232
31
135
77
144
240
49
63
93
95
34
187
138
200
138
139
35
85
216
165
29
254
125
158
17
188
123
238
137
80
112
235
12
146
230
56
121
197
149
32
81
203
63
123
245
36
117
250
86
123
233
56
114
125
117
62
150
150
116
120
159
168
126
5
217
31
180
88
144
224
41
124
93
94
34
242
9
204
138
137
3
93
208
133
61
230
14
140
16
60
127
239
137
112
177
35
76
243
246
32
121
197
148
32
113
203
31
67
149
0
211
224
18
75
233
56
114
61
124
32
21
86
117
104
27
168
187
13
145
29
216
24
56
224
43
61
73
211
110
234
1
140
139
137
1
88
128
205
57
226
44
140
16
53
47
171
137
40
161
3
76
241
118
128
81
197
144
32
33
130
11
67
157
0
211
160
18
74
232
40
114
61
60
161
21
86
117
104
27
168
171
13
145
29
88
24
56
224
43
189
8
211
110
202
144
200
146
143
1
75
178
231
31
248
126
157
16
60
223
174
239
146
241
11
4
139
231
50
121
77
153
32
81
131
27
127
253
37
113
240
23
210
233
124
115
92
49
54
190
22
125
108
153
168
127
133
208
31
148
72
208
240
41
120
92
70
34
254
132
202
14
205
253
125
220
145
61
187
46
203
138
81
126
173
129
221
252
171
76
206
188
120
107
87
31
50
253
71
19
22
242
243
218
97
114
247
254
179
243
190
106
63
157
214
252
177
169
217
22
49
221
231
143
174
19
212
48
47
86
125
4
185
219
223
14
253
39
125
220
179
63
255
125
201
30
184
124
254
237
222
61
239
76
130
164
58
107
223
183
106
213
67
54
59
240
36
116
251
83
119
232
244
242
222
56
63
222
150
244
124
137
173
86
5
248
31
135
73
144
240
41
188
92
86
34
185
214
217
154
253
37
74
92
135
27
234
57
136
2
134
15
155
173
74
56
159
14
157
230
11
237
215
243
109
83
35
166
33
213
145
189
97
43
109
234
115
34
238
167
105
191
28
245
62
215
202
126
247
173
227
116
234
211
155
57
123
21
113
211
162
192
234
151
213
232
88
252
211
121
187
42
203
194
245
218
169
175
201
189
43
79
140
45
216
235
95
51
162
205
7
162
22
242
211
124
81
89
183
254
166
211
124
40
247
187
14
126
177
201
217
102
243
221
239
135
234
151
221
0
39
84
117
65
184
129
206
14
233
236
124
228
208
57
95
40
202
142
117
126
169
197
237
189
105
70
196
56
120
103
215
27
114
253
3
51
87
210
194
218
73
99
253
252
162
119
190
42
253
215
90
126
177
200
217
20
52
205
231
143
174
145
220
32
47
84
81
17
184
197
206
84
109
232
232
167
176
40
93
106
75
142
127
204
168
237
235
173
164
237
77
10
248
203
127
25
246
173
2
195
23
154
243
89
17
117
145
253
44
103
62
170
183
77
155
254
145
192
213
69
252
215
231
139
175
111
204
134
39
214
103
149
28
28
42
183
137
72
127
161
255
220
252
94
21
81
52
219
224
251
220
193
34
244
16
140
147
91
236
12
128
232
194
59
223
125
0
81
176
53
242
233
124
240
21
215
38
68
166
228
233
187
44
205
137
178
29
140
89
70
96
15
232
74
15
32
244
135
206
14
233
237
120
254
208
57
95
40
202
138
125
108
169
141
237
61
235
68
196
56
120
103
223
27
114
221
39
35
87
210
208
219
73
115
253
252
163
103
190
42
125
215
218
254
177
200
217
22
53
205
231
175
44
145
204
48
47
212
91
16
178
135
222
10
225
253
112
252
144
57
95
40
202
138
89
100
41
133
237
61
235
64
196
56
120
102
223
59
114
221
39
35
23
242
240
158
65
115
253
252
163
103
110
42
253
219
72
254
177
72
217
20
53
205
231
174
172
147
212
48
15
84
91
20
184
195
206
14
205
239
93
220
145
61
253
62
203
142
253
111
173
173
251
60
187
92
142
190
120
99
127
59
114
253
83
50
55
240
251
123
97
115
119
254
162
243
62
106
63
159
214
220
177
205
217
86
181
221
239
143
238
147
213
164
61
214
117
2
185
216
200
154
223
34
79
212
166
27
253
126
223
18
180
91
170
175
210
248
47
12
137
238
136
105
79
157
34
197
195
30
127
245
163
113
113
119
207
238
96
115
61
229
54
191
158
125
240
207
200
127
181
157
79
176
238
199
248
40
105
85
109
19
254
88
8
30
245
235
249
243
252
156
188
222
21
49
252
249
230
227
220
211
98
252
186
174
188
43
40
164
136
209
199
63
255
121
38
69
250
87
243
201
220
218
85
221
30
64
167
203
102
143
45
95
133
248
31
133
73
208
242
43
248
73
14
34
245
135
215
109
124
53
50
93
90
163
3
169
202
78
65
100
27
129
229
46
249
130
102
48
123
68
215
167
63
87
46
33
112
210
44
158
155
74
60
49
247
38
202
56
253
214
88
212
31
0
189
20
5
104
24
167
13
144
242
49
158
92
86
32
185
196
233
235
156
48
22
93
239
129
231
161
184
67
131
212
202
171
212
63
111
11
132
228
59
79
155
191
11
83
12
48
57
112
37
60
219
66
124
1
214
146
202
56
62
154
28
64
156
73
173
86
149
72
26
133
72
144
242
33
156
92
84
34
179
196
105
235
157
48
7
125
231
129
231
225
184
83
128
211
202
171
220
55
111
11
140
228
19
77
139
166
9
81
12
48
59
240
37
52
251
82
126
129
212
146
74
56
62
218
30
64
188
137
173
118
5
88
30
149
72
144
242
33
156
92
86
34
187
216
217
92
222
39
127
124
183
61
254
127
153
28
188
125
238
231
222
93
107
12
178
228
50
105
13
167
24
93
67
61
121
240
36
116
248
87
115
128
245
210
223
121
62
214
150
70
108
141
169
126
5
248
29
151
76
144
242
43
252
93
94
34
177
40
140
173
136
202
221
135
109
173
68
142
68
89
61
123
164
141
56
195
32
244
83
126
164
117
117
28
32
173
214
27
200
141
72
67
8
144
2
236
40
61
53
84
167
85
242
52
224
51
8
207
8
147
5
64
16
189
64
74
172
130
223
76
218
120
90
126
223
34
95
250
245
95
254
126
149
29
180
121
230
247
214
217
106
156
208
229
184
57
40
168
24
125
209
61
251
240
36
117
240
215
115
128
244
146
223
93
62
118
134
64
108
143
41
127
133
186
29
151
93
208
226
43
220
91
14
42
181
5
204
138
137
1
88
128
197
57
240
14
140
16
53
107
170
137
40
129
0
204
128
126
0
81
197
24
0
33
130
11
83
181
0
67
32
16
66
237
40
50
53
40
164
20
214
100
224
25
40
143
12
145
29
192
8
48
192
43
60
72
82
98
218
9
204
10
139
2
93
132
167
25
222
62
140
16
52
125
234
137
80
1
233
4
208
236
144
121
69
13
0
69
203
59
91
240
4
213
234
82
115
137
56
178
127
124
60
22
150
80
224
27
41
30
5
153
29
197
24
144
224
43
252
73
218
106
179
137
204
10
143
35
89
216
167
29
219
127
220
18
60
109
238
139
16
52
73
4
18
229
56
121
85
137
34
85
195
62
123
240
36
125
250
82
119
232
184
242
222
57
62
150
150
116
120
139
169
86
5
216
29
133
72
144
226
43
252
93
94
34
187
145
205
26
207
35
217
216
165
31
217
127
221
18
60
77
174
239
146
20
75
4
40
164
50
121
15
163
10
85
131
62
63
248
36
125
248
87
115
200
252
211
222
57
62
186
22
248
126
137
169
86
5
248
31
149
73
144
242
43
252
92
22
34
185
153
205
26
143
35
73
248
229
31
208
127
221
16
62
201
230
239
146
148
11
4
170
229
48
121
141
161
8
87
203
31
63
240
36
113
242
87
83
200
252
211
221
185
54
174
150
108
108
137
161
127
5
248
31
181
72
144
242
43
248
89
14
34
254
25
205
26
159
35
205
252
229
31
220
111
157
16
44
253
238
239
210
132
107
4
40
228
50
121
205
161
40
81
195
63
63
240
36
117
250
87
115
232
252
243
221
61
46
182
22
124
110
137
169
118
5
248
31
149
73
144
242
43
252
89
78
34
186
131
223
8
238
36
92
220
3
59
94
41
200
14
117
124
185
229
230
36
235
6
40
52
59
109
223
167
122
87
34
186
113
240
116
126
218
74
118
250
245
115
222
56
255
222
22
244
110
137
181
86
5
232
23
135
73
145
242
48
188
84
86
34
185
131
223
10
252
52
124
220
147
47
223
41
200
14
89
124
189
229
254
44
235
6
40
180
59
111
223
167
123
215
38
176
113
242
116
222
218
66
116
250
245
115
222
56
253
214
150
212
78
201
189
86
5
104
21
167
73
145
243
49
158
84
86
34
185
217
207
14
95
35
89
220
180
31
190
56
141
16
188
109
238
237
218
37
235
12
162
165
50
73
125
167
104
81
66
190
51
248
36
117
248
83
114
232
244
242
94
56
62
214
182
70
124
137
169
86
5
248
31
133
73
144
242
43
188
93
86
34
177
5
14
2
137
137
72
128
197
41
224
14
140
16
53
107
163
137
40
129
0
76
128
94
0
81
197
24
0
161
130
11
83
181
18
83
40
16
66
109
40
36
53
28
160
84
214
100
224
25
8
137
12
147
93
64
8
56
192
11
52
0
67
70
74
11
204
14
139
35
93
144
167
29
222
62
140
24
60
125
238
137
80
21
233
4
80
236
57
121
69
9
0
85
195
62
91
240
36
93
234
82
119
137
184
242
127
124
62
22
150
96
232
159
41
86
5
217
29
133
12
144
224
43
252
77
94
34
179
9
204
14
139
35
93
216
167
29
222
127
220
24
60
125
238
139
80
29
233
4
18
229
57
121
69
141
0
85
195
62
123
240
36
125
250
86
119
136
184
242
223
121
62
150
150
112
104
139
169
86
5
217
29
135
12
144
226
43
252
93
30
34
179
131
220
78
142
39
95
156
19
63
223
61
201
14
61
124
191
165
214
60
169
0
66
164
57
109
221
173
58
95
43
62
121
240
116
60
216
82
119
168
245
83
222
58
63
150
22
244
108
137
185
86
5
232
29
167
77
144
242
58
188
85
94
34
185
131
222
76
174
52
126
157
18
39
223
41
202
14
25
116
191
165
244
44
237
0
68
176
113
109
215
173
59
95
34
58
113
240
116
254
218
66
124
168
225
103
206
58
189
150
18
244
108
192
185
22
5
104
53
167
76
144
243
48
156
84
86
6
187
131
223
76
238
52
62
157
18
51
223
45
202
14
25
116
187
165
230
44
237
0
68
48
115
109
223
169
59
127
34
48
113
240
116
190
218
74
124
184
241
119
222
58
189
158
146
212
108
192
177
22
5
104
181
167
77
144
246
48
158
84
86
6
185
25
205
92
223
35
205
252
181
63
222
127
141
28
44
125
238
239
210
68
107
20
56
165
178
105
111
163
56
93
66
62
57
248
36
125
248
87
115
216
244
243
223
61
46
182
150
252
126
137
169
118
5
248
31
133
77
145
242
43
252
93
78
34
177
24
200
27
139
0
79
178
231
95
248
126
157
17
54
219
250
255
146
193
2
196
0
236
128
249
205
9
64
65
203
27
127
165
0
113
240
54
210
233
124
243
29
181
38
84
150
116
108
155
172
239
133
184
29
148
73
198
240
43
232
88
70
34
252
24
200
30
143
35
73
254
229
31
248
108
157
16
52
253
234
239
210
149
107
12
176
229
48
105
77
161
8
81
195
191
59
240
36
117
240
87
115
200
244
242
95
125
62
182
150
100
108
137
169
126
5
248
31
133
72
144
242
43
252
93
78
34
177
219
223
14
223
39
125
92
183
63
255
61
137
30
188
124
191
237
222
61
235
12
162
164
50
105
79
165
122
85
3
190
51
240
36
116
250
83
115
160
244
242
222
56
63
214
150
198
108
137
169
86
5
248
31
151
73
144
242
43
188
93
86
34
185
217
205
14
223
35
95
252
183
61
255
125
137
30
188
127
174
237
218
61
239
12
162
228
50
105
79
167
122
93
65
60
123
240
36
116
248
87
119
160
244
242
222
57
62
214
150
195
110
153
169
94
5
248
29
151
77
144
242
43
252
93
86
34
185
25
205
142
207
35
95
252
167
29
220
127
221
18
188
127
238
167
154
153
111
4
11
230
51
121
75
164
0
85
193
62
107
245
36
101
240
87
119
200
252
211
222
57
62
254
150
71
110
153
169
126
5
248
31
151
72
144
242
43
252
89
70
34
249
25
205
142
223
35
203
252
167
29
216
127
157
30
188
111
238
173
152
25
111
196
9
230
51
105
77
160
20
93
65
60
111
253
37
117
248
87
123
200
244
211
223
61
46
222
150
199
110
157
172
94
5
248
29
157
73
144
242
59
188
89
78
34
251
199
223
138
252
55
122
92
23
61
209
61
201
14
157
110
159
237
252
61
255
6
139
246
51
101
207
160
106
85
21
56
97
245
60
118
250
90
115
161
245
82
222
56
63
220
86
213
78
153
173
94
5
112
29
151
73
144
242
51
188
88
86
34
251
135
223
206
124
55
122
92
23
57
144
61
200
14
185
110
159
237
252
61
255
134
11
244
51
101
207
161
127
85
21
56
96
245
60
116
250
74
118
161
245
242
222
56
63
222
214
213
110
153
173
94
5
112
29
151
73
144
242
51
157
88
86
34
251
207
221
204
124
39
187
92
19
57
49
63
205
14
181
108
171
229
221
61
253
134
14
160
115
111
222
165
94
117
23
56
100
210
61
116
250
74
123
201
246
210
222
56
47
216
94
228
111
137
165
18
5
232
29
159
73
16
242
51
188
88
86
34
251
195
220
76
60
111
170
92
19
57
33
61
203
142
229
108
139
229
221
53
241
198
14
160
115
111
222
161
94
81
23
56
100
210
61
116
186
74
126
128
247
210
222
24
47
220
22
228
79
137
165
16
5
104
29
159
73
16
242
51
188
88
86
34
185
135
215
109
120
52
54
29
91
161
86
169
202
206
217
36
31
128
237
47
105
130
102
80
123
68
207
167
127
87
60
32
97
210
60
158
138
66
60
49
247
102
202
56
253
210
216
213
79
24
181
20
4
96
24
158
9
16
242
51
159
88
86
34
185
139
223
76
236
38
124
220
2
59
94
41
201
30
125
124
185
229
246
36
233
6
104
52
59
111
207
39
91
127
34
188
113
240
116
126
218
74
118
248
245
215
222
56
127
222
150
244
78
137
181
86
5
104
23
135
77
145
210
32
190
84
94
34
185
40
200
79
203
34
221
216
165
93
222
127
156
25
52
121
238
139
80
92
105
148
80
229
184
121
5
133
16
69
219
63
219
240
36
125
250
86
115
137
184
178
253
117
62
22
134
96
104
143
41
87
133
155
29
135
28
144
226
43
252
73
14
34
181
88
202
94
223
35
89
254
244
31
254
126
157
29
60
253
238
247
210
221
107
12
242
165
58
105
13
161
24
93
195
191
123
240
36
117
240
87
115
128
244
242
223
121
62
54
134
64
108
143
41
118
5
248
29
135
76
144
242
43
252
93
78
34
177
9
140
132
136
203
205
134
69
41
68
14
68
24
61
107
164
141
56
129
32
208
81
254
96
121
117
24
32
169
194
27
65
149
80
81
0
16
66
232
40
37
53
76
35
85
20
244
96
17
8
201
12
147
69
16
8
57
64
34
161
0
219
12
202
199
213
76
90
55
58
85
26
167
70
173
234
47
251
100
31
129
117
36
53
38
246
176
98
70
247
209
57
187
58
70
9
154
92
146
234
226
24
242
249
102
187
58
241
180
81
244
76
82
183
16
12
8
49
255
23
57
182
116
31
56
212
190
89
230
165
234
183
23
70
217
143
183
231
21
252
63
234
182
126
152
50
54
211
187
255
247
47
86
130
246
27
83
185
126
235
167
188
6
254
250
125
211
254
210
106
101
200
147
88
129
111
89
174
154
9
240
24
244
113
56
179
113
185
187
212
186
235
60
42
127
131
42
159
163
233
221
252
86
23
221
54
217
228
210
153
193
34
212
84
136
209
217
176
12
148
108
219
29
218
103
64
67
160
253
218
137
120
212
21
213
134
68
166
192
105
187
44
137
139
178
29
29
89
68
98
91
248
75
31
106
254
239
245
233
58
23
50
93
14
167
103
169
234
43
202
166
95
128
119
36
85
171
247
114
39
68
131
227
63
83
56
108
97
135
140
150
170
226
124
35
255
98
234
62
105
210
89
181
79
80
166
24
4
98
48
254
49
56
178
113
159
185
214
190
91
239
149
237
244
55
47
89
95
55
68
149
208
95
249
38
95
232
253
17
245
178
109
242
115
126
186
178
95
122
61
124
105
215
116
52
218
202
127
145
95
212
203
28
143
217
24
229
79
145
36
26
12
104
28
151
13
56
182
123
159
88
23
38
251
1
138
0
131
200
216
134
0
41
17
14
78
144
53
105
129
13
43
161
4
200
5
10
193
65
85
25
100
36
130
11
1
149
16
83
0
17
200
108
8
101
53
40
39
5
196
124
161
17
8
169
52
151
73
138
170
51
72
2
37
64
81
68
74
129
206
12
10
200
156
7
48
59
85
46
202
142
61
76
141
207
99
172
45
212
68
152
224
121
117
29
54
61
2
11
17
144
66
209
0
4
137
190
40
117
182
42
183
21
18
116
225
131
145
161
56
157
201
139
142
59
76
34
37
194
209
76
218
145
250
21
229
252
106
167
248
89
25
250
91
198
85
76
168
239
205
189
44
100
12
168
208
235
125
25
230
189
6
34
29
156
227
121
81
125
209
237
165
101
148
187
55
77
139
126
241
194
209
69
240
205
230
139
171
103
156
134
98
196
79
21
28
129
202
76
202
232
29
135
176
63
95
44
202
142
57
92
169
133
101
236
41
84
212
168
224
107
119
25
50
189
10
19
17
210
66
216
64
84
201
190
168
119
190
42
181
149
146
116
225
2
153
181
48
157
227
203
158
63
76
32
36
212
217
77
186
90
201
155
143
2
79
214
167
95
192
95
156
17
182
91
250
159
18
248
14
14
145
230
0
249
213
152
104
3
234
158
57
164
17
113
192
63
67
206
32
34
29
245
112
63
158
125
164
215
136
239
255
151
71
48
250
197
73
8
105
81
73
83
198
133
222
14
233
252
120
164
208
57
95
42
203
138
85
108
169
129
109
189
233
68
68
56
120
103
95
27
114
253
7
43
87
240
210
218
65
113
231
188
163
231
190
42
125
222
210
126
209
200
217
20
52
205
231
139
172
155
141
32
38
84
123
23
185
5
206
68
40
201
248
39
88
41
20
174
42
128
61
204
133
137
45
173
68
228
70
24
112
65
125
25
36
188
6
11
1
152
80
209
0
33
136
237
40
44
181
58
165
117
241
118
225
32
145
161
60
211
229
203
164
42
140
151
165
130
211
44
74
129
222
69
236
221
42
39
88
41
93
168
203
142
121
68
41
229
237
173
36
96
204
56
112
70
255
25
242
189
2
66
21
152
243
248
17
101
192
60
165
103
158
58
183
93
147
254
193
64
145
68
60
205
230
139
175
47
156
132
6
214
199
20
25
165
206
100
4
201
236
39
120
169
85
238
107
174
61
204
133
235
45
175
116
240
78
154
240
115
125
89
182
188
22
75
13
156
99
97
16
5
129
125
44
125
149
58
183
77
105
126
161
160
213
193
40
221
230
138
165
106
156
134
165
130
199
36
94
239
213
234
251
55
21
221
142
167
231
169
234
191
202
167
127
144
246
38
243
59
247
118
47
86
163
227
59
147
121
124
115
231
188
150
239
210
124
51
255
66
107
108
88
146
88
209
31
93
174
24
13
114
24
244
119
184
178
113
30
191
216
186
249
132
202
78
201
232
93
212
209
63
157
46
203
138
113
124
169
129
241
252
171
84
198
56
232
107
87
21
114
189
79
19
22
242
82
218
64
80
217
254
160
247
190
42
55
188
246
124
241
161
217
54
52
157
227
139
142
19
77
32
38
84
121
5
185
129
207
14
205
227
93
220
180
27
221
46
201
18
60
111
172
141
208
188
175
92
136
164
32
123
119
27
98
149
79
154
55
240
51
121
97
86
71
238
168
243
62
40
62
158
150
92
176
133
201
86
181
157
207
129
226
147
193
40
44
85
120
2
185
129
206
6
75
232
88
228
147
57
185
46
203
130
245
76
169
135
200
189
43
70
140
45
216
99
95
19
34
237
3
10
86
240
195
120
81
81
151
254
162
211
62
42
247
158
150
126
177
201
217
102
116
221
199
131
174
151
220
32
46
84
117
3
185
133
222
14
201
252
120
236
208
57
95
40
203
138
85
100
169
129
237
189
169
68
68
56
120
99
87
27
114
253
7
35
87
244
210
218
65
114
245
254
163
119
174
42
189
158
194
126
177
64
217
54
52
205
231
143
174
151
205
32
6
84
121
7
185
133
206
76
40
253
120
166
216
41
91
170
202
130
29
236
169
129
109
173
41
100
196
24
120
103
117
25
178
189
6
35
81
152
208
217
64
49
232
172
161
103
62
58
181
117
211
118
241
200
217
52
52
205
231
203
44
62
140
148
38
212
211
85
24
128
204
6
205
202
201
204
161
57
249
42
205
26
228
109
168
173
90
189
163
76
136
173
56
107
95
3
98
221
71
187
22
240
179
121
97
83
199
238
162
243
62
104
63
222
22
126
176
137
193
86
53
221
207
129
170
147
193
32
52
84
104
2
165
210
8
138
159
3
75
214
167
31
224
127
157
16
182
75
186
45
18
184
139
14
153
239
0
121
197
152
98
131
235
159
127
181
177
97
112
55
195
238
26
179
189
229
112
47
30
109
160
199
200
239
181
157
71
177
234
195
73
168
105
5
44
19
206
133
222
68
168
221
58
39
88
41
95
168
75
138
89
68
9
137
109
173
36
96
68
8
112
70
245
25
114
189
6
34
17
152
208
217
32
49
128
60
33
100
62
58
181
117
145
246
193
64
149
16
48
201
229
202
172
47
140
150
7
196
211
84
26
129
206
14
95
232
88
244
147
57
185
46
203
2
245
108
169
135
234
189
43
78
140
61
152
99
95
19
34
205
3
42
118
240
227
123
81
83
215
254
162
243
190
40
55
190
214
126
176
201
193
118
117
221
207
131
170
151
216
32
44
84
116
3
185
133
222
68
168
205
122
166
210
41
91
42
203
142
125
108
169
133
109
173
36
100
196
24
112
67
93
25
114
189
6
34
17
144
210
219
32
49
192
188
161
103
62
58
181
85
83
246
193
192
213
16
52
207
231
203
173
63
140
132
38
84
211
20
24
129
206
14
203
232
88
228
131
57
89
44
203
14
245
108
169
199
232
189
171
70
204
61
120
99
95
19
50
253
3
58
87
240
227
122
81
99
215
254
162
215
190
106
119
158
214
126
177
193
209
118
116
205
199
131
174
147
220
32
46
84
125
19
185
197
239
31
95
160
89
248
229
59
185
46
205
18
246
239
170
139
138
188
43
15
168
46
154
107
71
131
114
205
75
30
54
240
19
105
97
87
215
254
178
211
62
233
118
190
150
89
176
205
201
102
247
157
79
161
238
215
205
40
108
85
120
195
189
129
222
85
236
252
58
166
242
121
93
106
203
206
49
76
169
231
205
189
109
100
204
40
248
235
95
25
178
253
6
35
93
210
227
248
81
101
252
188
161
103
190
186
183
255
138
126
209
200
209
101
246
205
231
143
172
79
220
0
70
212
71
21
188
145
254
117
36
220
232
39
120
121
85
254
123
238
125
204
128
239
205
189
52
228
72
168
240
239
253
89
246
252
3
75
29
152
227
113
80
45
131
189
4
117
149
171
183
77
139
124
129
130
85
199
248
221
231
11
175
110
12
142
234
130
15
20
92
239
213
234
91
55
21
217
142
183
231
45
170
191
234
55
127
144
183
50
251
59
247
247
47
54
163
230
59
211
249
252
115
231
140
142
207
210
125
179
251
186
75
108
88
146
122
129
31
95
174
18
5
126
25
244
119
176
243
121
30
253
248
250
241
106
225
138
59
3
147
220
143
199
170
57
168
178
130
39
90
221
19
48
223
11
183
87
15
209
195
247
45
3
248
188
50
239
172
46
143
91
109
98
122
42
74
116
105
151
125
17
62
95
170
56
71
38
25
116
242
145
243
185
89
61
248
250
35
88
1
189
152
2
199
33
119
21
228
86
20
81
164
187
98
251
88
65
98
216
49
198
147
29
40
164
140
64
196
63
235
87
36
85
186
18
122
201
92
48
85
84
38
68
148
225
110
153
44
25
5
242
29
156
73
16
226
59
185
73
6
34
242
190
184
222
175
63
85
152
165
95
209
87
255
188
50
187
244
246
146
65
243
213
53
199
116
249
8
240
251
106
251
247
234
167
44
69
182
255
90
233
124
240
93
49
46
212
23
243
109
155
174
153
15
240
29
152
73
18
243
51
189
90
87
34
251
190
248
126
175
54
125
216
161
95
213
95
255
189
54
251
244
255
210
65
251
117
180
199
244
249
92
240
251
230
255
255
187
215
36
85
254
223
123
201
125
80
93
61
62
213
23
247
109
155
174
25
7
240
29
156
73
16
243
59
189
89
95
34
250
197
206
84
40
217
42
39
88
41
84
174
75
204
125
204
137
201
109
173
100
96
196
24
112
70
125
25
240
188
6
3
21
152
81
209
32
33
192
189
32
101
151
58
179
125
147
254
193
128
213
1
60
219
231
75
173
46
140
135
164
128
199
20
8
9
206
10
139
3
89
132
167
25
218
42
140
16
52
109
170
137
16
5
136
0
16
172
16
121
69
9
0
69
194
59
83
240
4
93
168
82
114
141
184
178
118
56
60
22
150
116
224
27
41
22
4
153
29
199
8
144
224
43
188
65
82
98
177
3
204
10
138
3
89
148
167
25
218
62
204
16
52
109
170
137
16
53
137
4
16
172
17
121
85
9
0
69
131
58
91
240
36
77
224
83
115
137
184
242
222
56
62
22
150
116
224
139
41
86
4
217
29
133
8
144
224
43
252
81
86
34
185
2
223
12
222
36
92
220
19
59
218
45
200
14
49
124
187
165
230
44
235
132
32
53
51
97
15
167
122
85
35
176
112
240
52
126
250
91
112
160
245
242
222
56
191
214
214
212
78
137
169
86
5
120
29
135
73
144
243
43
156
88
86
34
185
24
200
24
143
35
73
242
165
31
240
126
149
48
52
73
178
239
146
145
66
196
160
165
16
121
77
232
8
67
195
159
123
240
36
113
240
87
67
200
252
178
221
17
38
116
150
228
108
139
44
95
5
184
29
149
73
144
242
43
248
88
6
34
252
89
204
24
31
35
75
254
228
27
186
109
141
16
44
109
170
239
146
145
74
76
178
229
50
73
77
169
72
81
67
191
123
240
36
117
240
87
99
200
248
242
94
61
46
246
150
230
108
153
168
126
5
248
29
149
73
146
243
43
188
89
70
34
241
24
8
25
139
106
91
178
229
95
216
126
21
17
54
249
240
247
146
209
34
196
48
140
144
185
128
40
8
198
195
31
251
245
4
81
240
119
82
201
248
178
85
213
22
68
134
224
108
159
45
207
5
186
29
141
89
68
98
43
248
89
14
34
244
133
206
6
73
168
216
196
145
59
185
42
205
2
117
108
169
133
234
188
171
197
40
60
136
99
71
3
98
141
7
139
86
240
243
120
97
114
135
254
162
211
62
42
255
158
214
126
240
193
81
118
116
141
199
131
170
151
201
166
38
84
112
3
169
5
14
2
9
8
88
160
197
9
242
42
4
16
53
201
160
137
8
129
0
192
0
12
0
89
133
8
0
1
2
11
83
245
2
81
40
16
194
13
40
166
52
8
166
84
134
96
224
25
40
124
52
147
93
133
8
128
64
2
164
64
70
34
112
131
222
76
174
52
126
28
23
49
222
45
200
14
21
124
171
133
228
60
237
0
64
116
49
109
197
173
24
127
34
56
113
240
116
254
218
66
120
160
241
114
222
58
189
150
214
116
108
129
177
86
4
104
29
167
12
144
242
35
188
80
86
38
185
131
214
76
174
52
126
28
19
35
214
41
200
14
145
116
187
133
228
44
237
0
64
116
49
109
197
173
58
127
34
56
113
240
116
190
154
66
124
160
241
118
202
58
189
150
214
244
108
128
177
86
5
104
61
183
12
144
247
49
156
80
86
6
185
9
204
8
143
35
217
216
165
29
216
127
149
16
62
105
230
131
144
20
8
196
50
165
48
121
140
128
0
71
195
63
63
240
36
109
240
87
115
200
188
211
221
89
62
230
134
232
104
139
41
87
5
184
13
135
72
144
226
43
252
65
14
34
180
89
205
12
95
35
95
254
181
25
254
127
141
16
60
111
238
229
218
25
239
76
178
229
50
105
77
172
72
85
67
191
115
240
52
117
240
83
115
128
244
242
223
56
62
214
150
194
108
153
169
94
5
248
29
151
73
144
243
43
188
89
70
34
241
217
205
14
223
39
123
254
183
29
250
127
137
28
188
111
174
229
218
29
239
12
163
229
50
105
79
168
88
85
65
188
59
248
52
52
248
83
115
128
244
210
222
57
62
214
150
195
108
153
169
94
5
248
29
151
73
144
243
43
188
89
22
34
249
217
204
142
222
35
91
250
167
29
248
127
141
24
188
111
238
165
154
25
239
68
163
231
50
105
9
168
76
85
65
189
107
253
52
116
240
83
115
128
244
210
222
57
62
210
150
195
108
153
169
94
5
248
29
151
73
144
243
59
188
89
22
34
249
198
223
200
124
53
122
94
87
57
176
13
200
10
149
110
155
169
220
25
239
134
171
118
51
69
203
180
95
85
37
57
96
213
52
118
250
66
122
129
247
210
222
56
62
215
222
199
110
153
173
94
5
112
29
151
73
144
242
51
157
88
86
34
251
206
222
204
124
55
59
94
23
57
176
5
200
30
177
108
203
236
221
61
237
133
3
224
51
105
27
188
94
85
5
189
96
213
52
116
250
67
123
161
247
210
222
56
63
209
222
195
111
153
173
30
5
120
29
151
73
16
243
59
189
88
87
34
251
146
201
138
143
3
73
208
164
31
193
61
204
16
54
79
186
141
18
48
159
6
152
231
0
105
69
89
104
229
162
158
49
180
85
113
192
3
67
206
32
179
189
181
112
60
30
124
164
199
138
231
181
153
71
224
238
243
201
40
104
21
105
151
203
25
76
12
142
35
201
220
37
25
216
127
133
16
52
105
162
167
146
20
105
132
32
165
48
121
13
161
8
65
195
61
121
240
36
117
240
83
115
136
252
211
220
25
46
230
134
196
110
137
161
86
5
248
29
133
72
144
243
43
252
89
6
34
184
132
238
18
79
168
88
228
131
121
185
46
205
2
119
204
168
39
138
189
171
199
136
45
154
227
95
3
226
205
3
139
86
240
243
120
81
121
151
254
166
211
190
40
247
186
150
126
240
193
65
102
118
221
71
163
170
151
217
128
36
84
116
147
189
1
142
4
8
200
204
7
48
41
84
46
7
140
61
92
165
77
107
161
36
80
66
154
224
123
117
29
112
188
18
27
1
148
83
65
0
1
128
60
8
53
181
40
167
5
226
124
225
1
17
137
44
133
79
138
142
59
76
42
36
194
133
12
250
34
201
139
154
2
92
12
7
199
130
57
138
17
166
63
154
221
18
98
144
10
150
81
7
223
213
183
41
3
186
158
128
128
12
67
206
170
12
74
72
32
203
52
105
22
212
53
172
83
136
162
210
2
1
116
56
129
97
72
113
53
105
72
162
133
206
53
40
201
56
39
88
41
84
172
203
192
61
236
169
131
109
173
36
96
68
24
240
69
245
25
160
189
6
11
1
152
82
211
32
32
136
60
40
103
183
58
181
117
211
118
225
32
17
161
60
139
231
203
36
63
140
134
36
130
211
69
88
175
213
236
252
55
37
93
31
55
238
165
168
47
201
38
95
160
116
20
115
178
250
244
43
100
163
226
27
83
57
124
97
225
54
190
251
194
117
19
247
210
234
62
201
146
80
193
94
17
182
86
5
104
152
181
68
153
178
105
158
159
214
170
177
36
46
101
129
136
205
163
65
237
85
2
69
209
127
249
228
210
105
195
32
245
34
26
197
93
60
4
135
44
222
27
198
135
234
67
30
152
154
77
14
205
53
64
166
68
98
44
227
184
108
137
40
247
5
8
16
46
64
66
165
194
207
108
122
120
22
252
236
55
63
123
119
21
116
87
21
29
56
187
70
186
221
89
104
176
85
194
115
57
56
184
28
124
209
61
237
87
100
53
250
199
122
145
85
176
221
253
31
101
132
231
111
159
165
159
141
242
29
159
77
80
230
59
221
91
15
32
246
131
223
0
238
38
124
28
23
35
222
41
200
14
21
116
187
165
246
4
233
132
0
52
51
101
143
165
90
87
34
188
113
240
52
126
154
67
118
128
229
83
222
56
63
214
214
212
78
137
161
86
5
104
29
167
73
144
243
35
156
80
86
34
185
129
206
4
138
200
152
4
0
43
85
46
75
156
55
76
136
77
35
172
36
68
68
8
224
123
117
25
96
172
10
18
1
144
66
81
0
0
200
62
40
117
181
40
55
21
130
124
225
129
193
33
60
141
65
139
142
63
76
2
37
64
89
68
138
133
207
14
73
160
92
212
145
43
213
45
202
130
115
124
169
129
226
60
47
6
72
52
192
99
87
5
98
165
10
18
16
176
83
122
194
64
83
254
162
179
191
40
183
188
222
124
160
129
145
102
124
29
195
131
174
17
205
32
12
84
120
71
185
214
137
154
143
3
72
210
165
31
128
127
157
16
182
75
250
45
18
144
158
15
153
231
0
121
197
216
97
131
235
158
62
181
177
97
64
55
195
206
48
35
61
229
112
44
158
45
32
199
74
239
181
157
71
240
234
195
73
172
104
5
40
147
206
5
222
85
40
221
122
39
88
41
84
174
67
204
61
204
1
137
109
173
100
96
68
24
240
70
253
25
240
188
6
67
17
152
81
209
32
33
128
61
33
101
181
58
181
101
193
126
193
0
149
161
60
203
247
74
44
46
140
135
167
128
195
85
26
165
174
100
4
201
204
167
97
173
69
142
103
202
127
200
164
137
41
199
33
245
42
58
228
115
126
28
54
172
159
75
71
143
107
66
158
128
147
253
158
221
181
8
167
201
98
190
35
161
116
201
40
213
71
139
0
58
92
214
165
162
151
44
74
168
42
103
194
10
159
161
99
237
253
82
83
223
51
248
196
218
217
231
43
244
116
56
247
217
187
21
182
44
208
25
223
71
74
66
48
253
218
185
44
237
21
112
135
193
38
80
203
187
173
137
8
246
29
143
93
46
118
83
165
203
223
104
254
1
14
4
1
136
216
162
197
41
144
14
4
0
53
75
160
141
8
129
34
204
96
78
176
89
0
4
64
172
134
11
18
181
82
65
32
16
130
204
8
164
52
8
150
68
194
96
224
25
8
173
40
145
93
137
8
35
72
2
164
64
67
5
88
186
252
124
175
55
125
144
169
127
208
215
255
189
50
251
244
246
146
65
241
117
114
215
116
249
152
240
249
234
218
247
250
253
44
71
254
219
90
233
124
248
93
57
46
208
23
242
109
153
174
153
13
240
29
156
73
16
242
51
188
88
87
34
219
186
248
93
175
54
121
184
161
123
208
95
254
253
54
127
242
255
146
69
241
101
240
193
244
249
92
241
217
227
246
255
187
222
44
85
254
219
90
201
125
122
93
61
46
212
23
246
109
153
174
137
7
248
29
152
73
16
243
59
189
120
87
34
250
165
6
100
4
201
172
39
120
169
85
142
103
142
125
192
37
161
45
143
97
252
110
154
240
82
126
29
118
188
22
75
5
159
115
97
24
128
139
253
142
93
181
10
183
205
105
254
33
32
85
129
40
213
238
138
5
42
92
244
165
130
151
36
92
129
222
84
8
221
58
39
88
41
85
172
203
206
57
236
9
131
109
173
36
96
68
24
224
70
117
25
48
189
6
66
1
152
82
210
0
32
136
60
41
103
183
42
181
53
210
116
193
0
145
161
60
139
227
203
14
63
140
134
38
130
209
69
88
210
201
155
223
224
194
222
133
11
227
41
202
146
196
7
154
13
3
60
15
14
189
230
11
105
215
187
110
3
163
22
30
135
147
57
65
160
205
254
35
34
42
229
121
191
28
29
178
87
202
114
247
13
227
116
246
193
77
248
107
53
113
209
166
159
253
125
220
55
77
89
234
22
199
253
250
95
106
230
254
246
214
4
103
7
168
164
50
237
139
227
89
211
46
246
57
242
36
20
254
66
115
193
245
210
222
57
30
242
22
192
108
137
173
86
5
120
31
149
73
144
242
57
188
92
22
34
185
237
47
231
215
254
63
159
254
252
254
90
19
93
255
251
197
131
245
202
42
244
253
214
254
27
234
150
19
252
88
117
223
103
100
214
178
214
114
241
61
212
125
219
190
229
162
193
75
190
189
157
143
211
189
159
84
100
102
115
159
235
158
44
252
9
6
76
136
73
27
34
85
33
90
2
4
24
53
105
161
130
124
137
44
64
80
28
48
64
128
8
4
188
64
57
81
112
66
211
160
81
114
5
0
150
118
24
28
84
198
64
192
24
45
28
4
19
29
143
8
144
96
43
156
64
66
34
177
10
42
9
138
202
95
130
173
93
80
94
20
81
118
123
224
130
16
193
0
196
49
142
192
91
128
8
128
166
202
31
203
165
4
81
160
125
66
205
136
130
53
85
0
68
134
224
73
159
44
137
12
151
5
89
25
68
96
10
184
64
14
106
220
1
206
8
138
1
91
130
135
25
218
42
132
16
52
109
160
129
24
9
12
64
16
12
16
81
5
9
0
5
130
57
81
240
2
65
160
83
114
13
168
178
118
24
28
84
134
64
224
25
45
22
4
153
29
199
8
144
224
43
188
64
82
98
177
3
206
8
138
4
90
6
5
57
210
46
136
8
53
109
171
201
100
9
233
0
64
124
48
101
133
9
0
87
2
41
81
240
36
211
168
74
114
5
176
178
214
56
189
22
214
116
224
153
41
86
4
153
29
167
12
144
224
43
188
80
82
34
177
89
73
8
191
35
75
250
164
25
184
126
133
48
36
73
162
167
26
145
198
204
160
133
18
121
76
168
4
67
195
63
123
248
36
65
240
87
99
200
248
210
220
17
46
84
151
166
110
153
44
95
5
248
29
157
65
146
227
59
184
88
6
34
240
25
204
24
46
11
75
246
164
25
184
126
141
48
36
79
162
231
154
145
194
196
161
197
18
105
76
168
8
67
67
187
123
245
36
81
240
87
67
200
248
178
223
28
46
84
151
231
108
153
44
91
5
248
29
157
73
146
226
43
184
88
70
34
240
1
6
4
0
201
90
162
213
40
26
10
4
0
53
201
161
194
76
137
32
64
192
12
48
66
128
8
0
156
0
41
80
112
2
209
160
81
50
5
0
164
116
26
148
68
194
64
192
24
45
28
0
17
29
135
8
128
96
3
180
72
66
32
48
3
214
76
136
52
62
6
20
33
86
40
136
12
25
52
171
193
228
1
233
0
192
112
48
77
133
141
16
61
4
57
65
240
100
242
170
66
120
33
225
54
202
58
189
22
210
116
76
16
177
86
4
64
29
167
12
144
224
33
156
88
82
38
249
3
198
76
138
37
122
6
23
49
210
44
200
8
49
36
171
193
228
29
253
128
64
124
48
97
133
9
4
117
1
41
65
240
100
178
202
66
112
5
176
82
202
56
189
18
214
84
200
17
41
86
4
73
29
167
12
144
224
43
156
88
82
38
249
3
204
12
10
39
218
16
7
57
146
62
204
26
49
108
171
128
208
29
249
132
64
229
49
105
9
136
6
85
1
56
112
240
36
80
248
91
115
129
176
210
222
24
14
210
150
66
72
153
41
86
4
121
29
135
12
144
226
43
188
88
86
34
185
89
205
24
126
35
91
126
229
25
250
127
141
16
52
111
234
231
154
153
206
196
177
197
18
121
8
160
76
65
69
189
115
249
48
85
240
87
115
128
248
210
223
89
62
244
151
195
78
157
45
94
5
248
29
159
73
146
243
59
188
89
66
34
241
73
205
24
220
34
91
122
165
25
248
111
141
16
52
111
234
165
154
25
202
204
177
229
146
121
8
160
200
69
197
189
99
249
52
80
248
83
115
128
252
210
223
25
30
240
151
195
78
153
173
94
5
248
29
151
73
144
243
59
188
88
22
34
249
11
212
76
174
55
191
28
22
49
86
21
196
28
61
36
199
128
212
24
233
128
80
225
49
109
136
136
28
127
113
60
97
244
116
180
154
67
122
128
145
150
203
26
14
210
134
192
76
17
49
86
4
104
28
183
12
152
247
59
156
89
30
38
249
32
46
33
131
200
205
160
69
236
68
10
5
209
116
249
164
211
32
195
32
212
42
27
197
95
140
4
4
166
158
27
198
37
238
67
26
144
130
205
14
141
53
68
130
68
230
172
227
169
100
201
40
182
5
8
17
44
64
66
164
194
79
40
104
120
18
124
218
39
55
122
245
53
254
86
21
29
60
59
198
246
222
89
234
216
241
199
50
40
8
160
88
124
213
189
235
113
36
20
248
87
115
145
80
144
215
93
30
64
134
195
78
159
45
31
5
58
29
159
93
16
230
59
220
89
14
34
241
56
42
231
162
202
159
160
39
93
112
86
21
89
118
123
196
218
152
193
32
212
85
218
211
219
128
12
132
174
208
29
202
5
194
67
32
125
210
141
8
132
21
84
4
65
134
193
195
159
44
137
8
182
13
153
89
6
96
11
185
67
15
104
252
42
197
41
170
2
92
12
7
135
194
41
128
17
38
125
246
157
18
32
152
2
242
80
6
85
149
167
73
3
250
28
192
128
28
143
142
170
72
2
72
34
203
52
105
22
212
52
108
83
169
182
14
10
1
102
28
152
97
72
112
55
200
104
34
37
6
116
0
201
204
39
73
173
101
138
71
128
125
200
36
195
41
135
32
244
102
26
100
80
124
28
6
168
158
75
69
15
195
67
26
128
138
93
14
77
180
8
163
101
96
108
161
32
68
168
56
197
79
138
2
40
76
210
165
130
135
41
74
164
46
101
129
200
204
163
65
237
117
2
71
211
51
248
164
218
97
199
33
213
6
24
229
93
186
28
135
44
158
27
214
7
235
67
22
176
154
237
14
205
21
64
134
65
98
56
227
169
100
137
40
247
5
8
25
46
88
66
165
194
95
40
250
35
6
100
128
221
52
3
28
32
70
2
4
8
61
1
37
192
100
1
112
112
192
24
48
68
160
8
0
184
16
9
1
112
68
209
170
64
114
5
128
132
64
26
140
64
130
64
192
16
52
20
12
3
152
198
9
168
32
3
148
72
198
46
113
167
196
104
8
23
20
29
12
167
103
169
168
44
43
38
95
129
52
6
241
40
210
112
32
84
161
137
57
51
56
77
1
144
28
150
170
130
40
32
251
38
202
60
169
146
80
100
12
18
170
50
12
0
25
116
20
184
179
49
60
189
210
106
105
34
65
8
58
2
4
12
3
199
162
41
138
49
134
53
31
221
34
98
208
11
150
81
15
212
149
247
105
3
186
188
128
194
142
167
142
137
44
34
74
42
202
52
233
22
116
36
188
81
160
48
82
14
24
100
48
153
161
89
49
61
224
74
34
5
14
102
136
201
159
161
83
45
94
2
4
17
61
249
165
128
124
201
40
208
84
156
113
91
160
8
4
60
128
57
83
112
66
219
40
80
242
5
8
164
52
24
150
68
134
64
193
24
45
52
52
19
93
143
28
16
76
42
132
66
134
8
176
3
206
8
108
37
250
28
23
33
210
41
200
10
17
108
171
165
200
44
249
128
0
116
49
69
13
169
94
85
36
41
112
240
52
124
154
75
112
160
245
242
222
56
191
146
214
214
108
137
169
86
5
104
29
183
76
144
243
51
156
88
86
34
185
43
132
236
138
55
191
21
54
53
86
85
128
28
57
52
79
128
244
25
237
176
81
224
49
44
160
136
20
127
81
60
105
213
100
176
218
66
123
1
177
150
203
94
15
18
134
64
72
23
49
30
4
105
24
183
12
152
230
43
220
73
158
46
249
7
6
68
0
221
184
7
20
32
54
10
4
8
61
9
1
192
108
1
224
200
64
8
48
64
160
8
0
188
8
9
65
112
68
208
170
64
50
1
130
132
0
24
140
68
194
196
64
16
37
20
4
2
25
199
9
8
96
3
148
72
194
38
112
3
6
68
8
204
56
6
21
32
50
42
0
8
53
77
161
193
76
1
224
64
192
8
48
64
128
8
0
189
0
9
64
240
68
209
168
64
50
5
0
166
22
24
157
84
198
68
192
16
45
20
4
1
29
135
8
144
96
11
148
72
66
102
113
3
198
76
8
156
56
6
21
33
50
40
136
8
49
78
161
193
76
1
224
72
192
40
48
64
1
9
0
185
4
9
64
240
4
208
170
66
50
5
162
166
146
24
157
84
214
100
64
16
45
22
4
0
29
199
8
152
224
41
148
72
82
102
241
2
198
76
8
21
58
6
23
33
146
44
200
8
49
108
171
128
76
1
249
128
64
120
48
65
1
8
4
125
4
41
64
245
100
242
170
74
58
5
160
214
158
56
173
18
214
86
72
16
33
30
4
65
29
163
12
144
226
35
180
88
82
38
249
67
206
8
40
39
154
22
7
57
178
44
136
8
181
109
171
128
24
29
221
200
2
101
49
65
8
136
4
85
5
40
80
248
44
80
168
91
122
129
176
210
222
24
14
80
215
66
72
25
41
30
4
121
29
139
8
18
226
43
156
88
82
34
249
11
76
8
46
35
153
50
32
25
184
126
5
16
20
105
162
128
24
17
216
204
0
129
17
105
8
136
4
64
7
57
82
248
36
65
112
83
91
128
184
146
222
24
14
84
135
130
73
153
41
30
5
217
29
155
0
18
227
59
188
72
2
34
241
3
198
76
8
21
56
6
21
33
18
44
136
8
49
36
139
192
108
9
249
128
64
120
48
65
1
8
0
125
4
41
64
245
100
144
170
74
48
5
160
182
138
56
157
18
214
70
192
16
33
30
4
65
25
131
12
144
224
43
156
88
82
38
249
3
6
76
8
221
184
3
20
32
102
32
4
8
57
45
37
192
124
1
240
232
208
24
48
64
160
8
0
184
0
9
1
112
68
209
170
64
114
5
10
166
130
24
13
80
130
96
128
16
37
20
4
2
25
199
9
184
96
43
148
72
194
110
113
39
6
96
0
157
148
3
8
160
70
130
32
8
43
41
5
128
52
3
240
240
98
24
96
84
160
12
1
146
24
9
65
32
12
196
138
0
34
1
10
164
66
24
136
64
192
192
73
16
44
16
12
34
24
197
1
40
34
2
148
136
194
40
33
39
196
104
8
29
132
3
13
161
102
41
168
8
43
37
39
128
116
1
112
184
82
60
40
84
161
136
1
19
24
9
65
224
140
150
170
130
32
1
170
166
74
12
137
80
82
192
72
16
44
18
12
32
25
68
0
184
162
43
188
136
210
106
33
39
196
104
8
21
4
15
12
161
230
169
168
8
43
36
39
129
32
0
209
169
210
116
40
84
161
137
33
19
56
41
65
224
156
134
170
128
32
33
234
38
74
44
169
18
80
0
8
16
170
50
4
0
24
116
4
184
162
33
52
156
210
106
33
7
196
108
8
23
0
5
28
33
102
173
168
8
43
38
7
128
116
1
241
40
208
118
32
68
161
136
17
51
24
73
65
177
4
148
234
2
96
1
250
54
138
60
137
18
80
64
8
17
40
18
4
0
24
116
4
184
160
41
60
152
210
46
225
167
196
108
8
23
4
29
12
33
230
165
168
12
43
38
15
128
116
0
241
40
208
116
32
68
161
136
17
59
56
9
65
177
20
148
170
130
104
1
251
38
138
60
137
146
80
64
72
17
170
58
12
64
24
116
12
184
162
33
156
153
210
110
233
72
2
76
170
39
185
50
49
53
114
86
0
152
48
105
70
128
217
89
248
200
80
193
113
41
8
136
20
124
69
61
233
120
100
16
184
71
123
128
16
176
215
93
14
64
135
194
73
31
41
31
4
43
29
159
12
16
230
59
220
73
14
34
241
106
6
12
162
39
189
34
49
53
122
86
4
152
56
57
70
128
93
73
232
216
80
201
113
8
8
8
4
124
80
61
137
80
36
144
184
71
122
5
0
144
193
92
14
64
133
66
193
31
33
29
4
3
28
143
12
16
98
43
220
73
14
34
243
7
228
76
169
21
176
5
12
33
230
160
168
8
43
135
7
128
108
1
240
41
192
118
32
68
161
136
49
59
28
33
1
177
4
148
170
0
96
1
168
38
74
56
137
82
16
64
0
24
172
26
4
16
24
116
44
184
160
3
148
24
210
106
97
39
70
96
8
25
132
5
12
33
110
40
32
8
43
133
37
128
36
1
32
225
64
28
40
84
161
136
1
19
24
41
81
240
132
212
170
32
32
1
170
38
66
12
136
84
82
192
72
16
44
16
4
34
25
69
0
136
162
3
176
136
210
106
33
6
194
76
40
20
56
6
85
32
2
40
136
72
49
14
131
128
76
1
232
9
192
106
48
68
1
8
32
17
4
33
0
213
4
212
170
72
48
1
160
166
130
56
29
80
214
70
64
16
44
28
0
65
29
199
8
144
224
1
148
72
82
98
113
7
70
68
40
157
176
5
4
32
38
40
8
8
43
135
1
129
108
1
224
201
192
46
32
68
129
9
33
185
8
41
1
241
68
212
170
64
48
33
160
38
2
24
137
84
210
68
0
18
44
28
4
2
25
199
8
136
160
3
148
72
210
98
113
