posters/Movie Poster 72.jpg
512
724
235
-71.565
-1
0
400
569
0.0050941
31
-165.7
-1
0
109
570
0.0263642
31
-99.0903
-1
0
335
573
0.00850546
31
62.049
-1
0
201
570
0.0234306
31
80.4069
-1
0
208
570
0.0277666
31
156.801
-1
0
153
569
0.0107269
31
93.5967
-1
0
212
570
0.0253101
31
62.598
-1
0
247
570
0.0253022
31
61.8418
-1
0
251
570
0.0265361
31
-72.1934
-1
0
380
569
0.00619785
31
67.7379
-1
0
253
562
0.00818332
31
-68.4047
-1
0
140
573
0.021482
31
178.474
-1
0
247
340
0.00547788
31
-162.979
-1
0
112
571
0.0129137
31
180
-1
0
161
571
0.0111651
31
82.9333
-1
0
201
563
0.00587586
31
77.8557
-1
0
269
569
0.0157765
31
-179.246
-1
0
245
340
0.0051924
31
76.7267
-1
0
267
569
0.0120973
31
-178.472
-1
0
109
568
0.0178013
31
-179.623
-1
0
111
568
0.0208048
31
-174.279
-1
0
243
338
0.00736059
31
96.0823
-1
0
206
561
0.00636428
31
-147.286
-1
0
109
573
0.030895
31
-63.4349
-1
0
142
573
0.0246522
31
22.5333
-1
0
133
568
0.0188177
31
16.9908
-1
0
194
573
0.0379953
31
19.4931
-1
0
135
568
0.0147691
31
38.3333
-1
0
141
568
0.0113398
31
72.8863
-1
0
264
569
0.0179658
31
85.7412
-1
0
212
573
0.0266226
31
58.8745
-1
0
247
573
0.0241617
31
58.7863
-1
0
251
573
0.0253038
31
57.7244
-1
0
255
573
0.0159511
31
68.6294
-1
0
146
568
0.013788
31
78.7315
-1
0
271
573
0.00598941
31
120.018
-1
0
150
568
0.0165217
31
155.004
-1
0
158
568
0.0290787
31
69.8589
-1
0
261
569
0.0091055
31
152.063
-1
0
160
568
0.0159757
31
-101.074
-1
0
332
573
0.00636131
31
46.5131
-1
0
180
568
0.00842621
31
-77.8134
-1
0
397
573
0.00581928
31
49.4884
-1
0
183
568
0.00842139
31
104.544
-1
0
220
569
0.00595949
31
61.6208
-1
0
188
568
0.0241662
31
-170.872
-1
0
244
336
0.00951533
31
63.4349
-1
0
195
568
0.0234944
31
80.9689
-1
0
202
568
0.0213716
31
78.9591
-1
0
204
568
0.0209339
31
-73.0121
-1
0
407
573
0.00832484
31
-69.8537
-1
0
410
573
0.00859553
31
-113.199
-1
0
153
574
0.0126098
31
53.5245
-1
0
239
574
0.0108652
31
-70.4783
-1
0
393
568
0.00913541
31
-72.9534
-1
0
386
568
0.00687101
31
-133.582
-1
0
252
325
0.00674131
31
96.6929
-1
0
209
568
0.0159413
31
92.5261
-1
0
211
568
0.0152015
31
-143.391
-1
0
248
327
0.00987484
31
100.694
-1
0
216
568
0.0102209
31
-117.112
-1
0
99
575
0.0147963
31
-126.946
-1
0
104
575
0.0141501
31
-149.323
-1
0
112
575
0.00755092
31
59.9951
-1
0
239
568
0.00781257
31
63.0014
-1
0
243
568
0.00944481
31
66.0042
-1
0
248
568
0.0161087
31
-46.2545
-1
0
133
575
0.0163131
31
-65.2565
-1
0
139
575
0.0139086
31
-80.1723
-1
0
143
575
0.0152435
31
62.9404
-1
0
250
568
0.0172408
31
81.3561
-1
0
272
568
0.0086339
31
-138.468
-1
0
158
575
0.0232837
31
-144.28
-1
0
160
575
0.0144388
31
-5.30511
-1
0
183
575
0.011287
31
-10.8139
-1
0
188
575
0.0222544
31
-7.48089
-1
0
190
575
0.0204203
31
-8.1301
-1
0
196
575
0.0196323
31
0
-1
0
202
575
0.0150366
31
14.9951
-1
0
204
575
0.0184169
31
57.45
-1
0
209
575
0.0158401
31
59.2811
-1
0
211
575
0.01528
31
-169.026
-1
0
267
352
0.00568653
31
91.0912
-1
0
216
575
0.00839974
31
94.514
-1
0
220
575
0.00765699
31
54.335
-1
0
243
575
0.0104323
31
57.9946
-1
0
248
575
0.015048
31
81.3359
-1
0
264
564
0.00908382
31
-71.1685
-1
0
411
575
0.00527457
31
-80.4224
-1
0
393
575
0.009902
31
56.7736
-1
0
250
575
0.0171738
31
70.3651
-1
0
256
564
0.00592556
31
-101.871
-1
0
336
575
0.00558238
31
-101.761
-1
0
332
575
0.00493661
31
66.1135
-1
0
135
561
0.00366304
31
-2.00955
-1
0
120
307
0.00413258
31
-100.102
-1
0
343
575
0.00431793
31
-166.633
-1
0
102
569
0.00409239
31
-79.055
-1
0
386
575
0.00439004
31
-72.7725
-1
0
398
569
0.00347375
31
-98.8904
-1
0
318
574
0.00399695
31
158.643
-1
0
113
563
0.00416819
31
-140.467
-1
0
272
334
0.00392926
31
-58.7575
-1
0
135
354
0.00387661
31
-72.6792
-1
0
377
568
0.00359055
31
79.055
-1
0
279
568
0.00418709
31
25.1148
-1
1
182.4
573.6
0.00721139
37.2
-33.6901
-1
1
132
573.6
0.00898706
37.2
73.5853
-1
1
264
567.6
0.0132972
37.2
56.2642
-1
1
242.4
570
0.00758116
37.2
152.152
-1
1
151.2
568.8
0.0073231
37.2
74.0112
-1
1
266.4
568.8
0.00888859
37.2
23.3691
-1
1
133.2
567.6
0.0121005
37.2
94.3987
-1
1
146.4
567.6
0.00795554
37.2
56.3921
-1
1
188.4
567.6
0.00894367
37.2
65.2689
-1
1
196.8
567.6
0.0116907
37.2
74.2639
-1
1
201.6
567.6
0.00940746
37.2
57.1152
-1
1
194.4
570
0.0156244
37.2
59.7197
-1
1
247.2
570
0.0148034
37.2
77.6702
-1
1
204
567.6
0.0107435
37.2
71.8671
-1
1
261.6
568.8
0.00726187
37.2
98.0908
-1
1
217.2
568.8
0.00802114
37.2
86.4483
-1
1
211.2
571.2
0.00958559
37.2
61.9939
-1
1
248.4
567.6
0.0103681
37.2
18.0939
-1
1
189.6
574.8
0.00722276
37.2
56.8623
-1
1
248.4
574.8
0.00943515
37.2
-63.7587
-1
1
141.6
572.4
0.0120555
37.2
38.1252
-1
1
194.4
572.4
0.013769
37.2
57.3167
-1
1
247.2
572.4
0.012398
37.2
77.1957
-1
1
268.8
568.8
0.010284
37.2
24.1455
-1
1
180
573.6
0.00489019
37.2
-127.999
-1
1
152.4
573.6
0.00648221
37.2
84.2609
-1
1
219.6
573.6
0.00432451
37.2
57.4678
-1
1
253.2
576
0.00566929
37.2
24.1022
-1
1
195.6
574.8
0.00562083
37.2
37.9333
-1
1
202.8
574.8
0.00451476
37.2
55.5766
-1
1
242.4
573.6
0.00545106
37.2
-166.59
-1
1
244.8
334.8
0.00435117
37.2
79.4608
-1
1
272.4
567.6
0.00583972
37.2
-154.011
-1
1
159.6
574.8
0.00481397
37.2
58.0485
-1
1
242.4
567.6
0.00428019
37.2
-167.057
-1
1
266.4
351.6
0.00440407
37.2
20.4328
-1
1
140.4
568.8
0.00719972
37.2
146.31
-1
1
160.8
567.6
0.00532441
37.2
49.5078
-1
1
180
567.6
0.00466577
37.2
68.8539
-1
1
210
574.8
0.00434933
37.2
-150.509
-1
1
247.2
327.6
0.00495935
37.2
90
-1
1
210
567.6
0.00680922
37.2
-174.772
-1
1
244.8
339.6
0.00349543
37.2
-72.0676
-1
1
386.4
567.6
0.0042162
37.2
69.8589
-1
1
253.2
561.6
0.00364369
37.2
62.1218
-1
1
259.2
572.4
0.00407567
37.2
-93.4566
-1
1
334.8
572.4
0.00383675
37.2
-95.3431
-1
1
332.4
572.4
0.0031096
37.2
-50.1791
-1
1
135.6
354
0.00288344
37.2
88.1889
-1
1
206.4
561.6
0.00298226
37.2
95.3145
-1
1
219.6
567.6
0.00322539
37.2
78.4399
-1
1
145.2
277.2
0.00278658
37.2
-90.9738
-1
1
343.2
573.6
0.0021782
37.2
-72.376
-1
1
379.2
567.6
0.00260729
37.2
72.7491
-1
1
258
562.8
0.00230612
37.2
59.3603
-1
1
238.8
573.6
0.00330833
37.2
59.5066
-1
1
238.8
567.6
0.00259634
37.2
65.958
-1
1
255.6
568.8
0.00252853
37.2
122.394
-1
1
156
562.8
0.00281759
37.2
69.1022
-1
1
140.4
264
0.0020995
37.2
-147.78
-1
1
247.2
324
0.00208451
37.2
-148.099
-1
2
270.72
331.2
0.00233562
44.64
85.2776
-1
2
218.88
574.56
0.00226667
44.64
34.3988
-1
2
187.2
574.56
0.00306193
44.64
35.9605
-1
2
180
574.56
0.0025847
44.64
-173.946
-1
2
158.4
574.56
0.00244661
44.64
-164.148
-1
2
266.4
352.8
0.00475782
44.64
73.2047
-1
2
269.28
568.8
0.00408046
44.64
60.1966
-1
2
249.12
568.8
0.00284471
44.64
-170.522
-1
2
243.36
338.4
0.00284984
44.64
91.8735
-1
2
217.44
568.8
0.00326667
44.64
60.0413
-1
2
194.4
568.8
0.00272669
44.64
-152.914
-1
2
247.68
328.32
0.00411585
44.64
48.8141
-1
2
187.2
568.8
0.00301923
44.64
48.9182
-1
2
180
568.8
0.00327309
44.64
146.004
-1
2
149.76
568.8
0.00324381
44.64
67.9399
-1
2
253.44
563.04
0.00299395
44.64
63.7221
-1
2
254.88
570.24
0.00240709
44.64
68.7237
-1
2
262.08
570.24
0.00386608
44.64
166.569
-1
2
158.4
571.68
0.0038476
44.64
91.1573
-1
2
210.24
567.36
0.00236541
44.64
59.6118
-1
2
190.08
567.36
0.00291112
44.64
51.0725
-1
2
194.4
571.68
0.00412473
44.64
63.8221
-1
2
257.76
571.68
0.00273557
44.64
-90
-1
2
334.08
573.12
0.00147888
44.64
56.646
-1
2
252
577.44
0.00174163
44.64
-151.199
-1
2
247.68
324
0.00187185
44.64
71.3331
-1
2
201.6
570.24
0.00158356
44.64
73.5187
-1
2
145.44
277.92
0.00171142
44.64
62.6197
-1
2
239.04
574.56
0.00166552
44.64
60.8759
-1
2
177.12
275.04
0.00143914
44.64
67.6844
-1
2
144
260.64
0.0014803
44.64
-156.282
-1
2
277.92
328.32
0.0020978
44.64
-128.501
-1
2
149.76
574.56
0.00211985
44.64
86.2028
-1
2
220.32
568.8
0.00166294
44.64
-164.055
-1
2
244.8
334.08
0.00212806
44.64
75.4196
-1
2
273.6
567.36
0.00152344
44.64
-143.017
-1
2
254.88
326.88
0.00142034
44.64
61.0296
-1
2
239.04
568.8
0.00205108
44.64
-162.744
-1
3
264.384
352.512
0.00445201
53.568
-147.751
-1
3
260.928
328.32
0.00138659
53.568
-151.983
-1
3
269.568
335.232
0.0024761
53.568
-160.701
-1
3
247.104
333.504
0.00212236
53.568
-155.822
-1
3
276.48
328.32
0.00230183
53.568
-152.21
-1
3
271.296
330.048
0.00270108
53.568
-164.641
-1
3
247.104
336.96
0.00317487
53.568
-167.606
-1
3
243.648
338.688
0.00253566
53.568
178.508
-1
3
278.208
295.488
0.000855979
53.568
-148.14
-1
3
264.384
330.048
0.00120849
53.568
-151.939
-1
3
250.56
328.32
0.00576524
53.568
-152.739
-1
3
248.832
324.864
0.00281641
53.568
58.8991
-1
3
174.528
274.752
0.000938388
53.568
142.836
-1
3
202.176
273.024
0.000924962
53.568
-157.192
-1
4
275.789
327.629
0.00228663
64.2816
-156.296
-1
4
271.642
329.702
0.00388166
64.2816
-162.266
-1
4
246.758
335.923
0.00293081
64.2816
-156.018
-1
4
250.906
327.629
0.0043962
64.2816
-156.215
-1
4
248.832
323.482
0.00176314
64.2816
-162.023
-1
4
263.347
352.512
0.00464212
64.2816
116.125
-1
4
205.286
282.01
0.000566982
64.2816
119.84
-1
4
203.213
277.862
0.000673748
64.2816
-153.953
-1
4
261.274
327.629
0.00118374
64.2816
176.282
-1
4
277.862
294.451
0.000737637
64.2816
108.166
-1
4
213.581
288.23
0.000514287
64.2816
-162.742
-1
5
246.344
335.923
0.0033562
77.1379
-159.492
-1
5
261.274
328.458
0.000799633
77.1379
-161.849
-1
5
251.32
328.458
0.00412344
77.1379
-159.03
-1
5
271.227
330.947
0.00405713
77.1379
-159.444
-1
5
261.274
353.342
0.00533766
77.1379
235
64
63
54
101
32
31
189
1
88
230
86
146
112
109
27
160
85
242
244
7
113
241
34
145
118
68
184
224
11
82
28
113
105
82
44
214
190
66
120
1
212
80
208
24
15
192
68
228
79
152
164
24
4
224
29
158
73
16
242
51
156
88
23
36
248
27
212
25
40
34
221
26
0
107
38
21
140
92
36
108
210
221
178
4
224
128
112
1
0
253
213
253
121
67
175
223
96
144
156
193
14
74
96
168
122
32
217
108
41
149
84
244
44
147
168
2
7
170
21
112
89
152
243
58
189
89
219
106
162
251
246
89
171
255
241
139
216
238
251
146
126
189
10
235
245
235
213
29
96
200
131
143
124
108
221
121
43
215
11
59
63
117
165
93
219
82
243
173
118
241
92
72
30
85
158
216
17
157
173
28
37
244
191
140
105
144
240
161
60
220
95
50
181
61
53
125
236
50
63
243
125
189
212
222
53
93
62
251
230
242
220
211
110
245
115
208
246
125
168
132
149
124
221
125
233
255
68
85
250
215
122
217
124
184
221
223
38
116
167
227
110
191
172
155
13
250
29
159
93
56
230
123
248
91
142
46
240
124
105
125
222
50
191
115
125
221
244
215
180
125
62
253
198
242
212
83
109
63
178
193
182
93
168
164
157
99
220
61
168
202
36
103
254
198
123
129
124
154
223
213
38
212
182
225
110
159
44
155
13
122
29
159
93
16
242
123
253
89
14
42
251
179
220
108
138
39
93
85
11
127
71
61
234
63
62
108
221
159
178
52
185
17
86
177
100
113
245
217
57
63
251
222
49
152
108
147
218
202
89
186
123
54
219
109
61
149
28
244
44
215
187
135
12
58
1
226
31
56
247
56
61
115
217
108
218
126
249
125
222
54
143
93
110
239
164
213
184
125
186
253
218
250
212
82
111
143
122
229
55
109
138
166
29
115
205
60
168
210
36
52
158
66
123
145
118
146
219
253
46
210
30
193
46
159
172
83
5
122
29
149
77
24
242
59
249
89
94
34
251
204
51
247
213
114
119
163
254
181
245
198
55
223
190
179
67
234
253
107
111
121
149
198
243
77
234
188
47
112
76
62
235
215
37
119
186
82
120
237
116
80
85
60
62
205
4
225
109
157
172
24
5
242
30
156
73
16
242
51
157
89
23
32
250
221
59
247
213
118
119
163
254
189
253
198
119
223
190
179
103
250
253
123
111
125
157
198
243
13
234
188
63
120
78
118
235
215
37
119
186
82
120
237
116
84
93
124
62
205
4
241
109
157
172
24
5
242
31
156
73
16
246
51
189
89
95
32
250
62
50
125
136
62
55
29
127
246
126
249
48
125
59
177
118
242
244
67
96
240
114
148
62
220
168
228
27
122
217
125
235
241
44
22
190
90
112
1
252
86
75
88
14
208
20
192
77
155
172
24
5
242
29
156
89
24
242
51
156
88
214
42
249
101
36
221
130
81
30
51
111
244
100
6
54
177
187
154
70
234
213
33
101
193
7
195
119
93
136
156
13
114
136
18
105
215
36
85
186
82
120
233
124
240
92
56
135
209
20
241
111
153
172
24
5
240
29
156
73
16
242
51
189
88
87
32
251
195
205
78
203
199
90
214
128
61
71
44
202
154
185
102
173
137
113
60
189
14
199
179
96
99
87
25
54
255
26
18
17
144
103
90
201
66
77
255
184
119
190
56
125
159
90
124
176
197
153
22
4
201
231
163
174
89
220
32
61
84
249
18
187
221
62
247
117
248
250
163
252
248
189
194
119
198
211
203
227
234
205
171
107
237
45
110
251
205
250
178
167
92
15
35
255
255
39
117
186
84
186
253
116
221
84
58
54
233
131
251
111
152
173
60
37
240
63
157
73
20
250
51
191
88
87
37
250
19
212
25
40
0
216
26
5
107
34
1
140
92
33
108
147
253
162
2
225
128
112
81
0
213
149
253
249
3
166
219
96
144
156
195
14
10
40
232
106
160
222
44
41
183
84
180
44
147
168
0
7
160
21
116
89
152
243
25
181
112
211
106
163
147
221
152
14
39
90
28
3
107
130
61
202
190
55
108
155
253
163
36
157
6
86
81
71
241
215
245
120
35
186
198
96
150
188
227
6
203
8
234
107
32
155
45
105
183
92
180
45
211
202
161
15
180
1
114
255
57
211
16
117
49
241
92
74
44
233
239
190
19
109
117
127
245
196
253
252
127
190
254
238
235
220
99
99
53
114
229
183
77
239
165
185
115
142
62
233
252
36
117
186
83
120
233
244
122
93
60
47
212
55
119
110
153
172
26
5
240
29
148
77
24
242
51
189
89
86
32
250
250
248
255
223
250
223
223
233
223
247
127
254
255
182
255
254
251
213
127
111
30
149
231
60
95
223
191
47
211
155
54
190
211
37
85
251
82
127
237
118
242
94
113
63
223
30
253
61
157
172
24
5
240
31
157
73
80
242
49
189
92
87
34
251
221
62
247
117
252
249
171
252
248
189
194
255
230
211
203
235
235
205
175
107
237
173
110
187
205
255
179
167
94
15
99
255
255
39
117
187
85
254
253
117
252
92
58
62
219
131
123
247
152
173
60
37
240
191
158
73
20
254
51
159
88
87
37
250
250
250
255
223
250
223
223
233
223
247
127
254
255
190
255
254
251
213
127
111
30
151
247
124
95
223
189
47
211
155
54
187
195
37
87
251
82
127
237
118
242
93
112
63
215
30
253
61
157
172
24
5
240
31
157
73
16
242
49
189
93
87
32
250
10
192
76
10
142
217
2
1
107
34
21
140
60
52
109
208
205
146
1
240
129
112
25
36
213
85
121
57
227
159
159
96
144
108
199
142
74
114
233
114
52
221
124
45
85
220
246
44
147
237
18
4
170
29
194
89
24
242
41
189
88
219
106
226
11
196
8
10
143
217
2
5
107
34
149
140
124
32
108
208
205
146
3
240
129
114
9
36
197
21
125
41
131
30
155
96
144
12
197
142
74
114
169
114
176
221
124
41
85
252
182
44
147
236
18
4
170
29
194
89
16
242
41
181
88
211
106
227
221
255
247
125
60
249
233
254
248
191
202
255
238
215
203
235
235
205
175
107
237
173
238
187
207
255
243
191
95
15
115
255
123
39
253
187
84
254
253
117
254
92
58
62
223
131
127
247
152
173
60
53
224
189
158
77
148
254
51
191
92
87
35
178
247
253
251
154
23
79
85
111
199
198
189
184
127
170
182
254
255
214
39
247
7
162
229
39
221
207
229
105
83
158
242
105
210
46
85
190
74
120
233
252
114
90
60
47
212
22
117
110
153
172
24
5
240
29
148
73
16
242
51
189
88
86
32
250
3
196
25
174
32
200
154
13
67
194
5
140
48
2
109
187
143
2
0
65
128
48
116
0
229
149
241
121
3
43
15
113
132
148
217
10
163
72
232
99
34
222
45
41
183
20
244
110
145
170
50
7
188
5
116
104
152
179
58
185
49
83
106
227
195
207
78
75
197
218
198
128
57
215
44
202
142
57
110
173
137
113
61
189
14
199
178
96
99
87
25
54
189
10
2
17
148
103
217
193
66
93
255
168
247
190
56
253
151
90
124
176
197
153
22
36
217
231
163
174
121
204
32
45
84
249
18
187
1
206
143
11
8
89
132
181
123
184
14
141
80
53
111
168
205
2
224
42
212
80
78
136
233
117
20
98
173
67
27
70
221
194
65
32
124
130
234
34
116
61
106
55
21
246
117
225
177
72
175
124
148
13
24
12
55
64
142
37
210
73
70
222
44
46
100
161
202
253
163
113
172
124
74
69
221
125
121
229
241
248
195
224
245
98
25
252
90
60
12
130
172
214
123
215
77
106
75
52
253
178
237
12
205
21
82
134
68
227
254
65
168
125
140
8
246
29
139
89
38
64
199
164
194
207
44
124
1
206
143
11
10
217
132
181
59
184
14
141
28
53
111
169
205
18
224
168
212
80
94
232
113
117
21
34
45
67
27
70
221
194
65
96
124
195
250
34
117
61
110
55
21
244
117
225
177
200
175
60
150
13
10
12
63
192
142
37
211
73
70
222
40
206
47
201
42
93
241
245
61
254
78
141
93
60
127
236
141
248
225
42
116
208
124
176
57
117
21
176
237
211
31
219
221
66
195
96
247
195
248
40
118
61
110
54
84
182
116
224
191
137
239
13
158
13
138
28
191
192
110
45
211
203
78
246
252
236
255
159
242
95
155
233
223
229
127
190
255
190
255
238
251
213
123
103
29
135
215
52
95
255
189
47
195
154
118
187
227
45
69
255
210
123
237
124
114
92
48
191
213
62
253
45
157
172
24
13
240
31
156
65
80
242
49
189
88
87
32
250
124
33
125
254
50
167
123
121
229
228
215
180
125
58
185
70
242
212
67
110
63
250
193
182
221
168
164
157
106
220
125
169
210
36
39
190
198
122
145
92
156
219
221
14
80
188
193
110
159
44
145
13
122
29
149
93
72
246
59
249
89
14
34
243
236
59
247
213
114
119
163
255
189
253
198
119
223
186
178
71
250
253
251
111
125
213
118
243
95
235
184
191
248
204
54
235
223
37
118
186
82
120
253
116
84
85
60
62
201
4
241
237
157
172
24
5
242
31
156
77
16
246
51
189
91
87
32
250
252
59
247
213
114
127
163
255
189
253
198
247
223
250
250
239
251
253
255
111
125
157
246
178
95
235
184
191
248
222
118
235
255
37
119
251
82
122
253
252
212
93
124
62
201
38
241
237
157
172
152
5
242
31
156
73
16
244
51
189
91
87
32
250
252
63
247
213
114
127
243
255
189
253
206
255
223
254
250
238
251
253
255
111
125
189
246
178
31
255
188
191
248
222
118
239
223
39
119
250
210
122
253
252
220
93
124
55
221
38
253
237
157
172
152
13
242
31
157
77
48
252
115
189
91
87
32
250
168
204
111
232
34
125
241
255
189
212
254
206
93
60
127
236
139
252
255
105
116
210
180
178
125
253
21
144
253
215
62
249
248
64
211
104
215
115
216
184
250
189
126
55
84
183
118
232
143
57
247
12
217
31
135
28
185
196
105
236
87
158
14
184
254
248
255
223
254
95
223
249
255
255
125
250
255
254
255
254
251
213
126
111
31
223
167
60
255
223
191
63
255
219
127
191
243
101
125
255
82
127
253
246
242
223
233
63
223
158
252
61
141
173
22
133
248
63
151
79
208
244
57
125
93
95
34
191
174
237
109
202
55
93
213
9
253
87
63
248
63
63
252
237
139
244
126
253
55
82
177
116
125
247
21
59
255
219
30
185
144
108
222
218
202
115
185
188
247
255
124
189
148
30
116
44
135
189
151
12
75
21
167
28
184
244
104
60
91
223
46
185
163
220
8
10
39
88
212
11
111
67
61
234
190
62
108
221
143
147
52
157
7
86
145
100
101
213
217
57
55
59
134
48
144
108
209
222
202
89
234
51
50
223
45
57
149
94
244
44
211
187
147
13
56
1
227
63
48
115
56
61
49
217
108
218
252
45
239
151
242
79
211
255
223
229
255
190
255
190
251
238
251
213
123
103
125
151
214
52
95
255
189
47
210
155
118
187
195
45
69
251
210
123
237
124
112
93
60
47
213
62
245
109
157
172
24
13
240
31
156
73
80
242
49
189
88
87
32
250
163
221
8
10
55
88
148
11
79
3
189
234
186
30
100
93
143
151
52
149
3
86
161
100
101
215
217
43
55
58
134
48
146
44
209
218
74
89
234
51
50
219
45
41
149
92
180
45
211
191
145
13
56
1
226
59
48
179
48
61
49
217
124
202
251
250
95
171
255
249
139
220
254
251
146
126
189
30
235
245
235
213
29
112
200
147
175
124
109
221
121
43
215
75
59
63
245
165
221
219
82
243
173
118
241
92
72
30
85
158
216
49
157
61
30
37
212
191
141
107
208
244
161
60
220
95
50
180
13
166
53
169
0
101
166
245
81
254
234
149
80
37
153
162
139
72
195
98
240
32
68
146
221
109
132
128
73
198
59
219
253
16
81
168
53
226
232
40
126
28
63
166
116
55
247
106
187
172
41
7
242
29
28
72
14
226
23
224
74
71
96
230
47
118
101
0
31
61
7
88
230
62
128
48
109
57
180
69
226
244
71
112
241
98
144
118
68
188
165
9
122
30
113
105
210
44
214
190
82
56
1
116
92
94
26
143
208
112
228
79
152
45
24
4
224
29
142
73
16
242
51
156
88
87
34
249
13
228
61
169
32
125
187
253
217
222
238
149
81
4
249
226
139
76
195
98
244
48
68
210
77
173
132
128
73
70
63
219
253
16
85
168
53
250
233
48
250
29
63
38
116
183
247
110
187
172
40
7
240
29
28
72
22
226
31
172
90
71
98
242
119
245
249
158
23
132
93
79
199
230
145
184
103
202
148
95
254
86
2
103
139
170
229
39
204
139
230
77
83
44
248
41
210
36
52
158
2
108
67
119
18
202
60
106
146
28
193
14
153
172
82
5
96
24
52
73
152
178
57
185
24
86
34
227
12
225
125
233
50
245
255
252
189
222
236
157
81
60
253
226
195
220
195
106
244
112
196
178
45
237
164
128
93
199
63
251
253
0
117
186
87
122
201
116
122
95
126
38
118
183
83
110
153
173
62
5
250
29
156
76
144
226
59
236
89
78
34
243
221
251
247
125
60
241
233
254
248
187
224
253
230
195
131
251
235
205
175
107
237
173
238
187
207
223
243
175
95
15
51
255
119
39
125
187
86
252
253
117
122
76
58
62
223
133
123
247
152
173
92
21
224
191
156
73
144
242
51
159
92
87
35
179
61
245
125
233
51
253
243
252
189
220
220
189
93
62
255
230
131
220
211
106
245
115
198
242
45
168
132
145
125
79
127
251
255
68
149
250
87
123
217
125
250
223
127
38
244
183
227
110
159
172
63
13
248
29
157
77
48
242
59
252
91
158
46
251
125
109
125
222
50
223
115
127
253
212
255
180
125
62
253
230
243
244
83
111
183
114
245
183
125
171
164
157
107
221
124
233
232
36
103
250
210
123
209
252
218
223
61
166
212
182
97
110
155
173
191
13
248
29
151
93
48
242
123
252
91
150
42
251
124
237
125
254
50
255
119
125
221
212
223
188
125
62
253
238
243
220
83
111
183
50
213
182
125
170
164
157
99
221
125
169
234
36
103
250
215
123
193
124
218
223
181
174
214
183
103
110
155
172
159
13
248
29
159
85
48
242
123
253
91
86
42
251
39
183
117
32
21
184
37
88
230
20
128
113
109
25
164
85
226
244
3
96
225
34
129
119
68
152
224
13
82
12
97
105
214
36
84
186
82
120
1
116
116
94
24
15
208
81
244
79
152
172
24
4
240
29
158
73
16
242
51
189
88
87
32
251
55
183
117
40
23
176
5
90
230
20
128
112
109
123
164
85
226
244
3
96
193
38
193
119
68
152
225
13
82
12
113
105
214
36
84
186
82
120
9
116
116
90
56
15
208
20
245
79
152
172
24
4
240
29
156
73
16
242
51
157
88
87
32
251
140
201
138
217
35
93
212
135
29
197
47
142
18
252
127
174
141
24
56
47
14
190
230
35
123
215
151
96
133
227
30
19
182
18
99
72
82
79
250
42
50
61
228
117
63
158
125
162
221
137
118
245
155
71
176
238
145
200
104
109
85
121
131
250
213
47
247
17
80
62
163
246
121
253
198
115
78
243
130
130
234
205
171
103
117
197
230
243
79
123
188
167
104
12
34
107
215
34
84
186
84
56
229
124
244
84
56
135
209
0
83
239
153
172
24
5
240
29
157
73
20
242
51
189
88
87
32
250
63
116
109
0
31
61
15
88
246
110
144
48
109
14
180
85
242
244
71
112
241
114
144
118
204
184
228
9
82
28
113
233
194
44
150
190
74
120
1
245
88
202
26
143
208
112
228
79
152
44
24
4
96
29
158
65
16
178
51
188
88
214
42
249
63
52
109
144
30
53
29
123
246
126
248
48
125
43
180
87
242
244
67
112
241
242
144
62
220
168
228
27
122
28
121
233
113
44
150
190
218
112
1
252
94
74
24
142
208
48
192
77
153
44
24
5
96
29
157
89
24
242
51
156
90
214
42
249
254
249
219
255
255
99
222
175
222
171
253
250
247
194
166
250
251
215
60
87
15
189
231
30
175
223
243
111
211
107
246
58
243
165
28
255
94
117
235
247
114
203
245
105
215
29
149
63
223
174
26
133
250
31
148
105
208
242
57
251
93
95
176
191
126
249
253
222
55
223
85
111
255
196
191
184
127
190
252
254
251
212
118
111
151
58
229
55
61
143
164
29
115
157
28
232
242
44
118
222
66
123
209
246
146
223
117
47
150
158
101
110
157
173
215
5
120
29
151
93
16
242
59
253
89
30
34
251
126
249
109
222
55
223
85
111
223
228
253
184
125
190
252
222
251
212
87
111
143
186
229
55
45
139
164
13
83
221
60
169
210
36
118
250
66
123
193
244
146
223
245
47
208
22
229
110
157
164
215
5
120
29
151
73
16
242
59
253
89
94
34
251
254
249
219
255
127
106
248
238
222
169
253
251
119
194
207
250
251
215
61
87
15
173
231
31
175
223
243
175
211
43
246
254
243
37
61
255
86
117
233
247
243
222
177
127
223
31
249
126
205
166
90
133
248
30
149
73
208
242
57
251
92
71
178
191
118
241
249
158
23
142
93
79
199
228
149
184
127
170
148
222
255
214
22
103
143
170
229
39
237
139
230
77
83
45
252
105
210
36
52
222
2
121
131
246
18
202
189
107
146
28
197
14
153
164
82
5
104
28
181
73
152
178
57
249
88
86
34
251
10
73
24
126
35
73
80
15
27
160
47
164
48
146
108
250
143
18
32
219
135
58
229
3
97
7
195
9
83
99
158
96
154
6
113
242
35
74
234
240
242
189
245
97
182
23
55
110
147
170
127
5
252
13
241
72
19
243
63
249
25
58
161
202
10
217
24
190
3
73
252
15
23
130
45
172
48
6
109
251
15
18
32
211
135
48
229
3
33
215
227
9
83
99
151
112
148
148
243
178
51
72
234
113
34
221
116
97
182
21
55
110
153
170
58
5
254
5
112
72
147
179
63
249
25
123
163
202
18
192
25
174
32
200
28
13
67
130
41
136
32
7
12
26
143
6
32
65
128
32
64
8
197
213
241
121
3
34
7
104
148
148
249
10
161
200
232
99
32
202
45
41
183
20
244
110
147
170
48
7
164
1
116
104
152
179
18
233
48
87
96
34
85
47
247
148
80
166
167
127
129
252
194
55
195
151
147
2
226
205
195
103
209
5
194
211
77
232
188
141
0
12
40
75
223
37
117
186
20
58
133
100
68
84
24
166
197
32
193
111
152
44
25
1
242
29
156
73
0
242
19
177
88
87
32
122
76
43
247
149
81
39
163
255
133
244
194
183
211
158
187
71
234
213
235
103
221
135
194
243
77
232
188
13
80
12
58
107
223
37
117
186
80
122
205
116
208
92
48
38
197
52
193
111
153
172
24
5
242
29
156
73
16
242
51
189
88
87
32
250
205
51
247
157
115
55
163
254
180
244
196
191
223
191
179
79
234
245
123
111
105
135
194
115
76
234
188
45
120
76
50
107
215
37
21
186
82
120
109
116
112
93
56
46
213
20
225
109
153
172
24
5
240
28
156
73
16
242
51
157
88
87
34
251
135
206
136
137
196
216
134
129
43
67
43
202
130
7
110
9
137
97
44
149
8
85
18
64
99
85
25
100
132
42
2
1
148
80
219
131
8
73
238
0
37
24
40
161
149
92
124
180
82
152
0
52
131
225
104
186
16
9
16
37
4
217
92
74
195
207
14
203
197
218
134
128
41
195
44
202
138
49
110
169
137
33
60
189
14
197
51
96
99
87
25
38
165
14
2
17
150
103
91
201
74
77
255
168
103
188
56
253
151
90
124
176
213
137
20
36
217
231
162
174
27
220
32
53
84
113
16
170
199
207
206
75
229
90
212
131
57
211
44
202
138
251
110
173
137
121
60
175
14
199
182
112
99
87
27
34
253
10
2
17
150
115
89
193
67
93
255
176
115
190
56
125
159
94
124
176
193
153
22
52
217
231
162
174
145
204
32
61
84
113
18
187
221
59
247
149
119
119
163
254
181
245
198
183
223
190
179
103
234
213
123
111
105
151
194
115
13
234
188
47
120
76
54
107
215
37
117
186
82
120
237
116
116
93
56
46
197
4
225
109
157
172
24
5
242
29
156
73
16
246
51
189
89
87
32
250
250
248
219
223
254
223
223
233
222
187
63
250
191
242
254
250
251
213
60
111
142
149
231
124
79
223
191
47
211
139
55
62
211
37
85
251
82
127
237
118
242
94
97
63
215
30
253
61
157
172
24
5
248
31
157
75
80
242
49
61
92
87
34
251
129
205
154
223
0
76
208
167
11
196
45
142
18
244
95
170
141
74
32
175
6
173
70
131
91
87
151
104
33
162
146
1
151
18
113
0
1
76
250
40
48
61
189
97
191
28
119
174
211
200
169
255
148
77
48
206
43
195
80
99
81
113
197
234
17
205
154
223
32
76
212
167
11
196
45
138
18
245
31
170
13
66
32
175
6
173
71
195
219
87
149
120
33
162
150
1
151
18
113
0
137
72
250
107
32
57
173
225
189
28
245
174
211
202
169
255
180
73
48
206
43
195
80
99
113
113
197
202
1
14
68
35
201
232
166
80
60
120
142
103
172
125
107
165
235
56
129
176
245
66
155
120
82
124
24
34
188
71
11
71
157
226
67
48
117
146
109
46
109
21
74
167
68
227
126
193
168
84
217
44
246
7
138
9
62
64
166
164
130
71
36
76
33
142
100
35
201
236
163
209
44
125
130
71
172
125
235
165
235
57
129
32
244
74
155
120
83
124
24
50
188
86
75
71
29
227
91
48
53
130
125
46
237
20
74
151
77
227
126
225
168
84
88
44
214
135
138
45
46
68
134
164
194
79
36
92
33
14
100
35
201
236
163
80
44
125
138
71
172
125
235
165
227
56
129
32
244
106
155
124
83
124
24
34
188
86
107
199
93
227
91
48
53
146
125
14
109
20
74
166
76
227
126
225
168
84
88
40
214
135
136
13
46
68
135
164
194
71
36
92
169
142
116
35
217
237
163
240
188
125
74
71
172
125
200
165
235
125
199
96
244
106
155
252
115
124
29
178
252
71
107
215
95
227
105
48
53
146
125
46
221
20
90
182
77
227
126
241
168
85
89
40
212
143
139
13
46
204
167
165
194
15
37
92
41
14
116
99
217
236
163
120
188
125
206
101
172
127
200
165
226
236
207
104
245
106
155
252
113
60
4
146
252
87
107
215
93
227
107
52
117
146
125
174
221
20
90
150
76
227
126
227
168
117
221
40
244
142
139
13
46
220
231
164
194
135
37
92
45
182
100
32
220
237
161
112
252
125
206
101
237
125
216
165
226
236
199
96
245
106
25
253
114
60
5
134
124
87
107
215
93
107
107
52
117
178
125
172
221
20
26
134
72
227
126
227
168
117
204
8
244
14
138
13
62
212
199
164
194
7
36
92
124
51
125
240
250
63
35
125
244
84
214
50
93
123
186
68
240
253
203
100
245
115
144
246
158
40
156
221
236
220
125
233
79
72
198
174
223
114
145
92
252
149
21
135
193
165
195
79
191
172
137
10
242
29
159
89
44
246
83
189
106
159
108
248
124
35
117
240
250
63
35
125
228
116
210
51
93
115
154
68
248
221
75
100
117
241
146
182
222
40
188
221
232
220
125
233
95
108
70
190
205
114
145
92
252
21
145
135
193
165
227
79
191
164
137
10
242
29
159
89
108
246
83
189
106
151
104
248
57
6
244
170
25
111
161
126
244
124
198
53
125
125
187
228
235
212
67
96
241
35
207
55
76
168
160
13
90
12
59
235
221
36
85
186
82
114
201
124
248
84
24
14
68
149
231
111
153
44
24
5
240
29
156
73
16
242
43
188
88
71
32
248
126
37
125
183
18
197
91
237
199
230
213
52
253
46
177
118
250
84
66
102
59
184
199
38
156
184
166
29
66
254
127
187
98
36
53
154
134
121
81
94
48
65
213
10
230
28
193
62
31
172
17
13
50
24
20
93
72
50
121
249
89
14
40
246
126
49
123
151
18
197
219
237
199
230
209
52
241
70
179
118
250
84
66
102
11
185
199
14
156
152
182
13
82
254
63
186
98
36
53
155
146
104
67
87
48
73
245
106
231
28
129
62
31
172
16
5
50
24
20
73
136
50
57
249
29
14
32
162
237
47
255
241
112
119
163
255
249
253
230
243
207
187
146
207
235
237
255
111
125
197
246
179
95
251
189
167
248
12
50
235
223
39
84
186
82
120
237
124
124
92
56
183
209
49
81
237
153
172
24
1
240
29
156
73
16
252
51
189
90
87
32
250
236
63
247
245
114
119
243
255
188
253
230
251
223
187
178
79
251
253
255
111
125
205
246
178
31
251
189
191
248
220
114
235
223
39
118
251
82
120
253
252
92
93
58
191
217
53
117
237
157
172
152
13
240
31
156
77
16
252
51
189
90
87
32
250
250
9
235
147
219
199
31
173
206
231
31
62
187
238
179
118
251
213
113
103
30
183
195
100
94
215
185
47
210
154
55
43
199
36
87
187
82
120
233
94
48
89
52
47
213
28
245
45
157
172
24
5
242
29
156
73
16
242
49
189
88
87
32
250
55
55
117
32
21
168
37
90
230
0
162
113
109
105
128
85
226
212
3
96
193
34
192
119
68
152
97
13
82
12
33
105
214
36
84
186
82
120
41
116
116
84
56
15
212
20
245
79
152
172
24
4
240
29
156
73
16
242
51
189
88
87
32
250
47
246
101
136
62
61
5
120
228
126
184
50
109
61
252
101
242
244
71
96
240
98
152
246
76
172
165
9
250
30
113
233
208
44
215
190
90
58
129
244
126
94
24
143
84
242
228
77
152
45
24
0
240
29
143
73
16
242
51
156
88
86
34
249
252
63
247
213
112
119
243
255
189
253
238
255
223
187
178
239
251
253
255
111
125
141
246
179
95
255
189
175
249
222
114
251
255
39
118
251
82
120
253
252
88
92
58
191
217
53
117
237
153
172
152
9
240
31
156
77
16
252
115
189
90
87
32
250
236
169
255
155
81
87
55
255
247
229
13
190
191
191
183
78
235
213
113
103
93
199
195
119
93
202
188
47
114
136
50
107
215
36
85
186
82
120
233
116
112
92
56
46
213
20
229
109
153
172
24
5
240
29
156
73
24
242
51
189
88
87
34
250
226
242
81
171
223
240
139
205
238
251
2
126
165
14
235
245
235
213
25
96
200
131
142
124
76
221
56
43
211
11
51
63
245
165
93
251
82
243
173
118
242
92
72
30
85
30
216
17
153
172
24
37
244
159
157
105
144
240
33
188
92
87
50
245
251
250
75
171
223
248
139
156
254
251
154
126
173
14
235
245
235
215
25
112
200
131
174
124
101
221
121
43
215
11
51
63
245
165
221
219
82
243
173
118
242
92
72
30
85
158
248
49
157
172
28
37
244
191
157
107
144
244
161
60
220
87
50
181
137
142
134
169
9
101
160
245
13
220
106
135
16
61
91
164
141
88
225
106
116
131
238
176
89
125
29
160
213
130
51
223
253
16
113
32
21
224
232
40
121
52
56
182
77
183
126
224
25
136
125
53
209
95
156
8
131
192
35
165
68
71
0
250
55
182
245
103
252
164
255
93
114
125
213
115
236
123
131
85
250
231
33
98
241
45
219
127
238
186
242
255
254
57
225
111
215
229
28
190
242
112
249
119
117
78
27
143
193
17
217
79
153
172
24
5
240
28
156
73
24
242
51
157
218
71
32
254
230
38
81
163
217
140
131
201
238
111
2
62
161
15
251
245
226
213
1
96
200
131
142
124
77
220
56
43
146
11
51
63
117
164
85
187
82
243
173
86
192
84
8
14
69
6
200
17
153
44
24
37
240
157
157
105
16
240
51
188
92
87
32
240
58
196
120
170
138
221
31
1
47
102
63
140
157
44
125
244
213
178
70
240
208
114
153
108
189
213
237
125
99
255
223
241
128
204
199
142
202
99
233
122
50
221
100
169
84
150
244
45
151
173
146
12
170
21
196
89
56
242
122
188
219
219
106
160
62
54
109
136
62
61
5
123
230
118
250
48
93
61
253
229
242
244
67
96
240
98
144
246
93
172
164
11
250
152
113
235
241
44
86
190
90
114
161
252
246
94
24
143
212
166
196
77
153
173
24
1
240
29
159
89
16
242
51
188
88
86
40
248
63
54
101
0
31
189
5
88
230
126
144
112
109
59
164
85
242
244
7
112
241
98
145
118
68
184
229
11
122
28
113
105
210
44
214
190
66
120
1
244
92
196
24
15
208
100
228
79
152
37
24
4
224
29
142
73
24
242
51
156
88
87
32
248
251
254
111
43
255
253
159
152
255
255
190
251
175
63
239
253
251
247
63
121
249
211
191
124
103
253
121
63
255
91
115
63
221
237
221
95
90
247
173
119
251
94
106
63
215
123
252
49
141
221
22
37
221
183
141
239
208
252
160
60
222
223
56
190
35
206
0
10
221
88
2
9
108
2
130
46
160
31
111
133
203
48
1
148
77
130
153
36
69
213
25
33
147
10
11
0
152
6
211
186
64
18
237
32
164
84
24
161
85
85
52
224
144
44
24
4
147
29
201
9
16
160
39
53
8
83
36
74
123
213
88
190
55
58
95
26
102
70
177
186
173
75
164
95
246
247
32
245
3
118
209
119
196
158
227
125
82
56
244
105
210
36
150
190
66
120
161
117
50
202
56
45
214
20
245
79
153
172
16
5
96
29
158
73
16
178
51
157
88
86
34
179
141
174
238
225
124
255
179
244
56
253
254
223
206
61
219
229
227
221
191
107
245
69
238
248
109
111
57
182
124
71
51
255
245
96
93
186
87
123
249
244
255
92
58
62
213
135
246
105
153
173
28
5
240
29
159
77
16
246
51
188
88
87
32
250
62
54
125
130
62
21
153
127
246
126
212
52
125
58
177
116
242
212
67
96
240
114
220
62
156
168
164
27
122
217
125
235
117
44
22
190
90
114
161
252
210
77
92
14
208
134
192
77
155
172
24
5
242
29
156
89
16
242
59
156
90
22
42
249
243
252
223
223
254
210
223
232
251
255
61
250
255
227
198
218
235
213
60
111
206
141
167
60
111
223
187
63
211
11
51
63
211
37
28
251
82
125
231
246
82
206
40
63
219
28
221
53
153
173
26
5
248
31
156
75
208
246
49
61
92
85
34
187
1
6
37
0
200
153
162
112
120
60
138
71
216
117
105
32
196
41
195
160
212
96
8
208
214
40
4
130
172
198
11
86
127
104
65
40
124
162
201
40
221
21
10
6
68
226
226
75
185
108
9
5
242
29
9
73
46
66
151
180
194
83
98
72
135
238
16
11
193
216
134
8
11
3
43
234
128
7
204
153
73
35
36
20
9
5
2
64
65
213
89
109
133
42
2
17
148
20
217
139
0
9
45
2
37
16
40
161
21
88
60
180
80
154
32
52
19
225
96
162
32
8
0
36
0
209
84
74
248
109
251
151
242
207
223
239
207
231
63
190
179
174
251
238
251
213
124
103
30
149
247
37
95
215
185
47
211
154
54
59
195
37
85
251
82
125
237
126
112
93
52
47
221
30
253
61
157
172
24
5
240
29
156
67
16
242
49
189
92
85
32
250
197
47
247
145
88
102
163
255
193
245
198
119
67
243
146
130
234
205
163
103
93
133
230
147
79
203
156
175
192
12
34
75
215
37
85
186
80
56
237
116
240
84
56
167
201
16
241
239
153
172
9
1
240
29
156
73
16
242
51
189
88
87
32
250
35
196
104
138
23
95
21
11
103
70
61
232
61
62
108
223
139
50
36
189
1
82
145
100
117
213
9
57
51
186
28
33
144
108
147
218
202
88
43
58
38
219
108
41
20
92
116
44
87
173
147
12
26
1
226
62
56
102
40
60
25
217
124
218
250
232
251
223
250
223
223
233
207
231
63
254
179
238
255
254
251
213
124
111
30
157
231
61
95
215
191
47
211
155
54
63
227
37
117
251
82
127
239
126
242
93
100
63
159
30
253
61
157
172
16
5
240
31
157
67
80
242
49
61
93
85
32
250
0
202
20
11
136
204
128
165
59
180
14
141
16
55
95
160
77
66
192
160
196
32
46
136
249
85
21
98
173
139
155
86
149
210
65
32
60
130
234
42
53
21
104
167
20
246
60
97
177
72
239
40
148
1
0
138
167
64
138
37
208
65
70
238
13
207
109
232
35
127
119
123
189
84
238
136
89
61
125
239
129
124
95
108
116
242
180
50
125
189
5
16
253
214
62
153
240
98
83
232
66
114
145
184
182
191
56
55
84
150
100
76
141
33
214
12
217
31
135
12
184
196
41
188
91
206
42
185
8
139
45
168
34
255
179
124
249
220
206
133
81
52
121
224
130
220
195
106
244
112
68
243
109
168
132
132
109
198
61
251
255
0
81
184
87
122
200
56
250
29
28
38
116
183
227
111
153
172
9
5
242
29
157
72
20
226
59
188
81
79
34
243
57
205
125
152
34
191
115
123
189
212
222
149
93
61
253
230
130
221
211
108
244
112
192
243
125
168
132
148
120
199
61
233
254
4
81
184
86
123
217
120
242
223
29
38
116
182
229
111
155
44
27
13
248
29
159
77
56
226
59
188
91
6
42
251
120
13
109
222
35
191
115
123
221
244
223
148
125
188
253
230
130
212
83
109
180
114
209
183
125
168
132
28
114
213
60
233
202
4
85
186
194
122
193
124
146
223
29
38
244
182
229
110
155
172
27
13
248
29
159
77
16
242
123
253
91
22
42
251
40
11
109
232
34
191
243
123
253
220
206
23
221
52
249
226
130
221
195
104
244
116
192
243
61
168
132
148
108
196
61
233
254
64
83
184
87
122
217
120
156
157
94
6
116
167
227
111
159
44
137
13
242
29
159
93
52
226
59
188
75
142
110
240
205
43
247
145
242
119
163
254
229
245
198
119
215
250
179
75
235
213
235
103
77
133
230
179
78
251
188
47
240
76
50
43
215
37
85
186
80
120
237
116
116
93
56
55
221
4
245
237
153
172
24
5
242
29
156
73
16
242
51
189
88
87
32
250
120
77
109
158
35
159
127
123
221
100
223
148
113
188
252
230
130
212
83
109
190
178
209
183
93
168
132
12
83
213
60
233
202
4
85
186
194
122
193
124
146
223
21
38
244
54
229
110
155
172
155
13
248
29
159
25
16
242
123
253
91
22
42
251
252
109
255
151
242
207
219
239
223
229
63
254
191
238
251
238
251
213
127
103
31
159
247
53
95
255
189
47
211
219
118
59
195
37
85
251
82
127
237
126
112
93
124
47
221
30
253
61
157
172
24
5
240
31
156
75
16
242
49
189
93
87
32
250
118
241
235
159
23
197
89
77
215
230
149
188
113
138
181
94
234
84
18
99
139
58
199
47
76
130
166
13
83
45
61
59
243
36
53
187
2
109
67
118
18
202
53
10
146
28
193
62
153
172
18
5
120
24
52
73
152
178
59
185
25
86
34
163
124
33
109
159
50
151
123
105
213
230
215
180
253
162
185
70
178
213
83
102
159
246
193
55
29
136
166
29
82
204
60
184
242
36
21
186
66
123
209
84
144
217
213
14
242
28
193
46
159
172
145
5
122
29
156
93
24
242
59
249
89
30
34
243
205
43
247
149
211
71
163
254
172
245
134
119
223
254
178
78
235
213
107
103
77
135
226
115
79
251
188
47
240
76
50
43
215
37
85
186
82
120
237
116
84
93
56
39
217
20
245
239
157
172
24
5
242
29
156
73
16
242
51
189
88
87
32
250
37
14
100
129
200
141
163
113
60
125
130
71
204
125
120
165
224
232
199
160
244
32
24
248
86
60
4
130
172
214
73
215
79
104
67
56
252
178
169
12
221
20
74
134
64
98
234
65
168
109
136
8
242
29
137
65
54
82
214
164
194
23
44
120
252
239
255
209
242
119
243
255
252
245
236
251
223
251
242
238
251
221
255
111
125
197
246
179
95
255
189
191
249
223
50
187
223
39
85
250
82
113
253
244
112
93
56
183
213
52
245
228
157
172
31
13
240
29
156
73
16
244
51
189
90
87
40
250
195
205
78
138
193
90
198
130
41
67
44
202
10
57
110
169
201
33
61
237
7
196
49
96
99
85
25
40
181
14
2
17
144
71
219
203
66
69
255
184
55
190
56
181
29
218
116
180
193
153
54
52
9
103
227
174
153
204
40
44
84
241
80
171
40
10
101
160
234
63
163
113
252
92
194
71
221
116
121
228
208
221
195
96
244
116
24
242
94
40
4
150
236
214
63
202
127
96
83
184
253
114
201
0
221
21
86
6
64
167
226
75
188
44
137
13
242
29
159
89
46
98
23
180
66
31
108
248
236
43
255
209
242
119
163
255
253
245
230
123
223
243
178
207
235
221
251
111
93
197
246
179
79
251
189
175
248
206
50
171
215
37
87
186
82
120
237
116
116
93
56
55
217
4
241
236
153
172
28
5
240
29
156
73
16
244
51
189
88
87
32
250
242
248
251
223
250
223
223
233
207
231
59
254
191
166
255
254
251
213
124
111
14
149
231
44
95
215
187
47
147
155
22
63
227
37
87
251
82
127
239
118
242
92
100
63
159
30
253
61
157
172
16
5
248
31
149
75
16
242
49
61
93
85
34
186
0
2
5
0
200
153
130
112
248
56
138
7
216
117
89
32
196
41
195
160
212
96
8
212
210
32
4
130
172
198
11
86
127
104
67
36
124
162
200
40
220
20
10
134
68
226
162
75
185
108
137
3
178
29
24
89
46
66
150
180
194
67
98
76
142
201
138
220
34
93
220
135
11
196
45
140
18
148
127
170
141
90
32
203
6
184
100
2
121
87
151
104
1
230
158
17
128
18
115
64
3
78
202
40
34
189
245
113
190
22
55
46
211
200
231
215
154
71
48
16
147
193
40
113
85
121
67
234
124
49
251
151
18
199
91
237
199
230
241
54
241
194
179
118
242
213
83
102
155
189
199
7
28
200
166
45
82
222
54
187
99
36
21
187
18
121
65
84
48
73
245
46
199
28
193
63
31
172
24
5
242
24
156
65
80
242
59
217
89
6
32
242
252
239
255
217
242
127
243
255
253
253
254
255
223
251
255
238
251
221
127
111
125
213
246
176
95
255
189
191
249
223
114
187
251
39
87
251
86
123
253
252
250
95
56
190
221
62
81
228
157
173
159
13
248
31
157
77
80
252
35
189
90
87
42
251
168
14
100
132
236
189
161
113
188
125
130
71
205
125
120
165
240
232
199
160
244
102
25
244
94
56
20
146
172
214
123
215
79
104
67
56
252
178
233
44
221
20
26
134
192
98
242
73
168
117
136
8
242
29
139
73
54
82
87
165
194
23
44
248
40
42
229
160
254
191
163
119
252
92
214
81
95
121
248
196
242
253
195
96
244
103
152
247
94
42
4
150
236
212
121
205
223
104
66
188
253
50
185
172
221
21
26
135
192
99
243
79
184
164
137
8
242
29
155
25
46
246
87
181
202
223
44
89
245
47
255
81
248
118
163
255
248
253
230
251
78
243
131
138
235
205
187
103
93
133
230
179
223
251
189
175
233
12
34
43
215
37
85
186
82
48
237
116
112
92
56
183
209
16
241
236
153
172
24
5
240
29
156
73
16
242
51
189
88
87
32
250
221
251
247
125
60
243
249
254
216
191
248
253
239
223
139
251
251
221
187
107
237
45
230
191
207
255
243
191
95
15
115
255
119
37
125
191
86
125
249
117
123
76
187
62
223
129
251
127
152
173
92
133
240
191
158
73
144
242
51
223
92
87
32
182
242
216
219
223
255
223
223
233
223
235
57
250
191
206
255
254
251
215
60
47
142
151
231
44
79
215
187
47
147
139
23
63
243
37
93
251
82
127
235
246
242
94
96
63
159
30
253
61
157
173
18
5
248
31
149
75
144
242
48
61
93
85
34
187
18
193
152
158
32
88
28
7
3
130
45
136
16
167
4
26
29
2
32
153
2
208
65
3
209
85
209
120
3
162
134
0
144
144
225
0
169
8
234
107
32
152
37
225
183
20
182
44
211
202
161
211
164
1
112
188
15
211
16
113
49
241
200
74
213
47
247
148
88
70
163
255
192
213
194
119
195
243
146
0
234
197
163
103
69
133
226
211
78
202
156
175
128
12
34
75
215
37
85
186
16
56
237
116
212
84
56
135
201
16
241
239
153
172
25
1
240
29
156
73
0
242
19
189
88
87
32
250
57
20
245
134
219
239
161
126
212
124
214
21
61
125
139
228
238
212
3
96
244
35
203
119
78
168
160
12
90
2
123
111
223
36
85
186
86
114
201
116
208
84
24
14
68
23
225
111
153
44
24
5
240
29
156
73
16
242
51
189
88
7
32
248
0
206
20
138
138
221
132
37
59
124
46
141
28
53
125
164
205
50
192
40
212
112
94
168
121
117
21
112
45
211
155
71
157
192
67
32
52
194
234
42
53
21
110
167
20
230
116
97
177
73
239
44
150
13
10
28
191
64
142
36
195
201
76
198
163
196
8
138
23
88
21
10
103
67
189
232
42
138
100
95
139
54
36
213
3
86
177
101
101
213
217
41
19
58
2
17
144
172
150
154
74
72
43
19
34
219
44
41
149
88
116
44
82
191
18
4
8
1
230
50
56
50
48
60
24
209
124
10
24
130
37
168
0
229
167
125
209
220
218
5
81
53
25
160
135
76
195
98
244
32
196
210
93
236
4
132
72
198
57
203
253
0
81
40
61
106
200
40
124
20
19
166
84
183
119
111
187
40
41
3
242
29
28
72
6
194
31
232
66
71
98
244
124
35
125
144
50
55
51
123
228
100
215
22
221
248
185
70
242
221
67
102
248
247
208
182
156
168
164
156
104
220
125
233
66
4
71
190
214
120
209
92
60
85
213
7
196
164
225
111
159
172
137
9
242
29
156
93
40
118
115
185
75
150
40
250
254
249
219
255
127
99
253
254
222
185
253
251
127
198
159
250
251
215
59
111
79
173
231
63
175
207
243
175
211
107
246
254
247
37
61
255
86
117
233
117
123
206
241
127
223
31
221
127
141
164
95
133
248
62
156
73
208
242
57
251
93
7
34
183
126
105
109
158
51
159
89
111
223
230
213
188
121
174
252
206
178
212
82
103
159
178
193
55
29
138
164
13
83
221
60
169
194
36
22
186
66
123
193
244
146
223
53
46
210
22
193
110
159
172
18
5
120
29
149
89
16
242
59
189
89
22
34
251
221
254
247
125
60
249
173
254
248
189
234
255
239
255
207
235
235
205
175
107
237
109
238
255
205
255
183
191
127
15
115
255
255
103
117
190
86
190
249
117
255
92
58
62
223
163
255
111
152
173
28
5
240
191
159
77
20
246
51
159
88
87
38
254
63
54
109
178
30
55
13
91
246
126
208
49
125
107
176
87
242
244
67
96
240
114
152
126
220
168
164
27
90
217
121
235
243
44
22
190
90
120
33
252
86
74
24
142
208
16
192
79
153
172
24
5
112
28
157
73
24
242
51
156
218
214
42
249
101
37
219
155
81
70
3
207
198
228
5
190
163
155
151
78
234
213
33
103
73
167
195
103
76
218
156
45
82
8
18
41
215
36
85
186
82
120
233
116
112
92
56
167
213
28
229
111
153
172
24
5
240
29
156
73
16
242
51
189
88
87
32
250
252
237
255
213
242
95
243
255
253
245
110
255
223
255
250
238
251
245
127
111
125
143
246
181
95
255
189
47
249
219
114
187
211
39
103
251
82
123
237
252
208
93
56
63
217
62
253
228
157
172
222
13
240
31
157
73
16
244
49
189
90
87
32
250
171
214
68
163
255
240
139
216
190
251
186
127
173
31
233
245
226
245
13
112
200
2
142
124
100
220
121
43
222
75
123
127
117
228
221
27
114
243
173
246
231
92
74
30
213
134
216
17
136
221
20
37
252
183
141
105
16
240
178
188
220
95
32
180
171
214
76
171
255
249
139
216
190
255
186
127
173
31
235
245
227
245
29
112
200
2
142
124
101
220
121
43
222
75
123
63
117
229
221
91
114
243
173
246
243
84
74
30
85
134
216
17
140
93
20
37
252
183
141
105
144
244
176
188
220
95
34
180
141
254
127
233
60
253
247
240
56
255
238
249
204
61
249
229
227
221
191
107
245
97
238
120
109
255
41
183
125
71
51
255
247
96
93
186
86
123
249
244
254
92
58
63
213
135
215
111
153
173
28
5
240
29
159
77
16
246
51
189
88
87
32
250
105
197
41
158
3
207
93
111
197
70
189
156
113
140
180
238
139
84
35
69
14
178
225
7
93
207
133
13
83
142
52
41
194
36
85
186
66
120
193
252
114
223
52
47
212
22
165
110
153
172
26
5
240
29
148
1
16
242
51
189
89
86
34
250
119
117
233
159
23
132
91
109
215
230
149
188
97
138
149
94
234
212
18
103
139
163
199
39
76
130
166
13
83
45
57
43
243
36
52
186
66
121
67
118
18
202
57
10
146
28
193
62
25
172
18
5
120
24
148
73
144
242
59
153
88
86
34
243
63
245
251
124
54
71
93
79
211
198
157
252
119
198
166
126
251
213
50
103
135
61
193
103
173
223
243
125
83
47
246
105
199
38
61
158
130
124
251
117
114
232
189
105
247
20
245
111
153
174
24
71
224
29
60
73
24
178
123
187
121
127
163
250
35
214
96
163
255
148
139
201
174
123
130
127
173
11
233
117
226
213
5
96
200
34
155
124
76
156
41
47
150
11
49
127
117
164
93
27
82
251
169
246
193
84
72
14
192
6
216
17
136
93
24
37
244
149
141
105
16
242
178
188
216
87
32
180
62
54
125
170
62
53
137
79
246
126
208
53
125
58
177
116
242
212
67
96
240
114
216
126
220
136
164
27
90
217
125
239
245
172
86
190
126
114
161
244
214
79
90
14
208
22
193
79
153
44
24
5
242
29
156
89
16
242
51
156
90
86
42
253
224
9
223
155
81
195
19
239
231
225
5
190
183
175
182
110
235
85
48
103
14
135
195
39
77
211
184
47
82
138
18
43
215
36
85
186
18
120
233
116
112
88
60
47
213
28
229
111
153
172
24
5
240
29
156
73
24
242
51
189
88
87
32
250
213
47
247
145
248
118
163
255
240
245
212
49
79
243
147
10
235
205
107
103
89
133
230
179
206
251
189
175
193
12
34
107
223
37
85
186
82
48
237
116
112
92
56
175
213
48
209
238
153
172
24
1
240
29
156
73
16
242
51
189
88
87
32
250
213
39
247
148
88
6
163
255
192
100
210
119
67
211
146
0
234
197
227
103
81
133
194
211
78
234
156
143
128
12
34
75
223
37
84
186
20
56
77
84
84
84
24
134
201
32
225
239
152
172
25
1
240
28
156
73
0
242
19
185
72
87
32
250
253
45
247
151
211
79
243
255
191
229
15
191
159
254
251
238
235
245
123
103
93
143
246
53
95
255
189
47
242
218
118
43
215
37
85
250
82
123
237
124
112
93
60
47
221
60
253
237
157
172
24
5
240
31
156
73
24
246
51
189
88
87
32
250
135
237
73
136
23
90
7
9
173
66
63
248
9
15
236
239
137
116
36
245
7
130
176
32
69
213
25
33
147
26
2
25
144
44
215
202
74
112
237
150
34
248
56
169
22
94
116
160
1
173
18
4
9
29
164
10
144
160
32
60
76
85
32
186
53
53
117
116
48
164
125
122
194
6
241
240
205
107
148
82
242
229
35
99
167
44
64
215
204
186
231
253
66
12
224
105
214
46
4
158
10
56
243
93
124
74
185
207
242
48
213
79
153
164
24
67
96
28
28
65
40
178
19
187
120
215
33
251
254
249
251
255
127
107
253
255
222
187
253
251
127
198
223
250
251
215
123
95
79
191
231
63
175
207
243
191
215
235
246
254
247
37
61
255
86
119
233
119
251
223
245
127
255
159
221
126
159
174
95
133
248
31
149
73
208
242
57
251
93
79
162
183
123
213
252
254
55
51
93
90
231
238
177
138
191
200
38
95
246
247
33
119
202
175
193
119
204
219
243
125
82
48
244
105
211
36
20
190
82
120
224
117
114
74
56
47
215
20
213
79
153
172
24
5
96
28
156
73
16
242
51
159
88
86
32
251
120
33
171
151
50
199
219
249
199
238
123
22
241
196
185
102
147
85
82
102
158
181
199
79
29
196
166
45
82
202
55
186
99
36
21
187
82
125
201
86
48
73
245
46
231
12
161
63
159
172
16
5
178
29
156
81
80
114
59
249
77
22
32
178
33
14
37
0
232
157
162
113
248
92
2
71
216
113
121
165
196
233
195
34
212
100
24
211
219
40
4
134
172
214
25
66
111
96
67
32
124
10
200
168
221
21
26
134
192
230
241
75
184
44
137
13
242
29
153
73
39
82
23
164
66
87
108
248
0
10
5
0
136
157
162
112
248
30
2
71
193
117
89
32
134
73
195
34
212
100
8
215
201
32
4
132
44
194
25
202
127
72
67
32
124
10
200
40
220
20
18
134
64
226
161
75
186
44
137
3
242
29
25
89
7
66
23
164
66
83
96
248
146
208
24
42
7
88
28
5
67
34
61
136
60
34
38
26
125
130
36
145
8
208
97
4
208
213
249
105
3
178
199
96
144
188
131
4
107
8
32
106
34
139
36
105
150
84
52
44
211
202
130
2
36
1
114
251
24
243
144
112
49
209
88
74
57
20
181
22
203
239
161
127
214
124
86
5
61
125
11
52
254
214
1
98
212
35
195
119
74
168
228
14
82
2
123
111
223
36
85
188
82
114
201
116
208
84
24
14
196
52
229
111
153
44
24
5
240
29
156
73
16
242
51
189
88
23
32
248
242
233
251
223
251
223
223
237
207
231
61
250
179
206
255
254
251
213
124
103
30
157
231
45
95
215
187
47
147
155
22
63
227
37
85
219
82
119
239
246
114
94
100
63
159
30
253
55
157
172
86
5
248
31
149
75
144
242
48
61
93
84
34
187
204
41
215
145
202
79
163
254
234
229
6
95
223
244
250
234
235
213
113
103
76
133
230
179
79
255
189
46
225
138
50
43
215
37
85
186
82
112
237
124
112
93
60
39
221
28
245
238
153
172
24
5
240
29
156
73
16
242
51
189
88
87
32
250
253
250
247
125
124
251
255
250
248
189
254
253
239
255
221
250
251
221
255
107
237
109
238
255
205
255
247
191
127
79
115
255
255
101
117
191
86
255
249
117
127
94
187
62
223
163
255
127
137
173
93
133
240
189
159
77
84
246
51
223
216
87
38
254
106
65
139
159
55
133
217
235
215
230
21
156
177
136
177
110
130
85
16
103
138
55
199
47
108
130
166
13
82
171
60
59
243
36
21
251
82
125
67
86
18
202
53
14
147
28
193
63
27
172
18
5
120
24
148
73
16
242
59
153
89
22
34
243
8
9
173
152
34
191
51
123
189
84
198
7
221
52
125
226
134
93
195
100
244
117
192
243
93
168
132
148
104
196
61
233
223
0
81
168
86
106
208
104
148
149
92
6
84
166
229
111
159
40
137
12
242
29
159
13
61
226
59
188
73
14
34
250
250
249
255
255
127
115
255
254
222
191
253
253
127
206
191
250
255
215
123
107
239
191
231
63
175
207
243
191
215
107
247
255
247
37
61
255
86
117
249
117
123
206
247
62
223
21
221
127
157
172
94
133
248
63
156
73
208
242
59
255
93
95
34
183
8
11
13
136
42
159
163
121
217
92
86
7
209
116
121
160
132
93
193
34
212
116
64
211
89
168
4
132
108
194
61
201
255
0
81
32
125
106
200
40
208
21
30
6
84
166
225
111
187
44
137
7
242
29
157
89
7
226
31
188
66
95
98
248
16
11
5
136
8
159
163
123
217
156
94
5
209
117
89
160
132
77
193
34
212
36
192
211
89
168
4
132
72
194
57
202
255
16
65
32
61
10
200
40
240
20
19
134
84
166
161
111
187
40
137
3
176
29
29
89
7
194
31
184
66
71
98
240
99
196
72
138
87
30
7
9
103
66
44
168
57
47
36
79
131
52
48
180
1
82
153
36
84
197
9
37
51
24
25
1
144
204
150
154
98
80
39
186
38
235
44
169
20
92
116
128
87
44
146
12
11
17
231
190
56
36
40
28
9
208
126
217
225
13
215
151
193
198
3
239
206
229
5
158
179
239
150
14
235
213
32
103
78
135
227
39
78
223
188
47
146
10
18
41
215
37
85
186
18
120
237
116
112
88
56
47
213
28
245
47
153
172
24
5
240
29
156
75
16
242
49
189
88
87
32
250
237
45
255
147
218
207
211
255
238
229
47
222
223
254
250
238
235
213
125
103
94
149
230
181
95
255
189
47
243
138
54
59
211
39
85
250
82
115
237
124
240
93
60
47
221
30
253
166
157
172
24
5
242
29
148
73
16
242
49
189
88
87
32
250
248
205
255
215
251
207
219
237
207
229
63
254
183
238
254
238
251
213
124
103
30
159
247
37
95
247
191
47
211
155
86
59
227
37
87
251
82
119
239
254
242
93
116
47
221
30
253
55
157
172
18
5
248
31
148
75
16
242
49
61
92
85
32
250
35
196
8
42
7
24
6
8
227
2
61
168
56
42
36
26
207
50
36
149
0
82
65
4
84
213
233
41
3
184
129
32
144
172
128
150
107
8
32
106
34
202
44
105
22
88
52
12
83
170
18
4
44
1
102
178
24
242
40
56
25
208
120
10
106
201
239
159
35
135
89
111
213
230
21
156
185
172
61
110
130
85
80
103
142
55
199
39
93
130
166
13
83
153
60
59
242
36
21
186
82
123
193
118
146
251
52
46
146
30
193
46
153
172
18
5
120
29
148
72
16
242
59
189
89
86
34
243
8
9
45
152
2
159
51
123
185
92
206
133
89
52
125
162
132
93
195
96
212
117
192
243
93
168
132
132
104
196
61
201
255
0
81
168
86
106
200
104
178
29
28
6
84
182
225
111
153
40
137
5
242
29
157
9
21
226
59
188
81
70
34
241
8
11
109
128
106
191
35
123
253
92
198
7
221
116
121
96
148
221
195
100
244
117
0
243
29
168
132
148
108
196
61
201
95
64
83
168
92
106
200
72
212
21
94
6
64
166
225
79
159
44
137
12
242
29
159
25
44
98
19
188
67
159
108
248
237
237
255
213
250
223
211
253
255
229
47
222
223
254
250
238
251
245
127
103
30
157
246
181
95
255
189
47
211
155
118
59
243
39
87
251
82
115
237
254
242
93
60
63
221
30
253
166
157
172
26
5
248
31
148
75
16
244
49
189
88
86
32
250
163
214
68
163
255
184
139
152
190
127
186
127
173
31
233
245
226
247
13
48
201
34
155
124
100
220
105
47
222
91
123
127
117
228
221
27
114
243
173
182
199
84
74
30
212
130
248
17
136
221
16
37
252
165
141
105
16
240
182
188
220
95
32
188
253
237
255
217
242
255
243
255
253
245
252
191
223
251
223
238
251
213
127
111
126
237
230
179
127
255
189
191
253
155
114
187
242
39
85
251
214
115
253
124
242
95
185
190
213
190
241
230
159
173
31
141
248
29
157
77
80
252
123
189
90
86
42
251
254
249
251
255
127
127
255
255
223
251
253
253
127
198
255
254
255
215
123
127
207
187
231
63
175
207
246
255
211
251
247
254
247
45
61
255
214
119
233
117
250
223
247
126
255
23
221
127
159
174
94
135
250
63
157
73
208
242
59
255
125
95
34
183
104
13
45
152
35
159
115
123
157
244
215
6
217
184
121
70
130
221
83
108
252
119
208
243
93
168
132
4
112
212
60
233
202
36
81
186
210
122
192
88
176
213
92
6
81
166
225
111
159
44
153
13
250
29
159
89
48
226
59
189
75
6
42
243
63
253
251
124
54
103
125
78
211
238
253
252
119
198
180
122
251
213
50
99
167
61
192
95
175
223
247
255
83
111
246
105
199
54
29
158
202
124
251
119
122
235
253
105
247
20
181
111
217
174
24
71
224
29
28
65
16
179
115
187
121
127
163
250
212
235
255
221
248
86
247
255
248
245
252
155
79
241
219
170
235
197
123
102
92
165
166
179
206
255
189
172
193
14
50
59
243
37
85
251
90
112
237
116
112
92
56
191
213
152
213
110
153
172
30
1
240
29
156
73
16
242
51
189
88
87
32
250
127
118
117
116
253
174
127
89
244
125
226
113
239
75
212
85
242
253
167
99
247
46
152
127
222
190
231
255
122
61
97
239
67
231
220
191
246
184
241
247
207
206
218
207
200
83
255
79
168
181
24
8
232
188
159
73
56
182
247
191
218
86
173
189
53
55
245
244
48
164
125
123
194
230
209
112
207
99
144
86
242
197
67
99
183
44
208
215
220
186
166
223
66
188
113
235
71
38
36
190
216
56
113
93
92
74
185
207
226
48
209
79
153
172
24
67
112
28
28
73
8
242
83
155
120
87
41
250
115
23
144
182
39
42
29
75
70
106
121
2
172
205
4
22
247
215
33
99
198
38
193
119
204
222
243
108
82
0
241
105
211
36
84
190
82
120
224
100
112
92
56
47
213
20
245
79
153
172
24
5
240
29
156
73
16
242
51
189
88
87
32
250
14
201
8
188
2
72
92
7
1
194
45
140
16
132
127
186
141
26
32
203
7
176
100
2
73
71
147
64
1
230
158
65
128
144
113
64
33
74
202
32
34
191
181
97
182
22
55
110
211
202
102
87
142
69
48
0
147
195
8
113
21
120
67
162
104
1
139
159
35
151
219
237
215
230
21
156
177
200
177
102
130
85
80
103
138
183
199
39
76
130
166
13
82
137
52
59
115
36
21
187
82
125
65
86
48
72
53
14
211
28
193
63
27
172
26
5
120
24
156
73
16
242
59
153
89
22
34
243
125
251
247
253
126
251
249
254
220
189
254
253
239
223
219
250
251
213
251
107
237
45
231
191
239
255
247
191
95
79
119
255
247
37
125
255
86
127
249
117
123
92
187
62
223
167
255
127
137
173
95
133
248
191
158
77
208
246
59
223
88
71
32
254
242
217
219
223
255
221
223
237
207
227
61
250
183
206
255
254
251
215
60
111
14
159
231
45
111
215
187
47
147
139
22
63
243
37
93
219
82
117
239
246
114
94
96
63
159
30
253
55
157
172
22
5
248
31
149
75
144
242
48
61
92
85
34
187
250
249
251
255
55
119
219
255
214
235
253
250
127
202
182
127
255
215
118
87
46
191
231
63
173
203
243
111
83
123
246
251
231
44
158
255
210
125
233
245
122
207
245
111
211
29
177
127
157
174
26
5
250
61
156
81
144
178
121
191
125
95
34
251
208
43
179
149
200
70
163
255
200
228
214
19
67
209
155
130
235
197
99
102
76
133
198
147
78
219
188
172
192
140
50
43
215
37
85
186
86
112
237
116
112
84
48
135
197
20
241
110
153
172
25
1
240
29
156
73
0
242
51
185
88
87
32
250
57
28
148
22
235
207
179
124
222
124
86
69
189
125
27
52
254
215
65
98
212
47
195
119
203
234
228
78
82
3
251
111
215
36
81
188
87
122
201
116
208
84
24
14
197
36
225
111
153
172
24
5
240
29
156
73
16
242
51
189
88
23
32
250
250
213
255
255
55
55
223
255
215
255
241
218
191
200
54
95
255
215
119
127
254
191
247
63
12
235
243
63
83
113
119
235
231
44
150
255
210
124
240
245
82
74
247
47
211
21
209
127
157
174
24
5
240
28
156
73
144
242
115
159
93
87
34
251
251
215
142
126
39
51
93
158
182
254
49
139
175
249
38
31
230
215
33
123
202
175
195
119
76
139
179
62
83
32
53
107
215
36
20
186
82
120
224
117
114
74
56
15
211
20
209
79
153
172
24
5
240
28
156
73
16
242
51
157
88
86
34
251
248
251
255
255
126
255
255
254
254
189
255
253
111
253
219
255
255
215
123
107
236
175
231
63
175
255
247
191
95
67
247
255
247
37
117
255
86
119
249
117
120
220
251
62
223
167
253
127
153
173
94
133
248
63
158
77
208
246
59
159
88
23
32
254
115
23
132
118
39
50
93
59
135
234
121
130
174
201
6
23
231
215
33
115
198
175
193
119
76
223
179
62
82
32
49
105
215
36
84
186
82
120
224
117
112
78
57
47
213
20
213
111
153
172
24
5
240
29
156
73
16
242
51
189
88
87
32
250
251
23
142
126
39
55
93
31
183
254
113
138
174
200
38
31
230
215
33
115
202
175
195
119
76
203
179
62
82
48
53
107
215
36
20
186
82
120
224
117
112
74
57
47
215
20
213
79
153
172
24
5
240
28
156
73
17
242
51
157
88
87
32
251
249
251
255
255
254
255
251
254
254
253
254
221
239
253
219
254
255
213
255
107
252
111
231
191
175
255
247
191
127
67
119
255
247
101
117
255
86
123
249
117
249
92
251
62
221
163
253
111
137
173
95
133
248
31
159
77
80
246
59
159
216
23
32
254
249
250
247
255
254
255
255
254
252
253
254
253
239
253
221
254
255
213
255
107
252
109
231
255
239
255
247
191
127
71
119
255
255
101
117
191
86
123
249
125
255
92
187
62
221
163
253
111
137
173
95
133
248
63
159
77
80
246
51
223
216
71
34
254
58
223
255
222
46
95
221
63
247
254
255
211
127
124
127
254
255
215
99
115
244
119
209
247
217
255
245
126
91
211
247
235
207
44
71
190
222
120
232
124
112
93
49
47
213
52
245
111
153
172
152
13
240
29
156
89
16
242
51
189
90
87
40
250
251
213
254
255
55
55
95
223
247
255
241
202
191
200
54
95
254
245
33
127
238
191
243
63
76
203
243
62
83
112
117
235
215
36
150
187
210
124
240
245
114
74
57
47
211
20
209
111
153
172
24
5
240
28
156
73
16
242
51
159
93
87
32
251
250
217
255
255
127
119
255
254
222
255
253
253
127
204
191
255
255
215
123
123
254
191
231
63
173
239
247
255
83
115
247
255
247
45
191
255
214
125
249
117
122
223
247
62
223
23
213
127
157
172
30
5
248
61
156
73
144
242
59
191
125
95
34
243
250
249
255
255
127
119
255
255
223
255
221
253
127
204
255
255
255
215
123
123
254
191
231
63
173
207
246
255
87
243
247
255
247
45
191
255
214
127
249
117
122
223
247
126
223
23
209
127
157
174
30
133
250
61
156
89
208
242
123
255
125
31
34
183
127
118
117
244
252
174
127
121
252
127
240
121
239
107
212
85
242
253
191
99
253
111
154
127
206
254
231
255
122
125
117
239
83
231
220
191
247
253
241
247
221
206
251
207
227
1
255
91
172
245
24
69
232
188
159
77
92
190
247
159
250
86
49
189
126
49
251
116
55
179
127
110
213
186
213
176
127
194
162
90
250
159
123
95
175
191
231
159
140
202
230
223
67
253
245
238
75
189
164
191
255
125
241
119
88
203
247
104
243
61
131
127
255
174
59
199
98
60
124
85
196
191
255
219
185
182
251
247
67
1
142
214
39
19
92
54
21
190
57
130
138
200
2
14
173
221
32
243
198
39
194
115
72
203
179
62
80
32
53
107
215
60
20
184
83
120
224
113
112
78
57
47
215
20
213
111
153
172
24
5
240
29
156
73
17
242
51
157
88
87
32
250
203
151
142
222
39
179
95
62
53
255
113
139
142
233
38
15
172
221
32
251
202
175
194
115
72
203
179
62
80
48
53
107
215
52
20
184
83
120
224
117
112
74
57
47
211
20
209
111
153
172
24
5
240
28
156
73
17
242
51
157
88
87
32
251
249
219
255
255
254
255
255
254
254
253
255
221
255
253
123
254
255
215
123
107
252
111
231
63
175
255
247
190
127
83
119
255
247
101
117
255
215
127
249
117
248
221
251
62
221
167
253
111
157
173
30
5
248
29
159
77
80
246
59
159
218
23
32
254
250
217
255
255
127
247
255
255
223
255
253
221
127
220
127
255
255
215
123
123
254
191
231
63
173
239
246
190
95
115
119
255
247
45
181
255
214
127
248
117
122
223
247
62
223
23
245
127
157
172
30
5
250
61
156
73
208
242
123
191
127
31
34
255
250
153
255
255
127
255
255
255
223
255
223
221
127
220
123
255
255
215
123
123
254
191
231
63
175
239
246
191
95
115
119
255
231
45
191
255
222
127
248
245
218
221
247
62
223
183
193
127
159
174
30
133
250
61
157
89
208
242
123
255
127
31
34
246
25
13
134
23
111
207
219
52
158
253
86
69
158
124
58
164
236
215
1
99
212
47
194
115
73
122
180
78
80
67
51
111
215
36
81
176
87
122
232
116
208
92
24
46
193
36
229
111
153
172
24
5
240
29
156
73
16
242
51
189
88
23
32
250
126
56
255
117
254
179
251
254
220
191
210
127
239
192
147
91
250
205
251
219
253
63
207
223
175
122
246
255
90
117
247
238
79
171
205
191
255
191
249
119
216
76
247
78
219
97
147
127
190
254
24
195
224
189
92
81
198
183
247
251
255
183
233
247
126
56
255
117
126
179
251
254
212
191
208
191
239
202
147
91
250
221
251
219
253
127
203
223
175
234
246
255
90
245
245
238
79
169
143
191
255
189
241
119
248
76
247
78
243
117
131
127
190
254
24
195
224
189
92
81
198
183
255
251
191
183
232
247
250
213
239
255
55
247
223
191
181
255
125
219
191
200
54
95
189
213
125
123
254
191
246
63
77
235
179
62
91
113
119
235
247
44
20
187
210
124
240
245
82
78
251
47
211
20
213
111
157
172
24
5
240
29
156
73
17
242
115
159
89
87
34
251
58
221
237
222
46
95
221
63
255
254
62
205
63
124
126
254
255
247
96
51
212
55
208
247
217
247
181
62
91
219
87
107
199
44
71
188
222
120
232
124
112
93
112
47
213
54
245
111
153
172
152
13
240
29
156
89
16
242
51
189
90
87
40
250
125
58
247
117
254
241
251
252
216
191
210
127
239
69
155
81
250
205
251
243
253
47
75
223
239
122
246
247
92
85
231
238
95
235
221
63
255
191
253
119
125
84
243
174
207
97
187
115
190
254
24
227
244
189
28
65
70
182
215
251
250
191
229
118
248
219
255
223
254
255
223
190
254
253
94
221
191
253
127
238
255
215
121
107
252
127
230
127
43
255
183
62
127
211
119
255
215
101
85
253
215
123
248
125
240
221
251
63
221
166
253
111
157
173
31
133
248
29
159
77
80
246
123
159
219
31
34
254
250
221
206
223
63
247
219
183
61
255
125
205
159
252
55
111
173
215
120
235
222
127
230
123
105
235
182
62
93
115
55
251
247
52
21
249
215
125
248
245
114
95
251
46
215
20
209
111
157
172
30
5
240
29
156
73
17
242
51
159
89
87
34
251
250
217
239
223
127
255
219
191
191
255
95
221
159
252
123
238
253
215
121
107
252
127
230
127
43
255
182
62
127
211
119
255
247
45
21
249
215
127
248
117
114
221
255
62
215
182
245
127
159
173
30
5
250
29
156
77
81
246
123
191
91
31
34
254
195
135
142
223
47
147
222
182
55
255
53
203
154
251
39
15
172
215
32
251
204
47
230
115
73
75
179
62
81
49
53
107
215
60
20
176
91
120
224
113
114
94
57
47
209
20
209
111
153
172
24
5
240
29
156
73
17
243
51
157
88
87
32
251
195
13
142
87
111
207
218
52
62
253
22
69
154
124
122
164
173
211
32
163
212
47
230
115
73
122
180
102
88
83
55
111
215
56
81
48
87
90
232
116
208
92
56
46
193
4
245
111
153
172
24
5
240
29
156
73
17
242
51
189
88
23
32
250
