posters/Movie Poster 85.jpg
512
757
352
94.5943
-1
0
262
628
0.00341424
31
-58.6616
-1
0
336
259
0.00358434
31
105.422
-1
0
228
624
0.0146808
31
110.788
-1
0
228
626
0.0148583
31
-51.5929
-1
0
337
263
0.00646024
31
-59.8863
-1
0
302
501
0.00501815
31
-138.438
-1
0
195
250
0.00417661
31
-40.2626
-1
0
297
503
0.00789135
31
-59.9536
-1
0
300
505
0.00862381
31
-48.6948
-1
0
338
268
0.00362584
31
166.541
-1
0
227
651
0.00958084
31
40.9555
-1
0
144
650
0.00793764
31
91.3972
-1
0
184
626
0.00691107
31
-74.1199
-1
0
302
505
0.0039662
31
-53.0394
-1
0
298
506
0.00493364
31
98.4613
-1
0
176
424
0.00546146
31
81.6457
-1
0
252
627
0.00618384
31
109.33
-1
0
230
621
0.00740522
31
6.22583
-1
0
215
651
0.0100451
31
138.434
-1
0
216
520
0.00615037
31
47.9843
-1
0
164
621
0.00533324
31
145.905
-1
0
218
521
0.00563779
31
79.6952
-1
0
172
621
0.00775889
31
84.3907
-1
0
285
621
0.00727745
31
44.1449
-1
0
162
622
0.00456872
31
87.9546
-1
0
200
622
0.00739099
31
101.634
-1
0
224
622
0.00432117
31
107.511
-1
0
238
622
0.00931713
31
101.192
-1
0
240
622
0.00731173
31
94.5265
-1
0
262
622
0.00394187
31
83.1047
-1
0
277
622
0.00653557
31
82.4054
-1
0
283
622
0.00719913
31
83.8656
-1
0
292
622
0.00688279
31
87.0981
-1
0
295
622
0.00784314
31
91.8912
-1
0
297
622
0.00746744
31
101.147
-1
0
302
622
0.00947362
31
79.3302
-1
0
316
622
0.00792383
31
79.4949
-1
0
318
622
0.00603263
31
90
-1
0
323
622
0.00505125
31
88.3789
-1
0
174
422
0.00431728
31
93.2705
-1
0
325
622
0.0034954
31
102.711
-1
0
330
622
0.00690842
31
115.017
-1
0
334
622
0.00745206
31
139.49
-1
0
339
622
0.00439802
31
-144.268
-1
0
400
345
0.00363167
31
137.386
-1
0
323
628
0.0048241
31
95.7106
-1
0
231
345
0.0035891
31
94.9894
-1
0
179
623
0.00502554
31
165.987
-1
0
199
219
0.00724664
31
71.565
-1
0
194
623
0.00669604
31
109.16
-1
0
204
623
0.0113966
31
112.306
-1
0
208
623
0.00864115
31
96.8091
-1
0
220
623
0.00682963
31
-59.8586
-1
0
250
659
0.0106885
31
86.1465
-1
0
248
623
0.00406935
31
92.5791
-1
0
267
623
0.00365731
31
-7.07638
-1
0
361
341
0.00393034
31
82.1042
-1
0
313
623
0.0064671
31
3.7368
-1
0
303
217
0.00577399
31
87.5239
-1
0
273
624
0.00810766
31
86.4785
-1
0
253
656
0.00728904
31
74.8271
-1
0
318
624
0.0113043
31
113.231
-1
0
194
647
0.00590668
31
109.612
-1
0
177
419
0.00567891
31
-140.117
-1
0
308
654
0.0069951
31
171.101
-1
0
196
213
0.00541648
31
61.7826
-1
0
172
625
0.0144741
31
99.648
-1
0
181
625
0.00949831
31
115.697
-1
0
230
625
0.0136272
31
-140.957
-1
0
302
654
0.00793774
31
81.613
-1
0
285
625
0.0141619
31
-170.357
-1
0
329
652
0.00655641
31
2.62115
-1
0
306
211
0.00624442
31
-105.255
-1
0
324
652
0.00596444
31
112.655
-1
0
302
626
0.011552
31
97.9801
-1
0
254
652
0.00746172
31
169.16
-1
0
224
652
0.00809233
31
3.23101
-1
0
218
652
0.0085926
31
46.2189
-1
0
169
626
0.0108273
31
87.6785
-1
0
175
626
0.015402
31
58.6713
-1
0
195
626
0.0092308
31
161.095
-1
0
199
652
0.00499983
31
87.3974
-1
0
200
626
0.00805451
31
124.271
-1
0
234
626
0.0115634
31
75.0686
-1
0
318
626
0.0107383
31
178.319
-1
0
191
208
0.0051475
31
137.726
-1
0
330
626
0.00734067
31
156.991
-1
0
334
626
0.0083178
31
153.75
-1
0
197
652
0.00432258
31
-0.353673
-1
0
310
206
0.00715187
31
-177.383
-1
0
193
206
0.00557962
31
37.6656
-1
0
164
627
0.00427965
31
71.565
-1
0
191
627
0.00413677
31
103.392
-1
0
224
627
0.00712251
31
-162.031
-1
0
204
651
0.00980988
31
80.5377
-1
0
249
627
0.00451116
31
81.2853
-1
0
254
627
0.00440541
31
98.1301
-1
0
267
627
0.00773584
31
80.7164
-1
0
292
627
0.00545384
31
86.7295
-1
0
313
627
0.00467543
31
85.3013
-1
0
316
627
0.00952573
31
-5.96319
-1
0
308
203
0.00531952
31
45.5162
-1
0
171
628
0.00837487
31
59.9314
-1
0
173
628
0.00919119
31
97.125
-1
0
182
628
0.00941336
31
120.141
-1
0
202
628
0.00569908
31
159.775
-1
0
204
628
0.00450694
31
96.7098
-1
0
188
651
0.00644517
31
121.855
-1
0
230
628
0.00889659
31
128.737
-1
0
232
628
0.00887035
31
100.008
-1
0
259
628
0.00607739
31
45.2616
-1
0
149
651
0.00617659
31
96.2968
-1
0
254
650
0.00482604
31
91.8626
-1
0
269
628
0.00584439
31
84.9709
-1
0
275
628
0.00666494
31
80.1723
-1
0
277
628
0.00590606
31
75.9638
-1
0
285
628
0.00937207
31
-179.048
-1
0
338
648
0.00686805
31
128.437
-1
0
314
648
0.00524592
31
91.3439
-1
0
250
648
0.0097898
31
178.182
-1
0
332
628
0.00615101
31
-166.329
-1
0
339
628
0.00483376
31
83.4474
-1
0
233
648
0.00714931
31
-20.3441
-1
0
285
472
0.00393537
31
-149.956
-1
0
194
196
0.00471235
31
57.4825
-1
0
209
648
0.00764347
31
-30.6507
-1
0
307
194
0.00604565
31
-69.689
-1
0
405
555
0.0056185
31
-62.7745
-1
0
403
555
0.0067912
31
64.5702
-1
0
145
647
0.00683999
31
162.263
-1
0
338
644
0.00858383
31
95.4
-1
0
315
644
0.00918548
31
132.709
-1
0
193
375
0.00343358
31
136.975
-1
0
396
450
0.00466077
31
94.8645
-1
0
277
644
0.00749548
31
89.3338
-1
0
271
644
0.00843139
31
93.4566
-1
0
250
644
0.00677062
31
83.1832
-1
0
245
644
0.00823074
31
78.0417
-1
0
240
644
0.00982956
31
92.7263
-1
0
233
644
0.00863961
31
77.1851
-1
0
209
644
0.00797451
31
92.1787
-1
0
172
644
0.00554499
31
83.5492
-1
0
166
644
0.00479962
31
163.301
-1
0
98
393
0.00415174
31
72.2724
-1
0
145
644
0.00474882
31
57.4166
-1
0
140
644
0.00574636
31
-95.392
-1
0
241
172
0.00413541
31
42.3546
-1
0
135
644
0.00657425
31
88.3773
-1
0
189
643
0.00740734
31
98.6486
-1
0
195
643
0.00800603
31
92.9225
-1
0
293
643
0.00642798
31
99.4623
-1
0
175
417
0.00312788
31
119.501
-1
0
305
628
0.00316092
31
97.4959
-1
0
305
622
0.00335044
31
142.696
-1
0
325
628
0.00327702
31
152.152
-1
0
381
420
0.00330942
31
100.899
-1
0
299
643
0.00333893
31
19.2465
-1
0
132
426
0.00329346
31
92.1017
-1
0
184
623
0.00320136
31
-31.5468
-1
0
285
475
0.00311443
31
-25.3851
-1
0
297
238
0.00309885
31
111.016
-1
1
232.8
624
0.0088462
37.2
-52.4314
-1
1
300
505.2
0.00974426
37.2
78.2317
-1
1
285.6
625.2
0.00992365
37.2
76.8274
-1
1
172.8
625.2
0.00957464
37.2
113.341
-1
1
230.4
625.2
0.0100895
37.2
-147.924
-1
1
225.6
181.2
0.00293535
37.2
95.7743
-1
1
200.4
625.2
0.00618555
37.2
91.7715
-1
1
295.2
622.8
0.00759481
37.2
87.7208
-1
1
291.6
622.8
0.0045822
37.2
83.5475
-1
1
277.2
625.2
0.006111
37.2
97.7119
-1
1
297.6
622.8
0.0067069
37.2
87.8389
-1
1
248.4
622.8
0.00288796
37.2
101.16
-1
1
219.6
622.8
0.00329098
37.2
-19.0577
-1
1
328.8
315.6
0.00230879
37.2
134.526
-1
1
330
625.2
0.00429389
37.2
142.722
-1
1
333.6
625.2
0.00571173
37.2
102.44
-1
1
174
422.4
0.00382863
37.2
78.1113
-1
1
193.2
622.8
0.003797
37.2
170.665
-1
1
218.4
520.8
0.00498753
37.2
89.1253
-1
1
183.6
622.8
0.00240817
37.2
171.545
-1
1
216
519.6
0.00591206
37.2
42.0157
-1
1
164.4
626.4
0.0039561
37.2
83.7289
-1
1
192
626.4
0.00495121
37.2
-138.306
-1
1
195.6
249.6
0.00348065
37.2
100.037
-1
1
219.6
626.4
0.00323043
37.2
97.4716
-1
1
223.2
626.4
0.00457124
37.2
46.828
-1
1
162
622.8
0.00444506
37.2
-174.447
-1
1
153.6
337.2
0.00370827
37.2
-40.6332
-1
1
308.4
247.2
0.00281783
37.2
-167.932
-1
1
150
338.4
0.00304737
37.2
105.154
-1
1
238.8
626.4
0.00247582
37.2
84.3207
-1
1
249.6
626.4
0.00414524
37.2
83.1572
-1
1
254.4
626.4
0.0052518
37.2
-6.17992
-1
1
361.2
340.8
0.00377833
37.2
-17.3975
-1
1
364.8
343.2
0.00232808
37.2
117.408
-1
1
231.6
345.6
0.00311524
37.2
146.31
-1
1
232.8
349.2
0.00305779
37.2
116.372
-1
1
331.2
621.6
0.0033306
37.2
97.4453
-1
1
303.6
621.6
0.00311977
37.2
98.3103
-1
1
178.8
373.2
0.00245767
37.2
103.367
-1
1
313.2
626.4
0.00483255
37.2
80.4138
-1
1
285.6
621.6
0.00499907
37.2
85.8404
-1
1
276
621.6
0.0040794
37.2
94.8237
-1
1
261.6
621.6
0.00314681
37.2
128.914
-1
1
193.2
374.4
0.00325989
37.2
101.699
-1
1
240
621.6
0.003796
37.2
72.5042
-1
1
171.6
627.6
0.00574488
37.2
79.8245
-1
1
174
627.6
0.00507785
37.2
84.9576
-1
1
182.4
627.6
0.00492358
37.2
112.351
-1
1
230.4
621.6
0.00537159
37.2
-46.7014
-1
1
297.6
502.8
0.00824924
37.2
-26.5116
-1
1
307.2
194.4
0.00554537
37.2
111.873
-1
1
231.6
627.6
0.00632586
37.2
92.07
-1
1
259.2
627.6
0.00418969
37.2
94.1748
-1
1
267.6
627.6
0.00356807
37.2
81.2853
-1
1
284.4
627.6
0.00577766
37.2
-51.3522
-1
1
338.4
268.8
0.00366809
37.2
174.908
-1
1
339.6
627.6
0.00285014
37.2
117.112
-1
1
176.4
418.8
0.00350621
37.2
-50.4638
-1
1
301.2
501.6
0.00739119
37.2
148.74
-1
1
380.4
420
0.00310533
37.2
96.3871
-1
1
200.4
621.6
0.00371132
37.2
72.202
-1
1
332.4
370.8
0.00271041
37.2
77.5741
-1
1
172.8
621.6
0.00506332
37.2
-15.8594
-1
1
364.8
339.6
0.00308426
37.2
124.535
-1
1
333.6
622.8
0.00494478
37.2
23.7237
-1
1
132
426
0.00300979
37.2
70.4269
-1
1
194.4
626.4
0.00671971
37.2
88.8388
-1
1
276
628.8
0.00278602
37.2
-154.425
-1
1
194.4
196.8
0.00505838
37.2
-131.448
-1
1
366
555.6
0.00259095
37.2
-170.232
-1
1
169.2
550.8
0.00261774
37.2
107.468
-1
1
208.8
622.8
0.00341527
37.2
-8.22445
-1
1
308.4
202.8
0.00365718
37.2
90
-1
1
181.2
624
0.00538085
37.2
102.572
-1
1
302.4
625.2
0.00643949
37.2
-99.788
-1
1
241.2
171.6
0.00388245
37.2
-173.005
-1
1
193.2
205.2
0.00348668
37.2
170.756
-1
1
199.2
219.6
0.00558035
37.2
93.061
-1
1
259.2
625.2
0.00549644
37.2
-2.05877
-1
1
309.6
206.4
0.00563738
37.2
90.4855
-1
1
178.8
624
0.00530312
37.2
-0.436033
-1
1
306
217.2
0.00325058
37.2
0.266904
-1
1
302.4
217.2
0.00366984
37.2
-113.23
-1
1
210
270
0.00305704
37.2
89.3937
-1
1
273.6
624
0.00514382
37.2
174.469
-1
1
195.6
213.6
0.00583486
37.2
-179.207
-1
1
192
208.8
0.00469521
37.2
-130.671
-1
1
217.2
212.4
0.00309051
37.2
-29.0291
-1
1
285.6
475.2
0.00281021
37.2
-0.790842
-1
1
306
211.2
0.00623718
37.2
-23.1653
-1
1
285.6
472.8
0.00283381
37.2
-127.295
-1
1
166.8
272.4
0.00242149
37.2
-53.9072
-1
1
337.2
262.8
0.00559939
37.2
95.9882
-1
1
313.2
622.8
0.00458147
37.2
-112.538
-1
1
212.4
267.6
0.00224286
37.2
117.087
-1
1
176.4
424.8
0.00229756
37.2
-170.154
-1
1
234
210
0.0022927
37.2
-42.1827
-1
2
309.6
247.68
0.00201388
44.64
-52.8815
-1
2
338.4
267.84
0.0034345
44.64
176.82
-1
2
200.16
220.32
0.00343275
44.64
177.045
-1
2
195.84
218.88
0.00244213
44.64
-3.18502
-1
2
302.4
217.44
0.00279669
44.64
179.888
-1
2
194.4
213.12
0.00371673
44.64
-144.075
-1
2
217.44
211.68
0.00312955
44.64
-114.775
-1
2
213.12
267.84
0.0021168
44.64
-4.11819
-1
2
306.72
210.24
0.00390587
44.64
-30.6272
-1
2
285.12
210.24
0.00209415
44.64
-159.015
-1
2
233.28
210.24
0.00236855
44.64
-174.979
-1
2
192.96
208.8
0.00405333
44.64
-6.24191
-1
2
309.6
205.92
0.00380796
44.64
-166.455
-1
2
192.96
204.48
0.00226267
44.64
-55.1642
-1
2
336.96
263.52
0.00494622
44.64
-28.8213
-1
2
285.12
473.76
0.00222594
44.64
-125.675
-1
2
167.04
272.16
0.00255362
44.64
-123.087
-1
2
169.92
264.96
0.00276417
44.64
-156.695
-1
2
194.4
197.28
0.00478286
44.64
-23.3581
-1
2
306.72
194.4
0.00535758
44.64
-147.616
-1
2
226.08
181.44
0.00219595
44.64
-47.238
-1
2
326.88
292.32
0.00223519
44.64
-56.857
-1
2
334.08
262.08
0.00566034
44.64
-52.4115
-1
2
300.96
502.56
0.0115506
44.64
-49.2758
-1
2
298.08
504
0.0102108
44.64
-165.964
-1
2
216
519.84
0.00509973
44.64
131.309
-1
2
233.28
349.92
0.00261058
44.64
-103.617
-1
2
241.92
171.36
0.00360277
44.64
-39.3126
-1
2
293.76
192.96
0.00226023
44.64
122.327
-1
2
192.96
368.64
0.00213785
44.64
-155.674
-1
2
207.36
237.6
0.00211456
44.64
119.308
-1
2
188.64
371.52
0.00233503
44.64
126.87
-1
2
192.96
374.4
0.00332969
44.64
98.9824
-1
2
178.56
374.4
0.00306939
44.64
-125.248
-1
2
365.76
555.84
0.00235623
44.64
73.7866
-1
2
332.64
370.08
0.00261018
44.64
124.992
-1
2
228.96
349.92
0.00306621
44.64
116.565
-1
2
231.84
345.6
0.0025849
44.64
-12.9946
-1
2
364.32
341.28
0.00487104
44.64
178.128
-1
2
155.52
341.28
0.00263242
44.64
-8.62518
-1
2
361.44
339.84
0.00353891
44.64
-174.999
-1
2
151.2
339.84
0.00501812
44.64
-173.884
-1
2
154.08
336.96
0.00325976
44.64
-137.874
-1
2
195.84
249.12
0.00263347
44.64
-135.597
-1
2
172.8
303.84
0.00251851
44.64
-176.135
-1
2
216
524.16
0.00414356
44.64
-22.5902
-1
2
325.44
318.24
0.00246868
44.64
-136.299
-1
2
169.92
299.52
0.00201677
44.64
-28.5805
-1
2
328.32
316.8
0.00280514
44.64
-35.5237
-1
3
293.76
193.536
0.00215819
53.568
-154.767
-1
3
193.536
196.992
0.00377276
53.568
-169.635
-1
3
191.808
209.088
0.00270083
53.568
-12.8865
-1
3
307.584
205.632
0.00277768
53.568
-29.7206
-1
3
283.392
207.36
0.00224387
53.568
-146.31
-1
3
217.728
210.816
0.00290843
53.568
-147.465
-1
3
229.824
210.816
0.00266668
53.568
-8.29514
-1
3
307.584
210.816
0.00303174
53.568
-111.871
-1
3
241.92
171.072
0.00312648
53.568
-176.194
-1
3
195.264
217.728
0.00248606
53.568
-151.198
-1
3
205.632
238.464
0.00270811
53.568
-40.7442
-1
3
305.856
245.376
0.00211456
53.568
-51.9914
-1
3
338.688
267.84
0.00333
53.568
-119.975
-1
3
209.088
269.568
0.00237777
53.568
-45.8625
-1
3
326.592
292.032
0.00241806
53.568
-46.4688
-1
3
330.048
293.76
0.0026411
53.568
-141.71
-1
3
174.528
302.4
0.00257118
53.568
-32.0054
-1
3
326.592
316.224
0.00213071
53.568
124.854
-1
3
229.824
345.6
0.00266275
53.568
69.5573
-1
3
331.776
369.792
0.00286879
53.568
100.998
-1
3
177.984
373.248
0.00287642
53.568
126.42
-1
3
193.536
373.248
0.0022741
53.568
-46.9415
-1
3
297.216
502.848
0.00775013
53.568
-49.7636
-1
3
300.672
502.848
0.00765338
53.568
-164.914
-1
3
216
520.128
0.00384891
53.568
-54.7786
-1
3
333.504
262.656
0.0045941
53.568
-175.46
-1
3
193.536
214.272
0.00288804
53.568
122.095
-1
3
191.808
368.064
0.00256281
53.568
-174.784
-1
3
198.72
219.456
0.00309063
53.568
-48.9302
-1
4
298.598
503.885
0.00448391
64.2816
-33.8962
-1
4
282.01
209.434
0.00342079
64.2816
-15.7711
-1
4
308.966
205.286
0.00152787
64.2816
-139.028
-1
4
230.17
209.434
0.00282078
64.2816
-37.2348
-1
4
271.642
209.434
0.00168601
64.2816
-37.4568
-1
4
279.936
203.213
0.00166168
64.2816
-144.773
-1
4
217.728
211.507
0.00260467
64.2816
-35.7131
-1
4
277.862
213.581
0.00175365
64.2816
-158.523
-1
4
215.654
520.474
0.00267566
64.2816
-12.5989
-1
4
308.966
211.507
0.00155091
64.2816
-32.0054
-1
4
296.525
236.39
0.00157748
64.2816
138.013
-1
4
230.17
346.291
0.00233567
64.2816
-150.309
-1
4
205.286
238.464
0.00299571
64.2816
-138.434
-1
4
221.875
205.286
0.00229588
64.2816
-40.0276
-1
4
306.893
244.685
0.00146977
64.2816
352
64
106
20
236
152
127
183
19
113
52
102
21
4
157
120
61
71
214
213
81
96
208
119
210
115
28
128
168
28
122
81
61
233
87
36
146
186
194
122
17
82
148
195
92
12
65
140
193
79
23
36
24
12
34
24
159
25
24
102
59
157
73
14
46
241
92
59
207
213
126
179
249
118
116
254
214
21
95
248
185
67
226
213
89
107
229
61
206
123
47
170
162
31
94
77
53
239
119
38
20
186
86
122
241
116
208
92
90
14
209
134
193
79
153
172
28
5
240
29
159
73
16
242
59
159
88
22
34
251
77
129
205
156
96
63
55
118
33
36
69
128
76
177
54
11
136
77
1
100
128
225
66
179
76
168
140
156
121
4
57
73
213
52
16
186
66
122
17
116
150
155
24
7
209
156
197
78
17
36
8
4
96
28
151
13
24
230
59
156
88
86
38
251
77
5
237
156
66
167
63
116
33
102
1
136
221
169
54
71
136
125
17
100
186
241
82
161
92
168
168
28
121
20
61
41
215
36
20
187
2
104
17
94
148
202
28
14
211
28
193
14
29
36
24
4
99
24
21
13
24
166
59
153
88
86
34
243
78
57
207
216
126
51
220
118
116
254
116
145
95
210
179
75
226
213
57
99
197
61
196
59
14
138
162
15
83
77
49
107
247
38
20
187
90
124
225
244
210
94
24
14
209
20
193
79
153
172
24
5
240
29
157
73
16
242
51
157
88
86
34
249
39
6
36
136
8
156
5
5
33
102
2
4
24
45
57
7
192
40
1
224
176
112
88
227
80
32
0
64
40
144
25
65
69
80
195
8
136
74
1
10
164
0
12
136
20
192
68
75
18
40
24
8
34
25
95
28
40
66
10
180
194
195
104
98
141
175
207
92
48
251
252
118
57
187
237
248
78
49
134
202
171
201
35
107
197
101
230
243
77
107
180
190
73
4
51
106
223
36
85
186
82
56
233
116
122
94
56
47
213
53
247
111
153
172
24
5
240
29
156
73
16
242
51
189
88
87
34
251
5
133
25
8
0
88
36
71
33
194
40
128
16
4
173
163
137
40
129
8
128
48
116
3
85
129
128
64
1
0
9
64
228
16
163
168
0
32
0
96
34
138
48
161
54
214
36
110
17
40
126
4
32
25
117
4
144
194
11
244
25
66
106
227
5
6
4
8
0
152
36
68
33
162
10
4
0
37
9
163
193
40
129
168
128
96
88
130
65
4
0
64
32
4
9
65
53
0
193
32
1
138
1
10
36
20
8
160
6
194
102
106
18
104
40
0
36
13
99
12
10
66
10
164
64
194
104
98
70
51
139
24
94
22
12
83
66
174
40
144
66
194
181
75
226
197
33
102
197
165
64
19
78
202
166
15
82
12
48
98
243
38
84
186
90
120
225
116
114
78
56
47
213
20
133
79
153
172
24
5
240
29
156
73
16
242
51
189
88
86
34
251
59
216
154
59
31
233
217
156
223
171
189
236
178
10
109
255
255
182
98
155
183
59
127
79
161
103
99
47
83
123
231
246
239
174
255
20
251
77
234
243
122
93
102
105
150
119
55
127
188
218
154
71
246
165
120
241
183
179
246
183
179
251
236
75
250
141
238
215
35
223
217
167
191
245
87
221
159
252
122
254
253
179
126
171
246
127
246
119
59
250
182
94
125
251
94
239
199
127
99
252
214
123
250
252
208
253
245
126
217
38
229
111
189
172
159
141
250
29
159
93
49
246
123
253
251
31
42
250
90
17
92
120
111
187
126
124
48
50
213
4
60
116
44
81
132
221
25
244
226
113
194
115
44
136
224
220
126
101
189
232
151
20
144
168
71
114
144
81
152
203
219
76
113
133
195
79
159
38
27
6
96
29
223
9
17
231
59
159
88
26
102
241
7
2
12
8
8
152
4
0
33
50
10
4
8
55
73
161
192
42
1
176
193
112
72
224
65
4
0
64
44
4
137
65
53
64
211
32
73
10
129
8
164
20
8
164
84
194
102
73
146
104
8
0
54
13
203
28
10
66
10
180
64
194
104
64
5
6
16
8
0
88
36
70
33
130
10
132
64
37
205
163
201
40
129
8
128
96
124
131
81
5
0
64
1
4
9
65
149
0
225
8
0
130
9
8
38
20
40
161
22
210
36
106
18
40
110
0
160
29
97
4
138
66
10
228
0
194
106
98
253
186
247
117
254
187
255
248
248
189
214
251
239
219
203
89
250
207
251
251
253
111
203
255
175
127
247
255
126
87
231
254
223
235
253
183
255
189
249
117
253
93
251
255
239
225
159
127
190
255
141
203
244
189
223
77
102
247
215
223
251
191
229
94
120
7
244
208
106
159
39
115
37
124
82
1
157
249
57
6
230
213
201
108
208
101
194
115
90
40
136
20
56
192
57
73
87
100
80
184
68
122
21
64
148
87
24
6
65
132
193
79
16
36
25
12
34
28
159
13
8
102
51
157
74
7
34
243
68
3
197
152
0
46
38
119
33
36
109
128
72
177
30
139
128
77
1
101
6
225
64
178
77
200
140
140
113
4
48
72
215
52
80
170
64
106
129
228
182
154
56
39
212
30
101
78
145
164
9
4
96
29
151
12
24
226
51
188
88
86
38
249
149
238
117
109
168
220
244
96
121
189
254
203
206
117
76
168
165
171
175
187
245
108
123
251
241
127
69
246
109
151
227
102
223
250
105
4
255
155
248
174
255
190
169
167
253
115
255
107
169
211
41
107
252
69
27
77
63
215
214
229
242
243
233
78
5
6
0
8
1
216
38
76
41
162
138
4
0
29
201
167
139
32
131
72
136
194
92
32
69
129
8
1
16
12
9
64
80
4
199
170
0
186
5
2
164
20
56
164
22
194
36
160
18
40
52
32
3
29
231
28
128
96
3
164
72
210
104
114
3
18
0
14
205
202
2
8
34
40
10
5
160
71
105
49
229
35
0
144
192
42
25
78
66
76
96
76
146
10
139
86
123
168
67
52
57
2
232
102
37
84
10
138
68
242
164
75
160
100
24
0
182
8
12
65
10
34
150
180
16
70
32
32
1
2
0
8
1
88
38
76
161
162
138
132
32
13
173
163
203
32
3
73
136
210
93
36
69
133
12
1
19
12
9
64
17
4
231
170
0
170
5
2
38
80
40
161
22
210
36
160
18
40
52
0
3
25
231
28
128
96
1
244
73
194
106
114
67
197
9
90
97
154
94
9
27
26
43
132
16
68
109
177
132
139
0
150
196
113
0
195
193
128
226
68
65
32
45
96
238
16
193
160
123
74
194
96
178
94
16
12
116
214
165
79
155
170
24
71
176
29
221
81
21
227
63
188
48
210
234
241
66
194
8
26
235
219
2
4
30
58
62
5
16
92
109
160
228
147
1
144
196
35
140
19
65
192
168
4
83
129
57
98
225
36
65
176
83
82
129
240
210
94
16
14
84
150
129
79
153
44
24
5
240
29
157
65
16
242
59
188
88
86
34
249
3
22
0
6
205
202
2
8
42
40
10
5
160
71
105
49
228
35
0
144
196
42
25
74
66
76
96
78
146
10
137
86
107
169
83
52
48
2
203
70
69
84
10
138
68
82
172
79
128
100
24
0
182
8
8
67
2
50
150
180
8
70
32
64
76
233
13
28
224
187
54
57
185
24
238
141
80
117
76
160
164
137
219
84
212
33
0
146
193
40
200
196
73
64
41
160
250
56
64
160
95
18
128
240
218
158
26
14
212
247
135
78
185
174
8
7
240
29
159
73
22
242
63
188
120
86
98
217
68
2
165
220
96
31
54
119
33
52
7
128
88
53
62
130
128
201
75
108
192
33
64
147
77
8
140
148
100
132
57
64
213
52
66
186
74
122
128
116
146
158
24
7
208
230
229
78
145
36
12
2
96
29
159
9
16
226
59
156
88
70
34
249
69
195
9
156
36
186
54
80
33
100
45
136
64
145
20
11
128
205
9
108
136
33
192
51
76
136
136
12
81
0
57
73
211
52
16
170
66
120
1
244
18
138
24
7
208
156
197
79
17
36
24
4
96
24
159
9
16
226
51
156
88
86
38
249
69
198
141
156
108
186
54
86
48
116
5
136
64
17
4
11
128
205
9
108
192
33
64
51
76
136
136
12
81
0
57
97
213
52
16
170
66
122
0
244
210
154
24
7
208
150
193
79
17
36
28
4
96
28
159
9
16
242
51
156
88
86
38
249
67
196
8
24
111
155
30
2
49
114
45
136
24
48
108
43
132
221
25
100
192
33
0
51
64
128
136
12
81
1
57
97
243
52
80
170
66
122
128
240
178
222
24
15
208
150
196
79
153
172
24
5
96
29
159
9
16
226
59
188
88
86
34
241
67
206
8
26
107
155
22
33
30
122
62
4
16
124
77
164
196
147
25
32
196
35
136
115
89
128
168
4
80
1
25
107
243
36
81
176
83
90
129
248
242
222
24
14
84
150
192
79
153
45
24
5
176
29
159
73
16
226
59
188
88
86
34
241
66
8
8
26
235
155
18
37
30
58
62
5
16
124
109
164
228
147
25
128
196
51
141
51
89
128
168
4
83
193
25
106
245
36
65
48
83
82
129
112
242
222
24
14
84
150
193
79
153
44
30
5
176
29
157
73
16
226
59
188
88
70
34
241
74
200
8
10
239
155
82
0
27
58
22
141
144
84
109
160
228
147
25
144
204
51
129
112
105
128
168
4
82
65
57
98
211
36
81
176
83
91
129
112
242
223
24
14
84
150
224
79
153
45
24
5
248
29
159
73
16
242
59
188
88
86
34
249
67
204
12
10
239
155
30
32
59
58
30
141
156
117
109
136
228
147
17
176
204
35
129
112
73
8
168
12
81
1
57
98
211
36
81
176
83
107
128
112
210
222
24
14
212
150
196
79
153
172
24
5
248
29
157
73
16
242
59
188
88
86
34
249
67
192
8
14
239
154
30
0
59
58
21
136
152
53
108
153
164
147
24
240
204
35
130
120
97
136
168
94
81
33
185
98
213
60
80
56
91
115
128
112
210
222
24
14
208
150
196
79
153
172
24
5
248
29
159
73
16
243
59
188
88
86
34
249
67
214
8
44
45
186
30
20
49
58
45
136
8
21
36
11
132
237
8
249
192
35
66
120
68
128
168
94
85
37
41
96
213
184
144
40
74
56
160
243
82
206
24
13
208
208
228
75
145
166
24
5
96
29
159
9
16
243
51
156
120
86
34
249
19
142
24
11
233
154
146
32
26
56
22
13
180
125
73
176
230
147
25
160
196
35
139
125
107
72
44
12
86
1
169
126
245
37
73
53
87
19
141
112
147
86
8
14
85
134
192
71
153
45
24
5
180
13
157
201
16
242
59
188
80
7
34
245
19
142
24
11
233
154
146
0
27
56
6
77
144
116
105
144
230
147
25
160
196
35
139
125
107
72
44
14
214
1
185
118
245
45
73
53
83
51
141
112
209
86
8
14
85
198
136
71
153
13
28
5
252
13
159
201
18
242
59
188
80
7
34
241
2
222
12
77
238
155
158
17
58
57
23
205
156
53
109
153
228
219
24
184
196
65
10
121
235
88
172
94
125
5
153
118
213
248
88
24
90
115
168
114
211
30
72
30
209
214
208
77
153
237
28
5
244
13
159
73
18
215
58
188
80
87
34
249
255
186
255
119
255
179
251
248
220
189
214
255
239
90
131
89
250
207
251
219
245
47
207
223
175
122
246
255
126
117
231
254
239
235
253
183
255
189
249
117
249
93
243
254
235
225
155
127
190
255
137
203
244
189
220
85
102
183
215
223
251
191
237
94
2
218
12
77
238
155
158
17
59
49
21
201
156
53
108
153
164
219
24
184
196
65
10
121
109
88
172
94
125
37
157
102
213
248
88
8
90
115
168
115
211
159
72
30
209
214
212
73
153
221
28
5
252
29
159
73
16
211
58
188
80
95
34
249
3
206
76
12
239
152
158
1
57
113
5
201
140
49
108
137
164
221
24
184
196
97
10
120
101
152
136
118
125
37
9
103
149
240
80
8
74
219
160
51
247
158
72
15
209
150
212
75
145
213
28
5
124
5
155
13
16
215
186
188
80
87
38
251
7
198
76
76
45
152
22
0
57
49
45
200
140
57
76
9
128
233
12
185
132
96
74
113
101
199
129
118
125
33
9
69
151
240
80
8
98
153
184
179
247
158
40
165
180
210
245
75
145
243
24
0
116
5
187
12
48
215
178
140
80
87
38
219
7
135
128
122
41
152
4
15
33
50
41
192
8
115
46
131
137
40
160
145
198
99
114
35
69
199
131
55
59
32
1
64
151
146
194
160
33
8
242
160
102
62
56
225
244
83
247
75
16
174
24
0
230
29
251
8
11
227
23
181
24
114
233
74
133
202
4
73
233
184
166
80
41
19
42
202
136
53
76
1
129
105
173
45
68
100
10
240
97
85
25
54
188
6
3
17
222
80
219
1
65
137
188
32
101
52
58
181
117
202
126
49
16
217
48
32
197
229
203
174
27
205
18
165
64
211
84
26
43
197
238
31
7
165
217
157
181
238
133
136
61
104
51
79
128
116
194
51
242
123
214
47
80
162
134
18
123
241
125
243
239
24
134
164
178
104
50
121
90
107
126
200
178
113
129
75
57
170
152
13
114
24
92
84
57
163
127
155
187
242
171
235
171
214
108
175
175
125
159
141
125
223
253
204
60
61
111
181
141
244
4
249
120
208
247
52
117
229
249
58
255
115
127
179
245
124
219
120
251
115
168
233
118
95
59
189
212
151
246
124
155
139
94
15
216
29
214
125
176
243
61
188
118
219
42
248
74
193
9
120
39
186
126
12
177
50
197
136
16
84
44
19
132
157
24
92
198
115
64
19
100
128
194
220
81
33
45
96
151
24
144
168
107
122
128
241
154
186
25
77
240
215
135
79
155
170
26
7
96
29
223
9
17
227
59
156
120
82
226
209
4
174
215
97
152
248
162
213
184
185
10
69
64
119
203
161
235
204
129
34
197
33
110
219
65
75
4
166
76
1
35
86
247
162
85
48
113
178
233
52
249
84
58
166
84
102
211
99
185
236
28
1
244
29
157
73
22
242
35
173
88
87
32
250
17
14
24
10
235
155
2
40
154
26
86
5
176
84
73
176
230
147
137
148
196
39
129
87
235
8
104
68
70
64
169
104
127
40
65
52
119
66
132
104
146
212
26
14
68
167
128
79
187
44
25
4
176
13
223
65
6
98
63
188
80
6
34
209
77
227
77
124
52
185
62
116
33
32
229
136
76
49
12
11
128
76
3
109
174
225
66
178
77
8
128
156
113
4
41
136
218
52
240
170
74
122
144
245
190
186
56
15
240
191
199
14
24
160
8
6
96
29
151
12
24
226
51
190
88
86
102
249
69
225
109
92
52
184
126
116
33
166
237
136
200
145
4
11
128
77
3
109
170
225
66
178
77
42
134
156
113
4
57
9
211
52
180
170
74
56
144
245
50
170
56
47
242
186
71
14
25
160
56
6
96
28
151
12
24
162
59
158
88
86
38
251
76
2
109
4
96
63
50
119
177
52
71
0
92
49
60
131
136
205
91
100
208
97
64
179
73
8
140
148
104
4
57
96
213
48
80
170
74
114
128
116
216
159
24
7
241
228
227
78
145
36
12
6
96
29
159
9
16
242
59
188
88
22
38
251
255
254
127
111
255
221
219
136
255
125
253
251
191
123
238
252
253
183
62
191
255
255
190
124
255
255
127
127
255
251
247
191
183
239
13
95
254
245
255
255
255
223
233
253
217
219
253
53
239
215
87
173
237
231
159
239
248
220
252
31
255
221
186
189
72
15
28
136
96
155
50
115
57
88
6
5
16
53
233
130
198
217
137
44
196
113
192
243
73
8
136
4
108
64
57
105
208
0
81
176
87
122
129
112
144
215
24
6
80
134
192
78
153
45
28
4
176
29
159
73
16
226
59
188
88
6
34
241
75
132
12
8
111
155
94
20
48
50
13
4
24
124
44
1
196
221
25
96
192
115
128
115
104
128
168
12
80
1
57
97
245
36
16
170
66
114
128
242
146
222
24
14
208
150
192
79
153
44
26
4
104
29
159
9
16
242
59
156
88
22
34
249
68
1
136
152
1
8
36
79
165
2
173
32
17
172
174
7
131
56
129
68
10
242
82
35
84
128
128
1
32
136
8
0
136
6
195
170
0
8
1
8
36
179
20
161
116
84
37
202
17
44
168
24
19
25
80
24
56
34
35
180
8
210
109
72
89
140
28
11
235
155
210
36
26
58
86
5
188
124
105
144
230
211
25
160
196
51
139
125
107
8
44
14
94
65
185
110
245
36
72
49
87
115
133
114
208
214
72
14
81
134
192
71
153
109
30
5
252
29
159
73
18
242
59
188
80
7
34
245
22
1
152
52
35
130
90
11
2
162
153
244
144
70
36
114
228
147
0
211
135
47
194
75
92
194
226
79
66
172
181
106
199
60
5
190
82
104
234
126
80
72
53
105
247
20
181
111
153
174
24
5
240
29
156
65
16
243
51
185
56
87
32
234
91
4
76
90
239
155
86
48
52
114
84
4
156
125
45
4
196
213
25
96
192
115
128
115
104
136
168
12
120
1
57
105
243
36
16
184
83
123
129
112
146
222
24
14
80
134
193
79
155
44
24
4
120
29
159
73
16
226
59
156
88
6
34
241
252
248
255
253
246
111
251
255
253
255
252
255
127
173
255
254
251
245
127
111
62
223
254
60
63
255
63
191
255
223
126
191
245
231
127
255
214
247
253
255
255
255
255
254
223
63
125
176
207
189
254
249
217
191
181
126
248
252
233
123
223
205
59
183
24
10
28
11
235
155
130
33
31
56
86
23
188
52
73
148
230
147
25
168
196
3
139
124
105
24
60
12
222
65
185
126
85
101
73
53
87
123
141
84
145
213
72
30
65
134
200
85
157
13
25
4
188
13
143
203
80
112
58
188
80
15
34
245
231
253
252
125
255
186
218
73
107
107
161
234
238
97
166
93
226
245
62
247
143
127
83
126
231
211
251
127
255
63
247
34
215
239
220
223
74
125
255
247
246
202
104
93
211
92
253
55
213
190
24
5
224
181
222
111
24
246
176
63
92
127
178
187
253
187
255
245
126
183
249
254
253
253
214
247
239
219
155
223
250
253
251
251
245
127
207
255
175
106
246
255
126
85
247
255
255
235
252
255
255
255
249
125
221
93
251
126
235
161
219
111
190
255
141
203
242
189
159
85
102
247
215
223
251
191
237
255
88
57
155
127
118
99
127
254
209
170
249
177
99
198
139
90
187
79
123
87
47
143
199
159
207
207
254
173
83
33
46
234
123
63
181
255
31
44
228
117
56
104
183
107
255
61
135
238
254
174
123
215
241
254
52
195
197
191
61
251
61
38
213
230
5
34
215
112
56
114
166
246
16
184
106
17
64
83
139
131
235
204
169
107
197
41
238
187
73
203
177
167
92
1
33
78
247
34
85
178
85
176
225
116
120
84
58
47
213
129
215
107
153
172
28
1
240
29
157
73
20
242
35
189
88
87
32
250
42
10
4
130
207
159
138
9
46
90
18
69
189
100
121
245
244
147
65
176
212
53
19
99
82
128
32
12
142
208
61
64
119
108
91
16
123
66
136
192
197
85
84
14
64
198
193
79
156
44
24
5
182
5
157
73
17
114
18
180
66
79
34
113
75
21
8
120
55
187
126
92
49
34
213
128
88
80
36
67
132
221
19
244
202
113
194
51
76
136
128
220
113
101
61
104
151
20
144
170
75
123
144
113
154
171
31
76
240
149
195
79
27
46
26
7
96
29
223
9
17
163
59
159
121
18
102
249
69
5
237
156
20
167
31
116
33
102
1
136
204
169
38
15
136
125
1
101
154
225
82
163
76
168
168
28
113
4
57
41
215
52
52
186
2
104
17
118
22
202
28
10
211
24
193
14
17
36
24
4
96
24
21
12
24
166
59
153
88
86
34
243
93
249
155
253
118
99
123
254
209
190
249
191
99
194
175
251
171
221
185
79
47
157
70
155
207
235
251
237
83
99
118
251
235
55
181
251
31
124
238
117
58
111
247
127
255
157
163
254
222
174
126
215
243
254
60
194
213
187
27
251
125
228
215
247
90
2
76
218
239
159
2
49
63
122
22
5
157
116
121
68
230
215
25
32
204
115
139
115
74
128
168
4
126
65
61
106
215
36
80
176
86
114
133
112
144
215
88
14
81
134
193
79
159
45
28
4
50
29
159
73
16
226
59
156
88
6
34
241
30
251
206
252
54
59
252
114
61
154
126
219
31
242
253
203
249
220
121
235
199
124
193
115
47
95
179
241
125
69
188
250
215
114
255
250
87
127
249
117
242
255
251
127
223
134
87
239
221
189
158
149
250
29
159
93
18
247
59
223
89
127
39
243
22
145
24
62
127
130
94
9
18
42
153
244
176
70
36
113
229
215
0
83
198
41
194
75
204
222
227
111
82
43
181
110
199
180
21
190
82
120
235
119
112
76
53
107
213
20
181
111
153
174
24
5
240
29
156
65
16
242
51
189
88
87
32
250
238
253
186
27
211
213
223
141
191
231
173
170
179
142
255
255
243
183
126
95
63
183
119
12
117
231
255
111
83
187
254
178
234
12
143
223
146
61
239
254
58
202
116
232
151
123
29
52
253
174
178
41
120
189
244
243
176
250
249
60
191
208
186
179
75
212
108
28
63
167
91
17
49
238
5
136
140
41
36
71
140
125
16
241
184
115
80
59
100
184
162
94
89
53
61
99
211
60
158
43
202
107
128
115
210
202
94
14
211
84
193
95
25
170
26
5
104
24
157
77
152
179
59
157
89
87
42
179
254
252
255
237
255
255
255
221
191
255
254
255
255
175
251
255
251
245
125
111
60
221
254
56
63
223
123
63
255
123
118
191
85
231
127
219
242
255
253
119
113
221
126
127
223
30
125
181
205
189
94
181
249
183
180
111
216
252
105
127
223
29
56
182
58
218
154
123
63
249
216
157
223
187
190
232
48
18
109
255
247
146
122
155
151
59
127
95
161
71
227
174
87
243
191
246
239
174
235
52
251
91
234
243
250
95
102
125
150
247
19
127
189
219
158
79
254
133
249
217
151
243
254
255
51
122
238
95
157
252
93
77
168
249
240
112
123
189
204
205
222
117
108
184
237
171
191
251
229
124
107
255
225
127
103
254
109
71
239
118
223
218
105
68
95
155
248
187
223
159
235
39
245
115
255
107
185
219
47
103
252
69
91
77
63
215
190
175
241
251
199
223
32
14
52
134
203
141
130
9
46
120
2
71
188
127
104
53
246
179
133
176
212
46
25
106
82
10
96
2
190
218
153
70
47
230
83
48
112
194
201
198
197
85
72
134
64
70
232
67
128
100
152
12
246
13
137
73
18
114
150
180
66
14
34
88
122
21
108
250
103
191
126
9
53
82
215
0
189
112
45
87
148
159
1
244
198
117
208
115
212
128
226
220
122
240
189
224
151
20
146
168
235
106
144
97
156
223
93
76
113
133
195
79
159
46
24
14
34
29
223
25
25
231
123
157
89
154
234
241
26
10
133
194
203
155
128
43
90
88
82
71
191
116
104
128
228
147
201
176
196
5
137
243
250
136
104
134
174
208
25
78
95
98
72
48
127
82
141
128
197
85
90
14
64
135
192
207
185
53
9
4
246
5
143
73
6
82
150
164
66
31
2
92
42
252
154
91
47
209
218
153
223
187
164
237
176
82
105
255
246
147
250
155
215
63
95
223
241
87
227
174
71
251
167
246
239
142
207
53
251
153
234
115
250
125
102
108
151
247
51
123
189
202
184
79
246
13
248
211
23
243
254
191
51
123
233
79
121
23
125
120
234
187
118
121
113
120
214
5
252
117
44
64
230
221
219
100
240
113
131
243
200
40
232
220
120
68
189
232
223
64
144
188
71
122
145
112
156
159
30
6
81
165
195
79
159
36
9
12
98
29
155
13
30
230
63
157
90
6
38
209
71
5
169
156
7
133
95
92
39
230
129
136
153
136
39
79
136
116
0
97
154
177
210
35
68
160
162
12
81
24
61
41
195
52
52
170
130
105
2
127
18
202
60
10
147
24
65
31
17
168
24
5
32
24
52
68
24
178
57
153
25
214
34
227
56
30
84
195
239
159
130
49
63
120
86
23
188
56
121
212
254
215
89
168
208
7
139
124
106
24
60
12
254
81
185
126
85
101
88
53
86
115
133
84
213
85
74
30
65
132
200
213
141
5
29
4
54
29
143
75
80
116
58
157
64
15
34
247
93
63
215
124
120
98
110
254
112
250
104
181
68
231
143
235
227
205
153
107
205
169
236
187
77
202
162
135
89
1
57
111
115
39
117
187
87
246
245
244
82
78
154
46
214
151
199
111
153
172
92
5
224
29
157
73
144
242
51
191
92
70
35
240
43
197
238
27
7
133
221
157
53
238
37
136
28
233
39
79
128
116
160
35
250
243
246
35
80
163
130
50
121
113
93
67
183
82
146
32
179
72
50
249
118
43
126
224
176
80
209
75
57
170
24
13
116
24
121
92
59
183
119
155
187
242
175
203
43
133
174
186
2
5
165
135
37
230
40
128
27
170
49
79
139
56
225
227
178
86
85
35
80
35
135
144
43
240
124
211
167
6
2
32
177
76
48
104
110
43
116
225
150
81
83
202
89
168
184
29
118
24
120
84
59
163
83
177
155
242
73
107
42
236
42
127
175
213
218
137
223
251
173
232
176
90
105
253
151
179
56
155
215
63
95
95
177
87
227
47
71
251
247
118
239
174
207
55
251
217
234
123
122
125
100
109
183
247
179
123
189
238
24
79
254
5
252
243
23
243
254
191
187
251
249
82
30
208
89
254
255
170
222
9
26
59
153
249
164
70
236
89
230
215
20
82
196
45
130
123
237
222
227
111
83
43
181
110
215
165
92
187
114
123
233
119
243
222
91
75
213
22
245
95
153
174
24
5
224
29
157
73
16
242
51
191
88
87
34
249
84
43
215
116
120
98
110
254
80
186
106
181
66
199
203
170
227
205
169
99
205
169
236
59
79
207
162
135
83
2
35
126
115
39
117
187
87
118
225
244
114
76
184
46
206
23
231
111
153
172
92
5
224
31
156
73
144
242
51
189
92
70
33
176
129
14
84
6
201
136
130
9
42
121
2
71
172
127
72
181
230
163
133
48
196
46
25
106
66
10
96
2
190
10
139
87
59
167
82
48
112
146
203
198
197
84
8
134
200
66
232
67
128
101
88
0
244
31
137
73
18
114
150
180
72
70
32
88
90
19
69
210
239
155
2
57
118
24
82
1
189
112
57
80
244
151
201
180
192
117
129
243
138
24
232
84
238
192
189
232
95
96
80
176
127
82
148
64
212
87
94
14
65
133
193
79
191
45
153
4
114
29
159
89
70
118
63
157
74
15
32
241
77
5
237
148
98
167
59
116
33
100
69
4
93
169
51
70
136
125
83
100
184
113
82
177
92
40
140
156
104
20
61
169
85
52
20
186
202
104
16
92
20
195
28
14
65
140
195
14
25
36
24
5
97
24
150
13
24
230
59
157
72
7
34
243
94
59
154
253
38
115
252
183
199
186
217
144
81
196
59
90
253
155
107
222
135
23
71
159
143
77
246
236
68
228
182
226
111
24
143
45
127
60
232
97
40
73
247
124
127
229
151
110
254
234
188
211
178
125
120
81
199
211
159
211
125
107
209
102
120
6
244
208
98
159
38
115
53
124
86
17
29
185
56
70
230
213
201
44
208
85
192
243
74
56
136
20
124
64
56
73
87
68
80
184
68
122
21
64
212
215
26
6
65
132
193
207
147
36
25
4
98
29
159
13
8
102
59
157
74
7
34
243
104
7
244
210
106
159
39
115
52
124
70
1
157
249
57
68
230
213
201
100
208
117
192
115
90
168
136
20
120
64
57
73
87
38
80
184
68
122
21
68
148
215
24
6
65
132
193
79
17
36
25
4
34
28
159
9
16
102
59
157
74
6
34
241
75
16
76
168
255
183
91
48
52
102
85
4
157
125
52
69
132
213
17
96
192
119
194
115
44
128
168
28
122
81
61
105
87
100
148
186
66
123
16
83
144
195
92
12
81
140
193
79
23
36
24
4
32
24
159
9
24
230
59
156
72
6
38
241
122
22
108
194
239
159
2
49
55
126
86
19
189
120
57
68
246
215
73
32
216
117
139
113
26
152
168
28
126
209
61
105
83
100
16
176
86
122
21
80
148
215
94
14
65
132
192
71
151
37
25
4
34
29
159
73
24
102
59
157
75
15
34
243
59
18
220
202
255
191
87
52
54
126
84
17
156
121
52
84
246
215
25
232
224
115
203
121
46
168
44
30
126
69
253
111
87
228
144
56
70
243
21
115
212
195
75
14
65
132
193
67
151
116
29
4
100
184
159
77
88
246
59
156
208
15
38
245
57
22
252
202
255
191
7
117
62
124
86
17
156
121
60
85
254
215
25
168
240
115
139
125
106
40
44
30
126
85
249
111
85
229
152
56
70
243
21
82
149
215
74
14
65
132
193
71
151
117
29
4
36
189
159
77
88
118
59
156
210
15
38
245
23
208
81
127
255
162
222
24
18
59
185
123
164
66
132
81
230
215
4
82
196
41
130
122
228
222
227
111
210
43
161
111
215
165
92
187
114
120
233
247
115
78
26
15
213
20
253
95
153
172
24
5
224
28
156
73
16
242
51
191
88
87
32
184
33
14
116
198
201
140
131
65
46
125
2
71
173
121
120
5
246
179
197
32
212
46
153
127
82
42
32
6
190
152
73
71
103
231
74
48
240
154
185
206
197
84
8
134
200
66
201
75
128
101
152
8
246
13
143
73
34
114
214
164
194
71
32
121
42
6
36
198
239
143
3
1
46
92
18
67
189
121
120
21
244
179
73
176
212
111
27
115
82
170
40
30
190
208
121
197
71
109
74
48
217
66
148
200
197
85
88
142
193
70
193
79
144
36
152
8
102
13
159
73
9
118
83
181
66
31
40
121
123
21
236
248
255
183
123
117
52
102
213
4
221
92
49
87
148
221
81
230
250
113
194
51
12
168
160
156
114
117
125
233
23
20
144
170
195
106
16
81
152
203
223
76
113
141
195
79
31
46
153
15
114
56
220
89
57
163
123
155
73
154
110
243
111
5
109
157
23
133
91
93
33
230
129
140
93
40
37
71
136
124
0
115
186
121
86
171
20
186
162
28
81
60
61
75
203
52
54
154
138
104
18
95
148
107
92
138
179
28
193
31
29
42
16
15
98
24
52
76
152
162
123
155
25
215
42
227
102
117
163
190
23
6
13
143
199
234
41
176
51
138
183
95
146
118
32
19
139
151
117
15
86
129
230
13
19
56
60
82
97
172
182
183
178
108
35
247
34
74
100
200
154
84
1
206
88
174
88
21
38
24
117
210
152
178
99
154
63
84
186
33
251
221
246
253
255
231
223
217
62
127
217
255
255
109
54
125
247
247
125
247
255
125
179
121
254
254
250
127
255
127
255
175
215
231
31
219
194
119
255
255
87
201
221
126
221
29
253
55
205
181
82
5
235
246
158
239
216
254
113
159
222
95
178
188
107
5
169
157
23
133
91
93
167
230
129
140
153
136
39
71
136
117
0
99
154
177
214
41
84
160
162
13
83
25
61
43
67
36
54
187
130
105
1
95
16
74
92
10
147
28
65
31
25
44
24
5
32
24
20
64
152
178
59
153
25
86
42
227
107
5
169
157
3
133
91
77
167
230
129
136
145
136
55
95
136
116
16
67
154
179
214
43
20
130
162
13
83
185
61
43
195
36
54
187
130
109
2
94
18
74
68
200
147
28
193
31
25
40
26
5
32
24
52
64
152
178
121
153
25
86
42
227
107
20
236
184
127
183
27
119
36
102
85
0
157
168
53
71
204
245
1
100
248
87
210
49
30
160
168
28
122
80
61
105
87
36
148
186
194
106
0
83
148
195
92
12
65
140
193
79
23
36
24
12
34
24
159
25
24
38
59
157
73
142
42
243
250
9
239
215
38
79
221
167
255
253
95
83
159
252
122
214
253
215
126
191
254
255
246
247
187
255
183
126
106
251
126
255
71
111
103
252
222
123
250
92
120
245
245
255
205
36
245
111
191
172
155
203
250
31
157
93
121
118
115
251
251
31
40
254
254
252
255
253
255
255
251
205
191
255
254
255
255
172
251
255
251
213
61
111
28
221
254
56
127
223
187
63
255
91
54
191
215
231
127
251
82
255
253
118
241
221
124
63
223
30
125
181
221
173
94
181
249
191
189
111
216
252
105
61
95
31
48
182
122
16
236
130
255
183
19
116
54
118
85
20
157
124
49
84
214
213
81
96
192
119
202
123
44
128
168
28
122
81
61
233
87
100
148
58
70
122
17
82
148
195
93
12
65
132
193
79
23
36
25
4
34
24
159
25
24
102
59
153
73
15
38
245
123
22
236
210
255
191
19
112
52
118
86
18
157
121
57
68
230
213
73
96
240
119
138
115
14
168
168
28
126
81
125
233
87
100
144
184
70
122
17
80
148
195
90
14
65
132
193
79
159
36
25
4
34
29
159
9
56
102
59
157
72
135
44
245
121
22
236
210
239
191
3
51
54
124
86
17
157
121
57
68
246
213
73
96
240
117
136
115
26
184
168
28
126
80
125
233
87
100
144
184
70
122
21
64
148
197
90
14
65
132
193
79
158
37
25
12
34
28
159
73
0
102
59
157
74
7
44
245
120
18
100
210
238
159
7
49
54
124
82
19
157
249
57
68
246
213
73
32
216
117
155
113
26
184
40
4
190
208
89
237
83
102
82
176
86
114
21
68
212
85
90
14
65
132
193
199
156
37
153
12
50
28
143
73
0
118
59
157
74
15
32
240
4
129
130
29
1
65
172
231
1
170
136
165
80
196
131
42
169
8
163
210
199
47
70
203
82
95
183
224
1
134
162
82
207
58
101
190
17
44
105
108
40
104
52
43
95
117
183
111
57
174
24
69
242
28
28
65
3
163
23
177
56
103
161
98
185
246
117
111
253
180
191
184
113
255
233
235
238
123
4
29
166
239
188
251
240
100
51
248
224
127
235
254
253
49
229
119
255
241
156
53
255
185
48
247
127
74
107
191
242
49
222
89
40
255
24
15
124
168
158
77
62
151
247
142
246
215
46
189
248
206
255
249
251
95
251
239
189
251
244
159
255
176
239
254
235
213
57
111
14
221
238
57
47
219
187
63
255
75
54
62
215
103
117
251
82
127
253
118
242
95
120
63
223
158
121
181
221
173
94
181
251
63
157
79
208
252
41
189
93
95
50
251
108
87
170
185
54
55
60
151
21
250
104
128
17
128
51
79
157
220
97
207
24
151
84
155
24
65
183
192
81
212
52
242
97
24
150
161
219
124
32
113
58
74
118
44
86
245
3
222
30
168
56
21
114
24
252
80
146
162
123
221
95
210
72
179
78
69
170
184
98
87
30
199
1
234
41
128
80
132
35
75
137
89
56
206
9
149
84
11
78
85
187
77
65
44
190
114
96
20
157
235
18
108
68
113
50
74
52
40
55
156
135
252
95
168
62
151
131
120
244
210
208
235
57
29
93
64
90
162
220
9
255
245
250
119
242
247
157
241
214
31
223
240
251
234
250
221
91
111
94
157
238
185
47
10
190
142
245
199
62
190
255
39
53
251
87
119
221
214
218
213
221
30
201
175
75
180
159
45
95
181
217
127
149
73
208
252
41
253
93
30
35
253
42
3
36
158
39
137
24
23
117
88
147
5
121
60
61
71
132
48
66
176
208
50
81
231
84
32
128
16
58
244
29
193
95
56
83
176
250
106
128
97
148
237
23
14
68
228
225
79
48
34
152
7
162
24
154
24
31
99
63
149
43
79
34
67
218
123
211
246
118
59
126
75
76
66
123
146
119
198
254
250
243
213
61
111
6
189
129
115
15
223
179
45
210
42
54
168
82
39
84
155
66
126
193
214
32
89
181
127
223
14
245
46
221
165
16
133
98
29
151
73
80
242
49
191
93
86
48
178
220
43
215
245
98
123
240
231
93
152
214
55
87
246
251
226
250
153
217
111
77
189
198
179
171
26
178
148
236
199
62
190
127
35
101
241
119
255
221
116
217
117
213
22
107
135
107
238
191
45
255
245
211
31
157
76
70
252
63
233
77
47
163
255
145
222
87
109
253
248
167
248
58
125
234
127
238
125
205
249
227
245
157
98
236
105
174
120
110
254
41
63
255
15
115
127
245
229
92
251
86
243
253
246
215
94
26
30
217
130
216
85
137
61
92
37
248
191
143
73
16
244
35
172
220
87
34
189
22
33
129
28
0
72
20
7
195
0
191
176
80
36
30
178
157
0
34
213
7
160
97
134
221
213
213
105
35
174
130
8
132
60
65
174
8
8
200
72
32
25
53
33
180
116
181
110
147
170
137
11
176
29
112
17
40
179
17
241
56
83
100
74
22
33
129
20
0
72
20
103
67
128
63
144
80
132
2
18
141
0
34
197
7
160
224
130
221
215
149
105
2
174
130
8
134
28
97
170
8
8
202
72
32
25
181
97
180
20
181
110
147
170
169
75
176
25
48
64
40
51
17
113
56
115
96
74
234
201
238
223
98
95
218
167
61
243
87
206
159
240
127
238
144
145
120
239
30
245
214
115
61
194
178
30
99
243
62
171
247
52
87
235
218
127
218
248
210
253
245
124
211
30
225
111
159
168
154
5
251
29
157
94
81
247
123
253
89
91
42
251
19
1
128
52
9
192
164
102
1
160
219
117
160
69
1
0
169
8
161
211
199
45
203
67
76
95
145
166
0
38
3
78
143
178
113
56
53
136
232
6
97
52
181
227
229
17
183
107
26
234
9
1
240
20
24
64
11
3
151
225
0
103
165
78
210
218
223
99
253
186
210
153
250
185
182
107
238
113
75
185
230
135
63
187
204
71
47
124
231
203
109
238
255
1
163
118
255
239
68
117
127
179
253
246
219
94
10
30
217
239
219
213
185
221
30
1
252
191
143
235
86
252
183
188
88
86
54
221
58
5
168
146
7
135
16
39
87
226
84
16
51
130
48
70
156
19
96
147
209
117
209
71
24
18
128
4
66
208
148
232
135
12
147
160
191
72
104
112
112
93
53
41
213
20
183
111
27
172
153
13
242
25
88
89
26
179
115
185
27
19
104
234
48
10
21
130
200
158
131
33
238
117
2
67
157
115
88
16
118
199
200
32
196
5
138
97
218
144
12
46
174
136
17
79
23
229
82
48
116
202
173
74
229
85
0
7
65
6
240
67
144
12
137
8
182
13
159
203
0
114
18
172
64
87
32
252
195
218
131
119
239
146
142
136
234
187
168
235
234
212
38
25
231
135
63
215
204
143
11
93
198
223
255
47
214
3
35
118
215
173
68
191
90
60
237
246
106
94
56
63
221
93
189
183
153
172
24
5
240
31
156
105
16
242
51
157
92
87
48
250
194
8
131
55
201
194
142
206
248
171
138
79
226
197
2
185
239
133
63
87
204
143
110
93
199
207
254
174
194
3
35
102
127
47
69
255
90
55
237
246
88
84
56
46
205
121
189
181
153
172
24
1
240
31
156
73
16
240
51
189
92
23
32
250
202
200
139
89
235
219
210
207
251
177
164
202
242
240
111
234
238
145
59
87
76
135
110
29
71
219
189
46
195
11
50
62
215
47
69
255
82
63
237
118
250
94
56
31
217
126
185
181
157
172
24
5
240
31
157
73
16
240
49
189
92
87
34
251
205
207
147
93
232
91
118
238
153
177
230
155
210
208
207
138
235
153
59
79
76
141
206
145
79
223
189
174
193
7
50
62
219
39
101
251
82
125
237
116
248
94
56
55
221
189
61
165
153
172
28
21
241
95
157
73
80
248
57
189
92
71
32
250
221
9
155
85
202
75
246
246
153
185
222
23
210
212
235
202
235
153
187
79
76
143
206
151
79
94
188
166
192
71
58
126
223
39
101
251
86
127
237
116
88
85
248
54
205
47
47
229
157
172
27
149
241
95
157
73
80
248
59
189
93
23
33
254
200
200
155
121
234
251
242
213
248
179
165
206
210
208
111
235
228
221
63
111
78
135
46
156
207
139
172
238
193
7
58
54
243
45
68
255
90
119
229
246
218
94
24
30
217
126
137
181
157
173
30
5
248
31
149
73
16
240
49
188
92
86
34
249
217
205
154
121
201
123
242
242
152
185
214
223
242
208
203
232
230
153
159
70
77
143
175
150
107
10
190
142
193
7
186
62
251
47
69
255
87
55
205
244
218
222
24
30
217
127
139
229
173
45
94
149
249
95
141
73
80
248
41
189
92
22
34
249
194
219
130
119
239
146
222
129
138
177
41
203
178
208
34
25
229
147
62
215
78
175
3
95
66
223
255
110
210
32
166
54
231
61
70
191
91
61
230
247
122
94
48
127
221
125
159
31
157
142
24
5
241
127
157
195
17
243
49
157
124
119
176
250
211
13
138
119
237
194
222
168
153
169
223
79
162
197
2
42
229
139
63
215
78
175
195
127
107
94
254
46
210
7
162
46
223
47
101
255
83
45
236
244
89
124
185
239
205
57
191
63
153
174
24
5
241
95
156
203
81
243
51
185
124
55
176
250
3
48
9
10
29
152
5
24
194
10
2
36
32
7
12
17
70
102
128
16
192
114
16
68
192
128
68
1
18
40
73
64
4
8
203
164
40
2
1
1
32
192
2
137
20
112
164
79
50
62
8
0
32
1
95
17
60
2
30
160
32
210
108
64
203
201
138
121
35
219
218
134
25
163
21
206
146
208
110
234
140
81
56
207
142
245
230
83
109
194
146
46
83
99
62
99
215
20
209
235
82
111
234
240
210
253
125
108
211
30
241
111
159
168
26
5
241
29
252
72
17
243
59
189
89
115
82
251
202
201
138
218
35
91
88
6
63
179
37
206
146
208
46
235
132
49
48
143
198
117
82
67
65
195
144
38
65
234
22
98
151
20
211
168
82
74
234
112
242
63
52
109
181
86
181
111
159
170
24
5
240
29
220
88
17
243
51
189
89
209
106
251
194
193
138
27
215
130
76
138
6
163
33
138
162
202
38
11
202
85
52
71
10
135
234
43
70
211
179
47
147
8
48
2
211
38
148
219
66
109
39
118
50
106
32
105
147
28
21
147
81
172
16
4
65
24
148
42
144
176
49
29
92
84
50
179
3
143
130
24
1
218
132
3
43
131
41
202
130
197
6
59
141
35
32
147
134
37
82
67
65
215
145
110
0
42
130
64
135
16
195
168
16
8
234
96
100
60
48
225
149
80
181
111
152
168
24
1
240
29
88
81
17
179
19
181
24
243
104
74
195
203
146
127
233
186
174
128
72
49
227
202
226
209
78
152
228
139
63
215
78
175
3
213
195
95
255
238
197
6
162
50
218
47
68
159
91
61
237
230
250
94
56
31
217
127
159
23
153
141
16
5
112
95
157
201
16
242
49
189
92
87
32
249
194
219
152
123
233
154
218
128
202
3
163
202
226
65
78
153
236
139
63
215
78
175
3
92
231
223
255
239
199
7
162
32
215
47
76
223
75
63
237
118
250
222
56
93
209
127
191
23
153
141
16
1
232
29
159
105
16
242
49
189
124
87
50
187
210
218
3
115
237
154
134
136
234
59
186
203
174
209
76
25
230
135
63
215
204
135
11
93
199
223
255
46
198
3
35
126
211
175
68
63
91
60
229
246
250
94
56
31
209
127
156
151
185
173
24
1
240
29
143
203
16
240
51
189
92
87
48
185
252
187
255
245
126
183
249
255
253
253
214
255
239
218
179
95
242
223
251
251
245
127
207
255
175
106
246
255
126
245
245
255
255
235
190
255
255
253
249
117
221
93
243
126
251
165
211
111
190
255
141
203
242
189
222
93
102
247
247
223
251
191
237
223
75
84
76
188
23
161
91
24
53
238
149
172
188
8
37
71
140
124
16
243
168
114
82
43
4
186
226
30
91
113
125
103
219
188
182
59
219
105
0
115
208
203
94
10
211
85
193
91
29
42
26
5
104
24
252
68
152
179
191
159
153
151
34
163
3
198
8
12
239
154
30
20
49
59
45
200
136
17
36
9
132
237
24
209
192
35
114
120
100
128
168
94
85
37
41
102
245
56
20
40
90
48
160
243
210
222
8
15
208
86
196
75
153
174
28
5
96
29
159
73
16
243
51
156
120
86
34
249
41
197
174
27
3
5
249
143
181
238
37
136
57
106
55
79
130
56
194
51
242
115
246
47
80
35
134
18
89
241
125
243
239
26
134
164
179
40
50
249
90
107
116
200
242
113
131
75
57
170
154
13
112
24
92
84
59
179
127
155
187
242
171
235
3
21
1
26
77
130
15
24
226
38
41
0
160
77
4
17
229
103
2
144
192
35
80
198
192
247
229
110
16
0
193
64
223
44
209
180
24
8
234
97
96
72
58
171
213
112
181
79
176
172
24
1
240
25
92
65
25
178
19
181
56
215
100
106
210
218
25
107
236
186
218
136
218
59
242
203
226
81
76
184
230
199
63
211
204
39
11
92
239
222
127
175
199
3
163
126
215
173
77
63
123
63
237
246
250
94
56
29
209
95
184
119
185
173
24
1
232
21
143
105
80
242
179
189
92
87
50
189
66
2
129
48
8
130
38
43
132
160
210
5
193
5
25
2
141
9
99
211
196
39
194
199
93
222
148
134
0
128
33
202
143
56
65
40
61
40
232
104
104
28
49
171
213
113
183
111
187
170
137
3
240
29
92
81
5
242
23
177
40
87
96
74
75
193
8
124
111
187
126
12
144
50
213
128
16
80
45
144
132
159
25
222
196
115
128
19
100
138
224
220
85
97
61
104
251
24
144
168
83
114
128
241
218
159
25
12
240
151
131
78
155
175
30
7
120
29
223
73
17
243
63
156
120
82
98
217
34
6
32
142
41
140
137
9
39
90
131
37
49
12
57
5
130
48
66
144
208
34
81
103
84
128
128
16
22
188
13
65
79
60
79
176
240
42
136
13
133
84
0
138
36
192
129
79
48
38
152
9
162
1
221
17
18
99
62
180
34
71
42
99
3
23
16
38
37
152
28
1
98
2
3
96
172
35
4
17
244
163
0
209
193
36
81
71
192
22
225
127
2
56
193
96
151
60
71
190
219
8
232
97
100
92
56
169
212
80
183
111
152
174
24
3
240
29
216
73
16
243
19
181
56
83
96
106
69
1
197
156
100
134
26
116
33
102
1
136
200
161
23
11
136
77
0
100
138
165
194
179
72
136
170
28
81
0
57
9
211
52
20
187
66
120
0
118
18
74
24
14
211
28
193
31
25
44
24
5
97
24
148
8
24
226
59
157
88
70
34
243
5
6
16
8
8
152
4
68
3
2
2
4
0
5
137
128
203
0
129
128
193
32
73
131
64
0
0
64
0
12
137
64
85
0
193
32
0
130
1
8
164
20
8
128
68
192
135
74
18
108
8
4
38
9
81
1
134
67
10
160
0
130
96
96
94
10
76
194
235
155
2
33
62
56
86
3
156
122
105
68
228
155
25
32
204
119
138
121
106
152
40
70
252
65
25
110
87
33
80
48
87
91
133
84
208
151
72
14
65
134
192
71
157
45
25
4
52
29
143
201
16
118
59
157
72
7
34
245
74
3
133
86
239
155
26
26
49
58
2
3
152
240
40
1
132
155
136
148
196
117
2
243
66
18
144
84
8
96
61
64
95
56
210
32
123
74
128
65
196
55
26
14
193
69
193
79
188
10
24
7
114
93
223
137
23
115
23
181
96
19
64
123
69
1
205
157
196
135
27
116
33
230
1
140
200
225
55
11
136
93
0
102
138
161
194
169
76
168
186
28
81
12
57
9
215
52
20
187
2
104
0
86
144
106
28
10
211
28
193
30
25
44
24
5
97
24
20
72
152
162
57
153
88
70
34
243
69
13
130
52
1
106
37
126
0
196
75
133
2
141
138
46
171
77
33
71
6
45
194
99
73
203
128
12
80
0
34
9
198
53
113
186
1
8
200
68
112
28
56
163
237
24
245
110
152
164
25
5
240
28
156
65
8
178
51
185
24
71
36
234
76
35
205
89
254
179
82
48
161
48
85
2
140
243
11
3
128
205
25
230
206
245
66
242
72
8
132
212
248
0
25
10
255
56
144
170
91
26
145
81
156
59
24
6
209
236
195
79
27
44
9
71
113
125
153
201
24
230
59
159
72
22
102
217
71
192
8
10
239
155
18
0
56
58
20
8
152
82
45
1
200
219
25
144
200
55
138
121
98
144
136
70
212
9
57
98
215
56
148
32
91
83
129
114
208
158
8
12
81
148
192
75
153
44
24
4
60
29
159
73
16
226
59
189
88
83
34
241
70
200
8
10
239
155
18
0
56
50
22
12
152
114
109
1
192
155
25
208
204
53
138
121
98
16
136
4
80
1
25
98
215
32
80
32
83
83
133
114
144
158
8
14
81
150
192
67
153
44
24
4
61
29
159
137
16
226
59
189
88
87
34
241
68
2
140
210
235
155
2
35
20
114
86
2
152
251
9
4
192
223
25
32
200
119
138
115
74
144
152
6
252
65
25
107
87
32
16
32
87
90
5
82
208
151
72
14
65
132
193
75
155
44
25
4
117
29
159
201
16
98
59
157
72
23
34
255
71
192
8
11
239
152
26
16
59
58
5
136
136
83
45
9
136
255
24
176
200
99
2
121
96
144
168
78
85
41
41
98
215
184
148
34
91
91
128
115
208
158
8
12
209
212
192
75
153
44
24
5
116
29
159
73
16
243
59
189
88
83
34
243
69
14
140
208
104
155
50
39
24
112
6
6
144
246
139
2
192
153
153
96
196
37
202
211
75
0
136
4
64
1
25
105
87
0
80
162
67
90
133
80
144
150
24
6
65
132
193
75
145
36
25
4
48
29
155
9
16
98
59
189
72
7
34
251
68
33
205
92
232
159
118
53
177
36
69
136
200
243
30
2
136
73
89
100
222
225
66
179
72
10
140
148
97
1
57
32
215
60
0
170
75
19
144
116
152
186
24
134
241
252
195
14
25
44
10
3
113
29
155
9
16
231
59
157
120
86
34
251
40
65
41
152
2
7
0
103
5
198
36
128
81
128
185
230
130
80
65
68
18
48
116
131
88
33
128
0
1
140
24
17
224
6
22
170
0
96
1
152
178
99
20
6
18
22
0
206
19
44
178
4
58
25
5
16
144
98
43
184
73
82
106
161
39
196
236
57
9
132
163
4
49
238
32
136
140
105
39
15
132
106
129
163
240
113
90
106
80
163
130
118
57
113
73
67
183
210
145
32
177
136
114
104
102
42
46
225
146
80
83
107
58
232
40
77
244
24
120
76
63
178
215
147
154
243
239
75
39
132
228
57
9
132
165
5
33
238
32
136
12
43
7
15
200
40
161
179
241
99
126
43
80
163
128
179
41
16
9
67
183
194
130
32
177
136
113
104
110
42
44
225
80
81
83
107
56
232
40
9
244
24
120
76
63
162
199
145
154
243
233
75
252
186
255
245
254
245
253
252
253
191
214
255
239
223
211
223
251
253
255
251
253
127
239
255
175
127
247
247
126
215
247
255
223
233
255
247
255
191
249
117
93
93
243
190
255
161
255
123
190
255
141
203
240
189
222
93
102
247
247
223
251
191
236
222
89
11
8
80
235
155
82
56
152
58
86
5
144
92
76
0
196
155
219
148
244
55
128
211
75
32
204
196
72
64
237
104
207
24
64
164
127
26
128
104
216
159
19
14
209
231
131
79
187
46
25
5
240
93
219
65
55
243
63
189
122
146
98
217
2
2
1
170
141
72
7
12
166
42
10
4
33
7
9
177
237
38
1
80
192
2
28
8
68
133
40
9
147
8
41
64
112
172
95
186
105
34
5
70
36
64
16
136
68
194
36
68
144
36
84
0
38
17
135
9
128
32
11
180
8
70
32
48
77
131
12
88
111
187
126
50
16
50
69
128
144
80
45
3
132
153
25
222
196
119
64
211
64
32
132
196
80
64
61
96
223
24
128
160
91
90
128
113
154
191
24
12
241
245
131
79
191
46
24
7
113
93
219
81
19
227
63
157
120
242
226
209
2
2
65
34
205
72
2
12
162
42
10
4
45
39
73
177
235
102
1
96
192
2
12
40
68
136
40
9
146
8
41
64
112
164
95
186
97
34
5
68
164
64
24
136
68
194
96
68
128
36
84
0
34
20
135
9
136
96
3
180
72
6
32
48
131
14
4
86
205
136
128
3
42
33
3
71
174
115
64
21
100
163
4
147
198
46
57
107
66
26
98
78
144
8
137
70
95
167
82
16
65
138
234
198
197
84
8
142
200
66
233
75
128
100
24
0
244
14
157
201
17
114
146
181
64
55
160
120
89
3
205
80
239
51
114
56
176
50
86
2
156
241
34
64
132
223
153
118
200
247
130
242
74
34
152
212
248
65
61
104
95
24
144
224
95
90
144
81
220
151
155
22
193
165
195
79
191
46
9
5
113
93
223
201
85
118
63
157
104
19
100
217
13
236
255
24
48
123
248
119
249
178
229
252
82
177
175
234
139
201
35
107
197
101
70
243
77
75
180
190
65
13
51
106
223
4
69
186
82
120
233
116
122
94
56
47
245
116
247
111
153
172
24
5
240
29
156
73
16
242
51
189
88
87
34
251
77
37
205
85
238
183
123
52
176
102
85
22
221
241
51
66
136
93
89
102
250
241
194
178
74
40
156
156
232
1
61
41
215
52
21
234
75
115
81
86
156
169
25
14
209
172
193
15
31
44
27
7
113
88
156
13
24
230
59
157
72
23
98
251
76
37
205
144
234
55
114
53
49
100
85
6
221
241
51
66
136
93
89
100
90
245
66
178
74
40
156
156
232
0
61
104
87
52
17
170
75
112
21
84
148
161
28
14
65
172
193
79
29
44
8
5
113
88
156
9
24
230
59
157
72
23
98
251
3
6
0
22
205
138
10
0
34
33
3
71
128
71
96
49
36
35
4
146
198
46
24
75
66
154
130
14
146
42
9
70
23
189
82
16
9
130
202
199
197
116
8
202
192
66
173
75
128
102
24
1
246
8
28
193
17
51
146
181
160
87
34
104
34
4
64
130
201
136
4
9
38
64
6
6
185
47
8
20
194
16
0
32
192
68
139
96
94
128
8
9
178
136
9
9
20
164
80
154
0
66
3
14
132
80
8
128
0
4
228
133
81
36
17
4
48
1
141
43
24
96
32
56
72
20
32
248
3
210
88
90
63
154
150
8
58
178
4
232
188
115
108
89
239
151
33
179
197
37
195
115
69
215
225
47
86
10
129
98
215
36
85
186
82
120
233
116
112
92
56
45
213
20
245
111
153
172
24
5
240
29
156
73
16
242
51
189
88
87
32
250
35
6
0
130
137
4
1
1
38
68
7
6
153
63
50
20
194
50
0
32
64
6
144
96
94
128
8
9
178
184
25
1
4
36
82
154
96
66
3
76
132
17
8
128
0
0
192
5
17
36
145
12
50
0
136
35
56
96
48
52
72
149
40
248
77
5
205
157
246
167
123
116
48
230
5
4
140
161
51
67
136
93
17
102
138
225
194
176
72
136
152
28
112
1
61
41
215
52
149
251
66
121
0
85
144
202
28
14
209
156
193
15
25
44
26
5
113
56
156
73
24
166
59
157
72
6
34
243
76
2
220
144
72
147
34
115
49
112
70
19
156
243
146
2
200
221
153
100
200
69
202
243
74
24
152
86
120
1
25
105
87
0
16
170
71
88
5
84
212
145
24
7
65
132
193
207
27
36
25
4
113
88
159
9
24
126
51
157
72
23
32
251
76
6
196
144
202
159
34
115
33
112
6
3
156
243
184
68
224
221
137
100
200
69
202
115
74
8
136
70
56
64
25
77
87
33
80
178
65
90
5
68
212
151
24
7
65
132
193
207
145
36
25
4
114
93
159
9
16
118
51
157
72
23
32
251
68
37
129
24
1
0
36
79
33
34
129
32
64
167
163
3
130
40
1
64
10
161
82
2
84
128
128
1
0
136
8
0
73
6
71
170
0
40
1
6
36
34
20
130
36
84
1
128
16
44
56
48
19
24
20
8
24
32
1
180
8
70
33
98
69
39
229
24
0
4
36
69
33
98
131
0
64
165
171
3
138
40
129
100
8
225
82
130
84
0
144
128
32
12
8
1
149
16
83
170
0
42
1
8
36
48
28
128
116
80
65
72
24
44
40
60
19
25
81
8
24
32
1
180
8
210
105
66
35
198
44
9
39
221
156
29
41
210
187
136
200
61
109
167
129
116
2
185
152
114
86
112
85
37
129
48
61
22
9
17
252
120
211
8
218
106
136
161
54
62
58
173
22
214
116
40
18
155
28
13
144
157
247
28
24
195
58
188
67
210
110
112
39
230
109
136
55
85
157
31
183
222
185
240
89
63
125
207
137
116
70
185
145
82
116
35
117
181
133
17
63
126
28
81
224
88
254
138
250
120
130
185
118
79
43
172
182
210
84
106
51
187
54
15
58
17
247
20
182
67
46
92
123
217
106
179
3
198
77
8
40
152
158
8
41
179
1
200
140
49
12
1
132
205
0
41
192
97
74
121
69
144
129
118
45
33
9
67
151
208
208
0
120
152
160
35
230
30
40
165
245
144
213
75
154
202
8
3
116
5
219
12
24
211
146
181
80
83
102
91
71
198
8
12
237
152
30
20
50
59
5
138
136
87
38
9
132
239
24
144
200
35
82
120
96
0
136
70
85
41
9
102
215
184
146
32
91
27
160
115
82
158
10
140
209
208
197
75
153
238
24
5
116
29
159
73
18
243
59
157
88
83
38
249
5
130
205
40
60
240
165
92
177
190
44
200
204
61
4
11
137
108
161
43
228
101
74
115
69
247
133
54
124
3
33
75
151
64
209
40
114
56
233
48
116
28
58
165
213
80
245
107
152
172
24
1
240
29
156
76
60
242
51
189
216
215
100
250
67
20
204
5
254
181
219
148
48
127
21
14
140
121
35
5
140
253
24
178
232
113
82
120
104
160
188
86
252
113
125
103
215
248
144
97
218
113
144
115
212
202
75
12
209
192
193
91
25
222
24
7
244
248
156
77
24
183
59
157
248
147
38
251
71
200
8
11
203
154
6
0
24
58
6
12
144
94
109
0
192
155
25
128
204
55
138
89
99
128
8
4
84
1
57
98
199
0
81
32
83
91
133
112
210
158
0
12
85
150
128
67
153
44
24
4
180
29
223
193
16
226
59
188
88
82
34
241
69
4
8
26
233
154
18
0
24
122
6
4
144
118
13
0
192
153
25
128
204
37
138
123
66
0
136
6
64
1
9
99
215
32
80
32
83
90
133
120
208
158
8
14
81
134
193
75
153
44
24
4
53
29
159
73
16
226
59
188
88
18
34
249
71
134
136
24
73
154
6
4
32
50
4
136
128
83
45
9
192
105
1
224
192
37
74
115
64
0
136
4
80
8
9
65
215
32
80
170
67
90
129
114
146
158
24
14
80
214
193
75
145
44
24
4
48
29
159
9
16
226
59
188
88
86
34
241
42
5
168
146
7
23
0
15
21
234
148
160
49
130
51
70
136
17
97
147
209
55
211
71
80
19
144
5
82
216
21
192
143
12
131
160
55
72
105
112
112
125
52
41
213
21
55
111
27
172
153
13
242
25
88
80
18
178
55
185
11
211
104
74
68
2
136
156
104
154
54
6
0
48
5
128
0
147
14
11
8
201
9
100
200
161
66
147
72
8
136
12
65
0
9
65
213
52
16
186
67
82
128
116
146
154
24
6
209
156
193
79
25
36
28
5
113
28
159
9
16
226
59
156
88
70
34
251
106
7
133
214
238
159
10
27
32
89
2
67
159
241
48
5
164
191
72
180
212
125
18
243
82
154
152
22
40
208
60
64
95
57
82
48
249
72
144
65
196
55
30
15
193
68
193
79
188
134
24
15
99
92
159
137
31
118
87
149
66
23
0
123
74
7
133
246
239
183
10
27
36
112
3
3
157
240
48
5
132
255
72
246
208
117
82
115
82
154
144
84
56
240
60
192
95
48
210
32
217
72
144
65
196
53
94
15
193
69
193
79
28
174
152
15
115
92
223
153
17
119
87
151
66
23
12
91
74
19
141
240
239
179
90
59
180
114
85
6
157
240
33
65
132
223
89
246
200
117
130
243
2
130
136
212
248
80
60
168
95
24
145
160
91
88
80
81
208
129
95
12
193
141
193
79
31
46
153
5
243
120
222
217
81
118
63
159
72
27
108
217
68
3
133
156
36
130
14
117
1
34
17
136
192
129
22
2
136
77
0
100
138
161
194
179
72
8
140
12
17
0
57
8
211
52
84
186
64
120
0
70
16
106
24
14
209
28
193
14
24
164
24
5
97
24
149
8
0
226
51
157
88
86
34
243
5
6
16
8
0
144
4
71
3
10
0
4
0
4
141
1
207
32
128
0
193
32
92
3
68
0
0
64
1
12
137
64
197
0
209
168
32
162
1
96
32
2
8
128
52
208
5
78
16
44
56
4
32
25
81
1
146
2
10
164
8
66
106
96
145
254
87
111
252
184
251
248
250
61
126
127
174
127
204
249
230
215
157
98
236
109
170
120
238
254
107
127
255
11
243
127
247
101
92
255
118
243
253
245
215
94
26
30
217
130
216
87
137
181
28
5
248
191
143
73
16
246
51
191
216
87
38
189
77
5
239
157
198
135
27
245
32
230
1
14
216
232
51
71
136
125
16
102
154
181
210
169
28
168
186
28
80
24
61
11
87
52
21
187
2
109
0
86
16
72
28
10
211
28
193
31
29
44
24
5
35
24
20
73
24
162
57
153
76
70
34
227
76
6
204
144
207
151
3
23
36
118
4
2
157
250
50
71
192
221
25
100
200
85
218
113
10
128
136
4
120
73
29
73
87
4
144
170
66
88
5
82
148
131
92
13
65
140
193
75
23
44
24
4
115
88
158
9
24
102
59
157
72
23
44
251
79
4
204
146
255
183
83
20
52
118
4
6
156
250
51
69
192
221
25
96
200
117
202
121
10
128
152
22
120
65
61
107
87
4
148
170
83
89
21
82
208
193
92
12
65
140
193
75
29
44
24
4
117
24
158
201
24
118
59
157
72
23
38
251
90
6
196
194
239
151
2
49
54
112
86
7
157
123
48
68
228
223
25
96
216
119
138
113
26
152
24
94
252
81
25
111
87
97
16
48
87
90
53
86
212
21
72
14
65
132
193
71
157
37
25
12
246
28
159
201
16
118
51
157
72
23
32
252
68
43
131
30
124
22
140
87
192
186
32
129
66
194
179
75
226
213
35
103
197
39
71
87
78
202
166
15
82
12
48
98
247
36
86
186
82
60
225
116
114
78
48
46
213
84
129
79
153
172
24
5
240
29
156
73
16
242
51
189
88
86
32
251
76
39
130
57
3
19
164
199
1
170
232
160
80
128
35
74
137
24
33
218
137
149
95
155
86
9
131
160
65
196
48
210
239
2
4
170
89
124
33
96
42
106
52
44
86
213
19
202
89
168
56
21
50
24
124
64
130
226
11
149
25
98
72
99
253
186
255
245
126
183
249
250
253
255
214
255
255
250
251
78
250
253
255
251
253
127
215
255
191
122
246
191
126
215
247
255
223
109
230
255
223
255
249
125
220
93
255
62
251
229
211
127
191
255
141
207
250
189
159
93
126
247
247
223
251
159
236
255
5
6
48
8
8
148
0
69
35
98
2
4
16
37
169
5
202
32
128
0
209
112
88
3
80
0
0
64
0
12
137
65
5
0
209
160
0
194
1
72
164
0
8
128
68
196
193
74
16
108
24
12
34
25
89
9
10
66
10
164
10
131
104
96
67
21
128
22
204
130
15
18
162
37
41
11
130
205
4
25
100
103
32
146
206
47
82
71
194
102
231
110
16
0
193
67
199
60
65
52
26
8
226
105
96
92
42
171
213
112
181
79
176
172
24
1
244
24
28
195
57
178
19
183
56
215
36
104
68
35
12
92
236
154
86
53
173
48
7
14
136
247
30
3
128
201
74
244
207
163
66
146
65
8
132
212
96
140
9
192
219
56
66
170
75
26
128
117
154
190
17
134
245
254
135
79
153
38
137
67
113
93
155
25
16
227
59
189
120
114
102
217
2
131
0
30
32
200
148
1
75
129
15
202
144
86
92
16
175
131
32
131
198
36
195
71
89
215
149
47
2
170
131
96
135
36
65
154
82
24
234
116
112
28
48
167
181
20
181
111
145
172
137
1
240
29
152
73
16
243
50
189
88
87
32
250
75
7
8
24
111
155
30
18
17
26
2
4
144
68
109
1
132
59
128
150
196
55
64
195
65
16
130
68
0
96
61
64
207
24
193
32
123
74
128
97
208
62
22
12
117
245
135
79
187
10
24
7
162
93
93
145
23
227
31
181
48
243
74
99
68
37
169
152
0
0
32
77
33
98
129
6
81
128
163
3
138
40
1
68
10
177
82
130
84
128
144
1
0
140
8
0
133
20
131
170
0
104
1
0
32
34
20
0
112
84
1
72
25
44
40
4
19
24
84
16
24
32
1
149
8
82
106
99
7
134
77
40
33
152
30
12
33
187
1
200
140
49
4
3
132
43
128
185
128
97
82
121
65
130
128
118
45
33
9
67
151
208
208
32
121
136
176
43
102
30
40
161
179
80
213
75
19
202
40
3
116
1
251
12
63
215
150
149
240
211
106
91
72
2
130
177
73
211
42
47
132
170
82
4
145
196
27
6
157
9
99
210
220
55
198
155
89
85
156
230
0
146
35
202
207
24
67
32
29
40
232
104
104
28
49
173
213
117
183
107
187
168
153
1
243
93
92
81
3
226
23
177
40
211
104
110
88
11
133
86
239
155
2
58
152
24
86
3
158
240
104
0
228
155
233
180
196
47
130
243
74
42
200
68
236
192
56
104
95
43
64
48
127
82
132
64
212
21
26
15
193
167
193
79
189
165
25
4
114
29
159
73
71
114
55
189
66
23
0
217
79
22
204
211
255
183
3
49
52
118
86
18
157
123
51
69
64
221
25
32
200
119
138
121
10
144
152
22
252
89
29
75
87
224
144
34
87
88
53
82
84
1
74
12
65
132
193
75
30
44
25
5
119
120
158
203
88
102
59
157
72
23
36
254
222
59
211
246
118
59
126
127
76
59
251
179
115
194
254
218
227
221
61
111
143
157
225
59
15
207
187
175
82
105
52
236
83
37
116
187
67
126
229
247
242
222
245
127
223
15
231
127
221
165
28
133
226
63
159
73
208
242
51
191
93
86
48
178
129
46
1
3
200
72
134
192
104
57
138
7
224
5
235
161
195
33
131
0
77
128
27
196
65
124
29
34
128
14
11
86
93
32
67
176
48
162
233
108
100
84
8
162
69
114
188
97
184
172
8
33
210
31
9
65
22
96
23
52
8
71
32
104
167
238
108
9
223
220
135
16
187
117
174
235
238
57
108
173
233
161
63
177
245
71
59
244
119
119
29
54
253
31
67
103
159
104
67
188
122
25
253
60
125
28
42
175
213
114
244
97
185
253
136
8
240
29
138
79
62
212
182
189
218
215
44
218
68
97
205
93
244
179
126
52
161
166
85
136
200
241
23
11
136
77
91
102
154
225
66
179
72
40
134
156
113
0
57
136
219
60
20
170
75
56
16
119
154
106
25
14
241
248
195
14
25
172
24
3
113
28
149
8
16
226
59
157
120
70
34
243
83
210
89
111
255
186
223
24
26
59
213
251
174
89
68
89
230
215
60
114
196
45
130
123
238
222
235
127
86
43
245
111
215
165
92
191
118
121
233
245
83
222
27
15
209
20
253
95
153
188
24
5
240
189
159
73
16
242
51
191
88
87
34
249
77
1
140
88
103
187
94
48
49
50
21
2
152
208
45
3
132
223
24
214
206
119
194
243
64
0
128
84
80
96
29
96
223
24
144
160
91
74
130
113
152
191
25
12
113
237
131
79
31
46
24
7
49
93
219
153
17
227
59
159
120
179
230
211
71
212
76
13
255
176
218
16
49
59
21
140
140
65
37
9
140
255
24
240
200
117
66
121
96
144
184
86
92
33
61
98
215
56
156
33
91
123
128
113
208
202
26
12
209
212
193
91
25
60
24
5
100
184
157
73
16
243
59
157
88
83
34
243
199
201
138
27
17
18
76
206
0
163
41
170
162
138
167
75
139
85
32
71
11
135
238
11
70
215
147
35
147
8
50
19
211
38
20
251
66
124
103
54
34
106
32
121
31
28
21
176
81
172
16
20
1
26
164
34
144
224
33
29
92
84
50
179
92
59
215
124
124
99
126
246
80
186
106
149
66
197
201
235
227
221
185
111
196
173
228
187
79
203
162
135
83
1
49
254
115
37
117
187
87
126
225
245
218
76
187
46
255
23
195
111
153
172
92
5
240
61
157
73
208
250
51
191
92
70
35
176
1
138
151
101
232
250
162
212
184
185
66
69
192
113
203
129
235
205
171
42
196
41
78
251
73
75
4
166
108
1
33
70
247
163
65
48
117
186
237
36
253
84
58
166
197
227
211
107
185
236
28
1
244
29
157
73
22
242
23
173
88
87
32
250
79
6
140
24
235
147
2
4
49
50
4
0
152
242
39
67
192
221
25
96
200
85
202
113
74
128
136
4
112
73
25
65
215
4
16
170
66
90
5
82
144
131
88
12
81
132
193
75
21
44
24
4
51
25
159
9
16
98
59
156
72
22
34
241
91
216
25
127
255
186
222
24
26
59
209
251
174
68
108
89
228
215
60
83
196
45
194
123
237
222
227
127
86
107
181
110
215
181
220
191
114
123
232
117
241
222
123
111
213
20
245
127
153
190
24
5
224
61
157
73
16
242
51
191
88
87
34
251
79
1
136
88
103
187
90
16
17
50
5
2
144
208
45
3
132
219
24
214
206
119
66
211
64
16
130
68
80
96
61
32
223
24
144
160
75
74
130
97
152
191
29
12
113
253
131
79
31
42
24
71
51
93
219
153
17
227
59
159
120
179
230
211
90
145
152
54
47
139
218
9
31
171
21
220
146
68
36
82
244
147
48
211
198
63
194
75
237
218
226
111
82
41
181
106
199
60
68
191
82
120
234
119
80
92
117
105
243
20
181
111
153
174
24
7
240
29
156
73
16
243
51
189
120
87
32
250
83
145
152
54
47
130
94
0
146
171
17
196
146
68
36
18
228
147
16
211
134
39
194
79
204
210
230
111
82
41
245
106
199
60
5
191
18
104
234
115
80
200
53
105
247
84
181
111
153
174
24
7
224
29
28
65
16
179
51
185
56
87
32
234
40
5
160
150
2
7
4
103
7
68
5
16
17
244
178
70
226
16
65
96
18
42
192
35
88
136
132
8
98
136
24
104
133
36
0
186
2
64
1
92
16
147
20
2
64
20
193
78
25
36
201
12
112
24
16
73
56
114
59
184
72
6
38
201
71
4
204
26
239
155
18
0
48
114
4
6
152
119
45
1
192
221
25
96
200
117
202
115
74
128
136
4
112
9
25
99
215
32
144
162
83
90
5
114
144
159
24
12
81
132
193
75
153
44
24
4
52
29
159
73
16
226
59
156
88
22
34
249
65
170
215
117
120
242
166
246
248
184
106
81
68
113
139
161
227
205
169
106
196
45
206
251
73
203
166
134
92
1
33
110
247
35
85
176
117
186
237
244
253
92
58
182
229
163
211
107
185
172
28
1
240
29
157
73
22
250
55
157
88
87
33
252
93
187
215
124
124
98
250
246
112
186
104
149
70
197
143
171
227
205
153
111
228
45
230
187
79
202
162
150
89
1
49
110
247
35
117
185
119
254
253
245
90
78
26
46
255
23
195
111
153
172
92
5
240
61
156
73
148
254
51
191
88
70
35
241
78
33
168
184
22
51
30
71
64
42
209
48
80
194
177
67
128
93
3
214
11
181
81
3
4
128
166
141
82
92
60
192
98
12
150
171
10
124
1
84
26
106
20
8
82
93
131
78
31
44
16
5
98
24
85
16
144
162
59
152
9
18
106
161
6
6
4
2
5
148
1
25
167
90
2
5
9
43
41
7
128
54
192
144
208
98
80
99
80
48
0
4
56
152
9
64
79
40
195
160
112
10
3
8
196
20
2
136
0
96
33
79
48
40
152
8
182
9
216
24
58
2
22
181
10
147
44
75
82
145
24
119
127
162
222
8
146
171
25
221
162
68
36
83
228
215
20
211
198
47
194
91
236
222
227
111
82
43
181
110
199
188
29
191
82
120
232
119
80
76
49
107
247
20
181
127
153
174
24
5
224
29
156
65
16
243
51
189
120
87
32
250
34
7
4
130
7
157
0
15
167
90
2
5
57
58
57
7
12
50
192
152
208
114
81
103
81
144
128
4
58
216
25
64
15
40
195
176
120
74
2
72
196
85
6
140
0
228
33
111
48
40
152
12
178
9
251
28
54
98
22
181
11
211
44
90
66
0
128
55
201
128
30
73
10
43
139
115
162
101
128
16
226
129
5
67
204
39
194
115
68
202
160
47
82
8
33
106
87
36
84
186
82
56
225
244
80
92
24
175
209
20
229
79
153
172
24
1
240
29
156
73
16
242
51
189
88
87
32
248
78
187
207
247
126
179
248
214
116
190
0
209
223
243
179
75
226
213
57
107
197
45
199
123
79
202
166
31
94
73
48
107
247
36
84
187
82
124
225
244
208
94
58
14
217
4
193
111
153
172
24
5
240
29
157
73
16
242
51
157
88
87
34
251
71
144
76
77
239
184
222
16
58
51
5
72
140
113
45
1
132
239
24
176
200
99
26
121
98
144
140
86
124
33
9
102
151
248
146
32
91
19
128
115
208
158
10
12
209
196
193
75
153
92
24
5
116
237
155
201
16
215
187
157
80
19
38
249
40
5
228
150
2
7
20
103
5
68
5
16
17
248
178
70
234
80
65
96
18
171
241
35
88
8
132
8
96
136
24
105
133
36
0
186
2
66
1
92
144
147
28
2
192
20
193
78
25
36
203
12
112
24
145
73
56
114
43
184
72
6
34
233
253
186
255
117
254
255
253
250
253
189
222
255
239
253
219
219
251
237
255
251
253
127
207
255
175
126
247
255
124
87
247
255
223
233
229
255
255
191
249
127
93
93
251
190
255
225
255
123
190
255
141
203
240
189
159
85
110
247
215
223
251
191
237
254
3
0
0
32
13
104
37
90
176
58
170
5
0
77
12
33
133
108
131
80
224
34
8
82
68
140
0
192
80
2
33
193
25
16
211
32
33
32
8
32
104
148
26
161
68
83
166
75
56
48
24
0
224
29
206
1
51
130
55
180
0
214
36
72
3
218
200
26
127
154
150
10
58
50
164
232
188
115
172
89
235
151
32
178
197
39
67
119
71
215
225
47
82
10
1
98
151
36
85
186
82
120
233
116
112
94
56
45
213
84
245
111
153
172
24
5
240
29
156
73
16
242
51
189
88
87
32
250
64
170
195
95
120
146
188
215
244
184
32
201
195
208
179
75
234
213
35
99
196
15
71
119
79
203
180
47
82
12
48
102
247
36
86
186
82
124
225
116
112
94
56
46
217
84
145
111
153
172
24
5
240
29
156
73
16
242
51
189
88
87
32
251
0
138
151
101
233
250
162
126
184
184
194
69
193
113
203
160
239
137
235
106
228
47
206
243
75
75
4
166
108
132
33
206
255
33
65
48
117
186
233
36
237
20
58
166
197
163
243
107
184
172
29
1
240
29
157
73
6
242
23
165
80
87
32
122
9
138
215
109
232
242
162
246
184
184
198
205
206
113
139
137
238
205
171
106
228
45
206
251
75
75
4
182
124
5
33
222
255
97
81
48
117
186
249
100
253
92
58
54
221
163
211
107
185
173
28
1
240
29
159
73
22
246
55
141
80
87
32
250
83
145
152
22
38
130
222
0
210
175
17
204
146
68
36
27
244
247
48
211
198
55
67
79
205
214
230
110
82
35
245
98
199
60
157
189
90
104
234
113
112
76
53
105
247
84
181
127
153
174
24
7
224
29
28
65
17
179
51
185
56
87
32
234
65
154
215
125
120
242
250
246
184
185
206
205
206
117
139
41
231
205
187
107
228
45
206
251
79
74
164
182
124
5
33
126
247
33
117
48
119
186
249
116
121
92
58
182
237
163
219
107
185
173
28
1
240
29
158
73
22
242
55
157
88
71
35
254
76
1
170
48
67
35
40
67
4
170
193
32
80
192
49
71
128
25
67
214
217
183
80
155
22
8
166
132
64
212
60
192
107
44
6
171
91
108
1
84
152
98
20
14
66
101
131
79
25
44
24
5
99
24
220
81
16
226
51
149
8
18
32
225
32
5
228
150
2
7
16
103
70
100
21
20
17
162
178
70
234
16
65
96
146
161
225
163
88
8
132
8
98
136
24
105
213
36
36
186
2
96
1
92
144
195
28
2
64
20
193
78
17
36
91
4
112
24
20
9
24
114
43
184
72
6
34
235
210
145
154
119
255
178
222
24
154
187
21
207
162
68
36
25
244
215
60
147
198
47
195
95
237
222
247
111
82
35
181
110
215
60
156
189
114
121
234
117
80
204
51
111
243
20
181
127
153
174
24
7
240
29
156
73
17
243
51
191
120
87
32
250
51
20
84
6
200
132
2
1
98
101
3
71
172
107
0
20
116
163
0
176
216
33
19
100
208
128
236
94
170
56
201
99
23
44
0
182
154
0
0
204
196
64
8
138
192
64
193
79
153
44
8
9
112
24
24
73
56
50
19
144
8
23
32
105
13
5
32
48
9
42
37
90
160
12
202
5
64
77
44
33
132
44
131
64
224
34
16
115
70
44
128
196
88
4
41
193
90
16
211
168
33
34
0
104
76
20
26
131
68
115
166
79
56
36
24
0
224
29
88
1
62
130
23
180
8
214
36
72
89
154
215
125
124
243
250
246
184
185
202
157
206
245
139
171
226
205
187
107
236
45
238
187
79
202
166
150
93
69
49
254
247
33
117
185
119
254
249
245
218
92
58
46
251
167
203
127
185
172
92
5
240
61
157
73
22
246
51
191
88
86
35
255
219
217
154
119
255
187
222
24
154
59
85
219
174
88
100
89
244
215
60
51
196
47
194
127
239
222
243
127
86
107
245
110
215
189
220
189
118
121
232
117
81
222
251
111
241
20
253
127
153
190
24
5
240
189
157
73
16
242
51
191
120
87
32
251
89
26
215
117
124
187
126
254
184
187
242
153
206
193
139
203
226
221
187
107
236
141
238
59
79
203
174
182
89
69
49
238
115
37
124
187
87
127
241
245
218
78
187
46
219
7
203
127
153
172
92
133
224
61
157
73
208
246
51
191
92
86
32
183
72
170
199
87
126
179
248
215
248
185
4
217
222
243
179
75
234
213
43
107
196
15
199
127
79
202
182
47
94
73
49
110
247
37
84
186
82
126
233
116
208
94
56
46
217
20
209
111
153
172
24
5
240
29
157
73
16
242
51
189
88
87
34
251
1
6
0
2
1
159
1
27
167
90
2
0
1
26
32
7
76
50
192
17
208
114
80
99
80
48
128
68
16
216
9
65
79
24
194
32
112
8
2
72
228
20
34
133
0
96
49
79
48
168
152
8
166
9
223
17
35
114
22
149
66
147
104
90
195
1
128
55
233
128
158
72
154
171
171
75
162
97
128
18
226
133
39
71
204
39
194
127
68
202
166
47
82
40
33
42
87
36
68
187
82
56
233
244
80
92
56
47
209
80
149
127
153
172
24
5
240
29
156
73
16
242
51
189
88
87
32
250
219
201
223
247
243
155
223
72
58
187
189
219
190
97
164
90
227
213
61
111
204
37
226
123
109
207
163
63
90
41
53
43
215
36
84
187
82
121
233
244
114
94
56
47
211
20
213
127
153
172
24
5
240
29
157
73
16
242
51
189
88
87
32
250
220
27
215
245
119
187
126
127
157
187
251
187
247
192
254
202
235
221
59
111
142
157
226
59
15
207
187
175
83
69
52
238
83
37
124
187
87
127
225
247
248
206
253
63
223
15
207
127
157
164
28
133
226
61
159
73
208
242
51
255
93
86
32
182
147
222
87
71
252
184
223
248
250
29
126
91
174
121
204
185
230
215
61
34
228
111
139
125
238
254
127
127
254
11
243
63
215
101
92
255
118
115
253
245
215
222
26
31
201
130
253
87
137
181
28
5
248
183
159
73
24
246
50
191
88
87
38
249
69
13
144
52
1
106
36
126
1
192
199
135
2
141
130
6
169
77
33
69
38
173
194
35
77
203
144
76
80
0
34
73
215
53
113
186
1
104
192
68
112
60
57
163
237
25
231
110
153
160
57
5
240
28
156
8
8
178
51
185
8
87
33
234
6
37
137
136
0
6
4
103
0
66
21
16
81
132
149
2
128
8
1
64
192
5
192
67
92
128
128
5
0
136
24
73
135
4
20
170
10
104
1
88
32
2
20
136
84
20
133
79
19
44
9
0
48
24
28
17
8
34
59
184
8
66
106
225
72
170
207
87
122
251
248
214
248
185
6
221
222
243
187
235
226
213
57
107
196
13
199
119
79
202
164
15
94
73
49
110
247
36
85
186
82
122
233
116
208
92
56
46
217
22
209
111
153
172
24
5
240
29
157
73
16
242
51
189
88
87
34
251
5
38
16
10
8
144
0
69
67
106
2
4
64
7
137
0
202
2
128
128
193
32
73
195
208
0
0
68
0
12
137
64
69
0
209
32
56
130
3
64
164
0
8
128
4
128
129
75
18
108
8
2
38
25
89
9
6
35
26
161
8
3
104
98
5
38
17
10
8
128
4
69
67
42
2
4
64
7
137
0
202
2
128
128
193
32
73
195
192
0
0
68
0
12
137
64
69
0
209
160
24
130
3
0
36
0
0
128
36
128
129
75
18
108
8
2
36
9
89
1
6
3
10
160
8
3
96
96
3
2
0
162
221
58
10
8
36
42
139
36
40
15
9
33
128
36
1
208
193
98
1
40
68
128
200
1
146
44
41
65
120
4
215
170
32
34
1
192
132
64
24
136
64
195
194
73
16
38
16
0
34
25
207
25
136
34
151
180
8
130
98
0
3
198
45
8
7
157
129
26
161
198
189
132
88
56
109
39
128
116
6
185
144
114
80
227
117
180
5
16
53
30
29
81
248
124
251
8
74
106
10
10
182
59
108
44
22
246
80
106
19
57
48
12
58
25
231
20
56
66
42
252
193
218
110
147
197
231
130
25
17
80
12
198
1
163
41
170
2
130
167
75
139
116
32
79
11
132
102
10
68
215
147
33
19
10
50
19
208
6
61
219
0
124
103
54
34
106
40
121
31
28
21
176
89
172
116
53
1
26
164
2
144
224
33
29
92
84
35
179
144
138
80
71
200
204
134
129
238
25
10
71
134
119
216
176
247
195
45
34
196
47
139
116
202
222
61
111
134
138
131
54
87
39
77
158
80
50
237
68
69
84
8
191
205
66
252
69
137
165
24
1
240
31
140
73
0
112
50
181
88
71
32
248
2
2
128
0
1
130
4
78
37
160
130
33
48
0
33
3
138
16
161
17
192
23
74
67
68
145
144
4
18
72
1
64
31
0
83
160
48
72
105
0
96
53
52
33
5
84
53
107
24
172
24
4
242
25
216
8
18
34
55
181
8
87
36
74
12
34
129
8
72
227
166
118
192
184
218
21
64
84
139
160
137
9
195
194
197
33
70
211
73
109
148
132
64
132
35
202
223
40
65
168
29
40
233
100
120
20
48
39
85
117
183
107
184
172
9
1
240
29
24
65
6
226
23
177
72
71
96
106
35
134
164
136
1
214
133
79
37
248
128
129
40
57
37
7
139
48
161
49
208
71
218
99
84
209
145
38
58
152
1
67
159
0
83
160
48
8
105
40
100
60
56
161
213
80
117
107
24
172
152
9
242
25
216
24
42
226
23
181
10
211
40
90
34
6
160
146
3
195
4
15
37
224
128
161
49
128
35
71
139
17
225
145
208
23
219
103
80
81
145
38
50
216
17
66
143
4
83
176
48
72
105
32
100
61
54
33
149
84
53
107
56
172
153
13
242
25
216
24
10
162
23
177
11
83
44
74
5
130
205
40
40
248
165
86
49
180
12
201
200
61
13
9
137
109
161
97
228
101
74
115
69
253
5
182
125
3
1
67
151
80
211
40
48
168
232
40
116
28
58
165
245
80
245
107
153
172
8
1
240
29
156
12
60
194
51
173
208
215
100
250
1
38
0
3
200
200
130
193
104
41
10
39
224
7
203
161
227
32
131
0
201
162
27
196
69
92
29
35
130
14
11
86
1
36
71
178
48
162
169
68
229
84
8
163
68
98
188
97
168
108
8
32
146
31
9
65
6
32
23
180
8
71
32
104
19
193
8
30
33
200
156
8
11
129
29
200
176
86
12
16
175
3
32
19
134
36
195
67
73
215
209
44
2
170
3
40
135
36
65
154
66
8
234
104
96
92
49
105
181
20
181
111
145
174
25
5
176
13
156
65
17
242
50
185
16
87
32
218
35
198
44
8
39
149
129
25
165
198
181
128
9
57
105
39
128
116
2
184
144
114
80
99
117
176
5
16
52
22
25
81
232
124
155
8
202
106
0
8
182
51
40
140
22
226
80
106
18
57
16
12
56
17
231
28
56
66
58
156
65
218
110
179
3
199
44
8
7
156
133
25
173
194
187
128
72
61
109
167
129
124
2
248
144
114
84
96
69
180
1
16
53
22
9
16
248
124
219
136
74
42
128
0
54
50
56
172
22
242
84
42
18
25
20
12
24
29
231
28
24
66
42
188
64
210
110
50
5
39
129
16
0
0
32
69
33
226
129
36
64
129
163
3
138
40
129
64
11
160
86
130
84
0
144
0
0
12
8
1
72
4
23
170
0
168
1
12
36
32
28
130
36
80
1
8
24
44
32
52
19
24
20
0
8
32
1
145
8
70
97
98
3
0
0
162
137
8
4
8
6
2
1
38
176
110
134
16
194
16
1
80
2
6
137
96
70
128
0
9
146
136
9
9
20
166
12
154
0
96
5
14
0
194
12
9
64
28
100
133
81
36
16
4
2
16
132
41
8
96
32
56
12
68
34
96
5
37
145
24
0
0
32
79
1
226
129
36
64
128
131
3
138
32
1
64
10
160
86
130
84
128
144
9
0
12
8
0
72
6
23
138
0
168
1
70
36
32
20
130
36
80
1
132
16
44
48
48
18
24
20
0
8
32
1
128
8
70
99
99
35
4
0
130
201
8
1
8
6
64
2
38
176
110
2
20
194
16
0
16
64
6
137
96
86
144
16
9
130
168
9
73
20
166
68
154
34
66
3
14
128
192
12
73
64
20
228
133
81
36
16
4
0
0
196
33
24
96
32
56
8
21
32
72
2
0
64
130
201
8
0
8
38
2
3
34
184
107
130
16
194
16
0
16
66
6
137
96
70
144
16
9
146
136
9
73
20
164
68
154
2
66
3
30
132
192
12
9
64
20
224
133
81
36
16
4
32
0
133
41
24
96
32
56
8
21
32
104
77
235
207
89
48
219
250
118
249
178
133
188
80
241
239
234
139
201
35
107
205
33
70
147
77
91
149
167
65
14
51
106
223
4
69
186
82
122
233
116
250
94
56
39
245
116
245
111
153
172
24
5
240
29
156
73
16
242
51
189
88
87
34
251
2
6
8
138
3
148
6
5
38
66
0
4
16
14
57
5
192
114
0
0
192
50
82
64
64
128
160
12
18
8
25
1
69
4
215
162
64
66
1
64
160
66
16
8
84
212
128
78
17
44
24
4
50
25
157
65
16
98
58
188
72
66
34
241
3
18
0
42
223
224
2
28
32
42
138
36
32
14
41
177
201
52
1
144
193
2
29
8
68
128
104
1
147
8
41
65
120
172
223
178
121
98
1
64
166
64
22
8
68
199
128
76
24
60
92
4
34
24
197
65
128
34
143
148
8
66
38
0
5
5
8
24
0
23
36
71
1
194
44
128
80
180
165
34
130
80
1
100
0
80
68
131
92
0
132
0
1
12
24
0
176
6
144
170
0
64
1
128
50
35
28
0
20
22
64
206
19
44
33
4
50
25
0
8
16
98
43
148
72
82
106
233
32
6
0
130
202
133
2
5
38
70
2
4
145
74
57
69
194
119
64
32
208
51
82
96
80
128
164
12
16
152
25
0
71
36
86
178
80
66
1
68
132
64
20
14
64
196
193
79
16
44
24
4
50
24
157
73
16
98
19
180
72
6
40
240
4
5
40
152
0
23
32
103
5
68
44
4
16
176
177
102
130
80
65
100
16
48
208
131
88
0
132
4
0
136
24
0
160
6
3
170
0
64
1
152
178
51
20
6
80
150
64
78
19
44
161
12
50
24
128
24
16
98
43
156
72
82
106
249
178
154
18
199
232
204
134
129
78
93
26
87
143
119
88
52
119
195
45
34
196
47
139
116
250
222
61
111
134
138
131
62
87
37
77
150
82
18
237
212
65
84
8
191
205
2
252
71
137
165
24
1
244
7
156
75
16
114
50
189
88
23
32
248
220
27
206
245
55
177
124
254
29
187
249
155
223
128
178
203
235
221
59
111
174
159
230
59
13
203
178
191
81
69
52
174
115
37
252
251
83
125
225
245
250
78
251
63
219
143
203
63
157
172
30
133
226
189
159
77
144
242
51
223
93
86
32
179
217
154
215
125
60
243
249
246
57
189
214
221
206
249
139
139
234
221
187
107
236
205
238
187
79
106
182
182
125
69
49
255
255
33
116
57
87
255
241
245
222
94
58
62
219
167
203
251
185
172
28
149
240
61
157
77
22
246
51
159
88
87
34
255
147
219
154
87
255
177
222
176
90
159
53
203
174
88
100
89
246
215
60
187
198
47
195
127
239
222
243
126
86
107
247
127
215
45
28
253
126
125
250
245
81
222
187
127
209
20
253
127
153
191
24
5
248
189
158
73
17
243
51
159
120
87
32
251
51
20
17
7
202
132
138
1
194
65
19
70
188
99
0
16
116
163
0
146
192
37
19
69
210
130
228
79
130
184
201
98
7
44
0
150
155
8
74
72
192
64
12
136
193
64
129
79
153
172
24
3
244
8
28
193
24
115
18
177
56
23
32
105
76
7
163
49
1
179
42
95
128
170
194
2
208
192
163
67
128
25
67
70
248
183
82
155
84
8
166
132
64
4
56
194
107
16
6
171
17
124
1
68
216
96
20
14
195
101
131
79
25
44
24
5
115
92
156
64
16
226
19
157
72
22
32
115
77
5
164
48
1
34
37
90
160
46
194
1
64
141
161
7
128
45
195
64
240
167
80
147
84
40
132
196
80
4
41
193
75
16
66
168
17
42
1
72
92
34
20
130
100
113
131
75
56
44
24
0
113
92
93
0
24
162
23
180
8
214
34
96
154
217
154
87
255
177
222
16
90
187
21
202
182
80
36
89
244
215
60
155
206
63
195
95
239
214
247
110
86
107
247
106
215
60
156
189
122
125
234
241
80
220
243
109
243
20
181
127
153
174
24
7
248
29
156
65
17
243
51
191
120
87
32
250
197
231
131
25
17
64
168
206
1
162
161
184
66
130
135
235
139
92
33
75
11
128
230
26
77
159
147
41
17
14
50
91
241
20
117
139
0
252
97
22
34
106
56
63
191
28
81
184
89
172
118
53
81
26
180
8
144
232
33
29
92
84
35
179
1
138
198
125
233
240
161
246
185
189
206
205
206
253
11
168
239
205
235
107
236
79
206
251
75
106
132
182
124
5
35
255
255
97
113
48
119
186
249
116
253
28
58
182
205
163
219
235
185
173
29
1
240
29
156
77
22
246
55
157
88
71
32
254
68
42
131
25
72
219
166
116
136
176
218
21
193
84
155
162
137
9
227
66
212
37
70
211
73
109
148
164
0
134
3
202
207
40
65
170
92
58
233
100
120
52
48
38
85
180
183
107
187
172
137
1
240
29
24
65
4
226
19
181
72
71
96
250
3
200
200
10
223
154
22
10
186
33
165
234
174
123
44
89
235
183
32
144
197
39
67
103
71
215
209
47
50
10
1
96
151
44
85
186
82
24
235
116
112
94
40
45
213
84
245
111
145
172
24
5
240
29
220
73
16
242
50
189
88
87
32
218
196
170
195
221
56
82
136
215
180
185
0
203
195
145
179
11
234
197
43
107
196
7
102
123
77
203
188
47
83
8
51
102
247
36
119
186
82
56
233
116
112
94
48
46
217
84
209
111
153
172
24
1
240
29
156
73
16
242
51
189
88
87
32
251
64
1
128
146
2
7
0
39
68
224
21
20
16
162
179
66
138
16
1
68
128
33
195
3
88
8
132
4
2
136
24
72
69
36
37
186
2
72
1
92
16
193
20
10
1
20
33
110
17
36
25
4
48
24
28
0
24
98
59
185
8
6
32
235
6
0
129
136
0
6
0
71
4
98
1
20
81
132
145
2
128
65
0
0
192
5
192
67
92
128
132
5
0
136
25
72
71
16
7
170
16
104
1
68
0
2
20
136
64
20
129
79
17
44
24
1
48
24
28
16
8
34
19
152
8
70
34
227
4
0
129
128
0
6
0
103
4
32
1
20
81
132
147
2
128
9
64
64
192
5
192
67
92
128
132
5
0
136
25
72
71
48
6
170
0
104
1
68
0
0
20
2
64
20
129
79
17
44
24
0
50
24
28
8
8
34
19
144
8
6
34
234
3
6
0
2
137
132
6
0
34
68
2
4
128
79
161
5
194
99
0
32
192
34
19
96
64
128
132
5
18
8
9
1
23
36
86
178
32
10
1
76
132
64
24
136
64
64
193
79
16
44
24
4
50
24
157
1
16
98
18
180
72
71
32
96
4
5
0
152
0
7
32
71
1
64
44
4
80
180
161
34
130
16
129
68
0
0
64
3
92
128
128
0
0
140
24
64
160
4
81
170
0
74
1
128
130
49
28
2
16
22
96
78
17
44
41
12
50
24
24
8
16
98
35
176
72
70
34
233
1
198
12
8
5
152
133
80
161
134
170
132
8
61
77
39
128
100
3
232
128
98
24
99
69
36
5
0
52
6
9
81
248
78
219
8
64
42
1
2
166
50
8
172
22
242
68
106
18
57
48
0
24
25
231
28
25
66
10
164
64
210
110
49
2
193
8
158
1
136
30
8
15
3
61
202
160
70
4
24
143
3
36
23
134
36
195
67
73
215
145
45
18
170
0
9
134
52
81
154
2
72
234
97
96
120
53
105
181
20
181
47
145
170
24
3
176
1
60
67
17
179
50
185
16
85
32
234
5
142
135
136
8
220
165
94
33
244
8
205
200
61
13
9
137
109
161
33
224
69
90
113
77
253
25
38
56
2
3
75
149
80
81
40
48
136
233
40
100
28
58
167
85
16
117
235
24
168
40
0
241
29
156
12
60
194
19
173
64
87
36
250
4
2
130
8
11
195
4
79
37
160
128
129
16
132
35
7
137
16
160
17
192
23
90
99
68
81
152
38
16
76
1
66
141
0
67
160
48
72
105
32
100
29
36
33
21
84
53
107
56
172
24
5
179
25
216
8
18
34
23
181
8
83
36
74
1
38
145
10
8
130
0
71
66
32
3
4
64
5
137
0
138
0
0
0
193
33
73
195
200
0
128
12
0
12
9
64
71
4
81
10
8
138
3
66
164
0
0
130
36
128
129
75
16
100
8
2
38
24
24
1
0
35
26
161
8
3
98
98
5
38
145
8
8
130
0
71
66
32
3
4
64
7
137
0
202
0
0
0
193
33
73
195
192
0
128
12
0
12
137
64
71
4
81
10
8
138
3
66
164
0
0
130
36
128
161
75
16
108
8
2
54
24
24
1
4
35
26
177
8
3
98
98
7
2
0
0
221
160
10
24
36
42
138
36
160
77
0
33
128
100
0
144
193
34
1
96
68
128
128
5
146
12
9
65
121
40
214
168
32
34
1
129
132
64
10
136
64
67
128
75
16
54
24
0
34
24
221
1
10
34
151
180
8
18
38
64
68
170
199
221
56
218
144
206
184
185
6
223
223
179
187
203
234
213
41
107
196
13
198
115
77
202
188
39
94
9
51
110
215
37
117
186
82
122
233
116
208
92
56
46
217
22
241
111
153
172
24
5
240
29
157
73
16
242
51
189
88
87
34
251
73
138
215
125
232
240
241
246
184
189
206
205
206
253
139
170
239
205
251
107
236
79
206
251
79
106
132
182
124
5
35
255
255
97
113
48
119
187
249
116
221
92
58
182
205
163
219
235
185
173
29
17
240
29
157
77
22
246
55
157
88
71
2
254
5
6
128
0
9
194
4
78
5
160
130
1
16
12
33
7
137
52
161
0
192
7
218
67
68
209
152
4
16
8
1
67
141
0
83
168
48
72
41
32
96
21
36
33
21
84
53
107
16
172
24
4
179
25
220
0
16
34
55
181
8
87
36
74
0
10
198
229
233
240
160
254
188
185
202
69
207
245
27
160
239
137
235
106
228
15
206
251
75
107
132
182
124
132
35
222
255
97
97
48
117
186
249
100
253
28
58
182
205
163
219
107
185
172
29
1
240
29
156
73
6
246
55
189
88
71
32
254
2
2
145
134
8
128
0
4
66
32
3
4
128
69
9
16
108
2
0
0
130
37
74
195
200
128
0
76
2
40
137
68
7
180
81
26
8
138
10
66
5
0
0
130
36
128
161
79
16
100
9
2
52
0
24
1
0
3
26
129
0
7
34
98
178
0
0
6
201
128
154
1
194
1
17
70
190
99
0
16
118
3
4
144
192
39
3
69
210
146
252
15
130
184
201
32
7
44
0
150
43
8
10
200
192
64
4
136
193
80
161
79
145
172
24
1
244
0
28
235
24
114
50
185
56
23
32
233
155
219
158
199
255
185
223
176
126
159
53
203
190
88
102
89
244
215
60
191
196
61
163
127
171
214
243
126
222
107
247
59
215
108
156
213
90
121
250
241
81
223
123
63
209
20
245
127
157
157
24
5
248
173
158
75
17
243
50
159
80
95
32
250
69
7
160
16
1
166
37
126
132
238
130
0
193
137
131
7
128
41
195
68
184
167
82
147
84
40
132
196
16
132
40
193
75
16
70
170
16
40
1
76
172
34
16
134
99
113
3
79
24
44
56
17
113
92
29
0
0
162
19
181
8
70
33
98
50
16
0
38
207
128
10
1
198
3
17
70
160
70
16
20
118
3
0
144
192
39
19
69
210
144
236
13
130
184
201
0
7
172
6
150
43
8
0
72
0
64
4
200
193
80
129
15
16
38
24
1
38
0
28
227
8
51
18
145
56
87
50
105
178
0
16
6
202
128
130
1
66
1
19
70
176
70
32
16
118
3
4
144
192
39
19
68
210
146
252
15
130
186
131
32
7
172
71
150
43
0
73
76
65
64
4
8
193
68
172
15
145
36
24
5
246
0
28
227
16
114
18
177
8
23
48
104
76
7
162
17
33
183
40
223
160
186
130
2
208
128
163
7
128
125
195
79
248
167
86
147
68
40
132
196
80
4
48
130
111
16
70
170
80
56
1
68
216
32
48
14
195
229
131
79
24
172
24
5
242
92
156
64
16
226
51
149
72
22
32
114
50
0
0
6
207
128
10
0
198
3
19
70
184
107
16
16
116
35
4
144
192
39
19
69
210
146
236
15
130
184
201
32
7
172
2
150
43
8
2
200
192
64
4
136
193
80
161
79
17
172
24
1
116
0
28
227
24
51
18
177
40
23
32
105
7
2
0
0
221
160
10
24
4
34
131
38
128
79
0
37
0
125
0
144
193
34
130
98
64
128
128
5
16
40
9
64
127
16
214
170
0
42
0
129
196
32
18
136
224
66
129
75
16
46
24
1
34
24
221
1
0
35
19
148
8
18
38
105
155
217
154
215
238
145
223
144
90
159
21
202
190
88
118
89
252
215
60
187
198
53
195
95
235
215
247
126
86
107
247
59
215
60
156
245
90
125
234
113
112
223
113
61
209
20
181
127
157
142
24
7
248
29
156
65
17
243
50
191
112
95
32
250
35
150
136
10
253
146
15
8
230
3
1
234
170
75
4
29
70
167
32
145
192
39
83
103
66
214
241
47
18
56
1
96
135
44
150
182
74
8
106
97
96
74
32
169
213
80
181
79
144
174
24
1
240
25
220
67
16
178
50
157
56
215
36
90
3
134
9
8
1
146
133
78
161
6
0
4
0
61
13
5
192
100
1
96
128
66
88
99
68
128
4
4
52
0
9
65
149
70
201
8
0
2
9
10
36
34
8
128
20
192
68
202
18
56
48
4
48
1
231
8
56
66
10
132
64
193
74
112
68
43
163
17
8
223
161
118
152
180
222
21
193
212
155
162
137
9
227
2
220
37
198
211
89
104
148
132
64
142
3
202
207
16
65
170
92
58
233
124
120
52
48
166
85
32
165
107
187
172
137
1
240
29
156
65
4
226
19
189
72
87
96
250
69
7
163
49
1
160
40
223
161
170
129
2
192
129
163
7
136
109
35
71
56
167
82
155
68
8
182
228
16
4
32
0
75
16
6
171
16
60
1
68
44
96
56
142
99
113
3
95
24
172
56
1
97
88
156
72
144
226
19
149
76
86
32
114
3
204
200
10
255
154
23
8
170
35
5
234
170
127
38
9
137
55
32
145
196
39
67
101
65
215
153
47
18
10
3
97
159
44
85
186
82
24
235
116
112
94
40
45
213
80
245
111
145
174
24
5
240
29
220
75
16
242
50
189
24
87
32
218
