posters/Movie Poster 37.jpg
512
782
125
-85.1009
-1
0
247
173
0.0255554
31
-66.9745
-1
0
278
170
0.00710187
31
-89.5061
-1
0
270
174
0.0111214
31
-104.112
-1
0
231
176
0.00740804
31
-81.4041
-1
0
248
176
0.0113436
31
-82.4674
-1
0
318
176
0.00640006
31
-139.441
-1
0
179
176
0.00675729
31
-145.491
-1
0
192
171
0.012914
31
-84.6442
-1
0
246
171
0.012795
31
164.299
-1
0
166
174
0.00748838
31
-84.9204
-1
0
278
175
0.0132378
31
-84.9759
-1
0
283
173
0.00723067
31
-84.6569
-1
0
289
176
0.00726735
31
-128.089
-1
0
208
170
0.00592671
31
-88.8693
-1
0
246
175
0.0155022
31
-109.213
-1
0
231
174
0.0134104
31
-116.952
-1
0
192
175
0.0141809
31
167.196
-1
0
170
172
0.00686652
31
-167.471
-1
0
356
172
0.00798213
31
-91.0354
-1
0
264
176
0.00745901
31
-116.565
-1
0
214
170
0.00506547
31
-85.156
-1
0
270
171
0.00569876
31
-96.5819
-1
0
219
177
0.00563395
31
-82.781
-1
0
284
176
0.00555147
31
-87.0391
-1
1
298.8
175.2
0.00251062
37.2
-84.6991
-1
1
283.2
172.8
0.00571696
37.2
-100.421
-1
1
219.6
176.4
0.00254956
37.2
158.199
-1
1
164.4
170.4
0.00377533
37.2
-94.6355
-1
1
246
171.6
0.0049489
37.2
-82.2079
-1
1
277.2
171.6
0.00425908
37.2
-88.0251
-1
1
270
175.2
0.00316473
37.2
160.271
-1
1
162
174
0.00405935
37.2
-92.8986
-1
1
246
175.2
0.00481307
37.2
162.142
-1
1
165.6
174
0.00570238
37.2
-129.193
-1
1
192
171.6
0.00580209
37.2
-165.805
-1
1
355.2
171.6
0.00287761
37.2
-95.0424
-1
1
240
174
0.00492156
37.2
-82.5686
-1
1
278.4
175.2
0.00506809
37.2
-98.9454
-1
1
240
171.6
0.00307323
37.2
-107.176
-1
1
204
177.6
0.00264016
37.2
-156.038
-1
1
356.4
175.2
0.00265708
37.2
174.904
-1
1
171.6
172.8
0.00533194
37.2
-85.7321
-1
1
284.4
176.4
0.00299497
37.2
-118.715
-1
1
192
175.2
0.00492466
37.2
-112.15
-1
1
204
172.8
0.00403432
37.2
-100.305
-1
2
305.28
174.24
0.00227279
44.64
-127.983
-1
2
191.52
171.36
0.00328737
44.64
-124.695
-1
2
198.72
171.36
0.00231662
44.64
-91.1573
-1
2
283.68
172.8
0.00343518
44.64
-94.1977
-1
2
246.24
171.36
0.00305243
44.64
-91.1573
-1
2
296.64
175.68
0.00235833
44.64
173.733
-1
2
172.8
172.8
0.002554
44.64
-126.87
-1
2
191.52
174.24
0.00315145
44.64
-96.0823
-1
2
239.04
172.8
0.00275268
44.64
160.39
-1
2
164.16
169.92
0.0017873
44.64
-31.8274
-1
2
178.56
557.28
0.00180306
44.64
62.2717
-1
2
260.64
410.4
0.00188354
44.64
-80.3266
-1
2
276.48
171.36
0.00198456
44.64
-113.629
-1
2
204.48
177.12
0.00169277
44.64
-132.221
-1
2
324
172.8
0.00183707
44.64
-90.7639
-1
2
298.08
171.36
0.00200795
44.64
-100.62
-1
2
306.72
171.36
0.00163344
44.64
-93.6782
-1
2
247.68
175.68
0.00202391
44.64
26.0876
-1
2
249.12
434.88
0.00135173
44.64
-140.711
-1
2
211.68
361.44
0.00138091
44.64
-167.396
-1
2
355.68
171.36
0.00138227
44.64
62.5045
-1
2
257.76
434.88
0.00137224
44.64
-6.70984
-1
3
266.112
288.576
0.000899599
53.568
-94.7472
-1
3
172.8
399.168
0.000913361
53.568
-27.6995
-1
3
177.984
556.416
0.00115217
53.568
-142.038
-1
3
190.08
174.528
0.00148625
53.568
-82.1847
-1
3
186.624
416.448
0.00180895
53.568
17.6711
-1
3
247.104
437.184
0.00145568
53.568
49.2364
-1
3
260.928
411.264
0.00139472
53.568
-163.61
-1
3
217.728
397.44
0.00105949
53.568
-123.69
-1
3
324.864
395.712
0.0009127
53.568
-140.44
-1
3
210.816
361.152
0.00119251
53.568
-100.521
-1
3
305.856
174.528
0.00101685
53.568
-96.953
-1
3
297.216
172.8
0.00124184
53.568
-94.8645
-1
3
285.12
172.8
0.00129593
53.568
-126.486
-1
3
198.72
172.8
0.00221105
53.568
171.322
-1
3
172.8
172.8
0.00126505
53.568
-142.074
-1
3
190.08
171.072
0.00151224
53.568
-94.8852
-1
3
247.104
171.072
0.00140412
53.568
-91.2364
-1
3
190.08
414.72
0.00101543
53.568
-25.0426
-1
3
203.904
461.376
0.00122191
53.568
-99.0507
-1
3
236.736
171.072
0.000842711
53.568
-23.5122
-1
3
210.816
485.568
0.000885352
53.568
-153.435
-1
3
243.648
311.04
0.000883362
53.568
-15.2833
-1
3
207.36
473.472
0.000898571
53.568
46.3748
-1
3
255.744
435.456
0.000855421
53.568
51.4287
-1
3
229.824
528.768
0.000761971
53.568
-85.6955
-1
3
274.752
171.072
0.00078425
53.568
-4.23639
-1
3
209.088
506.304
0.000805596
53.568
-119.954
-1
3
203.904
176.256
0.000769389
53.568
7.64501
-1
4
259.2
288.23
0.000753323
64.2816
-23.4661
-1
4
211.507
487.296
0.000918411
64.2816
13.9633
-1
4
248.832
437.53
0.00155283
64.2816
-21.0596
-1
4
257.126
466.56
0.000937771
64.2816
70.821
-1
4
279.936
226.022
0.000594572
64.2816
36.0983
-1
4
263.347
412.646
0.000962338
64.2816
0.246963
-1
4
250.906
449.971
0.000526893
64.2816
-152.103
-1
4
217.728
398.131
0.000844251
64.2816
-15.7808
-1
4
211.507
505.958
0.00053197
64.2816
35.6686
-1
4
255.053
433.382
0.000950241
64.2816
47.8388
-1
4
230.17
528.768
0.000724929
64.2816
-20.2657
-1
4
207.36
472.781
0.000531036
64.2816
-35.1664
-1
4
205.286
460.339
0.000482645
64.2816
-137.349
-1
4
209.434
360.806
0.00109898
64.2816
-32.3807
-1
4
302.746
300.672
0.000446799
64.2816
13.7938
-1
4
257.126
277.862
0.000453284
64.2816
53.5836
-1
4
255.053
230.17
0.000430279
64.2816
23.782
-1
4
250.906
284.083
0.000430549
64.2816
-6.88172
-1
4
302.746
321.408
0.000419428
64.2816
-88.2902
-1
5
266.25
470.293
0.000443073
77.1379
50.9061
-1
5
261.274
437.944
0.000484491
77.1379
11.9519
-1
5
258.785
286.157
0.000965535
77.1379
29.1099
-1
5
251.32
283.669
0.000481299
77.1379
11.0937
-1
5
258.785
278.692
0.000573405
77.1379
-22.433
-1
5
258.785
480.246
0.000863166
77.1379
-19.3407
-1
5
256.297
467.804
0.00120843
77.1379
-2.27761
-1
5
251.32
450.386
0.000413771
77.1379
7.21426
-1
5
248.832
437.944
0.00155416
77.1379
24.7395
-1
5
253.809
432.968
0.00148844
77.1379
24.5377
-1
5
261.274
410.573
0.000597605
77.1379
125
64
15
208
76
204
55
183
91
86
53
94
21
140
12
61
52
77
136
212
24
104
192
114
128
51
108
144
160
21
127
109
61
105
208
116
148
250
66
115
128
117
146
202
27
30
209
148
192
78
17
37
30
5
40
24
159
9
144
226
59
157
88
23
38
243
111
5
237
156
23
165
91
92
181
102
149
132
157
237
52
71
136
124
16
117
186
113
210
35
52
170
130
20
120
113
124
41
215
116
150
170
194
105
16
93
20
235
92
10
209
24
193
10
21
38
26
13
97
24
148
12
56
166
123
159
139
150
46
251
10
195
12
236
38
191
126
113
53
90
87
0
28
113
125
128
132
220
25
108
196
112
128
115
108
136
132
84
124
64
61
104
242
48
16
168
83
114
128
240
210
159
24
14
208
134
192
78
153
45
30
5
120
29
159
73
17
242
59
156
80
22
34
249
17
205
12
136
35
223
219
116
31
222
30
140
16
60
125
238
231
212
80
46
84
50
196
51
105
32
164
12
85
14
24
57
240
36
85
186
82
114
137
116
146
222
24
14
20
150
192
110
153
45
30
5
184
29
157
73
16
242
59
188
88
70
34
241
7
203
72
204
55
26
94
86
61
30
13
200
8
29
124
139
137
244
28
233
196
32
36
50
101
129
128
21
85
45
57
97
208
52
86
170
66
114
129
181
210
254
24
15
208
214
196
78
145
173
22
5
104
29
151
8
144
226
59
188
88
86
34
185
218
217
142
252
39
63
92
23
63
244
61
201
30
248
126
159
253
218
56
255
134
169
244
51
233
11
226
94
81
53
252
97
247
48
50
104
203
103
210
225
210
158
57
127
218
22
199
78
153
128
94
5
120
29
147
73
147
243
59
191
80
118
2
249
86
33
147
154
2
71
13
78
195
198
27
20
81
230
187
114
195
84
0
102
10
177
198
11
12
192
166
13
2
168
60
9
117
6
29
155
0
118
67
94
34
64
196
104
6
30
69
190
87
44
80
5
34
24
52
75
128
98
40
56
77
12
50
240
100
43
101
144
64
79
1
99
204
68
175
20
81
240
217
230
210
80
71
100
31
128
180
135
95
32
132
8
160
158
26
152
224
6
71
186
0
114
197
220
150
53
20
134
64
46
32
204
131
44
193
24
18
29
1
25
32
96
65
56
72
4
42
249
47
20
108
204
55
183
91
118
55
94
21
20
29
60
52
69
136
212
16
104
192
114
128
51
44
144
160
29
126
125
61
105
80
100
148
250
194
115
17
85
144
203
95
14
209
132
192
78
23
53
30
4
42
24
150
13
152
102
59
157
73
31
38
243
109
7
182
17
1
103
163
243
128
196
194
6
80
233
131
6
239
41
227
70
112
167
84
210
80
127
181
232
192
150
98
145
78
0
71
174
145
40
105
76
124
0
48
167
197
113
183
110
25
172
24
9
242
28
28
65
32
242
83
177
10
215
40
106
11
205
12
236
110
62
92
87
49
86
5
200
12
113
124
137
132
220
25
104
196
96
160
115
111
138
132
84
125
1
57
105
214
48
16
104
66
115
128
241
210
158
24
31
208
150
193
78
153
161
30
5
104
29
159
9
17
210
59
156
80
86
2
249
11
215
76
252
110
191
93
86
53
86
85
132
29
125
52
13
172
220
25
108
192
112
128
115
110
152
164
92
125
65
60
105
214
112
144
40
66
115
144
113
150
155
26
14
208
132
193
78
153
1
30
4
104
29
159
13
25
214
59
159
80
23
6
249
2
203
12
220
108
190
94
19
49
84
45
136
8
117
124
169
164
205
9
236
198
40
0
115
75
138
164
92
85
0
57
97
246
48
80
40
67
98
128
224
210
158
24
15
208
150
197
78
153
129
28
5
96
93
159
73
17
210
59
156
80
86
2
249
48
43
117
192
226
31
131
123
239
84
147
86
93
113
217
196
210
213
79
100
86
84
144
247
95
176
12
28
172
152
24
153
120
68
70
154
192
114
149
28
149
85
24
150
64
174
192
76
135
45
133
8
50
29
135
95
104
102
16
172
72
95
40
249
7
197
12
204
39
27
94
86
53
94
21
140
8
29
108
143
136
212
28
172
196
34
164
51
109
144
128
20
85
13
61
105
208
52
20
234
82
115
128
245
210
222
24
30
208
150
192
78
153
45
30
5
120
29
159
9
144
242
59
156
88
86
34
249
24
75
60
201
35
157
211
113
31
220
86
21
17
60
121
228
230
212
89
46
212
50
132
115
105
32
36
12
84
204
28
57
240
36
85
186
86
115
129
116
146
215
24
14
80
166
192
78
155
45
31
5
184
29
143
73
16
98
43
188
89
14
34
241
114
73
25
154
66
79
83
11
207
68
63
20
17
238
249
246
242
215
16
36
14
176
128
6
31
196
172
13
130
170
28
57
32
37
85
219
66
115
135
220
146
213
5
72
4
158
228
12
199
37
19
4
42
25
165
67
80
114
56
56
89
12
50
176
13
7
180
16
65
39
39
118
160
68
194
6
64
109
131
4
200
41
195
102
112
231
80
242
82
56
148
192
224
20
104
193
79
16
65
170
145
40
65
72
60
0
24
134
101
113
167
78
56
172
8
13
240
28
24
65
40
162
83
177
10
195
41
74
60
161
117
133
146
205
131
116
239
5
143
116
253
127
248
224
251
244
67
100
85
32
99
228
253
252
20
45
102
142
90
41
212
100
71
158
2
114
201
92
81
85
28
39
197
52
253
46
153
172
137
13
240
29
156
73
56
242
50
173
88
95
36
250
8
203
12
220
98
187
126
52
57
24
127
137
24
117
125
168
132
216
25
108
196
32
164
50
105
8
128
68
85
0
57
104
240
48
80
168
83
114
128
240
210
158
24
30
208
150
194
78
153
173
30
5
120
29
159
73
16
242
59
188
88
86
34
249
56
35
101
193
246
157
135
121
239
84
147
84
221
116
249
68
242
213
75
110
86
116
144
245
30
176
44
28
60
216
28
153
118
100
86
154
200
122
149
84
149
81
84
30
64
174
192
6
158
45
149
13
50
29
143
95
64
118
82
156
73
15
40
248
27
21
108
236
62
181
127
112
53
86
85
0
29
121
52
69
132
220
25
104
240
112
128
115
108
168
164
92
124
81
61
233
86
116
144
168
66
121
16
81
20
139
95
14
64
132
192
79
31
53
30
4
104
24
159
13
24
230
59
156
65
14
38
241
1
205
12
203
35
223
219
57
31
198
61
204
17
28
125
238
225
212
84
47
22
34
164
35
105
167
161
12
85
11
24
57
240
36
85
218
82
115
203
244
210
222
56
46
144
30
208
110
145
173
22
5
184
29
149
75
16
242
58
60
88
84
34
185
3
203
12
252
36
190
94
66
49
86
37
200
8
113
124
137
132
236
29
108
198
32
0
115
109
138
132
84
85
0
56
97
246
48
80
40
66
114
128
224
210
190
24
15
208
150
193
78
153
137
30
5
120
93
159
9
17
210
59
156
80
86
2
249
66
217
140
220
38
187
88
55
57
112
21
137
142
241
30
11
164
203
16
234
206
45
66
243
107
10
162
220
113
5
188
97
215
48
16
32
91
75
144
97
210
158
25
14
209
148
195
79
153
192
26
7
112
93
155
73
19
211
59
191
80
115
2
235
14
19
140
220
238
189
88
23
49
84
5
4
140
241
52
9
132
221
1
224
198
125
194
115
78
10
134
92
124
4
60
97
215
112
144
40
66
106
144
97
148
187
26
14
208
132
195
79
25
0
24
5
96
93
159
9
25
211
59
159
80
87
6
249
3
205
8
202
34
157
209
3
15
198
23
140
17
60
125
172
128
212
24
46
134
48
132
99
121
128
132
12
21
138
24
57
240
36
81
138
66
91
139
120
146
223
8
14
148
158
192
46
145
45
22
5
56
29
151
75
16
98
58
60
88
84
34
249
201
5
246
21
0
227
163
246
32
133
234
69
78
233
0
34
239
40
231
231
113
41
101
179
216
127
149
254
104
6
226
145
218
33
97
184
17
32
105
236
124
20
56
167
197
49
247
110
152
172
73
1
240
28
24
73
46
179
19
177
24
87
32
106
12
3
204
208
39
145
88
114
55
54
23
0
157
248
57
67
128
212
0
40
192
118
192
115
44
128
128
80
124
77
28
105
82
48
144
168
66
120
18
81
176
161
93
15
0
132
193
79
23
45
28
4
42
25
159
9
16
98
59
157
73
14
32
241
15
5
236
220
174
181
88
118
49
118
21
4
156
249
52
5
132
221
16
224
194
125
194
115
110
10
134
84
120
5
60
105
215
112
144
40
66
105
16
81
20
170
24
14
209
132
193
79
25
36
24
5
96
88
158
13
25
198
59
159
64
23
2
243
4
203
12
220
236
157
92
83
57
114
5
136
136
113
124
137
132
216
0
226
196
36
128
115
106
2
132
68
85
5
25
96
211
48
80
40
82
98
128
96
210
190
24
14
208
150
193
79
153
9
28
5
120
93
159
9
17
195
59
189
80
82
2
249
225
207
182
21
0
199
175
247
8
237
234
205
82
237
193
174
239
168
231
71
124
169
116
147
217
111
165
238
65
134
226
147
232
37
101
186
145
32
233
236
122
92
56
175
253
115
183
110
137
172
88
1
240
29
156
65
16
242
19
181
90
86
32
234
5
207
12
88
171
153
88
114
58
54
5
140
24
253
109
138
128
208
0
170
204
32
128
51
107
16
128
68
85
13
24
113
242
48
16
168
82
115
130
112
146
190
24
14
208
150
193
78
145
45
30
5
56
29
159
9
17
226
59
157
88
86
34
249
229
7
182
21
0
199
163
247
0
197
234
69
82
237
129
38
239
40
231
71
120
171
116
147
88
127
181
236
64
150
226
147
234
32
97
184
145
40
105
76
120
20
56
167
229
113
183
110
153
172
88
9
240
28
24
65
32
242
83
177
26
87
40
106
114
43
177
146
66
15
9
75
206
70
51
20
83
226
248
246
242
85
64
100
14
149
128
3
31
128
174
13
130
168
28
8
96
36
70
155
0
118
135
222
128
81
5
8
8
14
192
142
215
36
144
132
34
25
149
27
192
114
16
56
77
28
48
177
52
169
117
132
146
205
1
104
239
69
143
124
253
63
252
224
251
212
66
100
23
32
131
229
221
252
148
41
34
142
90
41
212
36
69
158
2
122
201
92
17
217
28
39
197
60
252
46
145
164
129
12
240
29
148
73
56
242
48
185
88
71
32
250
5
15
12
80
35
157
80
114
59
86
23
0
152
248
105
134
128
212
0
42
206
54
128
115
73
32
128
4
20
12
28
57
242
52
80
170
82
123
130
80
144
191
24
14
144
134
193
78
145
45
28
5
56
29
159
9
17
98
58
188
72
20
34
249
5
207
140
220
36
156
92
87
49
86
5
136
8
241
60
9
140
216
0
234
198
109
82
115
110
10
134
84
117
5
56
97
215
48
16
40
66
106
144
97
210
190
24
14
208
148
195
79
153
8
30
5
112
93
155
9
17
195
59
157
80
115
2
251
8
7
108
208
167
157
80
113
55
86
23
2
156
248
57
70
196
213
72
40
92
118
128
115
8
0
128
88
60
76
28
41
114
36
16
170
66
123
147
80
144
151
92
30
0
134
193
79
151
45
28
4
58
25
159
73
16
98
59
156
73
28
32
241
82
201
8
154
66
142
91
3
15
70
29
140
17
174
93
190
230
87
20
36
14
162
128
35
93
196
172
13
19
170
24
57
178
36
85
154
66
74
195
222
130
218
12
104
20
30
228
46
209
44
16
4
40
25
165
203
16
114
56
56
88
84
50
177
54
177
117
134
146
205
5
109
199
69
159
116
253
126
180
116
251
212
66
100
147
34
195
229
220
244
228
45
34
158
90
41
214
44
69
158
74
112
203
94
49
217
20
47
133
60
245
46
145
164
145
12
48
25
148
73
56
114
48
185
88
87
32
250
101
37
183
21
64
199
43
227
128
228
195
4
80
237
129
6
170
41
195
70
123
173
84
131
88
56
150
140
0
150
42
145
74
20
69
186
144
40
65
76
56
32
16
134
229
113
163
110
25
172
24
11
240
24
28
65
8
99
83
177
42
7
41
98
5
203
140
220
40
156
92
22
57
52
5
136
128
241
124
137
132
200
0
234
198
45
66
211
75
10
132
68
69
4
184
97
215
48
80
40
83
106
128
96
210
190
24
14
208
150
195
79
153
136
24
5
112
93
155
73
19
211
59
189
80
114
2
249
82
9
9
154
66
15
91
11
142
70
27
22
17
238
125
246
226
87
16
100
14
148
128
35
31
128
174
13
146
170
28
41
98
37
93
219
66
103
135
222
146
193
68
72
2
30
224
156
197
36
18
4
42
25
165
203
144
114
56
56
93
12
50
177
114
9
9
146
66
143
19
3
143
68
23
16
153
250
121
86
226
215
28
36
14
150
128
35
95
144
172
13
18
136
28
57
18
37
84
154
66
122
135
94
144
211
4
10
1
142
192
14
133
37
17
4
58
25
135
75
16
114
56
60
73
12
48
185
24
25
156
94
35
25
88
35
27
184
87
131
156
240
107
18
116
155
16
155
198
60
195
243
249
26
242
88
64
197
220
96
223
48
32
100
87
75
194
104
240
159
253
14
241
132
195
79
155
202
25
5
124
13
155
201
19
243
59
245
81
43
130
235
114
11
129
146
66
15
11
7
199
102
19
18
19
162
58
214
246
87
64
100
14
149
192
3
31
128
174
13
2
168
28
9
64
37
86
155
0
110
135
206
128
65
69
8
131
14
193
140
215
36
16
132
34
25
181
91
192
114
48
56
77
20
48
177
242
11
1
146
66
15
10
3
15
70
51
2
145
160
122
214
246
211
4
100
14
149
128
2
31
128
174
13
130
168
28
9
66
36
86
155
64
110
135
202
128
81
4
9
130
14
192
12
151
36
16
4
34
25
151
27
0
114
48
56
77
92
48
177
9
7
156
84
34
23
88
51
51
52
7
2
158
240
50
2
164
219
0
162
198
253
194
243
74
2
182
88
120
68
156
96
215
48
16
40
82
74
210
97
208
191
153
14
241
4
195
79
153
200
24
5
240
93
155
73
19
83
51
149
80
51
3
235
5
3
140
208
47
17
80
114
38
38
55
2
156
248
59
66
132
213
0
32
74
244
194
98
8
0
144
88
176
76
21
105
87
48
17
234
66
120
18
64
176
161
76
31
0
132
193
79
21
172
24
5
50
88
158
11
17
66
56
29
73
12
32
240
80
13
158
84
32
153
88
51
51
48
7
131
150
241
14
10
164
203
0
227
206
172
67
211
203
26
182
216
64
4
188
96
219
48
64
32
91
74
194
96
208
158
25
14
240
52
195
79
153
200
8
71
112
93
155
73
19
211
59
181
80
50
3
235
101
37
167
21
64
199
43
231
128
228
195
20
80
229
145
38
170
41
67
70
59
169
86
131
88
122
150
140
0
150
34
25
74
52
5
186
144
40
65
76
56
96
16
166
229
120
163
110
25
172
24
75
240
24
28
65
8
98
83
177
40
6
41
234
82
9
139
150
66
15
27
7
70
102
19
22
17
162
59
242
246
87
16
100
14
149
192
3
31
128
174
13
130
168
28
41
96
37
85
155
2
110
135
214
128
65
68
72
2
30
193
28
213
44
16
5
34
25
53
203
144
114
56
56
77
4
48
177
5
7
140
208
171
29
80
176
34
102
23
2
152
120
43
6
132
212
0
34
78
244
194
98
72
0
128
72
176
8
29
9
119
48
80
170
66
122
130
66
176
49
8
30
0
134
193
15
147
172
24
5
50
25
157
75
17
98
56
61
72
20
32
249
221
45
230
21
64
227
46
246
0
165
251
21
94
229
0
162
237
9
103
231
127
169
231
131
217
111
165
254
64
6
226
19
250
57
101
186
29
40
233
236
124
28
189
175
205
49
247
110
153
172
73
71
240
28
24
65
46
179
19
177
24
118
32
234
62
52
97
138
223
205
131
121
79
70
154
54
253
78
249
117
242
116
64
48
209
112
147
96
92
164
96
9
146
222
95
137
68
100
223
154
128
114
201
21
165
85
70
8
68
150
228
53
150
52
145
12
162
129
76
49
40
2
90
32
138
143
44
96
67
71
9
88
33
146
78
9
35
227
41
138
144
225
36
27
132
33
36
7
138
244
80
67
84
214
131
125
2
40
12
0
146
150
130
11
128
104
50
202
38
42
44
105
182
92
197
27
81
138
48
71
35
88
124
170
25
99
80
23
56
240
217
43
69
1
204
212
38
23
88
86
50
126
5
6
222
249
54
3
132
249
0
230
74
253
194
115
78
2
182
88
120
4
60
97
87
50
144
168
66
108
82
65
84
170
24
14
241
132
193
79
17
172
24
5
96
88
158
13
25
83
59
159
72
49
3
251
66
77
8
154
195
142
26
3
7
70
17
14
144
174
125
62
228
83
16
100
10
134
128
33
94
144
172
13
18
170
24
41
82
37
85
155
66
110
135
94
130
202
12
8
22
30
228
30
193
36
16
4
40
25
133
235
16
114
56
56
88
68
50
177
50
58
209
134
43
141
145
11
79
64
23
118
189
114
121
84
246
151
0
16
134
60
195
71
249
144
240
75
38
248
221
111
135
164
115
150
238
90
235
94
161
93
229
65
128
4
241
111
215
166
137
15
182
1
189
251
0
114
50
121
89
13
48
95
25
17
156
212
38
55
88
50
51
180
87
3
156
241
50
18
236
219
32
235
70
253
195
243
136
26
182
88
120
100
180
97
87
112
48
96
87
72
210
65
244
137
189
79
225
132
227
111
155
200
25
71
242
88
154
77
27
87
59
215
81
51
5
234
24
17
158
214
39
17
88
51
23
248
87
3
156
240
51
18
124
155
112
187
206
188
195
243
168
26
243
120
120
193
244
98
95
48
48
116
87
73
242
64
240
149
253
31
193
132
211
111
159
202
25
133
254
12
154
205
19
115
59
213
81
59
0
234
5
71
12
88
170
25
80
112
2
50
7
2
144
240
111
2
132
216
0
162
78
164
128
226
74
2
128
72
128
12
25
1
242
48
80
168
66
122
130
96
146
62
8
30
144
134
193
79
145
45
24
5
48
89
159
11
17
66
58
29
88
80
34
249
193
223
28
78
228
26
158
146
107
19
41
202
166
81
102
25
143
163
44
221
70
197
17
210
195
87
249
126
133
34
130
48
218
20
211
137
72
24
232
97
100
94
56
189
245
88
244
45
144
139
0
7
240
29
218
203
17
243
16
53
112
83
64
90
70
5
9
56
9
128
46
73
33
42
9
2
128
68
33
3
137
41
33
66
202
52
80
75
68
212
147
164
64
34
33
64
83
20
215
170
1
40
96
66
32
104
60
41
119
85
183
107
25
172
24
5
224
29
92
8
25
162
19
181
8
83
96
98
48
97
117
132
146
205
7
105
207
69
159
124
245
36
220
100
251
212
70
100
26
34
131
229
221
252
172
45
34
142
90
40
208
36
69
158
2
122
201
94
17
217
20
39
197
60
236
46
129
164
145
12
112
29
20
73
24
242
49
185
88
87
34
250
67
213
236
88
167
220
95
0
43
103
45
138
156
237
36
31
141
117
48
39
174
119
82
99
85
247
179
124
59
59
87
33
147
84
147
10
130
105
250
107
54
187
44
105
183
88
245
63
149
138
16
111
168
217
124
62
57
183
120
63
177
241
221
234
65
132
142
221
234
215
218
53
56
255
84
141
156
253
11
12
236
155
217
166
252
45
223
249
122
104
170
86
73
213
185
103
255
49
17
33
87
99
236
104
208
28
8
142
213
176
203
123
153
200
26
5
245
93
152
203
87
247
63
157
210
35
2
231
30
168
139
187
23
209
221
46
87
170
253
188
49
6
191
250
155
20
32
19
132
53
198
75
109
197
224
37
83
235
23
107
151
132
213
178
62
120
233
117
114
93
231
105
183
20
117
111
155
174
185
7
176
29
124
80
16
162
63
249
25
87
96
246
63
52
96
142
223
141
3
24
198
68
155
54
189
78
249
117
242
117
64
48
209
50
145
102
108
164
96
9
146
122
95
73
6
100
223
154
130
98
203
23
165
209
68
10
68
22
228
79
132
52
144
12
162
16
12
1
40
34
58
56
8
143
46
96
82
9
147
151
66
7
10
199
6
230
19
4
19
132
51
114
246
81
0
103
10
149
228
11
30
128
174
13
2
168
28
91
97
37
116
187
0
110
7
198
128
64
4
10
138
30
65
142
213
40
80
149
50
24
53
75
192
58
33
120
77
20
16
224
94
33
155
186
18
67
8
207
71
234
9
180
19
134
179
122
219
84
96
3
128
145
228
3
12
193
160
9
3
232
30
202
165
4
151
186
48
100
73
116
32
73
117
40
182
20
101
238
95
172
186
149
178
24
52
88
128
50
35
249
25
92
96
242
195
207
130
90
97
26
6
130
107
17
41
202
162
179
70
27
237
131
44
157
6
133
1
194
195
87
249
110
135
10
130
0
154
36
81
176
72
24
234
96
100
30
56
191
149
88
244
109
144
171
0
5
240
13
218
203
1
243
16
53
88
81
64
90
195
199
136
20
232
18
30
3
35
35
33
202
130
193
38
27
132
99
36
5
10
245
18
74
70
130
171
126
146
40
12
64
179
148
208
9
128
44
162
195
70
42
41
201
179
92
193
31
82
138
16
7
7
121
125
171
25
59
16
20
52
208
90
41
4
2
76
161
201
144
162
9
48
26
2
101
152
119
41
0
128
25
129
176
192
112
10
104
80
0
8
20
44
192
9
66
31
208
75
32
53
194
9
32
196
36
10
0
80
133
194
75
59
108
24
5
183
65
216
25
14
70
150
132
2
91
98
64
63
255
125
237
255
253
223
88
255
85
253
251
237
121
252
253
245
247
110
243
247
122
19
116
245
255
247
255
127
127
215
167
143
252
223
158
254
121
250
127
255
223
239
237
245
115
255
63
190
255
137
75
250
181
219
117
62
151
246
175
251
251
238
223
5
5
1
56
9
160
46
73
33
170
40
2
128
68
161
3
137
109
161
66
194
36
88
75
64
215
147
164
16
2
33
66
67
18
213
32
17
168
105
96
96
96
60
105
87
85
183
107
24
172
24
5
224
29
92
0
17
162
19
181
8
83
97
98
26
29
154
94
35
25
88
39
19
176
23
131
28
240
43
18
124
146
32
155
198
188
193
195
185
18
242
88
64
229
212
96
223
56
97
100
95
72
242
104
240
157
189
79
177
132
147
111
155
202
9
71
180
13
217
201
19
115
63
245
113
49
128
203
16
17
158
84
34
17
88
39
19
176
23
3
28
240
35
18
124
154
32
187
70
188
193
195
137
19
242
88
96
68
148
96
223
48
33
36
95
72
242
64
240
157
189
47
161
36
211
111
145
202
9
71
180
25
152
73
19
115
59
245
113
49
129
234
144
5
158
84
34
17
88
55
51
176
23
3
30
240
34
2
236
218
0
171
6
188
67
163
200
2
178
90
32
68
156
96
95
48
48
32
90
72
210
64
80
25
189
46
160
4
195
111
145
200
9
71
242
88
152
73
19
83
51
149
81
49
1
234
210
9
145
146
66
14
10
7
7
102
51
2
19
160
58
82
244
83
0
101
14
149
194
2
95
128
170
77
130
168
28
73
67
37
86
155
0
110
134
202
128
64
4
73
131
30
193
140
213
36
16
4
34
89
181
203
192
112
48
56
77
20
16
241
69
37
167
21
0
199
104
231
0
228
107
20
82
228
147
38
169
9
98
71
27
173
118
131
88
107
150
236
0
142
34
9
75
54
37
186
144
40
75
92
112
32
177
167
229
56
165
110
25
172
8
75
240
24
28
65
0
114
83
177
8
54
33
234
242
9
179
151
64
6
10
199
134
230
51
16
19
160
147
54
246
81
0
103
10
141
228
11
95
130
174
15
2
136
24
94
97
37
100
187
0
110
7
198
130
66
4
10
138
30
1
140
213
40
112
145
51
26
53
75
192
122
33
120
76
84
16
241
5
7
140
212
34
145
92
52
34
96
7
2
156
244
35
2
132
210
0
162
138
253
194
98
8
2
144
88
48
8
21
33
87
48
16
10
66
72
82
66
52
33
44
47
132
132
197
15
17
136
24
5
50
88
158
75
17
82
56
29
72
20
0
250
44
32
187
144
2
71
8
71
135
238
9
148
81
164
179
118
219
80
194
35
144
19
118
3
92
193
164
77
3
248
62
202
69
4
7
170
176
108
73
84
0
65
116
40
54
84
37
110
27
44
186
9
178
24
52
88
152
114
35
185
75
20
104
226
3
205
8
75
131
152
212
0
31
3
63
206
144
126
109
188
100
146
21
238
14
50
129
112
105
132
33
9
215
11
24
57
178
38
92
218
67
91
135
242
146
222
24
92
16
158
64
150
129
13
22
4
56
5
135
105
16
240
40
60
88
86
34
185
7
7
140
149
162
149
16
5
34
68
23
2
156
112
43
2
36
210
0
162
10
244
194
98
8
128
144
88
48
8
21
41
23
52
17
138
66
72
130
66
180
17
12
14
128
132
193
15
145
136
16
5
50
25
148
75
17
66
56
29
64
5
32
250
16
75
24
203
202
153
134
33
11
66
46
20
144
118
249
240
198
147
1
98
198
52
136
99
75
196
32
13
134
138
25
57
242
6
85
154
66
82
207
82
178
85
24
12
84
142
68
135
147
45
16
4
50
13
143
73
16
96
42
188
88
78
34
240
84
33
144
16
0
2
100
103
1
160
70
21
64
231
155
2
126
10
195
66
135
41
70
131
217
8
198
196
0
132
136
192
95
18
34
164
5
138
3
72
152
32
145
194
46
97
3
206
51
96
233
210
48
88
113
24
15
75
15
225
40
34
193
66
19
207
8
74
203
152
196
0
11
66
61
136
156
127
77
188
229
211
56
164
198
102
137
97
107
196
33
44
23
8
24
41
246
38
89
154
66
83
167
242
178
222
8
13
20
158
212
135
147
45
16
4
44
5
135
203
16
242
42
188
80
84
34
177
195
215
77
28
238
154
31
0
43
103
41
138
142
249
38
27
141
231
60
245
10
245
18
96
198
247
185
126
185
34
87
1
146
117
211
9
202
72
250
107
38
154
40
41
181
88
244
45
148
130
16
7
35
121
158
175
57
255
16
53
240
209
84
250
82
129
146
63
201
130
142
9
134
171
177
138
163
192
7
26
22
3
32
83
138
47
195
79
68
195
243
111
2
168
161
74
199
158
12
47
48
172
98
98
34
106
161
233
183
92
149
31
90
138
24
67
100
16
124
243
65
187
147
177
56
113
145
103
132
7
156
212
34
21
92
119
34
98
1
66
222
241
50
3
140
216
32
163
194
125
66
227
74
2
178
90
56
4
148
97
87
16
16
40
66
104
82
65
84
40
41
15
160
4
229
79
17
168
24
71
50
88
154
77
25
83
50
23
64
49
1
234
90
11
18
211
234
19
130
161
78
122
26
7
17
86
121
240
246
211
72
134
196
49
133
66
138
128
168
76
130
200
157
123
115
36
81
176
82
82
135
192
146
85
68
14
64
134
193
79
157
44
24
5
50
29
157
203
0
114
50
60
72
14
34
241
66
1
128
150
67
14
26
3
7
98
19
6
144
170
62
22
228
83
16
100
10
181
192
34
92
128
170
77
146
168
28
41
18
165
84
219
2
110
134
66
128
192
4
73
3
30
225
29
213
32
16
4
34
90
181
171
17
112
56
56
77
4
16
161
68
138
150
93
232
211
186
245
56
187
0
141
210
241
27
42
140
203
249
162
221
37
78
217
203
106
140
230
73
133
177
70
255
17
65
33
89
138
236
98
242
28
40
6
245
124
195
123
185
200
8
103
245
93
24
203
23
223
19
181
80
115
66
235
18
11
144
218
194
155
132
2
79
64
11
22
144
118
249
208
230
147
1
102
6
61
131
67
75
196
34
13
134
136
24
9
54
6
85
154
65
90
199
70
160
85
148
68
68
142
197
135
145
44
16
4
50
13
135
203
0
98
56
189
72
76
33
240
211
207
130
90
101
26
4
130
11
49
57
202
170
211
70
154
109
131
44
159
14
141
97
3
195
87
249
110
131
10
130
32
154
47
64
182
75
28
230
224
98
30
40
191
157
90
181
239
209
169
16
4
116
9
155
203
17
240
48
53
88
112
128
90
28
201
219
95
35
91
212
239
155
144
47
253
51
246
239
250
235
144
186
15
6
59
228
55
109
199
39
13
71
203
30
126
246
39
109
222
86
255
223
244
243
253
233
118
191
190
61
238
205
173
127
245
184
31
183
78
209
250
42
111
89
45
163
250
3
140
138
171
15
208
128
134
57
251
52
201
154
49
43
138
201
25
161
147
196
5
206
121
97
65
25
38
73
65
35
71
151
162
81
32
127
200
237
34
112
28
106
45
85
21
119
227
153
232
24
5
245
13
216
72
22
226
183
189
80
83
32
254
195
196
138
22
236
2
90
134
35
35
1
202
130
193
38
27
36
107
20
215
138
165
98
10
194
130
186
94
129
33
173
99
247
181
16
73
203
109
162
195
210
202
9
72
179
92
193
29
81
202
16
7
101
120
52
235
145
179
49
61
52
112
82
233
211
203
139
90
97
90
84
14
251
17
60
201
46
247
78
186
239
130
60
159
70
143
37
39
227
215
243
46
167
10
130
32
154
47
96
246
74
20
255
244
114
222
40
127
157
94
117
238
193
165
94
196
248
15
135
203
17
240
34
61
88
116
130
218
5
6
68
0
137
145
162
64
32
26
130
101
144
119
161
0
128
9
129
128
193
113
75
224
64
0
0
4
44
76
9
66
95
82
65
160
53
154
9
8
196
52
10
4
96
229
227
67
58
108
8
36
182
9
216
9
14
67
150
133
0
243
99
72
82
11
147
214
202
139
130
3
78
64
3
7
177
214
251
240
246
147
72
6
198
45
3
67
218
130
162
13
130
136
152
0
39
39
87
178
80
82
199
68
129
85
16
78
72
142
129
207
149
44
152
5
50
29
157
203
1
114
18
181
72
4
35
248
195
199
132
94
238
18
30
130
35
35
41
202
142
241
38
27
165
163
60
245
10
229
83
106
194
87
191
126
169
32
130
64
211
125
0
73
74
12
182
227
38
10
40
125
149
88
213
13
17
202
16
71
69
122
146
207
25
247
17
21
116
112
80
235
210
209
146
159
201
130
158
136
134
171
49
202
131
200
23
26
52
7
32
87
138
39
194
75
68
211
251
111
18
168
161
26
199
157
142
15
16
44
106
99
96
74
161
233
179
88
145
63
90
138
24
1
117
112
252
243
65
187
176
17
52
81
145
99
19
207
24
90
195
154
196
2
11
66
45
138
176
114
109
24
230
147
1
198
6
52
129
99
107
128
34
13
151
8
152
33
182
38
93
154
66
90
135
114
162
218
24
76
84
158
209
135
145
44
16
4
32
5
135
203
17
224
56
188
80
96
34
241
10
73
8
219
131
153
212
128
31
194
31
30
176
118
233
242
194
147
17
70
14
180
129
66
105
128
34
9
194
137
24
57
178
6
85
218
67
91
131
214
146
215
20
92
84
142
64
134
155
45
18
4
56
13
133
105
16
96
57
60
89
14
34
177
5
7
146
49
0
176
172
82
1
170
40
130
128
68
129
3
201
109
161
67
198
37
74
219
64
95
179
230
16
2
33
66
71
2
213
160
17
168
105
96
104
100
58
47
87
81
55
107
24
172
56
5
242
29
156
64
1
162
19
183
72
83
97
98
217
187
223
87
250
243
251
254
219
191
82
223
191
246
187
234
255
215
248
47
238
221
207
255
171
107
190
182
222
65
118
62
127
227
125
117
119
255
254
117
249
125
235
126
175
174
89
243
255
216
126
247
215
239
157
239
199
252
255
111
255
45
145
246
68
10
151
81
232
215
170
244
9
191
2
13
192
80
27
163
140
201
201
170
204
37
78
217
201
66
140
230
4
5
187
70
247
16
81
33
25
170
236
34
240
60
40
6
245
166
131
123
152
200
40
119
245
93
24
202
7
203
19
165
64
115
65
238
4
4
130
136
9
194
160
71
5
224
0
4
16
36
171
36
201
24
129
0
192
1
222
107
80
193
24
6
0
129
11
71
133
130
81
32
49
192
109
42
32
52
40
160
85
20
117
227
25
108
56
20
181
25
152
8
18
66
163
165
0
67
32
74
68
42
151
81
40
151
174
245
9
190
74
0
192
133
155
130
141
73
201
107
204
165
78
155
201
64
142
230
0
133
49
70
119
18
65
33
29
170
228
66
240
52
32
38
103
166
3
123
155
200
40
115
245
93
25
72
7
75
19
229
72
50
65
230
218
216
154
255
239
243
251
180
221
191
112
219
163
200
91
186
244
223
123
223
238
143
239
29
235
203
254
238
211
225
255
190
103
175
124
117
127
255
228
247
218
78
227
94
219
63
139
177
255
200
94
241
197
255
157
227
209
252
185
251
253
116
147
183
58
253
116
42
22
109
36
17
239
68
251
238
109
111
124
245
253
170
103
240
119
98
17
198
209
127
117
248
235
150
235
160
206
110
67
158
139
10
249
108
108
93
52
171
212
115
183
110
184
230
136
74
226
29
88
81
46
179
83
177
186
243
236
74
195
199
10
63
238
22
158
128
35
239
41
138
158
237
39
59
133
107
60
167
10
245
54
42
196
215
191
126
131
50
247
19
243
153
152
33
185
108
118
235
38
106
108
105
183
88
213
57
84
202
16
71
7
224
116
239
217
159
80
23
180
240
88
34
68
170
159
89
232
211
162
245
89
187
0
207
194
84
59
41
140
203
249
171
205
37
79
217
203
66
156
230
4
5
147
70
255
17
65
33
89
155
236
34
112
60
96
38
245
236
155
51
189
200
40
119
245
109
24
203
87
223
147
133
80
115
67
239
84
42
151
213
40
215
170
244
73
191
66
21
192
145
155
162
142
201
233
43
204
45
78
217
201
74
142
230
4
5
177
94
119
147
113
33
29
186
238
66
240
52
227
38
39
164
11
115
154
200
45
243
245
93
24
202
71
75
19
197
64
35
65
246
68
170
151
89
232
211
162
244
25
189
6
207
194
84
27
168
141
203
248
170
205
37
78
217
203
66
156
230
4
5
147
70
247
17
65
33
89
155
238
34
240
60
104
54
245
238
155
51
157
200
44
119
245
109
24
203
87
223
19
165
80
115
67
238
93
237
155
95
50
91
249
238
219
148
15
189
18
214
239
250
171
214
184
15
6
59
228
23
105
199
166
13
71
107
30
58
246
7
101
223
82
255
219
252
147
255
253
118
190
190
33
110
205
169
127
247
184
31
181
194
209
250
104
111
121
44
163
243
80
201
155
95
33
91
220
238
219
144
47
156
51
214
239
250
235
146
184
15
6
187
228
7
105
199
166
13
71
235
30
56
182
7
101
222
82
223
219
244
147
253
161
118
191
158
37
238
197
169
119
245
184
31
183
202
209
250
104
111
121
44
179
250
210
217
154
94
101
74
84
14
155
33
61
200
46
247
78
186
255
130
60
151
14
175
231
39
195
199
227
111
147
43
138
32
146
47
96
246
66
21
246
244
114
254
168
123
157
94
189
174
193
164
87
208
124
31
179
203
17
242
32
63
88
116
147
216
211
219
146
90
69
10
68
6
11
33
61
202
34
219
70
154
109
131
60
151
14
143
227
7
195
199
243
111
147
40
192
32
147
47
96
182
75
4
230
226
98
158
168
233
157
90
53
142
209
160
89
128
116
11
179
227
81
240
33
55
24
116
150
75
211
223
142
94
237
26
94
134
35
35
57
202
142
227
6
26
229
131
60
247
15
239
227
43
202
71
255
126
163
32
128
96
211
191
64
7
75
12
182
226
102
74
168
253
157
88
215
159
209
200
16
1
100
73
147
203
89
247
49
21
124
112
144
233
195
17
138
23
204
130
88
134
35
163
1
204
138
195
38
27
108
163
52
215
138
141
111
11
194
10
242
78
65
33
168
102
115
191
60
95
75
13
70
210
210
202
8
74
155
88
139
159
89
72
82
71
108
106
52
227
145
179
49
31
28
48
146
171
