posters/Movie Poster 20.jpg
512
756
137
18.0042
-1
0
122
149
0.00547874
31
-3.28924
-1
0
161
151
0.00629343
31
17.133
-1
0
128
152
0.00332748
31
38.991
-1
0
146
149
0.00569363
31
23.6942
-1
0
152
149
0.00476831
31
42.1844
-1
0
344
256
0.00471386
31
-31.9209
-1
0
151
155
0.0120687
31
-3.10803
-1
0
119
156
0.00419874
31
135.839
-1
0
271
442
0.00325091
31
167.842
-1
0
291
195
0.00325646
31
-65.3362
-1
0
138
157
0.00590864
31
-4.52477
-1
0
128
154
0.00362525
31
-43.1177
-1
0
150
157
0.00647024
31
-38.1765
-1
0
152
157
0.00985338
31
-173.313
-1
0
303
233
0.00267998
31
-87.925
-1
0
316
310
0.00322034
31
-37.2939
-1
1
350.4
228
0.00148874
37.2
177.776
-1
1
290.4
194.4
0.00234628
37.2
36.6656
-1
1
340.8
254.4
0.00259639
37.2
31.7873
-1
1
344.4
255.6
0.00327996
37.2
129.599
-1
1
213.6
282
0.00158226
37.2
-86.9267
-1
1
315.6
309.6
0.00249756
37.2
-174.841
-1
1
250.8
379.2
0.00156376
37.2
-165.897
-1
1
266.4
414
0.00321892
37.2
138.98
-1
1
271.2
441.6
0.00262168
37.2
-45.7345
-1
1
138
157.2
0.00157762
37.2
-22.0273
-1
1
151.2
154.8
0.00399362
37.2
-26.1942
-1
1
171.6
152.4
0.00264499
37.2
3.42122
-1
1
157.2
148.8
0.00280603
37.2
9.88141
-1
1
152.4
148.8
0.00316755
37.2
24.8094
-1
1
145.2
148.8
0.00315544
37.2
6.83101
-1
1
122.4
148.8
0.00236622
37.2
-52.9696
-1
1
193.2
121.2
0.0020446
37.2
-31.5618
-1
1
174
129.6
0.00148683
37.2
-37.6476
-1
1
188.4
127.2
0.00140431
37.2
-90
-1
1
301.2
169.2
0.00138485
37.2
105.29
-1
1
228
121.2
0.00134149
37.2
-56.8421
-1
1
127.2
433.2
0.00128
37.2
12.1715
-1
2
344.16
254.88
0.00272807
44.64
-173.889
-1
2
269.28
406.08
0.00234398
44.64
142.949
-1
2
270.72
442.08
0.00278945
44.64
-90.9167
-1
2
315.36
312.48
0.00189551
44.64
-88.7982
-1
2
315.36
309.6
0.00220904
44.64
-7.03794
-1
2
152.64
149.76
0.00175502
44.64
176
-1
2
250.56
388.8
0.00181225
44.64
-174.491
-1
2
289.44
194.4
0.00233524
44.64
-1.83284
-1
2
145.44
151.2
0.00300731
44.64
-16.4769
-1
2
151.2
154.08
0.00305126
44.64
-23.0646
-1
2
152.64
156.96
0.00125839
44.64
6.28689
-1
2
144
148.32
0.0014396
44.64
-99.8061
-1
2
293.76
174.24
0.00122828
44.64
130.02
-1
2
213.12
282.24
0.00134806
44.64
-171.042
-1
2
267.84
414.72
0.00137029
44.64
169.896
-1
2
263.52
335.52
0.000848895
44.64
-160.139
-1
2
246.24
407.52
0.00087238
44.64
-145.091
-1
2
288
286.56
0.000956858
44.64
154.983
-1
2
269.28
207.36
0.000942973
44.64
127.227
-1
2
228.96
293.76
0.00100318
44.64
-63.7258
-1
2
313.92
214.56
0.000946069
44.64
-165.903
-1
2
280.8
220.32
0.00103453
44.64
-157.19
-1
2
270.72
194.4
0.00103714
44.64
-144.739
-1
2
312.48
574.56
0.0011028
44.64
50.7406
-1
2
334.08
172.8
0.000870181
44.64
-93.9141
-1
2
298.08
169.92
0.00103697
44.64
-94.5905
-1
2
311.04
309.6
0.00106544
44.64
-36.6656
-1
2
349.92
227.52
0.000846869
44.64
-175.892
-1
2
250.56
377.28
0.0010661
44.64
-147.496
-1
2
316.8
557.28
0.000946558
44.64
177.21
-1
3
248.832
387.072
0.00147112
53.568
-175.872
-1
3
290.304
198.72
0.00171663
53.568
144.721
-1
3
269.568
442.368
0.00300318
53.568
-171.889
-1
3
266.112
412.992
0.00149484
53.568
-174.176
-1
3
267.84
406.08
0.00141379
53.568
-96.5663
-1
3
314.496
309.312
0.00144983
53.568
-103.026
-1
3
311.04
309.312
0.00138237
53.568
-161.362
-1
3
288.576
193.536
0.00194105
53.568
-176.07
-1
3
276.48
200.448
0.000912574
53.568
-136.692
-1
3
311.04
573.696
0.000964035
53.568
-167.4
-1
3
273.024
198.72
0.00107021
53.568
-175.934
-1
3
290.304
202.176
0.00100385
53.568
-118.856
-1
3
279.936
248.832
0.000965128
53.568
-147.155
-1
3
286.848
286.848
0.000955188
53.568
130.12
-1
3
212.544
281.664
0.0010352
53.568
-146.31
-1
3
269.568
193.536
0.000834432
53.568
64.3407
-1
3
335.232
171.072
0.000724487
53.568
-132.973
-1
3
285.12
252.288
0.000620296
53.568
-107.19
-1
3
274.752
250.56
0.000618516
53.568
-52.5238
-1
3
319.68
205.632
0.000588599
53.568
129.289
-1
3
228.096
292.032
0.000683391
53.568
-176.375
-1
3
285.12
207.36
0.000635961
53.568
-109.179
-1
3
254.016
193.536
0.000655001
53.568
169.313
-1
3
262.656
335.232
0.000887025
53.568
-163.977
-1
3
279.936
221.184
0.000877274
53.568
-136.922
-1
3
290.304
293.76
0.000710803
53.568
175.815
-1
3
267.84
207.36
0.000861956
53.568
-178.748
-1
3
250.56
376.704
0.000706804
53.568
-61.3429
-1
3
314.496
212.544
0.000648854
53.568
-104.1
-1
3
255.744
547.776
0.000787932
53.568
-146.553
-1
3
316.224
556.416
0.000873526
53.568
-164.494
-1
3
245.376
407.808
0.000715846
53.568
170.939
-1
3
255.744
333.504
0.00056153
53.568
-150.503
-1
3
336.96
585.792
0.000562281
53.568
127.333
-1
4
207.36
279.936
0.000535404
64.2816
129.484
-1
4
213.581
282.01
0.000633819
64.2816
-150.446
-1
4
302.746
541.21
0.000421195
64.2816
-169.38
-1
4
277.862
284.083
0.000517374
64.2816
-138.111
-1
4
286.157
252.979
0.000700323
64.2816
-144.462
-1
4
288.23
288.23
0.000956135
64.2816
-65.9611
-1
4
238.464
238.464
0.000546646
64.2816
129.555
-1
4
228.096
292.378
0.000468202
64.2816
-138.115
-1
4
290.304
294.451
0.000585948
64.2816
-73.0339
-1
4
252.979
242.611
0.000441813
64.2816
-105.182
-1
4
257.126
549.504
0.000781748
64.2816
-173.367
-1
4
290.304
203.213
0.00080337
64.2816
-171.511
-1
4
267.494
207.36
0.000883646
64.2816
-177.371
-1
4
286.157
207.36
0.000790652
64.2816
-120.446
-1
4
277.862
248.832
0.00102147
64.2816
146.961
-1
4
269.568
443.75
0.00288007
64.2816
172.651
-1
4
257.126
333.85
0.000776772
64.2816
-161.952
-1
4
279.936
221.875
0.00069855
64.2816
170.905
-1
4
261.274
335.923
0.00108094
64.2816
-176.367
-1
4
265.421
412.646
0.0013543
64.2816
-169.487
-1
4
246.758
408.499
0.000563612
64.2816
-176.603
-1
4
267.494
406.426
0.000958704
64.2816
177.299
-1
4
250.906
385.69
0.001758
64.2816
-149.477
-1
4
282.01
230.17
0.000478195
64.2816
-179.206
-1
5
266.25
405.596
0.000759274
77.1379
173.93
-1
5
261.274
335.923
0.00112671
77.1379
172.38
-1
5
256.297
330.947
0.000671944
77.1379
147.909
-1
5
268.739
445.409
0.00293098
77.1379
179.884
-1
5
251.32
385.69
0.00175987
77.1379
178.904
-1
5
266.25
413.061
0.000754111
77.1379
148.671
-1
5
261.274
440.433
0.000499557
77.1379
-176.566
-1
5
253.809
395.643
0.000373956
77.1379
-65.9558
-1
5
251.32
241.367
0.000355535
77.1379
179.191
-1
5
248.832
373.248
0.000398455
77.1379
-171.226
-1
5
246.344
408.085
0.000464713
77.1379
137
64
3
213
24
138
1
72
4
11
3
66
41
136
48
134
36
25
111
22
36
20
2
0
129
35
70
213
241
41
147
42
130
33
144
36
17
154
2
64
11
66
32
202
44
105
21
28
244
12
81
164
16
4
32
0
228
171
144
50
32
57
24
85
48
34
102
37
105
10
2
21
5
135
199
198
41
146
17
162
187
70
217
48
98
100
27
146
84
4
88
133
189
41
3
152
26
0
224
12
71
142
202
120
3
92
32
75
52
169
20
252
4
44
145
172
16
13
50
25
148
83
16
98
56
60
88
84
104
242
50
197
16
138
3
77
5
15
7
64
13
132
49
46
60
254
255
18
32
4
2
18
240
34
80
213
241
9
19
186
30
41
128
36
83
154
130
64
203
76
32
217
36
97
20
28
244
44
209
164
210
12
34
1
180
131
24
114
40
56
25
77
42
234
26
1
152
154
3
65
88
7
71
194
29
132
49
134
59
242
127
18
0
144
10
176
199
2
136
133
240
72
3
234
158
41
0
36
17
210
10
64
74
66
32
201
197
104
22
28
101
46
215
8
211
133
54
0
52
251
129
50
40
121
17
8
2
226
50
1
153
154
2
68
12
7
71
194
25
144
49
134
55
82
127
18
0
0
10
144
199
4
152
197
180
9
3
168
150
40
132
4
7
154
10
72
2
66
32
73
37
105
22
28
37
44
83
168
146
1
34
8
52
123
128
114
8
121
25
68
104
226
211
221
223
223
50
71
89
238
211
197
53
218
31
235
150
218
175
86
48
47
14
141
230
35
239
195
179
57
115
41
86
41
214
55
52
219
134
109
242
125
179
235
189
123
187
28
89
174
215
160
127
215
24
58
52
206
217
190
120
123
93
117
147
251
5
103
100
8
21
10
5
90
160
4
172
48
76
57
132
5
201
100
35
100
49
66
16
225
68
53
9
49
56
12
64
1
152
68
208
138
0
56
1
12
36
147
56
167
84
112
116
204
16
164
129
12
32
25
66
12
40
34
3
180
8
211
36
74
6
41
17
134
0
78
4
67
66
68
15
20
17
38
220
240
235
66
4
36
2
0
160
0
93
213
29
9
130
170
18
40
144
36
117
154
0
82
203
84
33
208
36
35
37
28
244
44
129
164
81
4
32
19
36
11
16
114
32
41
88
5
32
250
1
6
1
130
9
204
5
73
128
68
10
4
17
30
169
37
203
116
1
0
192
0
216
65
89
148
8
1
18
10
17
73
133
4
85
186
16
90
9
12
32
84
16
35
68
4
52
109
153
44
24
4
178
29
156
1
16
98
51
188
72
87
32
250
65
2
148
17
200
202
34
100
40
32
10
5
128
117
11
160
103
9
129
130
204
41
11
194
66
72
0
198
128
4
139
70
127
3
65
32
17
130
76
64
69
52
24
6
69
98
175
195
153
68
8
36
245
93
24
73
7
73
3
165
0
98
1
72
141
207
68
96
52
57
36
114
41
20
110
67
72
53
204
161
129
232
199
232
117
64
49
242
65
61
5
144
252
6
40
144
248
64
208
160
81
18
153
160
254
55
58
183
84
227
118
72
40
53
133
8
216
29
139
12
54
192
3
132
64
82
100
88
38
101
113
138
0
76
5
67
231
68
15
20
21
47
252
246
235
86
0
36
18
0
144
32
93
213
29
9
35
186
26
9
128
4
103
154
128
80
139
92
36
209
44
161
4
28
116
44
129
164
241
12
42
17
38
11
56
98
40
40
88
69
40
178
5
227
68
8
21
57
37
122
32
0
172
96
72
61
196
1
131
108
103
100
97
64
0
241
64
125
9
160
60
14
0
1
216
68
208
138
64
24
9
4
52
146
58
39
84
161
118
204
0
181
1
4
64
29
203
12
40
128
3
132
72
211
100
90
5
98
68
0
21
58
37
122
32
0
174
96
104
29
204
1
203
108
39
116
33
64
0
241
68
117
9
0
48
14
0
1
152
68
209
138
64
24
9
4
52
145
56
39
84
1
116
204
16
181
129
4
64
29
194
8
40
160
3
180
8
211
36
90
2
6
0
32
1
128
38
9
36
2
2
0
144
32
41
6
0
25
129
64
128
51
218
97
80
128
8
36
0
160
1
64
7
144
67
0
33
136
32
8
36
32
52
161
69
85
54
99
16
8
56
32
55
65
120
56
8
66
19
160
0
83
40
66
6
33
8
4
2
138
26
5
35
0
39
128
24
35
36
2
128
0
0
149
131
32
65
131
81
0
128
12
0
172
137
0
216
60
66
138
74
8
130
220
144
154
36
43
144
94
164
110
17
166
0
3
48
25
17
10
24
115
50
180
40
80
96
203
84
42
21
150
106
207
10
103
66
170
19
21
85
166
249
242
246
131
72
38
196
33
68
139
217
8
172
76
0
136
189
122
113
37
69
191
88
114
129
212
144
84
17
14
195
46
193
78
157
44
88
7
178
29
149
75
192
114
19
188
88
6
34
240
64
10
150
21
200
128
162
224
8
161
66
7
192
229
73
32
100
11
129
194
204
45
11
211
202
10
132
198
128
4
169
86
127
51
65
48
17
138
196
194
213
20
24
134
105
34
139
195
137
72
9
113
244
94
25
73
7
91
19
161
64
38
1
104
210
201
219
222
34
67
93
166
135
134
53
152
31
224
23
218
189
214
48
111
6
221
230
35
47
131
183
121
115
169
22
40
150
54
48
218
66
109
242
115
50
235
173
121
187
28
209
174
215
168
119
215
24
26
180
78
217
243
56
91
125
125
131
255
146
217
219
222
34
71
217
238
135
134
117
152
31
224
23
218
191
214
48
111
6
221
228
35
175
131
183
121
99
169
22
105
151
54
53
218
130
109
242
115
50
235
237
121
191
28
81
174
215
170
119
215
56
26
180
94
217
243
120
91
125
125
131
247
4
11
146
180
9
130
172
67
4
248
34
195
146
192
176
23
239
217
161
67
196
45
192
115
77
223
179
111
80
130
49
99
215
32
87
184
49
104
233
100
96
92
48
43
213
20
245
111
153
172
24
5
240
29
156
73
16
242
51
189
88
87
32
250
70
32
8
2
0
128
22
5
3
34
5
160
16
38
4
2
128
0
0
145
137
1
67
0
80
0
136
13
2
172
9
64
149
60
4
138
10
8
3
90
0
10
44
41
144
92
132
12
17
172
0
7
48
25
80
10
24
99
48
48
8
80
98
235
24
17
155
220
54
115
217
126
210
178
215
20
65
84
185
99
234
212
67
98
196
33
196
211
77
138
160
12
80
12
53
106
215
36
213
186
82
120
201
117
112
92
48
46
213
20
225
111
153
172
24
5
240
29
156
73
16
242
59
189
88
23
32
250
3
69
8
26
1
0
28
2
34
2
33
128
16
8
36
19
228
82
0
192
130
34
193
35
68
128
161
72
18
40
145
97
210
36
20
186
2
104
0
64
34
202
56
9
146
20
196
78
17
172
16
4
32
24
148
73
16
242
51
156
88
86
32
227
1
6
0
2
73
202
3
12
0
64
2
4
16
14
169
4
203
21
1
0
192
1
200
64
64
212
8
4
18
10
17
73
5
36
81
186
0
74
13
76
32
84
24
35
69
4
36
109
145
44
24
4
176
29
140
1
16
98
35
188
72
87
32
250
5
98
101
0
16
31
37
114
97
4
234
18
72
57
220
2
130
104
71
96
49
192
0
178
88
44
5
144
40
140
8
193
216
68
64
170
64
58
1
140
190
146
24
135
68
226
102
204
0
37
129
8
66
29
131
12
40
224
1
180
72
210
100
120
37
36
101
8
16
14
5
70
226
4
137
48
72
175
132
70
203
96
3
100
17
194
24
36
92
181
29
9
34
28
64
65
144
12
69
154
0
48
5
94
36
128
60
161
4
120
100
140
16
36
1
8
0
24
2
0
40
32
1
48
8
196
40
234
101
38
100
8
89
71
3
198
37
100
160
48
80
59
183
230
203
48
3
100
49
131
188
32
92
33
12
9
161
156
25
67
225
36
71
154
0
112
37
222
54
82
24
135
80
120
64
128
25
44
84
12
19
24
132
0
176
224
33
156
200
198
40
249
98
32
9
154
2
68
12
141
199
162
41
128
17
130
187
82
219
2
0
64
10
178
84
4
220
129
181
9
3
168
17
72
129
140
71
158
8
32
33
86
32
74
36
41
22
92
132
44
145
172
16
1
50
25
52
89
144
98
9
56
88
86
104
242
34
0
17
154
2
68
12
13
198
226
9
128
49
134
191
86
95
22
0
64
10
178
84
4
156
133
180
9
3
184
19
72
0
132
71
158
0
72
3
66
32
72
36
41
22
92
164
44
19
172
144
1
34
24
52
89
128
34
25
56
28
68
104
226
58
17
24
186
3
64
12
13
71
66
25
4
49
134
51
118
127
18
0
208
10
144
199
0
152
133
224
73
19
168
156
40
0
164
19
154
3
64
2
66
32
193
85
105
6
28
164
44
83
42
210
4
38
0
116
121
128
50
40
120
25
8
32
98
18
81
16
142
21
2
12
11
67
66
41
176
32
134
164
91
107
86
36
68
2
128
129
2
68
149
225
9
19
40
0
41
144
36
20
154
2
64
3
86
34
202
36
105
22
28
228
12
65
164
80
4
40
16
36
43
144
50
32
56
28
68
48
162
238
40
239
177
222
247
211
220
188
239
150
190
219
140
179
207
153
117
123
111
187
151
254
61
31
248
158
39
82
223
55
255
97
175
39
251
82
255
101
94
152
97
68
62
75
236
9
177
93
108
158
181
219
255
148
242
208
236
169
157
205
28
50
246
102
102
235
155
94
214
11
207
199
230
49
184
25
130
191
126
202
213
56
105
137
209
206
41
29
193
172
47
19
153
49
79
225
165
213
187
82
252
37
118
162
74
96
44
23
156
64
177
95
44
28
5
55
57
180
122
192
238
33
220
93
84
58
247
239
230
235
25
222
151
11
221
236
239
161
186
209
138
183
111
194
245
59
111
153
215
94
60
29
225
188
47
147
25
51
95
225
141
150
235
210
253
37
254
178
74
96
156
19
220
0
177
31
44
28
45
83
249
148
242
208
236
33
28
223
214
122
247
72
171
211
251
216
210
234
205
77
251
106
159
179
230
219
234
203
213
185
111
142
173
206
123
79
207
58
39
23
139
51
31
119
135
125
187
116
255
127
54
227
100
224
124
31
142
89
179
223
45
60
245
215
247
172
234
193
236
35
239
93
69
49
182
220
123
247
240
17
107
101
254
205
160
235
176
119
210
222
250
251
148
103
79
7
174
165
55
207
223
243
169
211
142
50
248
250
6
117
190
0
246
247
214
174
117
177
119
238
31
117
238
202
165
245
212
114
31
135
73
192
248
33
251
93
84
161
58
54
48
105
130
31
148
3
9
230
6
145
48
61
10
180
85
210
246
3
240
193
114
145
100
4
144
228
9
18
152
81
104
4
44
150
190
74
120
1
84
36
192
20
9
80
84
164
79
18
44
24
0
34
24
220
81
24
50
51
152
24
215
104
241
90
225
139
222
34
87
88
39
71
166
85
152
29
162
63
218
157
210
112
235
134
240
229
7
189
147
183
25
67
169
148
232
211
60
37
206
202
108
242
83
50
235
229
105
183
156
97
46
215
168
183
199
58
25
52
92
217
227
57
89
121
120
98
247
2
1
16
154
1
138
14
2
2
34
1
0
16
36
36
18
228
18
0
64
130
32
192
99
72
148
160
76
2
8
17
104
82
36
81
186
0
104
0
64
32
74
28
43
212
20
228
79
145
164
16
4
32
25
156
73
16
114
51
185
88
87
32
226
65
6
0
2
201
202
2
12
2
96
2
4
176
14
137
4
107
17
1
68
192
1
138
65
66
212
8
12
18
10
1
73
5
37
81
186
0
66
13
76
32
84
24
3
69
12
164
103
145
36
24
4
176
29
140
67
16
98
35
188
72
71
32
122
6
0
8
2
1
0
4
1
130
2
1
2
0
6
4
3
0
32
0
148
2
130
80
64
68
128
140
9
2
136
0
0
128
12
2
138
10
8
3
2
0
2
4
137
16
88
4
8
17
44
16
0
1
25
112
18
16
34
16
48
8
80
98
107
6
4
8
10
0
0
6
1
2
2
1
2
128
6
4
2
0
0
0
148
1
128
80
64
84
128
140
9
2
136
8
0
128
12
4
138
10
8
3
18
0
2
4
136
20
92
4
8
17
44
16
0
1
25
116
2
16
34
48
48
8
80
98
235
102
36
33
154
24
4
7
13
198
98
1
48
49
2
183
86
75
4
0
64
137
162
88
12
84
145
180
9
130
184
17
74
1
132
71
186
0
32
33
94
32
66
4
137
20
84
4
9
17
44
16
0
34
24
36
17
128
32
1
56
12
70
40
98
81
28
77
22
124
207
23
112
250
52
95
85
205
125
220
96
227
213
3
96
196
101
194
247
77
254
164
62
122
10
81
105
215
36
85
186
82
122
233
124
116
220
56
47
213
50
245
111
153
172
25
5
240
29
156
73
56
242
51
189
88
87
36
250
212
11
147
117
232
130
170
226
8
185
66
71
194
241
67
0
100
139
173
103
206
45
74
219
203
10
166
206
4
4
160
86
119
51
104
49
29
174
204
196
205
52
152
134
233
34
139
215
137
72
8
243
240
94
25
201
71
91
19
165
64
39
1
232
38
36
33
186
24
4
7
13
198
98
9
48
49
6
177
86
91
22
0
64
138
160
88
12
92
133
164
9
2
184
25
72
1
132
7
154
128
96
1
94
32
64
4
233
4
20
36
12
16
36
16
8
38
24
52
49
136
34
1
56
8
70
40
98
103
36
97
10
24
6
7
71
194
102
9
48
81
175
151
70
203
32
3
96
155
130
24
4
92
149
156
9
130
152
1
73
1
172
5
154
0
48
37
94
36
64
12
169
4
88
36
8
17
36
16
8
0
24
4
2
40
32
1
56
8
198
40
224
69
36
101
0
88
78
7
70
224
36
11
52
72
47
144
66
139
96
3
96
129
192
8
36
92
245
28
9
162
12
17
73
17
36
69
154
0
48
5
30
36
0
12
163
68
88
100
72
16
36
0
4
1
24
4
0
40
32
1
48
200
134
32
232
34
32
1
186
27
4
12
13
198
98
1
48
49
134
179
86
91
22
0
80
139
176
217
12
20
129
160
9
18
184
21
72
1
164
23
186
33
64
33
86
32
66
100
105
22
20
132
12
80
172
16
0
38
16
116
121
128
34
41
24
13
70
56
34
199
203
131
123
249
242
234
202
24
187
202
255
162
198
203
248
203
213
185
79
206
173
206
91
47
223
59
39
214
11
34
31
119
135
125
251
116
253
239
54
97
100
232
124
95
141
121
179
221
173
60
245
213
247
172
234
209
236
161
47
92
117
145
182
4
139
146
180
41
98
172
67
20
248
42
195
2
192
161
31
237
219
161
67
196
45
192
123
77
223
179
110
80
2
51
103
215
48
117
176
49
120
232
100
112
92
48
47
247
20
247
111
153
172
24
5
240
29
156
73
16
242
51
189
88
87
33
250
3
5
24
26
1
130
30
0
2
34
33
128
0
0
4
19
100
82
0
192
130
32
192
35
64
128
160
76
18
40
161
96
210
36
20
170
2
104
0
66
34
74
56
9
210
20
192
79
17
172
16
5
32
24
156
73
16
178
51
156
88
86
32
227
5
3
0
20
1
11
32
122
16
24
134
5
16
92
136
2
162
28
129
3
196
34
192
115
77
138
128
4
80
8
33
73
223
32
85
184
16
122
201
116
208
20
56
39
196
22
229
111
153
172
24
5
240
29
157
73
16
242
51
189
72
87
32
250
122
16
153
190
47
199
31
13
134
226
57
140
189
204
52
127
255
215
32
83
142
55
210
47
12
199
226
47
18
185
53
106
199
164
87
190
194
120
226
119
32
73
100
105
213
28
229
47
153
172
24
5
242
25
156
89
16
242
51
189
88
86
32
250
232
33
47
149
0
71
51
231
192
196
87
22
81
180
219
226
139
80
67
102
26
128
196
128
29
184
156
136
192
142
26
25
96
4
101
218
0
122
201
92
144
81
21
38
100
14
224
44
27
44
33
5
145
31
20
72
64
96
57
120
72
6
32
250
153
159
118
213
232
253
241
240
61
253
70
79
158
125
251
164
246
251
253
107
254
108
174
250
251
126
55
250
236
199
255
191
119
115
121
112
213
219
250
236
213
53
219
54
233
162
251
119
141
209
125
253
254
207
138
77
111
221
115
207
215
47
1
190
133
150
132
36
61
160
180
26
48
185
172
227
170
89
4
37
228
253
165
211
228
38
200
123
64
42
225
66
88
5
33
103
223
32
80
48
115
56
233
244
88
28
58
175
208
81
247
107
153
172
24
5
240
29
156
73
18
242
183
189
88
87
36
218
66
16
16
50
217
130
6
73
66
34
131
34
160
70
128
17
110
7
1
84
131
33
9
66
68
144
248
13
18
40
129
64
3
132
212
154
32
40
5
66
0
64
0
193
65
25
164
15
16
36
16
0
32
16
108
35
0
58
147
177
8
83
48
74
13
207
238
105
233
255
227
209
57
95
46
206
138
125
109
173
193
253
185
110
116
117
26
115
119
255
25
36
253
67
58
51
214
66
217
201
115
123
253
56
243
190
58
181
85
210
247
231
153
157
28
60
249
229
143
73
49
204
123
175
82
223
15
249
197
221
247
245
253
166
255
222
180
221
160
203
143
201
166
13
236
237
189
111
246
45
122
123
102
251
51
246
221
17
98
175
215
115
190
113
179
189
126
189
85
110
186
255
235
89
221
243
72
148
120
113
193
254
156
199
185
156
119
143
214
247
149
251
63
255
113
238
253
188
103
88
252
93
238
251
173
91
204
221
235
245
175
104
228
46
136
118
111
223
51
57
254
106
113
189
146
231
252
154
100
249
253
53
237
222
186
119
77
131
252
215
200
181
85
36
232
183
175
45
32
244
51
175
216
79
53
186
204
248
239
121
60
115
124
254
89
187
252
184
98
130
134
235
137
8
243
219
189
245
111
159
197
127
243
167
73
71
167
230
203
154
165
103
191
189
249
119
122
124
231
45
183
117
55
107
187
234
42
211
244
29
124
84
150
179
247
251
191
243
233
206
206
235
195
251
217
242
234
203
29
187
106
255
179
198
203
248
203
213
185
79
206
189
206
123
111
223
59
39
215
75
50
30
119
135
125
251
116
255
255
54
227
124
234
124
95
158
89
179
223
13
60
245
215
247
173
234
193
236
161
111
93
109
147
182
6
0
8
10
0
0
4
1
2
2
1
2
144
6
36
2
0
1
0
148
3
132
64
64
68
128
140
9
2
168
8
0
128
44
4
138
10
8
3
2
0
2
4
8
16
92
132
12
17
44
16
4
1
24
84
2
16
98
48
16
8
80
98
227
80
42
147
151
234
135
138
39
74
170
19
21
81
230
217
242
246
131
88
230
207
45
71
139
219
72
174
78
2
136
189
126
119
37
69
191
90
118
133
214
144
84
1
14
203
14
129
95
157
44
24
7
50
93
29
203
192
122
19
188
88
6
50
244
90
19
143
212
62
243
219
126
198
182
215
20
89
84
57
67
238
213
67
98
198
53
198
119
77
202
164
14
82
12
53
106
215
36
85
186
82
122
233
85
112
93
49
46
213
132
225
111
153
172
24
5
240
29
156
73
16
242
51
189
88
87
32
250
60
59
115
229
184
252
225
121
205
212
218
117
193
86
217
240
251
196
203
106
231
44
136
215
237
222
6
133
70
202
59
223
6
231
125
154
116
250
217
23
137
117
211
118
109
134
125
227
202
53
229
251
250
151
175
105
68
106
91
239
75
15
37
182
81
8
205
222
238
159
87
116
250
37
23
28
157
125
60
66
230
213
49
98
206
109
194
119
73
234
164
62
122
9
81
111
215
36
85
186
82
123
249
126
240
221
56
47
213
30
245
111
153
172
25
5
240
29
157
73
24
246
51
189
88
87
32
250
212
43
147
117
224
138
170
226
72
153
66
71
194
85
219
176
228
139
173
71
199
45
70
211
203
74
166
230
4
134
170
22
119
51
105
181
61
138
206
196
201
52
145
198
233
34
155
111
168
200
41
243
241
79
25
201
71
91
19
161
96
39
17
106
65
6
128
2
201
202
2
8
2
96
2
5
160
206
137
0
106
1
1
68
200
5
138
65
74
216
8
13
18
10
1
77
23
39
85
187
0
66
109
68
32
84
24
3
69
24
229
199
153
36
24
4
177
29
140
195
0
106
35
189
72
71
48
120
67
0
0
26
13
128
14
0
2
34
33
0
128
64
36
19
100
83
0
192
138
33
194
11
72
128
162
110
18
40
177
96
83
36
20
42
2
104
32
66
32
74
44
9
211
28
193
15
17
172
24
5
32
24
156
73
16
178
51
189
88
86
32
227
66
0
0
146
9
130
14
0
2
34
1
0
144
68
36
18
228
19
0
192
138
33
194
67
72
144
160
76
18
8
17
64
83
36
20
186
0
104
32
66
32
74
12
41
213
20
229
79
17
172
24
4
32
24
28
73
24
50
51
177
24
86
32
226
6
0
9
8
1
0
4
8
130
2
1
2
128
0
38
3
0
32
0
4
2
130
0
64
68
144
28
9
130
136
0
0
0
12
2
138
2
40
3
2
0
34
4
8
16
92
0
0
17
44
16
0
1
16
100
34
16
32
32
56
8
81
98
227
7
0
8
0
1
0
0
8
130
2
1
2
128
0
3
3
0
0
0
84
10
134
0
64
68
144
28
9
130
8
0
0
0
12
0
138
2
40
3
2
0
32
4
8
16
92
0
128
17
44
16
4
17
24
68
2
16
32
32
56
8
80
96
227
212
43
147
117
224
178
250
226
8
153
67
67
198
113
146
16
108
203
189
111
70
45
98
219
207
90
182
254
76
36
160
62
87
51
104
41
125
190
254
196
205
52
185
86
235
8
219
95
153
137
44
243
240
94
159
201
71
223
19
199
68
55
81
250
197
223
247
117
224
182
254
211
57
221
98
203
206
113
192
25
236
203
189
111
118
109
118
243
251
95
63
246
108
6
176
55
246
115
120
145
245
253
252
165
213
62
186
246
233
136
219
127
136
153
124
119
241
230
159
205
87
223
83
135
82
119
17
251
59
215
116
254
191
168
101
88
252
85
252
185
173
123
204
93
251
244
39
120
237
110
137
119
110
255
97
61
127
90
96
173
146
231
52
186
102
121
49
125
111
223
186
103
76
145
252
199
192
181
209
12
232
182
143
45
56
182
63
159
218
71
164
218
197
223
247
245
244
182
255
211
57
221
100
203
206
121
22
29
236
237
189
111
118
109
118
243
239
123
51
254
125
20
240
55
215
115
56
89
241
253
254
165
85
46
186
247
235
8
219
127
136
145
124
127
241
230
159
207
127
223
115
143
82
119
149
251
84
43
147
117
224
202
162
226
72
153
74
71
194
85
217
160
228
139
169
70
198
45
70
211
203
74
38
228
4
134
170
22
119
51
105
177
61
138
204
68
201
52
145
230
237
2
187
111
168
140
41
115
241
79
25
201
71
91
19
165
64
103
81
106
39
230
105
10
20
214
135
77
227
66
141
176
97
23
133
5
203
100
34
4
131
113
88
69
68
213
25
45
51
8
1
72
133
134
151
138
0
24
47
18
36
34
32
161
21
88
52
162
18
188
161
8
49
17
100
18
48
34
2
13
8
209
124
90
200
9
41
144
0
79
34
227
192
198
95
22
81
164
219
162
131
17
65
100
14
144
196
130
29
212
156
136
192
130
50
24
112
4
65
250
0
106
197
72
144
113
21
54
69
30
100
44
27
40
49
5
145
31
4
8
64
104
57
120
76
6
96
242
84
159
146
252
41
98
252
103
16
248
106
129
2
192
139
26
237
219
161
75
196
45
196
91
73
95
179
110
80
6
163
102
215
48
117
176
117
120
232
100
112
92
58
47
247
21
247
111
153
172
24
5
240
29
156
73
19
243
51
181
88
119
33
250
229
223
247
245
253
228
255
220
189
253
173
203
143
217
134
15
171
237
189
111
126
173
118
123
70
255
179
126
249
19
98
63
223
115
182
251
144
189
254
255
119
42
186
247
249
89
253
183
200
150
120
121
209
254
156
103
57
156
113
143
222
245
149
250
253
248
255
121
56
115
253
254
217
190
232
185
99
134
223
234
219
236
251
75
253
221
111
159
207
127
247
167
73
207
99
254
207
138
237
231
63
188
253
127
120
124
227
191
255
241
55
251
191
236
62
211
245
61
92
84
214
248
207
251
255
243
233
246
5
231
105
8
20
150
7
89
225
6
137
160
192
5
132
1
139
101
35
100
130
100
16
197
68
213
29
45
2
12
0
8
198
14
205
138
8
56
47
2
36
98
56
161
23
248
52
130
18
188
32
0
33
49
70
18
0
2
16
133
72
211
108
50
39
224
73
10
19
210
7
12
227
34
13
184
49
30
165
91
75
54
32
16
131
115
91
69
68
213
25
45
51
8
1
72
149
140
135
138
0
216
47
58
36
27
100
33
21
92
52
35
18
172
161
12
55
1
96
178
56
34
130
57
25
217
124
74
66
12
144
51
201
138
6
9
10
35
170
42
162
193
4
17
111
3
33
86
206
37
11
73
70
215
251
47
130
42
163
70
131
167
85
59
32
168
237
66
96
84
32
233
213
89
189
51
216
206
24
32
229
117
92
227
16
186
151
177
24
87
176
74
5
158
150
116
61
162
180
82
48
184
164
195
134
89
36
9
228
237
165
3
228
47
88
115
65
106
225
102
120
5
161
103
223
48
80
48
115
184
232
229
112
28
58
39
209
81
247
111
184
236
24
5
240
29
152
73
22
242
183
189
88
87
36
218
77
139
151
117
224
234
162
194
41
153
74
71
214
117
201
160
228
203
173
111
70
45
2
211
203
94
54
228
44
6
186
22
246
115
121
161
117
90
220
36
197
52
152
118
237
134
251
239
136
137
40
119
243
71
153
201
7
223
19
165
80
103
17
250
239
234
239
91
254
223
195
186
253
191
58
251
255
251
254
233
147
245
127
187
255
95
63
255
107
119
31
55
191
219
87
222
255
239
207
87
94
181
255
190
255
125
234
127
221
234
189
179
239
253
156
241
223
231
143
251
118
252
244
63
254
253
249
188
1
3
129
148
1
11
32
122
16
24
134
65
0
80
8
2
162
21
129
3
196
37
192
211
73
42
128
4
16
0
1
73
223
32
80
184
80
106
193
100
240
28
56
39
192
22
245
111
153
172
24
5
240
29
157
65
16
242
51
189
72
87
32
250
13
207
126
105
225
254
242
81
57
85
174
207
142
125
236
173
197
253
189
110
118
109
16
115
119
126
27
244
253
6
42
49
214
83
89
137
83
123
221
48
247
190
56
247
117
155
255
231
141
157
24
60
249
117
139
9
49
222
123
175
82
127
151
251
192
1
3
144
0
66
2
231
1
128
7
134
81
164
27
34
139
16
1
101
10
128
196
0
77
144
152
8
2
142
26
24
112
36
53
218
2
106
69
84
16
64
16
42
7
28
96
172
9
40
114
4
17
26
132
10
144
96
41
120
76
6
34
242
189
223
246
229
96
255
251
243
61
221
70
207
206
121
216
189
246
255
253
111
116
77
176
243
251
126
63
246
124
86
254
189
214
115
120
209
245
255
220
189
213
29
187
246
233
130
251
239
205
145
253
255
248
231
139
205
127
223
115
207
82
63
21
187
88
18
143
215
126
215
91
116
206
180
23
20
153
212
59
66
238
213
72
98
206
55
194
119
73
202
164
46
82
9
53
106
215
36
85
186
82
122
233
87
112
93
121
46
213
132
225
111
153
172
24
5
240
29
156
73
16
242
51
189
88
87
32
250
66
18
16
50
221
162
6
72
66
35
129
34
160
192
128
17
110
71
33
84
202
37
11
75
70
214
251
47
146
40
33
68
3
135
212
59
32
168
101
66
32
64
0
201
69
25
165
19
80
228
24
0
101
184
92
163
0
58
147
147
8
87
180
74
23
158
210
38
29
160
133
78
51
49
140
249
166
95
132
25
239
167
161
19
197
15
202
107
230
223
81
111
62
41
193
111
159
226
112
20
52
152
107
118
101
28
106
225
157
17
125
235
240
246
9
28
244
0
248
105
46
146
182
175
144
85
165
94
60
59
113
244
52
253
225
121
221
84
214
117
193
86
217
240
251
212
207
106
231
44
136
87
237
222
6
133
118
235
63
221
6
231
125
154
100
251
217
21
137
245
211
118
109
134
125
227
202
53
229
248
250
183
175
40
68
226
91
235
75
15
37
254
122
144
152
191
239
133
31
13
134
235
25
140
189
76
54
95
253
215
32
83
142
55
218
107
12
194
226
111
18
185
53
111
199
164
87
59
66
120
234
119
96
72
100
105
215
28
245
63
153
172
24
5
230
29
156
121
16
242
51
189
88
87
32
250
64
7
197
212
33
19
48
127
49
248
212
145
92
241
129
2
162
221
161
107
212
101
192
243
73
10
128
20
120
0
49
73
223
36
84
184
86
120
225
116
244
94
56
47
209
20
209
111
153
172
24
5
240
29
157
73
16
242
51
189
88
87
32
251
132
10
66
167
217
128
168
233
28
249
66
119
162
67
193
128
234
149
133
67
197
44
173
122
78
154
50
3
210
10
35
94
115
39
124
187
82
118
237
84
209
84
24
14
201
4
200
215
137
44
88
5
240
30
141
73
16
240
51
189
76
7
32
186
80
153
154
252
40
122
254
119
17
186
127
145
64
84
11
154
173
203
160
139
198
45
197
219
201
95
243
230
65
39
163
110
223
50
85
176
119
120
234
117
112
124
187
111
245
21
247
111
153
174
24
71
240
29
156
73
23
243
55
191
88
119
161
254
84
155
146
124
41
98
254
118
16
184
104
193
2
80
15
11
173
203
161
131
196
45
196
219
201
95
243
230
81
36
163
102
223
50
117
48
119
120
234
101
112
60
187
111
245
21
183
111
153
174
24
71
240
29
156
73
23
243
55
191
88
119
161
250
125
235
229
124
48
184
103
120
233
53
253
249
239
115
220
74
139
205
175
105
175
109
66
247
205
255
135
183
111
44
97
141
151
70
244
186
108
185
249
61
110
191
187
231
245
177
125
35
186
181
169
250
225
189
63
44
108
254
83
235
249
215
229
223
64
9
167
144
64
79
36
103
128
68
42
4
81
228
27
162
205
8
67
100
86
129
116
131
91
109
132
128
193
132
58
136
224
34
67
168
8
98
197
200
50
52
20
166
68
54
165
238
153
44
206
8
240
29
20
25
145
224
3
184
72
86
64
248
69
103
49
24
208
158
39
89
162
6
129
8
193
65
148
1
203
101
39
100
10
102
16
195
78
213
31
108
16
14
0
8
66
6
199
139
0
40
39
66
36
34
56
165
85
248
52
150
16
133
16
112
33
248
6
11
1
40
0
135
72
215
105
50
64
1
9
144
64
75
2
235
0
194
91
6
81
164
91
162
197
25
17
68
14
177
192
2
29
196
152
8
128
130
18
24
112
6
65
235
2
106
69
64
176
48
20
46
7
30
100
44
159
40
49
4
25
93
132
10
65
104
41
120
77
22
32
176
211
148
146
39
77
226
158
4
19
171
32
201
34
1
6
27
109
11
160
147
192
1
103
73
192
75
251
238
1
36
161
103
221
176
152
33
61
76
232
97
96
14
59
41
247
21
247
127
152
218
24
7
244
96
120
233
135
147
151
177
16
115
208
74
5
159
150
84
45
186
247
82
50
189
164
193
134
89
36
9
228
239
165
35
228
45
82
243
65
123
193
102
124
69
193
103
223
50
80
48
118
152
248
101
113
30
58
39
241
81
247
111
184
172
24
5
240
29
152
65
55
210
55
191
210
119
165
219
64
1
8
144
1
66
2
235
6
130
27
6
17
164
27
34
196
17
17
68
10
161
196
2
76
212
152
8
128
138
18
24
112
39
49
203
2
106
71
66
16
192
20
42
7
28
96
164
1
40
18
4
9
90
132
10
208
96
41
120
76
4
34
178
82
128
152
175
9
202
158
5
91
171
57
201
52
33
15
186
125
131
48
145
192
1
103
9
209
69
249
110
3
163
131
102
149
177
105
53
63
8
232
98
96
76
33
41
151
20
183
127
145
202
26
3
164
65
120
235
215
243
182
241
16
115
80
230
23
190
210
102
157
168
228
94
83
49
220
249
230
95
132
25
235
199
161
145
229
13
203
123
230
223
97
111
126
45
193
111
151
230
253
30
52
152
123
55
101
156
235
225
221
17
255
227
208
246
9
212
244
164
250
105
46
146
182
227
144
117
181
78
212
43
147
117
224
202
234
227
72
153
67
87
194
85
217
176
246
139
173
207
71
45
71
211
203
94
183
238
4
166
162
150
118
51
105
181
29
26
206
196
201
52
177
230
233
43
155
111
169
172
41
243
241
79
25
201
71
219
19
231
96
103
145
106
253
223
247
245
96
127
251
243
57
213
71
203
206
249
254
157
252
253
253
111
118
109
112
243
255
127
187
254
253
54
246
177
214
115
112
217
209
127
222
253
221
191
187
247
233
139
255
110
141
145
239
255
249
255
155
207
113
223
113
143
82
127
149
251
212
171
151
117
224
202
234
226
73
153
67
71
198
117
200
176
230
139
173
239
71
45
33
211
203
94
179
252
4
38
170
20
214
51
97
177
93
26
222
228
197
60
185
118
233
11
255
110
137
165
105
243
241
79
25
201
71
223
19
165
80
103
145
122
103
231
105
26
220
212
7
77
227
70
41
184
193
71
132
17
203
101
32
4
138
97
26
69
68
213
29
45
51
10
1
9
135
134
149
138
0
16
111
22
36
34
40
225
21
88
53
162
82
188
0
40
33
176
102
51
40
40
0
27
24
213
125
90
67
14
130
3
201
130
6
8
10
33
2
7
160
199
11
16
110
3
41
68
200
5
139
65
66
220
24
44
146
10
2
7
23
39
81
187
16
0
109
70
32
80
24
11
77
24
237
135
153
36
24
4
241
28
140
203
64
120
51
181
72
71
48
120
64
3
143
216
33
147
100
126
17
240
68
129
16
241
3
10
138
21
97
99
196
37
194
243
73
10
128
6
80
0
49
75
223
38
81
184
82
120
224
96
112
126
56
47
213
20
209
111
153
172
24
5
240
29
156
73
17
242
51
189
88
87
32
251
205
207
116
124
224
250
98
81
41
81
143
206
206
117
236
169
229
169
189
102
118
109
16
243
199
126
115
252
237
6
170
49
218
83
81
139
1
122
222
100
247
188
56
247
253
27
255
46
141
133
32
116
249
127
139
77
25
223
113
167
80
119
147
219
1
3
133
208
33
155
33
126
0
176
6
129
0
208
8
2
130
5
161
67
196
37
194
211
73
42
128
6
16
0
1
73
223
38
81
184
80
104
224
96
240
124
56
39
209
20
245
111
153
172
25
5
240
29
157
73
17
242
51
189
88
87
32
250
67
0
0
19
207
128
14
0
2
43
1
8
128
64
33
19
100
83
0
208
202
37
195
73
64
128
162
46
18
32
161
66
83
164
20
59
66
104
32
66
32
74
40
9
209
28
193
31
25
172
24
5
100
24
156
73
16
242
51
149
88
82
32
227
98
148
136
191
255
132
158
5
14
107
17
202
153
76
54
93
253
215
32
99
202
53
218
105
76
194
178
47
18
57
53
111
199
164
31
59
82
249
232
119
96
74
100
105
215
28
253
59
153
140
24
5
230
153
156
105
16
178
51
189
88
87
32
246
66
0
0
18
201
128
14
0
2
34
17
0
144
64
0
18
100
19
0
208
202
33
195
75
64
192
160
46
18
32
161
66
83
36
16
58
2
104
32
66
32
64
44
9
213
28
197
15
17
172
24
5
100
24
28
73
0
50
51
177
24
86
32
98
81
8
205
159
234
141
91
36
106
101
23
12
157
253
62
66
238
215
48
98
206
45
202
107
11
202
164
62
98
9
21
111
215
37
85
58
82
121
248
126
112
92
104
47
213
28
253
47
153
172
24
5
240
29
156
73
24
242
51
189
88
87
32
254
69
207
116
88
193
202
102
80
43
1
169
142
204
125
236
41
229
169
43
102
14
109
18
115
70
95
19
124
177
6
130
1
218
87
83
139
0
40
255
98
38
56
56
231
117
88
255
167
144
132
16
116
241
125
138
11
25
222
17
167
80
103
133
90
66
0
128
51
201
128
14
4
0
43
17
2
128
192
2
18
4
19
0
210
202
37
195
73
64
194
170
46
18
32
33
66
87
164
20
43
3
104
32
66
96
64
56
9
213
28
197
27
25
140
24
5
100
24
156
105
17
115
51
177
8
83
32
98
65
7
139
82
8
147
67
62
0
160
7
128
128
208
11
2
138
69
33
67
206
37
194
195
73
98
128
38
0
0
1
75
223
6
81
40
82
72
226
98
112
60
56
39
213
20
245
107
153
172
25
5
240
29
156
64
17
242
51
189
88
87
33
250
64
3
143
217
40
147
86
126
1
162
21
128
144
241
11
10
138
85
97
99
206
45
202
243
73
67
146
38
64
1
17
75
223
6
81
42
82
104
242
98
112
124
184
39
213
20
245
107
155
172
25
5
240
29
156
73
17
242
51
189
88
87
33
250
195
14
130
35
201
130
134
138
8
41
2
71
162
197
2
24
102
3
57
68
200
141
139
73
70
220
56
47
146
2
34
70
23
167
85
57
49
36
109
70
97
84
24
139
77
24
189
209
217
4
24
20
245
126
140
235
80
120
51
181
8
69
16
104
67
136
204
151
234
205
90
4
42
103
23
206
158
229
62
10
175
209
48
99
206
109
202
105
89
202
182
62
98
129
55
111
215
165
85
59
82
105
248
126
112
92
104
47
213
28
253
51
153
140
24
5
244
29
156
73
25
246
51
189
88
87
32
250
67
2
128
55
201
128
14
0
2
43
1
10
128
192
3
18
4
19
0
214
202
37
195
73
64
194
170
46
18
32
33
2
87
164
20
59
83
104
32
66
96
74
24
9
209
28
137
23
25
140
24
5
116
24
156
233
17
242
51
149
88
87
48
107
194
10
146
167
201
202
162
138
8
33
2
71
162
229
10
56
102
19
57
70
204
141
139
105
78
218
56
46
146
2
34
79
23
167
81
59
17
238
109
70
193
84
24
11
73
28
253
161
221
4
24
20
245
126
156
203
80
252
49
189
88
69
16
248
66
132
136
151
200
132
30
5
46
111
17
78
138
101
22
20
172
83
32
227
206
37
203
105
88
194
178
46
18
161
51
103
215
164
85
59
82
105
232
98
112
72
40
171
213
28
253
59
153
140
24
1
244
29
156
105
25
242
51
189
88
87
32
234
82
128
138
175
203
194
158
132
27
186
120
137
48
6
15
184
125
11
177
150
205
33
79
9
193
77
251
230
67
229
163
230
221
177
89
33
63
65
236
96
96
76
55
105
215
21
183
127
187
202
26
3
244
69
120
233
199
147
159
241
16
115
208
70
72
8
142
215
234
221
222
37
60
245
23
206
155
252
59
70
175
209
56
99
206
47
202
123
73
203
182
46
82
129
55
110
215
39
85
59
82
121
234
118
112
124
104
47
213
28
253
59
157
140
24
5
244
29
156
73
17
242
51
189
88
87
32
250
66
148
138
191
239
180
222
129
30
251
17
202
138
68
55
29
173
215
56
179
204
37
218
121
78
214
187
47
82
49
55
103
199
164
221
57
114
109
232
99
96
76
98
105
215
28
253
51
153
204
24
5
244
181
156
107
17
242
51
189
92
87
48
246
