posters/Movie Poster 42.jpg
512
392
220
-82.875
-1
0
111
127
0.00192919
31
-98.7462
-1
0
136
127
0.00241109
31
171.703
-1
0
189
114
0.00245
31
92.663
-1
0
136
115
0.0024673
31
67.3194
-1
0
124
117
0.00462009
31
-168.341
-1
0
191
115
0.00260037
31
-52.5238
-1
0
128
122
0.00359749
31
73.3792
-1
0
110
116
0.00333129
31
69.444
-1
0
120
116
0.00320867
31
87.3676
-1
0
132
116
0.00311233
31
116.162
-1
0
142
116
0.00267475
31
92.2906
-1
0
150
116
0.00249141
31
127.304
-1
0
166
116
0.00439701
31
-143.13
-1
0
183
116
0.00451052
31
73.6105
-1
0
104
117
0.00271794
31
62.4472
-1
0
126
117
0.00322142
31
73.6105
-1
0
128
117
0.00403883
31
87.4552
-1
0
156
117
0.00303099
31
-140.194
-1
0
178
117
0.00246759
31
-152.071
-1
0
194
117
0.00209056
31
-91.0742
-1
0
152
132
0.00356635
31
34.1597
-1
0
120
119
0.0057036
31
69.2744
-1
0
131
119
0.00412712
31
70.71
-1
0
104
120
0.00433441
31
59.0362
-1
0
110
120
0.00212225
31
16.2602
-1
0
117
120
0.00535869
31
23.3852
-1
0
126
120
0.00373392
31
90
-1
0
157
120
0.00213574
31
99.8658
-1
0
160
120
0.00291119
31
129.914
-1
0
400
280
0.0028405
31
-176.424
-1
0
166
120
0.00440317
31
-151.46
-1
0
171
120
0.00199556
31
-104.676
-1
0
184
120
0.00450914
31
37.1847
-1
0
115
119
0.00585138
31
-62.1027
-1
0
131
122
0.00416705
31
-93.0128
-1
0
133
122
0.0028772
31
-82.0731
-1
0
108
126
0.00378654
31
-77.4712
-1
0
128
126
0.00497618
31
-100.751
-1
0
159
126
0.00328875
31
-81.4041
-1
0
100
127
0.00397726
31
-94.548
-1
0
106
127
0.00538239
31
-102.579
-1
0
138
127
0.00272798
31
-80.4399
-1
0
153
127
0.00424188
31
-84.9576
-1
0
155
127
0.00483716
31
-92.7792
-1
0
104
128
0.00635324
31
-76.373
-1
0
122
128
0.00527553
31
-103.134
-1
0
140
128
0.00210893
31
-94.7201
-1
0
145
128
0.00381778
31
-124.548
-1
0
168
128
0.00351689
31
-80.5377
-1
0
100
129
0.00763606
31
-94.4749
-1
0
106
129
0.00873705
31
-88.6574
-1
0
155
129
0.008646
31
-113.562
-1
0
163
129
0.00577424
31
-88.8229
-1
0
116
130
0.00275723
31
-81.9776
-1
0
120
130
0.00758936
31
-78.3985
-1
0
122
130
0.0053375
31
-92.0096
-1
0
133
130
0.00689451
31
-93.3419
-1
0
146
130
0.00561239
31
-120.231
-1
0
168
130
0.00296387
31
-93.1151
-1
0
104
131
0.00548792
31
-91.1612
-1
0
111
131
0.00288864
31
-83.6247
-1
0
128
131
0.00261916
31
-91.609
-1
0
135
131
0.00377061
31
-96.4908
-1
0
139
131
0.00225832
31
-87.5283
-1
0
149
131
0.00392154
31
-89.6129
-1
0
154
131
0.00568211
31
-101.908
-1
0
294
178
0.00218612
31
-84.3246
-1
0
100
132
0.00370852
31
-95.0957
-1
0
106
132
0.00362756
31
-137.372
-1
0
193
120
0.00179739
31
-112.249
-1
0
164
131
0.00180987
31
149.47
-1
0
171
116
0.00181607
31
96.7098
-1
0
139
114
0.00181373
31
-115.821
-1
0
164
127
0.00191711
31
68.4429
-1
0
113
114
0.00181389
31
-122.171
-1
0
178
120
0.00167199
31
-92.8913
-1
0
366
235
0.00167229
31
-83.5302
-1
0
116
126
0.00170113
31
90
-1
0
150
120
0.00146501
31
180
-1
0
142
120
0.00148058
31
-99.5571
-1
0
368
235
0.00135087
31
-124.321
-1
0
296
197
0.00143522
31
-125.251
-1
0
172
131
0.00140303
31
-124.509
-1
0
294
196
0.0013791
31
-96.2383
-1
1
304.8
181.2
0.000539593
37.2
-64.875
-1
1
312
193.2
0.000755065
37.2
-80.8886
-1
1
298.8
225.6
0.000473443
37.2
-109.822
-1
1
327.6
216
0.000592127
37.2
-70.0169
-1
1
318
208.8
0.000700957
37.2
-84.4214
-1
1
295.2
226.8
0.000517489
37.2
-92.2776
-1
1
364.8
237.6
0.0011898
37.2
-111.677
-1
1
294
195.6
0.00103828
37.2
-83.1572
-1
1
133.2
121.2
0.00115413
37.2
-78.7909
-1
1
284.4
199.2
0.000638307
37.2
-105.068
-1
1
159.6
126
0.000973878
37.2
-127.659
-1
1
351.6
208.8
0.000617232
37.2
-73.6105
-1
1
121.2
127.2
0.00178021
37.2
-80.2476
-1
1
127.2
127.2
0.0018811
37.2
-94.1513
-1
1
138
127.2
0.00171881
37.2
-87.0134
-1
1
153.6
127.2
0.00111606
37.2
-110.022
-1
1
163.2
127.2
0.00109508
37.2
-118.191
-1
1
168
127.2
0.00153292
37.2
-96.2419
-1
1
145.2
128.4
0.00242457
37.2
-105.357
-1
1
162
129.6
0.0014286
37.2
-79.2319
-1
1
310.8
188.4
0.000473621
37.2
-78.0939
-1
1
122.4
130.8
0.00193078
37.2
-84.9279
-1
1
128.4
130.8
0.00128866
37.2
-93.4893
-1
1
136.8
130.8
0.00202304
37.2
-91.0675
-1
1
139.2
130.8
0.00150922
37.2
-92.745
-1
1
146.4
130.8
0.00234036
37.2
-87.7245
-1
1
154.8
130.8
0.00111035
37.2
-92.2906
-1
1
157.2
130.8
0.000644843
37.2
-109.323
-1
1
164.4
130.8
0.00123925
37.2
-112.765
-1
1
296.4
196.8
0.000873416
37.2
-73.393
-1
1
300
222
0.00071571
37.2
-74.8325
-1
1
356.4
232.8
0.000605172
37.2
-98.593
-1
1
300
180
0.000514149
37.2
-130.347
-1
1
330
210
0.000753658
37.2
-118.799
-1
1
333.6
217.2
0.000778533
37.2
-81.2926
-1
1
320.4
211.2
0.000480155
37.2
-108.029
-1
1
327.6
218.4
0.00056389
37.2
-85.9858
-1
1
130.8
130.8
0.00184067
37.2
-117.106
-1
1
294
192
0.000640176
37.2
-109.401
-1
1
331.2
220.8
0.000511577
37.2
-94.9091
-1
1
294
178.8
0.00145093
37.2
-74.4034
-1
1
282
199.2
0.000955228
37.2
-86.5834
-1
1
133.2
127.2
0.00202639
37.2
-68.9077
-1
1
314.4
199.2
0.000729152
37.2
-89.5265
-1
1
319.2
200.4
0.000801835
37.2
-82.8091
-1
1
289.2
228
0.000523873
37.2
-108.159
-1
1
326.4
212.4
0.000954382
37.2
-92.9144
-1
1
291.6
204
0.000588448
37.2
-71.565
-1
1
309.6
192
0.000502378
37.2
-67.5572
-1
1
315.6
204
0.000867226
37.2
-114.19
-1
1
294
186
0.000432209
37.2
-100.8
-1
1
325.2
216
0.000444853
37.2
-128.699
-1
1
343.2
175.2
0.000433738
37.2
-90.4939
-1
1
320.4
205.2
0.000424339
37.2
-70.9189
-1
1
279.6
202.8
0.000432448
37.2
-123.261
-1
2
352.8
208.8
0.000371747
44.64
-134.249
-1
2
332.64
210.24
0.000473411
44.64
-96.3071
-1
2
292.32
182.88
0.000581866
44.64
-66.6148
-1
2
312.48
201.6
0.000389909
44.64
-94.0615
-1
2
364.32
236.16
0.00117746
44.64
-99.6783
-1
2
364.32
228.96
0.000426739
44.64
-90.337
-1
2
361.44
234.72
0.000864747
44.64
-87.5104
-1
2
319.68
204.48
0.00046256
44.64
-82.9666
-1
2
357.12
231.84
0.000762123
44.64
-81.8699
-1
2
285.12
200.16
0.000421579
44.64
-81.1752
-1
2
289.44
227.52
0.000554257
44.64
-115.224
-1
2
326.88
207.36
0.000446594
44.64
-102.529
-1
2
293.76
192.96
0.000828283
44.64
-78.6161
-1
2
312.48
192.96
0.000734207
44.64
-73.1162
-1
2
280.8
198.72
0.000532786
44.64
-73.7237
-1
2
315.36
198.72
0.000984095
44.64
-77.5826
-1
2
299.52
224.64
0.000401183
44.64
-91.9674
-1
2
292.32
203.04
0.000372613
44.64
-94.5632
-1
2
299.52
178.56
0.000571745
44.64
-92.7102
-1
2
295.2
178.56
0.00144095
44.64
-82.9772
-1
2
319.68
207.36
0.000528394
44.64
-127.424
-1
2
329.76
208.8
0.000407695
44.64
-76.0717
-1
2
319.68
211.68
0.000370756
44.64
-118.179
-1
2
334.08
216
0.000500955
44.64
-135.184
-1
2
342.72
171.36
0.000431193
44.64
-68.3477
-1
2
305.28
220.32
0.00050358
44.64
-109.904
-1
2
332.64
220.32
0.000389452
44.64
-64.0577
-1
2
312.48
204.48
0.000209375
44.64
-101.07
-1
2
325.44
218.88
0.00029244
44.64
-94.7955
-1
2
325.44
227.52
0.000296299
44.64
-81.5631
-1
2
283.68
227.52
0.000244089
44.64
-137.726
-1
2
335.52
208.8
0.000277855
44.64
-88.2224
-1
2
288
198.72
0.000231818
44.64
-86.6101
-1
2
288
201.6
0.00023358
44.64
-100.739
-1
2
321.12
198.72
0.000311074
44.64
-66.4677
-1
2
309.6
217.44
0.000353347
44.64
-57.4989
-1
2
250.56
227.52
0.00026822
44.64
-100.674
-1
2
325.44
216
0.000311515
44.64
-62.0029
-1
2
309.6
214.56
0.000295735
44.64
-126.975
-1
2
341.28
175.68
0.000317998
44.64
-82.3255
-1
2
355.68
228.96
0.000314881
44.64
-98.6014
-1
2
303.84
184.32
0.000267163
44.64
-89.4114
-1
2
319.68
226.08
0.000173962
44.64
-125.538
-1
2
328.32
204.48
0.000187821
44.64
14.1115
-1
2
276.48
171.36
0.000205633
44.64
-131.987
-1
2
332.64
169.92
0.000193076
44.64
-70.6926
-1
2
279.36
203.04
0.000182734
44.64
18.343
-1
2
279.36
168.48
0.000181081
44.64
-100.521
-1
2
331.2
227.52
0.000170516
44.64
-121.541
-1
3
330.048
209.088
0.000301372
53.568
-130.882
-1
3
335.232
209.088
0.000260864
53.568
-103.431
-1
3
324.864
207.36
0.000242937
53.568
-75.7224
-1
3
285.12
203.904
0.000186298
53.568
-76.3013
-1
3
317.952
210.816
0.000295879
53.568
-121.67
-1
3
335.232
214.272
0.000199341
53.568
-74.0924
-1
3
298.944
219.456
0.000168769
53.568
-74.8951
-1
3
305.856
221.184
0.000586414
53.568
-109.781
-1
3
331.776
219.456
0.000483981
53.568
-75.5131
-1
3
309.312
217.728
0.000336963
53.568
-95.0338
-1
3
323.136
216
0.000200251
53.568
-73.9358
-1
3
314.496
216
0.000217651
53.568
-84.5794
-1
3
319.68
207.36
0.000317616
53.568
-86.0244
-1
3
292.032
202.176
0.000497964
53.568
-68.9366
-1
3
278.208
202.176
0.000215319
53.568
-95.0694
-1
3
321.408
198.72
0.000261361
53.568
-79.5625
-1
3
314.496
198.72
0.000911652
53.568
-68.4986
-1
3
278.208
198.72
0.000252816
53.568
-91.5975
-1
3
297.216
196.992
0.000406905
53.568
-95.4403
-1
3
293.76
195.264
0.000618748
53.568
-88.4765
-1
3
312.768
193.536
0.00097002
53.568
-88.0802
-1
3
293.76
179.712
0.000989207
53.568
-93.3501
-1
3
312.768
188.352
0.000398725
53.568
-129.03
-1
3
340.416
174.528
0.000327785
53.568
-97.7543
-1
3
311.04
184.896
0.000154856
53.568
-98.7641
-1
3
304.128
186.624
9.41877e-05
53.568
-25.4437
-1
3
260.928
183.168
9.97907e-05
53.568
-25.3242
-1
3
264.384
183.168
0.000103993
53.568
0.94435
-1
3
274.752
171.072
0.000113519
53.568
-125.442
-1
3
330.048
171.072
0.000103605
53.568
-33.9204
-1
3
260.928
186.624
0.000111754
53.568
-63.7151
-1
3
307.584
210.816
0.000118118
53.568
220
64
255
254
255
231
255
245
255
248
255
127
248
251
255
255
246
253
243
245
63
107
253
223
191
124
238
255
127
59
255
95
247
255
243
229
156
255
86
117
253
247
87
206
122
63
223
142
252
181
141
189
94
133
232
191
142
77
216
244
49
159
222
95
32
188
252
60
247
245
254
237
255
253
253
253
255
255
255
191
251
238
251
221
127
111
125
143
231
60
127
255
191
191
255
223
126
191
113
101
125
251
215
119
253
118
125
93
253
62
207
143
255
181
141
173
95
133
250
191
157
77
216
244
57
253
93
15
32
190
13
142
245
192
136
237
167
117
185
124
206
69
221
117
220
164
137
109
195
40
244
105
90
249
125
124
4
214
108
199
27
207
223
211
121
8
20
234
252
42
93
181
74
167
101
162
125
227
177
80
233
120
247
93
155
12
47
78
198
173
194
15
5
254
211
222
222
223
255
222
222
149
63
255
60
203
142
219
118
189
253
231
61
191
78
143
63
57
231
223
255
111
223
27
226
55
243
175
94
127
122
181
255
246
243
126
234
255
219
90
217
177
205
205
94
241
221
255
141
235
209
252
225
63
220
117
147
191
248
217
154
223
243
75
250
238
95
185
127
191
183
222
251
250
255
215
252
79
15
191
239
63
111
223
243
47
215
203
254
191
243
167
117
127
86
247
255
118
243
253
229
126
175
142
125
182
205
201
127
245
223
255
181
238
209
252
233
127
93
45
147
190
13
142
231
160
136
109
161
126
189
124
78
85
81
125
219
228
139
124
195
32
244
11
206
251
123
232
20
130
252
195
59
207
221
194
81
32
53
210
237
62
221
53
74
166
109
163
101
227
57
100
237
60
213
95
157
8
46
200
175
173
202
15
39
222
191
255
124
254
255
189
95
24
255
127
253
251
191
126
244
221
251
247
126
187
247
126
177
126
183
255
243
123
255
123
247
237
159
237
158
247
239
121
251
253
127
223
255
125
213
215
253
95
229
183
158
13
238
167
255
125
56
246
247
159
255
223
188
158
217
29
154
87
227
75
218
230
27
185
127
251
182
218
235
254
239
147
60
79
15
175
231
63
111
207
251
111
211
107
254
62
115
167
117
255
86
255
255
246
243
124
233
126
171
14
89
183
205
141
126
245
221
255
181
235
209
253
121
127
93
52
145
254
248
217
146
223
243
75
250
238
95
185
127
255
183
222
251
254
255
215
60
79
15
191
239
63
111
207
251
47
211
203
254
63
247
167
117
255
86
255
255
246
243
125
229
126
175
30
121
183
205
200
127
245
223
255
180
235
209
252
233
123
93
108
147
254
243
221
222
95
255
223
222
183
63
253
127
219
190
255
79
254
239
215
61
239
79
207
175
61
111
223
255
127
255
11
250
63
243
231
125
127
86
247
255
246
115
126
233
127
223
30
221
177
205
205
94
245
221
255
149
239
209
252
233
63
220
117
147
190
211
222
222
239
253
242
255
144
59
255
40
203
142
105
102
57
245
239
189
191
236
205
59
120
230
223
123
247
255
99
227
55
215
227
158
81
127
253
252
179
119
78
106
253
219
25
255
177
236
221
24
53
205
231
158
239
223
221
180
15
214
255
18
191
218
216
218
215
255
211
218
151
63
249
62
207
190
210
98
249
253
215
188
191
76
141
175
121
239
223
123
111
223
75
254
63
247
227
60
117
126
247
255
247
211
92
234
126
219
14
249
177
237
221
94
245
221
231
140
235
215
252
228
63
214
61
147
189
201
218
76
235
253
251
162
176
57
89
108
207
174
125
76
41
133
239
253
189
252
85
11
248
227
126
89
246
253
71
235
151
159
209
219
1
125
219
252
35
127
29
106
183
245
59
254
49
190
223
137
43
221
229
202
255
127
159
150
167
210
251
222
95
104
14
231
179
74
119
163
255
253
252
82
23
89
244
251
230
146
93
203
102
124
211
222
190
91
40
12
132
232
210
63
222
105
47
71
185
213
114
205
180
220
117
86
158
72
167
67
225
191
44
221
141
211
31
141
88
68
228
99
188
79
14
40
244
217
223
222
95
227
91
254
230
27
185
127
219
190
250
235
254
239
147
60
111
15
191
231
63
171
223
251
127
215
107
246
62
243
39
125
255
86
255
254
247
243
125
233
126
175
142
217
183
205
139
118
245
217
255
181
239
209
253
121
127
93
44
145
190
216
249
219
223
115
75
254
238
95
185
111
191
55
214
251
250
255
215
248
79
15
189
239
31
239
223
243
111
215
203
254
191
247
167
117
255
86
255
255
118
179
253
229
119
175
158
125
182
205
137
255
245
223
255
181
238
209
252
105
127
93
45
145
246
249
205
222
95
235
91
250
230
27
253
127
159
182
254
235
254
235
211
60
111
15
191
239
63
111
223
187
63
215
75
62
63
243
167
117
123
86
255
255
126
243
253
237
126
191
142
125
179
205
201
119
245
221
255
181
238
209
252
233
127
221
45
145
182
217
222
222
215
251
91
218
227
59
249
126
223
190
242
235
248
239
215
188
47
78
141
175
121
107
223
59
55
255
75
54
63
247
227
125
113
118
245
255
182
241
125
235
127
143
142
121
177
237
221
95
245
221
231
142
239
215
252
236
79
215
61
145
190
104
42
167
243
90
119
163
255
221
254
90
23
113
212
251
230
147
93
203
110
124
151
221
158
27
104
140
132
216
210
63
222
105
47
71
185
213
118
205
52
248
117
215
30
69
167
3
225
191
45
157
137
211
31
141
80
196
224
107
248
79
14
40
244
73
12
167
160
201
111
163
255
157
124
78
5
17
252
251
164
139
124
195
98
244
131
222
51
91
236
28
134
248
195
59
207
237
35
83
176
53
194
205
60
216
53
22
38
77
55
103
225
57
44
217
28
209
31
140
0
62
232
39
184
74
6
38
248
239
252
239
253
255
245
251
253
253
255
253
250
255
187
247
239
235
253
127
127
125
135
246
60
111
239
191
175
215
31
50
187
251
44
22
251
82
125
233
244
218
94
56
62
211
127
211
61
153
173
30
5
248
29
157
73
144
242
49
189
92
86
34
251
252
253
251
253
50
79
249
231
223
228
93
189
87
198
223
254
191
219
250
79
31
189
246
135
255
223
246
253
65
251
222
170
135
19
101
255
158
255
250
125
122
189
245
226
191
62
181
110
255
170
239
251
241
127
52
214
229
191
123
251
123
125
219
239
248
249
255
223
242
95
254
247
127
253
127
159
255
246
251
254
255
215
252
111
31
253
239
63
255
223
179
63
255
207
190
191
243
231
125
123
214
247
255
118
115
253
237
118
175
142
125
178
205
201
247
245
223
255
183
238
209
252
233
111
221
45
145
182
248
219
222
223
115
119
254
255
127
249
125
187
63
254
251
254
255
215
124
111
31
191
231
63
171
223
251
127
255
235
246
191
243
103
63
255
214
245
254
247
115
127
253
126
191
142
93
190
205
139
118
245
219
255
180
238
209
253
105
95
93
44
145
182
252
249
255
221
114
95
251
239
95
255
125
191
95
246
255
254
191
215
252
111
31
253
230
187
191
207
243
255
109
235
254
191
243
119
117
255
214
255
254
255
242
255
245
126
191
158
89
190
223
171
255
247
217
127
181
254
213
253
105
127
127
124
147
191
126
253
255
252
34
223
217
103
223
198
85
220
95
228
223
222
253
203
114
239
183
125
87
199
253
119
247
255
105
255
222
235
135
94
231
239
158
47
250
121
120
191
245
233
191
56
183
111
255
234
171
219
248
93
120
87
127
191
91
251
251
249
219
239
126
253
255
253
34
223
217
231
223
246
127
220
95
244
127
254
189
203
122
239
183
125
87
215
255
119
247
255
109
255
222
234
135
26
231
239
222
127
250
121
250
189
245
237
191
254
183
111
255
234
175
219
250
125
120
215
119
255
91
251
251
249
217
254
248
218
214
199
255
127
223
242
63
253
126
223
191
255
254
252
255
215
252
47
78
221
175
121
47
223
59
55
255
75
86
63
247
227
125
81
118
245
255
183
119
253
235
127
175
142
125
177
229
209
119
245
207
231
174
238
223
220
236
79
215
45
149
190
251
222
214
199
254
127
215
178
63
93
62
223
158
255
126
253
253
247
189
175
124
223
171
121
235
255
63
118
255
91
222
63
214
227
125
85
118
245
255
183
119
221
238
127
205
142
252
177
229
213
87
180
207
231
142
239
255
220
228
47
215
61
21
188
3
133
136
152
0
30
84
67
1
70
37
130
144
80
60
7
136
113
32
67
134
52
80
67
85
215
149
44
2
142
17
65
135
6
83
138
2
72
234
10
48
185
52
225
213
84
181
111
17
172
24
12
240
29
152
0
17
226
51
189
72
83
105
234
44
234
231
201
58
253
165
247
253
252
238
221
221
117
249
237
155
253
235
42
245
127
94
255
123
125
5
182
109
215
63
222
255
218
99
36
253
154
249
62
255
61
106
182
125
231
119
235
189
253
173
123
247
93
155
92
54
206
223
173
243
207
111
222
120
170
239
233
122
127
165
247
221
252
94
149
93
180
251
232
155
220
235
106
244
81
206
191
75
109
28
150
109
199
63
207
253
66
215
176
117
242
253
52
124
117
247
54
85
167
119
227
191
44
239
153
211
29
156
92
102
236
15
237
203
79
102
254
127
250
107
169
182
253
191
248
221
255
249
188
221
140
253
251
225
220
31
124
45
144
164
56
109
204
175
141
87
87
127
187
240
44
221
251
91
119
129
245
154
222
89
60
214
159
194
60
159
173
22
5
106
157
135
65
144
242
57
188
93
222
34
177
252
189
251
253
48
79
249
239
223
245
95
253
87
246
223
254
191
207
250
111
31
189
230
151
255
203
246
255
97
251
222
170
167
19
101
255
158
255
250
125
250
61
245
230
191
62
177
110
255
170
239
251
241
127
53
222
229
255
123
235
123
125
219
255
190
255
125
247
255
253
223
153
255
127
255
251
191
94
244
253
243
247
126
123
247
126
177
126
175
255
247
59
255
123
255
255
135
237
222
223
238
119
251
247
95
223
247
125
213
135
253
63
238
183
150
13
234
183
191
125
112
182
245
159
255
159
188
188
254
254
119
237
254
253
255
249
253
253
253
249
255
255
253
252
251
244
127
111
125
138
189
60
255
255
175
187
223
223
127
191
224
101
127
255
214
119
253
255
251
222
251
191
222
159
220
180
141
181
86
169
232
191
135
109
208
244
105
252
223
78
42
181
255
254
127
231
255
253
255
249
255
127
250
251
255
251
244
253
243
245
127
107
253
222
189
124
255
255
123
59
255
95
247
255
115
229
92
255
214
117
253
255
119
220
122
63
219
135
252
181
141
189
86
133
234
191
143
77
216
244
113
158
223
95
32
188
255
254
127
231
255
253
223
216
255
255
251
251
255
127
252
253
243
245
63
123
239
222
173
124
239
255
251
59
255
127
119
255
243
237
220
223
250
117
249
247
119
95
127
127
223
30
252
53
205
189
22
5
234
183
143
109
216
244
49
191
221
95
48
188
254
254
239
253
255
245
255
253
189
255
253
185
95
185
247
239
251
220
127
111
125
219
246
56
127
255
191
187
255
87
126
191
241
101
55
251
211
117
249
245
126
79
127
63
223
159
223
60
157
173
94
5
250
191
148
77
152
246
121
157
95
94
32
186
255
254
127
231
255
253
255
249
255
127
250
127
255
254
252
253
243
245
127
107
253
222
189
124
239
255
127
59
255
95
255
255
115
101
221
255
86
119
253
247
87
221
94
63
223
6
252
245
141
189
94
133
234
191
142
77
216
244
51
190
223
31
34
188
253
254
247
229
254
253
251
249
253
253
254
255
255
255
251
253
251
221
255
107
253
207
175
124
111
255
63
187
255
95
127
255
113
103
61
251
86
245
253
246
127
221
250
63
207
135
254
181
141
181
94
181
250
190
142
77
216
252
43
159
223
15
32
182
252
56
255
245
255
253
255
253
253
253
255
255
255
255
251
238
251
221
127
111
125
223
239
188
127
127
191
187
253
223
62
191
253
101
117
251
87
119
253
118
125
93
253
62
205
175
255
181
141
173
95
133
250
31
157
77
216
244
57
253
93
15
32
254
255
252
111
255
255
245
223
217
255
255
189
250
255
234
246
127
251
245
62
251
175
246
183
124
109
223
187
59
223
127
127
123
243
236
156
251
218
125
249
247
114
206
127
61
211
28
212
61
157
189
22
5
232
189
158
109
144
246
57
159
221
159
40
179
255
254
111
253
255
245
223
216
255
255
249
250
255
171
246
127
251
245
63
123
63
215
247
124
109
255
191
59
255
127
127
191
243
108
158
251
210
125
249
247
118
207
127
63
215
156
220
61
157
189
22
5
234
191
158
109
152
246
57
159
221
223
32
179
253
254
247
229
254
237
251
249
253
253
254
127
255
251
242
253
251
213
255
107
253
207
175
124
111
255
63
187
255
79
127
255
117
103
125
251
86
247
253
247
221
92
122
63
203
7
250
245
141
181
94
165
248
190
142
77
216
244
35
191
93
15
32
190
255
252
127
255
254
252
223
216
255
255
253
251
239
107
246
253
251
245
63
107
239
239
175
124
239
223
255
59
255
63
247
127
211
229
156
255
114
125
249
247
115
206
122
127
219
28
252
61
141
189
22
5
232
191
158
109
152
246
49
159
220
87
50
187
252
56
255
245
251
253
255
253
253
253
255
191
255
254
251
238
251
221
123
111
125
223
230
188
47
255
189
187
253
207
54
191
253
101
117
251
87
119
253
118
121
93
253
62
205
175
255
181
141
173
95
133
250
31
157
77
80
244
57
253
93
15
32
254
254
254
255
245
255
245
251
253
253
255
223
255
255
254
243
254
251
221
63
111
109
223
231
60
47
223
191
187
255
79
126
191
247
101
61
251
86
127
249
247
89
93
249
62
223
143
219
61
141
173
94
133
248
191
156
77
208
246
57
221
93
31
34
190
252
172
255
253
106
127
243
247
221
253
254
221
95
180
255
238
251
221
251
111
252
129
238
179
127
239
189
166
105
215
51
239
245
33
117
250
87
115
237
252
250
93
120
63
221
55
119
237
157
172
95
5
240
31
157
73
84
244
35
189
90
87
32
250
255
254
127
227
255
253
251
216
255
127
250
255
239
127
246
253
251
245
63
107
237
215
175
124
239
223
127
59
223
95
255
255
211
101
220
255
82
119
253
245
219
220
90
63
219
6
252
245
141
189
30
5
232
191
142
77
144
244
51
191
92
95
34
184
253
254
247
245
254
245
251
249
253
253
254
255
255
251
243
236
235
221
191
107
237
143
175
124
111
223
63
187
255
79
63
191
247
103
125
251
86
245
253
246
221
92
122
62
203
135
219
181
141
173
94
165
248
190
156
77
208
244
51
157
92
31
32
190
255
252
239
253
255
245
219
249
253
255
241
250
255
171
247
255
235
213
63
127
13
215
231
60
109
223
191
59
223
127
63
63
243
109
156
251
82
125
249
247
242
78
123
63
211
30
217
61
157
173
30
5
248
191
157
77
144
246
49
189
93
95
32
187
220
234
247
253
250
127
187
247
189
253
238
223
95
184
255
238
251
221
255
111
124
157
230
184
95
255
189
187
221
199
62
255
241
37
119
251
83
119
233
116
250
93
120
63
221
151
255
109
157
173
94
5
242
31
159
73
144
246
51
189
93
95
32
250
254
254
255
245
254
245
251
249
253
255
254
123
239
251
242
253
251
213
63
107
237
141
175
124
239
223
191
187
222
79
115
255
119
101
28
255
82
117
253
247
89
76
122
63
219
13
217
181
141
173
30
5
248
191
158
73
144
244
49
157
92
23
32
186
254
252
255
231
254
244
219
217
255
255
253
251
239
99
246
125
251
213
63
111
77
205
175
124
238
223
191
59
223
31
115
191
247
101
156
255
90
117
253
247
83
206
58
63
219
28
253
53
153
189
30
5
248
191
156
105
144
244
49
159
92
87
32
187
254
252
255
255
254
244
219
217
255
255
189
251
239
115
246
125
251
213
63
107
205
237
175
124
238
223
255
59
223
31
115
127
215
101
156
255
90
117
249
247
115
206
58
63
211
28
253
61
153
189
30
5
232
191
158
77
144
246
49
159
92
87
34
187
254
254
255
245
254
245
251
253
253
253
255
255
255
254
242
252
251
213
63
111
109
143
231
124
111
223
191
187
215
15
62
191
247
37
125
251
82
125
237
246
121
92
120
63
223
13
255
181
141
173
94
5
248
31
156
73
144
244
49
157
92
23
32
186
255
252
239
245
255
245
251
253
253
255
245
255
255
250
243
238
235
221
63
111
125
143
231
60
111
255
191
187
223
95
62
191
243
37
52
251
82
127
233
247
218
94
121
62
219
31
219
61
157
173
94
5
248
31
156
73
144
246
49
157
93
87
34
251
204
42
247
181
106
111
179
247
29
253
238
223
83
180
251
238
251
221
251
111
252
133
230
179
95
111
189
166
193
198
63
239
245
37
119
186
87
122
237
124
248
93
48
63
221
55
247
109
157
172
92
5
242
31
157
73
16
242
51
189
88
87
32
250
253
254
247
229
254
245
251
249
253
253
254
255
255
251
251
237
235
213
127
107
253
143
175
252
111
255
189
171
223
79
59
191
247
37
124
251
82
119
237
246
219
92
120
30
217
55
218
181
137
173
94
5
248
159
157
73
16
244
51
189
92
87
32
185
253
254
255
245
254
253
251
249
253
255
246
251
255
251
242
253
250
213
63
107
237
143
175
124
111
223
191
187
223
79
115
191
243
37
92
251
82
119
237
246
219
94
120
30
217
7
218
181
137
173
30
5
248
159
157
73
16
244
49
189
92
87
32
185
254
252
239
255
254
244
223
221
255
255
249
251
239
227
182
125
251
213
63
111
109
141
175
124
238
223
191
187
223
31
115
191
247
45
29
255
90
117
237
246
123
78
56
63
223
28
253
53
153
173
30
5
248
159
156
73
144
244
49
157
92
87
34
187
254
254
239
245
254
245
251
253
253
253
223
255
255
254
251
252
251
213
127
111
125
143
231
60
111
255
191
171
215
31
122
191
247
45
85
255
90
119
233
246
89
92
56
62
221
63
255
53
153
173
94
5
248
31
156
73
144
242
49
189
92
87
32
250
253
236
255
245
251
125
251
253
221
253
247
255
255
250
251
238
235
221
127
111
125
143
231
188
127
255
189
171
215
79
62
191
255
37
117
251
83
127
233
254
217
93
121
62
217
63
251
61
157
173
94
5
248
31
156
73
16
240
49
189
92
23
32
250
239
252
239
253
255
245
219
220
253
255
245
250
255
235
247
255
235
245
63
255
111
215
247
60
111
219
191
59
215
31
127
187
247
44
158
251
90
125
233
247
210
94
56
62
211
30
209
61
157
173
30
5
248
29
156
73
144
246
49
189
92
87
34
187
255
252
239
253
255
245
251
253
253
255
245
250
255
186
255
255
235
221
63
127
109
151
230
60
111
223
191
187
215
31
62
187
243
44
92
251
82
125
233
245
250
94
56
62
211
31
209
61
153
173
30
5
248
29
157
73
144
242
49
189
92
87
34
187
189
246
124
101
191
249
255
248
249
255
252
251
238
127
230
237
235
252
191
123
253
234
175
252
109
127
115
179
253
79
247
127
221
224
252
255
119
241
249
247
95
222
123
63
243
51
254
49
168
255
94
37
232
191
143
109
190
180
183
143
222
223
38
191
255
254
255
233
254
252
251
216
255
255
232
255
239
91
255
253
251
245
63
107
237
135
191
124
239
223
127
171
223
15
251
255
247
37
95
255
82
119
237
244
251
94
58
62
223
23
248
245
153
173
30
5
248
191
156
73
144
244
51
189
92
87
34
185
253
238
255
245
250
253
243
249
253
253
254
255
255
254
251
236
235
221
127
107
253
143
175
252
127
255
189
171
215
207
59
255
251
37
117
251
82
119
237
254
219
92
120
62
217
55
250
245
141
173
94
5
248
31
157
73
16
240
51
189
92
87
34
249
104
12
166
170
203
111
163
255
157
124
78
5
49
236
123
164
203
125
195
100
116
131
157
180
91
109
28
132
217
210
59
219
237
38
67
176
23
98
77
44
120
117
22
46
85
119
38
224
185
44
152
12
209
29
140
0
26
224
39
184
74
86
34
248
220
42
246
181
250
111
59
246
29
253
254
223
211
184
250
238
235
221
123
111
125
143
230
48
79
239
189
175
209
198
63
239
215
37
117
187
83
122
233
252
248
93
120
63
221
23
255
109
157
172
24
5
242
31
157
73
16
242
51
189
88
87
32
250
9
222
100
109
253
249
167
120
185
189
206
207
204
125
109
1
141
109
251
179
244
103
90
249
101
127
25
246
124
71
75
199
159
217
217
0
181
137
252
43
125
61
106
167
245
113
255
51
188
218
169
111
247
229
88
36
127
143
214
167
178
251
205
78
211
218
222
223
255
210
218
132
63
191
56
203
142
235
119
185
253
247
60
191
78
143
63
120
231
223
127
127
223
27
243
55
247
239
94
117
122
245
255
246
243
126
234
127
219
94
217
177
205
221
94
245
221
247
141
235
209
252
224
63
220
117
147
191
252
238
255
253
122
127
255
255
253
253
238
217
95
189
255
238
251
220
255
111
124
209
246
184
127
255
189
187
253
215
62
255
241
101
119
251
211
119
249
124
122
95
120
63
223
167
255
124
157
173
94
5
248
31
159
77
144
246
43
189
95
87
32
250
249
221
146
87
195
75
218
238
91
161
127
255
182
206
194
254
239
147
60
71
15
175
231
47
239
207
251
111
211
43
254
63
247
167
116
255
22
239
255
246
83
124
237
122
171
30
61
183
205
172
123
245
209
127
180
227
217
188
113
123
29
116
145
238
124
120
239
249
254
127
251
246
221
254
222
157
93
156
251
234
241
221
91
110
124
209
206
184
43
104
172
132
221
87
63
251
249
37
149
251
95
119
205
116
250
221
95
30
86
167
194
244
159
45
95
133
250
63
157
73
208
228
43
252
93
14
34
245
72
205
12
156
34
127
124
51
57
194
127
142
28
181
124
174
229
218
101
231
84
228
192
179
89
111
165
248
97
130
190
160
250
52
81
168
83
106
200
224
250
30
56
47
212
54
247
110
153
168
24
5
240
29
157
73
17
243
51
189
88
86
34
250
255
254
127
231
254
253
255
248
254
127
252
255
255
255
246
253
251
245
63
107
253
220
175
124
174
255
255
59
255
95
247
255
115
229
156
255
214
117
253
247
87
204
123
63
223
14
252
181
141
181
86
133
232
190
142
109
216
244
49
159
223
31
48
188
250
222
254
215
255
255
223
243
63
253
126
223
191
254
250
253
255
215
252
47
94
221
175
121
47
223
59
55
255
123
126
191
119
227
61
81
246
247
255
183
83
253
239
126
175
142
125
177
237
213
127
245
223
230
174
239
215
220
236
79
215
45
149
190
45
250
239
105
190
253
247
240
253
189
206
253
221
125
253
237
153
253
251
187
245
127
95
253
177
127
85
246
125
215
247
215
223
218
235
36
255
155
253
63
125
61
238
55
117
243
63
99
190
255
173
111
247
237
218
84
62
207
223
231
243
251
237
94
88
205
28
158
34
95
116
51
61
244
127
143
28
245
127
174
229
218
97
231
84
246
193
178
89
111
165
88
105
194
190
96
250
52
65
176
83
74
232
224
242
29
56
47
212
54
247
110
153
168
24
5
240
29
153
73
25
243
51
189
88
86
34
250
20
46
247
37
248
234
162
229
88
113
214
119
196
55
203
160
234
137
139
96
245
5
74
209
223
88
24
167
236
142
43
206
31
97
69
186
125
186
237
28
205
20
24
166
77
163
255
97
185
108
137
41
241
29
153
73
102
126
151
165
74
7
32
94
204
40
167
181
74
111
163
247
29
253
78
87
83
180
251
226
235
93
243
103
252
133
238
147
95
107
156
166
72
198
51
239
197
33
119
184
55
122
237
124
248
21
54
39
205
55
247
237
185
172
153
5
240
29
156
73
22
242
51
185
90
23
32
250
85
46
247
37
216
238
162
225
105
113
202
119
206
55
203
160
235
137
171
96
245
5
74
241
223
124
24
167
236
142
43
207
159
97
69
186
125
186
237
60
237
20
24
166
205
3
255
97
184
236
137
41
241
93
152
73
110
222
151
165
74
71
36
94
158
250
115
245
190
240
253
248
93
187
250
249
231
66
208
241
251
204
231
75
237
40
111
222
237
223
243
235
95
111
247
255
119
164
255
190
126
253
233
247
121
76
243
127
214
7
255
127
168
253
28
67
240
157
156
121
134
178
151
255
220
87
96
190
62
185
187
190
22
99
249
254
211
170
209
180
99
194
155
123
250
214
35
82
135
61
197
79
239
138
242
137
83
109
254
250
103
44
189
255
62
124
201
117
186
74
247
72
250
21
129
111
218
190
26
199
224
29
60
65
128
178
59
251
61
79
162
183
7
210
77
244
63
184
93
26
180
63
181
201
15
121
36
25
224
244
7
249
196
102
224
123
108
138
160
27
127
57
57
105
215
108
148
186
74
120
177
245
214
222
26
15
208
18
213
79
153
165
24
5
96
29
159
77
16
242
51
156
88
86
34
249
57
223
125
248
62
253
117
119
253
124
92
157
93
125
253
206
255
252
195
106
244
120
212
183
249
190
164
154
125
83
125
235
215
102
213
184
215
115
249
124
94
223
219
182
212
166
231
111
155
173
159
13
248
29
159
93
52
242
123
159
218
215
46
251
126
61
233
190
55
111
89
111
215
110
221
180
127
238
182
254
251
244
115
115
190
187
240
63
93
171
230
25
83
249
126
233
195
44
39
254
202
126
209
125
26
201
245
235
222
53
165
110
155
166
218
137
232
29
180
85
184
178
123
249
187
150
42
243
6
210
205
228
63
184
29
28
188
63
188
201
79
121
52
153
224
252
7
241
196
34
226
123
101
138
164
27
95
9
41
109
247
44
86
186
90
50
161
244
210
222
24
15
208
82
213
79
153
164
24
1
96
29
159
73
16
242
51
188
88
86
34
249
8
205
8
156
0
79
60
51
17
194
109
128
16
132
124
170
133
10
97
199
84
164
81
147
89
111
161
200
65
134
178
225
202
48
83
168
27
72
200
232
114
30
52
175
212
55
183
110
153
168
24
5
240
29
24
65
19
243
51
181
88
82
32
234
188
46
117
37
248
252
162
233
217
185
214
119
205
55
203
224
235
137
139
99
253
33
202
220
253
220
28
179
236
143
43
254
95
225
69
190
125
187
233
86
253
84
57
182
229
35
255
97
187
236
9
43
240
31
157
73
68
242
151
173
74
23
32
254
191
252
127
237
255
253
255
249
255
255
255
249
127
59
252
253
251
244
127
107
245
90
189
124
255
255
239
63
255
255
127
255
229
237
126
223
246
119
185
255
251
223
251
191
218
159
216
29
205
181
86
141
232
183
151
125
216
246
121
254
223
143
58
181
61
254
211
127
185
248
164
232
217
184
206
191
244
118
203
248
235
148
163
82
237
46
207
92
197
220
244
171
70
79
235
126
255
44
69
190
119
186
233
116
121
92
56
46
84
247
191
103
185
172
24
5
240
29
156
73
16
242
191
189
88
71
34
254
236
248
239
237
255
245
255
253
189
255
237
249
223
185
255
239
251
221
127
111
253
211
246
184
127
237
189
191
253
215
63
191
249
101
23
251
83
117
249
244
126
95
124
62
215
191
218
52
157
173
94
5
248
31
157
77
152
246
59
188
93
94
34
185
57
58
55
86
58
169
249
126
217
188
214
53
113
88
249
226
226
220
195
74
245
42
205
223
137
42
166
130
64
69
125
254
111
46
101
190
95
58
193
252
216
85
215
14
192
231
131
79
185
44
25
5
242
29
157
65
22
242
63
188
251
6
32
245
191
252
127
239
255
252
223
216
255
255
253
251
239
127
252
253
243
245
63
123
237
110
189
124
239
223
251
59
255
63
119
255
243
237
220
223
122
127
249
247
211
222
122
127
211
18
252
61
137
189
22
5
232
183
159
109
144
246
51
191
220
95
50
185
255
254
127
237
254
253
223
216
255
255
253
251
255
255
252
253
243
213
63
107
237
220
173
124
239
223
191
59
255
127
119
255
243
229
92
255
90
127
249
247
119
222
122
63
223
150
252
61
141
189
22
5
232
191
159
77
144
246
51
191
93
95
34
188
255
252
255
237
255
253
255
253
253
255
255
255
255
190
251
254
235
221
63
107
253
219
166
60
111
223
191
187
255
95
127
191
241
101
125
251
86
119
249
245
123
221
251
63
223
135
254
125
141
173
94
133
248
191
159
77
208
246
59
252
93
31
32
182
255
254
111
237
255
253
255
249
189
255
249
251
255
191
253
255
235
213
63
107
237
210
166
60
109
223
191
59
255
127
63
191
240
101
253
251
82
125
249
247
126
95
123
63
215
159
252
61
141
189
86
5
234
191
159
77
144
246
57
156
93
95
34
179
204
234
239
237
250
119
255
245
189
253
254
251
95
188
251
238
251
221
127
111
253
209
238
184
111
109
189
191
253
199
63
255
249
37
87
251
83
115
237
246
122
95
120
62
213
191
222
125
157
173
94
5
248
31
157
73
144
244
43
188
92
86
34
250
252
238
238
233
250
127
246
247
29
255
254
223
91
181
219
238
233
217
127
107
253
129
238
184
127
125
189
166
205
215
59
255
253
37
85
251
87
115
237
244
250
92
56
62
213
183
246
229
153
173
94
5
248
31
157
73
208
240
43
188
94
87
34
254
253
252
239
253
255
253
255
253
189
255
255
255
255
190
251
238
235
221
127
111
125
211
230
60
47
255
191
191
223
95
63
191
241
101
125
251
86
119
249
245
218
93
121
62
223
183
218
61
141
173
94
133
248
31
157
77
208
246
59
253
93
31
34
190
205
238
239
237
251
127
191
253
189
253
255
251
219
188
251
238
235
221
127
107
253
147
230
184
79
253
189
175
213
71
63
255
249
37
85
251
83
115
233
118
250
95
120
62
213
183
222
125
157
173
94
5
242
31
157
73
144
242
51
189
92
87
32
250
62
57
251
247
62
241
248
255
215
250
211
116
115
198
185
83
250
214
99
83
199
60
205
223
173
154
242
139
82
111
255
254
71
166
157
190
126
254
233
87
120
68
247
104
199
5
147
127
154
190
24
199
226
29
92
81
148
178
187
251
93
31
225
182
254
248
127
239
254
252
223
217
255
255
253
251
239
107
246
253
251
213
63
107
205
197
175
124
239
223
191
59
223
31
115
255
211
101
220
251
90
125
249
247
115
222
58
63
215
22
252
125
137
189
30
5
232
191
158
77
144
246
51
191
92
87
32
187
254
250
239
229
254
252
255
217
253
255
255
251
239
255
254
253
251
213
63
107
237
133
167
124
239
223
191
187
223
31
115
255
247
45
94
251
90
125
233
247
123
94
58
63
223
23
252
125
137
173
30
5
248
159
157
73
144
246
51
189
92
87
32
186
253
252
239
245
254
253
255
253
221
255
255
255
255
255
219
238
251
221
127
107
253
143
230
188
111
255
191
187
215
31
127
191
243
45
125
251
82
127
233
244
91
92
57
62
223
55
255
125
137
173
94
5
248
31
156
73
144
242
51
189
92
87
32
186
255
252
239
245
255
253
251
253
253
255
255
255
255
255
250
238
251
221
127
107
125
143
230
60
111
255
191
187
215
31
127
191
247
45
125
251
82
127
233
244
219
92
56
62
219
55
253
125
153
173
94
5
248
31
157
73
144
242
51
189
92
87
34
186
253
254
239
253
255
245
251
253
253
255
253
255
255
190
247
238
235
221
127
111
125
135
230
60
111
255
191
187
215
31
55
191
249
37
124
251
82
127
233
245
218
94
57
62
219
183
219
61
153
173
30
5
248
31
157
73
144
242
51
157
92
87
34
187
239
254
239
237
191
245
255
217
189
255
233
250
255
171
255
255
235
253
63
107
173
215
246
124
109
223
187
59
215
63
63
187
241
36
94
251
82
125
233
247
250
94
56
62
215
23
208
61
153
173
30
5
248
29
157
73
144
242
49
189
92
87
34
187
237
254
239
253
247
245
191
253
189
255
251
251
255
187
251
207
171
221
127
111
125
135
230
56
77
255
187
187
215
31
63
187
249
36
92
251
82
127
233
245
250
94
56
62
215
23
218
61
153
173
28
5
240
31
157
73
144
242
51
189
92
87
32
187
205
238
239
173
251
127
187
255
29
253
254
255
83
188
251
238
235
221
127
107
253
129
238
184
79
125
185
163
213
71
59
255
253
37
85
251
83
114
233
116
250
92
56
63
213
183
246
109
153
173
28
5
240
31
156
73
16
242
51
189
92
87
32
250
156
46
117
37
248
232
162
233
216
185
214
119
197
53
203
224
234
137
195
99
253
33
202
220
253
216
28
163
236
143
43
238
95
96
69
190
126
187
233
84
217
84
25
182
197
39
187
97
187
172
9
35
240
31
29
73
68
242
151
233
74
23
96
254
175
213
237
124
63
180
89
26
181
119
181
248
47
249
36
95
160
244
5
243
234
102
240
51
68
170
160
27
123
57
125
105
243
108
148
186
90
120
177
245
214
202
58
15
208
16
193
79
153
172
24
5
112
28
159
77
56
178
51
158
88
214
38
249
79
201
138
252
34
23
92
198
21
206
33
136
18
136
125
207
132
217
48
239
14
183
196
51
77
203
167
76
81
36
52
49
242
52
20
235
82
124
192
240
178
78
60
44
243
30
195
110
153
168
18
5
120
29
149
72
145
243
59
189
93
86
34
179
157
242
85
229
190
249
255
248
121
191
248
249
239
91
212
249
251
236
239
107
237
104
175
252
237
255
243
179
127
111
247
255
247
228
252
254
126
249
249
247
127
94
251
63
242
19
254
115
168
253
94
99
248
191
159
109
150
242
183
143
220
95
36
191
60
58
117
193
190
189
163
113
253
252
194
85
221
56
249
197
242
253
203
104
245
112
24
253
217
60
37
182
108
214
125
223
95
64
223
184
221
250
185
125
253
85
122
7
68
167
242
107
188
189
141
15
242
29
159
93
38
246
23
173
203
143
108
254
56
254
127
221
40
253
241
119
253
252
76
221
77
117
221
172
255
204
195
106
244
104
220
247
249
62
164
146
109
211
123
255
255
102
87
184
215
178
249
124
95
92
26
166
212
178
247
111
185
173
159
9
248
29
158
77
20
242
123
189
90
87
43
251
59
253
253
252
55
109
121
127
245
100
221
188
127
236
190
255
251
244
99
115
190
250
240
55
93
171
230
153
123
219
126
233
203
44
183
254
194
123
241
127
58
223
245
175
214
49
229
110
153
164
218
13
232
29
150
85
56
178
123
187
251
214
46
251
56
223
127
248
58
253
245
119
253
252
92
157
93
125
253
236
255
220
227
106
244
112
212
179
249
127
165
154
125
211
125
251
215
102
87
184
215
114
249
124
126
223
122
175
212
180
247
111
153
173
158
13
248
29
158
77
20
242
123
157
90
87
42
250
254
252
239
229
254
252
255
217
253
255
255
251
239
239
246
253
251
213
63
107
237
135
166
124
239
223
191
187
223
31
123
255
247
45
92
255
90
125
233
247
123
92
56
63
223
23
252
125
137
173
30
5
248
31
157
73
144
242
51
189
92
87
32
186
189
46
119
101
248
252
163
241
121
253
222
119
204
55
203
224
235
137
175
107
253
97
46
248
253
127
29
179
236
7
35
255
93
225
101
186
125
187
249
60
253
84
59
183
229
35
254
113
169
237
13
43
240
31
157
77
78
244
151
173
202
23
32
254
56
207
127
217
42
253
229
119
125
252
92
157
93
117
125
236
255
220
225
106
244
112
228
179
217
127
165
250
109
210
55
251
215
102
85
184
87
114
249
124
118
95
120
47
212
182
247
110
153
173
28
5
242
29
156
77
20
242
51
189
90
95
34
251
189
254
125
109
191
253
253
248
249
253
252
251
238
123
196
253
235
252
175
107
253
106
191
252
237
191
119
179
255
95
119
255
255
236
252
254
247
185
249
253
223
222
123
191
242
51
254
115
168
255
94
39
248
159
143
69
190
246
247
143
254
223
38
191
61
250
211
111
185
249
244
248
219
184
222
255
244
86
207
248
235
148
163
90
229
46
207
93
229
221
241
171
87
79
227
126
223
44
69
190
118
59
233
116
123
92
58
47
213
247
191
111
185
172
24
5
240
29
156
73
16
242
191
189
88
71
34
254
255
254
127
229
254
253
255
249
253
255
255
255
255
255
252
253
251
213
63
107
237
222
165
124
239
223
191
191
255
127
127
255
241
101
125
255
86
119
249
247
127
220
123
63
223
7
252
61
141
181
86
133
232
191
159
77
216
246
51
188
93
95
32
188
62
57
251
190
22
39
93
239
215
170
249
176
119
198
187
94
251
84
99
83
135
191
197
15
143
139
230
137
83
252
244
234
103
44
141
191
190
124
225
117
58
78
245
105
214
53
133
111
251
174
24
199
226
29
60
81
136
178
123
251
61
94
168
230
60
61
245
188
26
173
45
127
197
110
251
180
125
238
191
126
243
156
99
98
255
190
210
191
221
170
230
137
66
220
125
238
207
46
71
190
140
58
241
126
62
93
245
175
86
119
165
111
187
172
153
201
226
29
29
81
40
178
83
249
187
198
169
118
7
146
65
172
63
184
157
28
181
62
184
201
9
93
28
145
224
228
3
240
196
34
226
123
76
138
164
11
87
8
41
111
247
44
94
186
122
50
161
245
210
94
26
15
208
82
213
79
152
172
24
1
96
29
159
73
16
242
51
188
88
86
34
249
57
63
125
252
62
253
113
123
253
124
214
21
93
125
252
231
255
252
195
106
244
122
208
247
253
190
164
154
126
211
125
233
215
102
215
188
215
123
249
125
252
221
223
167
212
167
229
111
187
165
159
12
250
29
159
93
60
242
123
191
219
159
47
254
60
58
241
39
152
232
161
236
200
169
218
119
225
70
139
112
251
132
131
66
237
47
202
220
205
220
116
171
66
138
43
238
79
38
69
190
20
186
233
86
73
84
145
34
69
49
173
103
185
44
9
1
240
29
28
65
4
242
151
185
24
71
32
126
62
177
219
255
62
97
249
254
211
186
209
183
99
198
179
91
250
214
3
82
231
61
199
223
174
138
242
139
82
109
255
255
103
166
189
255
126
126
201
117
88
72
215
74
250
21
129
127
154
190
26
199
224
28
28
65
148
178
59
219
93
15
163
183
126
57
251
190
23
111
93
111
215
234
221
180
127
198
182
254
251
212
114
115
151
191
225
47
189
207
246
153
83
249
126
232
71
44
39
255
238
124
225
117
120
205
245
105
222
21
165
110
223
166
218
135
226
29
52
89
152
178
123
249
63
30
40
246
189
254
119
101
252
253
179
248
120
253
254
251
206
59
194
225
235
237
191
107
253
225
46
248
237
127
57
179
237
71
99
255
253
225
124
250
95
241
249
255
221
92
123
183
241
35
254
113
169
253
79
39
248
159
159
77
62
244
183
141
222
87
36
254
57
223
253
248
62
253
117
119
189
124
92
157
93
253
252
223
255
252
195
104
244
114
208
183
253
190
164
218
125
215
125
233
215
102
215
190
214
115
249
125
126
223
90
191
212
178
229
111
153
173
159
12
248
29
159
93
56
242
123
159
219
223
46
251
31
48
89
188
50
233
122
108
89
170
253
188
112
6
173
242
187
152
3
219
173
48
231
30
205
141
225
235
67
103
247
235
213
148
117
190
63
120
233
127
120
221
117
41
246
21
183
110
155
174
59
7
240
29
116
65
144
179
59
249
57
210
96
230
60
57
253
180
31
109
125
127
213
102
223
52
125
236
187
118
251
252
99
114
254
254
210
191
157
174
230
153
122
217
127
233
79
46
135
190
134
120
241
95
56
213
247
47
196
53
165
111
187
164
153
141
226
29
156
85
40
178
123
251
187
142
44
246
50
186
211
111
185
224
172
236
202
184
216
191
228
87
139
120
251
130
35
82
197
46
207
221
205
221
245
171
71
142
227
254
223
44
69
190
92
56
233
116
105
92
49
175
213
177
191
111
185
174
25
1
240
29
156
65
0
242
151
189
120
71
32
94
57
42
37
87
42
189
249
252
221
188
118
21
113
88
249
230
242
212
195
107
244
58
197
222
25
42
166
130
76
209
125
254
111
44
100
180
95
122
129
252
218
95
211
14
194
231
131
79
185
172
25
5
242
29
157
65
52
242
63
252
251
6
34
253
56
50
117
197
58
189
163
113
249
252
70
87
221
53
249
96
242
221
203
104
244
112
74
252
249
60
45
182
108
195
125
255
127
96
87
48
93
250
185
124
253
85
122
54
228
166
242
107
185
173
137
15
242
29
159
77
54
246
19
172
203
15
36
254
189
254
117
101
188
252
255
248
249
253
254
251
239
123
196
245
243
236
239
107
245
104
63
252
253
255
113
187
127
95
99
255
255
228
124
190
255
185
249
253
255
94
59
191
240
163
254
119
169
189
13
107
248
159
143
77
60
246
247
143
218
215
44
190
62
49
235
254
55
119
221
255
215
186
217
177
127
198
179
94
251
212
98
123
199
191
197
63
174
207
246
153
83
249
52
234
103
44
191
255
254
124
225
117
120
74
247
108
222
21
133
110
223
174
26
135
226
28
188
89
144
242
123
219
125
31
34
182
8
201
136
152
0
73
60
39
17
202
109
128
16
164
12
170
133
10
97
195
212
36
65
147
89
15
160
200
65
132
168
97
202
48
81
160
91
72
192
104
114
30
48
47
212
23
231
110
153
168
24
5
240
29
25
65
19
243
51
181
88
114
34
235
40
13
174
154
35
21
124
39
53
254
86
128
30
248
57
206
196
154
65
227
244
116
213
179
89
42
160
72
65
208
188
241
234
36
66
160
211
106
128
248
210
95
60
14
208
54
195
78
155
168
24
5
242
29
157
89
19
243
51
189
91
82
42
251
8
201
142
156
34
27
124
55
17
202
109
136
16
164
45
138
133
24
97
195
84
52
68
147
89
43
160
200
65
132
188
97
250
48
81
168
91
106
192
104
114
94
56
47
214
23
199
110
153
168
24
5
240
29
157
73
19
243
51
189
88
82
34
235
62
49
255
188
31
165
125
127
213
238
223
53
125
236
187
86
243
252
99
114
246
126
210
63
156
170
230
153
90
209
125
239
79
46
135
190
214
120
241
127
56
205
247
42
212
53
165
111
187
172
153
141
242
29
156
81
56
178
123
251
187
142
40
246
77
201
138
221
34
23
124
230
17
174
81
136
18
160
61
202
132
216
1
239
14
180
196
147
73
10
166
76
65
196
60
115
242
52
20
170
83
126
128
248
210
78
60
46
210
22
195
110
153
168
26
5
112
29
157
65
144
243
59
189
89
82
34
243
60
170
115
111
185
232
165
232
221
184
218
127
241
118
201
240
251
132
195
82
229
46
207
214
205
222
244
171
70
142
43
254
223
44
69
190
87
58
233
116
121
92
177
46
197
183
191
111
185
172
25
1
240
29
156
73
4
242
55
189
120
71
32
126
7
146
237
228
61
188
29
92
181
127
128
201
15
89
148
5
160
236
3
97
196
34
242
123
76
138
164
19
95
9
41
109
215
36
214
186
82
58
161
245
210
222
26
143
208
80
197
79
152
164
24
1
96
29
159
73
16
242
51
157
88
87
38
249
57
54
117
252
62
189
37
125
253
124
206
21
221
125
191
71
247
252
195
104
252
120
218
246
157
168
164
146
124
213
125
239
215
100
215
188
213
250
249
125
124
93
126
39
100
165
231
111
184
164
153
13
242
29
158
93
60
242
123
159
219
207
44
254
189
62
117
101
184
252
179
249
249
189
214
127
237
117
203
240
251
140
199
107
253
96
238
252
253
255
117
187
238
135
99
254
255
100
69
190
95
187
249
124
253
84
185
182
229
163
251
119
187
173
13
43
240
29
157
77
4
242
55
237
90
23
32
254
62
177
251
255
62
245
249
255
215
186
209
181
119
194
177
90
250
212
99
75
231
62
197
95
236
154
246
139
87
255
253
254
71
174
159
190
254
124
233
117
120
76
247
108
211
181
145
127
187
188
24
199
242
28
156
81
132
178
123
219
123
95
35
183
58
250
119
111
189
248
180
248
217
184
222
255
237
119
205
248
235
132
35
82
229
46
203
119
237
222
245
171
95
15
35
254
223
44
69
190
126
58
233
116
123
92
187
47
213
183
191
111
185
172
25
5
240
29
156
73
0
242
55
189
120
71
34
254
62
57
251
254
54
39
249
255
215
238
209
181
117
198
187
94
250
212
99
82
247
62
197
95
159
138
230
137
82
249
124
250
103
44
143
191
254
124
225
117
56
77
247
104
222
181
129
111
255
174
24
135
226
29
156
81
128
178
123
251
127
79
42
183
135
209
205
124
61
176
89
94
181
63
165
232
15
121
166
15
128
252
39
107
192
102
226
115
68
138
162
27
123
41
33
107
215
100
148
186
82
120
177
245
214
206
58
15
208
80
209
79
153
172
24
5
112
29
159
77
24
242
51
157
88
86
34
249
56
58
113
165
156
233
161
248
220
189
214
119
225
92
219
240
251
204
195
66
252
42
202
220
205
254
116
171
82
131
107
255
79
38
117
190
86
186
233
92
217
84
147
166
197
35
189
103
187
44
153
1
240
29
156
65
36
242
55
249
200
7
36
254
189
250
117
237
190
249
253
120
249
189
252
249
237
123
204
249
243
236
239
123
229
104
41
254
237
255
99
251
127
79
247
255
255
228
252
190
127
249
249
245
127
94
251
63
246
147
254
127
168
191
28
71
248
157
143
77
52
246
183
175
216
223
165
191
189
254
125
109
190
253
253
120
249
253
252
249
238
123
204
253
243
236
167
123
245
104
57
254
237
255
99
251
127
95
247
255
255
228
252
190
255
249
249
253
255
222
251
191
244
51
254
127
168
183
28
103
248
157
143
77
60
246
247
175
218
223
167
189
62
61
255
180
31
101
125
127
213
238
223
52
127
236
187
86
251
252
99
114
246
255
210
63
30
170
246
155
90
217
125
235
79
44
151
190
214
124
241
125
120
205
247
170
214
53
229
111
155
172
154
141
242
29
156
81
56
178
123
187
187
158
40
246
57
54
117
197
190
189
167
113
253
252
110
87
221
61
249
229
242
253
203
104
244
112
90
252
217
44
164
182
108
211
125
239
223
96
87
176
221
250
249
125
253
93
122
55
228
167
247
107
184
173
137
15
242
29
159
93
38
246
19
188
219
207
44
254
63
157
239
188
55
103
89
127
181
238
253
180
63
236
191
255
251
244
99
114
182
255
212
63
95
171
230
25
91
249
126
235
199
44
55
254
210
124
241
125
58
223
117
175
222
21
229
110
153
174
154
13
242
29
156
85
184
178
123
187
251
206
42
243
56
238
125
221
40
253
241
113
253
252
86
157
221
117
217
164
246
204
195
106
244
104
206
247
249
62
164
146
108
211
121
255
247
96
85
184
215
250
249
124
254
92
155
166
212
162
243
111
187
173
157
9
240
29
159
77
20
242
59
189
90
87
34
255
62
50
121
189
62
249
62
125
93
186
255
188
241
22
253
242
179
156
67
218
237
48
199
156
205
204
224
237
67
231
255
234
237
20
213
190
255
122
233
117
58
93
119
44
244
151
167
111
155
174
25
7
242
29
220
81
6
243
191
248
121
210
106
246
175
213
238
60
55
49
93
94
181
238
181
248
47
235
166
79
136
116
33
115
226
247
242
59
68
171
162
27
123
57
117
107
215
36
148
186
82
120
49
253
86
202
62
47
210
17
209
79
25
174
26
5
112
28
156
77
24
178
51
159
88
214
34
251
56
203
119
221
42
253
244
117
125
252
94
157
93
117
93
236
255
216
193
106
244
104
204
243
217
63
164
146
109
215
63
255
215
102
81
184
87
114
249
116
118
93
249
46
212
182
247
111
153
173
29
5
242
29
159
73
4
242
51
189
90
87
34
254
62
177
235
254
55
119
221
175
215
250
221
177
127
206
179
94
187
212
114
123
35
191
229
63
60
207
246
25
83
249
118
234
103
44
63
255
254
124
225
117
120
202
247
110
222
21
133
110
255
174
26
133
232
28
188
89
144
242
123
219
127
31
34
242
56
223
253
252
46
253
117
119
61
124
92
157
93
253
124
206
255
220
193
106
244
120
210
179
93
47
164
218
125
213
125
239
215
102
81
184
87
122
249
116
118
223
122
47
212
150
231
111
153
173
159
13
240
29
159
77
16
242
59
189
90
87
34
251
13
207
130
252
41
221
56
103
29
252
86
133
18
248
93
174
237
216
33
107
196
42
228
51
89
31
181
98
81
6
51
107
215
48
85
184
83
122
233
116
240
28
56
47
212
22
247
111
153
172
28
5
240
29
157
73
16
242
51
189
88
87
32
250
7
214
237
236
191
188
29
92
181
126
128
201
141
89
52
13
224
252
3
104
228
98
210
123
108
138
164
19
127
9
57
109
215
100
222
186
82
122
161
245
214
222
26
15
208
208
197
79
152
180
24
4
96
29
159
73
16
242
51
157
88
87
38
249
60
178
117
197
58
189
163
112
249
188
86
87
221
49
249
96
242
221
203
40
244
112
72
252
233
56
12
150
108
195
125
255
255
96
77
52
93
250
169
60
253
93
91
22
228
167
210
107
185
189
137
15
242
29
159
77
38
246
23
172
219
95
36
254
60
42
85
103
184
233
165
232
201
185
218
119
245
118
201
224
235
156
195
66
237
42
207
220
205
222
116
171
70
206
59
254
223
46
69
190
85
186
233
116
121
85
217
38
197
167
191
103
185
172
25
5
242
29
156
73
4
242
23
189
88
71
32
126
60
58
117
103
184
233
165
248
205
185
218
127
241
86
219
224
251
132
195
66
237
46
203
212
205
222
116
171
70
138
43
254
223
44
101
190
85
186
233
116
121
84
145
38
197
165
189
103
185
172
153
1
240
29
156
73
4
242
23
185
88
71
32
126
56
52
245
188
30
165
125
125
245
238
208
189
237
77
191
87
254
252
195
99
254
42
218
255
221
170
230
155
90
213
125
239
207
46
199
190
150
186
241
127
92
94
247
174
244
113
133
111
184
172
152
73
242
29
28
81
56
178
115
187
186
215
47
255
175
149
238
190
55
39
93
30
181
238
181
176
63
234
166
79
137
116
32
115
242
247
244
59
84
171
178
27
91
121
116
105
223
44
148
186
210
124
241
253
114
203
127
41
210
21
213
78
153
174
26
5
224
29
220
69
152
178
115
191
27
214
40
251
47
247
109
254
55
189
29
25
167
86
189
248
173
123
164
95
128
244
2
249
241
114
208
119
68
162
161
59
127
56
125
105
215
108
214
186
202
120
177
245
118
222
59
173
208
214
245
79
144
174
24
5
96
29
223
29
24
242
51
156
120
214
46
249
57
223
253
252
62
253
117
119
189
124
92
157
93
125
62
207
255
252
67
106
244
120
210
179
253
170
164
218
125
85
125
239
215
102
87
184
214
122
249
124
126
223
122
191
212
150
231
111
153
164
159
13
240
29
159
77
56
242
123
157
218
87
46
251
239
149
235
254
55
119
93
31
181
238
253
176
59
202
182
95
153
244
114
83
246
247
244
63
52
171
226
27
83
121
116
233
199
44
150
250
210
124
225
253
122
203
117
105
210
21
197
110
159
174
26
5
224
29
220
81
144
178
123
159
127
214
170
251
60
240
125
61
54
241
123
124
217
186
253
189
109
22
141
243
251
204
195
91
173
112
199
158
205
237
225
255
91
103
245
234
249
60
245
190
223
120
233
117
122
93
123
47
246
181
167
111
187
174
43
7
240
29
252
93
20
179
191
249
121
86
102
246
78
73
142
252
38
55
120
247
53
238
85
132
26
160
57
106
132
216
17
239
6
244
196
51
13
10
166
88
81
100
60
123
242
52
21
234
82
126
192
241
146
75
61
14
210
22
195
110
159
168
26
5
120
29
156
73
144
243
59
189
93
82
34
179
156
242
119
229
190
241
253
248
252
191
250
249
253
118
241
241
251
220
239
107
229
120
47
254
173
255
247
187
126
79
247
255
247
228
255
190
127
249
249
247
125
93
251
63
246
167
255
127
168
189
28
71
242
157
158
93
4
242
151
159
249
95
100
190
12
207
136
252
43
253
124
71
29
252
111
137
18
220
124
206
233
220
33
107
196
46
224
51
77
159
181
106
81
70
53
107
215
48
85
186
82
122
233
116
240
94
56
47
212
22
245
111
153
172
24
5
240
29
159
73
16
242
51
189
88
87
32
250
57
182
117
228
190
189
39
121
253
125
222
223
205
61
190
71
243
252
195
105
252
112
90
252
217
108
180
178
124
213
117
239
207
96
215
188
221
250
249
125
124
93
123
167
244
161
247
111
184
180
137
11
242
157
158
85
46
246
87
157
218
215
44
254
250
249
255
222
38
223
93
47
207
231
61
188
127
238
118
254
255
151
126
255
30
255
227
39
189
247
247
127
67
187
214
40
194
63
39
223
202
125
242
95
50
219
245
111
191
60
229
46
215
174
147
207
120
29
180
95
89
247
121
251
121
244
171
251
62
240
125
189
191
241
187
249
93
250
223
190
253
6
233
118
243
221
195
242
253
112
199
248
205
236
224
253
90
119
255
251
251
148
213
174
255
251
233
119
58
93
95
44
244
151
231
127
159
238
24
7
242
157
220
89
22
243
191
184
219
218
106
244
50
170
243
239
185
240
165
232
204
184
218
255
229
119
217
120
251
132
99
82
229
46
199
87
205
223
245
171
70
142
99
254
223
44
71
190
94
56
233
124
105
92
49
175
213
241
181
111
185
174
153
1
240
29
156
73
0
242
23
189
120
71
32
94
250
249
251
223
34
223
93
39
207
231
61
156
255
230
54
254
255
147
126
111
14
255
227
39
191
215
247
127
67
187
214
40
210
63
37
223
202
125
250
223
18
219
245
105
191
28
229
62
215
174
147
199
104
25
180
95
217
247
121
123
121
116
187
251
24
15
134
212
43
221
184
119
29
252
94
21
16
124
89
166
237
216
97
106
212
40
196
179
89
63
177
98
80
198
51
127
223
32
81
184
87
122
232
116
240
92
57
47
196
134
247
111
153
172
29
5
240
29
156
73
16
242
51
189
88
71
32
250
56
22
117
199
62
253
183
117
253
253
94
21
221
61
187
230
255
252
195
105
252
112
218
252
217
40
132
178
124
209
125
239
215
96
115
48
215
251
249
124
125
93
123
39
196
166
255
107
185
164
141
13
242
29
159
77
62
246
59
157
219
15
44
254
56
162
117
199
186
253
179
117
253
253
86
85
221
53
249
224
250
220
203
105
244
96
203
252
249
56
132
182
108
195
61
238
215
96
69
52
223
251
249
124
221
93
91
54
228
166
255
107
185
173
141
15
246
29
159
77
54
242
51
189
218
31
36
254
57
20
253
252
62
189
125
117
245
252
86
149
221
125
187
70
255
252
195
106
244
123
218
255
221
170
164
222
120
213
125
239
199
100
87
188
215
122
249
125
124
93
255
175
212
180
231
111
187
172
153
13
242
29
156
93
40
242
123
251
219
159
44
254
62
187
99
245
63
237
185
120
220
156
218
117
233
94
217
228
251
148
67
82
245
46
194
119
93
254
244
139
86
154
99
255
207
44
71
190
214
58
233
124
121
92
147
174
197
33
181
111
185
174
153
1
240
29
156
65
32
242
55
189
122
87
32
250
63
157
238
252
55
103
253
127
181
238
221
181
31
236
183
79
185
252
99
115
246
63
212
59
126
170
162
25
83
249
124
235
199
52
23
186
210
124
241
125
122
79
117
46
222
21
197
111
153
174
26
13
242
29
156
81
152
178
123
191
91
223
42
242
56
6
117
207
42
253
179
113
253
252
86
21
221
53
217
228
246
216
195
106
244
96
203
252
89
40
132
146
108
211
61
238
215
96
97
48
215
250
249
124
253
93
123
38
196
166
255
107
185
172
153
13
246
29
159
77
6
242
59
189
90
15
32
254
175
149
239
188
63
37
249
94
181
238
229
241
15
233
166
111
160
124
35
115
240
119
246
123
100
170
162
27
123
89
117
107
247
100
148
186
82
120
121
245
82
74
62
14
208
17
209
111
25
172
26
5
240
28
156
77
24
178
51
159
88
215
34
251
15
149
207
124
55
49
125
94
181
190
165
224
15
233
166
79
128
252
35
99
226
119
226
123
68
171
162
27
121
105
53
107
247
116
148
186
82
124
113
245
118
74
58
47
210
84
209
79
25
172
24
5
240
28
156
77
24
242
51
159
88
86
34
251
24
138
116
220
42
189
244
117
61
252
94
157
221
117
93
230
247
216
193
107
244
104
202
242
89
42
160
210
109
197
61
239
223
32
81
176
87
122
249
116
246
95
249
46
212
182
247
111
153
172
153
5
240
29
159
73
22
242
51
189
90
87
34
254
47
149
239
188
55
37
253
94
181
238
245
177
31
233
183
79
160
124
35
99
242
127
214
59
108
171
162
27
121
121
117
235
247
52
148
186
210
124
241
125
114
203
126
47
214
21
209
79
153
172
26
5
240
28
156
77
24
178
59
191
89
214
34
243
63
148
236
252
62
189
125
119
53
124
92
157
29
125
62
111
241
252
97
107
244
125
210
115
125
170
160
218
121
85
125
239
215
96
23
186
215
120
249
117
118
223
122
47
212
148
247
111
153
164
24
13
240
29
158
77
24
242
123
157
91
87
38
250
47
149
238
188
55
103
125
127
181
238
253
176
31
236
183
79
169
252
97
99
242
127
212
59
126
171
162
25
89
121
124
235
215
52
23
186
210
124
241
125
114
203
125
47
214
21
213
111
153
172
26
5
240
28
156
77
152
178
123
159
91
222
42
243
62
21
239
180
63
165
253
127
181
238
223
53
93
236
177
70
249
252
67
114
246
62
212
127
28
170
166
155
88
213
125
239
71
44
23
190
214
124
249
125
120
77
247
174
198
53
197
111
153
172
152
13
242
28
156
81
56
178
123
187
251
143
40
242
60
59
117
245
189
237
241
120
221
253
214
117
225
92
217
228
251
220
195
67
244
42
198
215
109
190
244
139
86
219
107
255
79
44
117
190
86
58
233
125
217
84
147
174
197
35
185
111
187
172
153
9
240
29
156
65
32
242
55
249
218
7
36
254
62
235
99
255
63
248
189
106
220
152
218
253
233
95
221
252
251
148
99
82
229
46
129
119
77
222
245
175
86
154
99
254
223
44
71
190
94
58
233
124
121
92
49
175
213
241
181
111
185
172
153
1
240
29
156
65
0
242
55
189
120
87
32
250
61
53
247
253
62
229
249
127
245
254
208
181
125
72
185
87
250
252
67
99
244
58
214
191
221
187
230
223
90
213
125
255
79
46
231
190
214
120
249
125
252
76
247
174
211
113
145
111
184
172
152
9
242
29
156
81
56
178
115
187
251
215
40
247
62
179
235
253
55
247
249
255
213
254
209
181
125
202
177
94
250
220
99
122
246
62
212
127
60
187
182
157
87
249
125
250
71
44
15
190
214
124
233
117
120
77
247
110
215
165
145
111
187
172
158
129
242
28
156
81
128
242
123
223
123
79
40
247
62
251
101
254
63
248
189
123
253
152
222
253
237
119
221
248
251
196
99
114
229
46
129
119
205
222
245
191
127
158
35
254
223
44
71
190
94
58
233
116
125
92
49
47
213
247
181
111
185
173
153
1
240
29
157
73
16
242
51
189
120
87
34
250
60
186
127
245
190
249
241
248
221
189
214
253
253
113
217
192
250
220
199
107
228
42
206
254
237
190
245
187
126
199
115
254
223
110
69
190
86
123
249
116
249
93
243
46
209
167
241
111
187
173
157
1
248
29
157
89
20
242
51
253
88
23
32
254
188
186
125
229
184
249
243
248
221
185
214
119
253
117
217
224
251
204
199
107
244
40
238
252
237
191
117
187
110
199
51
254
223
100
101
190
86
187
233
116
249
92
187
38
197
39
253
111
171
173
137
1
248
29
157
73
4
242
55
237
88
23
32
254
62
179
255
245
62
245
249
127
213
254
208
245
125
84
177
86
251
220
67
107
244
58
212
255
220
159
230
159
94
211
125
254
103
46
175
190
222
120
249
117
120
77
243
46
215
165
145
111
187
173
156
1
242
28
156
89
128
242
115
223
123
95
40
246
61
254
125
108
60
189
255
120
249
221
252
249
239
123
204
253
243
237
239
107
245
104
177
255
253
255
103
191
127
95
117
255
255
100
252
190
255
249
249
253
127
222
251
175
244
179
246
111
169
191
29
79
248
157
159
77
60
246
119
207
250
223
47
189
60
179
123
245
62
245
249
121
213
190
250
245
117
84
241
246
251
220
231
107
245
58
244
223
189
223
231
239
86
215
117
254
103
44
111
190
223
120
233
117
121
76
243
46
246
229
179
127
187
189
156
67
242
29
156
89
132
242
115
223
123
95
40
182
60
178
125
253
190
241
187
125
221
186
216
189
237
22
185
99
243
220
195
122
253
112
207
252
205
236
230
183
90
87
127
254
255
12
213
190
255
251
233
117
122
92
123
46
246
183
247
127
186
190
24
7
242
157
220
89
22
178
191
255
251
87
110
246
60
242
127
245
62
245
253
121
221
255
250
253
245
84
249
245
243
220
231
107
245
58
244
223
189
223
231
239
94
215
119
254
231
44
111
190
255
249
233
245
121
93
243
47
246
231
183
127
185
189
156
75
250
29
156
89
20
242
115
191
123
95
40
190
60
250
125
229
190
253
255
248
252
189
254
249
253
113
249
240
243
220
239
107
245
122
172
254
173
255
231
191
126
199
119
254
255
108
111
190
95
249
249
245
125
93
251
63
244
167
255
111
171
189
157
7
250
157
158
93
20
242
51
223
251
95
36
254
59
255
253
222
55
31
93
27
103
82
189
242
127
122
236
95
255
247
36
255
23
124
209
119
197
247
243
125
115
122
212
105
222
44
215
190
202
120
251
117
112
223
185
111
245
20
245
110
153
174
24
15
242
29
222
77
16
243
115
191
121
215
172
250
59
255
253
222
55
95
93
27
119
86
189
186
127
250
252
95
255
247
96
255
23
125
209
119
213
247
243
125
123
122
214
105
222
44
215
190
202
120
251
117
118
223
189
109
245
20
245
110
153
174
152
79
242
29
222
93
48
243
115
191
121
215
172
251
250
93
254
222
55
79
95
47
215
228
21
186
63
238
54
94
255
183
122
255
31
191
243
39
157
247
247
125
83
187
214
169
194
61
39
255
202
125
242
127
50
219
181
111
191
60
229
46
149
166
146
207
104
29
180
87
89
247
121
251
121
116
187
251
61
240
125
253
191
177
251
120
217
250
223
191
253
84
233
113
242
221
195
90
253
112
203
220
229
124
226
255
94
119
255
255
255
132
221
190
255
251
233
119
250
93
95
46
246
183
227
127
191
255
24
7
250
157
220
81
22
243
191
191
251
223
106
246
55
255
125
94
55
31
221
59
195
86
189
240
111
91
204
92
255
215
36
255
215
124
209
119
253
247
243
125
119
58
212
105
198
44
213
158
202
120
251
117
112
222
185
239
245
16
245
111
155
175
25
15
240
29
158
73
48
243
115
191
120
215
172
250
47
213
234
252
55
55
221
223
149
222
253
176
59
202
179
95
185
244
115
91
247
63
212
63
61
171
178
9
83
249
116
251
231
44
158
250
210
124
225
125
122
111
119
110
214
149
145
110
157
174
30
5
240
29
156
81
144
242
123
159
127
223
42
243
