posters/Movie Poster 55.jpg
512
759
269
-113.141
-1
0
200
616
0.00118441
31
139.958
-1
0
248
115
0.0029001
31
106.317
-1
0
304
514
0.00602869
31
-34.5656
-1
0
311
293
0.00127972
31
-18.3976
-1
0
361
494
0.00191336
31
-16.6815
-1
0
387
531
0.00257367
31
-33.8234
-1
0
312
291
0.00241508
31
-36.2496
-1
0
315
290
0.00155618
31
157.966
-1
0
366
360
0.00131279
31
-84.1554
-1
0
230
296
0.00205075
31
119.134
-1
0
204
500
0.00459799
31
-30.8131
-1
0
360
562
0.00136774
31
121.743
-1
0
375
199
0.00398802
31
86.6016
-1
0
203
513
0.00192092
31
-29.3379
-1
0
363
562
0.00169937
31
-14.491
-1
0
362
492
0.00213483
31
102.412
-1
0
299
516
0.00170773
31
-153.307
-1
0
360
401
0.00124828
31
-171.138
-1
0
340
503
0.00200792
31
-96.0417
-1
0
399
554
0.00235486
31
147.236
-1
0
250
117
0.00470637
31
34.5544
-1
0
362
541
0.00162976
31
160.691
-1
0
263
299
0.00229105
31
97.3135
-1
0
229
503
0.00130279
31
-77.7749
-1
0
227
300
0.00150321
31
-97.8481
-1
0
349
427
0.00163399
31
60.493
-1
0
369
540
0.00160142
31
-60.5809
-1
0
232
300
0.00242465
31
166.556
-1
0
359
373
0.00120926
31
24.6653
-1
0
288
174
0.00215653
31
-115.182
-1
0
355
423
0.00142525
31
160.678
-1
0
266
300
0.00245492
31
54.2461
-1
0
141
175
0.00152029
31
26.3354
-1
0
408
283
0.00149024
31
-170.583
-1
0
370
251
0.00169539
31
-49.8269
-1
0
234
301
0.00175423
31
162.93
-1
0
217
176
0.001506
31
-72.9768
-1
0
266
622
0.00129321
31
162.024
-1
0
265
302
0.0031313
31
-175.137
-1
0
371
384
0.00144923
31
-0.507029
-1
0
231
473
0.00123578
31
0.840278
-1
0
133
243
0.00260567
31
-116.615
-1
0
355
421
0.00228447
31
147.518
-1
0
388
188
0.00166403
31
-171.016
-1
0
336
502
0.00353295
31
-124.535
-1
0
356
416
0.00130477
31
-103.859
-1
0
403
557
0.00220579
31
-26.4075
-1
0
362
497
0.00159145
31
-38.8051
-1
0
112
230
0.00184241
31
146.395
-1
0
340
451
0.00335615
31
40.5752
-1
0
363
539
0.00179541
31
-165.222
-1
0
243
122
0.00162816
31
168.605
-1
0
247
103
0.002244
31
-150.401
-1
0
383
217
0.00224881
31
46.567
-1
0
365
538
0.00289727
31
-72.5028
-1
0
267
620
0.00124641
31
0.0789198
-1
0
127
247
0.00156975
31
40.3965
-1
0
128
182
0.00132515
31
169.131
-1
0
217
183
0.00136666
31
2.1211
-1
0
132
247
0.00264588
31
-174.89
-1
0
252
102
0.00196415
31
98.7462
-1
0
243
98
0.00394121
31
100.365
-1
0
305
456
0.00141683
31
-165.174
-1
0
259
121
0.00146968
31
161.25
-1
0
248
99
0.00668626
31
171.283
-1
0
362
376
0.00138685
31
-169.039
-1
0
338
504
0.00562913
31
88.0251
-1
0
239
100
0.00158224
31
134.542
-1
0
244
100
0.00463545
31
-161.178
-1
0
336
509
0.00226543
31
4.97432
-1
0
361
484
0.00113443
31
53.0237
-1
0
141
172
0.00118093
31
141.746
-1
0
385
189
0.00113113
31
-99.9476
-1
0
349
429
0.00117593
31
-177.239
-1
0
373
381
0.00114531
31
91.7509
-1
0
232
516
0.00117808
31
-170.061
-1
0
228
152
0.00115181
31
-107.776
-1
0
220
556
0.0010864
31
-145.959
-1
0
195
625
0.00109228
31
107.765
-1
0
260
113
0.00110246
31
-110.425
-1
0
202
614
0.00109429
31
-28.1683
-1
0
119
222
0.00108329
31
-38.047
-1
1
312
292.8
0.000927651
37.2
-158.585
-1
1
384
218.4
0.00267645
37.2
-30.9638
-1
1
228
488.4
0.0010137
37.2
161.724
-1
1
217.2
180
0.00114762
37.2
-1.73799
-1
1
129.6
246
0.00124271
37.2
157.424
-1
1
217.2
175.2
0.000992407
37.2
53.0576
-1
1
140.4
175.2
0.00108076
37.2
164.3
-1
1
266.4
300
0.00111822
37.2
27.954
-1
1
288
174
0.00135713
37.2
82.3448
-1
1
232.8
516
0.00110641
37.2
-43.3024
-1
1
316.8
292.8
0.000936628
37.2
-176.476
-1
1
370.8
384
0.00106356
37.2
79.326
-1
1
237.6
514.8
0.000993157
37.2
144.881
-1
1
339.6
451.2
0.00247204
37.2
-0.756836
-1
1
132
247.2
0.00164692
37.2
30.1461
-1
1
150
324
0.000987463
37.2
-18.3916
-1
1
361.2
493.2
0.00107451
37.2
-74.8683
-1
1
250.8
555.6
0.00125461
37.2
-35.8195
-1
1
362.4
562.8
0.00127027
37.2
-111.105
-1
1
201.6
613.2
0.00105151
37.2
43.9088
-1
1
368.4
540
0.00120004
37.2
75.2089
-1
1
264
513.6
0.00161208
37.2
36.7976
-1
1
366
538.8
0.00203477
37.2
-63.9967
-1
1
234
300
0.000968672
37.2
-37.9835
-1
1
361.2
559.2
0.00164235
37.2
83.7071
-1
1
230.4
513.6
0.00113077
37.2
163.578
-1
1
264
301.2
0.00127803
37.2
-124.796
-1
1
267.6
469.2
0.000944978
37.2
-12.9753
-1
1
362.4
490.8
0.00123502
37.2
83.6598
-1
1
204
499.2
0.00276318
37.2
-96.5014
-1
1
349.2
426
0.00190798
37.2
-26.9728
-1
1
387.6
530.4
0.00162916
37.2
-169.274
-1
1
336
501.6
0.00184236
37.2
133.662
-1
1
375.6
198
0.00317439
37.2
2.24026
-1
1
169.2
499.2
0.000968667
37.2
144.77
-1
1
386.4
188.4
0.00126187
37.2
108.921
-1
1
298.8
516
0.00166185
37.2
79.3997
-1
1
261.6
516
0.00120723
37.2
125.272
-1
1
259.2
121.2
0.0015394
37.2
171.812
-1
1
244.8
121.2
0.00286423
37.2
148.601
-1
1
388.8
189.6
0.000966633
37.2
89.5103
-1
1
210
465.6
0.00126899
37.2
80.513
-1
1
202.8
513.6
0.00136258
37.2
-167.484
-1
1
338.4
502.8
0.00265908
37.2
-5.40379
-1
1
265.2
494.4
0.00115707
37.2
-88.8065
-1
1
230.4
296.4
0.000984442
37.2
-102.02
-1
1
220.8
555.6
0.000934589
37.2
-36.2169
-1
1
312
290.4
0.00122514
37.2
-166.452
-1
1
386.4
214.8
0.00115305
37.2
122.099
-1
1
319.2
511.2
0.00102331
37.2
43.3463
-1
1
122.4
181.2
0.00078676
37.2
22.3759
-1
1
289.2
182.4
0.000790044
37.2
-26.3688
-1
1
266.4
489.6
0.000872516
37.2
-113.73
-1
1
355.2
422.4
0.000837836
37.2
53.0598
-1
1
140.4
172.8
0.000918151
37.2
-178.919
-1
1
373.2
380.4
0.000831791
37.2
171.276
-1
1
362.4
375.6
0.000842151
37.2
103.479
-1
1
306
454.8
0.000836797
37.2
-90.6662
-1
1
266.4
474
0.000916967
37.2
20.1126
-1
1
147.6
322.8
0.000787717
37.2
-122.489
-1
1
356.4
416.4
0.000891431
37.2
-1.89026
-1
1
277.2
146.4
0.000902042
37.2
162.74
-1
1
262.8
298.8
0.000834233
37.2
129.127
-1
1
338.4
159.6
0.000723398
37.2
-82.657
-1
1
226.8
301.2
0.000779133
37.2
-27.8408
-1
1
362.4
496.8
0.000714045
37.2
146.522
-1
1
141.6
496.8
0.000763663
37.2
-75.4449
-1
2
250.56
555.84
0.00134058
44.64
159.596
-1
2
217.44
181.44
0.00136777
44.64
25.5139
-1
2
365.76
538.56
0.00186496
44.64
-101.583
-1
2
349.92
424.8
0.00196893
44.64
146.569
-1
2
339.84
452.16
0.00190633
44.64
82.4797
-1
2
262.08
515.52
0.00173746
44.64
115.574
-1
2
305.28
512.64
0.00407596
44.64
84.4661
-1
2
246.24
508.32
0.00453803
44.64
-166.447
-1
2
338.4
502.56
0.00136713
44.64
53.1301
-1
2
203.04
498.24
0.00176453
44.64
74.4145
-1
2
230.4
514.08
0.00111314
44.64
30.5198
-1
2
288
174.24
0.00112464
44.64
57.2209
-1
2
187.2
509.76
0.00116591
44.64
76.7887
-1
2
237.6
515.52
0.00124057
44.64
80.7658
-1
2
208.8
465.12
0.00122497
44.64
148.036
-1
2
318.24
511.2
0.00114959
44.64
-95.9554
-1
2
218.88
551.52
0.00130911
44.64
109.819
-1
2
305.28
456.48
0.000613691
44.64
-15.1918
-1
2
362.88
491.04
0.0007408
44.64
-40.7858
-1
2
312.48
290.88
0.000627172
44.64
-98.7974
-1
2
220.32
555.84
0.00104337
44.64
154.783
-1
2
217.44
175.68
0.000823807
44.64
-44.3415
-1
2
360
560.16
0.000972014
44.64
-43.3445
-1
2
362.88
563.04
0.000862214
44.64
7.60897
-1
2
277.92
146.88
0.000728238
44.64
-160.626
-1
2
267.84
469.44
0.000641411
44.64
69.6848
-1
2
217.44
468
0.000615953
44.64
20.2159
-1
2
149.76
324
0.000782946
44.64
83.521
-1
2
197.28
465.12
0.000714993
44.64
79.7102
-1
2
240.48
514.08
0.000954741
44.64
-97.6218
-1
2
221.76
552.96
0.000993913
44.64
5.36058
-1
2
167.04
496.8
0.000956517
44.64
71.3377
-1
2
203.04
514.08
0.00097477
44.64
-109.738
-1
2
201.6
613.44
0.000897814
44.64
-46.2247
-1
2
316.8
292.32
0.000651452
44.64
-168.156
-1
2
335.52
501.12
0.00078491
44.64
168.145
-1
2
266.4
299.52
0.000524884
44.64
-41.8396
-1
2
361.44
555.84
0.000558539
44.64
-84.8911
-1
2
224.64
613.44
0.000504464
44.64
173.434
-1
2
362.88
375.84
0.000511256
44.64
-109.555
-1
2
190.08
306.72
0.000542536
44.64
-94.2468
-1
2
226.08
299.52
0.000530136
44.64
71.8816
-1
2
198.72
514.08
0.000472046
44.64
-80.9252
-1
2
231.84
298.08
0.000553749
44.64
166.419
-1
2
264.96
302.4
0.000516879
44.64
126.674
-1
2
338.4
159.84
0.000473911
44.64
-2.48058
-1
2
279.36
151.2
0.00046724
44.64
134.265
-1
2
279.36
508.32
0.00052782
44.64
24.6729
-1
2
289.44
182.88
0.000513167
44.64
176.895
-1
2
364.32
213.12
0.000556023
44.64
-174.154
-1
2
338.4
496.8
0.00043114
44.64
167.458
-1
2
358.56
372.96
0.000446842
44.64
-41.1859
-1
2
266.4
489.6
0.000433812
44.64
66.3577
-1
3
221.184
506.304
0.00126034
53.568
71.441
-1
3
231.552
514.944
0.00166047
53.568
76.1068
-1
3
236.736
514.944
0.00164078
53.568
-48.15
-1
3
316.224
292.032
0.000494915
53.568
80.1524
-1
3
255.744
514.944
0.000631326
53.568
166.799
-1
3
319.68
506.304
0.000895559
53.568
-92.7211
-1
3
219.456
551.232
0.00152716
53.568
86.1559
-1
3
260.928
514.944
0.00190549
53.568
132.333
-1
3
278.208
508.032
0.00105561
53.568
146.149
-1
3
338.688
452.736
0.00183373
53.568
-47.0177
-1
3
271.296
264.384
0.000510502
53.568
165.426
-1
3
317.952
511.488
0.000816171
53.568
28.791
-1
3
183.168
504.576
0.000651645
53.568
80.8195
-1
3
240.192
513.216
0.00109669
53.568
91.8702
-1
3
264.384
513.216
0.00136466
53.568
52.8831
-1
3
202.176
497.664
0.00128752
53.568
71.395
-1
3
188.352
584.064
0.00056199
53.568
112.746
-1
3
304.128
456.192
0.000509684
53.568
28.1089
-1
3
286.848
181.44
0.000477954
53.568
49.6199
-1
3
186.624
508.032
0.00151913
53.568
153.31
-1
3
216
181.44
0.000840344
53.568
126.434
-1
3
297.216
514.944
0.00219959
53.568
-92.787
-1
3
217.728
554.688
0.00116428
53.568
69.1818
-1
3
202.176
513.216
0.00067827
53.568
136.637
-1
3
309.312
514.944
0.000776217
53.568
142.953
-1
3
312.768
513.216
0.000469964
53.568
-76.7285
-1
3
250.56
554.688
0.00116727
53.568
168.616
-1
3
262.656
295.488
0.000609399
53.568
178.912
-1
3
295.488
473.472
0.000769097
53.568
151.398
-1
3
217.728
174.528
0.000646385
53.568
125.262
-1
3
300.672
513.216
0.00334487
53.568
32.0365
-1
3
286.848
174.528
0.000949898
53.568
82.8455
-1
3
245.376
508.032
0.00428211
53.568
85.7839
-1
3
196.992
464.832
0.000768625
53.568
123.63
-1
3
305.856
513.216
0.00196702
53.568
64.712
-1
3
217.728
466.56
0.00065892
53.568
134.697
-1
4
300.672
514.253
0.0025099
64.2816
53.852
-1
4
213.581
472.781
0.00107585
64.2816
85.8949
-1
4
261.274
514.253
0.00219867
64.2816
74.0546
-1
4
207.36
466.56
0.00140616
64.2816
79.7175
-1
4
255.053
514.253
0.00138231
64.2816
76.2005
-1
4
236.39
514.253
0.00231882
64.2816
134.31
-1
4
286.157
516.326
0.000614693
64.2816
52.872
-1
4
219.802
468.634
0.000884936
64.2816
71.131
-1
4
232.243
514.253
0.00216414
64.2816
-177.427
-1
4
294.451
474.854
0.000755199
64.2816
133.972
-1
4
294.451
516.326
0.0008396
64.2816
135.379
-1
4
306.893
512.179
0.00180858
64.2816
126.484
-1
4
279.936
512.179
0.00116306
64.2816
-49.2934
-1
4
271.642
263.347
0.000640816
64.2816
82.8455
-1
4
240.538
512.179
0.00167065
64.2816
65.3231
-1
4
223.949
510.106
0.00321516
64.2816
-79.1699
-1
4
250.906
555.725
0.000802196
64.2816
129.341
-1
4
277.862
508.032
0.00145243
64.2816
-19.0256
-1
4
246.758
493.517
0.000994408
64.2816
170.759
-1
4
263.347
294.451
0.000584812
64.2816
-85.3913
-1
4
215.654
553.651
0.00123257
64.2816
52.2143
-1
4
203.213
497.664
0.000747961
64.2816
-83.3618
-1
4
215.654
549.504
0.0013236
64.2816
-88.7472
-1
4
221.875
551.578
0.0014192
64.2816
170.225
-1
4
263.347
300.672
0.000473094
64.2816
-3.3274
-1
5
246.344
492.687
0.00102444
77.1379
105.255
-1
5
266.25
507.617
0.00156675
77.1379
71.565
-1
5
246.344
510.106
0.00413839
77.1379
76.7595
-1
5
251.32
510.106
0.00301671
77.1379
94.3708
-1
5
261.274
512.594
0.00266805
77.1379
174.756
-1
5
263.762
293.622
0.000538039
77.1379
269
64
227
222
131
127
253
138
15
10
251
121
0
203
163
139
6
31
239
247
188
45
204
143
234
109
71
223
187
39
19
41
35
111
215
165
116
49
114
252
239
101
97
78
42
107
159
16
253
243
208
164
24
20
229
186
190
235
16
186
51
63
92
85
16
250
23
241
85
214
60
136
93
106
67
5
221
241
238
127
196
88
171
198
36
59
135
108
193
111
237
150
227
59
46
41
197
109
151
246
60
154
110
248
251
63
101
250
169
97
188
16
245
111
195
182
1
198
108
0
191
13
41
115
178
235
248
125
165
222
4
186
130
225
253
184
166
208
40
187
130
111
160
86
235
65
200
221
169
146
205
37
11
88
71
92
25
39
156
79
163
22
95
225
223
33
117
251
237
39
101
84
98
63
197
133
255
51
152
221
24
37
247
229
216
105
6
218
150
165
64
91
52
94
64
9
130
146
65
2
4
7
4
0
0
0
18
228
52
10
79
17
33
71
6
47
193
3
90
211
144
12
2
128
16
64
214
38
65
186
3
72
71
72
48
112
48
43
85
28
53
238
25
168
24
4
240
29
156
73
17
242
51
189
88
85
0
234
2
137
138
58
9
202
130
7
18
160
4
196
50
116
6
56
77
11
32
147
196
37
67
67
81
87
208
110
2
162
131
98
151
176
65
32
59
8
232
104
96
29
56
97
213
85
183
111
153
234
9
5
244
5
120
201
19
243
183
181
16
115
208
74
208
233
155
223
96
91
124
231
203
163
45
158
211
198
254
250
255
195
60
111
14
189
102
147
203
215
183
237
195
170
182
56
210
23
101
255
90
127
210
116
242
126
177
127
191
30
165
62
221
172
50
247
248
31
21
203
209
251
49
63
125
116
83
251
66
9
130
154
64
10
68
7
4
128
1
128
18
224
54
10
207
17
33
103
6
45
193
35
91
219
150
12
2
128
16
64
214
38
65
186
67
72
71
104
48
120
56
47
221
28
117
238
153
172
24
4
240
29
156
73
17
242
51
189
88
87
0
250
96
9
142
218
2
71
68
7
37
196
5
128
19
236
55
14
203
81
49
103
6
45
193
51
91
223
151
12
67
128
48
105
215
38
65
186
82
108
247
120
112
120
56
47
221
28
117
238
153
168
24
5
241
29
156
72
17
242
51
189
88
85
1
250
67
14
134
210
205
130
134
3
50
121
6
71
138
255
34
13
228
147
41
182
196
45
203
115
66
74
136
102
16
0
129
103
215
35
81
176
83
88
237
100
112
28
24
15
213
20
247
79
153
172
24
5
244
29
152
201
18
242
51
181
88
87
32
250
213
61
255
148
32
79
121
119
3
196
199
148
87
161
150
218
189
205
114
109
22
141
224
163
159
235
190
92
97
44
86
41
80
53
52
203
130
110
210
221
144
152
189
35
171
28
229
110
197
162
115
215
104
122
52
78
216
63
57
121
121
4
17
251
112
33
147
151
64
131
42
71
70
224
3
22
177
198
179
82
118
3
64
70
139
141
67
143
154
64
250
13
2
168
156
198
67
5
103
187
1
204
70
70
0
65
197
66
47
28
137
191
84
98
168
243
39
122
52
219
65
59
17
113
9
100
81
98
145
221
150
84
32
78
217
82
58
197
5
205
6
125
68
185
109
199
52
47
134
44
228
99
105
215
179
126
53
42
210
123
150
119
113
152
82
72
250
245
81
60
169
103
185
16
245
111
129
184
57
69
184
1
152
75
49
83
50
47
80
117
5
250
61
182
117
33
252
189
163
120
248
125
194
119
237
123
249
229
242
237
199
96
245
98
27
252
252
56
109
179
254
95
121
255
127
108
94
190
93
178
169
254
221
84
90
158
64
227
218
65
168
61
24
8
242
157
143
73
60
242
151
172
218
159
36
252
212
45
146
23
0
194
92
135
75
161
5
186
146
166
130
90
235
3
56
207
15
141
103
131
219
95
187
111
67
168
130
38
199
55
101
251
18
61
239
126
112
120
177
107
191
28
61
191
217
168
56
215
241
95
60
206
80
251
49
249
25
117
17
234
145
221
158
85
34
91
217
242
59
213
7
205
22
124
108
185
239
215
60
47
134
45
228
99
105
215
179
126
53
43
214
127
246
119
121
216
82
123
250
245
211
189
169
102
185
22
241
110
129
185
127
69
184
13
157
79
17
83
58
111
81
61
7
251
66
141
138
58
75
210
146
7
19
176
12
196
18
116
47
58
77
139
33
147
196
37
67
67
209
87
208
110
66
162
131
98
151
176
65
32
123
72
232
104
96
29
56
97
213
21
247
111
153
234
8
5
244
13
88
201
23
243
183
181
16
115
192
74
134
142
198
101
249
184
174
193
56
249
10
75
138
119
235
9
224
233
173
34
205
13
26
121
103
222
59
39
156
15
35
22
87
225
95
49
112
189
237
38
101
92
106
191
205
64
255
51
184
221
24
33
245
229
156
235
22
222
150
165
210
87
48
122
171
222
206
207
239
221
219
177
63
223
23
207
159
127
126
77
172
247
124
171
220
119
210
121
121
118
189
118
124
83
87
55
215
121
91
49
211
91
248
49
117
93
106
63
213
20
253
63
157
157
24
5
244
173
158
207
17
215
50
189
210
95
32
250
133
15
135
80
40
90
160
194
48
186
42
67
66
241
98
171
9
105
165
163
68
228
116
210
67
87
145
226
136
6
3
82
211
16
83
160
57
8
232
96
116
60
56
39
245
80
247
107
153
172
8
71
208
93
24
73
23
211
19
181
88
115
97
234
187
253
249
255
55
233
221
24
255
219
209
249
175
78
164
93
187
214
36
59
229
46
227
127
109
159
243
59
95
123
119
111
215
236
188
190
246
125
249
117
113
206
255
107
247
21
253
127
153
190
24
5
224
149
188
109
24
178
55
255
123
95
162
186
55
245
209
86
61
136
93
10
227
37
29
241
174
111
132
24
171
70
36
51
135
110
193
111
236
150
231
63
62
57
201
109
151
254
60
158
174
152
123
63
101
234
169
225
188
16
245
75
64
246
1
202
36
0
62
13
41
51
242
203
184
117
165
206
194
73
136
152
70
26
94
3
7
98
61
138
154
228
54
10
141
91
56
245
14
245
194
35
75
87
155
108
16
178
150
64
147
62
81
11
74
76
230
66
48
186
173
105
151
28
245
47
215
200
16
4
37
89
178
154
89
215
49
49
80
113
16
234
193
76
142
29
225
83
63
252
57
191
45
142
154
173
47
175
141
93
184
101
72
199
230
48
75
253
153
116
217
2
54
41
216
17
81
233
82
105
232
97
112
28
56
63
245
28
244
108
157
136
24
5
209
125
156
75
16
254
51
189
92
86
0
250
66
49
146
187
203
130
6
7
70
34
1
34
176
194
163
83
86
35
33
214
203
183
83
71
130
64
250
109
2
168
128
128
135
14
131
167
25
8
71
64
44
67
20
65
85
93
131
15
92
174
136
65
54
56
88
243
11
43
19
147
56
115
249
66
197
45
243
148
80
78
121
78
131
68
131
148
67
196
150
75
170
77
54
101
6
141
224
3
79
202
190
93
16
44
28
41
82
53
52
155
0
124
199
213
16
168
189
99
171
28
229
174
69
164
114
215
97
122
52
10
216
62
49
59
76
4
49
250
7
135
136
8
1
152
133
10
33
210
0
192
128
57
36
5
8
61
160
9
192
100
90
99
65
151
1
102
60
40
1
65
151
210
209
32
48
200
106
32
100
62
42
225
53
16
117
107
16
184
56
4
180
1
248
12
57
2
54
165
0
209
165
90
198
205
138
159
99
130
94
139
15
235
41
138
146
138
38
30
137
17
60
151
142
183
210
11
85
215
155
39
19
169
23
67
131
149
52
99
162
109
226
59
34
234
101
105
183
28
149
59
85
138
48
5
13
81
244
162
209
235
48
57
61
80
26
163
197
109
247
212
112
14
113
206
163
197
165
250
211
251
134
74
162
85
60
111
14
173
226
35
79
203
147
61
179
40
18
9
146
23
52
219
0
125
215
212
134
186
184
115
171
28
73
174
69
164
115
245
81
122
181
46
89
124
113
127
92
84
177
251
249
158
238
215
255
191
223
179
62
253
86
95
159
252
59
76
252
247
121
171
252
191
218
123
123
126
190
126
252
219
119
239
215
47
87
113
214
127
255
124
112
93
234
63
221
36
253
247
157
172
24
133
244
191
156
75
80
246
115
191
218
87
32
254
3
128
8
166
239
168
30
8
36
43
145
74
168
77
36
17
132
21
1
208
192
35
130
120
68
220
185
47
82
51
33
103
215
172
93
58
123
104
232
98
96
76
56
41
213
21
245
107
153
174
24
5
224
29
156
73
16
242
51
189
88
87
32
250
4
134
8
192
32
152
134
1
43
211
3
192
128
53
44
1
13
73
160
43
134
116
66
99
73
214
1
102
52
34
17
67
151
208
217
0
32
200
234
34
100
60
40
97
181
20
117
107
144
216
56
37
180
69
186
40
19
67
50
165
64
115
97
250
193
5
142
21
97
71
31
246
52
253
13
139
130
189
6
15
141
125
184
37
88
199
226
32
74
117
153
116
184
2
18
9
216
17
81
169
18
104
160
96
112
28
56
167
245
56
244
108
25
136
24
5
209
93
156
202
24
254
51
189
88
87
0
250
61
181
125
124
55
181
121
126
245
126
213
177
125
123
180
87
242
244
67
112
241
114
209
119
204
170
230
153
123
93
125
233
223
44
150
190
210
120
145
253
218
207
26
15
208
117
195
79
153
172
24
5
96
28
159
73
16
242
59
157
90
214
34
249
195
140
138
157
239
194
218
132
60
127
21
79
154
232
39
173
140
89
56
182
204
135
174
57
110
203
154
102
209
33
51
103
247
177
25
105
114
101
236
34
210
46
72
14
217
28
217
27
93
200
26
5
213
125
156
235
209
214
59
189
84
85
18
249
1
6
20
16
8
133
34
116
32
62
2
5
16
101
153
2
238
202
193
98
208
33
66
243
72
40
164
76
64
0
49
99
87
36
85
186
17
120
1
68
112
84
24
14
68
36
195
79
153
172
24
5
240
29
156
73
16
242
51
189
88
87
32
250
197
111
199
215
177
128
69
202
171
197
45
250
131
251
134
79
131
117
60
111
14
141
226
35
79
215
147
59
179
42
2
25
146
7
52
218
0
125
119
158
39
122
168
115
171
24
93
182
65
165
112
245
17
154
166
46
25
124
112
15
76
84
145
251
112
43
183
220
0
71
101
126
192
196
194
149
81
228
155
10
255
196
227
102
246
45
196
147
217
107
182
140
64
132
50
201
207
38
101
186
20
104
203
108
112
124
176
167
253
48
165
110
153
172
25
65
240
29
28
65
1
242
83
185
88
71
33
250
138
201
175
213
239
149
221
185
188
239
17
74
155
200
115
13
140
221
100
115
78
191
130
120
110
222
183
58
208
51
55
59
215
60
93
105
210
109
234
99
112
124
57
63
213
20
217
59
153
140
24
5
208
157
156
73
17
242
49
191
84
87
0
250
193
13
142
29
225
87
31
254
181
255
45
139
130
169
6
15
141
125
184
37
88
135
230
32
74
117
157
116
209
2
18
9
216
17
81
233
18
104
224
104
112
28
56
167
245
56
244
108
25
136
24
5
209
93
156
74
16
254
51
189
88
86
0
250
68
0
138
147
234
147
154
5
26
251
7
140
144
118
43
2
140
211
48
163
204
53
66
67
73
66
136
102
0
9
149
99
215
16
81
32
82
88
234
112
112
28
40
46
245
20
245
107
153
236
24
5
244
93
152
203
18
243
51
189
88
83
32
250
109
46
238
129
19
255
161
119
189
252
214
181
95
190
187
230
217
185
235
249
245
87
223
245
17
105
28
230
108
212
251
195
205
74
195
164
221
90
237
124
252
21
126
166
85
229
115
227
191
108
173
12
243
93
216
84
46
230
199
245
203
219
108
90
26
21
8
182
127
163
218
11
22
120
87
117
60
78
32
84
244
223
1
210
196
47
193
115
76
138
226
79
82
48
181
107
215
36
85
186
83
120
233
116
112
92
24
15
213
21
247
79
153
172
24
5
240
29
156
73
16
242
51
189
88
87
32
250
7
134
136
200
40
156
134
0
43
215
3
200
128
117
60
1
141
105
160
43
134
117
82
99
105
214
1
118
60
34
17
67
151
208
219
0
112
200
250
34
100
60
40
101
181
20
245
107
145
216
56
5
244
69
186
12
19
211
50
165
80
243
97
250
61
176
125
174
62
229
185
124
214
252
223
181
125
30
153
244
251
214
67
96
241
48
197
254
237
173
228
155
83
91
247
239
245
36
85
190
86
122
233
119
120
93
127
46
212
55
245
111
155
172
27
5
240
29
156
73
16
242
59
184
216
87
38
254
197
207
142
221
40
95
252
150
57
253
44
203
26
245
102
171
133
232
165
163
68
232
52
178
67
111
147
242
233
70
51
115
243
48
81
224
91
112
248
240
114
62
56
63
244
22
247
109
153
173
28
7
208
95
152
73
23
243
51
189
92
114
32
248
3
198
12
201
174
156
222
0
59
215
7
202
140
125
124
5
141
249
40
171
198
117
82
113
105
86
21
118
60
39
17
67
151
80
219
8
82
73
250
35
116
60
40
45
213
20
245
43
153
216
24
5
244
69
154
77
27
215
50
173
80
251
44
250
62
241
249
255
54
172
221
72
223
255
209
249
239
10
180
95
187
212
38
107
237
46
226
127
109
223
183
59
83
107
117
239
215
164
124
186
118
125
233
117
112
206
255
107
247
20
253
127
153
172
24
5
224
157
188
105
16
178
51
255
89
87
32
190
2
136
136
42
75
202
130
15
18
0
6
196
178
116
46
56
77
19
32
147
196
53
203
67
115
211
80
110
34
162
131
98
151
166
65
32
51
72
234
104
96
29
44
97
213
21
183
111
217
234
9
5
244
5
248
201
19
243
182
181
16
115
144
74
43
22
0
35
221
168
162
24
44
56
130
37
160
15
41
53
98
62
129
208
225
2
155
124
68
8
104
3
146
22
225
199
77
168
223
48
49
162
45
70
205
84
18
138
68
67
162
65
184
124
24
0
246
29
200
65
18
48
167
180
138
7
36
64
6
0
137
138
0
200
16
7
3
160
7
132
17
6
191
34
11
16
128
1
130
53
194
67
89
212
144
5
2
170
23
72
135
144
97
130
32
200
234
2
32
57
37
97
181
20
53
107
83
168
169
23
183
1
56
154
16
2
58
233
9
85
97
202
199
193
136
152
70
18
94
2
3
99
61
138
154
224
6
26
13
91
48
245
138
245
194
35
72
215
155
110
17
32
148
65
147
180
16
11
74
76
98
66
34
170
45
105
151
28
245
43
87
200
16
5
37
89
176
170
89
211
49
49
80
113
16
234
216
9
146
215
66
71
122
167
71
195
89
134
18
196
51
250
253
155
120
199
30
189
103
131
155
79
254
236
193
230
182
176
226
55
99
253
155
108
198
64
120
105
181
106
255
60
131
238
221
136
24
215
243
95
20
219
209
251
113
177
125
112
145
234
250
249
139
222
55
83
92
175
215
154
53
186
51
210
191
218
187
151
120
159
7
157
229
7
175
195
243
13
83
248
214
104
135
60
183
247
254
92
226
117
114
255
247
125
191
156
149
110
247
174
143
215
178
57
252
210
84
243
126
91
121
249
222
219
120
241
220
222
55
43
93
54
231
132
253
176
127
249
52
90
255
146
98
247
55
254
225
183
201
43
231
216
115
180
244
233
218
60
38
190
203
120
210
253
122
219
189
111
240
53
247
110
153
166
155
71
112
28
144
77
57
243
115
191
121
118
163
251
199
197
136
156
67
130
94
2
3
227
61
138
146
160
6
26
13
17
52
167
138
165
194
43
76
215
155
127
17
41
20
65
147
181
16
11
2
76
226
99
34
170
45
105
183
28
245
43
87
202
16
7
5
88
52
170
89
155
48
57
24
112
16
235
138
203
175
213
239
181
221
185
188
255
49
202
155
200
115
13
172
221
126
115
78
191
130
122
111
223
183
58
212
51
54
59
215
60
93
89
210
125
250
115
112
124
249
63
221
20
253
63
153
141
24
5
216
159
156
73
17
242
49
191
84
87
0
186
7
21
0
54
15
130
26
2
34
34
17
0
8
75
36
21
228
155
1
210
193
34
193
99
68
138
224
79
82
32
161
97
215
36
20
186
83
104
225
116
112
72
24
11
208
21
247
79
153
172
24
5
240
28
156
73
16
243
51
189
24
87
32
235
60
51
117
244
54
253
45
123
213
222
250
117
117
94
248
231
243
220
195
99
245
32
192
247
77
174
165
137
82
78
49
233
215
36
85
186
87
122
233
244
120
92
50
47
212
39
247
111
153
172
24
5
240
29
157
73
16
242
51
189
88
86
32
250
120
9
191
220
0
79
121
119
212
196
103
132
83
192
187
170
239
213
99
103
86
173
196
147
89
107
182
12
65
132
50
233
207
38
69
186
82
120
235
124
112
124
176
47
213
52
181
110
153
172
24
5
240
29
156
65
17
242
51
189
88
87
33
250
27
21
8
182
111
135
218
3
22
104
21
5
28
106
33
84
228
211
1
242
198
47
193
115
92
138
226
79
82
48
181
107
215
36
85
186
83
120
233
116
112
92
24
14
209
20
225
79
153
172
24
5
240
29
156
73
16
242
51
189
88
87
32
251
242
217
138
95
119
82
94
142
215
130
61
186
51
138
39
95
63
151
56
159
15
159
199
7
131
215
251
45
83
120
198
40
130
61
181
247
251
93
226
113
114
107
183
105
191
92
149
110
223
170
58
215
177
120
252
210
81
187
125
91
61
240
222
219
59
213
125
254
183
189
127
120
251
95
245
251
237
121
68
86
246
247
6
253
252
112
211
118
253
191
243
189
127
116
253
169
222
108
148
190
223
121
176
125
126
223
187
175
243
17
215
95
155
183
25
15
104
157
159
77
56
247
115
251
251
215
46
251
169
206
71
139
207
61
173
155
188
127
42
75
139
235
127
141
235
244
165
34
84
134
188
120
74
255
51
34
223
66
51
95
115
38
94
240
83
116
169
180
119
70
58
63
92
22
220
209
137
173
24
4
192
31
141
73
144
240
35
61
92
87
32
176
82
17
144
30
67
11
86
38
87
0
29
37
54
198
6
26
125
131
112
148
67
175
193
135
210
66
224
76
2
240
204
32
142
59
3
180
175
8
66
105
56
137
181
99
173
125
167
110
247
162
137
202
162
72
90
211
111
59
95
243
50
96
213
74
126
249
235
158
55
71
221
143
215
226
189
176
63
198
183
94
155
23
114
151
23
223
213
7
151
199
242
29
3
248
214
106
135
60
167
254
186
92
243
117
114
107
229
105
191
92
149
110
247
174
154
223
178
25
124
214
24
179
126
123
59
249
250
202
249
158
238
213
238
151
219
177
62
253
22
79
159
253
59
76
252
247
121
162
220
127
218
121
123
122
190
126
252
219
247
111
215
43
87
49
214
125
255
124
112
93
106
63
221
52
253
119
157
172
24
5
244
93
156
75
16
246
115
189
218
87
32
254
197
79
143
80
40
82
172
194
48
251
42
195
66
245
98
171
137
104
165
35
68
228
52
146
67
95
145
242
233
6
35
83
243
16
83
160
81
64
248
224
118
60
56
55
244
86
247
111
153
172
8
71
208
93
152
73
23
243
19
181
88
114
97
250
187
247
125
238
182
189
127
120
255
95
213
251
237
57
84
85
254
247
95
253
112
112
131
244
237
255
249
253
126
116
253
169
214
108
148
254
255
121
184
117
124
223
59
191
213
17
246
79
155
183
153
15
232
189
159
93
60
247
51
223
122
223
44
251
58
253
238
222
55
197
221
15
231
198
181
248
127
104
53
94
191
48
98
243
183
126
247
103
245
179
231
59
51
253
220
235
207
126
47
158
202
108
250
127
59
107
229
233
190
116
181
111
217
170
152
75
114
17
116
84
57
179
114
251
187
253
171
235
205
207
143
217
32
87
125
214
49
255
44
139
18
241
246
171
129
120
165
35
92
244
116
178
83
103
147
98
201
66
50
83
243
18
83
224
17
104
232
232
114
60
56
55
244
86
245
108
153
172
24
5
208
29
156
72
21
240
51
189
92
86
97
250
68
137
138
25
32
210
182
7
48
162
45
140
210
180
47
42
13
11
160
135
196
37
70
195
209
87
145
230
65
166
131
66
159
16
65
32
25
72
232
96
112
28
56
37
245
85
247
111
153
234
40
71
240
93
88
200
23
243
23
181
24
115
64
202
61
247
125
252
63
189
125
126
244
126
212
177
125
123
180
87
242
244
67
107
245
98
209
119
220
170
228
155
123
92
125
233
223
44
86
190
210
122
145
253
218
222
26
143
208
115
195
79
153
172
24
5
112
29
159
73
16
242
51
157
90
214
42
249
60
176
125
175
62
253
185
125
223
252
222
53
125
54
249
240
243
214
67
96
245
48
207
252
237
168
228
219
122
223
255
255
245
36
85
190
94
122
233
119
248
93
95
46
212
183
224
111
155
172
153
5
242
29
156
73
16
242
59
184
89
15
38
254
7
135
136
8
1
152
133
72
33
210
0
192
128
57
36
1
8
45
160
9
128
100
90
99
69
149
1
101
60
40
1
65
151
210
217
0
48
200
106
32
100
52
42
225
53
16
117
107
16
152
56
4
180
1
254
44
57
2
182
165
0
209
165
90
69
4
136
17
72
147
154
4
34
234
1
4
144
102
35
2
12
3
0
131
201
53
66
195
64
66
136
102
0
8
145
67
215
16
81
32
18
72
234
96
112
28
40
44
245
20
245
107
153
236
24
5
244
89
152
75
18
115
51
181
88
83
96
234
202
219
138
255
239
211
222
131
30
187
61
138
154
210
127
219
125
211
61
223
79
191
231
59
11
95
179
111
211
235
182
54
211
175
87
251
91
125
255
118
114
127
240
127
221
28
191
183
221
204
24
197
245
255
156
235
81
241
49
63
92
117
147
251
249
93
254
220
103
47
125
127
181
68
253
138
31
249
54
15
253
253
127
111
62
255
240
51
95
127
179
124
113
20
118
169
218
39
50
251
194
108
214
120
120
235
188
47
223
61
247
238
157
160
26
149
104
92
150
77
25
246
113
159
89
119
129
250
3
14
128
3
201
136
128
1
46
81
2
71
138
123
40
5
96
51
161
160
197
7
155
97
82
152
24
39
190
8
1
71
151
34
83
176
113
26
109
44
229
20
8
131
65
64
249
199
152
44
24
0
244
5
136
73
18
82
50
181
64
87
32
88
129
14
215
199
248
132
153
216
170
253
43
79
135
127
144
37
98
247
172
35
206
13
174
105
106
226
174
62
148
11
17
127
119
101
124
27
80
253
251
214
85
64
8
142
169
10
217
19
129
133
88
53
244
154
156
75
16
126
50
13
200
21
33
184
241
119
117
53
240
32
47
248
194
5
249
51
229
197
130
50
247
199
7
100
43
168
161
148
204
239
237
249
130
4
226
185
120
37
116
191
8
48
129
197
14
74
25
159
228
59
206
28
136
165
81
35
112
30
20
65
64
240
17
144
124
70
32
56
227
220
131
55
93
202
15
206
251
249
0
203
163
139
166
31
235
213
188
15
204
143
234
109
71
223
187
39
19
43
34
111
151
165
116
49
114
253
239
118
97
92
42
107
159
28
125
241
217
164
88
21
229
190
188
234
16
250
51
61
92
85
16
250
43
150
100
35
221
188
162
17
60
120
194
103
172
63
73
5
228
171
131
240
241
98
25
124
80
60
104
134
254
23
233
215
221
232
95
52
117
178
41
100
205
84
26
142
68
227
246
65
184
109
24
8
244
29
139
73
22
242
183
180
218
87
32
88
64
9
130
154
1
66
4
7
4
160
0
129
18
228
7
10
111
17
33
71
134
143
195
3
91
219
146
4
2
128
16
64
199
39
97
184
16
76
103
108
96
124
48
107
159
28
37
238
217
168
24
21
241
28
156
74
17
242
51
177
88
117
1
234
120
241
220
222
55
11
92
63
247
160
117
176
63
250
52
94
254
146
96
247
183
127
241
183
209
43
230
92
99
184
244
224
219
44
38
190
203
88
210
253
122
219
189
47
240
117
231
110
153
174
152
71
112
29
156
77
25
243
115
191
121
118
162
219
12
58
211
225
216
178
162
87
120
88
194
65
192
81
169
209
234
201
169
34
197
13
79
217
206
9
40
229
14
68
185
198
23
195
93
49
53
242
109
36
229
20
90
70
109
133
91
195
252
124
108
116
243
229
25
105
6
78
134
167
66
111
117
118
112
13
151
222
32
71
89
119
199
228
5
133
19
228
155
14
255
211
224
39
214
45
196
131
217
107
182
76
0
136
86
105
207
38
97
184
148
104
234
108
112
124
181
39
189
52
181
110
153
172
25
69
240
29
156
65
1
242
115
185
88
87
33
250
79
21
200
54
127
162
122
2
16
42
209
117
168
74
36
85
224
219
1
210
197
47
193
115
68
202
226
79
82
36
161
99
215
36
85
186
83
120
233
117
112
92
24
11
209
21
247
111
153
174
24
5
240
29
156
73
16
243
51
189
88
87
32
250
112
9
151
214
0
71
93
119
215
228
23
149
87
228
155
10
255
195
224
39
214
45
192
131
217
107
182
76
0
136
82
105
207
54
97
180
148
8
250
108
112
60
181
167
173
48
181
110
153
172
169
75
240
29
28
65
13
242
83
249
88
119
33
250
61
52
253
252
63
181
121
126
245
126
213
177
125
123
180
87
242
244
67
107
241
98
209
127
220
170
228
159
122
93
125
235
215
44
20
190
210
120
177
125
218
206
26
142
208
49
195
79
153
172
24
5
240
28
158
77
16
242
59
157
218
214
42
251
197
4
12
29
224
84
30
244
40
231
45
138
128
173
3
39
9
105
160
37
88
193
198
160
72
117
153
112
145
2
19
19
209
16
81
224
16
72
160
104
112
28
56
183
245
16
244
40
25
136
24
37
209
89
156
74
16
203
49
60
76
82
32
250
7
132
8
33
255
184
158
24
40
43
17
74
136
77
36
1
128
125
1
208
192
33
90
120
68
222
177
39
82
51
33
71
215
184
223
40
123
104
232
35
96
76
58
41
213
85
247
123
24
238
24
5
228
29
220
9
16
178
179
189
88
87
32
250
204
232
218
255
235
91
254
135
59
185
45
235
178
246
230
250
171
147
60
79
15
141
103
26
131
95
251
127
195
235
182
118
243
181
103
251
83
253
238
246
114
127
104
127
255
94
255
185
221
238
94
247
213
127
156
235
80
253
177
61
125
117
147
251
64
9
146
222
0
78
100
103
5
224
5
129
18
228
159
138
171
17
160
111
134
173
198
35
91
223
146
4
3
128
18
72
215
39
97
184
16
76
226
108
112
124
184
103
191
20
117
238
217
168
56
149
241
29
156
72
17
250
51
189
88
85
1
250
71
174
154
19
232
144
154
132
58
179
7
78
146
118
171
25
136
131
32
130
205
53
67
65
67
82
144
111
0
41
147
35
151
144
85
162
114
89
235
114
96
28
40
37
245
20
245
47
153
236
24
7
244
29
152
107
18
243
50
181
88
81
96
234
206
136
218
247
235
75
126
134
62
185
47
251
182
246
230
250
43
155
60
239
207
143
239
59
35
95
251
127
195
235
182
102
215
181
101
123
83
253
255
246
112
253
233
127
253
31
255
185
221
238
90
181
213
127
156
235
80
253
177
61
93
117
145
254
6
32
153
170
0
200
60
5
1
162
15
132
16
6
175
50
11
2
128
1
128
48
66
66
77
213
144
1
2
170
23
64
135
144
81
130
33
200
234
2
32
57
37
97
183
20
53
107
83
168
40
39
182
1
124
56
16
3
26
233
9
83
97
226
94
149
200
246
127
163
218
3
20
122
213
117
190
74
32
85
224
219
49
210
197
47
193
115
70
202
226
79
82
53
181
99
215
36
85
186
83
120
233
116
112
92
56
15
213
21
247
111
153
172
24
5
240
29
156
73
16
243
51
189
88
87
32
250
198
209
8
187
223
0
95
137
38
67
169
234
163
202
100
93
224
119
52
85
10
182
176
104
102
215
251
107
147
43
38
57
146
164
158
219
66
125
35
215
34
202
44
121
147
28
252
21
64
191
16
5
72
178
228
107
144
176
48
31
28
85
48
185
2
137
138
58
73
194
198
7
18
128
12
204
178
84
39
56
77
11
32
151
198
39
67
67
195
87
208
110
2
166
130
98
159
154
65
36
59
8
234
96
96
61
52
97
213
85
183
111
249
202
9
69
244
69
88
203
23
211
150
177
16
115
208
74
196
141
154
21
200
130
218
129
10
171
1
206
146
194
166
27
224
11
32
199
207
173
66
75
67
86
179
111
64
46
163
98
215
52
85
171
18
104
235
116
112
92
56
43
245
20
245
127
153
172
24
5
240
29
156
73
16
243
51
189
88
115
33
234
147
217
154
94
34
90
216
34
27
132
61
204
30
114
76
186
45
211
60
175
6
45
229
67
233
215
135
124
39
43
150
121
150
52
49
218
74
89
250
241
243
189
169
103
189
30
245
110
209
169
35
199
184
1
176
78
17
83
58
127
81
61
7
251
193
220
144
15
37
72
31
156
59
249
44
203
162
137
70
159
239
214
188
41
200
129
238
40
105
223
185
34
27
75
3
111
213
161
125
113
118
237
232
117
113
220
42
63
191
16
124
121
129
128
126
5
196
191
190
206
144
176
54
125
84
85
0
254
198
205
138
185
199
130
222
135
3
227
57
138
146
192
39
26
5
27
56
215
14
149
198
11
70
199
155
111
147
49
22
19
163
147
152
73
42
77
102
34
34
42
228
105
151
28
213
187
87
200
18
133
5
97
116
162
217
143
56
59
21
112
218
163
221
152
222
119
253
232
244
182
56
181
206
255
174
255
134
155
235
171
185
251
239
141
235
121
99
127
216
247
255
5
227
103
159
227
113
113
119
221
253
126
121
188
234
119
221
25
255
179
221
196
9
245
245
255
152
237
123
253
183
191
216
119
149
222
195
193
138
185
70
130
94
134
3
163
57
138
154
192
38
26
5
25
48
215
10
245
194
11
78
199
155
110
1
37
20
3
147
183
144
73
10
109
102
98
34
170
172
105
151
28
213
187
87
200
16
197
5
120
116
170
217
143
57
51
20
112
210
227
213
105
219
156
32
70
127
238
131
197
109
154
87
161
150
250
171
76
60
111
14
137
230
2
205
203
191
121
65
40
22
41
176
21
52
203
128
125
210
213
18
170
185
115
187
30
77
60
69
160
119
247
73
90
52
46
216
254
49
120
93
84
51
251
147
221
24
94
34
78
216
2
19
196
61
196
30
119
68
186
173
211
52
175
6
44
225
99
237
215
135
127
39
43
214
121
150
116
49
218
66
72
250
255
115
185
169
99
189
30
245
110
193
160
35
199
184
1
176
79
49
83
56
107
81
125
5
250
206
238
146
119
233
66
254
135
91
187
41
235
178
194
166
251
171
147
60
79
79
141
119
27
211
223
251
111
195
171
166
118
195
181
103
255
211
253
239
118
112
92
96
127
255
93
191
189
221
238
24
119
213
127
156
227
16
249
177
61
124
117
145
250
197
68
14
13
224
85
30
180
56
255
45
138
128
189
3
175
141
121
176
37
88
131
230
160
73
117
157
112
145
2
19
19
241
16
81
224
82
73
160
104
114
28
56
55
245
48
244
60
25
136
24
37
209
95
156
74
16
242
49
60
92
86
32
250
255
253
250
255
51
213
255
165
159
247
85
250
183
186
255
222
63
179
120
239
191
255
247
124
185
247
247
127
119
251
215
191
135
221
167
87
215
217
250
127
120
255
229
117
183
252
63
55
255
203
191
255
254
231
248
246
113
255
249
111
255
249
187
255
66
137
138
59
73
218
210
7
27
160
44
206
178
244
47
184
77
11
48
151
198
37
67
195
211
87
209
238
1
166
130
98
159
26
65
32
59
8
234
96
96
61
56
97
213
85
183
111
153
202
9
71
244
77
88
203
23
211
151
181
16
115
208
74
114
55
179
54
20
134
4
79
195
225
145
50
227
130
130
26
250
7
34
85
155
13
83
199
214
138
254
143
2
60
192
72
7
175
36
191
168
44
7
68
72
64
177
233
139
89
1
239
112
166
41
218
98
56
124
98
68
58
215
209
42
85
216
74
5
135
144
8
1
152
164
78
35
192
4
192
128
59
164
11
9
43
160
15
134
101
82
99
65
215
1
101
52
40
0
1
151
82
209
128
32
200
106
32
36
48
40
225
53
16
117
239
80
184
40
52
176
65
248
46
57
10
22
165
0
241
197
74
216
121
155
95
98
95
94
167
219
171
61
154
83
198
127
250
255
211
120
79
14
189
102
143
203
199
247
238
67
235
182
42
227
61
101
255
218
127
226
245
114
222
181
127
191
62
165
62
223
170
58
215
248
95
53
203
209
251
57
123
125
116
83
251
197
239
143
92
32
90
252
194
57
191
46
203
66
241
238
171
129
232
165
171
69
228
116
146
193
79
135
242
233
6
34
83
242
16
82
160
89
24
240
224
114
62
56
55
244
82
215
111
153
173
12
71
208
93
153
73
23
243
19
181
88
114
97
248
61
182
117
224
252
189
163
121
252
93
210
115
237
123
216
85
242
229
71
96
245
98
153
252
253
186
101
159
126
159
121
255
95
108
94
158
222
186
185
126
221
84
26
143
192
227
240
79
168
189
152
8
240
29
143
73
44
242
19
173
218
95
44
252
132
238
30
89
168
217
188
193
57
187
43
202
210
102
239
171
129
139
164
139
221
180
23
218
209
71
167
226
133
7
163
82
235
16
79
32
89
186
232
224
242
30
40
63
246
118
151
123
153
237
24
103
244
29
217
73
22
211
19
180
92
114
97
168
56
176
125
174
62
253
185
120
214
252
223
53
125
62
249
244
246
214
67
98
245
50
193
246
237
168
228
155
126
219
253
255
247
44
85
190
94
122
233
117
249
93
87
46
212
183
241
111
155
172
153
5
242
29
156
73
16
242
59
184
88
15
38
254
132
254
214
69
253
184
166
209
56
25
138
111
162
87
202
9
235
201
173
139
197
13
27
249
99
94
89
103
188
15
163
86
223
227
223
17
116
187
237
37
101
28
42
183
221
193
255
241
184
221
24
49
245
231
154
235
22
221
150
167
82
123
181
94
221
152
222
255
255
251
244
182
56
185
252
255
190
255
174
235
239
219
185
251
239
141
239
121
99
111
250
254
253
71
247
231
223
163
117
115
87
221
253
118
123
253
234
127
221
29
255
179
221
204
95
245
245
255
152
237
83
253
183
191
220
119
151
222
179
245
113
119
180
164
93
73
195
71
241
250
237
67
132
85
178
196
6
103
11
40
131
116
236
138
231
57
82
60
108
57
114
44
60
158
202
57
19
213
3
202
153
202
242
16
200
30
9
183
16
99
104
146
183
105
144
179
113
158
124
86
163
177
242
45
154
22
3
66
92
47
215
200
21
245
50
198
134
94
63
19
176
151
87
143
247
7
210
195
242
13
3
248
198
104
143
61
33
180
190
12
202
125
112
105
181
227
191
116
181
110
117
170
235
223
176
8
120
195
119
51
118
121
59
117
153
74
59
176
125
174
62
229
153
120
214
212
223
245
125
63
153
116
247
214
67
98
245
98
193
118
237
172
228
91
122
91
245
251
247
108
85
190
86
122
233
125
121
93
29
46
212
52
245
111
155
172
25
5
240
29
156
73
56
242
59
185
88
87
34
254
223
221
75
254
55
95
221
139
191
222
57
217
31
170
125
254
165
214
60
111
6
14
164
59
111
223
175
125
87
43
52
121
240
53
124
219
83
124
224
245
179
222
57
127
186
158
208
126
205
173
86
5
104
23
181
201
144
242
57
188
93
76
50
179
243
237
139
59
2
66
220
167
91
163
253
186
242
134
135
218
235
131
56
223
15
141
231
143
221
87
251
175
67
47
162
58
207
39
37
251
94
125
239
118
112
94
177
105
159
29
63
181
223
234
43
215
241
31
112
230
208
249
57
121
29
113
208
238
197
111
151
80
32
90
44
198
57
186
42
131
66
245
235
171
129
104
165
35
69
228
116
146
193
71
149
242
137
6
34
82
243
16
65
160
57
24
232
224
118
60
56
183
244
82
247
111
153
172
40
71
208
93
24
72
23
243
19
181
88
114
97
234
213
255
147
125
249
234
239
220
24
57
234
125
226
197
207
185
227
205
189
66
238
169
46
26
198
207
227
239
213
39
99
127
127
179
125
123
53
183
253
247
75
110
154
242
236
27
255
147
200
215
126
243
197
246
149
97
213
152
133
174
156
102
147
52
220
57
191
156
34
79
120
119
3
198
85
148
86
160
150
202
189
72
114
109
18
149
228
131
141
105
188
220
65
164
182
41
80
21
52
235
138
108
128
85
16
139
189
47
187
28
229
108
151
160
99
151
96
92
20
14
216
191
57
248
125
20
66
227
135
14
130
35
201
136
130
0
40
81
2
103
130
123
130
21
104
171
33
148
197
7
91
113
66
90
24
39
182
8
131
7
151
35
81
146
113
24
237
4
197
20
24
135
201
65
255
197
152
164
24
0
240
5
152
73
18
80
54
181
72
87
32
90
66
9
130
154
1
66
68
7
5
160
0
128
18
224
55
10
239
17
33
71
142
143
195
3
91
219
178
44
3
128
48
64
215
39
97
187
18
108
103
108
112
120
52
107
159
28
37
238
217
168
24
21
241
29
156
74
17
242
51
189
88
117
1
234
58
245
252
222
55
47
93
63
215
224
253
177
63
250
36
94
255
150
96
219
183
42
241
183
209
43
227
93
115
184
196
232
207
44
38
190
203
88
242
125
122
223
177
239
212
117
181
110
153
166
153
79
240
29
158
65
48
243
115
191
122
118
166
219
33
174
117
3
200
156
167
112
232
85
6
79
205
63
216
5
203
225
239
32
244
102
27
244
249
116
29
182
44
155
67
71
159
200
203
4
217
153
253
10
125
21
42
167
69
224
252
33
176
221
137
40
181
133
10
151
46
78
210
165
226
219
108
94
60
55
117
180
54
101
41
127
212
252
218
53
125
76
145
102
242
220
67
99
245
40
192
247
205
170
164
137
82
86
113
235
207
36
85
190
87
120
233
116
120
92
50
47
196
53
231
111
153
172
24
5
240
29
156
73
16
242
51
189
88
86
32
250
11
198
76
173
239
184
154
8
60
123
18
79
152
121
108
5
128
253
5
242
204
99
154
120
69
222
185
54
94
51
49
71
215
168
95
56
123
120
232
114
112
92
120
47
213
20
245
123
153
172
24
5
244
29
156
73
16
242
51
189
88
87
32
250
93
253
155
125
216
224
254
252
25
187
232
189
192
198
207
251
235
206
185
78
239
169
110
155
231
79
226
229
209
71
226
63
255
147
61
115
53
247
255
119
59
110
250
118
127
155
79
178
205
92
126
245
237
254
20
227
215
140
175
239
156
102
147
181
5
131
152
200
0
152
134
64
43
195
3
200
128
53
172
17
13
75
160
43
135
117
66
67
193
87
17
108
36
46
129
1
151
82
217
0
32
200
234
32
36
60
40
97
181
20
117
47
144
216
40
103
180
65
120
46
19
91
18
165
80
113
97
234
61
182
125
252
63
181
121
127
245
126
213
177
109
123
180
87
242
244
67
107
241
98
209
127
220
170
228
159
122
93
125
235
215
44
22
190
210
120
177
125
218
222
26
143
208
49
195
79
153
172
24
5
240
29
159
73
16
242
51
157
90
214
42
251
70
160
154
19
200
144
130
4
10
163
1
78
144
70
163
16
8
3
32
130
205
37
67
193
194
66
144
111
0
44
131
66
151
144
69
162
24
72
235
98
96
28
40
33
245
84
181
111
153
236
8
7
244
25
88
75
18
115
18
181
88
83
96
234
239
142
238
213
238
213
216
177
63
253
22
207
158
255
59
77
237
243
120
163
221
93
219
121
123
126
183
126
252
223
151
55
215
103
87
250
82
125
251
126
112
93
104
63
221
20
253
183
157
236
24
5
240
29
156
73
18
246
51
189
90
93
32
250
129
206
6
199
233
21
135
144
44
93
42
75
138
125
99
5
231
245
45
98
68
46
158
120
66
255
17
34
148
0
51
87
247
102
88
16
81
112
233
164
117
126
56
63
212
6
221
81
152
141
24
5
212
15
157
73
17
240
48
29
84
87
32
248
158
218
206
223
62
245
216
183
63
255
57
201
159
210
127
253
125
218
120
171
151
95
255
251
171
95
55
126
93
247
246
246
231
251
255
69
223
253
250
119
123
127
231
127
159
244
27
187
252
217
222
211
246
231
184
255
215
215
242
215
247
121
137
183
198
209
10
189
223
0
94
137
38
99
41
234
130
202
38
93
224
215
52
87
10
134
160
40
70
215
187
107
147
42
50
49
82
164
156
219
66
117
35
215
34
202
60
89
211
28
220
21
65
173
16
5
72
186
132
107
144
176
49
31
92
84
48
177
5
207
156
201
160
156
134
0
43
215
5
202
140
53
124
25
141
235
32
175
134
117
82
97
105
87
21
126
44
38
145
1
151
80
219
0
65
72
250
32
100
60
56
101
181
20
119
39
145
216
40
37
244
69
186
254
27
211
18
165
80
251
105
234
11
134
68
161
239
188
134
1
60
123
26
79
140
61
105
5
205
249
9
240
224
81
26
120
64
92
25
118
252
87
59
199
21
232
219
32
123
210
172
34
101
21
74
61
85
197
246
81
152
221
24
4
247
197
138
169
18
198
183
180
194
91
36
124
197
68
14
13
224
85
30
244
56
255
45
142
144
173
107
163
141
89
48
36
88
193
198
160
73
117
153
112
209
2
19
19
248
16
81
104
82
97
168
96
112
28
56
63
245
20
244
60
153
136
24
37
209
93
156
72
16
194
49
60
92
86
32
250
124
57
255
254
55
39
121
127
215
244
213
177
127
250
180
94
250
213
99
99
231
45
193
119
206
138
226
159
82
204
116
233
215
38
52
190
82
120
209
116
216
95
189
14
217
21
193
111
153
172
24
5
240
28
156
73
16
242
51
191
88
87
34
251
213
41
151
148
32
7
61
118
3
198
65
144
83
128
150
10
169
77
56
109
2
141
96
131
205
203
190
220
65
40
60
41
80
53
52
235
128
108
128
213
16
138
61
47
171
28
229
108
85
160
114
215
97
90
54
14
208
251
17
216
125
20
1
250
2
137
138
58
75
202
194
15
26
0
12
205
178
70
46
56
109
19
32
151
198
47
67
67
99
87
81
110
2
34
130
98
159
166
65
16
51
72
238
96
97
29
36
97
213
85
183
111
209
202
24
5
244
5
120
203
19
243
182
177
16
113
144
74
195
141
130
31
77
74
214
142
26
225
44
239
162
222
6
185
41
19
56
151
199
173
227
67
67
199
217
39
147
43
130
103
159
163
81
177
115
72
238
116
98
60
40
105
221
24
245
239
217
238
24
5
245
79
216
195
19
243
183
53
24
117
144
74
192
201
154
23
200
194
222
193
26
171
1
202
130
194
166
27
239
131
164
3
207
165
67
75
193
87
243
110
64
46
163
114
215
20
85
163
18
108
234
112
112
92
56
41
247
84
181
127
153
172
24
7
240
29
28
73
19
243
51
189
28
115
97
234
112
9
151
222
32
71
92
39
215
228
21
149
23
230
31
10
127
211
96
39
214
45
196
131
217
99
182
76
1
136
214
106
199
54
97
182
150
72
250
124
112
125
181
39
189
52
181
111
153
172
25
71
240
29
156
75
1
242
115
249
88
117
33
250
194
193
138
153
71
130
92
134
3
163
49
138
146
192
38
27
13
27
48
215
10
157
103
11
70
67
179
110
1
37
180
34
215
182
152
73
74
109
102
226
50
234
164
105
155
28
215
187
87
202
18
197
69
120
116
250
145
147
49
19
21
112
210
163
5
135
144
8
0
154
134
64
35
192
1
200
128
23
132
25
79
35
160
7
134
101
66
67
197
215
81
109
36
40
128
1
151
210
209
138
0
200
122
2
37
56
40
97
53
24
117
47
80
154
40
118
176
65
120
174
57
11
18
167
16
113
245
74
6
32
25
170
1
72
44
79
1
162
9
164
16
6
175
50
11
10
128
65
129
48
72
74
69
213
144
73
2
42
3
66
7
144
213
130
33
200
105
2
32
0
36
97
54
21
53
107
83
234
40
54
166
1
124
32
0
2
155
225
9
83
97
66
219
248
222
119
251
235
250
196
121
189
238
239
254
255
230
249
239
187
191
255
237
205
111
253
231
127
251
255
239
103
247
247
223
239
101
117
127
255
253
255
91
93
234
127
253
123
255
177
253
206
78
247
245
255
152
239
127
253
181
191
252
127
147
222
133
186
87
67
248
187
166
248
104
17
130
111
230
87
200
1
235
231
237
42
197
101
11
252
227
126
89
166
188
74
3
87
159
195
217
16
117
154
253
39
101
21
106
55
229
225
254
225
172
221
137
49
247
231
138
203
102
92
150
167
192
95
37
94
225
60
146
55
221
98
254
223
80
169
201
107
226
198
130
27
111
43
187
215
235
143
127
28
198
95
250
175
210
37
227
102
207
173
5
119
177
173
237
119
104
72
34
227
237
121
191
185
248
238
24
115
245
254
88
227
86
185
213
183
188
119
149
78
197
111
151
120
32
90
164
194
105
186
106
130
66
183
203
170
129
137
165
107
69
228
68
147
201
79
133
226
0
6
162
82
242
16
65
160
25
24
233
224
110
60
56
167
244
82
215
111
153
172
40
83
240
29
25
72
6
243
19
180
88
114
97
106
241
53
245
16
20
162
105
122
193
175
209
242
239
137
132
3
226
69
39
85
178
111
192
207
204
186
246
143
18
12
96
72
95
14
188
191
12
44
51
213
92
226
187
139
139
121
17
207
50
178
57
210
96
56
124
4
72
50
19
219
168
213
229
111
234
204
154
127
107
74
254
207
91
225
173
251
178
198
166
254
171
147
60
95
15
141
239
30
87
207
251
47
211
43
39
102
143
167
116
123
115
253
239
246
114
126
224
123
191
29
61
185
221
238
122
181
213
127
180
226
208
248
245
125
29
117
145
222
15
134
8
41
223
176
142
24
56
59
0
74
136
77
36
1
128
125
1
210
228
39
90
120
68
222
147
39
80
3
33
71
215
184
223
32
123
120
233
35
104
124
122
45
213
81
247
123
24
252
24
5
245
157
220
8
18
130
183
183
200
83
32
122
108
153
186
216
19
87
117
79
135
194
141
168
49
140
191
223
223
53
115
95
22
183
86
7
21
245
242
109
83
216
86
160
207
14
167
239
128
108
111
120
56
235
116
97
55
253
53
238
255
170
186
28
179
121
244
82
145
168
237
255
59
217
217
82
218
232
218
127
235
75
254
206
89
161
237
251
182
242
230
250
171
147
61
95
15
141
239
30
167
207
251
191
195
231
183
102
151
167
100
123
115
253
252
246
122
127
237
123
255
31
255
185
221
238
126
247
213
127
180
239
209
253
177
125
253
117
147
255
94
201
139
254
34
95
217
135
23
254
113
152
27
170
125
254
237
222
60
111
134
28
228
59
109
159
167
77
83
99
60
123
240
52
124
187
83
126
224
244
242
94
189
110
154
22
209
110
205
169
86
133
232
29
181
73
145
242
59
253
93
84
2
179
56
174
117
195
168
221
163
101
237
84
70
85
221
127
217
164
255
235
195
34
244
99
91
245
249
124
20
182
44
210
219
207
135
202
75
20
253
154
249
10
237
21
192
166
69
224
247
99
186
92
137
105
246
5
154
93
46
70
82
165
194
207
109
94
131
142
214
39
201
202
162
137
42
81
134
111
174
127
66
181
237
171
45
247
197
45
59
112
67
95
89
110
254
2
131
39
159
101
81
146
81
16
237
100
101
28
56
183
205
89
255
101
153
172
24
9
240
7
152
201
16
212
55
181
80
87
36
90
129
214
84
199
253
177
166
208
44
117
40
75
140
93
224
37
227
245
173
98
196
42
190
120
66
127
9
62
188
2
49
87
247
101
92
26
80
240
249
167
119
94
10
55
197
134
220
3
136
189
92
37
244
174
159
73
16
246
50
143
80
87
36
248
66
137
138
27
75
202
214
134
27
129
45
206
178
212
47
184
205
3
48
151
198
47
67
199
195
87
209
110
1
38
130
98
159
58
65
36
59
8
238
96
96
61
44
97
149
125
183
111
249
202
8
71
245
77
88
203
23
211
150
181
48
113
208
74
64
9
146
158
1
66
76
71
7
168
0
129
18
192
135
10
239
19
160
7
142
175
199
3
91
83
178
38
1
136
130
66
199
39
101
177
16
108
103
108
112
108
52
107
191
20
37
239
217
168
56
21
240
24
188
194
19
250
51
177
24
117
1
234
131
14
144
39
201
202
162
136
40
1
130
103
162
115
2
17
108
171
37
213
197
37
27
112
66
218
89
111
166
2
131
6
159
37
65
154
81
24
237
68
101
20
56
135
193
73
255
101
152
164
8
1
240
7
152
201
16
210
151
181
0
87
36
90
80
41
151
214
32
71
93
55
199
228
21
149
23
247
147
10
127
195
224
39
214
45
192
131
217
99
182
92
32
136
214
106
199
54
97
182
148
72
250
124
112
61
181
167
189
52
245
111
155
172
137
203
176
25
28
75
9
115
115
249
120
117
33
250
19
205
8
94
34
74
92
2
67
132
61
216
30
246
68
58
37
211
52
235
135
44
225
67
237
215
167
63
67
43
150
105
146
180
49
218
74
73
250
211
50
249
173
105
191
28
245
47
195
161
3
199
44
1
178
206
17
115
56
121
89
49
16
234
18
201
138
222
34
90
88
2
83
132
61
220
26
182
124
250
45
211
52
175
135
60
225
67
169
215
135
29
67
171
150
105
146
52
49
218
74
73
250
115
50
249
173
105
183
30
245
110
211
168
3
199
188
1
176
206
17
243
56
121
121
57
82
235
15
6
68
161
239
184
134
16
56
123
154
71
136
53
105
33
128
105
9
176
233
81
26
120
68
92
24
182
188
87
43
71
21
240
219
32
127
210
173
34
101
21
74
13
69
133
254
81
24
220
8
4
215
197
218
41
30
71
151
180
194
219
100
92
251
252
238
255
254
119
221
135
255
231
125
218
255
234
54
223
157
247
62
247
47
215
247
63
191
215
255
59
251
255
246
235
151
236
151
95
234
117
250
123
126
219
237
121
223
92
247
61
223
254
158
207
254
181
244
255
248
183
249
59
255
249
92
239
90
73
11
255
46
71
217
163
159
254
94
21
29
236
121
254
245
214
25
106
198
56
140
59
47
204
166
77
83
227
61
127
114
167
61
251
119
119
201
244
147
205
221
110
78
134
192
127
205
45
86
133
248
29
141
73
209
242
43
252
93
14
34
180
198
213
26
255
255
16
92
139
38
99
41
234
130
202
166
93
225
215
52
87
10
172
160
42
70
215
243
107
147
41
54
49
114
166
156
219
66
117
35
215
34
202
40
89
218
28
220
157
65
173
18
5
72
178
132
107
144
176
49
31
92
84
50
177
222
201
11
208
34
95
220
35
31
207
127
212
31
164
120
250
229
219
60
111
6
116
164
51
125
198
167
78
65
227
60
121
242
52
28
235
94
127
202
240
210
221
189
44
150
30
228
110
159
169
18
133
248
93
157
73
209
242
59
248
89
30
2
184
202
232
154
119
233
106
254
206
121
169
237
235
182
230
166
251
239
155
189
87
47
143
111
30
231
223
251
191
195
39
167
230
223
167
101
127
51
253
252
246
122
92
108
123
255
93
191
185
221
206
122
247
213
127
60
235
209
253
181
61
188
119
145
206
131
142
214
39
233
202
162
136
42
17
134
111
174
123
66
145
109
171
45
215
197
45
59
112
67
95
89
111
182
2
131
7
159
101
81
154
81
24
237
100
101
20
56
183
205
65
255
101
153
172
24
1
240
7
152
73
16
210
55
181
80
87
32
90
132
239
27
89
32
216
172
193
74
155
42
202
210
86
201
168
195
138
166
11
199
36
71
210
209
71
39
234
4
142
163
82
239
18
77
174
24
186
235
224
242
28
48
37
246
118
151
111
155
236
40
119
240
29
89
73
22
211
18
165
88
115
97
106
251
237
187
121
3
83
94
239
91
163
253
186
114
132
143
250
203
145
59
223
15
181
239
14
253
215
251
175
67
47
166
106
143
134
165
235
94
125
239
122
50
255
245
121
151
29
55
183
223
234
59
215
217
125
116
226
209
248
233
121
29
241
249
206
129
212
20
15
61
72
158
148
59
253
44
203
6
15
70
191
111
214
180
41
192
160
238
40
105
223
185
98
223
75
3
111
213
161
125
112
119
217
232
117
115
220
42
63
183
16
124
121
129
240
126
5
204
174
188
206
146
176
166
125
212
87
36
190
64
9
146
222
1
74
124
71
23
232
0
129
18
164
159
138
239
19
176
47
142
173
198
35
89
211
178
38
1
136
18
106
215
7
97
177
16
236
226
108
112
124
180
99
191
20
117
239
217
168
56
149
240
29
188
202
17
250
51
249
89
117
1
234
197
239
223
120
32
26
180
194
57
186
46
203
66
179
239
171
129
233
165
235
69
228
116
147
193
79
133
242
105
6
162
82
242
16
64
160
89
26
225
240
250
30
56
55
244
82
215
111
153
173
40
71
240
93
25
73
22
243
19
180
88
114
99
249
197
70
12
9
232
212
62
244
40
231
41
142
128
37
139
34
9
105
128
96
73
225
70
160
73
117
153
98
129
6
19
19
241
16
81
42
16
233
232
106
112
28
56
183
245
16
230
49
25
204
56
37
209
93
152
72
18
203
49
52
76
82
32
234
19
205
136
94
34
78
92
2
83
68
61
208
30
230
84
122
165
83
52
165
135
60
225
99
253
215
167
95
35
43
148
105
146
180
49
218
202
73
250
223
50
251
173
105
190
30
245
111
195
160
19
199
44
1
50
143
25
115
56
121
89
52
16
234
134
201
10
255
39
68
220
133
29
219
57
205
26
78
113
173
41
218
36
219
70
170
164
58
105
223
179
34
213
51
51
54
224
48
125
240
115
117
232
180
115
126
48
126
214
22
220
124
137
169
86
5
220
15
132
72
145
210
33
189
84
87
34
186
142
238
206
199
234
213
208
129
59
241
6
207
158
247
251
221
233
211
60
171
205
85
127
121
127
95
57
123
238
95
151
55
215
228
87
218
90
121
233
118
113
93
104
63
221
20
253
181
153
236
24
5
240
31
152
105
16
240
48
61
88
93
32
250
6
136
153
189
41
216
250
13
30
250
6
141
145
70
171
176
13
31
128
2
196
33
202
75
109
195
162
103
80
105
17
111
151
144
85
32
49
202
234
114
96
28
96
97
245
20
245
107
153
172
24
5
180
5
188
73
16
210
59
173
88
87
33
242
92
32
143
148
34
7
60
103
81
174
85
144
82
164
18
10
169
72
112
237
1
133
100
147
200
9
172
220
65
132
188
104
81
48
52
171
78
124
0
84
16
202
57
47
187
28
199
108
27
168
111
151
96
88
20
76
212
243
27
216
89
16
64
226
222
233
155
57
19
83
222
238
91
163
253
190
114
132
175
250
219
17
59
223
15
245
239
14
173
215
251
173
67
239
182
42
151
142
133
239
26
109
239
114
50
253
245
105
23
29
55
182
223
170
59
213
217
125
116
246
209
188
169
123
29
241
251
198
220
33
137
188
34
79
122
230
65
230
85
148
82
160
150
234
137
76
48
109
10
145
228
130
141
193
190
216
65
32
54
41
208
21
52
235
10
108
128
209
18
202
189
57
179
28
101
108
31
168
103
199
73
95
52
14
216
191
57
120
93
22
114
227
197
70
12
9
232
85
62
244
40
231
41
138
128
189
203
166
137
105
160
96
88
193
246
176
89
117
153
98
129
6
51
19
241
16
81
104
16
225
160
106
114
28
56
183
245
16
214
49
25
204
24
37
209
93
152
72
18
201
49
52
92
82
32
234
124
57
255
254
55
167
121
127
245
252
213
181
127
250
182
94
250
213
115
99
229
45
195
119
207
138
226
159
90
205
116
239
215
36
53
190
86
124
241
117
216
95
189
47
217
21
225
111
153
172
24
133
240
28
156
73
16
242
51
189
89
87
34
251
135
6
68
33
207
184
130
0
56
121
18
71
136
125
106
37
192
233
13
176
232
69
26
120
66
92
24
102
188
87
43
71
21
233
91
33
123
82
173
34
197
20
74
158
69
193
254
81
184
93
24
4
215
229
138
169
22
68
151
180
194
83
52
88
92
186
155
239
250
243
250
244
88
186
202
191
240
70
171
232
235
223
249
10
205
61
79
217
169
92
122
167
68
71
183
254
127
131
125
49
117
255
237
53
121
124
231
62
127
133
155
115
191
254
56
247
247
173
156
193
198
235
159
239
221
47
225
246
15
206
76
233
239
184
154
8
60
123
2
207
136
121
108
5
128
125
45
243
196
103
154
121
101
222
155
54
92
115
51
71
215
176
95
33
115
120
232
50
112
124
106
45
213
85
247
123
153
236
24
5
245
93
156
73
16
210
179
189
88
87
32
250
120
57
255
223
126
183
95
63
214
254
209
185
255
234
151
94
254
183
98
119
255
63
211
215
217
106
230
255
66
216
245
234
207
44
71
190
223
56
249
125
120
92
181
175
213
113
181
111
187
174
152
75
240
29
156
81
48
242
115
185
122
215
40
250
133
235
135
120
32
90
164
130
121
184
46
195
66
183
206
171
129
137
165
235
197
164
100
210
193
79
133
226
73
6
163
82
243
16
64
160
89
26
232
224
122
30
56
167
244
114
183
111
185
236
8
67
240
29
25
72
22
243
19
180
120
114
96
232
175
206
238
199
254
221
212
133
63
253
62
219
158
254
251
236
233
241
61
235
93
157
255
120
123
127
57
59
253
223
183
55
215
103
125
218
82
125
253
126
113
93
104
63
221
20
253
177
157
237
30
5
216
31
156
109
16
244
48
61
95
93
32
250
93
249
215
127
248
227
254
244
89
188
72
189
196
198
139
250
171
203
185
110
237
173
71
153
171
109
250
245
205
103
254
55
119
147
61
241
61
247
252
117
59
108
219
118
111
149
203
246
239
223
111
247
189
238
24
225
199
239
143
195
221
107
211
166
215
177
219
119
84
98
95
222
211
171
181
251
239
131
134
27
127
199
62
31
11
173
107
143
196
223
255
255
67
41
226
110
151
175
180
255
62
189
127
119
120
232
171
105
155
89
61
191
117
162
42
211
229
250
60
238
221
188
149
91
189
117
213
254
251
253
155
127
99
74
222
143
219
169
253
255
114
134
102
250
239
151
60
95
14
141
239
31
231
207
251
175
67
107
38
126
175
167
117
127
123
253
255
246
114
127
237
123
159
31
61
179
221
202
126
215
213
127
244
238
209
252
229
127
29
117
147
223
219
248
155
127
127
107
254
142
219
185
236
235
114
134
102
251
239
151
189
95
14
141
111
31
231
223
251
175
211
99
230
126
191
167
117
117
127
253
254
247
123
127
238
123
191
31
63
177
221
202
126
247
221
255
180
230
213
252
165
127
157
117
147
223
84
9
146
156
1
66
92
231
19
232
0
145
18
230
143
154
239
19
176
7
143
173
230
11
89
67
178
111
1
136
146
102
199
19
101
179
20
236
239
124
112
124
164
99
191
28
117
239
217
168
120
149
177
89
188
202
83
251
51
121
25
117
145
234
217
248
222
127
249
234
250
206
121
185
236
255
246
247
230
251
235
179
191
95
239
141
111
61
231
95
251
191
239
103
231
118
159
231
109
119
115
245
253
119
123
125
234
119
255
93
255
177
237
222
110
247
221
247
176
239
215
253
165
175
253
125
147
223
60
14
230
229
234
255
162
165
60
244
86
85
29
124
59
228
252
219
201
234
245
121
223
243
59
40
12
214
108
213
255
239
39
241
67
48
223
210
249
30
221
21
213
134
65
135
235
107
159
108
205
141
246
77
153
93
102
87
123
245
195
47
44
252
131
142
150
103
233
232
182
200
40
49
175
111
174
117
66
185
239
171
45
211
204
45
63
113
199
223
209
238
230
7
131
54
159
37
81
24
83
17
232
230
113
28
56
167
205
83
255
39
137
142
72
41
240
31
152
105
48
242
183
189
80
87
36
90
221
248
223
111
249
235
251
204
251
189
238
255
254
255
238
248
235
163
191
187
237
207
111
253
231
127
123
255
239
111
231
119
223
235
109
119
127
183
253
255
123
92
235
119
255
123
255
177
237
223
110
247
221
231
184
239
254
253
180
111
253
125
147
222
28
186
147
239
250
243
250
248
89
187
210
127
241
86
235
232
255
223
249
10
197
29
206
217
171
92
122
230
196
67
191
254
127
177
125
113
125
255
237
55
121
93
231
62
111
165
187
115
190
223
28
247
247
239
156
193
70
219
159
239
213
15
225
118
6
32
153
168
25
192
164
79
1
170
138
52
96
6
139
113
203
10
161
64
129
48
74
75
196
213
114
201
2
42
163
66
7
146
221
130
33
200
105
66
32
0
36
97
119
21
55
107
218
238
40
116
166
5
124
113
4
10
143
161
8
83
241
66
3
134
1
2
205
136
6
9
162
2
1
96
160
71
4
17
8
35
32
144
194
101
26
67
84
212
65
45
34
186
1
64
135
220
203
2
40
8
106
10
37
48
32
225
21
88
181
11
80
246
128
74
38
1
120
179
41
3
146
161
32
241
252
74
60
10
230
229
234
255
162
37
28
244
86
85
93
124
91
228
253
217
201
226
245
57
223
243
89
104
12
214
108
215
223
207
135
241
67
48
253
210
253
44
221
21
213
166
69
167
235
107
191
108
205
9
246
77
152
89
102
199
83
177
194
47
44
222
109
245
253
216
20
55
125
82
115
238
33
170
206
203
180
95
222
255
225
107
179
117
80
235
192
119
243
255
121
92
244
97
195
82
150
171
129
252
115
121
118
203
126
229
183
80
87
111
148
188
40
94
98
185
126
85
60
191
83
143
219
243
237
235
219
248
155
119
93
98
254
222
217
169
236
235
226
194
230
251
239
135
191
95
174
143
111
31
231
223
251
175
211
99
227
118
255
175
101
117
63
173
239
247
123
124
238
123
255
125
63
177
253
202
122
247
213
255
124
226
215
188
165
123
189
117
145
206
247
252
255
101
232
202
251
204
251
189
174
255
238
117
202
184
255
163
191
187
253
205
127
220
247
127
123
255
239
127
227
119
223
235
109
93
254
181
253
126
125
92
106
255
255
121
255
177
253
222
78
247
245
231
92
239
254
221
212
45
182
253
209
94
241
17
255
82
20
178
121
122
215
175
209
210
239
137
150
27
222
229
127
111
170
119
226
255
236
178
247
190
90
1
96
232
95
14
172
239
6
173
119
115
88
234
179
237
179
121
17
255
58
184
56
208
96
184
254
84
121
190
115
219
253
151
205
255
135
220
26
47
41
72
222
137
11
225
45
238
162
23
198
187
47
131
52
19
6
165
114
64
229
215
217
123
131
43
131
119
135
149
113
66
162
201
234
115
35
152
41
241
181
24
253
45
209
202
35
63
156
67
112
227
49
155
180
45
16
85
183
74
133
214
84
197
249
176
166
80
45
241
41
73
134
127
224
37
227
251
141
107
207
42
191
120
64
79
1
126
124
15
161
87
247
243
116
26
81
216
249
183
87
62
42
54
228
130
223
19
136
253
92
37
244
140
154
73
18
211
51
135
88
119
37
248
5
142
136
33
221
184
174
80
56
187
2
79
128
69
232
1
128
109
161
131
197
39
90
121
69
94
25
39
92
7
35
70
215
144
223
33
113
184
237
34
96
60
106
45
213
85
247
115
152
252
24
5
245
253
220
8
18
130
183
181
200
83
32
250
109
157
187
216
23
119
109
95
135
238
129
168
49
206
191
95
255
247
242
78
62
191
86
143
147
247
247
108
17
88
246
225
207
6
183
175
128
252
103
125
56
107
118
231
63
249
53
238
180
170
56
125
162
248
212
211
177
170
127
159
191
229
141
114
80
169
155
222
32
71
220
39
87
228
21
149
23
246
159
90
63
147
96
39
134
45
198
131
217
195
182
127
3
168
214
106
135
54
97
182
150
88
250
124
112
61
165
103
189
20
181
111
155
172
137
203
244
29
24
203
65
243
115
249
120
117
33
250
145
250
87
71
248
250
167
248
248
177
70
95
239
119
202
137
239
207
255
43
228
109
10
252
235
126
29
182
252
3
3
222
159
193
217
20
117
155
253
39
125
28
235
183
237
161
254
97
168
221
137
123
245
231
154
207
102
220
150
175
242
87
53
94
131
142
144
39
201
232
162
201
104
33
134
111
230
117
66
177
239
171
37
211
204
45
59
80
199
223
217
238
162
6
131
70
159
165
67
60
89
0
232
102
109
28
56
163
197
81
191
39
152
142
8
9
240
29
152
73
48
242
151
181
16
87
164
74
222
249
155
123
83
83
223
206
223
162
253
190
115
198
175
250
219
151
58
95
15
191
238
15
173
215
247
111
67
235
246
106
135
143
133
239
18
253
239
122
58
255
229
121
183
125
53
174
223
170
63
213
185
125
116
242
209
248
233
123
61
241
251
246
169
174
101
103
232
253
167
112
248
21
70
79
206
127
200
128
171
233
175
32
245
109
27
244
251
126
29
182
236
87
67
199
159
235
65
20
125
154
253
46
109
53
106
183
205
225
254
99
168
213
137
110
247
7
138
141
46
222
214
165
226
207
100
94
33
174
101
103
232
236
163
33
252
85
86
87
205
127
217
132
187
169
203
224
245
111
27
245
123
124
29
182
108
151
67
207
151
235
99
52
253
154
253
44
125
53
154
167
77
225
255
99
169
213
137
104
245
5
154
141
110
198
87
165
226
199
44
222
192
201
155
55
232
208
250
201
91
171
41
202
226
192
99
59
239
131
52
67
206
165
103
203
193
215
243
238
67
35
163
114
215
20
93
41
27
45
232
114
112
92
56
41
247
85
183
127
153
174
24
71
240
29
92
73
17
243
51
189
28
83
97
234
197
102
28
137
232
216
174
224
8
239
107
14
208
37
203
162
129
73
137
224
73
240
6
152
73
85
153
224
192
6
179
19
112
16
85
43
17
242
168
66
48
28
25
52
245
158
230
57
155
205
0
39
209
93
25
73
6
203
17
180
76
82
96
160
94
81
206
122
87
51
122
3
181
42
241
186
191
226
54
95
220
155
123
247
107
247
209
63
18
87
247
253
88
214
182
224
91
14
135
175
91
124
117
112
124
203
116
45
215
125
183
255
63
172
24
5
226
93
220
221
24
247
51
157
61
242
232
163
118
41
219
214
34
71
92
39
87
228
31
149
23
246
147
90
63
147
96
39
151
45
195
199
217
195
182
95
34
184
214
106
135
54
97
182
158
72
250
125
112
61
165
99
189
20
245
111
147
174
137
203
180
25
56
219
105
115
115
251
121
117
161
238
145
186
87
71
248
251
163
248
248
53
70
95
239
119
202
129
239
207
239
43
228
109
10
252
235
126
29
182
188
67
67
222
159
193
89
20
117
154
253
39
109
21
107
55
237
225
252
97
172
221
137
115
247
231
138
235
102
220
150
167
224
95
53
94
5
134
8
33
221
176
174
80
56
187
130
106
128
79
161
1
128
109
161
2
229
101
90
121
68
86
25
167
92
7
33
71
223
144
223
33
113
184
233
35
108
60
42
173
213
81
247
115
56
252
24
5
245
253
220
0
22
130
183
167
200
211
100
122
227
188
179
119
221
98
255
222
217
185
168
235
226
198
130
27
111
167
191
87
239
143
127
159
199
223
251
175
211
55
227
230
207
175
39
119
187
189
109
119
121
76
34
251
223
121
63
177
252
238
120
115
213
254
124
227
86
184
213
191
190
117
145
78
90
201
155
218
98
223
94
3
27
255
61
140
30
230
124
250
197
211
60
47
142
245
228
27
239
199
167
79
67
235
188
123
242
20
20
235
122
127
226
240
210
222
253
108
150
30
229
126
223
169
22
5
232
93
189
219
145
242
59
188
93
16
82
177
129
186
85
71
248
251
167
248
232
53
78
79
239
127
200
1
239
239
239
40
228
109
10
252
227
254
29
182
172
67
67
95
159
203
73
20
125
154
253
46
109
21
106
55
229
225
252
97
172
213
137
114
247
231
138
239
110
92
150
165
224
223
117
94
94
72
138
255
42
215
220
163
31
254
126
149
29
230
121
250
245
211
25
42
196
60
204
59
45
204
162
77
66
235
61
127
115
167
61
179
118
127
235
118
178
93
197
110
14
134
65
255
207
45
30
133
190
29
189
73
208
242
59
248
89
12
34
180
153
186
87
103
232
249
167
112
248
21
86
95
238
127
200
128
239
171
255
46
236
77
11
245
235
127
93
182
236
67
195
159
159
107
97
52
125
155
253
44
125
21
251
55
237
225
254
227
172
213
137
250
245
231
138
237
110
222
151
165
240
79
53
94
122
11
186
251
98
151
250
163
15
254
91
150
149
230
249
118
246
211
89
239
151
61
207
123
157
202
166
79
70
251
189
254
103
135
109
187
247
254
223
94
128
93
197
108
55
142
67
127
223
104
185
133
246
29
189
219
65
251
123
249
91
106
59
182
149
248
223
79
249
233
249
252
251
185
236
255
238
127
207
233
251
170
255
251
175
15
111
253
227
127
119
251
237
15
227
118
255
239
109
87
95
181
255
190
123
124
234
127
191
123
63
179
237
223
126
247
220
231
132
239
254
221
164
111
181
125
129
158
222
9
154
245
234
151
218
131
27
251
63
158
150
230
123
250
244
211
24
175
206
189
198
91
239
194
162
79
66
233
189
123
115
182
28
235
126
127
194
240
210
222
205
76
211
30
193
127
223
172
26
69
248
93
189
235
209
243
59
189
93
48
51
177
189
248
223
127
253
232
249
156
251
185
172
253
238
247
239
249
255
162
191
219
175
15
127
253
227
127
115
251
239
11
227
118
255
239
111
87
91
181
255
191
123
124
234
127
191
123
127
179
237
223
110
247
252
167
180
239
151
221
228
47
245
125
147
223
251
253
155
127
191
224
253
222
219
187
236
237
230
196
102
251
255
166
191
91
174
173
111
159
231
207
243
235
87
99
230
126
239
175
253
117
127
181
254
247
123
126
238
123
191
127
61
183
253
218
126
247
252
183
116
227
213
184
229
127
189
125
215
223
217
250
215
109
252
249
243
248
248
157
94
223
207
117
205
169
255
207
255
46
236
77
138
241
235
127
93
246
253
67
211
191
159
99
81
116
119
219
253
117
253
29
251
55
253
163
254
231
172
157
141
255
253
239
139
237
119
222
183
175
210
79
5
222
94
11
154
255
106
151
218
161
31
254
91
23
149
118
249
242
246
211
25
238
135
61
207
91
189
204
166
77
70
235
191
255
119
167
125
179
119
255
207
86
177
85
197
108
7
142
73
127
159
109
57
133
182
85
189
235
65
122
59
249
89
46
49
182
251
253
155
127
253
232
253
222
219
187
252
253
103
198
206
251
255
134
190
27
174
173
110
143
231
207
243
239
67
107
230
126
239
175
245
117
62
181
255
247
122
254
239
121
191
95
61
182
255
138
110
247
252
191
116
227
213
184
237
123
189
117
211
222
204
81
206
185
223
115
110
242
181
170
208
186
157
202
183
79
217
93
115
246
251
247
203
62
2
119
183
238
209
199
183
226
91
14
143
239
19
108
125
114
56
72
118
45
87
125
55
247
62
236
24
5
226
253
220
89
154
180
57
179
61
251
104
162
145
250
87
111
248
248
247
248
248
21
94
223
206
125
204
168
239
207
255
47
236
79
138
245
235
127
93
246
236
3
195
191
159
107
97
116
127
155
253
61
125
157
187
183
253
163
254
227
169
213
141
251
253
231
138
237
110
220
183
175
242
87
5
222
185
46
117
103
232
237
163
96
248
21
70
87
254
127
200
128
235
171
191
32
253
79
11
245
251
126
29
182
238
199
195
159
159
235
65
52
125
155
253
44
109
21
250
183
237
225
254
227
173
213
137
254
247
199
138
173
110
94
151
165
226
143
53
94
220
250
215
237
254
249
178
248
217
185
94
127
223
86
251
233
187
223
253
42
204
61
142
217
171
223
89
246
252
67
55
190
223
241
217
49
125
219
252
53
253
29
235
55
237
167
255
115
174
223
141
247
247
231
158
233
70
222
151
175
81
79
245
94
7
166
1
34
205
138
14
9
226
3
1
98
160
71
4
17
0
35
32
208
131
39
26
79
198
214
83
47
2
56
1
68
7
190
202
14
40
8
106
3
37
32
36
233
149
88
181
11
80
246
0
66
39
96
120
163
9
19
210
163
32
113
252
74
243
252
155
127
189
224
253
156
219
187
252
239
162
206
70
187
255
166
63
219
175
175
111
31
231
223
115
171
87
35
227
118
239
175
109
119
123
189
255
247
123
124
226
127
159
123
63
179
249
218
126
247
252
167
244
226
213
248
229
127
189
117
145
94
215
249
219
123
84
226
221
254
219
171
252
249
102
198
134
250
255
199
186
23
207
143
238
143
239
199
247
239
83
107
226
106
215
139
165
247
62
181
255
245
122
222
175
105
191
56
53
254
255
174
123
247
244
253
116
227
213
190
167
123
189
245
213
254
198
233
155
61
32
208
252
138
201
171
169
234
226
192
65
59
141
139
37
83
142
37
102
219
197
223
243
239
65
35
35
114
255
20
69
175
91
45
232
242
122
92
48
105
247
85
183
63
153
174
24
71
240
29
124
65
17
243
179
189
56
83
224
250
92
58
151
229
254
241
250
248
220
185
86
127
211
86
251
224
255
223
249
10
204
61
142
217
171
222
123
230
220
67
55
190
95
241
221
53
125
223
236
53
249
21
243
54
237
165
187
115
174
223
141
247
247
239
156
233
70
222
159
239
97
15
181
94
220
59
247
213
254
99
250
254
218
177
247
119
239
210
203
224
254
143
255
95
127
173
230
214
171
107
242
250
236
79
230
190
127
123
116
254
223
219
251
215
217
53
243
118
233
175
219
47
175
255
207
255
248
254
153
77
101
127
213
251
105
47
165
222
85
98
25
57
232
152
174
224
8
186
107
22
208
103
201
160
129
137
133
102
77
224
4
208
205
84
169
237
128
6
163
19
114
16
85
171
25
242
201
64
32
28
25
36
244
134
198
29
155
237
0
103
240
93
73
73
6
203
19
164
76
114
97
160
199
174
147
53
201
200
166
136
168
33
170
111
226
117
66
177
237
171
39
211
204
47
58
85
199
223
209
239
224
6
163
70
159
169
67
62
121
136
233
238
109
28
56
163
213
115
191
39
185
206
8
33
244
29
24
105
20
242
151
181
56
87
32
74
249
153
223
115
116
183
123
118
246
175
85
218
143
203
150
95
126
247
123
111
174
255
227
63
174
251
255
255
91
161
244
234
87
15
142
255
211
189
118
123
120
202
243
109
251
120
147
191
255
168
58
241
97
252
188
215
249
190
115
219
253
183
89
255
199
238
210
117
233
200
166
201
41
177
174
107
238
117
74
185
237
169
47
211
205
45
62
112
215
223
209
239
226
38
163
118
191
173
67
62
121
152
233
238
109
28
56
167
221
83
255
39
153
206
8
33
240
31
152
105
16
242
151
181
88
87
32
90
135
206
211
117
233
232
176
136
56
177
175
239
238
245
66
185
237
171
45
83
204
45
62
113
199
223
209
255
231
35
131
118
191
177
65
62
123
153
233
246
121
28
56
183
221
83
255
39
153
206
8
33
244
31
152
105
16
242
183
189
88
87
36
218
197
102
25
41
232
16
174
192
8
251
43
14
208
119
201
160
129
137
141
102
77
224
4
152
205
84
169
233
128
14
163
19
240
16
85
171
17
242
161
232
98
28
24
52
244
150
194
29
155
237
0
39
208
93
9
73
6
219
17
164
92
82
97
160
253
187
255
213
254
243
251
242
90
253
255
255
254
247
194
232
178
203
254
191
255
237
231
251
171
126
243
247
236
111
246
255
127
113
60
247
223
255
251
253
217
253
251
126
235
43
219
127
175
255
15
247
249
255
159
207
102
255
247
219
255
61
241
254
186
254
179
247
174
253
233
169
221
249
250
255
243
84
91
252
255
139
239
219
255
46
191
220
255
127
119
227
199
247
231
254
175
171
111
117
255
189
232
46
105
125
227
255
223
115
191
179
239
219
205
251
246
135
40
113
103
209
215
227
247
127
217
30
185
252
187
127
253
240
253
252
219
187
253
255
230
204
198
189
255
230
191
91
190
143
127
157
231
255
119
234
215
51
231
190
237
239
173
93
223
181
254
247
123
222
227
255
255
123
63
181
253
218
126
247
252
167
244
227
245
153
228
111
183
253
159
158
177
216
254
79
253
249
253
188
255
191
253
239
175
95
78
189
255
167
127
219
190
79
255
253
227
127
119
250
253
19
227
190
255
239
239
85
215
181
254
255
123
92
235
255
255
123
191
179
237
219
126
243
252
167
212
231
251
157
228
111
182
253
135
158
151
238
231
125
234
200
217
168
249
189
254
255
255
253
79
184
253
171
127
251
255
46
62
253
247
127
119
250
237
151
227
246
255
251
111
85
255
189
255
190
123
60
233
255
223
115
63
179
233
219
206
251
220
199
136
101
247
213
228
111
246
125
129
158
85
99
89
113
232
152
174
224
74
187
107
62
208
103
201
48
66
139
141
70
207
100
0
216
205
84
227
237
132
46
161
26
114
18
77
171
29
186
239
84
160
20
153
68
116
142
210
23
155
173
32
103
184
93
77
233
68
91
19
161
88
114
113
52
