posters/Movie Poster 32.jpg
512
783
122
-16.8147
-1
0
409
279
0.0107945
31
-83.3087
-1
0
112
297
0.00838378
31
-142.554
-1
0
145
143
0.00810872
31
-107.592
-1
0
129
298
0.00872145
31
52.7218
-1
0
111
415
0.00934821
31
-77.4712
-1
0
122
515
0.00883133
31
-37.8553
-1
0
141
515
0.00833296
31
-99.3721
-1
0
123
300
0.0187695
31
-141.938
-1
0
136
301
0.011038
31
43.8309
-1
0
111
413
0.00991473
31
31.7595
-1
0
105
412
0.0127241
31
-164.978
-1
0
154
304
0.011418
31
131.634
-1
0
151
256
0.0104476
31
72.3874
-1
0
117
256
0.0102667
31
59.1534
-1
0
112
256
0.00959441
31
71.131
-1
0
106
256
0.0113683
31
-79.8245
-1
0
158
255
0.0108534
31
167.661
-1
0
125
254
0.0116412
31
32.3807
-1
0
112
305
0.0126711
31
158.72
-1
0
135
305
0.00820701
31
7.62419
-1
0
111
378
0.01867
31
33.8785
-1
0
120
411
0.00902037
31
35.5377
-1
0
112
411
0.00815106
31
-92.6542
-1
0
150
250
0.0114503
31
38.3585
-1
0
104
431
0.0101843
31
-109.983
-1
0
124
251
0.00865462
31
-98.2971
-1
0
140
250
0.0146685
31
-74.9315
-1
0
117
250
0.0107802
31
-101.755
-1
0
146
249
0.0117444
31
-81.9606
-1
0
158
248
0.00902047
31
-45
-1
0
136
516
0.0101671
31
-59.413
-1
0
141
510
0.00907777
31
-85.9366
-1
0
104
343
0.0100099
31
55.8855
-1
0
104
383
0.00956973
31
-74.3141
-1
0
123
345
0.00919454
31
48.9725
-1
0
115
400
0.00938226
31
121.003
-1
0
155
346
0.0113736
31
54.3721
-1
0
124
367
0.0124588
31
29.7449
-1
0
132
350
0.0125789
31
73.0092
-1
0
99
322
0.00840936
31
13.2405
-1
0
129
360
0.00922742
31
64.5367
-1
0
102
256
0.0113697
31
-56.3099
-1
0
101
362
0.0199683
31
23.7723
-1
0
113
397
0.0118658
31
-43.0694
-1
0
110
362
0.0110938
31
-13.6005
-1
0
116
362
0.0106197
31
127.291
-1
0
152
345
0.0137577
31
51.5719
-1
0
101
416
0.0105743
31
37.7468
-1
0
135
366
0.00881435
31
127.147
-1
0
134
256
0.0106884
31
-2.38594
-1
0
114
395
0.00961452
31
-86.6953
-1
0
115
508
0.0108814
31
-45.4842
-1
0
151
509
0.0101513
31
-74.1523
-1
0
115
345
0.0129734
31
-5.52754
-1
0
144
394
0.00810647
31
-1.86768
-1
0
107
394
0.0112025
31
-74.4664
-1
0
131
510
0.0108414
31
7.52382
-1
0
117
378
0.0111838
31
16.1787
-1
0
117
383
0.00819655
31
40.9407
-1
0
103
400
0.0109173
31
-151.21
-1
0
154
300
0.00758497
31
-137.951
-1
0
138
346
0.00770668
31
-75.7932
-1
0
128
511
0.00770659
31
-40.7321
-1
0
98
394
0.00758234
31
-56.7551
-1
0
132
518
0.00719013
31
-28.1862
-1
0
148
515
0.00750861
31
-36.4444
-1
0
138
392
0.00708458
31
153.435
-1
1
132
349.2
0.00684862
37.2
-57.0948
-1
1
129.6
349.2
0.00612215
37.2
-176.46
-1
1
140.4
344.4
0.00477574
37.2
-72.8432
-1
1
238.8
121.2
0.00520859
37.2
121.921
-1
1
154.8
345.6
0.00472163
37.2
-176.186
-1
1
138
345.6
0.00520843
37.2
-120.018
-1
1
132
345.6
0.00440039
37.2
82.0304
-1
1
240
138
0.00479235
37.2
-111.732
-1
1
140.4
249.6
0.00550302
37.2
176.406
-1
1
312
130.8
0.00493342
37.2
-146.392
-1
1
145.2
142.8
0.00649329
37.2
-71.0707
-1
1
128.4
511.2
0.00462679
37.2
-108.846
-1
1
145.2
248.4
0.0050296
37.2
-96.009
-1
1
157.2
249.6
0.00710102
37.2
-110.993
-1
1
124.8
250.8
0.0057287
37.2
-135.881
-1
1
124.8
253.2
0.00763971
37.2
-164.45
-1
1
141.6
147.6
0.00485132
37.2
-125.331
-1
1
157.2
255.6
0.00459474
37.2
-153.263
-1
1
135.6
301.2
0.0050893
37.2
7.16531
-1
1
144
393.6
0.00490981
37.2
-164.745
-1
1
165.6
133.2
0.00412601
37.2
175.764
-1
1
166.8
142.8
0.00419503
37.2
-61.8846
-1
1
140.4
508.8
0.00406089
37.2
-176.634
-1
1
134.4
255.6
0.00429285
37.2
-117.198
-1
1
128.4
297.6
0.00412355
37.2
43.9708
-1
1
126
399.6
0.00410917
37.2
-176.129
-1
1
135.6
303.6
0.00399552
37.2
106.429
-1
1
180
146.4
0.00372637
37.2
84.3125
-1
1
348
364.8
0.00371186
37.2
100.886
-1
1
174
178.8
0.00367208
37.2
-140.621
-1
1
141.6
297.6
0.0036153
37.2
58.2764
-1
1
204
138
0.00358901
37.2
-138.296
-1
1
153.6
145.2
0.00352947
37.2
-47.916
-1
1
151.2
508.8
0.00354177
37.2
43.9325
-1
1
129.6
360
0.00353538
37.2
119.258
-1
2
151.2
347.04
0.00308135
44.64
106.056
-1
2
174.24
178.56
0.00353643
44.64
161.565
-1
2
167.04
144
0.00372266
44.64
-159.88
-1
2
154.08
145.44
0.00263715
44.64
-153.435
-1
2
158.4
145.44
0.00257331
44.64
109.25
-1
2
180
145.44
0.00265091
44.64
87.8453
-1
2
348.48
365.76
0.00343539
44.64
16.5044
-1
2
144
394.56
0.00261586
44.64
-111.448
-1
2
156.96
249.12
0.00344649
44.64
100.784
-1
2
158.4
155.52
0.00330593
44.64
99.6763
-1
2
162.72
158.4
0.00327406
44.64
106.601
-1
2
169.92
155.52
0.0026191
44.64
104.139
-1
2
151.2
161.28
0.00230502
44.64
-167.016
-1
2
154.08
303.84
0.00210485
44.64
-71.0458
-1
2
159.84
600.48
0.00208309
44.64
113.318
-1
3
172.8
177.984
0.00260408
53.568
-123.17
-1
3
271.296
229.824
0.00186152
53.568
71.2539
-1
3
216
298.944
0.00145803
53.568
-126.419
-1
4
271.642
230.17
0.00158157
64.2816
149.791
-1
4
298.598
329.702
0.00120504
64.2816
122
64
4
33
144
180
0
200
164
70
17
168
14
85
0
6
128
34
235
72
129
3
197
32
192
67
73
159
144
3
64
10
19
98
151
32
117
178
49
88
233
116
112
20
48
35
196
20
245
111
153
172
24
5
240
29
152
73
18
114
51
189
72
23
32
234
148
187
147
221
232
200
252
193
74
171
43
207
211
68
219
184
63
139
224
67
206
173
70
210
211
95
247
250
128
166
231
178
231
16
71
174
153
170
234
109
224
28
177
103
245
118
183
111
153
174
8
99
240
29
29
81
5
243
83
181
120
119
225
122
210
1
138
146
67
66
88
143
6
227
21
4
50
226
34
154
125
18
48
151
14
185
231
35
10
195
242
109
3
168
150
41
23
39
16
187
2
68
70
192
64
65
181
105
139
28
229
174
215
168
90
133
176
24
52
235
217
114
33
57
25
52
144
234
179
240
144
63
239
160
220
12
210
33
189
235
238
68
6
25
125
163
38
211
225
47
99
70
166
95
241
251
195
53
199
102
143
188
0
60
251
9
232
247
107
222
55
235
213
113
191
111
185
230
8
67
240
22
88
97
54
179
151
177
56
115
166
74
35
197
108
26
21
150
149
86
34
196
5
128
12
121
5
5
106
244
33
226
242
98
209
99
92
177
129
13
115
28
65
97
134
36
21
154
82
56
33
124
48
74
56
175
212
16
213
78
25
172
24
13
112
24
156
65
56
242
59
157
88
215
44
251
35
4
97
130
31
133
7
109
134
100
18
52
49
14
177
68
250
116
65
32
208
50
218
101
28
176
40
13
18
216
81
73
69
36
23
186
0
120
1
92
32
65
20
138
69
20
100
79
16
36
152
12
50
24
156
65
40
34
35
185
74
135
40
242
122
16
40
182
31
7
27
15
214
106
21
52
57
138
51
86
118
214
65
80
200
178
213
38
28
136
236
9
210
217
125
234
97
44
6
190
82
114
1
212
144
195
84
10
192
20
128
77
153
44
26
5
114
24
156
81
16
114
59
184
88
6
34
241
179
181
177
54
236
160
157
8
226
37
177
107
238
65
6
17
116
163
34
210
243
45
83
198
214
123
245
250
162
180
195
230
143
188
66
60
251
8
234
111
109
72
33
203
245
113
183
79
184
230
137
75
244
24
88
65
47
179
215
179
186
243
228
74
179
212
85
38
191
160
159
24
242
25
240
251
175
11
4
93
118
247
55
17
224
14
169
125
164
191
107
63
94
57
225
109
223
237
188
159
110
61
33
247
123
202
43
139
203
113
220
95
160
183
88
4
104
178
174
101
56
182
182
219
184
87
164
31
35
133
236
10
53
148
21
69
34
68
37
144
140
121
134
5
98
228
1
224
241
98
211
115
92
161
132
57
122
28
65
97
215
100
20
186
194
56
49
124
52
202
56
143
208
16
209
79
25
172
24
8
112
24
158
77
56
242
59
157
88
215
40
251
33
165
109
10
0
156
20
65
112
80
36
0
204
113
140
5
98
192
1
96
208
96
17
242
124
136
0
24
110
28
1
96
214
100
20
186
74
56
129
116
242
222
24
143
80
146
208
79
145
164
24
8
96
29
159
9
24
242
59
188
88
87
40
249
251
86
111
215
239
149
219
185
190
255
22
79
159
185
113
86
246
215
29
43
200
134
172
120
46
138
172
30
222
89
117
127
115
37
20
251
82
123
5
246
210
70
72
30
192
6
200
85
141
45
20
5
120
30
141
75
16
116
51
156
92
22
34
185
12
58
151
97
249
249
162
252
24
184
194
117
64
85
203
161
73
136
203
218
229
41
78
217
129
120
88
198
76
71
163
214
125
211
249
32
125
178
237
33
237
52
218
54
109
163
59
243
186
91
109
243
215
237
219
72
199
201
135
231
194
43
197
86
195
220
136
62
205
138
86
12
42
33
45
234
162
207
6
25
13
35
52
145
143
135
123
77
194
215
217
111
147
33
195
102
159
153
128
5
43
137
238
235
106
186
40
225
181
89
191
51
240
210
8
114
229
225
120
163
59
155
148
51
176
241
214
79
195
212
136
62
205
138
94
8
34
33
45
234
162
207
6
27
45
35
52
149
139
47
107
79
98
215
217
111
19
33
195
100
159
189
176
69
43
9
110
227
99
170
42
233
157
89
191
43
80
210
24
4
229
224
120
163
59
147
180
51
176
113
150
75
195
148
136
58
77
66
92
14
2
35
45
238
162
199
6
57
13
35
48
145
131
7
91
75
226
215
209
111
147
35
195
102
143
152
129
68
43
140
106
99
96
168
32
225
181
89
183
43
112
218
8
83
165
97
120
163
51
147
148
51
176
241
213
74
122
245
248
190
55
135
91
47
214
64
245
248
63
234
52
94
52
179
118
215
183
63
241
71
176
171
231
223
67
249
212
232
143
60
6
254
207
73
242
253
122
203
245
201
241
117
179
79
191
166
139
207
120
24
88
81
121
179
255
251
59
254
170
203
220
58
211
229
248
114
170
244
24
187
202
85
66
85
155
241
98
204
153
110
105
137
238
24
46
136
42
195
221
69
51
255
117
211
252
219
53
247
13
151
219
68
219
22
106
143
203
144
222
125
127
181
209
246
151
105
198
204
41
206
76
14
55
245
71
210
16
127
223
160
78
24
42
43
129
170
160
202
164
91
110
183
60
148
139
61
11
105
6
214
251
111
18
45
229
7
91
151
156
11
32
237
54
67
36
234
110
105
183
93
221
19
84
214
16
100
39
240
254
163
209
63
150
151
157
241
177
38
220
58
231
197
252
119
171
252
216
189
210
55
207
213
219
225
171
205
219
110
125
141
238
152
143
104
62
147
220
79
59
158
125
99
125
251
92
247
221
21
221
116
219
30
107
174
201
241
140
61
79
247
209
254
157
76
196
108
9
207
76
7
37
180
7
8
8
34
9
200
0
12
8
32
6
52
32
59
200
144
75
34
1
208
129
66
235
4
37
145
16
43
98
11
3
103
149
132
65
10
3
130
169
26
176
149
108
1
85
80
52
97
147
108
139
4
180
5
81
1
56
34
171
185
136
147
100
206
35
5
100
4
0
204
3
65
166
69
23
85
140
45
212
52
106
96
7
225
213
34
241
103
93
190
132
15
114
158
65
105
134
44
69
186
130
42
201
220
80
212
24
171
192
16
245
111
145
164
25
8
224
29
156
9
56
178
51
185
90
23
40
234
39
5
100
0
20
140
1
81
34
68
5
66
140
59
148
5
98
100
1
224
209
100
209
99
92
168
132
25
122
28
65
33
134
36
20
186
194
56
1
252
212
218
24
139
208
16
225
79
145
36
24
8
96
28
159
9
56
178
115
188
90
87
46
249
114
49
17
54
93
194
30
46
194
0
219
53
100
70
128
48
127
131
2
214
227
43
65
199
208
94
228
205
2
190
193
236
143
45
101
182
191
8
232
93
105
88
149
235
229
113
183
111
185
166
201
67
240
28
88
65
102
179
151
177
56
103
160
74
21
165
221
84
48
166
249
114
48
212
101
211
206
123
132
2
98
237
37
107
231
44
192
243
45
186
165
223
104
13
113
111
215
36
52
186
82
120
249
252
241
222
56
143
208
16
241
111
153
172
24
5
240
29
156
77
48
242
51
189
88
87
32
251
55
180
113
34
221
170
39
74
226
1
168
96
230
79
132
17
127
163
167
209
225
103
57
71
198
223
101
239
42
44
193
96
143
140
134
182
41
136
105
252
108
202
58
161
213
113
183
79
176
246
8
8
224
0
88
65
62
178
151
161
186
211
236
74
51
176
145
38
89
226
38
14
194
0
169
117
100
71
132
49
127
163
163
208
193
39
81
199
198
223
237
207
2
46
225
100
143
172
71
182
57
8
233
100
105
92
48
161
245
113
183
111
184
230
8
67
240
20
88
65
6
179
151
177
56
83
228
74
84
51
147
25
0
195
166
103
194
162
203
52
240
132
155
50
127
139
195
70
157
37
71
199
145
96
228
204
0
132
193
226
111
20
67
174
28
138
200
72
40
20
53
166
117
117
167
111
186
174
169
115
178
29
88
81
6
123
23
241
56
115
233
66
51
180
145
46
89
130
142
10
194
0
249
119
228
71
132
48
118
131
34
208
193
47
65
199
198
222
233
207
2
46
193
100
143
173
69
182
57
24
233
124
105
92
49
171
245
113
183
111
185
230
9
67
240
20
88
65
6
179
151
177
56
87
176
74
122
177
154
127
103
195
218
39
214
161
245
253
254
194
55
122
126
147
114
215
207
63
231
199
185
75
230
255
67
253
213
234
175
61
37
190
223
89
234
245
250
223
245
107
241
61
179
111
191
174
139
199
242
29
24
193
86
243
63
249
57
127
162
207
122
20
168
134
31
7
27
143
214
228
21
52
61
142
51
119
118
246
1
80
208
147
213
38
28
136
236
9
210
217
117
107
101
44
22
254
210
114
1
220
16
193
84
10
192
20
128
76
153
44
90
5
114
24
148
65
16
114
59
156
89
6
34
241
54
34
241
162
24
198
131
111
198
170
210
53
113
6
155
246
250
212
67
64
192
35
206
31
12
136
172
13
18
136
49
206
101
36
69
190
84
50
9
84
128
84
16
14
68
132
161
111
152
44
24
1
242
29
156
73
0
114
35
184
72
7
32
246
132
235
3
245
232
120
234
200
8
155
171
79
195
65
203
169
1
45
165
71
78
172
38
210
71
223
147
162
129
2
35
19
234
50
95
187
81
50
250
164
226
124
176
255
245
19
185
123
152
173
24
67
209
31
157
65
17
240
81
183
92
119
161
56
19
197
26
30
3
69
92
167
22
196
29
132
20
174
53
126
109
82
0
227
18
162
229
34
56
29
164
72
81
58
214
57
224
52
53
250
147
64
64
124
18
202
29
42
54
20
68
110
9
40
118
5
184
24
180
68
152
179
41
216
89
6
34
163
4
171
131
217
0
202
228
226
9
171
42
207
211
196
219
170
11
9
225
75
134
45
74
203
79
95
23
166
0
142
34
94
199
18
111
170
16
174
251
38
97
60
176
103
191
22
53
235
216
168
56
241
211
93
61
64
5
202
83
231
73
117
193
122
3
85
88
58
22
160
29
16
162
6
9
4
12
14
36
83
103
118
1
100
34
114
0
39
4
180
166
9
82
40
120
33
82
36
149
186
2
104
1
85
16
202
28
40
86
80
228
78
17
36
16
4
40
24
158
1
24
178
59
156
88
198
34
178
124
47
231
213
50
71
249
231
132
196
83
20
81
244
187
230
171
212
88
110
30
153
230
179
31
136
182
29
64
200
54
25
116
39
117
187
86
118
211
84
144
113
157
30
47
140
65
174
159
44
127
149
51
30
148
78
192
110
41
217
73
4
33
242
11
148
154
62
7
98
124
134
52
248
100
129
16
138
39
31
109
58
161
147
224
163
245
51
4
223
241
99
91
97
229
99
149
176
49
32
55
72
96
121
96
10
62
105
247
17
215
110
57
170
90
5
244
24
248
65
150
179
63
157
27
83
32
202
7
150
76
11
191
176
141
24
58
59
144
105
172
11
36
17
100
246
128
152
224
118
10
121
164
176
99
115
30
105
229
103
95
248
156
4
126
253
40
35
101
78
106
13
146
193
220
83
48
223
24
36
38
160
255
109
158
19
182
134
178
219
164
55
195
204
130
55
77
66
93
134
48
239
40
203
2
203
6
59
13
99
52
147
238
141
127
10
66
223
179
35
147
35
35
87
195
163
54
113
51
140
110
234
98
104
42
233
155
88
127
249
73
200
90
17
213
122
60
226
155
177
165
51
156
116
144
174
51
132
48
39
137
140
154
9
10
107
147
79
160
33
0
20
110
131
4
17
200
36
155
104
116
154
120
47
6
59
33
110
7
228
124
26
226
171
169
22
193
196
72
137
195
0
252
19
129
212
24
32
228
128
190
41
16
82
178
173
192
23
32
190
195
148
136
58
13
66
92
14
2
34
37
234
162
139
6
27
13
35
48
145
131
7
67
75
98
211
209
111
19
41
195
96
159
152
145
68
43
13
106
99
32
138
44
233
149
89
183
43
81
218
24
6
164
97
120
163
59
19
188
51
176
241
212
75
32
10
160
128
200
142
4
71
12
74
42
0
1
132
216
133
67
64
97
68
209
1
57
25
31
77
13
36
150
140
32
128
100
38
94
155
64
52
37
132
33
116
48
175
78
206
20
208
16
36
92
0
1
29
135
24
128
96
3
180
76
6
32
176
9
230
77
10
46
17
7
56
240
54
36
162
124
59
109
65
64
176
7
240
224
242
8
254
0
32
165
24
233
73
113
115
248
108
4
186
90
120
33
254
182
219
88
14
80
246
192
73
153
45
16
4
120
29
143
77
56
226
59
156
216
214
98
177
68
40
192
132
203
75
6
78
52
56
174
53
17
182
248
224
107
17
217
4
193
1
168
49
38
205
8
5
194
205
48
68
80
37
7
187
98
118
5
148
49
212
16
15
77
142
236
192
5
36
94
4
9
126
135
139
208
108
43
188
72
4
48
240
203
0
76
3
202
139
19
0
120
37
14
15
156
47
48
99
98
113
29
229
73
241
11
32
8
200
140
31
234
73
25
33
80
101
20
251
3
75
21
220
212
193
28
10
193
94
236
21
5
4
16
36
105
248
12
175
88
60
51
188
72
22
50
232
124
45
231
213
114
71
217
255
196
228
87
21
95
230
187
230
170
212
88
110
26
137
230
179
30
136
166
29
80
136
62
63
117
39
53
251
82
119
87
86
145
97
157
30
43
140
201
190
29
44
95
149
51
26
148
78
200
110
105
217
77
4
35
241
3
197
76
12
21
2
20
118
34
4
29
148
8
109
5
4
107
64
0
224
193
34
193
99
44
4
128
9
83
12
1
97
214
36
21
154
66
56
9
116
50
202
24
174
84
144
229
78
17
36
24
4
176
24
156
73
24
226
59
157
88
71
34
242
147
140
202
103
47
216
221
14
122
189
126
253
62
63
6
184
109
178
165
187
229
96
239
123
165
159
241
115
111
99
227
103
149
224
125
112
127
217
232
252
113
220
107
45
212
17
247
107
185
238
31
5
244
5
184
77
54
243
183
189
218
215
32
222
76
42
147
113
40
250
168
231
24
186
66
23
192
133
219
162
9
9
169
202
237
13
78
219
137
88
54
230
76
199
163
214
119
147
109
33
61
190
236
32
232
52
243
124
111
135
51
243
251
72
60
243
213
69
61
232
199
201
135
229
70
35
209
102
13
0
76
2
139
201
161
124
188
36
134
117
60
59
235
224
226
48
65
96
224
66
174
96
34
40
8
2
248
201
25
111
253
100
65
154
18
194
9
158
215
21
76
6
64
50
192
193
153
44
219
4
240
29
137
73
56
96
43
184
136
14
38
217
38
160
65
131
221
128
135
72
206
163
186
126
161
14
145
117
194
85
3
1
192
39
202
100
76
212
29
47
18
138
3
90
135
36
87
186
82
56
109
116
96
84
32
41
213
16
180
103
153
172
24
1
240
29
156
65
16
242
50
189
88
87
32
250
112
50
243
151
217
130
175
255
198
170
251
55
229
198
155
114
114
213
67
98
200
167
207
127
142
136
236
15
210
136
113
254
119
36
85
190
82
122
161
214
240
84
16
14
196
22
129
79
153
172
24
1
240
29
157
73
0
242
51
184
88
86
32
252
132
175
163
209
0
196
237
195
140
207
42
198
195
196
219
47
3
105
227
67
150
44
90
203
87
215
23
34
0
138
34
210
103
2
111
138
16
172
235
46
97
116
176
227
191
112
53
243
88
168
56
113
209
29
28
80
1
200
82
167
76
117
137
122
5
50
213
5
253
176
167
124
56
185
194
119
236
31
139
1
106
205
137
104
225
37
202
121
44
248
24
39
124
13
33
79
95
229
253
58
84
249
45
55
117
84
106
39
69
129
253
115
152
252
24
37
244
188
158
73
16
242
183
141
200
7
36
254
5
132
76
10
157
73
129
92
176
4
142
101
44
47
171
161
67
52
1
112
225
66
174
96
96
40
8
0
249
9
73
97
189
100
17
154
2
2
9
156
147
149
28
2
68
115
96
192
145
36
90
4
176
29
192
1
56
32
174
184
136
134
38
200
52
34
225
131
24
198
135
108
196
164
82
53
161
14
155
70
235
85
195
32
192
35
206
101
29
216
28
5
18
136
17
79
69
36
69
186
20
56
45
92
32
84
48
162
69
0
53
111
153
44
25
1
176
29
156
65
0
98
51
185
72
71
32
254
3
140
76
10
9
200
5
4
56
36
46
184
60
63
204
132
75
50
33
96
129
66
203
44
33
213
17
43
123
11
3
103
149
196
65
26
3
129
233
62
52
157
108
33
85
16
116
33
145
228
27
12
180
13
146
13
56
226
171
185
152
195
36
206
8
138
204
138
43
89
132
46
46
50
15
36
61
62
127
224
75
146
65
112
196
82
207
60
1
69
0
10
119
203
23
102
157
132
195
10
67
210
233
82
48
21
76
37
84
230
244
105
155
108
159
4
182
29
210
89
16
226
171
188
217
219
98
220
3
103
13
10
6
209
13
16
226
14
25
4
88
12
37
33
69
224
5
240
224
48
0
134
136
52
164
8
0
10
113
81
80
44
5
170
74
48
1
72
18
64
24
46
84
224
164
78
17
45
20
4
40
24
134
1
176
98
3
156
88
210
98
176
251
212
125
142
255
149
95
25
182
127
49
202
191
40
52
93
246
247
52
97
216
86
184
121
44
150
171
62
91
89
117
111
211
36
28
251
66
125
33
246
82
202
108
15
211
20
212
31
133
165
16
4
104
24
158
73
24
242
51
156
92
95
34
187
147
209
8
78
47
144
222
0
114
27
181
202
174
121
4
25
60
163
52
153
225
118
97
207
160
119
243
126
111
117
197
96
159
248
136
68
239
9
250
233
122
202
171
109
177
113
183
79
179
219
9
71
236
0
250
227
55
211
182
151
176
251
198
207
52
34
97
130
25
196
131
108
198
228
18
53
161
14
153
100
234
85
67
32
208
35
202
101
92
184
12
5
18
138
17
75
71
36
85
186
20
56
105
92
32
84
16
162
69
0
37
111
152
44
153
0
178
29
156
65
32
98
51
185
72
7
32
242
4
2
69
160
201
170
166
120
188
16
238
97
73
53
216
161
65
12
199
96
192
66
44
240
101
221
9
134
108
131
1
220
56
97
98
24
1
130
45
134
93
148
24
167
68
227
92
192
41
53
199
32
89
71
135
12
24
76
174
172
0
7
36
24
59
20
232
138
31
7
17
15
182
100
20
53
61
170
179
87
114
246
1
48
240
146
216
39
28
168
168
9
82
89
85
105
165
36
22
186
210
112
1
220
146
195
92
10
64
20
192
76
153
36
90
12
48
24
156
65
56
50
43
188
91
134
42
249
122
17
121
182
223
135
27
43
198
106
81
50
189
202
48
86
118
215
66
80
202
182
129
111
30
136
230
13
210
184
117
232
99
44
6
190
66
120
1
214
16
200
21
10
192
20
129
79
153
172
24
5
98
24
156
89
16
114
59
152
88
22
32
241
69
34
69
1
248
248
162
120
120
17
198
87
192
117
201
33
10
77
153
100
200
33
10
240
110
92
24
166
236
7
35
15
93
65
81
57
84
179
45
4
213
52
26
22
101
137
254
17
24
21
13
36
209
253
142
11
68
78
19
140
64
7
36
220
246
113
91
247
246
2
95
233
214
131
221
126
115
134
146
114
178
213
30
47
10
153
164
12
46
198
170
13
151
233
28
60
48
167
60
219
38
119
7
151
3
227
197
88
170
142
72
148
71
53
119
244
11
178
167
186
192
44
40
74
77
12
51
181
205
45
163
33
64
71
224
231
217
136
70
21
82
132
139
234
203
77
187
79
4
141
238
147
63
217
28
132
192
71
50
94
69
35
109
251
20
246
77
20
153
52
180
54
15
172
41
224
77
40
111
244
209
126
36
194
196
72
9
105
77
13
17
246
186
208
8
143
255
129
95
24
150
11
61
234
191
74
100
93
118
215
60
149
10
22
169
108
34
215
107
47
215
123
213
60
146
173
158
87
99
77
38
243
115
203
102
89
155
28
156
21
197
151
18
4
110
162
238
227
17
176
188
30
21
93
150
153
5
5
17
88
136
140
110
69
2
66
11
0
192
69
13
1
109
10
160
66
206
40
82
131
208
87
179
236
0
4
129
0
71
18
65
8
1
128
114
66
32
32
184
227
101
80
183
30
145
192
40
114
32
89
16
9
31
11
91
163
0
99
193
226
92
41
247
213
50
71
89
231
6
228
87
20
83
230
187
226
171
212
24
111
14
157
230
35
15
138
182
9
64
138
62
57
112
39
53
251
82
118
199
84
144
97
157
62
47
140
105
174
157
44
127
149
147
30
148
74
192
104
41
121
77
4
33
242
186
216
8
143
223
169
223
24
222
11
53
235
191
10
100
93
118
215
60
149
142
30
169
108
35
151
107
47
215
121
213
60
154
239
190
87
99
77
167
247
211
203
102
89
155
30
24
149
197
147
18
4
110
162
239
235
209
180
188
62
21
93
150
157
131
197
12
92
36
80
94
48
19
163
61
202
202
101
6
10
13
11
54
155
150
115
98
194
225
119
215
242
105
55
135
96
159
24
128
100
255
9
250
233
122
170
171
233
183
113
183
107
51
202
139
75
252
73
120
156
63
147
215
243
178
243
207
206
67
6
128
50
73
194
46
5
0
42
128
33
48
6
35
18
77
43
129
144
201
35
95
8
16
85
248
230
2
36
161
70
13
152
65
33
49
128
100
74
108
64
100
169
69
85
183
107
56
238
24
5
247
88
88
193
6
107
151
149
138
83
120
70
51
180
209
38
221
162
13
26
194
41
249
119
231
79
132
57
118
167
39
80
225
47
3
199
198
254
229
239
146
58
225
108
143
173
5
182
47
24
105
245
105
72
19
139
221
113
181
79
176
182
9
66
228
16
92
65
36
178
151
187
184
87
164
72
195
6
130
18
73
2
6
135
32
170
40
3
162
225
3
11
195
1
33
67
192
135
75
119
70
203
153
38
194
0
35
66
215
36
69
186
82
56
101
100
112
76
56
47
213
84
149
109
25
172
24
5
240
29
156
73
16
242
51
189
88
87
32
250
210
9
138
182
3
66
88
143
6
163
61
132
50
130
34
186
109
18
48
215
14
157
231
3
7
195
242
45
19
168
150
32
53
39
49
251
35
76
194
192
32
73
181
105
159
28
101
174
213
170
90
133
50
26
244
234
209
51
33
121
29
48
144
234
50
6
97
131
219
196
131
109
134
236
18
53
177
14
153
84
122
85
65
32
208
35
222
109
28
216
56
15
18
154
17
95
69
164
87
186
52
120
45
94
97
84
4
170
69
0
112
103
153
44
153
9
178
29
156
65
0
114
51
185
74
7
32
246
51
180
209
38
221
170
31
10
210
1
213
119
167
79
132
88
126
135
38
208
225
47
131
71
198
222
241
239
194
58
225
108
143
173
5
182
47
24
233
125
105
200
147
203
205
113
189
79
249
166
9
3
224
20
92
65
36
178
183
185
56
87
180
78
122
241
185
62
127
131
91
43
214
33
245
255
191
74
36
124
118
151
118
215
231
63
195
71
188
218
239
63
82
251
245
232
143
45
5
191
255
89
232
253
122
223
245
107
209
125
181
111
191
166
153
143
250
28
92
209
112
179
255
249
59
95
178
207
49
180
245
34
221
162
39
90
242
33
172
115
230
79
132
25
118
167
167
145
241
39
91
199
194
126
101
239
58
28
193
100
143
14
134
182
41
136
105
253
109
202
58
163
213
113
183
79
176
246
8
74
228
8
88
65
62
178
151
163
186
211
236
74
181
246
117
102
221
160
103
88
242
29
160
123
238
107
132
85
98
231
167
48
241
110
25
255
230
190
103
191
254
13
225
101
95
239
156
182
97
185
53
253
125
194
26
143
200
113
222
215
32
181
24
32
104
178
143
73
62
182
183
143
154
215
165
57
82
17
146
190
5
66
92
14
6
162
17
128
34
194
7
26
111
22
32
87
10
173
195
3
14
211
242
13
19
40
130
104
23
36
53
187
3
76
66
71
32
72
181
105
191
28
165
110
81
170
56
145
32
24
52
203
145
51
49
123
28
101
145
226
59
116
125
246
255
165
95
57
246
127
213
115
255
106
180
85
246
247
87
112
240
126
145
127
190
186
231
63
254
249
117
237
82
237
158
255
238
117
49
255
93
203
223
79
201
37
220
95
167
183
211
140
106
178
158
89
248
182
123
155
255
143
44
181
179
212
85
70
255
160
95
56
246
61
244
251
175
27
4
93
118
247
63
57
224
14
169
125
172
186
107
63
126
25
113
127
211
237
188
255
118
125
53
247
83
202
107
31
203
16
88
213
128
181
80
132
104
178
142
101
112
180
50
222
220
87
38
189
21
182
213
69
253
184
167
124
56
61
86
127
140
127
139
1
106
229
129
34
229
45
202
121
110
186
48
39
254
9
97
111
215
226
93
48
118
187
233
62
245
84
74
143
197
128
253
67
185
252
25
5
244
157
159
73
54
242
183
173
218
23
36
254
210
9
144
150
3
75
12
14
14
64
27
80
51
230
250
210
63
18
32
69
6
157
224
35
11
215
145
13
2
170
22
9
22
37
113
154
0
78
202
76
37
209
181
97
173
12
245
174
214
162
241
148
34
3
53
139
73
50
16
113
9
29
17
74
19
65
81
182
1
0
12
10
34
64
41
128
46
227
132
26
102
22
36
97
2
236
160
35
12
135
227
25
50
40
0
9
50
36
52
154
0
76
18
198
38
74
189
105
170
28
196
14
64
166
112
4
34
24
164
13
9
50
49
152
24
84
161
57
118
34
243
147
216
198
131
237
206
188
82
53
177
78
155
244
251
213
67
98
204
35
206
127
14
216
180
15
146
138
51
254
119
38
85
186
84
114
237
86
224
84
16
14
69
132
225
111
153
44
25
1
240
29
156
73
0
114
51
185
72
7
32
246
157
58
247
101
253
241
227
252
120
57
198
119
238
91
195
225
226
205
159
98
237
201
174
248
174
42
104
147
252
13
99
191
125
99
220
251
84
183
29
151
223
84
154
22
232
163
202
145
136
61
95
181
217
254
143
73
220
156
165
142
204
22
39
253
179
212
136
46
191
232
93
28
214
33
253
235
174
76
6
29
125
182
54
145
232
35
227
100
160
255
245
122
243
49
199
108
143
172
0
116
255
9
232
253
123
223
55
171
213
113
191
109
177
230
155
15
244
30
88
65
58
179
183
185
184
87
166
79
43
23
68
58
31
182
15
26
36
126
32
1
44
75
36
87
104
254
1
240
224
98
17
63
4
185
163
149
90
80
113
193
83
44
150
178
123
120
33
101
108
74
58
9
214
81
199
79
24
172
24
5
98
24
156
65
24
178
51
151
88
214
36
51
241
250
119
71
252
189
211
248
250
189
86
127
239
27
208
233
226
213
159
43
236
142
174
124
47
170
46
27
254
75
115
63
115
103
252
219
86
255
149
247
215
86
203
30
202
138
72
145
140
53
87
181
88
190
143
79
192
124
32
78
220
28
38
189
20
34
19
136
32
18
164
230
66
176
32
16
64
51
153
2
66
130
65
200
193
0
69
146
136
0
136
200
0
140
129
82
241
4
65
170
88
16
1
64
178
2
16
6
84
134
2
76
27
45
13
1
48
24
145
73
0
98
11
148
72
66
96
241
5
6
128
0
9
200
161
78
1
192
10
5
16
63
137
164
203
16
129
32
192
2
202
97
77
220
0
5
16
10
3
75
149
0
81
186
16
218
105
12
32
20
56
35
69
16
117
227
25
44
56
4
176
29
156
8
16
98
35
173
72
71
32
250
222
24
207
177
255
241
223
252
188
187
222
126
175
204
179
123
123
213
123
99
200
151
202
121
46
222
186
47
210
75
55
238
87
165
159
123
82
253
237
119
112
204
98
47
215
28
253
51
157
252
24
5
244
189
156
73
16
178
187
191
220
23
36
254
187
208
89
166
255
161
95
24
214
31
61
219
175
14
52
93
127
247
52
49
224
22
162
108
172
223
249
107
211
121
117
109
213
173
188
255
102
125
33
245
83
203
103
43
211
20
252
93
133
180
26
4
232
178
158
97
16
178
50
155
221
95
38
191
135
196
32
32
77
10
3
64
32
5
166
102
0
25
68
37
0
41
7
145
225
2
57
64
68
160
8
7
146
28
1
65
133
136
208
8
32
10
141
168
195
150
10
129
208
83
166
73
48
116
8
8
97
5
75
1
50
18
150
164
128
210
110
73
66
81
138
58
71
2
90
14
2
2
33
138
34
194
38
27
108
19
48
212
10
135
67
3
6
131
250
77
147
40
128
32
146
175
144
167
43
76
70
65
34
202
52
73
147
92
161
142
81
170
16
4
32
112
112
227
145
179
57
51
28
112
146
67
250
51
243
247
223
199
203
239
214
187
250
119
191
206
147
118
242
215
71
99
206
175
238
127
14
138
230
15
210
139
115
254
119
38
93
191
86
126
233
246
208
68
145
14
194
22
225
127
155
172
24
1
240
29
156
73
128
242
51
185
92
86
32
252
18
144
144
38
29
232
184
15
22
24
134
101
38
3
6
181
108
14
128
145
192
35
235
107
97
139
96
83
122
97
131
102
157
240
217
52
55
136
232
33
193
28
43
161
240
17
247
107
184
242
25
1
244
5
120
73
30
147
182
161
50
83
164
78
92
43
247
213
50
87
89
231
142
230
83
20
83
244
251
226
171
212
120
111
14
157
228
51
31
203
182
9
0
202
54
57
112
39
117
251
86
118
211
84
144
113
149
62
47
142
97
174
223
45
119
149
147
31
148
78
192
104
41
121
77
4
33
178
207
154
222
105
255
241
255
220
190
191
142
238
143
94
171
121
107
245
59
107
204
87
206
121
39
222
62
63
222
75
119
127
247
229
223
91
82
255
237
119
112
92
106
62
213
220
253
177
157
220
24
37
244
189
156
107
16
254
187
191
220
95
54
254
2
65
1
182
0
0
12
10
0
162
33
128
3
193
20
27
38
68
4
99
130
168
224
35
12
138
162
27
19
32
32
72
178
54
52
186
1
108
18
199
134
106
153
72
242
20
193
78
88
160
16
1
96
24
53
73
137
178
49
154
24
86
35
185
195
17
146
182
23
34
28
14
2
130
1
128
34
138
38
27
110
118
32
213
2
141
225
3
6
131
242
77
19
32
164
97
18
165
180
155
3
108
2
195
0
202
52
105
155
28
1
174
80
162
112
21
98
50
52
194
145
179
49
19
29
84
144
107
195
17
128
62
23
34
28
14
6
2
33
160
34
138
38
31
108
118
32
213
2
143
225
3
6
131
242
77
19
40
224
33
0
60
182
159
3
12
2
67
34
202
52
73
155
88
133
142
80
162
80
4
32
48
116
227
145
179
49
19
60
112
144
99
80
34
1
139
40
144
130
101
66
176
87
0
80
16
25
2
118
128
65
200
201
32
77
152
136
8
140
140
0
133
129
214
113
164
67
58
88
146
33
70
176
80
0
6
68
166
130
73
25
108
205
3
52
24
145
73
0
99
11
148
72
2
96
244
5
6
128
0
9
200
160
78
1
80
2
5
0
63
137
164
203
16
129
0
192
2
202
97
69
212
16
5
16
10
3
75
21
2
85
186
16
218
105
20
32
20
56
39
69
128
116
227
153
44
56
4
176
29
140
8
16
98
34
173
72
71
32
250
37
182
213
103
253
248
231
124
248
125
70
117
172
127
139
129
107
229
137
34
228
105
238
127
46
251
48
55
254
73
97
111
215
226
93
48
118
178
249
60
245
84
74
143
197
128
253
75
185
252
28
5
244
5
159
73
54
242
182
173
218
151
36
254
250
209
249
190
223
167
93
58
214
109
213
255
191
206
54
92
254
247
118
213
240
63
195
103
174
254
247
127
210
251
246
237
143
173
23
254
238
109
233
125
121
203
247
107
221
53
181
111
247
182
153
141
234
56
156
81
120
178
255
187
187
223
182
223
80
34
21
2
200
206
34
96
66
36
82
21
192
37
152
0
126
1
67
96
201
33
139
205
152
88
60
142
0
142
161
206
85
36
69
62
0
170
45
78
44
80
0
135
69
32
166
99
144
100
9
0
226
28
8
73
8
114
19
177
72
7
32
102
64
34
85
2
200
130
38
96
98
36
2
3
196
37
145
0
110
65
1
96
201
37
75
201
200
92
61
174
0
140
161
70
87
36
69
58
0
168
37
78
36
64
40
171
69
112
246
67
24
228
24
0
36
24
28
73
8
34
19
177
8
71
32
102
64
34
17
130
200
132
38
97
66
98
9
0
192
5
145
2
103
65
65
64
200
33
75
137
216
68
168
140
0
140
161
70
65
132
86
58
0
168
33
70
36
64
0
171
69
132
132
75
24
108
24
0
38
24
28
73
0
98
19
144
72
70
96
100
80
42
17
4
200
202
38
96
72
32
90
21
192
117
200
32
107
129
3
64
201
5
139
217
202
92
172
174
0
14
161
78
87
37
69
58
64
186
237
70
36
84
8
47
69
36
174
99
153
100
24
0
224
29
158
73
0
114
19
181
72
71
32
126
194
204
10
131
235
149
210
129
62
245
52
203
158
58
113
92
102
215
28
43
204
5
175
104
107
130
41
47
150
9
17
127
247
37
84
218
82
91
167
246
211
94
8
30
145
30
216
149
137
45
16
5
124
27
141
203
16
240
50
60
88
85
34
249
5
178
85
6
153
136
135
72
234
0
130
103
236
127
204
17
110
35
132
48
193
100
1
228
192
52
81
121
46
10
193
65
158
100
73
150
8
8
233
12
101
20
24
163
197
112
244
111
160
182
137
10
242
5
90
9
46
18
22
165
0
87
36
74
139
218
222
107
255
241
191
220
184
191
74
207
142
28
235
249
107
253
185
107
236
87
78
121
39
221
57
183
223
67
119
247
247
225
223
113
115
255
237
119
125
92
106
60
215
213
255
49
156
221
28
37
246
181
156
105
16
246
179
173
221
223
54
254
2
1
137
158
2
142
23
3
230
68
29
130
153
118
54
18
237
87
32
38
198
37
66
67
88
215
149
45
34
168
18
105
151
36
67
178
90
72
234
124
96
29
48
33
213
20
245
111
145
172
137
13
176
25
156
73
16
242
51
189
88
87
32
250
4
6
128
9
8
220
162
5
8
184
2
5
16
53
27
160
9
8
129
160
196
33
94
193
89
80
20
196
8
130
3
70
197
16
65
32
53
138
232
40
100
52
40
166
69
192
55
99
185
72
40
33
182
77
24
8
7
66
7
165
66
67
96
98
66
1
129
158
0
14
22
3
70
64
13
130
145
118
54
18
11
19
32
39
70
37
66
67
88
215
149
45
2
168
18
64
151
36
67
186
2
72
234
108
96
89
52
97
149
20
245
111
145
172
136
5
176
25
28
75
16
114
50
189
88
87
32
250
3
133
136
138
0
128
4
3
33
194
5
194
130
4
36
11
139
33
33
193
128
4
81
67
69
215
145
44
2
10
0
65
135
36
81
154
66
104
233
96
96
88
56
41
213
20
245
111
153
172
24
5
240
29
156
72
16
242
51
189
88
87
32
250
