posters/Movie Poster 10.jpg
226
-16.7258
-1
0
373
98
0.00167736
31
-105.255
-1
0
267
600
0.00523337
31
-137.47
-1
0
157
598
0.00249585
31
52.6147
-1
0
186
620
0.00601584
31
-65.8676
-1
0
381
135
0.00209955
31
-14.0362
-1
0
247
613
0.0118772
31
174.516
-1
0
129
125
0.00365075
31
-62.9044
-1
0
299
609
0.00628326
31
100.521
-1
0
242
622
0.00762934
31
-10.9202
-1
0
375
179
0.00183045
31
-22.2551
-1
0
365
145
0.00238984
31
-122.299
-1
0
133
101
0.00213968
31
134.091
-1
0
164
615
0.00285215
31
139.653
-1
0
132
122
0.0021016
31
-82.3423
-1
0
280
598
0.00579765
31
-35.8927
-1
0
370
160
0.00240832
31
72.646
-1
0
197
620
0.00306713
31
-160.78
-1
0
111
127
0.00293073
31
59.5695
-1
0
352
616
0.00817524
31
-86.9178
-1
0
243
603
0.00960897
31
91.8882
-1
0
307
616
0.00655286
31
63.4349
-1
0
292
616
0.00565904
31
167.347
-1
0
143
117
0.0017476
31
-73.2262
-1
0
335
121
0.00221442
31
22.5531
-1
0
360
123
0.00343167
31
-111.801
-1
0
268
603
0.00481127
31
-79.6315
-1
0
333
121
0.00323486
31
-63.3718
-1
0
310
117
0.00272826
31
112.249
-1
0
245
615
0.00817027
31
-44.8512
-1
0
344
133
0.0021458
31
-37.2402
-1
0
353
133
0.00172451
31
22.1094
-1
0
371
127
0.00249529
31
-78.5934
-1
0
300
603
0.00413867
31
3.98736
-1
0
376
170
0.00258117
31
-86.9552
-1
0
207
603
0.00386682
31
-56.3997
-1
0
300
109
0.00235831
31
83.1572
-1
0
328
623
0.00601358
31
-147.397
-1
0
123
133
0.00384365
31
-97.5164
-1
0
314
603
0.00646676
31
-114.613
-1
0
123
109
0.00287948
31
-90.8425
-1
0
335
603
0.00473482
31
70.5041
-1
0
281
624
0.00200092
31
-139.554
-1
0
131
128
0.00262604
31
-49.7295
-1
0
158
108
0.00220939
31
-148.942
-1
0
127
135
0.00194098
31
-110.886
-1
0
121
108
0.00294059
31
62.796
-1
0
278
621
0.00244664
31
-12.3722
-1
0
358
118
0.00247305
31
105.497
-1
0
175
625
0.00452411
31
87.2592
-1
0
214
622
0.00431911
31
-85.0303
-1
0
172
603
0.00171369
31
-109.323
-1
0
237
604
0.00750646
31
-89.4854
-1
0
255
107
0.00212858
31
-36.3045
-1
0
249
612
0.00803599
31
-113.513
-1
0
126
107
0.00241284
31
67.1095
-1
0
278
623
0.00286878
31
-57.1803
-1
0
389
106
0.00171412
31
-179.491
-1
0
125
166
0.00172694
31
111.393
-1
0
237
621
0.00363014
31
-80.5992
-1
0
320
604
0.00827892
31
-22.1094
-1
0
377
147
0.00277806
31
-175.426
-1
0
131
148
0.00219824
31
-89.1987
-1
0
174
600
0.002858
31
164.801
-1
0
121
122
0.00270314
31
101.619
-1
0
245
620
0.00371475
31
91.5911
-1
0
306
622
0.00550083
31
155.056
-1
0
175
612
0.00471673
31
76.1757
-1
0
313
622
0.00674512
31
-84.2722
-1
0
254
105
0.00249993
31
3.09406
-1
0
321
611
0.00700599
31
132.778
-1
0
158
627
0.00707849
31
102.417
-1
0
235
623
0.00304189
31
62.0029
-1
0
291
621
0.00795627
31
-82.0107
-1
0
280
600
0.00796436
31
-49.4512
-1
0
381
104
0.00186684
31
-32.815
-1
0
366
104
0.00435773
31
-54.1371
-1
0
355
602
0.00365641
31
93.3338
-1
0
264
629
0.00573069
31
-101.634
-1
0
208
611
0.00651736
31
-57.6863
-1
0
304
104
0.00263568
31
-75.8733
-1
0
247
104
0.00234978
31
-48.0128
-1
0
337
609
0.00579618
31
-70.1148
-1
0
286
602
0.00650202
31
69.5416
-1
0
335
622
0.00972598
31
-113.782
-1
0
207
609
0.00514455
31
66.2092
-1
0
354
621
0.01051
31
107.92
-1
0
165
627
0.0121763
31
104.153
-1
0
176
627
0.00315458
31
71.4691
-1
0
332
620
0.0103498
31
-143.32
-1
0
158
601
0.00259507
31
-84.7582
-1
0
334
119
0.002105
31
-81.7406
-1
0
327
98
0.00237975
31
7.35995
-1
0
378
119
0.00388291
31
81.3666
-1
0
217
623
0.00330668
31
-76.9209
-1
0
280
602
0.00390458
31
-120.12
-1
0
164
601
0.00468473
31
-98.1301
-1
0
255
602
0.00289109
31
-71.8008
-1
0
320
608
0.00577896
31
69.7435
-1
0
184
622
0.00752545
31
-53.5645
-1
0
157
99
0.00169169
31
-122.005
-1
0
268
605
0.00322468
31
-67.148
-1
0
323
101
0.00248445
31
72.5528
-1
0
194
622
0.00186822
31
77.0424
-1
0
199
622
0.00381515
31
-104.582
-1
0
229
100
0.00264151
31
-87.3676
-1
0
245
608
0.00652653
31
-61.5044
-1
0
183
602
0.005298
31
127.962
-1
0
159
629
0.00695376
31
-54.9262
-1
0
185
602
0.00496111
31
167.583
-1
0
121
149
0.00161874
31
172.829
-1
0
120
165
0.00160468
31
-70.9994
-1
0
312
99
0.00164899
31
-46.4613
-1
0
347
133
0.00149662
31
161.621
-1
0
288
320
0.001488
31
-91.206
-1
0
357
104
0.00155527
31
-81.4411
-1
0
250
108
0.00153574
31
-27.9987
-1
0
371
102
0.00154255
31
-108.665
-1
0
193
107
0.00147137
31
97.4314
-1
0
263
623
0.00147109
31
-59.8645
-1
0
298
119
0.00146465
31
-30.0535
-1
1
363.6
136.8
0.00219379
37.2
-104.452
-1
1
266.4
598.8
0.00235433
37.2
-0.812652
-1
1
375.6
178.8
0.00242545
37.2
-1.00257
-1
1
375.6
170.4
0.00335459
37.2
-178.654
-1
1
124.8
166.8
0.0024162
37.2
-27.6195
-1
1
369.6
159.6
0.00284584
37.2
-89.0037
-1
1
174
600
0.00350864
37.2
-20.2506
-1
1
376.8
147.6
0.00410211
37.2
-169.978
-1
1
130.8
147.6
0.00247141
37.2
-142.224
-1
1
158.4
597.6
0.00318
37.2
-75.9638
-1
1
279.6
597.6
0.00301481
37.2
-127.875
-1
1
164.4
601.2
0.00378589
37.2
-59.0362
-1
1
183.6
602.4
0.0033674
37.2
-99.8658
-1
1
236.4
602.4
0.00313724
37.2
-91.8882
-1
1
242.4
602.4
0.00488063
37.2
-73.1786
-1
1
285.6
602.4
0.00454067
37.2
-84.3824
-1
1
314.4
602.4
0.0032632
37.2
-91.1691
-1
1
171.6
602.4
0.00334804
37.2
-81.1796
-1
1
334.8
602.4
0.00280661
37.2
-25.5374
-1
1
364.8
145.2
0.00314011
37.2
-46.7357
-1
1
355.2
602.4
0.00230176
37.2
-99.7524
-1
1
206.4
603.6
0.00356675
37.2
-128.523
-1
1
141.6
136.8
0.00175906
37.2
-77.3998
-1
1
300
603.6
0.00386569
37.2
-81.148
-1
1
320.4
603.6
0.00522195
37.2
-119.899
-1
1
265.2
602.4
0.00472422
37.2
154.799
-1
1
175.2
610.8
0.00478149
37.2
-38.6598
-1
1
249.6
610.8
0.00523551
37.2
-145.111
-1
1
127.2
134.4
0.0019367
37.2
82.5041
-1
1
246
615.6
0.00564373
37.2
-76.3441
-1
1
333.6
121.2
0.00235394
37.2
5.08496
-1
1
360
122.4
0.00460969
37.2
-174.839
-1
1
128.4
124.8
0.00391744
37.2
175.659
-1
1
122.4
146.4
0.00220568
37.2
66.8014
-1
1
291.6
620.4
0.00451418
37.2
77.8812
-1
1
306
620.4
0.00455682
37.2
63.2928
-1
1
354
620.4
0.00760553
37.2
81.2926
-1
1
199.2
621.6
0.00155628
37.2
79.5226
-1
1
216
621.6
0.00296413
37.2
102.381
-1
1
242.4
621.6
0.00334027
37.2
4.12012
-1
1
370.8
126
0.00372742
37.2
80.3192
-1
1
313.2
621.6
0.00297297
37.2
-113.824
-1
1
268.8
603.6
0.004394
37.2
99.0018
-1
1
264
627.6
0.00351733
37.2
125.754
-1
1
159.6
627.6
0.00913788
37.2
77.8597
-1
1
327.6
621.6
0.00339408
37.2
73.7279
-1
1
334.8
621.6
0.00405982
37.2
68.1336
-1
1
279.6
624
0.00428202
37.2
65.7907
-1
1
277.2
624
0.00496102
37.2
121.626
-1
1
164.4
625.2
0.00588899
37.2
40.3141
-1
1
234
326.4
0.00146822
37.2
98.5836
-1
1
175.2
626.4
0.00304993
37.2
67.6594
-1
1
278.4
626.4
0.00403078
37.2
-47.5031
-1
1
339.6
135.6
0.00150579
37.2
-45.845
-1
1
380.4
134.4
0.00265225
37.2
-129.523
-1
1
265.2
606
0.00199505
37.2
77.1593
-1
1
184.8
621.6
0.00407662
37.2
98.1781
-1
1
175.2
621.6
0.00186349
37.2
-38.9458
-1
1
216
608.4
0.00161698
37.2
-30.9074
-1
1
355.2
134.4
0.00188541
37.2
70.71
-1
1
277.2
620.4
0.00301789
37.2
-45.3048
-1
1
344.4
134.4
0.00180051
37.2
73.8213
-1
1
331.2
619.2
0.00685612
37.2
146.524
-1
1
170.4
612
0.00416543
37.2
63.166
-1
1
187.2
619.2
0.00346035
37.2
71.8473
-1
1
324
616.8
0.00177941
37.2
-152.6
-1
1
122.4
133.2
0.00423109
37.2
50.5089
-1
1
351.6
614.4
0.00558007
37.2
137.921
-1
1
164.4
614.4
0.00212339
37.2
83.5713
-1
1
307.2
614.4
0.00279889
37.2
67.2703
-1
1
291.6
614.4
0.0041476
37.2
99.888
-1
1
236.4
621.6
0.00144107
37.2
-37.875
-1
1
348
132
0.0014227
37.2
-31.4521
-1
1
366
140.4
0.00145155
37.2
-21.0375
-1
2
299.52
610.56
0.00253371
44.64
7.85331
-1
2
321.12
610.56
0.0051899
44.64
-79.6952
-1
2
243.36
601.92
0.00186101
44.64
-63.4349
-1
2
285.12
601.92
0.00231906
44.64
-86.9872
-1
2
207.36
603.36
0.00163709
44.64
-69.1455
-1
2
335.52
603.36
0.0020528
44.64
-65.8068
-1
2
299.52
604.8
0.00271504
44.64
-76.4768
-1
2
321.12
604.8
0.00298112
44.64
21.0375
-1
2
338.4
610.56
0.00187189
44.64
-73.1416
-1
2
279.36
597.6
0.00172512
44.64
-144.66
-1
2
159.84
599.04
0.0051406
44.64
-79.796
-1
2
246.24
606.24
0.00271008
44.64
-135
-1
2
207.36
610.56
0.00428052
44.64
56.6115
-1
2
295.2
613.44
0.00154934
44.64
-105.945
-1
2
266.4
599.04
0.00207383
44.64
141.953
-1
2
171.36
612
0.0040502
44.64
43.0021
-1
2
351.36
613.44
0.00310302
44.64
-142.853
-1
2
164.16
601.92
0.00338507
44.64
172.875
-1
2
175.68
610.56
0.00364969
44.64
-124.743
-1
2
269.28
603.36
0.00613473
44.64
-103.092
-1
2
264.96
606.24
0.00263664
44.64
-91.0416
-1
2
236.16
603.36
0.00213676
44.64
2.60256
-1
2
250.56
612
0.00205298
44.64
-93.9452
-1
2
175.68
601.92
0.00323669
44.64
-104.931
-1
2
171.36
603.36
0.00379911
44.64
-110.647
-1
2
264.96
601.92
0.00420047
44.64
-30.6879
-1
2
365.76
145.44
0.00361456
44.64
44.2868
-1
3
240.192
331.776
0.0012077
53.568
-19.5583
-1
4
300.672
435.456
0.00127246
64.2816
-153.124
-1
4
217.728
435.456
0.00117667
64.2816
-106.232
-1
4
242.611
396.058
0.00113396
64.2816
-106.39
-1
5
243.855
395.643
0.00101733
77.1379
226
64
50
53
88
26
3
66
20
15
99
2
5
160
60
38
164
86
255
146
0
100
3
114
81
39
212
149
224
13
35
168
144
32
148
36
7
158
2
88
1
84
32
203
60
41
20
84
229
110
145
164
16
4
32
24
180
73
24
242
59
157
24
87
32
234
194
10
130
130
111
218
134
2
38
177
42
65
10
57
96
33
13
83
60
181
192
5
232
97
3
85
153
38
56
2
19
87
149
177
81
33
113
72
236
0
100
21
42
39
197
12
244
105
156
232
24
5
247
109
152
203
82
126
50
180
64
87
20
90
2
65
8
190
1
136
92
0
2
2
17
132
0
103
4
18
38
82
4
97
2
32
192
99
12
150
162
9
18
42
16
40
18
36
29
154
66
104
194
86
0
202
24
105
150
28
229
46
17
164
16
4
40
16
180
41
144
114
56
185
88
86
34
179
1
130
0
0
201
136
36
64
32
17
0
65
130
121
4
1
2
109
133
32
192
36
168
97
66
154
1
38
52
0
1
69
151
98
80
16
0
128
37
130
69
34
8
135
64
0
92
195
0
21
24
32
69
0
139
8
17
64
34
132
64
87
36
89
5
42
69
32
152
248
161
120
168
28
202
85
65
21
201
161
195
76
131
96
224
2
8
244
77
172
12
128
188
6
43
92
124
96
93
154
84
178
13
132
205
20
26
150
68
227
108
193
168
53
92
32
208
159
143
9
4
192
3
164
64
71
36
112
197
44
147
33
72
66
37
206
128
166
170
20
64
132
139
162
75
76
131
64
8
128
44
136
14
205
12
137
128
15
35
94
97
133
101
75
0
166
37
222
32
0
0
178
110
138
4
144
73
44
118
180
17
90
4
2
192
40
137
40
140
4
49
180
37
6
100
0
16
101
37
114
160
92
138
5
72
45
217
167
193
108
195
32
113
66
20
176
80
60
4
128
56
22
105
209
104
64
67
168
144
34
1
12
124
20
26
166
68
226
102
76
40
36
200
8
240
28
8
4
46
2
7
180
202
198
44
96
4
34
145
24
0
68
32
103
64
160
2
4
64
161
153
2
10
8
195
64
128
0
72
131
153
16
132
192
0
134
1
194
65
18
99
40
25
138
32
2
172
52
32
162
36
244
34
235
58
104
169
114
150
93
8
24
7
75
3
224
64
98
65
102
92
33
8
16
38
147
30
50
2
130
127
18
144
66
9
98
4
27
32
150
197
53
192
195
137
85
193
236
0
110
148
8
94
16
209
160
31
72
232
65
112
29
181
37
245
20
183
111
154
174
9
7
242
29
88
73
6
51
19
241
9
51
100
74
5
6
4
0
8
152
32
64
32
66
2
64
128
33
32
1
132
104
1
224
192
96
16
243
64
0
128
64
0
4
41
65
86
16
82
40
0
42
0
0
196
20
24
141
192
64
226
79
16
40
24
4
96
29
155
9
26
67
19
180
64
83
96
104
3
198
12
136
39
89
144
156
49
82
53
140
8
25
109
169
132
220
1
120
64
80
164
48
101
129
129
64
213
2
57
121
244
48
209
232
82
114
136
176
178
158
24
28
80
150
208
76
153
173
30
5
184
29
151
73
144
194
43
156
80
86
34
241
4
43
81
10
17
89
0
111
74
0
143
52
112
54
237
224
235
144
0
0
69
32
68
131
69
148
0
9
3
10
26
8
220
4
69
154
0
114
201
84
176
85
24
38
52
150
229
110
145
36
92
4
178
29
151
73
16
98
42
173
88
71
34
90
64
2
0
0
0
136
34
64
0
34
35
0
128
33
128
2
2
1
1
64
136
37
74
193
64
0
136
4
0
132
1
64
87
4
64
170
0
40
1
74
164
66
56
135
64
0
1
75
17
36
24
0
96
24
157
8
0
98
19
180
72
86
32
105
1
134
68
64
168
248
165
116
56
28
106
65
12
61
73
129
75
232
137
40
240
64
136
240
73
61
9
178
60
70
33
71
221
64
217
32
117
144
57
40
117
20
58
183
68
163
118
65
40
81
109
36
212
13
139
12
46
196
134
132
194
195
36
92
69
196
40
9
200
198
158
5
56
239
9
140
128
37
5
7
13
41
24
230
216
33
118
8
80
85
153
102
65
19
35
19
197
49
81
33
147
97
236
106
112
28
56
170
213
24
246
59
25
200
24
13
245
93
156
203
17
203
51
189
82
83
58
234
0
2
0
128
138
137
130
33
8
24
82
7
144
52
73
160
196
24
1
224
192
0
136
112
73
8
8
64
196
134
59
82
116
32
65
40
83
98
136
128
209
20
24
14
64
134
226
69
137
12
24
4
240
29
141
73
18
64
51
180
64
6
32
240
35
4
160
2
203
142
4
7
38
64
2
64
16
74
34
5
64
49
1
144
208
7
90
67
18
128
8
6
130
152
1
64
133
44
66
32
40
0
45
8
64
17
4
137
65
80
181
203
17
36
152
12
182
1
88
3
56
50
2
180
2
209
40
72
38
33
161
176
16
4
13
79
196
70
129
48
113
130
177
70
218
32
67
64
3
162
80
7
84
136
164
137
2
156
32
200
64
44
6
186
8
32
1
92
40
66
20
136
66
80
1
78
24
44
16
0
34
24
20
81
128
34
3
144
8
70
104
96
195
141
138
22
77
130
208
7
18
1
4
71
162
194
38
25
108
131
48
151
198
47
99
67
34
18
240
14
82
9
128
96
135
47
16
176
82
8
235
116
208
220
56
11
217
84
177
239
145
172
24
5
240
25
152
67
17
114
50
189
24
53
32
235
65
196
12
8
111
243
158
48
16
58
124
203
128
28
4
33
5
123
188
149
224
113
192
194
0
117
137
102
89
66
131
67
223
17
145
33
119
72
236
33
114
28
59
45
213
25
246
107
31
202
25
5
245
109
216
131
119
159
55
177
16
211
116
202
65
5
136
26
1
146
2
7
2
130
5
138
128
130
6
10
12
43
0
213
26
165
82
195
16
18
208
76
0
176
128
0
143
24
0
160
137
8
2
104
32
10
48
129
177
112
163
111
17
170
8
11
48
89
88
192
19
243
19
181
56
115
106
75
7
129
0
2
79
138
6
10
34
0
0
96
160
74
36
17
76
51
32
148
193
55
65
67
0
213
81
109
18
40
129
64
151
40
211
128
40
72
43
0
100
17
44
41
21
84
181
79
16
180
8
4
166
1
88
131
58
18
22
177
0
83
36
74
4
42
68
1
168
89
160
244
56
152
198
69
64
53
203
160
200
136
195
40
213
64
44
208
73
40
12
194
172
70
11
86
125
80
65
32
84
178
137
164
221
20
26
22
64
227
2
192
169
109
77
0
208
31
139
8
6
64
6
164
66
3
102
88
8
2
130
139
0
101
160
246
20
158
82
5
17
4
27
162
238
212
65
96
64
0
196
16
73
8
164
0
80
0
56
91
100
36
81
56
83
98
136
64
176
84
16
14
68
134
128
108
153
40
94
5
240
29
148
65
144
226
43
188
64
6
2
241
162
193
8
154
39
16
92
3
71
130
53
136
56
130
36
91
12
18
36
159
3
240
225
6
1
147
211
41
19
56
148
32
130
60
144
202
202
72
130
113
50
235
53
105
146
20
145
110
19
170
18
7
40
25
113
16
17
179
56
123
57
241
232
203
66
2
128
130
111
219
130
6
2
48
6
69
16
16
43
1
76
147
24
148
192
21
203
65
2
80
24
70
52
64
151
71
149
177
81
33
113
202
172
2
225
21
76
6
65
140
241
105
148
72
137
5
183
97
152
203
83
79
182
181
64
91
20
90
0
2
2
143
0
69
160
246
20
156
66
5
17
4
25
162
14
84
193
32
192
0
196
17
73
8
140
0
16
130
50
91
100
36
113
48
85
98
136
96
176
84
16
14
68
134
0
108
153
8
92
5
176
29
156
64
128
98
43
188
64
6
2
242
3
205
12
152
3
221
20
2
47
198
47
136
26
185
108
143
141
56
36
225
30
116
208
35
81
55
145
104
113
18
16
33
210
52
83
40
66
72
224
104
48
30
56
47
212
20
244
110
153
136
16
5
240
29
153
73
17
242
51
189
80
83
0
250
5
37
156
28
0
130
112
118
16
132
5
132
64
131
133
2
8
42
146
135
131
32
64
131
161
34
132
212
97
12
128
32
222
24
33
166
11
10
66
121
152
186
25
130
176
112
35
110
51
42
43
67
56
88
88
4
63
131
59
249
56
178
231
203
131
70
32
128
6
12
12
1
37
70
41
2
136
41
116
7
196
120
5
225
24
130
16
96
84
132
173
72
144
144
48
1
64
52
82
40
66
104
0
200
230
10
56
143
208
82
196
76
25
136
16
0
96
29
141
9
16
242
49
180
84
86
0
185
131
196
12
8
5
28
5
0
165
71
41
200
12
41
36
5
197
124
37
97
32
66
48
96
68
181
37
120
49
18
97
1
208
108
18
136
66
32
40
232
102
138
56
169
212
80
244
12
17
128
16
4
96
24
134
13
24
210
49
156
80
215
32
184
58
65
8
158
39
73
92
39
71
130
61
148
57
134
124
250
157
18
68
209
6
48
229
7
9
199
163
9
19
250
158
40
192
44
215
154
202
106
202
209
18
217
245
105
150
22
164
110
151
170
146
7
42
25
116
16
144
51
56
120
57
88
98
162
68
194
12
24
8
27
38
66
32
162
44
138
88
49
109
43
1
9
161
227
196
112
72
226
1
69
133
246
41
4
17
82
243
16
195
32
25
200
160
32
118
63
56
37
84
118
86
107
25
232
40
7
215
93
89
12
31
195
19
180
80
114
96
235
14
1
8
160
6
176
8
64
32
66
1
4
0
0
32
3
128
124
0
96
192
112
80
67
68
128
128
4
16
36
61
65
23
16
146
170
0
104
0
1
0
35
28
8
208
20
193
79
16
44
24
4
34
24
220
24
16
2
51
157
72
211
110
243
197
194
4
12
224
155
134
48
58
17
44
203
136
49
108
33
4
235
156
164
64
97
0
224
0
116
137
116
188
6
129
17
248
113
80
33
80
74
140
161
214
30
26
23
177
186
244
76
128
137
8
7
185
105
139
139
23
95
18
52
80
83
38
201
194
65
136
148
39
132
28
3
38
227
49
136
138
161
52
31
132
84
4
243
10
164
226
35
76
130
162
90
17
48
52
41
210
52
16
170
66
108
0
195
82
74
60
9
210
20
193
14
25
168
16
5
96
24
148
73
25
178
49
157
88
86
2
251
203
193
138
31
227
67
218
134
34
161
45
142
146
244
39
122
109
179
48
215
74
181
103
3
2
87
185
110
193
98
150
50
243
52
1
186
83
64
234
120
114
25
60
47
213
92
245
110
157
172
24
5
242
25
152
203
17
243
49
189
89
82
2
234
58
241
109
186
22
62
13
126
197
70
249
144
109
169
156
74
194
84
3
100
2
240
192
38
76
129
164
9
83
8
56
9
208
4
148
154
2
112
1
84
54
202
29
9
86
150
68
76
18
36
19
4
32
25
151
29
136
162
41
248
88
198
34
177
133
204
4
8
73
74
134
0
56
1
46
203
10
55
76
169
1
41
165
149
197
65
32
224
65
87
25
102
169
2
3
82
157
16
64
32
57
8
232
160
118
62
56
163
213
83
246
105
153
236
8
5
213
77
89
136
30
211
22
180
16
83
96
72
3
225
25
26
17
0
4
10
194
2
41
160
32
131
132
27
99
34
36
69
3
34
33
7
196
151
229
41
3
10
0
32
146
12
4
158
0
56
3
212
34
202
56
41
148
80
52
14
17
172
16
4
32
24
68
65
16
50
16
61
24
84
96
42
5
204
4
8
0
72
164
133
56
128
14
133
0
55
73
162
9
8
129
128
197
0
92
192
81
85
25
224
41
6
3
82
157
16
65
32
49
138
232
32
116
60
56
163
116
82
118
104
153
232
40
1
213
77
88
8
30
195
7
164
0
115
96
74
11
0
130
2
75
67
130
134
2
128
14
7
16
102
43
96
109
19
32
146
192
53
199
99
2
84
144
76
32
74
151
67
159
32
65
160
16
72
234
72
32
21
108
34
69
20
245
111
157
172
25
5
182
9
24
73
26
114
50
177
8
11
32
74
56
3
41
138
18
93
5
107
198
70
159
20
113
28
249
230
211
212
67
100
18
146
144
38
29
132
132
9
146
218
30
152
96
4
215
154
194
114
129
80
48
209
84
44
68
134
36
44
151
45
151
12
42
29
135
25
128
96
105
184
73
14
42
176
178
193
8
94
39
27
92
3
83
131
61
202
186
64
36
90
132
147
52
151
6
54
225
71
101
135
227
58
67
185
148
32
214
60
0
222
202
105
226
241
114
251
165
105
146
86
149
111
147
170
16
71
104
25
253
91
17
243
50
57
57
112
224
235
56
65
77
154
22
123
29
126
196
6
253
144
113
128
220
226
195
84
67
108
2
240
192
54
13
133
165
9
83
136
52
169
208
4
149
218
66
112
129
80
50
219
181
45
86
150
100
76
147
164
23
132
42
29
135
24
128
162
41
248
89
86
32
177
3
241
25
26
16
0
4
2
226
2
33
160
32
130
164
27
98
34
36
69
3
32
33
7
196
151
229
41
3
8
128
32
210
4
132
158
10
56
3
212
34
202
56
41
144
80
52
14
17
172
16
4
32
24
68
65
16
50
16
61
24
80
96
171
3
0
128
130
75
75
130
6
34
0
2
5
16
98
43
112
108
19
0
144
192
53
201
99
2
0
16
76
34
72
151
65
151
32
81
160
48
74
75
72
229
21
76
0
1
20
241
111
144
44
9
4
182
1
24
203
42
18
18
177
0
73
36
74
146
17
8
134
55
0
28
14
214
0
29
116
41
14
36
81
32
86
4
209
1
2
225
38
44
128
192
25
82
40
28
40
20
44
52
218
74
80
0
213
81
203
21
8
128
4
132
76
17
54
83
5
104
16
182
1
16
51
56
152
40
22
38
216
72
2
128
129
203
153
2
128
8
34
2
6
144
68
43
65
72
25
1
196
200
149
10
64
2
80
152
4
144
66
51
2
87
4
81
170
80
98
205
64
160
21
84
14
69
4
224
69
156
44
24
5
179
29
156
73
16
98
19
181
72
83
32
114
3
16
136
2
23
210
0
30
2
10
0
36
32
6
35
17
13
71
32
144
193
5
67
67
0
81
216
4
18
42
131
64
157
48
209
160
123
72
232
97
96
28
50
41
213
20
181
111
152
174
24
5
240
9
88
65
18
179
23
181
24
83
100
74
66
1
128
18
1
2
14
6
2
2
33
0
16
130
34
18
13
2
32
148
2
129
96
2
0
129
152
73
2
40
128
0
16
20
80
128
32
64
2
64
32
0
44
105
149
28
133
76
81
170
16
5
5
64
112
170
153
35
16
48
0
112
16
106
195
132
140
6
205
130
151
0
50
53
60
73
142
127
4
8
13
35
60
181
224
101
171
97
98
119
25
118
172
1
193
71
159
241
16
32
127
1
62
168
117
158
40
167
213
24
253
67
17
192
9
4
245
96
154
143
123
223
182
149
208
241
20
206
11
7
12
144
39
63
6
17
36
70
57
2
156
57
52
7
212
251
101
245
112
118
144
114
80
125
161
120
120
144
240
161
218
44
82
40
67
104
160
232
116
25
56
47
212
84
246
79
153
136
24
5
242
29
158
89
25
242
51
188
80
210
8
248
4
42
147
56
8
98
36
246
0
162
104
128
64
128
155
170
73
72
161
66
130
128
108
139
13
9
5
194
1
4
49
70
97
146
113
42
0
164
37
130
34
32
96
35
94
22
19
232
26
104
110
208
87
93
36
0
129
136
129
224
76
66
65
100
3
229
17
26
17
8
4
74
226
2
41
160
32
7
204
19
235
38
36
68
3
34
1
7
68
213
229
41
19
10
0
0
144
6
69
158
0
56
3
84
34
90
56
33
20
80
52
78
144
164
16
4
32
25
4
65
16
50
32
61
24
85
32
106
3
10
128
130
75
75
130
6
2
0
2
5
16
98
43
112
108
19
0
146
196
53
195
67
3
0
80
76
32
74
151
67
151
32
81
160
48
74
203
72
228
21
76
2
69
20
241
111
144
44
9
5
182
13
24
75
10
114
18
177
0
73
32
74
5
38
68
0
216
248
164
112
32
20
138
117
192
127
201
33
203
108
131
96
193
34
8
241
70
124
20
1
180
14
3
65
222
38
85
186
80
50
73
4
101
20
24
167
69
224
246
103
152
36
8
0
240
29
138
9
32
98
19
165
72
71
36
122
0
1
140
154
1
65
16
39
22
208
22
5
16
54
11
2
138
18
0
32
192
32
196
35
89
128
128
0
66
136
25
104
213
36
81
176
82
74
201
116
240
92
24
38
148
20
225
110
153
172
25
5
176
29
156
73
16
114
59
189
88
23
32
250
76
3
136
152
34
147
26
51
6
162
7
6
145
148
57
66
28
25
64
206
143
53
66
195
9
84
144
76
0
230
149
192
75
16
211
170
88
74
202
65
48
57
53
36
55
132
167
111
159
170
168
71
178
93
88
88
17
99
27
245
73
51
96
226
4
194
8
8
0
80
164
67
32
178
40
138
64
53
13
43
9
8
161
139
193
100
72
211
65
85
17
224
1
6
3
82
219
16
65
32
25
136
104
32
96
60
56
37
117
116
54
107
25
232
40
71
213
93
72
8
23
195
19
165
64
115
97
74
35
22
37
128
159
181
129
89
164
94
144
65
137
9
49
5
244
244
71
112
240
34
144
112
84
168
36
0
146
16
121
217
96
44
158
184
208
112
1
197
196
66
18
142
64
64
192
77
8
61
152
8
114
24
140
81
32
50
115
156
74
214
44
49
0
3
133
146
0
76
1
103
129
196
126
21
17
183
153
162
131
0
193
33
80
128
228
131
89
137
132
0
0
136
24
73
240
36
97
186
20
82
129
220
208
20
57
166
132
2
100
110
155
44
89
1
240
29
157
8
0
98
35
248
72
22
32
248
67
197
128
14
1
66
6
6
34
0
41
132
24
167
6
58
13
2
32
165
2
193
228
34
0
193
152
88
33
40
2
0
144
52
1
128
2
0
2
96
38
10
40
41
149
28
228
108
81
168
80
5
17
72
48
138
25
99
48
48
16
80
18
235
5
6
100
0
9
40
37
114
48
28
234
1
64
61
200
32
194
108
131
96
240
2
136
176
72
40
0
128
120
4
41
73
120
0
80
168
20
50
1
140
220
20
26
135
68
163
102
72
40
37
25
0
224
28
139
8
46
98
7
180
74
6
36
88
21
33
8
16
0
154
22
48
2
130
31
22
128
70
9
34
0
11
0
134
197
36
64
195
137
116
128
204
0
46
129
0
154
16
209
162
29
10
200
65
112
28
57
33
245
48
167
111
155
174
9
71
240
29
88
65
38
51
19
177
40
179
100
202
203
195
138
27
35
211
154
134
2
163
41
206
146
180
39
42
13
155
36
223
14
181
102
131
1
87
177
110
1
194
150
18
250
20
65
168
91
72
232
232
114
29
60
45
149
84
181
110
153
170
24
7
242
29
216
65
17
243
51
181
89
82
96
250
0
0
1
24
0
64
0
70
2
34
9
4
64
132
1
34
66
0
1
64
128
128
76
3
12
128
132
8
1
10
9
64
96
4
65
170
0
34
1
66
2
64
20
136
6
16
32
110
16
40
112
0
160
24
36
0
136
34
3
176
8
70
98
97
195
205
136
30
65
74
22
7
26
33
63
206
42
247
78
170
109
3
36
149
76
165
99
3
67
71
217
110
129
2
130
32
159
60
65
176
91
2
232
224
114
156
56
171
213
22
245
110
145
174
9
5
240
29
24
201
17
243
51
189
24
83
32
202
107
5
44
144
7
23
15
17
36
70
57
2
157
41
52
7
212
249
101
245
48
246
144
114
80
127
165
124
112
148
244
161
202
60
82
168
202
104
160
72
116
74
60
175
212
112
214
79
153
168
16
13
114
29
156
89
25
242
51
189
80
210
40
234
133
1
17
39
217
32
110
200
16
8
10
55
160
70
129
33
98
68
133
64
74
168
140
8
38
136
34
9
210
8
33
61
96
39
28
219
0
243
1
212
17
192
16
2
96
2
136
20
9
37
82
36
8
154
133
33
144
40
41
12
76
6
35
176
135
200
138
137
221
200
219
208
56
175
7
206
130
8
107
169
8
117
53
99
204
37
202
120
45
255
187
39
80
11
51
51
215
36
93
219
82
123
233
54
240
92
56
47
215
18
245
51
153
172
24
5
241
29
157
65
16
242
51
189
92
87
32
250
76
11
168
144
34
223
14
1
14
194
43
2
145
50
121
70
29
155
96
214
157
53
82
211
145
85
241
236
0
214
151
128
79
16
67
160
217
72
232
64
32
29
52
173
245
132
183
111
155
170
136
11
242
29
88
89
3
115
83
181
75
115
104
106
2
201
128
10
77
74
6
7
42
0
44
202
2
87
78
185
77
3
32
148
196
39
65
99
67
215
17
102
51
10
131
64
151
32
83
160
34
8
234
32
98
28
40
161
213
86
245
111
145
164
8
0
244
5
88
139
26
146
54
181
16
81
36
74
68
196
44
153
200
198
14
5
32
235
1
140
136
101
5
7
13
9
17
231
216
97
118
169
80
87
153
118
41
146
35
66
197
17
19
33
145
0
108
98
116
40
56
171
213
24
247
107
25
200
24
9
245
88
28
138
27
207
115
181
82
83
104
234
37
38
101
138
16
156
37
65
96
68
2
48
92
55
204
64
203
32
1
96
209
96
17
241
92
181
17
37
42
142
17
1
148
68
85
154
64
88
169
12
36
21
56
167
85
128
244
110
144
164
137
12
242
29
138
9
40
226
19
181
72
87
32
90
3
49
81
42
17
136
5
74
98
4
161
48
32
11
132
83
107
38
1
80
1
32
65
71
196
149
225
9
2
40
192
1
144
36
85
158
0
8
1
92
36
66
60
33
20
80
52
78
144
164
16
4
34
24
36
1
40
50
19
176
24
199
32
66
5
38
21
32
0
76
36
103
32
12
106
5
64
37
201
162
99
72
129
104
0
0
12
145
73
13
12
192
64
4
32
84
112
2
121
168
1
166
5
4
181
4
24
166
110
130
78
192
9
33
100
52
64
94
7
8
132
200
3
164
68
70
1
176
65
5
142
149
200
198
26
6
50
110
5
4
156
237
51
38
100
107
0
230
248
165
86
35
26
104
172
92
192
148
240
33
115
48
3
168
18
96
64
104
80
72
24
142
213
80
227
78
25
172
24
5
240
24
156
65
26
243
59
189
88
146
34
232
135
134
0
1
201
2
130
128
2
1
6
71
128
19
1
49
4
43
132
148
65
0
17
192
192
16
88
64
164
46
131
16
172
24
64
0
57
10
8
136
193
20
8
128
160
64
146
77
48
90
9
11
149
65
88
163
38
75
150
36
32
113
116
73
26
1
40
181
7
197
89
9
135
231
29
132
27
140
48
118
181
84
4
243
138
178
228
35
28
158
166
72
82
178
52
57
98
60
53
186
66
109
192
210
16
200
53
42
210
20
225
62
153
168
18
5
104
24
180
65
145
242
57
185
89
22
34
178
74
5
40
148
38
23
26
49
4
198
49
2
153
136
48
71
132
93
70
245
26
182
208
98
28
130
165
92
80
180
52
169
66
60
210
138
202
104
128
195
176
73
53
13
208
28
192
14
159
168
16
5
114
29
148
89
17
243
49
188
89
86
40
251
4
34
151
1
0
65
160
231
64
136
66
5
80
165
155
34
110
72
131
96
64
128
76
144
138
8
44
192
128
132
48
86
116
2
109
184
16
166
5
68
37
0
24
6
110
164
74
196
9
32
108
244
18
26
4
72
134
72
9
128
76
6
65
224
69
198
13
152
8
214
42
68
32
230
41
140
208
37
37
35
1
41
1
99
138
241
90
138
16
103
129
230
1
134
51
67
211
144
83
40
17
232
104
42
38
40
44
33
247
16
119
107
25
200
56
7
215
89
28
8
25
195
19
181
200
210
107
234
194
141
132
30
65
74
86
7
58
97
5
203
62
247
14
154
109
3
48
181
78
173
227
35
83
75
216
110
35
8
130
96
151
37
81
176
66
72
234
116
112
156
56
35
221
28
245
110
145
164
24
5
240
29
152
203
25
242
51
189
24
85
0
202
131
135
0
2
201
72
130
0
10
1
6
71
128
83
70
176
100
2
4
144
69
40
33
66
34
18
81
66
132
46
131
0
158
50
65
0
41
2
74
128
193
180
8
193
128
82
186
68
129
82
65
4
148
67
74
163
51
81
132
36
0
113
132
73
195
137
138
87
111
66
212
134
58
177
61
203
186
240
38
155
109
147
60
151
206
173
231
115
35
223
243
110
83
11
146
99
215
39
17
250
82
93
238
116
112
220
56
47
221
28
245
239
153
172
26
5
240
29
156
203
17
242
51
189
88
85
0
250
229
6
162
5
200
196
166
193
0
101
10
71
130
101
130
36
105
73
37
103
216
5
186
112
90
94
24
38
192
18
35
23
71
37
84
186
144
40
109
140
81
80
24
174
205
0
252
97
25
172
24
13
209
30
156
73
16
112
51
189
74
23
32
250
72
10
128
129
203
153
134
128
40
50
10
6
144
84
107
65
65
25
1
196
200
149
10
112
2
84
24
4
144
66
55
2
87
36
81
170
80
122
205
64
36
85
92
46
85
132
228
197
156
44
24
4
242
29
156
73
16
224
19
181
72
95
32
114
195
13
136
22
65
74
86
7
18
97
7
67
34
247
6
30
109
3
48
149
76
173
115
3
18
67
216
110
64
8
130
32
143
53
64
176
66
8
234
112
112
156
56
163
221
88
181
110
145
166
24
5
240
29
152
203
19
115
51
189
24
21
0
202
2
67
0
190
0
128
12
1
2
2
41
128
0
70
4
18
38
66
4
68
10
32
128
2
12
150
163
9
2
40
32
8
82
36
28
154
66
108
2
198
2
74
16
105
150
28
164
30
1
164
16
5
32
16
180
41
144
114
48
157
92
86
34
177
0
2
3
131
0
213
160
246
148
158
66
5
17
20
89
162
15
84
193
40
192
0
196
145
73
136
132
0
16
194
59
90
116
4
81
176
85
98
136
32
240
84
16
38
70
134
32
108
153
40
124
5
178
29
156
72
128
98
35
188
64
70
32
242
41
86
109
136
55
181
41
121
197
198
193
180
225
24
181
71
210
244
67
89
184
114
208
244
21
188
229
168
82
146
117
185
200
12
135
190
194
56
9
121
56
73
54
175
214
241
52
109
186
172
144
9
242
29
220
81
48
178
51
156
251
215
44
122
51
113
25
30
54
17
92
54
82
130
53
176
32
130
5
82
38
214
0
212
3
176
197
134
168
128
224
9
83
40
148
41
240
36
148
250
74
112
130
245
178
202
29
14
178
150
192
78
147
174
18
7
40
24
149
73
144
179
59
216
88
6
34
177
3
144
136
2
221
226
144
26
18
0
4
71
162
86
4
17
77
71
32
144
192
5
67
67
2
213
217
38
18
42
131
96
159
32
145
160
123
72
232
97
112
28
58
41
213
20
181
111
152
190
24
5
244
9
216
73
18
179
54
189
24
83
36
202
68
4
4
144
72
198
42
5
32
234
1
0
136
33
1
6
8
9
33
231
216
97
90
170
80
81
153
118
40
128
33
66
87
16
83
33
17
136
100
2
100
32
56
169
213
28
247
107
25
200
24
1
213
89
28
138
27
79
19
181
0
83
104
234
2
5
128
50
1
0
8
7
2
194
33
0
2
130
0
23
100
2
32
215
2
46
209
67
4
131
162
9
18
40
128
0
6
38
56
154
2
12
66
194
32
96
48
233
130
28
17
46
81
168
16
0
32
0
180
64
145
114
48
21
0
112
0
98
98
206
36
138
73
206
142
1
44
106
42
205
152
45
124
173
13
59
120
180
212
67
80
97
81
85
141
102
9
146
3
66
197
57
67
33
241
10
236
40
102
30
32
169
213
90
246
105
189
200
152
9
245
109
217
155
90
223
119
180
18
83
58
106
4
34
0
8
0
16
160
103
0
162
0
128
64
33
137
2
10
8
225
192
129
0
77
195
16
17
21
160
0
132
129
82
221
18
67
32
17
136
41
0
44
32
48
165
53
241
18
227
58
232
40
114
149
89
72
24
6
73
7
133
0
115
97
66
3
2
128
0
205
2
4
26
32
0
36
67
130
89
0
1
64
101
161
16
192
5
8
99
66
152
9
38
176
8
1
69
159
34
80
48
32
0
45
4
101
48
10
131
65
16
244
195
16
36
24
0
209
24
136
9
24
0
38
148
0
87
36
72
186
17
138
215
38
5
218
165
86
193
23
86
191
64
50
118
180
214
20
151
6
185
231
70
172
130
226
27
210
249
222
41
166
44
20
222
218
107
194
213
210
217
149
74
128
30
193
14
151
174
27
7
120
26
148
67
17
115
56
59
121
28
34
249
66
2
0
194
239
155
130
0
42
16
6
71
144
80
104
1
76
211
25
156
196
53
139
113
2
80
24
6
182
66
145
71
151
227
81
16
113
66
46
2
197
21
72
23
1
140
112
195
148
81
28
4
183
97
139
139
19
76
162
5
64
57
20
90
58
22
45
138
55
181
25
121
199
198
213
148
125
24
61
87
254
244
67
121
176
50
208
117
29
184
228
8
86
210
117
233
192
44
167
158
194
120
128
91
56
201
117
175
214
228
32
111
155
169
144
9
122
29
158
81
48
242
123
221
123
159
46
243
35
134
160
2
201
6
5
7
32
68
0
64
2
105
6
5
64
33
1
144
208
7
26
99
82
160
8
6
128
152
1
65
135
46
66
160
0
0
45
168
68
16
8
129
80
80
181
203
17
44
24
8
240
8
216
1
48
112
2
180
2
211
40
72
2
0
128
130
203
14
0
7
166
0
2
68
19
98
50
4
72
33
65
144
192
7
90
71
18
128
12
6
130
152
1
64
133
44
66
160
26
0
41
8
64
20
4
137
193
116
181
203
49
44
152
8
246
9
88
17
24
114
18
180
8
83
40
72
88
1
151
145
0
229
33
244
20
238
82
5
65
136
19
162
238
220
65
98
248
161
230
179
72
41
164
136
80
0
51
235
117
36
81
184
83
98
192
64
216
84
16
14
192
52
195
110
153
44
24
5
240
29
156
73
16
242
35
189
88
22
32
250
68
0
12
2
109
178
214
52
48
186
20
2
136
19
3
3
12
11
152
148
193
113
67
210
32
80
152
196
120
65
129
66
31
17
145
33
127
72
36
33
112
161
58
37
213
141
215
75
63
202
9
7
181
104
216
138
87
15
191
149
0
51
116
202
64
77
8
155
64
90
222
129
10
194
47
142
16
4
73
162
5
1
28
135
14
161
84
2
81
69
137
36
1
138
2
16
226
20
65
65
2
75
198
136
178
60
32
160
183
30
4
40
145
136
50
5
25
73
161
130
17
75
56
60
64
48
81
170
135
200
10
201
255
248
223
208
56
223
47
202
130
92
110
169
9
245
61
103
204
37
162
120
47
255
57
38
213
11
51
59
215
36
93
219
82
121
233
54
115
220
56
63
213
26
253
49
153
173
24
5
249
29
156
65
16
242
51
189
92
87
32
250
64
201
8
152
0
90
86
129
10
194
47
136
16
36
109
162
5
65
24
175
14
160
68
2
41
85
139
44
1
10
18
17
242
22
81
75
2
75
198
2
178
186
40
37
55
158
84
42
17
137
50
5
29
73
161
138
145
75
40
60
64
48
83
163
45
38
109
136
18
21
1
119
240
252
86
21
93
53
185
70
202
84
195
32
208
112
208
179
24
32
132
144
40
220
25
73
85
0
85
170
94
122
1
124
180
21
28
134
68
164
193
79
27
44
9
13
178
29
156
77
44
98
27
184
74
134
106
242
40
2
205
130
34
213
145
119
182
244
22
21
29
63
187
70
138
212
192
34
208
112
194
243
25
160
132
16
40
200
21
107
215
4
85
178
86
88
201
124
116
85
61
38
212
132
229
111
155
172
153
5
178
29
156
77
24
114
51
189
72
23
32
250
58
25
57
183
38
157
29
105
207
230
127
22
253
172
89
246
246
212
67
105
188
178
194
52
29
172
164
8
82
144
125
185
98
44
68
190
198
123
128
216
152
213
181
46
198
38
132
63
155
172
145
9
122
29
157
81
0
114
59
248
121
22
40
182
131
70
36
128
4
12
5
1
36
71
41
194
138
41
116
7
196
120
37
225
80
130
48
112
84
189
173
106
144
16
48
1
208
36
82
40
66
40
32
232
230
74
56
143
208
82
212
76
145
128
16
0
96
29
143
9
16
240
49
180
84
86
0
185
68
3
129
144
200
2
0
66
0
32
2
6
3
198
144
3
66
69
1
68
10
133
8
3
78
128
8
5
146
8
0
9
66
39
84
155
0
100
7
134
0
96
16
2
72
12
0
128
64
36
16
16
1
26
4
2
0
40
1
56
76
4
48
176
4
34
69
32
152
168
32
116
120
56
226
53
72
49
200
160
192
72
131
96
193
0
44
176
77
8
8
129
232
4
41
68
117
32
84
186
88
50
1
148
222
84
24
14
64
131
66
64
153
36
78
0
64
29
7
9
156
224
3
188
72
6
34
249
75
7
44
144
38
23
30
49
37
70
49
2
156
40
48
6
132
121
65
228
18
244
208
242
88
32
165
92
80
148
52
1
82
60
16
168
202
104
0
72
52
9
60
15
208
20
230
78
27
136
16
5
114
25
156
73
25
243
51
148
80
210
40
250
35
229
81
10
17
136
4
14
99
0
5
176
48
38
172
83
235
162
0
64
129
32
81
7
212
149
225
13
3
8
192
32
128
4
69
158
0
24
1
92
32
218
56
33
20
80
36
78
145
164
0
4
32
24
50
65
16
242
19
181
24
71
34
74
152
218
39
197
238
117
137
241
188
223
122
207
207
125
91
173
229
221
111
107
212
6
134
248
79
254
181
42
212
18
51
251
247
36
93
184
82
122
232
228
240
92
56
62
213
38
208
125
153
173
24
1
240
29
156
73
16
242
51
189
92
87
32
250
68
1
228
144
0
134
10
7
38
98
1
0
29
227
51
7
20
10
64
164
217
225
82
163
80
0
164
92
40
148
144
128
83
16
2
160
153
72
16
64
100
2
52
139
208
84
195
78
25
172
152
11
112
24
24
93
26
115
19
181
74
82
104
235
3
5
8
16
0
0
12
2
32
2
1
2
16
128
36
3
4
40
0
193
10
164
80
3
80
0
132
72
0
164
0
0
66
16
2
40
8
8
0
72
32
42
48
9
208
80
165
78
17
136
16
5
96
24
24
0
17
99
19
149
0
82
64
234
3
4
12
136
7
25
21
0
52
68
31
4
28
61
108
133
205
124
1
224
64
82
128
112
108
148
0
72
116
2
25
41
148
100
145
200
66
98
8
16
48
145
24
45
84
132
228
76
17
37
18
4
40
29
135
9
24
66
43
188
64
7
36
240
195
138
134
135
233
154
130
2
40
57
42
75
154
243
76
168
4
43
188
165
204
5
42
113
67
95
153
54
172
130
2
71
151
241
80
33
113
206
236
168
229
28
40
7
217
26
254
193
221
204
24
21
245
109
153
139
83
223
50
180
64
81
16
232
5
7
0
0
0
144
32
66
32
2
2
0
64
33
0
3
128
104
129
96
192
96
80
195
68
0
128
196
0
4
1
64
87
16
208
168
0
40
0
0
100
32
24
129
240
80
227
79
16
168
8
0
112
25
24
8
8
2
19
181
64
83
96
106
5
7
0
0
0
144
40
80
32
14
1
0
64
0
32
1
128
108
1
96
192
112
80
67
68
128
128
68
16
4
49
65
86
16
146
168
0
104
0
0
68
32
24
9
208
68
225
79
16
44
24
4
98
24
156
8
16
2
19
149
72
83
96
242
0
1
136
138
1
193
16
7
22
128
6
5
48
38
43
2
10
18
0
0
192
32
199
35
73
128
128
0
2
136
17
104
213
36
65
176
83
74
200
112
112
92
56
46
20
20
225
110
153
172
24
5
176
29
156
73
16
98
59
189
72
23
32
250
0
2
0
0
136
136
128
0
8
16
2
5
144
52
105
160
68
8
5
224
192
32
0
208
73
8
4
64
128
6
57
80
112
48
65
40
82
98
128
128
208
20
24
14
64
6
194
77
153
12
24
5
240
29
137
73
18
66
51
180
64
18
32
232
66
65
138
26
65
66
14
135
2
2
9
132
0
198
7
58
13
3
32
150
2
129
100
3
70
193
154
77
131
40
130
0
176
20
17
139
32
68
70
64
34
42
8
104
21
28
165
174
81
170
16
5
17
64
112
171
145
107
32
49
28
112
146
97
35
6
36
128
175
180
1
25
36
84
130
64
137
25
48
5
196
252
5
112
208
98
144
112
84
168
0
0
180
16
57
89
96
32
210
168
192
112
1
192
196
2
26
142
192
0
192
77
24
45
16
12
114
24
143
9
0
114
51
148
74
86
44
121
0
1
137
146
0
77
0
39
4
192
62
20
17
166
153
162
3
16
1
32
64
128
228
35
89
129
128
0
0
136
24
73
112
4
81
178
20
66
129
192
144
84
16
6
0
6
65
110
155
44
25
5
176
29
149
72
0
98
35
184
72
22
32
248
2
1
8
242
0
128
92
1
2
66
1
132
16
70
4
18
6
18
4
71
6
40
192
3
12
146
162
9
2
40
48
40
66
38
28
154
2
108
66
64
0
232
176
105
146
20
165
62
81
172
16
5
32
16
180
33
145
114
51
189
88
86
35
178
68
206
8
25
200
220
174
5
40
251
10
140
128
5
109
167
9
73
25
195
220
33
94
153
81
69
136
230
1
23
35
22
229
144
209
33
81
235
236
34
114
60
40
172
215
94
239
51
153
200
24
37
245
221
156
170
19
203
147
181
88
82
106
234
2
1
136
122
1
128
72
7
2
130
33
128
32
194
4
18
68
2
0
211
6
44
193
3
4
130
162
9
18
40
160
0
2
38
28
138
2
108
66
66
32
106
176
73
146
28
33
62
81
168
16
4
32
0
244
32
145
114
48
177
28
112
129
35
65
69
8
27
64
154
86
128
10
130
47
136
16
6
73
162
5
3
24
142
14
161
68
0
65
85
139
108
1
10
128
16
240
23
65
75
0
75
134
2
178
58
40
32
55
158
0
54
17
8
50
37
29
73
97
170
209
75
40
36
64
112
83
163
71
204
206
14
201
194
150
2
50
5
60
201
142
255
4
40
13
43
188
181
225
69
163
97
114
119
9
118
41
3
192
65
159
113
0
33
63
5
254
168
87
190
8
163
221
24
247
203
113
206
9
157
245
97
88
139
127
223
182
177
144
241
18
201
69
204
142
9
233
211
150
2
56
25
44
201
154
191
36
40
5
43
184
148
201
85
67
193
34
117
137
102
105
71
128
35
157
17
1
33
123
73
172
40
114
159
56
37
213
88
246
227
61
202
8
5
245
109
216
131
118
223
54
180
80
241
82
203
68
6
4
153
136
212
34
69
40
235
8
140
192
37
1
34
9
9
129
225
136
97
90
137
80
68
136
166
0
7
35
70
211
144
81
33
17
136
108
34
36
32
40
160
119
28
111
51
25
200
40
33
213
89
88
172
15
207
147
181
8
114
104
102
68
234
8
9
200
152
38
64
40
179
42
200
192
49
204
139
1
9
165
129
205
33
75
216
65
85
9
166
1
7
129
70
217
144
65
32
25
138
173
34
242
62
40
165
85
115
54
99
153
200
40
32
213
77
73
136
22
203
151
164
0
115
96
74
67
5
128
26
65
66
14
6
2
2
9
128
0
198
7
27
13
2
32
148
2
161
101
3
70
193
250
77
131
40
128
0
0
148
17
139
32
4
6
64
32
42
40
105
23
24
165
78
81
170
16
4
1
64
112
162
145
35
0
49
4
112
144
66
5
46
18
9
8
216
162
197
72
184
10
133
64
53
201
162
11
8
129
128
197
0
77
136
81
84
8
130
0
6
131
86
237
146
65
32
17
138
237
42
224
52
40
166
116
114
38
225
185
104
40
114
213
93
73
8
22
201
135
164
64
115
99
74
3
198
12
8
38
88
128
16
40
18
6
140
8
17
109
161
132
220
1
224
64
112
128
112
77
128
0
64
149
6
25
17
244
48
209
136
82
98
136
32
178
30
24
12
80
150
224
76
153
45
20
5
176
29
143
9
16
194
58
188
80
82
34
241
5
38
21
4
8
40
36
119
64
32
74
17
64
37
137
128
107
72
129
96
192
8
12
153
206
12
12
192
64
4
33
76
112
35
116
186
0
178
5
70
49
0
24
6
108
134
78
192
9
36
101
52
96
30
7
9
132
72
11
168
72
6
33
180
195
207
130
86
232
26
194
2
42
17
45
74
146
241
68
40
4
131
60
150
71
13
33
195
34
70
9
68
165
6
128
16
190
51
64
0
75
2
206
168
211
191
8
87
217
30
247
206
193
199
1
86
29
65
139
139
115
95
16
37
80
112
215
73
3
199
0
136
5
68
4
7
38
70
41
128
0
140
53
63
237
84
33
228
2
128
148
34
76
149
161
8
147
2
16
17
208
36
81
154
66
96
0
64
34
74
56
43
84
28
244
12
0
160
80
4
32
24
132
73
145
240
33
20
84
70
0
176
68
34
0
25
136
152
38
65
8
163
42
136
192
33
73
2
0
9
129
129
201
33
75
201
81
85
141
166
0
133
1
70
219
146
65
32
25
136
37
34
104
52
40
165
21
114
22
51
57
200
40
98
213
93
73
136
22
203
147
180
72
114
96
110
4
226
1
9
8
216
166
64
104
178
42
136
192
53
205
162
11
9
161
128
201
0
75
200
129
85
25
166
0
6
131
86
217
144
65
32
25
136
109
34
100
52
40
37
117
117
54
225
57
200
40
118
213
77
72
136
6
201
135
165
0
115
97
74
195
138
134
130
201
202
134
2
34
1
46
69
158
255
4
40
77
19
61
181
192
77
171
99
34
87
9
38
190
2
128
71
151
227
88
17
97
196
127
170
69
53
8
99
201
28
255
195
85
212
25
148
245
96
136
171
123
94
162
165
0
121
20
72
18
0
144
0
0
128
0
70
2
34
0
4
0
4
17
50
100
2
1
64
128
0
206
1
140
128
164
76
2
136
129
72
101
36
1
190
0
34
1
192
128
64
20
10
0
16
0
78
16
36
88
0
32
24
20
65
136
34
3
176
8
6
34
97
4
42
147
25
8
224
160
246
8
174
72
140
64
132
155
171
75
72
131
66
136
128
78
137
13
9
6
194
1
7
35
86
97
130
245
40
16
166
101
98
34
32
64
38
86
146
3
177
26
72
110
240
150
157
4
64
135
168
139
224
204
66
67
101
26
1
13
154
7
31
13
110
134
70
121
128
29
172
61
70
215
212
65
100
2
240
192
34
12
128
160
8
83
128
52
41
80
4
149
154
66
98
1
80
50
195
20
13
86
150
68
76
147
44
18
4
34
25
151
25
152
226
41
152
93
70
34
177
7
34
76
2
59
146
20
2
34
0
149
114
188
51
160
80
0
163
0
144
193
116
1
227
128
48
192
93
40
44
197
97
158
88
132
166
74
24
3
92
68
129
9
5
160
96
230
79
51
238
137
6
54
8
90
9
62
83
150
148
40
177
100
72
0
2
4
138
3
93
128
181
4
212
22
5
16
28
121
166
77
80
65
160
192
0
204
48
9
8
0
0
16
130
19
91
117
36
81
48
83
66
136
0
176
21
16
14
68
134
96
108
153
8
93
5
178
13
133
72
16
98
43
188
64
6
0
240
2
193
8
154
23
16
24
14
135
130
53
160
57
10
36
79
8
20
4
209
2
178
229
6
4
131
129
9
19
184
20
0
128
44
150
138
74
72
130
241
178
235
53
9
146
84
144
78
19
174
146
5
24
25
245
16
16
163
49
56
57
210
34
203
37
38
101
128
16
77
37
119
164
68
10
5
65
61
216
167
195
108
195
96
112
0
48
130
88
40
132
128
32
152
72
201
72
0
71
170
128
50
1
204
220
20
16
134
68
98
164
76
48
36
200
8
224
29
15
1
44
98
3
180
74
134
40
248
4
36
77
136
0
21
1
119
144
244
22
20
89
55
153
66
130
68
193
32
208
96
196
163
88
160
132
0
40
136
25
73
245
0
85
170
22
122
1
124
148
20
24
6
80
164
65
78
27
44
25
5
176
25
156
72
8
98
59
184
72
6
34
251
7
165
128
10
17
74
4
6
2
0
40
234
160
71
134
57
105
35
32
148
65
39
83
67
66
85
81
105
131
42
130
64
143
44
69
130
32
8
235
116
96
28
40
161
149
80
181
111
144
174
8
0
176
1
88
67
18
147
22
53
24
81
36
74
199
225
136
26
3
66
16
6
2
33
45
238
146
198
38
123
65
51
32
149
73
183
99
67
2
71
209
107
129
42
130
32
143
60
1
166
27
8
235
244
114
25
52
33
149
84
181
111
145
174
8
5
240
25
88
65
18
179
51
53
24
81
96
74
195
201
154
95
99
74
212
134
26
129
45
203
178
210
38
251
109
147
60
151
7
141
103
67
35
87
241
111
83
43
146
98
151
37
117
250
82
93
235
116
112
221
56
47
157
28
245
239
217
172
26
5
240
29
152
203
16
243
51
61
88
85
32
250
6
4
128
2
201
0
0
7
164
2
2
102
144
66
34
5
64
33
1
144
193
7
90
65
18
128
28
3
128
152
3
64
135
8
67
162
49
0
41
0
96
20
20
129
80
84
181
201
49
44
136
8
214
9
88
17
16
32
19
180
8
83
104
72
7
162
200
2
29
208
0
30
32
2
28
102
168
23
6
33
9
3
32
144
193
69
67
97
2
85
25
39
50
10
3
64
159
44
213
162
123
24
105
52
100
24
58
41
213
80
245
111
16
174
24
4
244
9
216
9
26
178
54
149
24
83
36
74
77
33
136
18
50
153
28
32
2
162
47
50
144
130
171
66
0
27
32
128
141
181
67
195
129
69
149
105
0
108
148
0
95
24
197
162
9
88
227
93
48
29
61
37
180
116
183
111
147
174
9
7
178
29
88
64
22
99
19
177
41
178
96
74
42
1
8
154
55
21
28
15
134
66
61
176
57
14
53
102
17
20
64
212
18
114
209
38
24
132
132
9
19
248
28
8
160
44
135
170
202
64
2
81
50
203
21
41
148
20
164
78
19
174
146
13
34
25
212
24
16
34
59
152
57
218
42
240
198
13
138
27
129
72
20
135
10
161
47
174
130
214
78
186
69
3
32
215
79
165
99
3
67
71
209
107
129
42
130
32
143
60
65
162
27
8
235
240
114
28
48
161
213
86
181
110
153
174
8
5
240
29
88
73
16
243
51
181
24
112
96
202
67
10
130
2
203
138
130
6
34
49
6
65
146
242
32
1
12
19
184
132
193
5
11
67
2
83
24
38
36
68
144
71
23
179
81
1
113
196
110
2
101
53
72
3
201
12
247
203
84
196
8
148
183
97
154
139
83
79
150
165
64
57
20
74
70
39
194
149
224
132
24
131
38
234
1
6
152
231
179
54
48
11
64
230
91
165
82
3
82
2
162
77
128
184
162
18
99
48
71
170
218
56
195
84
64
8
16
138
208
84
193
111
25
172
24
3
240
24
156
89
16
115
51
181
88
82
42
232
133
204
78
137
200
217
182
192
56
223
46
202
146
101
238
169
9
93
61
103
76
5
170
120
47
223
25
38
213
11
51
51
215
36
93
219
82
121
237
180
114
92
56
47
213
30
244
49
153
172
24
5
217
29
156
73
16
240
51
189
92
87
32
250
199
205
138
31
195
66
24
134
34
161
45
174
146
230
39
58
109
3
32
215
79
135
103
3
66
71
240
106
129
42
130
34
159
60
65
170
26
8
234
116
114
24
60
43
213
92
181
46
153
174
24
5
240
25
88
203
16
243
49
53
24
113
34
202
194
205
138
31
193
74
84
135
10
161
45
142
162
231
78
186
109
3
48
215
79
133
99
3
83
71
241
107
131
42
130
32
151
52
65
250
26
8
234
116
114
28
56
171
213
94
181
110
153
174
24
5
240
29
24
203
24
243
49
57
24
113
34
202
6
33
128
130
27
75
128
6
2
0
46
119
48
70
170
112
105
19
32
144
193
53
195
67
2
69
80
105
2
74
150
65
151
36
85
178
48
88
235
84
96
21
36
35
133
20
245
111
145
172
25
5
182
9
24
75
18
114
50
49
8
89
32
74
6
33
128
130
27
74
128
6
2
0
10
119
48
70
170
112
105
18
32
144
193
37
195
67
2
65
80
73
2
138
130
65
151
36
85
178
48
88
107
84
96
21
36
35
5
20
245
111
145
172
9
4
182
9
24
65
2
114
18
177
8
81
32
74
133
134
2
1
200
196
162
193
0
195
0
78
130
65
130
33
8
73
37
71
192
5
26
80
22
218
25
39
192
10
35
18
199
36
93
154
80
56
109
20
80
64
56
143
209
28
240
49
25
172
24
5
209
28
156
73
16
240
51
189
72
87
32
250
3
4
0
131
201
128
128
9
6
99
0
70
162
75
128
21
98
22
4
2
202
44
138
105
70
130
34
11
146
9
1
79
39
166
28
26
0
224
7
134
1
64
8
200
0
16
201
147
65
36
16
0
36
0
140
107
16
48
32
24
8
21
32
185
196
10
0
129
201
9
4
192
8
33
42
67
146
198
234
1
73
25
37
64
72
132
10
64
2
93
25
34
128
10
19
16
82
32
85
186
16
64
109
4
96
20
20
35
69
4
244
193
24
172
24
4
211
29
140
9
0
96
19
181
72
87
32
104
6
43
130
131
9
200
128
134
14
128
46
119
144
86
203
176
105
3
32
146
197
37
199
67
3
69
16
109
2
138
130
67
183
36
85
178
81
90
235
84
224
20
32
35
133
22
245
111
153
172
25
1
180
13
152
73
18
114
50
181
88
85
32
74
129
6
0
0
0
0
4
1
32
66
43
2
16
36
32
3
5
8
5
224
64
128
16
128
80
4
137
64
128
4
49
16
112
48
80
40
1
96
0
192
36
0
24
11
68
84
198
76
25
8
16
4
66
25
0
8
19
65
1
180
64
82
0
40
1
2
101
128
137
44
35
120
164
20
202
69
77
125
216
165
226
100
199
96
240
98
136
116
76
168
4
0
188
0
105
205
116
100
82
152
0
34
9
140
205
84
24
134
64
98
228
68
136
52
217
0
112
29
143
9
40
112
3
172
64
6
36
120
67
9
128
34
203
138
4
2
42
1
2
69
158
237
36
24
76
19
61
180
198
77
139
99
34
214
27
38
186
2
144
69
23
231
88
17
33
68
127
10
69
177
76
73
73
28
127
131
69
80
16
148
167
96
138
171
91
28
162
161
0
57
145
74
5
4
132
0
201
0
4
2
32
0
36
67
136
97
2
1
64
41
161
160
192
5
26
97
66
8
25
34
184
0
1
68
151
34
17
176
1
0
45
4
101
32
24
131
68
80
117
193
16
36
24
0
209
24
8
8
26
0
35
180
0
71
36
72
69
2
128
0
201
128
34
0
0
32
2
7
128
198
131
1
72
9
129
64
73
133
10
64
2
24
24
0
128
8
3
0
71
32
81
162
17
0
5
4
64
16
16
2
65
64
160
193
24
44
24
4
209
24
8
1
16
32
19
181
8
23
32
104
69
202
147
25
136
200
32
116
8
160
0
141
192
129
143
170
10
72
161
8
140
9
78
137
73
1
12
38
1
1
1
78
245
147
113
40
16
138
111
34
163
54
32
134
63
154
41
179
16
64
105
240
149
217
1
2
5
136
2
224
64
68
71
231
3
196
12
8
5
92
5
0
32
70
41
64
8
45
36
5
141
108
5
224
64
66
48
32
68
149
1
104
49
6
1
1
208
112
208
136
66
32
8
8
36
138
56
169
212
80
244
76
17
168
16
4
96
25
132
9
24
130
35
188
80
215
32
186
7
33
128
2
27
66
0
6
2
0
2
54
176
70
163
112
104
19
0
144
193
53
67
67
2
0
80
77
2
106
130
65
159
48
85
162
48
88
75
84
32
17
12
1
5
20
165
111
144
46
9
4
182
0
88
67
2
19
22
177
8
81
32
74
131
6
0
128
0
4
4
1
32
70
43
66
0
33
96
7
133
104
5
225
64
128
48
32
80
21
137
64
128
4
49
81
112
48
82
40
64
96
0
192
100
2
56
143
208
82
214
76
24
136
16
4
66
29
133
9
16
80
1
180
64
82
0
168
199
13
136
22
193
74
20
7
10
33
15
98
178
198
38
27
109
35
32
149
79
167
115
3
19
87
209
111
128
40
130
32
143
60
65
170
10
8
235
116
112
156
56
41
213
92
181
111
145
174
24
5
240
29
88
195
16
243
49
53
24
113
32
202
4
0
129
0
0
136
0
68
2
32
2
4
0
0
137
2
98
0
1
64
128
0
74
1
12
136
36
12
0
8
1
64
101
36
68
186
0
42
1
68
128
64
20
10
64
66
0
70
16
36
24
0
32
24
21
1
0
34
3
176
8
6
32
96
129
6
4
32
201
160
36
66
32
1
32
67
138
121
4
1
0
41
165
96
192
14
24
99
66
154
1
38
184
0
1
69
151
99
16
16
33
0
37
132
69
160
24
131
72
81
126
195
0
52
24
0
65
0
138
8
26
128
35
132
0
87
36
72
199
33
128
22
69
2
4
14
34
1
33
98
162
195
6
27
104
35
32
149
67
167
99
67
66
19
209
111
128
40
128
0
159
60
64
166
8
8
35
76
96
10
56
9
209
80
181
78
16
166
8
0
112
24
88
131
58
51
23
181
56
113
160
74
40
1
77
154
18
5
13
126
196
70
121
16
81
168
181
66
210
84
65
96
2
240
196
38
12
128
164
8
19
136
56
201
112
4
150
186
0
96
1
64
54
66
20
8
86
148
64
76
18
44
16
4
34
24
149
25
136
162
41
152
88
70
34
177
131
133
128
22
69
138
0
10
2
1
5
227
162
202
38
25
110
51
36
149
195
47
99
71
2
146
113
47
18
8
128
96
151
47
52
154
2
8
107
244
193
216
60
75
137
92
177
239
209
164
24
4
240
8
152
67
16
50
50
189
24
85
32
203
4
34
129
0
0
128
34
69
0
34
2
0
192
0
129
2
66
9
1
64
136
33
74
193
12
136
8
44
0
12
33
0
69
4
68
186
0
40
37
68
160
64
48
131
65
20
17
71
24
36
24
0
96
24
29
8
0
98
19
176
8
71
32
99
7
37
128
26
17
130
0
15
2
2
1
162
160
131
134
19
8
35
32
149
3
39
82
195
144
18
208
109
0
56
128
0
143
24
195
166
9
8
107
72
32
8
52
129
145
112
177
111
18
174
136
10
176
9
88
147
42
51
22
177
56
241
236
75
7
51
128
2
21
2
4
2
2
2
0
98
32
66
164
81
72
35
32
148
193
37
81
67
134
145
81
109
2
44
192
64
6
24
214
134
40
8
43
68
96
0
36
73
149
80
181
79
80
182
8
4
34
0
120
3
34
19
22
181
8
241
100
74
14
35
128
146
22
145
4
3
6
162
43
50
144
130
187
67
17
27
96
147
141
181
67
195
129
85
149
233
0
236
150
128
143
24
199
162
25
88
233
85
96
29
52
33
181
116
183
111
154
174
136
7
178
29
88
80
6
51
19
181
41
115
108
74
131
70
32
128
4
20
4
1
32
70
41
64
8
41
52
5
133
104
5
225
0
192
48
32
84
133
133
104
145
20
49
81
224
48
82
136
66
32
32
192
102
10
56
141
208
80
212
76
16
168
16
0
96
25
132
9
144
210
33
148
80
82
40
185
11
128
12
136
167
89
16
16
60
84
30
4
28
60
125
165
196
220
1
224
64
80
128
112
45
148
8
64
252
70
31
41
212
96
81
136
66
98
136
16
144
149
28
14
84
134
228
76
145
37
22
4
184
29
143
9
16
194
43
188
64
15
38
240
156
32
1
164
216
99
32
230
16
120
82
21
81
196
155
224
34
92
129
96
64
136
172
24
14
136
136
129
200
65
55
207
113
161
117
240
53
242
1
148
193
69
215
18
104
135
234
72
9
36
95
148
211
30
156
9
198
96
47
248
76
6
32
244
149
23
16
102
181
160
57
88
0
17
111
115
162
91
192
49
98
205
133
77
104
44
160
112
44
138
160
139
214
32
32
61
50
37
52
154
65
123
1
213
211
194
27
22
232
3
202
15
8
53
17
37
104
158
143
97
16
242
51
140
72
22
38
185
193
142
142
9
200
153
130
128
56
191
42
202
146
185
107
168
4
41
184
134
77
213
75
192
67
97
25
102
140
6
131
19
255
17
65
97
17
139
236
40
246
60
40
53
21
122
59
177
189
200
40
53
149
237
89
162
119
205
148
36
196
241
80
75
4
6
17
9
136
208
162
101
8
171
42
12
192
5
137
34
2
73
129
64
136
1
74
201
73
0
8
166
0
7
33
70
117
144
81
40
17
168
44
2
32
0
40
164
54
148
58
49
26
72
40
51
181
221
24
40
6
74
147
164
64
66
97
102
193
207
134
26
192
154
4
2
42
1
37
74
146
241
68
8
4
3
60
164
78
197
1
195
194
86
137
108
160
4
128
16
154
19
64
129
8
12
134
136
134
58
24
1
185
90
208
142
81
137
1
246
17
73
73
139
123
79
16
53
0
112
83
73
0
42
17
1
136
200
160
100
72
176
74
5
192
53
201
162
75
8
193
64
205
0
79
152
201
12
12
130
0
134
163
86
125
128
65
40
21
130
173
2
172
20
0
38
100
166
42
225
152
72
105
114
182
29
9
8
6
104
131
164
72
66
97
100
64
34
17
9
136
144
38
97
72
162
106
8
192
37
153
2
3
9
129
64
136
0
75
137
217
68
140
166
0
132
33
70
113
128
65
40
17
138
37
10
44
20
32
166
102
226
14
49
26
72
40
50
21
29
9
40
6
106
131
160
72
66
97
102
0
34
17
9
136
200
38
97
72
160
42
1
192
53
201
162
75
8
225
64
201
0
75
200
193
93
13
166
0
134
129
86
89
128
65
32
17
136
45
2
44
20
32
167
100
227
62
161
56
72
41
114
149
29
9
8
6
104
135
160
0
67
97
70
135
23
80
38
21
160
41
90
0
1
129
115
162
11
132
17
98
101
5
85
162
46
160
115
4
138
224
15
18
40
32
13
18
37
52
154
0
56
1
213
195
194
24
139
232
1
200
79
0
54
16
0
96
26
143
1
0
178
51
156
8
86
38
25
69
134
0
9
200
216
166
213
40
251
10
142
192
5
79
163
9
73
137
201
204
33
74
216
65
68
24
166
1
7
35
6
213
144
209
33
17
171
236
34
96
60
104
172
87
158
111
49
24
72
56
37
213
221
153
170
22
203
147
180
64
83
98
102
18
17
24
246
33
144
92
11
2
138
1
128
16
66
4
18
38
146
0
79
2
32
192
11
12
146
226
73
18
40
164
40
66
20
28
171
66
108
194
81
0
202
49
105
178
20
133
94
147
170
16
5
32
24
180
73
145
115
51
157
92
86
35
179
65
130
142
9
200
145
166
128
40
179
40
138
152
53
43
42
5
9
185
174
201
213
75
224
0
85
25
180
40
198
131
2
223
81
65
33
17
137
108
40
100
61
40
37
53
252
127
177
63
200
40
55
151
201
88
174
79
205
150
5
0
113
80
74
131
65
0
86
133
8
76
10
2
0
185
96
34
197
68
25
37
2
36
148
6
46
161
3
38
151
67
8
146
46
128
0
26
62
24
216
10
4
82
129
1
226
136
73
136
25
173
142
64
19
82
212
8
2
99
163
153
1
164
51
4
32
149
8
7
183
64
32
21
130
4
66
34
2
161
114
224
11
132
17
64
33
38
148
193
6
17
71
70
145
97
109
18
44
192
0
150
12
148
142
32
56
33
68
100
66
56
137
209
80
182
79
80
182
16
0
96
16
122
1
10
51
18
149
24
211
100
75
195
136
134
1
201
10
134
130
56
49
38
75
154
241
110
136
4
41
188
164
76
133
11
97
98
87
25
102
168
7
130
7
151
241
80
97
49
197
172
168
229
61
40
19
217
30
254
145
213
204
8
181
213
103
153
171
95
205
180
36
4
113
16
200
4
32
16
2
0
128
34
100
66
2
2
52
128
2
145
2
98
0
1
64
193
1
203
69
12
8
44
13
2
140
33
0
101
36
4
186
0
42
5
68
128
64
20
10
64
0
0
70
24
44
24
0
48
24
28
65
0
34
3
176
8
6
32
96
135
149
128
6
21
130
80
10
2
1
5
243
162
139
132
27
104
35
52
149
3
15
227
71
34
147
249
47
18
40
128
33
150
45
52
154
2
24
107
212
81
200
56
11
137
88
181
239
209
166
24
4
224
24
184
67
16
50
50
189
24
85
32
203
18
17
24
182
1
0
88
2
2
138
1
128
0
194
1
19
38
82
0
71
2
40
193
11
4
146
226
73
18
40
160
32
66
20
156
171
2
108
194
65
32
74
53
72
178
20
129
94
17
170
16
5
32
24
116
65
145
51
51
187
28
114
161
163
22
16
17
160
8
0
8
7
2
42
3
4
0
0
3
18
116
130
0
0
192
128
196
0
140
128
232
73
2
40
161
104
101
36
20
174
32
34
1
192
128
64
20
8
64
6
128
76
145
36
88
0
32
24
21
65
128
50
11
176
8
6
34
97
195
136
130
34
201
138
128
2
8
1
38
67
130
193
68
9
68
1
61
148
197
13
11
65
38
87
25
38
134
7
130
68
23
163
88
17
34
4
111
130
97
180
40
73
73
8
127
195
69
80
24
148
133
96
138
171
83
77
166
37
0
49
144
72
199
12
130
1
201
202
130
3
40
65
2
71
130
229
2
33
12
41
176
148
201
69
27
65
18
80
24
102
168
38
130
2
29
145
65
33
57
128
44
0
68
20
12
129
201
88
254
129
80
202
8
62
149
97
88
171
95
13
150
32
0
113
84
72
193
204
142
9
201
146
150
131
58
1
44
202
138
241
6
40
4
43
188
180
89
199
19
225
114
119
25
118
169
6
130
0
159
89
1
97
27
13
108
168
118
158
56
165
221
120
254
165
113
202
9
185
213
105
88
171
127
221
54
52
48
241
90
73
201
2
17
37
217
40
45
200
24
56
234
19
64
133
201
163
34
76
133
0
232
128
140
24
14
140
137
131
218
97
33
223
112
161
116
48
53
246
1
228
203
70
26
18
104
131
202
209
104
37
124
52
205
158
143
41
134
232
167
156
78
6
32
52
67
1
138
26
65
66
76
14
2
2
9
4
2
198
7
59
13
2
32
150
2
141
100
3
6
195
242
77
131
40
130
64
2
150
1
139
32
4
70
66
34
42
4
73
29
92
165
142
81
170
18
212
1
64
112
163
145
35
32
51
20
112
211
64
67
5
130
58
1
2
76
14
2
2
1
128
34
192
6
27
13
2
32
214
2
173
97
3
6
131
226
77
3
40
128
0
6
54
16
139
32
4
66
64
32
106
180
73
30
92
133
206
81
170
16
84
32
0
116
162
145
35
32
51
4
112
147
67
195
8
134
3
201
138
134
130
40
1
46
75
154
225
34
41
4
33
188
180
72
197
11
97
2
71
25
54
168
38
130
7
151
241
81
1
48
196
238
138
101
53
12
1
205
92
255
129
85
196
8
180
213
99
24
171
123
13
148
33
0
113
16
72
3
194
0
8
142
25
0
0
32
0
2
4
16
20
109
161
196
88
1
224
64
32
0
112
72
8
0
64
148
6
25
1
244
48
81
136
66
98
136
128
146
20
24
14
80
150
226
76
153
45
16
4
242
29
139
9
16
194
51
180
64
86
34
249
3
204
130
199
217
200
208
11
26
89
6
127
162
82
204
61
98
215
60
3
198
12
138
107
39
146
3
39
22
43
3
127
151
167
125
146
98
223
239
182
193
244
8
75
137
6
121
179
193
53
80
52
173
130
174
171
16
82
178
47
64
13
49
187
18
2
9
163
172
176
186
0
88
58
82
85
136
17
73
48
102
198
1
96
192
32
138
120
44
136
32
3
222
33
49
127
117
164
28
48
119
243
33
242
210
70
10
12
80
134
192
81
155
45
28
5
252
21
143
105
16
242
59
156
88
22
34
181
129
153
158
84
33
59
112
122
48
144
167
195
2
217
36
43
38
220
165
111
70
12
192
115
35
10
128
88
116
0
0
97
222
48
48
184
83
90
208
241
210
191
58
39
248
7
229
238
153
162
57
21
248
29
155
73
17
242
51
159
88
20
7
219
195
205
238
213
161
68
219
196
60
229
53
219
139
249
150
142
11
117
60
111
14
173
230
48
45
251
147
51
247
9
50
63
247
103
52
219
82
125
255
190
211
250
184
255
155
24
89
176
89
136
126
181
217
254
180
110
209
252
97
95
92
85
19
251
197
205
231
221
161
68
219
237
45
197
53
219
139
185
214
174
11
85
60
111
14
169
230
48
61
223
155
51
245
11
18
31
242
103
52
219
82
125
255
182
211
122
169
255
187
28
121
176
77
137
118
181
217
254
164
174
209
252
32
93
93
85
19
187
